2013/09/02-13:29:44	1	1,500	350	2	0	0	0	0	0	1	1	0	0	1	11
2013/09/02-13:31:05	1	1,500	350	1	0	1	0	1	0	0	1	0	0	1	3
2013/09/02-13:31:27	1	1,500	350	2	0	0	0	0	0	0	1	1	0	0	14
2013/09/02-13:32:00	1	1,500	350	0	0	1	0	0	0	0	1	0	0	1	4
2013/09/02-13:33:14	1	1,500	350	0	0	1	0	0	0	0	1	0	0	1	6
2013/09/02-14:02:28	1	1,500	350	4	0	0	1	0	0	1	1	0	0	1	14
2013/09/02-14:03:02	1	1,500	350	0	0	1	0	0	0	0	1	0	0	1	6
2013/09/02-14:03:32	1	1,500	350	1	0	0	0	0	0	1	1	0	0	1	4
2013/09/02-14:04:01	1	1,500	350	0	0	1	0	0	0	0	1	0	0	1	6
2013/09/02-14:04:25	1	1,500	350	1	0	1	0	1	0	0	1	0	0	1	3
2013/09/02-14:15:41	80	1,410.633	263.837	0	0	1	0	0	0	0	1	0	0	1	6
2013/09/02-14:16:06	80	1,410.633	263.837	1	0	0	0	1	0	1	1	0	0	1	3
2013/09/02-14:16:31	80	1,410.633	263.837	1	0	0	0	1	0	1	1	0	0	1	3
2013/09/02-14:16:56	80	1,410.633	263.837	4	0	0	0	2	0	0	1	1	0	0	14
2013/09/02-14:17:28	80	1,410.633	263.837	0	0	1	0	0	0	0	1	0	0	1	6
2013/09/02-17:43:28	80	911.188	224.319	1	0	0	0	1	0	1	1	0	0	1	4
2013/09/02-17:43:53	80	911.188	224.319	0	0	1	0	0	0	0	1	0	0	1	3
2013/09/02-17:44:18	79	823.634	200.656	0	0	1	0	0	0	0	1	0	0	1	7
2013/09/02-17:45:13	79	823.634	200.656	1	0	1	0	0	0	0	1	0	0	1	3
2013/09/02-17:45:42	79	823.634	200.656	1	0	1	0	1	0	0	1	0	0	1	3
2013/09/02-17:52:21	79	823.634	200.656	2	0	0	10	0	0	0	1	1	0	0	12
2013/09/02-17:52:53	79	823.634	200.656	0	0	1	0	0	0	0	1	0	0	1	6
2013/09/02-17:53:18	79	823.634	200.656	1	0	0	0	2	0	1	1	0	0	1	3
2013/09/02-17:53:40	79	823.634	200.656	2	0	0	0	1	0	0	1	1	0	0	6
2013/09/02-17:54:04	79	823.634	200.656	0	0	0	0	0	0	0	1	1	0	0	6
2013/09/02-18:05:03	79	823.634	200.656	1	0	0	0	1	0	1	1	0	0	1	3
2013/09/02-18:05:29	79	823.634	200.656	4	0	0	0	0	0	0	1	1	0	0	6
2013/09/02-18:05:54	66	1,333.31	162.294	0	0	1	0	0	0	0	1	0	0	1	6
2013/09/02-18:06:28	66	1,333.31	162.294	4	0	0	0	3	0	0	1	1	0	0	15
2013/09/02-18:07:01	66	1,333.31	162.294	2	0	0	0	2	0	1	1	0	0	1	6
2013/09/02-23:06:09	62	1,290.984	146.806	1	0	0	0	0	0	1	1	0	0	1	3
2013/09/02-23:07:17	62	1,290.984	146.806	0	0	1	0	0	0	0	1	0	0	1	6
2013/09/02-23:08:03	62	1,290.984	146.806	1	0	0	0	2	0	1	1	0	0	1	3
2013/09/02-23:08:26	62	1,290.984	146.806	2	0	1	0	1	0	0	1	0	0	1	10
2013/09/02-23:09:01	62	1,290.984	146.806	1	0	0	0	0	0	1	1	0	0	1	3
2013/09/02-23:24:48	62	1,290.984	146.806	1	0	1	0	1	0	0	1	0	0	1	3
2013/09/02-23:25:22	62	1,290.984	146.806	1	0	0	0	1	0	1	1	1	0	0	4
2013/09/02-23:25:45	62	1,290.984	146.806	1	0	0	0	0	0	1	1	0	0	1	4
2013/09/02-23:27:26	62	1,290.984	146.806	0	0	1	0	0	0	0	1	0	0	1	11
2013/09/02-23:27:57	62	1,290.984	146.806	2	0	0	0	2	0	1	1	1	0	0	6
2013/09/02-23:36:30	62	1,290.984	146.806	1	0	0	4	1	0	0	1	1	0	0	7
2013/09/02-23:36:57	62	1,290.984	146.806	1	0	0	0	0	0	1	1	0	0	1	3
2013/09/02-23:37:35	62	1,290.984	146.806	0	0	1	0	0	0	0	1	0	0	1	6
2013/09/02-23:38:54	62	1,290.984	146.806	4	0	0	0	2	0	0	1	1	0	0	12
2013/09/02-23:39:25	62	1,290.984	146.806	0	0	1	0	0	0	0	1	0	0	1	7
2013/09/03-15:14:01	62	1,272.103	120.029	0	0	1	0	0	0	0	1	0	0	1	3
2013/09/03-15:14:23	62	1,272.103	120.029	2	0	0	0	1	0	1	1	0	0	1	6
2013/09/03-15:14:49	62	1,272.103	120.029	0	0	1	0	0	0	0	1	0	0	1	6
2013/09/03-15:15:16	62	1,272.103	120.029	0	0	1	0	0	0	0	1	0	0	1	7
2013/09/03-15:15:44	62	1,272.103	120.029	2	0	0	0	0	0	1	1	0	0	1	8
2013/09/03-15:30:59	62	1,280.795	106.589	0	0	1	0	0	0	0	1	0	0	1	7
2013/09/03-15:31:26	62	1,280.795	106.589	0	0	1	0	0	0	0	1	0	0	1	6
2013/09/03-15:32:45	62	1,280.795	106.589	0	0	1	0	0	0	0	1	0	0	1	6
2013/09/03-15:34:03	62	1,280.795	106.589	5	0	1	1	0	0	0	1	0	0	1	19
2013/09/03-15:34:42	62	1,280.795	106.589	1	0	1	0	0	0	0	1	0	0	1	3
2013/09/03-15:41:26	62	1,280.795	106.589	1	0	0	0	0	0	1	1	0	0	1	4
2013/09/03-15:41:55	62	1,280.795	106.589	0	0	1	0	0	0	0	1	0	0	1	6
2013/09/03-15:42:21	62	1,280.795	106.589	1	0	1	0	0	0	0	1	0	0	1	7
2013/09/03-15:42:49	62	1,280.795	106.589	0	0	1	0	0	0	0	1	0	0	1	6
2013/09/03-15:43:17	62	1,280.795	106.589	1	0	0	0	1	0	0	1	1	0	0	5
2013/09/03-15:57:08	66	1,206.181	90.207	1	0	0	0	0	0	1	1	0	0	1	4
2013/09/03-15:57:33	66	1,206.181	90.207	0	0	1	0	0	0	0	1	0	0	1	6
2013/09/03-15:57:58	66	1,206.181	90.207	1	0	0	0	0	0	1	1	0	0	1	3
2013/09/03-15:58:23	66	1,206.181	90.207	0	0	1	0	0	0	0	1	0	0	1	11
2013/09/03-15:58:52	66	1,206.181	90.207	1	0	0	0	0	0	1	1	0	0	1	3
2013/09/03-16:03:54	66	1,206.181	90.207	1	0	0	0	1	0	1	1	0	0	1	3
2013/09/03-16:04:19	66	1,206.181	90.207	1	0	0	0	0	0	1	1	0	0	1	7
2013/09/03-16:04:45	66	1,206.181	90.207	0	0	0	0	0	0	0	1	1	0	0	6
2013/09/03-16:05:10	66	1,206.181	90.207	0	0	1	0	0	0	0	1	0	0	1	6
2013/09/03-16:05:35	66	1,206.181	90.207	0	0	1	0	0	0	0	1	0	0	1	6
2013/09/03-16:15:52	69	1,089.277	80.181	1	0	0	0	1	0	0	1	1	0	0	6
2013/09/03-16:16:17	69	1,089.277	80.181	1	0	0	0	0	0	1	1	0	0	1	4
2013/09/03-16:16:42	69	1,089.277	80.181	1	0	1	0	1	0	0	1	0	0	1	6
2013/09/03-16:17:07	69	1,089.277	80.181	1	0	0	0	0	0	1	1	0	0	1	3
2013/09/03-16:17:32	69	1,089.277	80.181	0	0	1	0	0	0	0	1	0	0	1	6
2013/09/03-20:44:03	70	1,073.386	79.291	0	0	1	0	0	0	0	1	0	0	1	6
2013/09/03-20:44:28	70	1,073.386	79.291	1	0	0	0	0	0	1	1	0	0	1	3
2013/09/03-20:44:53	70	1,073.386	79.291	2	0	0	0	3	0	0	1	1	0	0	6
2013/09/03-20:45:18	70	1,073.386	79.291	0	0	1	0	0	0	0	1	0	0	1	7
2013/09/03-20:45:43	70	1,073.386	79.291	1	0	0	0	1	0	1	1	0	0	1	4
2013/09/03-20:53:28	71	1,050.955	73.465	2	0	1	0	2	0	0	1	0	0	1	17
2013/09/03-20:54:05	71	1,050.955	73.465	0	0	1	0	0	0	0	1	0	0	1	6
2013/09/03-20:54:29	71	1,050.955	73.465	0	0	0	0	0	0	0	1	1	0	0	6
2013/09/03-20:54:54	71	1,050.955	73.465	1	0	0	0	0	0	1	1	0	0	1	3
2013/09/03-20:55:19	71	1,050.955	73.465	0	0	1	0	0	0	0	1	1	0	0	6
2013/09/03-21:06:40	71	1,050.955	73.465	0	0	0	0	0	0	0	1	1	0	0	6
2013/09/03-21:07:05	71	1,050.955	73.465	1	0	1	0	1	0	0	1	0	0	1	6
2013/09/03-21:07:30	71	1,050.955	73.465	1	0	0	0	2	0	0	1	1	0	0	6
2013/09/03-21:07:54	70	1,068.432	66.553	1	0	0	0	0	0	1	1	0	0	1	4
2013/09/03-21:08:23	70	1,068.432	66.553	1	0	0	0	0	0	1	1	0	0	1	4
2013/09/03-21:16:02	70	1,068.432	66.553	3	0	1	0	0	0	0	1	0	0	1	13
2013/09/03-21:16:34	70	1,068.432	66.553	0	0	0	0	0	0	0	1	1	0	0	6
2013/09/03-21:16:58	70	1,068.432	66.553	1	0	0	0	0	0	1	1	0	0	1	3
2013/09/03-21:17:23	70	1,068.432	66.553	0	0	1	0	0	0	0	1	0	0	1	7
2013/09/03-21:17:48	70	1,068.432	66.553	1	0	0	0	0	0	1	1	0	0	1	6
2013/09/03-21:26:48	70	1,068.432	66.553	0	0	1	0	0	0	0	1	0	0	1	6
2013/09/03-21:27:16	70	1,068.432	66.553	0	0	1	0	0	0	0	1	0	0	1	6
2013/09/03-21:27:41	70	1,068.432	66.553	1	0	1	0	1	0	0	1	0	0	1	9
2013/09/03-21:28:09	70	1,068.432	66.553	1	0	1	0	1	0	0	1	0	0	1	9
2013/09/03-21:28:37	71	1,042.627	62.248	0	0	1	0	0	0	0	1	0	0	1	3
2013/09/03-21:35:41	71	1,042.627	62.248	0	0	0	0	0	0	0	1	1	0	0	6
2013/09/03-21:36:06	71	1,042.627	62.248	1	0	1	0	1	0	0	1	1	0	0	6
2013/09/03-21:36:31	71	1,042.627	62.248	2	0	0	0	2	0	0	1	1	0	0	6
2013/09/03-21:36:57	71	1,042.627	62.248	0	0	0	0	0	0	0	1	1	0	0	6
2013/09/03-21:37:22	71	1,042.627	62.248	1	0	0	0	1	0	0	1	1	0	0	6
2013/09/04-16:12:54	70	1,060.599	64.696	1	0	0	0	0	0	1	1	0	0	1	4
2013/09/04-16:13:19	70	1,060.599	64.696	2	0	0	0	3	0	1	1	1	0	0	7
2013/09/04-16:13:46	70	1,060.599	64.696	0	0	1	0	0	0	0	1	0	0	1	6
2013/09/04-16:14:11	70	1,060.599	64.696	1	0	0	0	1	0	1	1	0	0	1	3
2013/09/04-16:14:35	70	1,060.599	64.696	0	0	0	0	0	0	0	1	1	0	0	6
2013/09/04-16:30:07	70	1,055.237	61.268	0	0	1	0	0	0	0	1	0	0	1	6
2013/09/04-16:30:33	70	1,055.237	61.268	1	0	0	0	0	0	1	1	0	0	1	4
2013/09/04-16:30:56	70	1,055.237	61.268	1	0	1	0	1	0	0	1	0	0	1	3
2013/09/04-16:31:18	70	1,055.237	61.268	1	0	0	0	0	0	1	1	0	0	1	4
2013/09/04-16:31:45	70	1,055.237	61.268	0	0	1	0	0	0	0	1	0	0	1	6
2013/09/04-16:37:52	70	1,055.237	61.268	0	0	0	0	0	0	0	1	1	0	0	6
2013/09/04-16:38:17	70	1,055.237	61.268	0	0	1	0	0	0	0	1	0	0	1	6
2013/09/04-16:38:42	70	1,055.237	61.268	2	0	0	0	1	0	0	1	1	0	0	6
2013/09/04-16:39:07	70	1,055.237	61.268	1	0	0	0	0	0	1	1	0	0	1	4
2013/09/04-16:39:32	70	1,055.237	61.268	2	0	0	0	0	0	0	1	1	0	0	6
2013/09/04-21:29:20	70	1,046.596	62.6	0	0	1	0	0	0	0	1	1	0	0	6
2013/09/04-21:29:48	70	1,046.596	62.6	1	0	0	0	0	0	1	1	0	0	1	4
2013/09/04-21:30:14	70	1,046.596	62.6	1	0	0	0	0	0	1	1	0	0	1	4
2013/09/04-21:30:40	70	1,046.596	62.6	0	0	1	0	0	0	0	1	0	0	1	6
2013/09/04-21:31:06	70	1,033.281	59.965	1	0	1	0	1	0	0	1	0	0	1	3
2013/09/04-23:03:28	70	1,033.281	59.965	0	0	1	0	0	0	0	1	0	0	1	6
2013/09/04-23:03:53	70	1,033.281	59.965	0	0	0	0	0	0	0	1	1	0	0	6
2013/09/04-23:04:18	70	1,033.281	59.965	1	0	0	0	0	0	1	1	0	0	1	5
2013/09/04-23:04:42	70	1,033.281	59.965	1	0	0	0	2	0	0	1	1	0	0	6
2013/09/04-23:05:07	70	1,033.281	59.965	1	0	0	0	1	0	1	1	0	0	1	3
2013/09/04-23:13:48	72	1,016.193	56.561	1	0	0	0	0	0	1	1	0	0	1	3
2013/09/04-23:14:13	72	1,016.193	56.561	1	0	0	0	0	0	1	1	0	0	1	5
2013/09/04-23:14:38	72	1,016.193	56.561	1	0	0	0	1	0	0	1	1	0	0	6
2013/09/04-23:15:03	72	1,016.193	56.561	0	0	1	0	0	0	0	1	0	0	1	6
2013/09/04-23:15:28	72	1,016.193	56.561	1	0	0	0	1	0	1	1	0	0	1	4
2013/09/05-03:36:44	75	990.953	60.862	0	0	1	0	0	0	0	1	0	0	1	6
2013/09/05-03:37:09	75	990.953	60.862	2	0	0	0	0	0	1	1	0	0	1	6
2013/09/05-03:38:28	75	990.953	60.862	2	0	0	0	3	0	0	1	1	0	0	6
2013/09/05-03:38:52	75	990.953	60.862	0	0	0	0	0	0	0	1	1	0	0	6
2013/09/05-03:39:17	75	990.953	60.862	1	0	0	0	0	0	1	1	0	0	1	3
2013/09/05-03:50:08	74	987.824	57.907	1	0	0	0	1	0	1	1	0	0	1	3
2013/09/05-03:50:30	74	987.824	57.907	0	0	1	0	0	0	0	1	0	0	1	6
2013/09/05-03:51:00	74	987.824	57.907	1	0	0	0	1	0	1	1	0	0	1	3
2013/09/05-03:51:25	74	987.824	57.907	0	0	1	0	0	0	0	1	0	0	1	9
2013/09/05-03:51:53	74	987.824	57.907	3	0	0	0	0	0	1	1	0	0	1	7
2013/09/05-03:56:50	74	987.824	57.907	0	0	1	0	0	0	0	1	0	0	1	8
2013/09/05-03:57:17	74	987.824	57.907	1	0	0	0	0	0	1	1	0	0	1	4
2013/09/05-03:57:42	74	987.824	57.907	0	0	1	0	0	0	0	1	0	0	1	6
2013/09/05-03:58:07	74	987.824	57.907	1	0	0	0	1	0	1	1	0	0	1	3
2013/09/05-03:58:32	74	990.426	53.805	2	0	0	0	3	0	0	1	1	0	0	6
2013/09/05-04:08:22	74	990.426	53.805	0	0	1	0	0	0	0	1	0	0	1	7
2013/09/05-04:08:47	74	990.426	53.805	0	0	1	0	0	0	0	1	0	0	1	6
2013/09/05-04:09:12	74	990.426	53.805	1	0	1	0	1	0	0	1	0	0	1	6
2013/09/05-04:09:37	74	990.426	53.805	9	0	1	0	0	0	0	1	0	0	1	21
2013/09/05-04:10:17	74	990.426	53.805	1	0	1	0	0	0	0	1	0	0	1	3
2013/09/05-04:23:06	74	990.426	53.805	0	0	1	0	0	0	0	1	0	0	1	6
2013/09/05-04:23:35	74	990.426	53.805	1	0	1	1	0	0	0	1	0	0	1	19
2013/09/05-04:24:54	74	990.426	53.805	1	0	1	0	1	0	0	1	0	0	1	3
2013/09/05-04:25:20	74	990.426	53.805	1	0	1	0	0	0	0	1	0	0	1	6
2013/09/05-04:26:39	74	990.426	53.805	1	0	1	0	0	0	0	1	0	0	1	4
2013/09/05-04:31:21	73	1,009.975	51.425	1	0	1	0	1	0	0	1	0	0	1	4
2013/09/05-04:31:44	73	1,009.975	51.425	0	0	1	0	0	0	0	1	0	0	1	6
2013/09/05-04:32:09	73	1,009.975	51.425	1	0	0	0	1	0	1	1	1	0	0	3
2013/09/05-04:32:32	73	1,009.975	51.425	1	0	0	0	0	0	0	1	1	0	0	9
2013/09/05-04:32:59	73	1,009.975	51.425	1	0	1	0	0	0	0	1	0	0	1	11
2013/09/06-01:10:37	70	1,037.783	55.534	3	0	0	0	0	0	1	1	0	0	1	9
2013/09/06-01:11:05	70	1,037.783	55.534	0	0	1	0	0	0	0	1	0	0	1	6
2013/09/06-01:11:30	70	1,037.783	55.534	1	0	0	0	0	0	1	1	0	0	1	3
2013/09/06-01:11:54	70	1,037.783	55.534	1	0	0	0	0	0	1	1	0	0	1	3
2013/09/06-01:12:19	70	1,037.783	55.534	1	0	0	0	0	0	1	1	0	0	1	3
2013/09/06-01:19:34	71	1,020.618	53.221	1	0	0	0	0	0	0	1	1	0	0	6
2013/09/06-01:19:59	71	1,020.618	53.221	1	0	0	0	0	0	1	1	0	0	1	4
2013/09/06-01:20:24	71	1,020.618	53.221	1	0	0	0	0	0	1	1	0	0	1	3
2013/09/06-01:20:48	71	1,020.618	53.221	0	0	1	0	0	0	0	1	0	0	1	6
2013/09/06-01:21:13	71	1,020.618	53.221	3	0	0	0	0	0	0	1	1	0	0	6
2013/09/06-01:30:08	71	1,020.618	53.221	1	0	0	0	0	0	1	1	0	0	1	3
2013/09/06-01:30:33	71	1,020.618	53.221	3	0	0	0	0	0	0	1	1	0	0	6
2013/09/06-01:30:58	71	1,020.618	53.221	1	0	0	0	0	0	1	1	0	0	1	4
2013/09/06-01:31:22	71	1,020.618	53.221	3	0	0	0	0	0	0	1	1	0	0	6
2013/09/06-01:31:47	71	1,020.618	53.221	1	0	0	0	0	0	0	1	1	0	0	6
2013/09/09-08:00:15	73	1,020.127	67.359	0	0	1	0	0	0	0	1	0	0	1	6
2013/09/09-08:00:41	73	1,020.127	67.359	4	0	0	0	0	0	0	1	1	0	0	6
2013/09/09-08:01:06	73	1,020.127	67.359	0	0	1	0	0	0	0	1	0	0	1	6
2013/09/09-08:01:31	73	1,020.127	67.359	0	0	1	0	0	0	0	1	0	0	1	6
2013/09/09-08:01:56	73	1,020.127	67.359	4	0	0	0	0	0	1	1	0	0	1	8
2013/09/09-20:25:04	73	1,036.449	63.389	1	0	0	0	0	0	1	1	0	0	1	4
2013/09/09-20:25:37	73	1,036.449	63.389	1	0	0	0	0	0	1	1	0	0	1	3
2013/09/09-20:26:43	73	1,036.449	63.389	1	0	0	0	0	0	1	1	0	0	1	5
2013/09/09-20:28:02	73	1,036.449	63.389	6	0	0	0	0	0	1	1	0	0	1	14
2013/09/09-20:29:20	73	1,036.449	63.389	0	0	1	0	0	0	0	1	0	0	1	6
2013/09/09-20:35:32	77	986.853	59.836	1	0	0	0	0	0	1	1	0	0	1	3
2013/09/09-20:36:10	77	986.853	59.836	0	0	1	0	0	0	0	1	0	0	1	6
2013/09/09-20:36:52	77	986.853	59.836	0	0	1	0	0	0	0	1	0	0	1	6
2013/09/09-20:37:25	77	986.853	59.836	0	0	1	0	0	0	0	1	0	0	1	6
2013/09/09-20:37:53	77	986.853	59.836	1	0	0	0	0	0	1	1	0	0	1	4
2013/09/10-23:17:19	79	957.178	64.266	0	0	1	0	0	0	0	1	0	0	1	6
2013/09/10-23:17:56	79	957.178	64.266	1	0	0	0	0	0	1	1	0	0	1	3
2013/09/10-23:18:32	79	957.178	64.266	0	0	1	0	0	0	0	1	0	0	1	4
2013/09/10-23:19:21	79	957.178	64.266	1	0	0	0	0	0	1	1	0	0	1	4
2013/09/10-23:19:52	79	957.178	64.266	4	0	1	0	1	0	0	1	0	0	1	16
2013/09/10-23:22:44	80	942.474	60.958	0	0	1	0	0	0	0	1	0	0	1	6
2013/09/10-23:23:09	80	942.474	60.958	2	0	0	0	0	0	0	1	1	0	0	3
2013/09/10-23:40:09	80	942.474	60.958	1	0	0	0	0	0	1	1	0	0	1	3
2013/09/10-23:40:33	80	942.474	60.958	1	0	0	0	0	0	1	1	0	0	1	3
2013/09/10-23:40:58	80	942.474	60.958	1	0	0	0	0	0	1	1	0	0	1	4
2013/09/10-23:50:32	80	942.474	60.958	1	0	0	0	0	0	1	1	0	0	1	3
2013/09/10-23:50:57	80	942.474	60.958	0	0	1	0	0	0	0	1	0	0	1	6
2013/09/10-23:51:22	80	942.474	60.958	0	0	1	0	0	0	0	1	0	0	1	6
2013/09/10-23:51:47	80	942.474	60.958	5	0	0	0	0	0	0	1	1	0	0	9
2013/09/10-23:52:15	80	942.474	60.958	1	0	0	0	0	0	1	1	0	0	1	3
2013/09/11-00:08:10	82	916.917	55.724	1	0	0	0	0	0	1	1	0	0	1	4
2013/09/11-00:08:38	82	916.917	55.724	1	0	0	0	0	0	1	1	0	0	1	3
2013/09/11-00:09:25	82	916.917	55.724	1	0	0	0	0	0	1	1	0	0	1	4
2013/09/11-00:10:22	82	916.917	55.724	1	0	0	0	0	0	1	1	0	0	1	3
2013/09/11-00:10:45	82	916.917	55.724	0	0	1	0	0	0	0	1	0	0	1	6
2013/09/11-00:19:37	82	916.917	55.724	0	0	0	0	0	0	0	1	1	0	0	6
2013/09/11-00:20:01	82	916.917	55.724	1	0	0	0	0	0	1	1	0	0	1	3
2013/09/11-00:20:26	82	916.917	55.724	0	0	1	0	0	0	0	1	0	0	1	6
2013/09/11-00:20:51	82	916.917	55.724	1	0	0	0	0	0	0	1	1	0	0	6
2013/09/11-00:21:16	82	916.917	55.724	1	0	0	0	0	0	1	1	0	0	1	3
2013/09/11-00:34:59	82	916.917	55.724	1	0	0	0	0	0	1	1	0	0	1	3
2013/09/11-00:35:24	82	916.917	55.724	2	0	0	0	0	0	0	1	1	0	0	6
2013/09/11-00:35:49	82	916.917	55.724	1	0	0	0	0	0	1	1	0	0	1	3
2013/09/11-00:36:14	82	916.917	55.724	1	0	0	0	0	0	1	1	0	0	1	4
2013/09/11-00:36:39	82	916.917	55.724	0	0	1	0	0	0	0	1	0	0	1	6
2013/09/11-16:29:10	84	882.199	59.975	3	0	0	0	0	0	1	1	0	0	1	7
2013/09/11-16:29:38	84	882.199	59.975	0	0	1	0	0	0	0	1	0	0	1	6
2013/09/11-16:30:02	84	882.199	59.975	3	0	0	0	0	0	1	1	0	0	1	9
2013/09/11-16:30:31	84	887.341	59.74	0	0	1	0	0	0	0	1	0	0	1	6
2013/09/11-16:30:57	84	887.341	59.74	2	0	0	0	0	0	1	1	0	0	1	4
2013/09/11-16:33:54	84	887.341	59.74	4	0	0	0	0	0	0	1	1	0	0	6
2013/09/11-16:34:19	84	887.341	59.74	0	0	0	0	0	0	0	1	1	0	0	6
2013/09/11-16:34:44	84	887.341	59.74	0	0	1	0	0	0	0	1	0	0	1	6
2013/09/11-16:35:09	84	887.341	59.74	0	0	0	0	0	0	0	1	1	0	0	6
2013/09/11-16:35:33	84	887.341	59.74	0	0	1	0	0	0	0	1	1	0	0	6
2013/09/11-16:48:24	84	887.341	59.74	0	0	0	0	0	0	0	1	1	0	0	6
2013/09/11-16:48:49	84	887.341	59.74	0	0	1	0	0	0	0	1	0	0	1	6
2013/09/11-16:49:14	84	887.341	59.74	0	0	1	0	0	0	0	1	0	0	1	6
2013/09/11-16:49:39	84	887.341	59.74	0	0	1	0	0	0	0	1	0	0	1	6
2013/09/11-16:50:04	84	887.341	59.74	3	0	0	0	0	0	0	1	1	0	0	6
2013/09/12-09:14:28	79	924.963	62.711	1	0	0	0	0	0	1	1	0	0	1	4
2013/09/12-09:14:53	79	924.963	62.711	0	0	1	0	0	0	0	1	0	0	1	6
2013/09/12-09:15:18	79	924.963	62.711	4	0	0	0	0	0	1	1	0	0	1	10
2013/09/12-09:15:46	79	924.963	62.711	1	0	0	0	0	0	1	1	0	0	1	6
2013/09/12-09:16:11	79	924.963	62.711	1	0	0	0	0	0	1	1	0	0	1	3
2013/09/12-09:18:55	79	924.963	62.711	1	0	0	0	0	0	1	1	0	0	1	3
2013/09/12-09:19:18	79	924.963	62.711	3	0	0	0	0	0	1	1	0	0	1	7
2013/09/12-09:19:45	79	924.963	62.711	1	0	0	0	0	0	1	1	0	0	1	3
2013/09/12-10:44:11	79	924.963	62.711	0	0	1	0	0	0	0	1	0	0	1	6
2013/09/12-10:44:36	79	924.963	62.711	6	0	0	1	0	0	1	1	0	0	1	12
2013/09/12-10:57:46	84	887.712	57.819	2	0	0	0	0	0	0	1	1	0	0	3
2013/09/12-10:58:08	84	887.712	57.819	1	0	0	0	0	0	0	1	1	0	0	3
2013/09/12-10:58:30	84	887.712	57.819	1	0	0	0	0	0	1	1	0	0	1	3
2013/09/12-10:58:51	84	887.712	57.819	1	0	0	0	0	0	1	1	0	0	1	4
2013/09/12-10:59:13	84	887.712	57.819	1	0	0	0	0	0	0	1	1	0	0	3
2013/09/13-14:12:05	84	868.38	65.097	1	0	0	0	0	0	1	1	0	0	1	4
2013/09/13-14:13:24	84	868.38	65.097	1	0	0	0	0	0	1	1	0	0	1	4
2013/09/13-14:14:07	84	868.38	65.097	0	0	1	0	0	0	0	1	0	0	1	6
2013/09/13-14:15:26	84	868.38	65.097	4	0	1	0	0	0	0	1	0	0	1	17
2013/09/13-14:16:45	84	868.38	65.097	1	0	0	0	0	0	1	1	0	0	1	3
2013/09/13-14:29:09	84	868.38	65.097	0	0	1	0	0	0	0	1	0	0	1	6
2013/09/13-14:29:50	84	868.38	65.097	1	0	0	0	0	0	1	1	0	0	1	4
2013/09/13-14:30:28	84	868.38	65.097	1	0	0	0	0	0	1	1	0	0	1	3
2013/09/13-14:31:27	84	868.38	65.097	0	0	1	0	0	0	0	1	0	0	1	6
2013/09/13-14:32:23	84	868.38	65.097	1	0	0	0	0	0	1	1	0	0	1	3
2013/09/13-14:46:43	84	864.207	63.563	0	0	1	0	0	0	0	1	0	0	1	6
2013/09/13-14:47:23	84	864.207	63.563	4	0	0	0	0	0	1	1	0	0	1	9
2013/09/13-14:47:56	84	864.207	63.563	1	0	0	0	0	0	1	1	0	0	1	3
2013/09/13-14:48:50	84	864.207	63.563	0	0	1	0	0	0	0	1	0	0	1	6
2013/09/13-14:49:38	84	864.207	63.563	2	0	0	0	0	0	1	1	0	0	1	4
2013/09/14-16:37:32	83	866.009	90.622	0	0	1	0	0	0	0	1	0	0	1	6
2013/09/14-16:38:01	83	866.009	90.622	1	0	0	0	0	0	1	1	0	0	1	4
2013/09/14-16:38:27	83	866.009	90.622	1	0	0	0	0	0	1	1	0	0	1	3
2013/09/14-16:38:52	83	866.009	90.622	4	0	1	2	0	0	0	1	0	0	1	8
2013/09/14-16:39:23	83	866.009	90.622	1	0	0	0	0	0	1	1	0	0	1	3
2013/09/14-16:40:32	83	866.009	90.622	3	0	1	1	0	0	0	1	0	0	1	17
2013/09/14-16:41:08	83	866.009	90.622	1	0	0	0	0	0	1	1	0	0	1	3
2013/09/14-16:41:41	83	866.009	90.622	0	0	1	0	0	0	0	1	0	0	1	6
2013/09/14-16:42:12	83	866.009	90.622	1	0	0	0	0	0	1	1	0	0	1	4
2013/09/14-16:42:37	83	866.009	90.622	0	0	1	0	0	0	0	1	0	0	1	6
2013/09/14-16:54:42	83	857.357	82.225	1	0	0	0	0	0	1	1	0	0	1	3
2013/09/14-16:55:07	83	857.357	82.225	5	0	0	0	0	0	0	1	1	0	0	10
2013/09/14-16:55:35	83	857.357	82.225	1	0	0	0	0	0	1	1	0	0	1	3
2013/09/14-16:56:00	83	857.357	82.225	1	0	0	0	0	0	0	1	1	0	0	7
2013/09/14-16:56:25	83	857.357	82.225	1	0	0	0	0	0	1	1	0	0	1	3
2013/09/14-19:58:10	83	865.899	79.444	1	0	1	0	0	0	0	1	0	0	1	4
2013/09/14-19:59:29	83	865.899	79.444	1	0	0	0	0	0	1	1	0	0	1	4
2013/09/14-20:00:48	83	865.899	79.444	0	0	1	0	0	0	0	1	0	0	1	6
2013/09/14-20:01:37	83	865.899	79.444	1	0	0	0	0	0	1	1	0	0	1	3
2013/09/14-20:02:22	83	865.899	79.444	1	0	0	0	0	0	1	1	0	0	1	3
2013/09/14-20:50:55	83	862.773	79.045	3	0	0	0	0	0	1	1	0	0	1	8
2013/09/14-20:51:23	83	862.773	79.045	1	0	0	0	0	0	1	1	0	0	1	4
2013/09/14-20:51:48	83	862.773	79.045	3	0	0	0	0	0	1	1	0	0	1	7
2013/09/14-20:52:14	83	862.773	79.045	1	0	0	0	0	0	1	1	0	0	1	3
2013/09/14-20:52:39	83	862.773	79.045	1	0	0	0	0	0	1	1	0	0	1	3
2013/09/14-21:06:29	83	862.773	79.045	1	0	0	0	0	0	1	1	0	0	1	6
2013/09/14-21:06:54	83	862.773	79.045	2	0	0	0	0	0	0	1	1	0	0	6
2013/09/14-21:07:18	83	862.773	79.045	1	0	0	0	0	0	1	1	0	0	1	3
2013/09/14-21:07:43	83	862.773	79.045	0	0	0	0	0	0	0	1	1	0	0	6
2013/09/14-21:08:08	82	892.231	71.518	0	0	0	0	0	0	0	1	1	0	0	6
2013/09/15-09:25:48	83	904.033	75.796	1	0	0	0	0	0	1	1	0	0	1	3
2013/09/15-09:26:16	83	904.033	75.796	1	0	0	0	0	0	1	1	0	0	1	3
2013/09/15-09:26:51	83	904.033	75.796	1	0	0	0	0	0	1	1	0	0	1	3
2013/09/15-09:28:09	83	904.033	75.796	0	0	1	0	0	0	0	1	0	0	1	6
2013/09/15-09:29:02	83	904.033	75.796	0	0	1	0	0	0	0	1	0	0	1	6
2013/09/15-09:30:27	83	904.033	75.796	0	0	1	0	0	0	0	1	0	0	1	6
2013/09/15-09:30:52	83	904.033	75.796	1	0	0	0	0	0	1	1	0	0	1	4
2013/09/15-09:31:17	83	904.033	75.796	1	0	0	0	0	0	1	1	0	0	1	4
2013/09/15-09:31:43	83	904.033	75.796	3	0	0	0	0	0	0	1	1	0	0	6
2013/09/15-09:32:08	83	904.033	75.796	0	0	1	0	0	0	0	1	0	0	1	3
2013/09/15-09:46:57	83	887.641	69.256	1	0	0	0	0	0	1	1	0	0	1	3
2013/09/15-09:47:20	83	887.641	69.256	1	0	0	0	0	0	1	1	0	0	1	3
2013/09/15-09:47:45	83	887.641	69.256	1	0	0	0	0	0	1	1	0	0	1	3
2013/09/15-09:48:10	83	887.641	69.256	0	0	1	0	0	0	0	1	0	0	1	6
2013/09/15-09:48:34	83	887.641	69.256	3	0	0	0	0	0	0	1	1	0	0	6
