2013/09/02-13:36:12	3	1,500	350	3	0	0	0	1	0	0	1	1	0	0	12
2013/09/02-13:36:44	3	1,500	350	1	0	0	0	1	0	0	1	1	0	0	3
2013/09/02-13:37:05	3	1,500	350	1	0	1	0	0	0	0	1	0	0	1	24
2013/09/02-13:37:48	3	1,500	350	2	0	0	0	1	0	1	1	0	0	1	34
2013/09/02-13:38:41	3	1,500	350	1	0	0	0	0	0	0	1	1	0	0	22
2013/09/02-14:07:44	3	1,500	350	1	0	0	0	0	0	1	1	0	0	1	3
2013/09/02-14:08:25	3	1,500	350	2	0	0	0	0	0	0	1	1	0	0	60
2013/09/02-14:09:44	3	1,500	350	1	0	0	0	1	0	1	1	0	0	1	3
2013/09/02-14:10:07	3	1,500	350	1	0	0	0	0	0	1	1	0	0	1	3
2013/09/02-14:10:39	3	1,500	350	3	0	1	0	0	0	0	1	0	0	1	12
2013/09/02-14:22:23	7	1,544.684	263.837	1	0	0	0	1	0	1	1	1	0	0	6
2013/09/02-14:22:48	7	1,544.684	263.837	1	0	1	0	1	0	0	1	0	0	1	5
2013/09/02-14:23:12	7	1,544.684	263.837	1	0	0	0	0	0	1	1	0	0	1	3
2013/09/02-14:23:40	7	1,544.684	263.837	1	0	1	0	0	0	0	1	0	0	1	41
2013/09/02-14:24:40	7	1,544.684	263.837	2	0	0	0	0	0	1	1	0	0	1	6
2013/09/02-20:58:05	27	1,600.794	218.936	1	0	1	0	0	0	0	1	0	0	1	3
2013/09/02-20:58:39	27	1,600.794	218.936	4	0	1	0	0	0	0	1	0	0	1	21
2013/09/02-20:59:42	27	1,600.794	218.936	1	0	1	0	0	0	0	1	0	0	1	8
2013/09/02-21:00:33	27	1,600.794	218.936	2	0	0	0	1	0	1	1	0	0	1	15
2013/09/02-21:01:07	27	1,600.794	218.936	1	0	0	0	0	0	1	1	0	0	1	5
2013/09/02-21:09:22	54	1,452.549	177.484	1	0	0	0	1	0	1	1	0	0	1	3
2013/09/02-21:09:44	54	1,452.549	177.484	1	0	0	0	0	0	1	1	0	0	1	27
2013/09/02-21:10:29	54	1,452.549	177.484	3	0	0	0	0	0	1	1	0	0	1	10
2013/09/02-21:11:48	54	1,452.549	177.484	2	0	0	0	0	0	1	1	0	0	1	3
2013/09/02-21:12:14	54	1,452.549	177.484	3	0	1	0	0	0	0	1	0	0	1	7
2013/09/02-21:22:52	54	1,452.549	177.484	1	0	0	0	0	0	0	1	1	0	0	60
2013/09/02-21:24:11	54	1,452.549	177.484	1	0	0	0	0	0	1	1	0	0	1	3
2013/09/02-21:24:36	54	1,452.549	177.484	1	0	0	0	0	0	0	1	1	0	0	60
2013/09/02-21:25:55	54	1,452.549	177.484	1	0	1	0	0	0	0	1	0	0	1	6
2013/09/02-21:26:36	54	1,452.549	177.484	2	0	0	0	0	0	1	1	0	0	1	20
