2013/09/02-13:39:28	4	1,500	350	3	0	0	0	0	0	1	1	0	0	1	11
2013/09/02-14:00:21	4	1,500	350	1	0	0	0	1	0	1	1	0	0	1	3
2013/09/02-14:00:43	4	1,500	350	2	0	1	0	0	0	0	1	0	0	1	8
2013/09/02-14:01:16	4	1,500	350	1	0	0	0	0	0	1	1	0	0	1	3
2013/09/02-14:01:38	4	1,500	350	3	0	0	0	3	0	0	1	1	0	0	25
2013/09/02-14:07:44	4	1,500	350	1	0	0	0	0	0	1	1	0	0	1	4
2013/09/02-14:08:25	4	1,500	350	2	0	0	0	1	0	1	1	0	0	1	11
2013/09/02-14:09:44	4	1,500	350	1	0	1	0	1	0	0	1	0	0	1	3
2013/09/02-14:10:07	4	1,500	350	1	0	0	0	0	0	1	1	0	0	1	4
2013/09/02-14:10:39	4	1,500	350	2	0	1	0	1	0	0	1	0	0	1	20
2013/09/02-14:22:23	81	1,321.266	263.837	0	0	1	0	0	0	0	1	0	0	1	3
2013/09/02-14:22:48	81	1,321.266	263.837	1	0	1	0	0	0	0	1	0	0	1	5
2013/09/02-14:23:12	81	1,321.266	263.837	1	0	1	0	0	0	0	1	0	0	1	3
2013/09/02-14:23:40	81	1,321.266	263.837	0	0	1	0	0	0	0	1	0	0	1	30
2013/09/02-14:24:40	81	1,321.266	263.837	1	0	1	0	0	0	0	1	0	0	1	3
2013/09/02-23:06:09	57	1,360.229	223.418	2	0	0	0	0	0	1	1	0	0	1	49
2013/09/02-23:07:17	57	1,360.229	223.418	0	0	0	0	0	0	0	1	1	0	0	28
2013/09/02-23:08:03	57	1,360.229	223.418	0	0	0	0	0	0	0	1	1	0	0	3
2013/09/02-23:08:26	57	1,360.229	223.418	3	0	0	0	1	0	1	1	0	0	1	16
2013/09/02-23:09:01	57	1,360.229	223.418	0	0	0	0	0	0	0	1	1	0	0	16
2013/09/02-23:28:29	57	1,360.229	223.418	0	0	1	0	0	0	0	1	0	0	1	4
2013/09/02-23:29:25	57	1,360.229	223.418	0	0	1	0	0	0	0	1	0	0	1	28
2013/09/02-23:30:44	57	1,360.229	223.418	2	0	0	0	2	0	0	1	1	0	0	60
2013/09/02-23:32:03	57	1,360.229	223.418	1	0	1	0	0	0	0	1	0	0	1	4
2013/09/02-23:32:25	57	1,360.229	223.418	0	0	0	0	0	0	0	1	1	0	0	60
2013/09/02-23:47:13	25	1,758.463	172.818	1	0	1	0	0	0	0	1	0	0	1	11
2013/09/02-23:48:28	25	1,758.463	172.818	0	0	0	0	0	0	0	1	1	0	0	60
2013/09/02-23:49:44	25	1,758.463	172.818	1	0	0	0	0	0	1	1	0	0	1	3
2013/09/02-23:50:51	25	1,758.463	172.818	2	0	0	0	0	0	0	1	0	0	1	60
2013/09/02-23:52:10	25	1,758.463	172.818	0	0	1	0	0	0	0	1	0	0	1	10
