2013/12/26-11:24:43	58	1,500	350.31	7	0	0	8	1	0	0	1	1	0	0	31
2013/12/26-11:25:29	58	1,500	350.31	7	0	0	6	1	0	0	1	1	0	0	30
2013/12/26-11:26:18	58	1,500	350.31	2	0	0	0	1	0	0	1	1	0	0	11
2013/12/26-11:26:47	58	1,500	350.31	2	0	0	0	1	0	0	1	1	0	0	11
2013/12/26-11:27:16	58	1,500	350.31	4	0	0	0	1	0	0	1	1	0	0	19
2013/12/26-11:27:54	58	1,500	350.31	5	0	0	0	1	0	0	1	1	0	0	19
2013/12/26-11:28:32	58	1,500	350.31	6	0	0	3	1	0	0	1	1	0	0	27
2013/12/26-11:29:18	58	1,500	350.31	6	0	0	3	1	0	0	1	1	0	0	27
2013/12/26-11:30:03	58	1,500	350.31	3	0	0	0	1	0	0	1	1	0	0	13
2013/12/26-11:30:34	58	1,500	350.31	3	0	0	0	1	0	0	1	1	0	0	13
2013/12/26-11:31:06	58	1,500	350.31	5	0	0	0	1	0	0	1	1	0	0	26
2013/12/26-11:31:51	58	1,500	350.31	5	0	0	0	0	0	0	1	0	1	0	30
2013/12/26-11:32:39	58	1,500	350.31	5	0	0	0	0	0	0	1	0	1	0	30
2013/12/26-11:33:28	58	1,500	350.31	5	0	0	0	1	0	0	1	1	0	0	29
2013/12/26-11:34:15	58	1,500	350.31	1	0	0	0	1	0	0	1	1	0	0	4
2013/12/26-11:34:38	58	1,500	350.31	1	0	0	0	1	0	0	1	1	0	0	4
2013/12/26-11:35:44	58	1,500	350.31	8	0	0	6	1	0	0	1	1	0	0	31
2013/12/26-11:36:31	58	1,500	350.31	9	0	0	7	1	0	0	1	1	0	0	34
2013/12/26-11:37:23	58	1,500	350.31	3	0	0	0	1	0	0	1	1	0	0	12
2013/12/26-11:37:53	58	1,500	350.31	2	0	0	0	1	0	0	1	1	0	0	10
2013/12/26-11:38:22	58	1,500	350.31	5	0	0	0	1	0	0	1	1	0	0	20
2013/12/26-11:39:00	58	1,500	350.31	4	0	0	0	1	0	0	1	1	0	0	22
2013/12/26-11:39:40	58	1,500	350.31	6	0	0	0	1	0	0	1	1	0	0	26
2013/12/26-11:40:24	58	1,500	350.31	7	0	0	0	1	0	0	1	1	0	0	33
2013/12/26-11:41:15	58	1,500	350.31	3	0	0	0	1	0	0	1	1	0	0	13
2013/12/26-11:41:46	58	1,500	350.31	3	0	0	0	1	0	0	1	1	0	0	13
2013/12/26-11:42:18	58	1,500	350.31	5	0	0	0	1	0	0	1	1	0	0	26
2013/12/26-11:43:03	58	1,500	350.31	5	0	0	0	1	0	0	1	1	0	0	26
2013/12/26-11:43:48	58	1,500	350.31	5	0	0	0	1	0	0	1	1	0	0	26
2013/12/26-11:44:32	58	1,500	350.31	5	0	0	0	1	0	0	1	1	0	0	27
2013/12/26-11:45:17	58	1,500	350.31	5	0	0	1	1	0	0	1	1	0	0	16
2013/12/26-11:45:52	58	1,500	350.31	6	0	0	3	1	0	0	1	1	0	0	14
2013/12/26-11:50:57	58	1,500	350.31	18	0	0	10	1	0	0	1	1	0	0	49
2013/12/26-11:52:01	58	1,500	350.31	9	0	0	6	1	0	0	1	1	0	0	40
2013/12/26-11:53:00	58	1,500	350.31	4	0	0	0	1	0	0	1	1	0	0	15
2013/12/26-11:53:34	58	1,500	350.31	4	0	0	0	1	0	0	1	1	0	0	15
2013/12/26-11:54:08	58	1,500	350.31	8	0	0	0	1	0	0	1	1	0	0	27
2013/12/26-11:54:53	58	1,500	350.31	5	0	0	0	1	0	0	1	1	0	0	18
2013/12/26-11:55:29	58	1,500	350.31	9	0	0	0	0	0	0	1	0	1	0	45
2013/12/26-11:56:33	58	1,500	350.31	10	0	0	0	0	0	0	1	0	1	0	45
2013/12/26-11:57:36	58	1,500	350.31	6	0	0	0	1	0	0	1	1	0	0	23
2013/12/26-11:58:18	58	1,500	350.31	6	0	0	0	1	0	0	1	1	0	0	27
2013/12/26-11:59:03	58	1,500	350.31	4	0	0	0	1	0	0	1	1	0	0	22
2013/12/26-11:59:44	58	1,500	350.31	5	0	0	0	1	0	0	1	1	0	0	26
2013/12/26-12:00:28	58	1,500	350.31	5	0	0	0	1	0	0	1	1	0	0	26
2013/12/26-12:01:13	58	1,500	350.31	5	0	0	0	1	0	0	1	1	0	0	30
2013/12/26-12:02:01	58	1,500	350.31	14	0	0	8	1	0	0	1	1	0	0	25
2013/12/26-12:02:44	58	1,500	350.31	8	0	0	3	1	0	1	1	0	1	0	17
2013/12/26-12:04:50	58	1,500	350.31	5	0	0	2	1	0	0	1	1	0	0	18
2013/12/26-12:05:23	58	1,500	350.31	5	0	0	3	1	0	0	1	1	0	0	18
2013/12/26-12:06:00	58	1,500	350.31	8	0	0	2	0	0	0	1	0	1	0	30
2013/12/26-12:06:48	58	1,500	350.31	8	0	0	6	0	0	0	1	0	1	0	30
2013/12/26-12:07:37	58	1,500	350.31	7	0	0	0	0	0	0	1	0	1	0	30
2013/12/26-12:08:25	58	1,500	350.31	7	0	0	0	0	0	0	1	0	1	0	30
2013/12/26-12:09:14	58	1,500	350.31	1	0	0	0	0	0	0	1	1	0	0	4
2013/12/26-12:09:36	58	1,500	350.31	1	0	0	0	0	0	0	1	1	0	0	4
2013/12/26-12:09:58	58	1,500	350.31	9	0	0	0	0	0	0	1	1	0	0	37
2013/12/26-12:10:53	58	1,500	350.31	3	0	0	0	1	0	0	1	1	0	0	11
2013/12/26-12:11:23	58	1,500	350.31	0	0	0	0	0	0	0	1	1	0	0	3
2013/12/26-12:11:44	58	1,500	350.31	0	0	1	0	0	0	0	1	0	0	1	1
2013/12/26-12:12:04	58	1,500	350.31	0	0	0	0	0	0	0	1	1	0	0	3
2013/12/26-12:12:25	58	1,500	350.31	0	0	0	0	0	0	0	1	1	0	0	3
2013/12/26-12:12:46	58	1,500	350.31	3	0	0	0	0	0	0	1	1	0	0	9
2013/12/26-12:13:14	58	1,500	350.31	4	0	1	1	0	0	0	1	0	1	0	13
2013/12/26-14:57:06	58	1,500	350.31	11	0	0	0	0	0	0	1	1	0	0	45
2013/12/26-14:58:03	58	1,500	350.31	3	0	1	0	0	0	0	1	0	0	1	10
2013/12/26-14:58:32	58	1,500	350.31	5	0	1	0	1	0	0	1	0	0	1	12
2013/12/26-14:58:57	58	1,500	350.31	2	0	1	0	1	0	0	1	0	0	1	14
2013/12/26-14:59:57	58	1,500	350.31	1	0	1	0	0	0	0	1	0	0	1	25
2013/12/26-15:00:36	58	1,500	350.31	6	0	0	2	0	0	1	1	0	0	1	80
2013/12/26-15:45:49	58	1,500	350.31	9	0	0	0	1	0	1	1	0	0	1	23
2013/12/26-15:51:00	58	1,500	350.31	14	0	0	6	0	0	0	1	1	0	0	63
2013/12/26-15:52:19	58	1,500	350.31	0	0	1	1	0	0	0	1	0	0	1	3
2013/12/26-15:52:41	58	1,500	350.31	4	0	1	0	0	0	0	1	0	0	1	19
2013/12/26-15:53:18	4	1,913.281	63.647	8	0	0	2	0	0	1	1	0	0	1	45
2013/12/26-15:54:21	4	1,913.281	63.647	2	0	0	0	0	0	0	1	1	0	0	89
2013/12/26-15:56:08	4	1,913.281	63.647	4	0	0	6	1	0	0	1	1	0	0	27
2013/12/26-15:56:49	4	1,913.281	63.647	2	0	1	0	1	0	0	1	0	0	1	8
2013/12/26-16:04:17	4	1,913.281	63.647	0	0	1	0	0	0	0	1	0	0	1	7
2013/12/26-16:04:51	4	1,913.281	63.647	3	0	0	0	0	0	0	1	1	0	0	6
2013/12/26-16:05:15	4	1,913.281	63.647	1	0	0	0	1	0	1	1	0	0	1	4
2013/12/26-16:05:37	4	1,913.281	63.647	2	0	1	0	0	0	0	1	0	0	1	6
2013/12/26-16:06:05	4	1,913.281	63.647	1	0	1	1	0	0	0	1	0	0	1	6
2013/12/26-16:06:39	4	1,913.281	63.647	13	0	1	0	0	0	0	1	0	0	1	60
2013/12/26-16:07:54	4	1,913.281	63.647	16	0	0	2	2	0	0	1	1	0	0	42
2013/12/26-16:08:58	4	1,913.281	63.647	1	0	0	0	0	0	0	1	1	0	0	4
2013/12/26-16:09:20	4	1,913.281	63.647	2	0	0	1	0	0	0	1	1	0	0	7
2013/12/26-16:09:46	4	1,913.281	63.647	10	0	0	0	0	0	0	1	1	0	0	18
2013/12/26-16:10:22	4	1,913.281	63.647	5	0	0	3	1	0	0	1	1	0	0	23
2013/12/26-16:11:03	4	1,913.281	63.647	7	0	0	3	0	0	0	1	1	0	0	27
2013/12/26-16:11:49	4	1,913.281	63.647	1	0	0	0	0	0	1	1	0	0	1	5
2013/12/26-16:12:44	4	1,913.281	63.647	8	0	0	0	0	0	1	1	0	0	1	35
2013/12/26-22:06:12	3	1,930.934	59.164	4	0	0	0	0	0	1	1	0	0	1	18
2013/12/26-22:06:50	3	1,930.934	59.164	0	0	1	0	0	0	0	1	0	0	1	32
2013/12/26-22:07:41	3	1,930.934	59.164	4	0	0	0	0	0	1	1	0	0	1	27
2013/12/26-22:08:26	3	1,930.934	59.164	2	0	0	0	1	0	0	1	1	0	0	14
2013/12/26-22:08:59	3	1,930.934	59.164	4	0	0	0	0	0	0	1	1	0	0	14
2013/12/26-22:09:32	3	1,930.934	59.164	1	0	0	0	0	0	1	1	0	0	1	5
2013/12/26-22:09:56	3	1,930.934	59.164	2	0	0	0	0	0	0	1	1	0	0	50
2013/12/26-22:25:46	3	1,930.934	59.164	11	0	0	0	0	0	1	1	0	0	1	50
2013/12/26-22:27:05	3	1,930.934	59.164	8	0	0	0	0	0	1	1	0	0	1	20
2013/12/26-22:27:43	3	1,930.934	59.164	8	0	0	1	0	0	1	1	0	0	1	27
2013/12/26-22:29:32	3	1,930.934	59.164	6	0	1	1	0	0	0	1	0	0	1	23
2013/12/26-22:30:15	3	1,930.934	59.164	0	0	1	0	0	0	0	1	0	0	1	4
2013/12/26-22:30:48	3	1,930.934	59.164	5	0	1	3	0	0	0	1	0	0	1	25
2013/12/26-22:31:32	3	1,930.934	59.164	4	0	1	0	0	0	0	1	0	0	1	17
2013/12/26-22:33:13	3	1,930.934	59.164	2	0	0	0	1	0	0	1	1	0	0	82
2013/12/26-22:34:49	3	1,930.934	59.164	1	0	1	0	0	0	0	1	0	0	1	9
2013/12/26-22:36:03	3	1,930.934	59.164	0	0	1	0	0	0	0	1	0	0	1	6
2013/12/26-22:36:28	3	1,930.934	59.164	16	0	0	0	2	0	0	1	1	0	0	60
2013/12/26-22:37:47	4	1,893.098	54.646	0	0	1	0	0	0	0	1	0	0	1	5
2013/12/26-22:38:15	4	1,893.098	54.646	6	0	0	0	0	0	0	1	1	0	0	26
2013/12/26-22:39:00	4	1,893.098	54.646	12	0	0	0	0	0	0	1	1	0	0	28
2013/12/26-23:07:15	4	1,893.098	54.646	4	0	1	0	0	0	0	1	0	0	1	17
2013/12/26-23:07:54	4	1,893.098	54.646	3	0	0	0	0	0	1	1	0	0	1	9
2013/12/26-23:08:21	4	1,893.098	54.646	6	0	0	1	0	0	1	1	0	0	1	39
2013/12/26-23:09:19	4	1,893.098	54.646	5	0	0	25	1	0	0	1	1	0	0	39
2013/12/26-23:10:16	4	1,893.098	54.646	3	0	1	0	0	0	0	1	0	0	1	20
2013/12/26-23:11:23	4	1,893.098	54.646	5	0	0	0	1	0	1	1	0	0	1	18
2013/12/26-23:12:00	4	1,893.098	54.646	3	0	0	0	1	0	0	1	1	0	0	90
2013/12/26-23:19:14	4	1,893.098	54.646	9	0	0	10	1	0	0	1	1	0	0	39
2013/12/26-23:20:13	4	1,893.098	54.646	0	0	1	1	0	0	0	1	0	0	1	3
2013/12/26-23:20:35	4	1,893.098	54.646	2	0	0	0	0	0	1	1	0	0	1	5
2013/12/26-23:20:59	4	1,893.098	54.646	6	0	0	1	0	0	0	1	1	0	0	26
2013/12/26-23:21:43	4	1,893.098	54.646	1	0	1	0	0	0	0	1	0	0	1	9
2013/12/26-23:27:03	4	1,893.098	54.646	1	0	0	0	0	0	0	1	1	0	0	9
2013/12/26-23:27:36	4	1,893.098	54.646	9	0	1	0	0	0	0	1	0	0	1	52
2013/12/26-23:38:47	4	1,876.767	51.251	6	0	0	0	1	0	1	1	0	0	1	18
2013/12/26-23:39:24	4	1,876.767	51.251	2	0	1	0	0	0	0	1	0	0	1	83
2013/12/26-23:41:06	4	1,876.767	51.251	7	0	1	2	0	0	0	1	0	0	1	26
2013/12/26-23:41:49	4	1,876.767	51.251	4	0	0	0	1	0	0	1	1	0	0	13
2013/12/26-23:42:59	4	1,876.767	51.251	1	0	1	1	0	0	0	1	0	0	1	5
2013/12/26-23:43:24	4	1,876.767	51.251	0	0	1	0	0	0	0	1	0	0	1	7
2013/12/26-23:43:53	4	1,876.767	51.251	14	0	0	0	0	0	0	1	1	0	0	40
2013/12/26-23:45:12	4	1,876.767	51.251	2	0	0	0	1	0	0	1	1	0	0	9
2013/12/26-23:45:40	4	1,876.767	51.251	2	0	0	0	0	0	0	1	1	0	0	16
2013/12/26-23:46:14	4	1,876.767	51.251	2	0	0	12	1	0	1	1	1	0	0	8
2013/12/26-23:46:41	4	1,876.767	51.251	4	0	0	0	0	0	1	1	0	0	1	9
2013/12/26-23:47:23	4	1,876.767	51.251	2	0	1	0	0	0	0	1	0	0	1	7
2013/12/26-23:47:53	4	1,876.767	51.251	4	0	0	2	0	0	0	1	1	0	0	16
2013/12/26-23:48:28	4	1,876.767	51.251	1	0	0	0	1	0	1	1	0	0	1	4
2013/12/27-00:11:02	4	1,876.767	51.251	4	0	1	0	2	0	0	1	0	0	1	24
2013/12/27-00:11:45	4	1,876.767	51.251	1	0	0	0	1	0	0	1	1	0	0	90
2013/12/27-00:13:34	8	1,845.445	47.976	2	0	0	2	1	0	1	1	0	0	1	6
2013/12/27-00:13:59	8	1,845.445	47.976	7	0	1	0	0	0	0	1	0	0	1	66
2013/12/27-00:15:25	8	1,845.445	47.976	3	0	1	0	1	0	0	1	0	0	1	12
2013/12/27-00:15:58	8	1,845.445	47.976	5	0	0	0	1	0	0	1	1	0	0	7
2013/12/27-00:16:24	8	1,845.445	47.976	3	0	0	0	0	0	1	1	0	0	1	20
2013/12/27-00:23:59	8	1,845.445	47.976	1	0	0	0	1	0	0	1	1	0	0	8
2013/12/27-00:24:26	8	1,845.445	47.976	3	0	0	1	0	0	1	1	0	0	1	10
2013/12/27-00:25:43	8	1,845.445	47.976	3	0	0	0	1	0	0	1	1	0	0	10
2013/12/27-00:26:12	8	1,845.445	47.976	1	0	0	0	0	0	0	1	0	0	1	98
2013/12/27-00:28:28	8	1,845.445	47.976	4	0	0	4	0	0	1	1	0	0	1	49
2013/12/27-00:30:01	8	1,845.445	47.976	0	0	1	0	0	0	0	1	0	0	1	3
2013/12/27-00:30:29	8	1,845.445	47.976	4	0	0	0	0	0	1	1	0	0	1	12
2013/12/27-00:42:08	8	1,845.445	47.976	4	0	0	0	2	0	0	1	1	0	0	7
2013/12/27-00:42:34	8	1,845.445	47.976	12	0	0	0	0	0	0	1	1	0	0	46
2013/12/27-00:43:38	8	1,845.445	47.976	1	0	0	0	1	0	0	1	1	0	0	7
2013/12/27-00:44:04	8	1,845.445	47.976	3	0	0	0	0	0	0	1	1	0	0	14
2013/12/27-00:44:37	8	1,845.445	47.976	2	0	0	2	0	0	0	1	1	0	0	9
2013/12/27-00:45:05	8	1,845.445	47.976	5	0	0	3	1	0	0	1	1	0	0	26
2013/12/27-00:45:50	8	1,845.445	47.976	19	0	0	44	2	0	0	1	1	0	0	50
2013/12/27-01:08:14	14	1,801.166	45.196	7	0	0	0	0	0	1	1	0	0	1	32
2013/12/27-01:09:10	14	1,801.166	45.196	3	0	0	0	2	0	1	1	0	0	1	4
2013/12/27-01:09:36	14	1,801.166	45.196	2	0	0	0	0	0	1	1	0	0	1	7
2013/12/27-01:10:34	14	1,801.166	45.196	1	0	1	0	0	0	0	1	0	0	1	3
2013/12/27-01:11:02	14	1,801.166	45.196	8	0	0	6	2	0	0	1	1	0	0	32
2013/12/27-01:11:53	14	1,801.166	45.196	7	0	1	0	0	0	0	1	0	0	1	20
2013/12/27-01:12:31	14	1,801.166	45.196	1	0	0	1	0	0	1	1	0	0	1	6
2013/12/27-01:18:10	14	1,801.166	45.196	0	0	1	0	0	0	0	1	0	0	1	55
2013/12/27-01:20:11	14	1,801.166	45.196	1	0	1	0	0	0	0	1	0	0	1	6
2013/12/27-01:20:40	14	1,801.166	45.196	4	0	0	0	2	0	0	1	1	0	0	18
2013/12/27-01:21:17	14	1,801.166	45.196	1	0	1	0	0	0	0	1	0	1	0	2
2013/12/27-01:21:50	14	1,801.166	45.196	9	0	0	3	1	0	0	1	1	0	0	97
2013/12/27-01:24:30	14	1,801.166	45.196	8	0	0	0	0	0	1	1	0	0	1	62
2013/12/27-01:25:53	14	1,801.166	45.196	4	0	0	0	1	0	1	1	0	0	1	9
2013/12/27-01:32:14	14	1,801.166	45.196	11	0	0	1	1	0	0	1	1	0	0	43
2013/12/27-01:33:16	14	1,801.166	45.196	5	0	0	0	0	0	0	1	1	0	0	18
2013/12/27-01:33:53	14	1,801.166	45.196	1	0	1	0	1	0	0	1	0	0	1	7
2013/12/27-01:34:19	14	1,801.166	45.196	6	0	0	2	0	0	0	1	1	0	0	31
2013/12/27-01:35:09	14	1,801.166	45.196	4	0	0	11	0	0	1	1	0	0	1	9
2013/12/27-01:36:38	14	1,801.166	45.196	2	0	0	0	1	0	0	1	1	0	0	6
2013/12/27-01:37:03	14	1,801.166	45.196	3	0	0	1	1	0	0	1	1	0	0	9
2013/12/27-02:00:28	15	1,783.239	41.448	3	0	0	0	0	0	1	1	0	0	1	9
2013/12/27-02:01:47	15	1,783.239	41.448	3	0	1	1	0	0	0	1	0	0	1	10
2013/12/27-02:02:21	15	1,783.239	41.448	3	0	1	3	0	0	0	1	0	0	1	23
2013/12/27-02:03:04	15	1,783.239	41.448	3	0	0	5	1	0	0	1	1	0	0	48
2013/12/27-02:04:10	15	1,783.239	41.448	2	0	0	2	1	0	1	1	0	0	1	6
2013/12/27-02:04:36	15	1,783.239	41.448	3	0	1	0	0	0	0	1	0	0	1	6
2013/12/27-02:05:06	15	1,783.239	41.448	2	0	1	0	0	0	0	1	0	0	1	8
2013/12/27-02:05:49	15	1,783.239	41.448	7	0	1	0	1	0	0	1	0	0	1	30
2013/12/27-02:06:39	15	1,783.239	41.448	2	0	0	0	0	0	1	1	0	0	1	8
2013/12/27-02:07:14	15	1,783.239	41.448	2	0	1	0	0	0	0	1	0	0	1	86
2013/12/27-02:09:15	15	1,783.239	41.448	3	0	0	0	0	0	0	1	1	0	0	9
2013/12/27-02:09:44	15	1,783.239	41.448	3	0	0	0	2	0	1	1	0	0	1	5
2013/12/27-02:10:09	15	1,783.239	41.448	1	0	0	0	1	0	1	1	1	0	0	7
2013/12/27-02:10:39	15	1,783.239	41.448	0	0	1	0	0	0	0	1	0	0	1	2
2013/12/27-02:17:22	19	1,765.701	39.315	4	0	0	2	0	0	0	1	1	0	0	27
2013/12/27-02:18:09	19	1,765.701	39.315	5	0	0	0	0	0	1	1	0	0	1	7
2013/12/27-02:18:35	19	1,765.701	39.315	4	0	0	0	1	0	0	1	1	0	0	16
2013/12/27-02:19:10	19	1,765.701	39.315	43	0	1	31	1	0	0	1	1	0	0	89
2013/12/27-02:20:57	19	1,765.701	39.315	5	0	0	0	1	0	0	1	1	0	0	19
2013/12/27-02:21:35	19	1,765.701	39.315	6	0	0	1	1	0	0	1	1	0	0	31
2013/12/27-02:22:25	19	1,765.701	39.315	2	0	0	0	1	0	0	1	1	0	0	26
2013/12/27-02:42:55	19	1,765.701	39.315	7	0	0	0	1	0	1	1	0	0	1	20
2013/12/27-02:43:34	19	1,765.701	39.315	4	0	0	0	1	0	1	1	0	0	1	19
2013/12/27-02:44:12	19	1,765.701	39.315	15	0	0	0	1	0	0	1	1	0	0	65
2013/12/27-02:45:35	19	1,765.701	39.315	9	0	0	0	0	0	1	1	0	0	1	19
2013/12/27-02:46:13	19	1,765.701	39.315	14	0	1	0	2	0	0	1	0	0	1	56
2013/12/27-02:47:28	19	1,765.701	39.315	1	0	1	1	0	0	0	1	0	0	1	7
2013/12/27-02:47:55	19	1,765.701	39.315	0	0	1	0	0	0	0	1	0	0	1	3
2013/12/27-02:58:57	19	1,771.234	37.463	3	0	1	0	0	0	0	1	0	0	1	18
2013/12/27-02:59:34	19	1,771.234	37.463	0	0	1	0	0	0	0	1	0	0	1	3
2013/12/27-03:00:01	19	1,771.234	37.463	4	0	0	0	0	0	0	1	1	0	0	14
2013/12/27-03:00:34	19	1,771.234	37.463	0	0	1	1	0	0	0	1	0	0	1	2
2013/12/27-03:01:07	19	1,771.234	37.463	3	0	0	0	0	0	0	1	1	0	0	10
2013/12/27-03:01:36	19	1,771.234	37.463	6	0	0	1	1	0	0	1	1	0	0	28
2013/12/27-07:14:29	19	1,771.234	37.463	2	0	1	0	0	0	0	1	0	0	1	26
2013/12/27-07:15:33	19	1,771.234	37.463	2	0	0	0	1	0	0	1	1	0	0	9
2013/12/27-07:16:01	19	1,771.234	37.463	7	0	0	1	0	0	0	1	1	0	0	21
2013/12/27-07:16:41	19	1,771.234	37.463	1	0	1	0	0	0	0	1	0	0	1	3
2013/12/27-07:17:03	19	1,771.234	37.463	12	0	1	2	0	0	0	1	0	0	1	81
2013/12/27-07:18:42	19	1,771.234	37.463	11	0	1	1	0	0	0	1	0	0	1	48
2013/12/27-07:19:48	19	1,771.234	37.463	1	0	0	0	0	0	1	1	0	0	1	4
2013/12/27-07:20:11	19	1,771.234	37.463	16	0	0	23	2	0	0	1	1	0	0	35
2013/12/27-07:41:46	19	1,771.234	37.463	7	0	1	0	1	0	0	1	0	0	1	28
2013/12/27-07:43:18	19	1,771.234	37.463	4	0	0	0	0	0	0	1	1	0	0	14
2013/12/27-07:43:51	19	1,771.234	37.463	2	0	0	1	1	0	0	1	1	0	0	11
2013/12/27-07:44:21	19	1,771.234	37.463	1	0	1	0	0	0	0	1	0	0	1	4
2013/12/27-07:44:58	19	1,771.234	37.463	9	0	1	4	0	0	0	1	0	0	1	46
2013/12/27-07:46:16	19	1,771.234	37.463	2	0	1	0	0	0	0	1	0	0	1	13
2013/12/27-07:47:13	19	1,771.234	37.463	1	0	0	0	0	0	0	1	0	0	1	90
2013/12/27-07:59:26	19	1,766.823	34.991	11	0	0	2	1	0	0	1	1	0	0	42
2013/12/27-08:00:27	19	1,766.823	34.991	3	0	1	0	1	0	0	1	0	0	1	5
2013/12/27-08:00:51	19	1,766.823	34.991	2	0	1	0	1	0	0	1	0	0	1	8
2013/12/27-08:01:41	19	1,766.823	34.991	2	0	0	6	0	0	1	1	0	0	1	32
2013/12/27-08:03:02	19	1,766.823	34.991	1	0	0	0	0	0	0	1	1	0	0	90
2013/12/27-08:04:51	19	1,766.823	34.991	1	0	0	0	0	0	1	1	0	0	1	4
2013/12/27-08:05:23	19	1,766.823	34.991	6	0	0	0	1	0	1	1	0	0	1	18
2013/12/27-08:06:21	19	1,766.823	34.991	6	0	0	12	0	0	1	1	0	0	1	23
2013/12/27-08:07:03	19	1,766.823	34.991	1	0	1	0	0	0	0	1	0	0	1	8
2013/12/27-08:07:29	19	1,766.823	34.991	1	0	0	0	2	0	0	1	1	0	0	4
2013/12/27-08:07:52	19	1,766.823	34.991	8	0	0	0	1	0	0	1	1	0	0	18
2013/12/27-08:08:28	19	1,766.823	34.991	4	0	1	0	0	0	0	1	0	0	1	21
2013/12/27-08:09:24	19	1,766.823	34.991	1	0	0	0	0	0	0	1	1	0	0	3
2013/12/27-08:09:46	19	1,766.823	34.991	3	0	0	0	0	0	0	1	1	0	0	10
2013/12/27-08:33:23	19	1,766.823	34.991	1	0	0	0	0	0	1	1	0	0	1	3
2013/12/27-08:35:12	19	1,766.823	34.991	0	0	1	0	0	0	0	1	0	0	1	3
2013/12/27-08:35:40	19	1,766.823	34.991	14	0	0	0	0	0	0	1	1	0	0	35
2013/12/27-08:36:35	22	1,750.21	33.521	7	0	0	1	0	0	1	1	0	0	1	30
2013/12/27-08:37:39	22	1,750.21	33.521	5	0	0	0	1	0	1	1	0	0	1	18
2013/12/27-08:38:15	22	1,750.21	33.521	13	0	0	6	0	0	0	1	1	0	0	66
2013/12/27-08:39:40	22	1,750.21	33.521	3	0	1	1	0	0	0	1	0	0	1	19
2013/12/27-08:53:23	22	1,750.21	33.521	3	0	1	0	1	0	0	1	0	0	1	11
2013/12/27-08:54:19	22	1,750.21	33.521	5	0	0	0	0	0	1	1	0	0	1	11
2013/12/27-08:54:49	22	1,750.21	33.521	4	0	1	1	1	0	0	1	0	0	1	86
2013/12/27-08:56:34	22	1,750.21	33.521	0	0	1	0	0	0	0	1	0	0	1	10
2013/12/27-08:57:06	22	1,750.21	33.521	5	0	0	2	1	0	0	1	1	0	0	22
2013/12/27-08:57:47	22	1,750.21	33.521	9	0	1	0	1	0	0	1	0	0	1	30
2013/12/27-08:58:37	22	1,750.21	33.521	2	0	1	1	0	0	0	1	0	0	1	9
2013/12/27-08:59:26	22	1,750.21	33.521	1	0	0	0	0	0	1	1	0	0	1	3
2013/12/27-08:59:51	22	1,750.21	33.521	3	0	1	0	0	0	0	1	0	0	1	16
2013/12/27-09:00:25	22	1,750.21	33.521	1	0	0	1	0	0	0	1	1	0	0	9
2013/12/27-09:00:52	22	1,750.21	33.521	2	0	0	0	1	0	1	1	0	0	1	9
2013/12/27-09:01:20	22	1,750.21	33.521	13	0	0	29	2	0	0	1	1	0	0	52
2013/12/27-09:02:30	22	1,750.21	33.521	3	0	0	0	0	0	1	1	0	0	1	10
2013/12/27-09:03:01	22	1,750.21	33.521	7	0	0	4	1	0	0	1	1	0	0	25
2013/12/27-09:26:37	23	1,741.532	32.066	9	0	0	1	1	0	1	1	0	0	1	31
2013/12/27-09:27:27	23	1,741.532	32.066	9	0	0	0	1	0	0	1	1	0	0	28
2013/12/27-09:28:13	23	1,741.532	32.066	3	0	0	0	0	0	1	1	0	0	1	6
2013/12/27-09:28:38	23	1,741.532	32.066	7	0	0	0	0	0	1	1	0	0	1	27
2013/12/27-09:30:04	23	1,741.532	32.066	4	0	1	0	1	0	0	1	0	0	1	19
2013/12/27-09:30:40	23	1,741.532	32.066	2	0	0	1	0	0	1	1	0	0	1	7
2013/12/27-09:31:08	23	1,741.532	32.066	8	0	0	3	0	0	0	1	1	0	0	28
2013/12/27-09:42:40	23	1,741.532	32.066	9	0	0	2	1	0	1	1	0	0	1	27
2013/12/27-09:43:26	23	1,741.532	32.066	17	0	0	0	0	0	0	1	1	0	0	36
2013/12/27-09:44:21	23	1,741.532	32.066	4	0	1	0	0	0	0	1	0	0	1	12
2013/12/27-09:45:03	23	1,741.532	32.066	16	0	1	0	0	0	0	1	0	0	1	38
2013/12/27-09:45:59	23	1,741.532	32.066	2	0	0	4	0	0	1	1	0	0	1	11
2013/12/27-09:46:37	23	1,741.532	32.066	0	0	1	0	0	0	0	1	0	0	1	6
2013/12/27-09:47:53	23	1,741.532	32.066	3	0	0	0	1	0	0	1	1	0	0	90
2013/12/27-11:06:23	23	1,737.617	33.053	2	0	0	0	1	0	0	1	1	0	0	28
2013/12/27-11:07:11	23	1,737.617	33.053	6	0	0	1	2	0	0	1	1	0	0	39
2013/12/27-11:08:08	23	1,737.617	33.053	0	0	1	0	0	0	0	1	0	0	1	6
2013/12/27-11:09:26	23	1,737.617	33.053	14	0	0	0	0	0	1	1	0	0	1	49
2013/12/27-11:10:34	23	1,737.617	33.053	2	0	1	0	0	0	0	1	0	0	1	6
2013/12/27-11:24:55	23	1,738.934	32.915	5	0	0	0	1	0	0	1	1	0	0	13
2013/12/27-11:25:27	23	1,738.934	32.915	7	0	0	0	2	0	0	1	1	0	0	14
2013/12/27-11:26:00	23	1,738.934	32.915	13	0	0	4	0	0	0	1	1	0	0	49
2013/12/27-11:27:08	23	1,738.934	32.915	14	0	0	0	0	0	1	1	0	0	1	32
2013/12/27-11:28:27	23	1,738.934	32.915	4	0	0	0	1	0	0	1	1	0	0	60
2013/12/27-11:45:32	23	1,738.934	32.915	2	0	0	0	0	0	1	1	0	0	1	9
2013/12/27-11:46:06	23	1,738.934	32.915	7	0	0	4	1	0	0	1	1	0	0	20
2013/12/27-11:46:46	23	1,738.934	32.915	3	0	1	0	0	0	0	1	0	0	1	11
2013/12/27-11:47:16	23	1,738.934	32.915	1	0	0	0	0	0	1	1	0	0	1	4
2013/12/27-11:48:35	23	1,738.934	32.915	12	0	0	0	1	0	1	1	0	0	1	23
2013/12/27-19:51:03	20	1,747.836	43.817	1	0	1	0	0	0	0	1	0	0	1	7
2013/12/27-19:51:38	20	1,747.836	43.817	10	0	0	0	2	0	1	1	0	0	1	25
2013/12/27-19:52:22	20	1,747.836	43.817	2	0	1	0	1	0	0	1	1	0	0	7
2013/12/27-19:52:48	20	1,747.836	43.817	1	0	0	0	0	0	0	1	1	0	0	10
2013/12/27-19:53:16	20	1,747.836	43.817	2	0	1	0	0	0	0	1	0	0	1	10
2013/12/27-19:57:19	20	1,747.836	43.817	7	0	0	0	2	0	0	1	1	0	0	14
2013/12/27-19:57:51	20	1,744.669	42.881	4	0	0	0	3	0	0	1	1	0	0	12
2013/12/27-19:58:22	20	1,744.669	42.881	1	0	0	0	0	0	1	1	0	0	1	4
2013/12/27-19:59:17	20	1,744.669	42.881	2	0	0	0	2	0	0	1	1	0	0	35
2013/12/27-20:00:11	20	1,744.669	42.881	7	0	0	0	1	0	0	1	1	0	0	19
2013/12/27-20:15:33	20	1,744.669	42.881	13	0	0	0	1	0	0	1	1	0	0	31
2013/12/27-20:16:23	20	1,744.669	42.881	8	0	0	0	1	0	0	1	1	0	0	25
2013/12/27-20:17:07	20	1,744.669	42.881	3	0	0	2	2	0	0	1	1	0	0	60
2013/12/27-20:18:27	20	1,744.669	42.881	1	0	0	0	1	0	1	1	0	0	1	6
2013/12/27-20:19:45	20	1,744.669	42.881	9	0	0	2	1	0	0	1	1	0	0	30
2013/12/27-20:32:41	19	1,751.285	41.479	4	0	0	0	0	0	1	1	0	0	1	13
2013/12/27-20:33:34	19	1,751.285	41.479	2	0	0	0	1	0	1	1	0	0	1	8
2013/12/27-20:34:01	19	1,751.285	41.479	1	0	1	0	1	0	0	1	1	0	0	4
2013/12/27-20:34:24	19	1,751.285	41.479	9	0	0	0	0	0	1	1	0	0	1	27
2013/12/27-20:35:11	19	1,751.285	41.479	11	0	0	2	0	0	1	1	0	0	1	51
2013/12/27-20:49:26	19	1,751.285	41.479	3	0	0	0	0	0	1	1	0	0	1	11
2013/12/27-20:49:56	19	1,751.285	41.479	1	0	0	0	0	0	1	1	0	0	1	3
2013/12/27-20:50:37	19	1,751.285	41.479	1	0	0	0	0	0	1	1	0	0	1	3
2013/12/27-20:51:15	19	1,751.285	41.479	9	0	0	0	1	0	0	1	1	0	0	18
2013/12/27-20:51:52	19	1,751.285	41.479	1	0	1	0	0	0	0	1	0	0	1	6
2013/12/27-21:03:49	21	1,739.451	39.794	0	0	0	0	0	0	0	1	1	0	0	6
2013/12/27-21:04:15	21	1,739.451	39.794	15	0	1	0	0	0	0	1	0	0	1	34
2013/12/27-21:05:33	21	1,739.451	39.794	2	0	0	0	1	0	1	1	0	0	1	6
2013/12/27-21:06:01	21	1,739.451	39.794	1	0	0	0	0	0	1	1	0	0	1	3
2013/12/27-21:06:23	21	1,739.451	39.794	2	0	0	0	2	0	0	1	1	0	0	7
2013/12/27-21:15:08	21	1,739.451	39.794	2	0	0	0	0	0	0	1	1	0	0	11
2013/12/27-21:15:38	21	1,739.451	39.794	1	0	0	0	1	0	0	1	1	0	0	3
2013/12/27-21:16:00	21	1,739.451	39.794	3	0	0	0	0	0	1	1	0	0	1	12
2013/12/27-21:16:51	21	1,739.451	39.794	1	0	0	3	1	0	1	1	0	0	1	10
2013/12/27-21:17:21	21	1,739.451	39.794	8	0	1	0	1	0	0	1	0	0	1	26
2013/12/27-21:32:14	21	1,731.648	38.34	5	0	1	0	1	0	0	1	0	0	1	16
2013/12/27-21:32:50	21	1,731.648	38.34	1	0	0	0	0	0	1	1	0	0	1	4
2013/12/27-21:33:29	21	1,731.648	38.34	11	0	0	0	0	0	0	1	1	0	0	36
2013/12/27-21:34:24	21	1,731.648	38.34	2	0	1	1	0	0	0	1	0	0	1	14
2013/12/27-21:35:11	21	1,731.648	38.34	1	0	1	0	0	0	0	1	0	0	1	22
2013/12/27-22:00:59	21	1,731.648	38.34	0	0	1	0	0	0	0	1	0	0	1	4
2013/12/27-22:01:22	21	1,731.648	38.34	2	0	0	2	1	0	0	1	1	0	0	7
2013/12/27-22:01:48	21	1,731.648	38.34	14	0	0	0	1	0	0	1	1	0	0	35
2013/12/27-22:02:41	21	1,731.648	38.34	1	0	1	0	1	0	0	1	1	0	0	3
2013/12/27-22:03:03	21	1,731.648	38.34	10	0	0	1	0	0	0	1	1	0	0	31
2013/12/27-22:15:56	21	1,732.263	37.001	3	0	0	0	1	0	0	1	1	0	0	10
2013/12/27-22:16:25	21	1,732.263	37.001	2	0	1	0	0	0	0	1	1	0	0	4
2013/12/27-22:16:48	21	1,732.263	37.001	5	0	0	8	1	0	0	1	1	0	0	26
2013/12/27-22:17:34	21	1,732.263	37.001	2	0	0	0	0	0	0	1	1	0	0	8
2013/12/27-22:18:00	21	1,732.263	37.001	2	0	0	0	0	0	0	1	1	0	0	12
2013/12/27-22:51:55	21	1,732.263	37.001	5	0	0	0	0	0	1	1	0	0	1	24
2013/12/27-22:52:39	21	1,732.263	37.001	1	0	1	1	0	0	0	1	0	0	1	54
2013/12/27-22:53:52	21	1,732.263	37.001	10	0	0	0	1	0	0	1	1	0	0	24
2013/12/27-22:54:34	21	1,732.263	37.001	0	0	1	0	0	0	0	1	0	0	1	3
2013/12/27-22:55:03	21	1,732.263	37.001	19	0	0	0	1	0	0	1	1	0	0	60
2013/12/27-23:12:55	19	1,749.136	35.932	6	0	0	0	1	0	0	1	1	0	0	12
2013/12/27-23:13:26	19	1,749.136	35.932	17	0	0	3	1	0	0	1	1	0	0	48
2013/12/27-23:14:34	19	1,749.136	35.932	9	0	1	0	0	0	0	1	0	0	1	39
2013/12/27-23:15:52	19	1,749.136	35.932	6	0	0	0	0	0	1	1	0	0	1	19
2013/12/27-23:16:37	19	1,749.136	35.932	5	0	0	0	0	0	0	1	1	0	0	43
2013/12/27-23:26:58	19	1,749.136	35.932	2	0	0	0	2	0	0	1	1	0	0	8
2013/12/27-23:27:25	19	1,749.136	35.932	5	0	0	0	0	0	1	1	0	0	1	21
2013/12/27-23:28:22	19	1,749.136	35.932	4	0	0	0	2	0	0	1	1	0	0	25
2013/12/27-23:29:06	19	1,749.136	35.932	6	0	0	0	0	0	1	1	0	0	1	14
2013/12/27-23:29:38	19	1,749.136	35.932	2	0	1	2	0	0	0	1	0	0	1	21
2013/12/27-23:42:08	17	1,754.623	35.054	10	0	1	0	0	0	0	1	0	0	1	29
2013/12/27-23:42:56	17	1,754.623	35.054	1	0	1	0	0	0	0	1	0	0	1	4
2013/12/27-23:43:18	17	1,754.623	35.054	5	0	1	0	0	0	0	1	0	0	1	19
2013/12/27-23:44:36	17	1,754.623	35.054	4	0	0	3	0	0	0	1	1	0	0	60
2013/12/27-23:45:55	17	1,754.623	35.054	1	0	0	0	0	0	0	1	1	0	0	19
2013/12/28-00:00:33	17	1,754.623	35.054	0	0	1	0	0	0	0	1	0	0	1	6
2013/12/28-00:01:52	17	1,754.623	35.054	1	0	0	0	0	0	1	1	0	0	1	6
2013/12/28-00:02:45	17	1,754.623	35.054	7	0	1	0	0	0	0	1	0	0	1	25
2013/12/28-00:03:29	17	1,754.623	35.054	7	0	1	0	0	0	0	1	0	0	1	24
2013/12/28-00:04:48	17	1,754.623	35.054	1	0	1	0	1	0	0	1	0	0	1	31
2013/12/28-00:09:58	17	1,754.623	35.054	5	0	1	3	0	0	0	1	0	0	1	20
2013/12/28-00:10:36	17	1,754.623	35.054	9	0	0	0	1	0	1	1	0	0	1	30
2013/12/28-00:11:26	17	1,754.623	35.054	4	0	0	0	0	0	1	1	0	0	1	18
2013/12/28-00:12:08	16	1,756.057	33.715	1	0	0	0	0	0	1	1	0	0	1	10
2013/12/28-00:12:36	16	1,756.057	33.715	1	0	1	0	0	0	0	1	0	0	1	6
2013/12/28-00:23:05	16	1,756.057	33.715	3	0	0	0	1	0	0	1	1	0	0	12
2013/12/28-00:23:36	16	1,756.057	33.715	2	0	1	0	0	0	0	1	0	0	1	14
2013/12/28-00:24:10	16	1,756.057	33.715	3	0	0	0	2	0	0	1	1	0	0	16
2013/12/28-00:24:45	16	1,756.057	33.715	2	0	0	0	1	0	0	1	1	0	0	10
2013/12/28-00:25:13	16	1,756.057	33.715	3	0	0	0	0	0	1	1	0	0	1	9
2013/12/28-00:36:18	16	1,756.057	33.715	1	0	0	0	1	0	0	1	1	0	0	7
2013/12/28-00:36:44	16	1,756.057	33.715	7	0	0	0	2	0	0	1	1	0	0	15
2013/12/28-00:37:18	16	1,756.057	33.715	7	0	0	0	1	0	0	1	1	0	0	19
2013/12/28-00:37:57	16	1,756.057	33.715	4	0	0	1	2	0	0	1	1	0	0	16
2013/12/28-00:38:32	13	1,767.689	33.021	0	0	1	0	0	0	0	1	0	0	1	6
2013/12/28-00:50:57	13	1,767.689	33.021	3	0	1	0	1	0	0	1	0	0	1	5
2013/12/28-00:51:21	13	1,767.689	33.021	3	0	1	0	1	0	0	1	0	0	1	13
2013/12/28-00:51:54	13	1,767.689	33.021	2	0	0	1	1	0	0	1	1	0	0	7
2013/12/28-00:52:21	13	1,767.689	33.021	3	0	0	2	0	0	1	1	0	0	1	13
2013/12/28-00:52:52	13	1,767.689	33.021	2	0	1	0	0	0	0	1	0	0	1	9
2013/12/28-01:05:57	13	1,767.689	33.021	4	0	0	0	0	0	0	1	1	0	0	25
2013/12/28-01:06:41	13	1,767.689	33.021	0	0	0	0	0	0	0	1	1	0	0	3
2013/12/28-01:07:03	13	1,767.689	33.021	3	0	0	0	1	0	0	1	1	0	0	8
2013/12/28-01:07:31	13	1,767.689	33.021	2	0	0	0	0	0	1	1	0	0	1	8
2013/12/28-01:07:58	13	1,767.689	33.021	3	0	0	0	2	0	0	1	1	0	0	9
2013/12/28-01:20:37	13	1,760.106	32.602	6	0	1	0	0	0	0	1	0	0	1	21
2013/12/28-01:21:16	13	1,760.106	32.602	10	0	0	0	0	0	0	1	1	0	0	38
2013/12/28-01:22:13	13	1,760.106	32.602	14	0	0	1	0	0	1	1	0	0	1	39
2013/12/28-01:23:12	13	1,760.106	32.602	5	0	0	3	0	0	0	1	1	0	0	23
2013/12/28-01:23:54	13	1,760.106	32.602	8	0	0	0	2	0	0	1	1	0	0	18
2013/12/28-01:39:26	13	1,760.106	32.602	7	0	0	0	1	0	0	1	1	0	0	17
2013/12/28-01:40:03	13	1,760.106	32.602	4	0	0	0	2	0	0	1	1	0	0	14
2013/12/28-01:40:35	13	1,760.106	32.602	1	0	0	1	0	0	0	1	1	0	0	11
2013/12/28-01:41:06	13	1,760.106	32.602	2	0	0	0	0	0	1	1	0	0	1	10
2013/12/28-01:41:35	13	1,760.106	32.602	4	0	0	2	1	0	0	1	1	0	0	17
2013/12/28-02:02:41	12	1,772.65	32.094	3	0	0	0	1	0	1	1	0	0	1	12
2013/12/28-02:03:12	12	1,772.65	32.094	9	0	0	0	0	0	0	1	1	0	0	20
2013/12/28-02:03:51	12	1,772.65	32.094	15	0	0	0	1	0	0	1	1	0	0	51
2013/12/28-02:05:01	12	1,772.65	32.094	2	0	0	3	0	0	1	1	0	0	1	10
2013/12/28-02:05:41	12	1,772.65	32.094	8	0	0	4	1	0	0	1	1	0	0	49
2013/12/28-02:18:08	12	1,776.018	32.103	1	0	1	0	0	0	0	1	0	0	1	47
2013/12/28-02:19:16	12	1,776.018	32.103	2	0	0	0	0	0	1	1	0	0	1	9
2013/12/28-02:20:13	12	1,776.018	32.103	5	0	1	0	0	0	0	1	0	0	1	20
2013/12/28-02:20:52	12	1,776.018	32.103	1	0	0	0	1	0	1	1	0	0	1	4
2013/12/28-02:21:34	12	1,776.018	32.103	2	0	1	0	0	0	0	1	0	0	1	11
2013/12/28-02:25:52	12	1,776.018	32.103	4	0	0	0	0	0	0	1	1	0	0	24
2013/12/28-02:26:35	12	1,776.018	32.103	3	0	0	0	0	0	0	1	1	0	0	17
2013/12/28-02:27:11	12	1,776.018	32.103	2	0	0	0	1	0	0	1	1	0	0	7
2013/12/28-02:27:37	12	1,776.018	32.103	3	0	0	0	0	0	0	1	1	0	0	6
2013/12/28-02:28:03	12	1,776.018	32.103	2	0	0	0	3	0	0	1	1	0	0	7
2013/12/28-02:46:49	12	1,777.793	31.698	12	0	0	2	1	0	0	1	1	0	0	31
2013/12/28-02:47:40	12	1,777.793	31.698	10	0	0	0	0	0	0	1	1	0	0	21
2013/12/28-02:48:20	12	1,777.793	31.698	1	0	0	0	1	0	0	1	1	0	0	4
2013/12/28-02:48:43	12	1,777.793	31.698	4	0	0	1	0	0	0	1	1	0	0	24
2013/12/28-02:49:27	12	1,777.793	31.698	2	0	1	0	0	0	0	1	0	0	1	6
2013/12/28-02:59:28	12	1,777.793	31.698	2	0	0	0	1	0	0	1	1	0	0	12
2013/12/28-03:00:00	12	1,777.793	31.698	4	0	1	0	1	0	0	1	0	0	1	17
2013/12/28-03:00:37	12	1,777.793	31.698	2	0	0	0	0	0	0	1	1	0	0	41
2013/12/28-03:01:38	12	1,777.793	31.698	2	0	0	0	0	0	1	1	0	0	1	6
2013/12/28-03:02:08	12	1,777.793	31.698	2	0	0	0	0	0	1	1	0	0	1	7
2013/12/28-03:06:39	12	1,777.793	31.698	1	0	0	0	0	0	1	1	0	0	1	11
2013/12/28-03:07:10	12	1,777.793	31.698	5	0	0	0	1	0	0	1	1	0	0	14
2013/12/28-03:07:42	12	1,777.793	31.698	3	0	1	0	0	0	0	1	0	0	1	13
2013/12/28-03:08:15	12	1,777.793	31.698	2	0	0	0	1	0	0	1	1	0	0	6
2013/12/28-03:08:40	12	1,777.793	31.698	4	0	0	0	1	0	1	1	0	0	1	15
2013/12/28-03:25:21	12	1,781.623	30.897	2	0	0	0	2	0	0	1	1	0	0	11
2013/12/28-03:25:51	12	1,781.623	30.897	3	0	0	0	2	0	0	1	1	0	0	10
2013/12/28-03:26:20	12	1,781.623	30.897	20	0	0	1	0	0	0	1	1	0	0	60
2013/12/28-03:27:39	12	1,781.623	30.897	2	0	0	0	0	0	0	1	1	0	0	7
2013/12/28-03:28:05	12	1,781.623	30.897	3	0	1	0	0	0	0	1	0	0	1	11
2013/12/28-03:39:15	12	1,786.174	31.049	7	0	0	0	1	0	0	1	1	0	0	25
2013/12/28-03:39:59	12	1,786.174	31.049	2	0	0	0	0	0	1	1	0	0	1	9
2013/12/28-03:40:39	12	1,786.174	31.049	10	0	1	0	0	0	0	1	0	0	1	36
2013/12/28-03:41:35	12	1,786.174	31.049	1	0	1	0	0	0	0	1	0	0	1	4
2013/12/28-03:42:07	12	1,786.174	31.049	0	0	1	0	0	0	0	1	0	0	1	10
2013/12/28-03:46:57	12	1,786.174	31.049	2	0	0	0	0	0	0	1	1	0	0	6
2013/12/28-03:47:23	12	1,786.174	31.049	6	0	1	0	2	0	0	1	0	0	1	16
2013/12/28-03:47:58	12	1,786.174	31.049	0	0	1	0	0	0	0	1	0	0	1	6
2013/12/28-03:48:23	12	1,786.174	31.049	1	0	1	0	0	0	0	1	0	0	1	7
2013/12/28-03:48:49	12	1,786.174	31.049	15	0	0	1	0	0	0	1	1	0	0	60
2013/12/28-04:01:50	12	1,786.174	31.049	4	0	0	0	1	0	1	1	0	0	1	17
2013/12/28-04:02:26	12	1,786.174	31.049	4	0	0	0	1	0	1	1	0	0	1	13
2013/12/28-04:03:05	12	1,786.174	31.049	2	0	1	0	0	0	0	1	0	0	1	8
2013/12/28-04:03:39	12	1,786.174	31.049	3	0	0	2	0	0	0	1	1	0	0	14
2013/12/28-04:04:12	12	1,786.174	31.049	1	0	1	0	0	0	0	1	0	0	1	10
2013/12/28-04:14:55	12	1,776.294	30.268	2	0	0	0	0	0	0	1	1	0	0	10
2013/12/28-04:15:24	12	1,776.294	30.268	9	0	0	0	0	0	1	1	0	0	1	24
2013/12/28-04:16:07	12	1,776.294	30.268	5	0	1	0	1	0	0	1	0	0	1	15
2013/12/28-04:16:42	12	1,776.294	30.268	2	0	0	0	1	0	1	1	0	0	1	9
2013/12/28-04:17:13	12	1,776.294	30.268	3	0	1	0	1	0	0	1	1	0	0	12
2013/12/28-04:34:07	12	1,776.294	30.268	3	0	0	1	0	0	0	1	1	0	0	37
2013/12/28-04:35:03	12	1,776.294	30.268	2	0	0	0	1	0	0	1	1	0	0	8
2013/12/28-04:35:30	12	1,778.074	30.31	5	0	0	0	0	0	0	1	1	0	0	18
2013/12/28-04:36:07	12	1,778.074	30.31	3	0	0	0	1	0	1	1	0	0	1	20
2013/12/28-04:36:46	12	1,778.074	30.31	1	0	0	0	0	0	0	1	1	0	0	6
2013/12/28-04:46:13	12	1,778.074	30.31	2	0	0	0	0	0	1	1	0	0	1	8
2013/12/28-04:46:41	12	1,778.074	30.31	8	0	0	0	1	0	0	1	1	0	0	27
2013/12/28-04:47:27	12	1,778.074	30.31	2	0	1	0	0	0	0	1	0	0	1	10
2013/12/28-04:48:46	12	1,778.074	30.31	4	0	0	0	0	0	0	1	1	0	0	60
2013/12/28-04:50:05	12	1,778.074	30.31	12	0	0	0	0	0	0	1	1	0	0	34
2013/12/28-05:02:50	12	1,778.074	30.31	1	0	1	0	0	0	0	1	0	0	1	12
2013/12/28-05:03:36	12	1,778.074	30.31	5	0	1	0	0	0	0	1	0	0	1	20
2013/12/28-05:04:48	12	1,778.074	30.31	2	0	0	0	0	0	1	1	0	0	1	8
2013/12/28-05:05:41	11	1,781.833	29.912	1	0	0	0	0	0	0	1	1	0	0	6
2013/12/28-05:06:06	11	1,781.833	29.912	9	0	1	0	0	0	0	1	0	0	1	35
2013/12/28-05:17:10	11	1,781.833	29.912	4	0	0	0	1	0	0	1	1	0	0	14
2013/12/28-05:17:44	11	1,781.833	29.912	1	0	1	0	1	0	0	1	0	0	1	17
2013/12/28-05:18:20	11	1,781.833	29.912	2	0	0	0	0	0	0	1	1	0	0	8
2013/12/28-05:18:48	11	1,781.833	29.912	6	0	0	0	0	0	0	1	1	0	0	36
2013/12/28-05:19:43	11	1,781.833	29.912	2	0	0	0	0	0	1	1	0	0	1	9
2013/12/28-05:31:07	11	1,781.833	29.912	12	0	0	0	1	0	1	1	0	0	1	40
2013/12/28-05:32:07	11	1,781.833	29.912	1	0	0	0	1	0	0	1	1	0	0	16
2013/12/28-05:32:42	11	1,781.833	29.912	9	0	0	0	0	0	0	1	1	0	0	17
2013/12/28-05:33:18	11	1,781.833	29.912	5	0	0	5	0	0	0	1	1	0	0	19
2013/12/28-05:33:57	11	1,781.833	29.912	6	0	1	0	1	0	0	1	0	0	1	23
2013/12/28-05:49:15	10	1,789	29.637	2	0	0	0	1	0	1	1	0	0	1	20
2013/12/28-05:49:55	10	1,789	29.637	3	0	0	2	1	0	0	1	1	0	0	26
2013/12/28-05:50:40	10	1,789	29.637	2	0	0	1	0	0	1	1	0	0	1	12
2013/12/28-05:52:00	10	1,789	29.637	4	0	0	0	2	0	0	1	1	0	0	14
2013/12/28-05:52:33	10	1,789	29.637	2	0	1	0	0	0	0	1	0	0	1	5
2013/12/28-06:02:23	10	1,789	29.637	1	0	0	0	2	0	0	1	1	0	0	6
2013/12/28-06:02:48	10	1,789	29.637	5	0	0	1	0	0	0	1	1	0	0	18
2013/12/28-06:03:25	10	1,789	29.637	3	0	0	0	0	0	0	1	1	0	0	7
2013/12/28-06:03:52	10	1,789	29.637	2	0	0	0	1	0	0	1	1	0	0	9
2013/12/28-06:04:20	10	1,789	29.637	3	0	0	3	1	0	0	1	1	0	0	9
2013/12/28-06:18:06	10	1,795.571	29.597	4	0	0	0	0	0	1	1	0	0	1	16
2013/12/28-06:19:25	10	1,795.571	29.597	7	0	0	0	1	0	0	1	1	0	0	19
2013/12/28-06:20:03	10	1,795.571	29.597	2	0	0	4	0	0	0	1	1	0	0	16
2013/12/28-06:20:38	10	1,795.571	29.597	2	0	1	0	1	0	0	1	0	0	1	13
2013/12/28-06:21:10	10	1,795.571	29.597	2	0	0	0	0	0	1	1	0	0	1	6
2013/12/28-06:36:05	10	1,795.571	29.597	7	0	0	0	1	0	1	1	0	0	1	22
2013/12/28-06:36:48	10	1,795.571	29.597	3	0	0	3	0	0	1	1	0	0	1	13
2013/12/28-06:37:20	10	1,795.571	29.597	0	0	1	0	0	0	0	1	0	0	1	12
2013/12/28-06:37:56	10	1,795.571	29.597	11	0	1	0	0	0	0	1	0	0	1	36
2013/12/28-06:39:15	10	1,795.571	29.597	2	0	0	0	0	0	1	1	0	0	1	10
2013/12/28-06:43:38	10	1,793.269	29.328	3	0	0	0	3	0	0	1	1	0	0	19
2013/12/28-06:44:17	10	1,793.269	29.328	3	0	0	0	2	0	1	1	1	0	0	9
2013/12/28-06:44:45	10	1,793.269	29.328	7	0	0	2	0	0	0	1	1	0	0	36
2013/12/28-06:45:40	10	1,793.269	29.328	4	0	0	0	1	0	0	1	1	0	0	12
2013/12/28-06:46:10	10	1,793.269	29.328	2	0	0	0	0	0	1	1	0	0	1	6
2013/12/28-07:06:09	10	1,793.269	29.328	4	0	0	1	0	0	1	1	0	0	1	28
2013/12/28-07:06:57	10	1,793.269	29.328	5	0	0	0	1	0	0	1	1	0	0	17
2013/12/28-07:07:33	10	1,793.269	29.328	1	0	0	0	1	0	0	1	1	0	0	3
2013/12/28-07:07:55	10	1,793.269	29.328	6	0	0	0	0	0	0	1	1	0	0	18
2013/12/28-07:08:28	10	1,793.269	29.328	0	0	1	0	0	0	0	1	0	0	1	4
2013/12/28-07:20:33	10	1,798.103	29.205	4	0	1	0	1	0	0	1	0	0	1	16
2013/12/28-07:21:08	10	1,798.103	29.205	8	0	0	0	0	0	0	1	1	0	0	16
2013/12/28-07:21:43	10	1,798.103	29.205	12	0	1	0	0	0	0	1	0	0	1	48
2013/12/28-07:22:49	10	1,798.103	29.205	2	0	0	0	1	0	0	1	1	0	0	14
2013/12/28-07:23:23	10	1,798.103	29.205	5	0	0	0	1	0	1	1	0	0	1	16
2013/12/28-07:30:37	10	1,798.103	29.205	5	0	0	2	1	0	0	1	1	0	0	24
2013/12/28-07:31:21	10	1,798.103	29.205	2	0	0	0	0	0	1	1	0	0	1	10
2013/12/28-07:32:17	10	1,798.103	29.205	6	0	0	0	0	0	1	1	0	0	1	12
2013/12/28-07:33:34	10	1,798.103	29.205	3	0	1	0	1	0	0	1	0	0	1	8
2013/12/28-07:34:53	10	1,798.103	29.205	3	0	0	0	1	0	1	1	0	0	1	18
2013/12/28-07:52:15	8	1,801.292	28.979	6	0	1	0	1	0	0	1	0	0	1	16
2013/12/28-07:53:06	8	1,801.292	28.979	2	0	1	0	0	0	0	1	0	0	1	4
2013/12/28-07:53:29	8	1,801.292	28.979	8	0	0	5	1	0	0	1	1	0	0	42
2013/12/28-07:54:30	8	1,801.292	28.979	0	0	1	0	0	0	0	1	0	0	1	9
2013/12/28-07:55:39	8	1,801.292	28.979	7	0	0	0	2	0	1	1	0	0	1	23
2013/12/28-08:04:50	8	1,801.292	28.979	10	0	0	0	0	0	0	1	1	0	0	26
2013/12/28-08:05:35	8	1,801.292	28.979	3	0	0	0	1	0	0	1	1	0	0	9
2013/12/28-08:06:03	8	1,801.292	28.979	1	0	1	2	0	0	0	1	0	0	1	12
2013/12/28-08:06:47	8	1,801.292	28.979	1	0	0	0	0	0	0	1	1	0	0	6
2013/12/28-08:07:12	8	1,801.292	28.979	1	0	1	0	1	0	0	1	0	0	1	13
2013/12/28-14:24:24	7	1,803.958	44.212	7	0	0	1	1	0	0	1	1	0	0	41
2013/12/28-14:25:25	7	1,803.958	44.212	16	0	0	0	0	0	0	1	1	0	0	44
2013/12/28-14:26:27	7	1,803.958	44.212	3	0	1	2	0	0	0	1	0	0	1	16
2013/12/28-14:27:02	7	1,803.958	44.212	6	0	0	0	0	0	1	1	0	0	1	17
2013/12/28-14:28:21	7	1,803.958	44.212	3	0	0	0	1	0	0	1	1	0	0	10
2013/12/28-14:44:06	6	1,818.589	43.185	3	0	0	0	2	0	0	1	1	0	0	5
2013/12/28-14:44:29	6	1,818.589	43.185	8	0	0	0	1	0	1	1	0	0	1	23
2013/12/28-14:45:11	6	1,818.589	43.185	12	0	0	1	0	0	0	1	1	0	0	47
2013/12/28-14:46:17	6	1,818.589	43.185	2	0	0	0	1	0	0	1	1	0	0	10
2013/12/28-14:46:46	6	1,818.589	43.185	8	0	0	1	0	0	1	1	0	0	1	29
2013/12/28-15:02:09	6	1,818.589	43.185	11	0	0	0	1	0	1	1	0	0	1	28
2013/12/28-15:02:58	6	1,818.589	43.185	0	0	1	0	0	0	0	1	0	0	1	6
2013/12/28-15:03:42	6	1,818.589	43.185	2	0	0	0	2	0	0	1	1	0	0	10
2013/12/28-15:04:10	6	1,818.589	43.185	6	0	1	1	0	0	0	1	0	0	1	25
2013/12/28-15:05:19	6	1,818.589	43.185	4	0	0	0	1	0	1	1	0	0	1	9
2013/12/28-19:47:52	3	1,829.878	53.287	9	0	0	0	0	0	0	1	1	0	0	31
2013/12/28-19:48:42	3	1,829.878	53.287	9	0	1	0	1	0	0	1	0	0	1	38
2013/12/28-19:49:39	3	1,829.878	53.287	2	0	0	0	0	0	1	1	0	0	1	11
2013/12/28-19:50:58	3	1,829.878	53.287	6	0	0	3	1	0	0	1	1	0	0	22
2013/12/28-19:51:40	3	1,829.878	53.287	1	0	1	0	1	0	0	1	0	0	1	22
2013/12/28-20:08:17	3	1,829.878	53.287	2	0	0	0	0	0	1	1	0	0	1	6
2013/12/28-20:08:53	4	1,829.119	50.822	10	0	0	4	0	0	1	1	0	0	1	34
2013/12/28-20:09:54	4	1,829.119	50.822	6	0	0	0	1	0	1	1	0	0	1	39
2013/12/28-20:11:02	4	1,829.119	50.822	3	0	0	1	2	0	0	1	1	0	0	60
2013/12/28-20:12:21	4	1,829.119	50.822	10	0	0	0	1	0	0	1	1	0	0	20
2013/12/28-20:33:19	4	1,829.119	50.822	2	0	0	0	0	0	1	1	0	0	1	10
2013/12/28-20:33:57	4	1,829.119	50.822	5	0	1	0	0	0	0	1	0	0	1	13
2013/12/28-20:34:29	4	1,829.119	50.822	4	0	1	0	0	0	0	1	0	0	1	16
2013/12/28-20:35:08	4	1,829.119	50.822	8	0	0	0	1	0	0	1	1	0	0	37
2013/12/28-20:36:04	4	1,829.119	50.822	5	0	0	1	2	0	0	1	1	0	0	46
2013/12/28-22:00:53	3	1,840.359	49.176	16	0	0	0	0	0	0	1	1	0	0	54
2013/12/28-22:02:06	3	1,840.359	49.176	3	0	0	0	0	0	1	1	0	0	1	14
2013/12/28-22:02:44	3	1,840.359	49.176	3	0	0	1	1	0	1	1	0	0	1	15
2013/12/28-22:03:24	3	1,840.359	49.176	8	0	0	3	1	0	0	1	1	0	0	39
2013/12/28-22:04:22	3	1,840.359	49.176	3	0	1	0	1	0	0	1	0	0	1	13
2013/12/28-22:05:13	3	1,840.359	49.176	5	0	0	0	1	0	1	1	0	0	1	25
2013/12/28-22:05:57	3	1,840.359	49.176	10	0	0	0	0	0	1	1	0	0	1	27
2013/12/28-22:06:44	3	1,840.359	49.176	2	0	1	0	0	0	0	1	0	0	1	6
2013/12/28-22:07:15	3	1,840.359	49.176	0	0	1	0	0	0	0	1	0	0	1	3
2013/12/28-22:08:48	3	1,840.359	49.176	8	0	0	0	0	0	0	1	1	0	0	18
2013/12/28-22:10:09	3	1,840.359	49.176	1	0	0	0	0	0	1	1	0	0	1	3
2013/12/28-22:11:19	3	1,840.359	49.176	7	0	1	0	1	0	0	1	0	0	1	23
2013/12/28-22:12:00	3	1,840.359	49.176	7	0	1	1	0	0	0	1	0	0	1	34
2013/12/28-22:13:08	3	1,840.359	49.176	1	0	0	0	0	0	1	1	0	0	1	4
2013/12/28-22:13:55	3	1,840.359	49.176	5	0	1	0	0	0	0	1	0	0	1	26
2013/12/28-22:24:42	4	1,826.995	45.416	7	0	0	0	0	0	1	1	0	0	1	24
2013/12/28-22:26:01	4	1,826.995	45.416	3	0	0	3	1	0	0	1	1	0	0	21
2013/12/28-22:26:41	4	1,826.995	45.416	8	0	1	0	0	0	0	1	0	0	1	28
2013/12/28-22:27:28	4	1,826.995	45.416	3	0	0	0	0	0	1	1	0	0	1	7
2013/12/28-22:28:04	4	1,826.995	45.416	1	0	0	0	1	0	1	1	0	0	1	4
2013/12/28-22:38:49	4	1,826.995	45.416	4	0	1	0	1	0	0	1	0	0	1	9
2013/12/28-22:39:36	4	1,826.995	45.416	6	0	1	0	0	0	0	1	0	0	1	20
2013/12/28-22:40:15	4	1,826.995	45.416	5	0	0	0	0	0	1	1	0	0	1	19
2013/12/28-22:41:34	4	1,826.995	45.416	4	0	0	1	2	0	0	1	1	0	0	11
2013/12/28-22:42:04	4	1,826.995	45.416	5	0	0	1	0	0	0	1	1	0	0	24
2013/12/28-22:58:01	6	1,824.816	42.977	1	0	0	0	0	0	1	1	0	0	1	3
2013/12/28-22:58:24	6	1,824.816	42.977	3	0	0	0	0	0	0	1	1	0	0	13
2013/12/28-22:58:56	6	1,824.816	42.977	3	0	0	0	0	0	1	1	0	0	1	13
2013/12/28-23:00:14	6	1,824.816	42.977	4	0	1	0	1	0	0	1	0	0	1	16
2013/12/28-23:01:18	6	1,824.816	42.977	2	0	0	0	1	0	1	1	0	0	1	6
2013/12/29-03:52:59	6	1,824.393	52.342	1	0	0	0	0	0	1	1	0	0	1	3
2013/12/29-03:53:57	6	1,824.393	52.342	20	0	0	0	0	0	0	1	1	0	0	60
2013/12/29-03:55:16	6	1,824.393	52.342	13	0	1	0	0	0	0	1	0	0	1	34
2013/12/29-03:56:09	6	1,824.393	52.342	1	0	0	0	1	0	1	1	0	0	1	9
2013/12/29-03:56:39	6	1,824.393	52.342	5	0	0	2	2	0	0	1	1	0	0	20
2013/12/29-04:26:41	5	1,825.292	50.345	6	0	1	0	0	0	0	1	0	0	1	20
2013/12/29-04:27:21	5	1,825.292	50.345	1	0	1	0	0	0	0	1	0	0	1	6
2013/12/29-04:27:46	5	1,825.292	50.345	9	0	0	2	1	0	0	1	1	0	0	19
2013/12/29-04:28:24	5	1,825.292	50.345	3	0	1	0	0	0	0	1	0	0	1	13
2013/12/29-04:29:20	5	1,825.292	50.345	2	0	0	0	1	0	0	1	1	0	0	7
2013/12/29-04:44:16	5	1,829.456	48.669	1	0	0	0	0	0	1	1	0	0	1	4
2013/12/29-04:45:35	5	1,829.456	48.669	6	0	0	0	0	0	0	1	1	0	0	19
2013/12/29-04:46:13	5	1,829.456	48.669	16	0	0	7	1	0	0	1	1	0	0	60
2013/12/29-04:47:32	5	1,829.456	48.669	2	0	0	0	2	0	0	1	1	0	0	6
2013/12/29-04:47:57	5	1,829.456	48.669	5	0	0	0	1	0	0	1	1	0	0	17
2013/12/29-09:37:01	1	1,848.183	56.581	14	0	0	1	0	0	1	1	0	0	1	50
2013/12/29-09:38:07	1	1,848.183	56.581	17	0	0	0	1	0	0	1	1	0	0	54
2013/12/29-09:39:17	1	1,848.183	56.581	9	0	0	0	0	0	0	1	1	0	0	34
2013/12/29-09:40:09	1	1,848.183	56.581	5	0	1	1	0	0	0	1	0	0	1	18
2013/12/29-09:40:45	1	1,848.183	56.581	6	0	0	0	2	0	0	1	1	0	0	21
2013/12/29-10:02:57	1	1,847.954	55	13	0	0	0	0	0	0	1	0	0	1	60
2013/12/29-10:04:15	1	1,847.954	55	2	0	0	0	0	0	1	1	0	0	1	12
2013/12/29-10:05:00	1	1,847.954	55	4	0	0	2	0	0	0	1	1	0	0	15
2013/12/29-10:05:34	1	1,847.954	55	13	0	0	0	0	0	0	1	0	0	1	60
2013/12/29-10:06:53	1	1,847.954	55	13	0	0	2	0	0	0	1	0	0	1	60
2013/12/29-10:20:04	1	1,847.954	55	1	0	0	0	0	0	1	1	0	0	1	9
2013/12/29-10:20:42	1	1,847.954	55	11	0	0	1	0	0	0	1	1	0	0	60
2013/12/29-10:22:01	1	1,847.954	55	7	0	0	1	0	0	1	1	0	0	1	37
2013/12/29-10:22:57	3	1,834.586	52.007	9	0	1	0	2	0	0	1	0	0	1	33
2013/12/29-10:23:49	3	1,834.586	52.007	4	0	1	1	0	0	0	1	0	0	1	25
2013/12/29-11:17:13	3	1,834.354	51.494	4	0	0	2	0	0	0	1	1	0	0	22
2013/12/29-11:17:54	3	1,834.354	51.494	13	0	0	2	1	0	0	1	1	0	0	37
2013/12/29-11:18:50	3	1,834.354	51.494	2	0	0	0	1	0	1	1	0	0	1	9
2013/12/29-11:19:28	3	1,834.354	51.494	14	0	0	2	1	0	0	1	1	0	0	56
2013/12/29-11:20:42	3	1,834.354	51.494	1	0	0	0	1	0	1	1	0	0	1	8
2013/12/29-11:44:49	3	1,822.557	50.566	7	0	0	0	0	0	0	1	1	0	0	30
2013/12/29-11:45:38	3	1,822.557	50.566	10	0	0	1	0	0	0	1	1	0	0	37
2013/12/29-11:46:34	3	1,822.557	50.566	5	0	1	2	1	0	0	1	0	0	1	18
2013/12/29-11:47:10	3	1,822.557	50.566	7	0	0	2	1	0	1	1	0	0	1	28
2013/12/29-11:47:57	3	1,822.557	50.566	13	0	0	1	0	0	0	1	1	0	0	40
2013/12/29-12:07:24	3	1,822.557	50.566	6	0	0	0	0	0	1	1	0	0	1	20
2013/12/29-12:08:04	3	1,831.588	48.877	6	0	0	1	0	0	1	1	0	0	1	22
2013/12/29-12:08:45	3	1,831.588	48.877	2	0	0	0	1	0	1	1	0	0	1	8
2013/12/29-12:10:01	3	1,831.588	48.877	3	0	0	1	0	0	1	1	0	0	1	19
2013/12/29-12:10:40	3	1,831.588	48.877	5	0	0	0	1	0	0	1	1	0	0	24
2013/12/29-15:49:11	3	1,827.808	53.316	6	0	0	2	1	0	0	1	1	0	0	24
2013/12/29-15:49:45	3	1,827.808	53.316	8	0	0	4	0	0	1	1	0	0	1	22
2013/12/29-15:50:30	3	1,827.808	53.316	0	0	0	0	0	0	0	1	0	1	0	0
2013/12/29-15:50:38	3	1,827.808	53.316	2	0	1	0	0	0	0	1	0	0	1	8
2013/12/29-15:50:57	3	1,827.808	53.316	0	0	0	0	0	0	0	1	0	1	0	0
2013/12/29-15:51:04	3	1,827.808	53.316	12	0	0	3	1	0	0	1	1	0	0	23
2013/12/29-15:51:42	3	1,827.808	53.316	0	0	0	0	0	0	0	1	0	1	0	0
2013/12/29-15:51:53	3	1,827.808	53.316	10	0	0	6	0	0	0	1	1	0	0	24
2013/12/29-15:53:01	3	1,827.808	53.316	6	0	0	4	0	0	0	1	1	0	0	24
2013/12/29-15:53:41	3	1,827.808	53.316	9	0	0	1	1	0	0	1	1	0	0	19
2013/12/29-16:59:47	3	1,827.808	53.316	2	0	0	0	0	0	0	1	1	0	0	9
2013/12/29-17:00:21	3	1,827.808	53.316	4	0	0	1	0	0	0	1	1	0	0	21
2013/12/29-17:01:07	3	1,827.808	53.316	7	0	0	7	0	0	1	1	0	0	1	43
2013/12/29-23:06:36	1	1,856.93	56.573	9	0	0	4	0	0	0	1	1	0	0	35
2013/12/29-23:07:27	1	1,856.93	56.573	3	0	0	0	2	0	1	1	0	0	1	14
2013/12/29-23:08:00	1	1,856.93	56.573	2	0	1	0	1	0	0	1	0	0	1	8
2013/12/29-23:08:39	1	1,856.93	56.573	9	0	0	0	2	0	0	1	1	0	0	31
2013/12/29-23:09:29	1	1,856.93	56.573	8	0	0	1	0	0	1	1	0	0	1	31
2013/12/29-23:39:48	1	1,862.013	54.146	4	0	1	0	1	0	0	1	0	0	1	23
2013/12/29-23:40:29	1	1,862.013	54.146	2	0	0	0	0	0	1	1	0	0	1	10
2013/12/29-23:41:48	1	1,862.013	54.146	3	0	0	1	0	0	1	1	0	0	1	11
2013/12/29-23:43:07	1	1,862.013	54.146	9	0	1	0	0	0	0	1	0	0	1	27
2013/12/29-23:44:26	1	1,862.013	54.146	2	0	0	0	1	0	1	1	0	0	1	6
2013/12/30-00:03:56	6	1,838.749	52.044	8	0	0	4	0	0	1	1	0	0	1	40
2013/12/30-00:04:56	6	1,838.749	52.044	4	0	0	1	0	0	1	1	0	0	1	17
2013/12/30-00:05:37	6	1,838.749	52.044	14	0	1	3	0	0	0	1	0	0	1	58
2013/12/30-00:06:54	6	1,838.749	52.044	2	0	1	0	0	0	0	1	0	0	1	10
2013/12/30-00:08:13	6	1,838.749	52.044	13	0	0	1	0	0	0	1	1	0	0	46
2013/12/30-05:59:23	6	1,835.367	59.157	2	0	0	0	1	0	1	1	0	0	1	8
2013/12/30-05:59:58	6	1,835.367	59.157	7	0	1	2	0	0	0	1	0	0	1	24
2013/12/30-06:01:10	6	1,835.367	59.157	7	0	0	0	0	0	1	1	0	0	1	24
2013/12/30-06:02:30	6	1,835.367	59.157	10	0	0	1	0	0	0	1	0	0	1	60
2013/12/30-06:03:49	6	1,835.367	59.157	13	0	0	2	1	0	0	1	1	0	0	60
2013/12/30-06:27:56	6	1,817.328	56.342	13	0	0	2	0	0	0	1	0	0	1	60
2013/12/30-06:29:15	6	1,817.328	56.342	11	0	0	1	2	0	0	1	1	0	0	30
2013/12/30-06:30:04	6	1,817.328	56.342	8	0	0	1	1	0	0	1	1	0	0	32
2013/12/30-06:30:55	6	1,817.328	56.342	8	0	0	0	0	0	1	1	0	0	1	24
2013/12/30-06:32:14	6	1,817.328	56.342	11	0	0	2	0	0	1	1	0	0	1	38
2013/12/30-06:53:02	6	1,817.328	56.342	1	0	0	0	0	0	1	1	0	0	1	6
2013/12/30-06:54:21	6	1,817.328	56.342	1	0	0	1	0	0	0	1	1	0	0	25
2013/12/30-06:55:05	6	1,817.328	56.342	8	0	1	1	0	0	0	1	0	0	1	28
2013/12/30-06:56:24	6	1,817.328	56.342	6	0	0	1	1	0	0	1	1	0	0	27
2013/12/30-06:57:10	6	1,817.328	56.342	4	0	1	0	0	0	0	1	0	0	1	24
