2013/09/02-13:36:12	8	1,500	350	1	0	1	0	0	0	0	1	0	0	1	3
2013/09/02-13:36:44	8	1,500	350	1	0	0	0	0	0	1	1	0	0	1	3
2013/09/02-13:37:05	8	1,500	350	2	0	1	0	0	0	0	1	0	0	1	21
2013/09/02-13:37:48	8	1,500	350	7	0	0	0	1	0	0	1	1	0	0	34
2013/09/02-13:38:41	8	1,500	350	5	0	0	2	0	0	1	1	0	0	1	22
2013/09/02-14:11:24	8	1,500	350	6	0	1	2	0	0	0	1	0	0	1	18
2013/09/02-14:12:01	6	1,547.438	271.847	1	0	1	0	0	0	0	1	0	0	1	31
2013/09/02-14:13:20	6	1,547.438	271.847	9	0	0	3	0	0	1	1	0	0	1	29
2013/09/02-14:14:21	6	1,547.438	271.847	2	0	0	0	0	0	1	1	0	0	1	11
2013/09/02-14:14:51	6	1,547.438	271.847	6	0	0	0	1	0	1	1	0	0	1	24
2013/09/02-14:22:23	6	1,547.438	271.847	0	0	1	0	0	0	0	1	1	0	0	6
2013/09/02-14:22:48	6	1,547.438	271.847	0	0	1	0	0	0	0	1	0	0	1	3
2013/09/02-14:23:12	6	1,547.438	271.847	4	0	0	2	0	0	1	1	0	0	1	9
2013/09/02-14:23:40	6	1,547.438	271.847	0	0	1	0	0	0	0	1	0	0	1	10
2013/09/02-14:24:40	6	1,547.438	271.847	1	0	1	0	0	0	0	1	0	0	1	6
2013/09/02-20:52:37	18	1,730.549	216.099	0	0	0	0	0	0	0	1	0	1	0	60
2013/09/02-20:53:56	18	1,730.549	216.099	14	0	0	2	0	0	1	1	0	0	1	44
2013/09/02-20:54:59	18	1,730.549	216.099	13	0	0	0	2	0	0	1	1	0	0	60
2013/09/02-20:56:17	18	1,730.549	216.099	1	0	0	0	0	0	1	1	0	0	1	3
2013/09/02-20:57:30	18	1,730.549	216.099	3	0	0	0	1	0	1	1	0	0	1	10
2013/09/02-21:12:52	27	1,609.95	176.912	1	0	0	0	0	0	1	1	0	0	1	3
2013/09/02-21:14:11	27	1,609.95	176.912	12	0	0	0	2	0	1	1	0	0	1	19
2013/09/02-21:14:49	27	1,609.95	176.912	7	0	0	0	0	0	1	1	0	0	1	25
2013/09/02-21:16:08	27	1,609.95	176.912	1	0	0	0	0	0	1	1	0	0	1	3
2013/09/02-21:17:27	27	1,609.95	176.912	17	0	0	2	1	0	1	1	0	0	1	43
2013/09/02-21:31:08	27	1,609.95	176.912	3	0	0	1	0	0	1	1	0	0	1	30
2013/09/02-21:31:57	27	1,609.95	176.912	2	0	1	0	0	0	0	1	0	0	1	6
2013/09/02-21:33:00	27	1,609.95	176.912	1	0	0	0	0	0	1	1	0	0	1	4
2013/09/02-21:34:19	27	1,609.95	176.912	8	0	0	0	0	0	0	1	1	0	0	60
2013/09/02-21:35:36	27	1,609.95	176.912	1	0	1	0	1	0	0	1	0	0	1	3
2013/09/03-10:45:59	41	1,527.626	144.891	1	0	1	0	0	0	0	1	0	0	1	6
2013/09/03-10:46:24	41	1,527.626	144.891	1	0	1	0	0	0	0	1	0	0	1	3
2013/09/03-10:47:11	41	1,527.626	144.891	1	0	0	0	0	0	1	1	0	0	1	4
2013/09/03-10:47:53	41	1,527.626	144.891	3	0	1	0	0	0	0	1	0	0	1	37
2013/09/03-10:48:48	41	1,527.626	144.891	0	0	1	0	0	0	0	1	0	0	1	4
2013/09/03-10:53:24	41	1,527.626	144.891	1	0	1	0	0	0	0	1	0	0	1	3
2013/09/03-10:54:20	41	1,527.626	144.891	13	0	1	0	1	0	0	1	0	0	1	30
2013/09/03-10:55:10	41	1,527.626	144.891	1	0	1	0	0	0	0	1	0	0	1	7
2013/09/03-10:55:35	41	1,527.626	144.891	7	0	1	0	0	0	0	1	0	0	1	27
2013/09/03-10:56:22	41	1,527.626	144.891	0	0	0	0	0	0	0	1	1	0	0	60
2013/09/03-14:57:45	41	1,527.626	144.891	0	0	0	0	0	0	0	1	1	0	0	60
2013/09/03-14:59:04	41	1,527.626	144.891	5	0	0	0	1	0	1	1	0	0	1	6
2013/09/03-14:59:38	41	1,527.626	144.891	1	0	0	0	0	0	1	1	0	0	1	3
2013/09/03-15:00:53	41	1,527.626	144.891	2	0	0	0	2	0	1	1	0	0	1	8
2013/09/03-15:01:20	41	1,527.626	144.891	4	0	0	2	0	0	0	1	1	0	0	22
2013/09/03-15:16:17	50	1,448.912	114.969	0	0	0	0	0	0	0	1	1	0	0	60
2013/09/03-15:17:36	50	1,448.912	114.969	2	0	0	0	1	0	1	1	0	0	1	6
2013/09/03-15:18:12	50	1,448.912	114.969	0	0	0	0	0	0	0	1	1	0	0	5
2013/09/03-15:18:36	50	1,448.912	114.969	1	0	0	0	1	0	1	1	0	0	1	3
2013/09/03-15:19:01	50	1,448.912	114.969	1	0	0	0	0	0	0	1	1	0	0	12
2013/09/03-15:38:36	50	1,451.674	101.712	9	0	0	0	1	0	1	1	0	0	1	37
2013/09/03-15:39:32	50	1,451.674	101.712	2	0	0	0	1	0	1	1	0	0	1	7
2013/09/03-15:39:58	50	1,451.674	101.712	1	0	1	0	2	0	0	1	0	0	1	3
2013/09/03-15:40:20	50	1,451.674	101.712	1	0	1	0	1	0	0	1	0	0	1	3
2013/09/03-15:40:52	50	1,451.674	101.712	2	0	0	0	1	0	1	1	1	0	0	9
2013/09/03-15:47:55	50	1,451.674	101.712	9	0	0	3	0	0	1	1	0	0	1	32
2013/09/03-15:48:46	50	1,451.674	101.712	1	0	0	0	1	0	0	1	1	0	0	4
2013/09/03-15:49:09	50	1,451.674	101.712	2	0	0	0	2	0	1	1	0	0	1	10
2013/09/03-15:49:38	50	1,451.674	101.712	1	0	0	0	1	0	1	1	0	0	1	3
2013/09/03-15:50:05	50	1,451.674	101.712	5	0	1	0	1	0	0	1	0	0	1	14
2013/09/03-20:02:37	49	1,448.685	91.519	1	0	1	0	0	0	0	1	0	0	1	4
2013/09/03-20:03:00	49	1,448.685	91.519	20	0	0	0	1	0	0	1	1	0	0	20
2013/09/03-20:03:39	49	1,448.685	91.519	2	0	0	0	1	0	1	1	0	0	1	6
2013/09/03-20:04:06	49	1,448.685	91.519	1	0	0	0	1	0	1	1	1	0	0	3
2013/09/03-20:04:28	49	1,448.685	91.519	2	0	0	0	2	0	1	1	1	0	0	6
2013/09/03-20:21:14	49	1,448.685	91.519	1	0	0	0	0	0	1	1	0	0	1	3
2013/09/03-20:21:36	49	1,448.685	91.519	1	0	0	0	2	0	1	1	1	0	0	10
2013/09/03-20:22:05	49	1,448.685	91.519	7	0	0	0	0	0	1	1	0	0	1	25
2013/09/03-20:23:23	49	1,448.685	91.519	2	0	0	0	0	0	1	1	0	0	1	6
2013/09/03-20:23:49	49	1,448.685	91.519	0	0	0	0	0	0	0	1	1	0	0	60
2013/09/03-20:37:05	53	1,417.201	79.401	1	0	0	0	1	0	1	1	0	0	1	4
2013/09/03-20:37:31	53	1,417.201	79.401	0	0	0	0	0	0	0	1	1	0	0	60
2013/09/03-20:38:49	53	1,417.201	79.401	7	0	0	0	2	0	0	1	1	0	0	9
2013/09/03-20:39:17	53	1,417.201	79.401	1	0	0	0	1	0	1	1	0	0	1	5
2013/09/03-20:39:43	53	1,417.201	79.401	1	0	0	0	0	0	0	1	1	0	0	3
2013/09/04-15:28:39	54	1,415.108	78.264	2	0	0	0	1	0	1	1	0	0	1	5
2013/09/04-15:29:03	54	1,415.108	78.264	9	0	0	2	1	0	1	1	0	0	1	50
2013/09/04-15:30:22	54	1,415.108	78.264	1	0	0	0	0	0	1	1	0	0	1	3
2013/09/04-15:30:43	54	1,415.108	78.264	4	0	0	0	1	0	0	1	1	0	0	19
2013/09/04-15:31:21	54	1,415.108	78.264	1	0	0	0	0	0	0	1	0	0	1	60
2013/09/04-15:53:19	53	1,416.477	72.616	5	0	0	0	0	0	0	1	1	0	0	60
2013/09/04-15:54:38	53	1,416.477	72.616	1	0	0	0	1	0	1	1	0	0	1	3
2013/09/04-15:54:59	53	1,416.477	72.616	1	0	1	0	0	0	0	1	0	0	1	7
2013/09/04-15:55:52	53	1,416.477	72.616	2	0	0	0	0	0	1	1	0	0	1	6
2013/09/04-15:56:16	53	1,416.477	72.616	4	0	0	1	0	0	1	1	0	0	1	7
2013/09/04-16:06:11	54	1,397.416	68.015	6	0	0	0	0	0	0	1	1	0	0	21
2013/09/04-16:06:50	54	1,397.416	68.015	1	0	0	0	0	0	1	1	0	0	1	6
2013/09/04-16:07:16	54	1,397.416	68.015	1	0	0	0	0	0	1	1	0	0	1	5
2013/09/04-16:07:40	54	1,397.416	68.015	1	0	0	0	0	0	1	1	0	0	1	3
2013/09/04-16:08:32	54	1,397.416	68.015	2	0	0	0	1	0	1	1	0	0	1	6
2013/09/04-20:46:49	54	1,383.34	69.378	1	0	1	0	2	0	0	1	1	0	0	3
2013/09/04-20:47:11	54	1,383.34	69.378	1	0	1	0	0	0	0	1	0	0	1	3
2013/09/04-20:47:34	54	1,383.34	69.378	1	0	1	0	0	0	0	1	1	0	0	4
2013/09/04-20:47:56	54	1,383.34	69.378	1	0	1	0	0	0	0	1	0	0	1	3
2013/09/04-20:48:18	54	1,383.34	69.378	3	0	0	0	1	0	0	1	1	0	0	14
2013/09/04-21:06:34	53	1,393.186	64.96	3	0	0	0	0	0	1	1	0	0	1	38
2013/09/04-21:07:54	53	1,393.186	64.96	15	0	0	0	0	0	0	1	1	0	0	60
2013/09/04-21:09:12	53	1,393.186	64.96	1	0	0	0	0	0	1	1	0	0	1	3
2013/09/04-21:10:31	53	1,393.186	64.96	2	0	1	0	1	0	0	1	0	0	1	6
2013/09/04-21:10:58	53	1,393.186	64.96	1	0	1	0	1	0	0	1	0	0	1	13
2013/09/04-21:21:34	53	1,393.186	64.96	4	0	0	0	3	0	0	1	1	0	0	15
2013/09/04-21:22:08	53	1,393.186	64.96	5	0	0	2	0	0	1	1	0	0	1	32
2013/09/04-21:23:27	53	1,393.186	64.96	8	0	1	2	0	0	0	1	0	0	1	20
2013/09/04-21:24:22	53	1,393.186	64.96	2	0	1	0	1	0	0	1	1	0	0	10
2013/09/04-21:24:51	53	1,393.186	64.96	1	0	0	0	1	0	1	1	0	0	1	3
2013/09/05-02:48:19	54	1,369.551	64.777	2	0	0	0	1	0	1	1	0	0	1	6
2013/09/05-02:48:52	54	1,369.551	64.777	2	0	1	0	1	0	0	1	1	0	0	7
2013/09/05-02:49:18	54	1,369.551	64.777	5	0	0	1	1	0	0	1	1	0	0	60
2013/09/05-02:50:37	54	1,369.551	64.777	4	0	0	0	1	0	1	1	1	0	0	14
2013/09/05-02:51:10	54	1,369.551	64.777	2	0	0	0	1	0	1	1	0	0	1	6
2013/09/05-03:13:10	52	1,383.213	61.051	0	0	0	0	0	0	0	1	1	0	0	60
2013/09/05-03:14:29	52	1,383.213	61.051	1	0	0	0	0	0	1	1	0	0	1	3
2013/09/05-03:15:34	52	1,383.213	61.051	1	0	0	0	2	0	1	1	0	0	1	3
2013/09/05-03:15:55	52	1,383.213	61.051	2	0	0	0	3	0	1	1	1	0	0	7
2013/09/05-03:16:21	52	1,383.213	61.051	3	0	0	0	2	0	1	1	0	0	1	9
2013/09/05-03:27:58	52	1,383.707	57.986	3	0	0	0	1	0	1	1	0	0	1	13
2013/09/05-03:28:31	52	1,383.707	57.986	1	0	0	0	1	0	1	1	0	0	1	5
2013/09/05-03:28:56	52	1,383.707	57.986	4	0	1	3	0	0	0	1	0	0	1	47
2013/09/05-03:30:02	52	1,383.707	57.986	1	0	0	0	0	0	1	1	0	0	1	3
2013/09/05-03:30:25	52	1,383.707	57.986	1	0	1	0	0	0	0	1	0	0	1	3
2013/09/06-00:07:47	54	1,371.428	60.678	3	0	0	1	0	0	0	1	1	0	0	60
2013/09/06-00:09:07	54	1,371.428	60.678	1	0	1	0	0	0	0	1	0	0	1	3
2013/09/06-00:09:36	54	1,371.428	60.678	2	0	0	0	0	0	1	1	0	0	1	16
2013/09/06-00:10:54	54	1,371.428	60.678	1	0	0	0	0	0	0	1	1	0	0	15
2013/09/06-00:11:28	54	1,371.428	60.678	6	0	0	1	0	0	0	1	1	0	0	60
2013/09/06-00:38:48	53	1,384.115	57.62	3	0	0	0	0	0	0	1	1	0	0	23
2013/09/06-00:39:29	53	1,384.115	57.62	5	0	0	0	1	0	0	1	1	0	0	45
2013/09/06-00:40:33	53	1,384.115	57.62	4	0	0	0	0	0	0	1	1	0	0	31
2013/09/06-00:41:23	53	1,384.115	57.62	5	0	0	1	0	0	1	1	0	0	1	23
2013/09/06-00:42:05	53	1,384.115	57.62	2	0	0	0	0	0	0	1	1	0	0	11
2013/09/06-01:04:52	50	1,418.9	54.909	10	0	0	2	0	0	1	1	0	0	1	42
2013/09/06-01:06:11	50	1,418.9	54.909	13	0	0	1	0	0	1	1	0	0	1	39
2013/09/06-01:07:08	50	1,418.9	54.909	7	0	0	1	0	0	1	1	0	0	1	25
2013/09/06-01:07:52	50	1,418.9	54.909	12	0	0	1	0	0	1	1	0	0	1	57
2013/09/06-01:09:08	50	1,418.9	54.909	12	0	0	0	0	0	1	1	0	0	1	33
2013/09/07-11:33:17	52	1,419.076	61.922	6	0	0	2	0	0	0	1	1	0	0	60
2013/09/07-11:34:37	52	1,419.076	61.922	5	0	0	5	0	0	0	1	1	0	0	60
2013/09/07-11:35:57	52	1,419.076	61.922	0	0	0	0	0	0	0	1	0	0	1	60
2013/09/07-11:37:16	52	1,419.076	61.922	4	0	0	0	0	0	1	1	0	0	1	16
2013/09/07-11:38:04	52	1,419.076	61.922	3	0	0	1	0	0	1	1	0	0	1	14
2013/09/07-12:58:52	50	1,422.991	58.871	4	0	0	1	0	0	1	1	0	0	1	11
2013/09/07-13:00:09	50	1,422.991	58.871	4	0	0	1	0	0	1	1	0	0	1	20
2013/09/07-13:00:48	50	1,422.991	58.871	12	0	0	1	0	0	0	1	0	0	1	60
2013/09/07-13:02:06	50	1,422.991	58.871	5	0	0	1	0	0	1	1	0	0	1	16
2013/09/07-13:02:52	50	1,422.991	58.871	1	0	0	0	0	0	1	1	0	0	1	5
2013/09/07-13:27:38	50	1,422.991	58.871	8	0	0	2	0	0	1	1	0	0	1	39
2013/09/07-13:28:56	50	1,422.991	58.871	12	0	0	4	0	0	1	1	0	0	1	36
2013/09/07-13:29:51	50	1,422.991	58.871	3	0	1	1	1	0	0	1	0	0	1	14
2013/09/07-13:31:10	50	1,422.991	58.871	12	0	0	1	2	0	1	1	0	0	1	54
2013/09/07-13:32:22	50	1,422.991	58.871	2	0	0	0	1	0	1	1	0	0	1	7
2013/09/09-01:33:53	52	1,392.948	59.729	3	0	0	1	0	0	0	1	0	0	1	60
2013/09/09-01:35:12	52	1,392.948	59.729	7	0	0	1	0	0	1	1	0	0	1	21
2013/09/09-07:20:41	52	1,392.948	59.729	15	0	1	3	0	0	0	1	0	0	1	57
2013/09/09-07:21:58	52	1,392.948	59.729	6	0	0	1	0	0	1	1	0	0	1	13
2013/09/09-07:22:30	52	1,392.948	59.729	4	0	0	0	1	0	1	1	0	0	1	41
2013/09/09-07:31:16	52	1,392.948	59.729	6	0	0	1	1	0	1	1	0	0	1	27
2013/09/09-07:32:02	52	1,392.948	59.729	6	0	0	0	1	0	0	1	1	0	0	60
2013/09/09-07:33:21	52	1,392.948	59.729	4	0	0	1	0	0	1	1	0	0	1	9
2013/09/09-07:34:40	52	1,392.948	59.729	12	0	0	0	2	0	0	1	1	0	0	49
2013/09/09-07:35:47	51	1,409.454	55.142	4	0	0	1	0	0	1	1	0	0	1	10
2013/09/09-07:54:15	51	1,409.454	55.142	4	0	0	1	0	0	1	1	0	0	1	13
2013/09/09-07:55:20	51	1,409.454	55.142	12	0	0	2	0	0	1	1	0	0	1	43
2013/09/09-07:56:38	51	1,409.454	55.142	5	0	0	1	0	0	1	1	0	0	1	10
2013/09/09-07:57:57	51	1,409.454	55.142	1	0	0	0	0	0	1	1	0	0	1	7
2013/09/09-07:59:16	51	1,409.454	55.142	7	0	0	1	0	0	1	1	0	0	1	20
2013/09/10-20:07:31	54	1,378.25	59.257	16	0	0	3	0	0	1	1	0	0	1	44
2013/09/10-20:08:34	54	1,378.25	59.257	9	0	0	2	0	0	1	1	0	0	1	37
2013/09/10-20:09:30	54	1,378.25	59.257	1	0	0	0	0	0	0	1	1	0	0	8
2013/09/10-20:09:56	54	1,378.25	59.257	5	0	0	1	0	0	0	1	1	0	0	29
2013/09/10-20:10:44	54	1,378.25	59.257	3	0	0	0	1	0	0	1	1	0	0	35
2013/09/10-20:49:41	49	1,408.943	56.369	3	0	0	1	0	0	1	1	0	0	1	28
2013/09/10-20:51:00	49	1,408.943	56.369	8	0	0	0	0	0	1	1	0	0	1	37
2013/09/10-20:52:19	49	1,408.943	56.369	8	0	1	1	0	0	0	1	0	0	1	43
2013/09/10-20:53:21	49	1,408.943	56.369	6	0	0	1	1	0	1	1	0	0	1	35
2013/09/10-20:54:40	49	1,408.943	56.369	4	0	0	0	0	0	1	1	0	0	1	41
2013/09/10-21:22:13	55	1,391.372	53.806	6	0	1	1	0	0	0	1	0	0	1	29
2013/09/10-21:23:01	55	1,391.372	53.806	4	0	0	0	1	0	1	1	0	0	1	13
2013/09/10-21:23:34	55	1,391.372	53.806	3	0	0	0	1	0	1	1	0	0	1	10
2013/09/10-21:24:03	55	1,391.372	53.806	8	0	0	1	0	0	0	1	1	0	0	60
2013/09/10-21:25:22	55	1,391.372	53.806	8	0	0	2	1	0	1	1	0	0	1	49
2013/09/11-10:20:48	53	1,402.892	58.747	2	0	0	0	0	0	1	1	0	0	1	19
2013/09/11-10:21:45	53	1,402.892	58.747	5	0	0	2	0	0	1	1	0	0	1	24
2013/09/11-10:22:28	53	1,402.892	58.747	7	0	0	1	0	0	1	1	0	0	1	28
2013/09/11-10:23:15	53	1,402.892	58.747	3	0	0	1	0	0	1	1	0	0	1	17
2013/09/11-10:23:55	53	1,402.892	58.747	4	0	0	0	0	0	1	1	0	0	1	24
2013/09/11-11:41:23	53	1,402.892	58.747	4	0	0	1	0	0	1	1	0	0	1	23
2013/09/11-11:42:05	56	1,382.529	55.503	3	0	0	0	0	0	0	1	1	0	0	23
2013/09/11-11:42:47	56	1,382.529	55.503	2	0	1	1	0	0	0	1	0	0	1	24
2013/09/11-11:43:30	56	1,382.529	55.503	4	0	0	3	0	0	1	1	0	0	1	37
2013/09/11-11:44:26	56	1,382.529	55.503	3	0	0	0	0	0	1	1	0	0	1	6
2013/09/11-11:56:23	56	1,382.529	55.503	7	0	0	0	1	0	1	1	1	0	0	60
2013/09/11-11:57:41	56	1,382.529	55.503	2	0	1	0	1	0	0	1	1	0	0	2
2013/09/11-13:33:51	56	1,382.529	55.503	5	0	0	1	1	0	0	1	1	0	0	15
2013/09/11-13:34:24	56	1,382.529	55.503	4	0	0	0	1	0	1	1	1	0	0	37
2013/09/11-13:35:19	56	1,382.529	55.503	4	0	0	1	0	0	1	1	0	0	1	37
2013/09/12-00:33:34	52	1,407.389	60.024	2	0	0	0	0	0	1	1	0	0	1	6
2013/09/12-00:34:24	52	1,407.389	60.024	10	0	0	3	0	0	0	1	0	0	1	60
2013/09/12-00:35:43	52	1,407.389	60.024	9	0	0	2	0	0	1	1	0	0	1	41
2013/09/12-00:36:42	52	1,407.389	60.024	5	0	0	1	0	0	1	1	0	0	1	13
2013/09/12-00:37:29	52	1,407.389	60.024	6	0	0	3	1	0	1	1	0	0	1	21
2013/09/12-07:42:58	52	1,407.389	60.024	5	0	0	0	1	0	1	1	0	0	1	10
2013/09/12-07:43:27	52	1,407.389	60.024	3	0	0	2	0	0	0	1	1	0	0	30
2013/09/12-07:44:15	52	1,407.389	60.024	10	0	0	2	0	0	0	1	0	0	1	60
2013/09/12-07:45:34	52	1,407.389	60.024	3	0	0	1	0	0	1	1	0	0	1	14
2013/09/12-07:46:15	52	1,407.389	60.024	5	0	0	1	0	0	1	1	0	0	1	13
2013/09/12-07:59:28	55	1,382.35	54.927	6	0	0	0	0	0	1	1	0	0	1	19
2013/09/12-08:00:30	55	1,382.35	54.927	2	0	0	0	0	0	1	1	0	0	1	7
2013/09/12-08:01:31	55	1,382.35	54.927	6	0	0	0	1	0	0	1	1	0	0	60
2013/09/12-08:02:50	55	1,382.35	54.927	2	0	0	0	0	0	1	1	0	0	1	6
2013/09/12-08:03:43	55	1,382.35	54.927	4	0	1	0	1	0	0	1	0	0	1	22
2013/09/13-20:18:45	55	1,367.178	70.434	5	0	0	1	0	0	1	1	0	0	1	12
2013/09/13-20:19:32	55	1,367.178	70.434	3	0	0	0	1	0	1	1	0	0	1	5
2013/09/13-20:20:12	55	1,367.178	70.434	3	0	0	1	0	0	0	1	1	0	0	23
2013/09/13-20:20:53	55	1,367.178	70.434	5	0	1	1	0	0	0	1	0	0	1	15
2013/09/13-20:21:27	55	1,367.178	70.434	8	0	0	0	0	0	0	1	1	0	0	54
2013/09/13-20:32:35	55	1,373.455	65.834	7	0	0	0	0	0	0	1	1	0	0	60
2013/09/13-20:33:53	55	1,373.455	65.834	8	0	0	1	1	0	1	1	0	0	1	28
2013/09/13-20:34:44	55	1,373.455	65.834	9	0	0	2	1	0	1	1	0	0	1	22
2013/09/13-20:35:31	55	1,373.455	65.834	10	0	1	0	1	0	0	1	0	0	1	36
2013/09/13-20:36:25	55	1,373.455	65.834	9	0	0	0	1	0	0	1	1	0	0	41
2013/09/13-20:58:30	55	1,373.455	65.834	5	0	0	1	0	0	1	1	0	0	1	15
2013/09/13-20:59:15	53	1,385.304	61.4	3	0	0	2	0	0	1	1	0	0	1	13
2013/09/13-20:59:58	53	1,385.304	61.4	7	0	0	0	0	0	0	1	0	0	1	60
2013/09/13-21:01:17	53	1,385.304	61.4	6	0	0	2	1	0	1	1	0	0	1	21
2013/09/13-21:01:57	53	1,385.304	61.4	6	0	1	0	0	0	0	1	0	0	1	54
2013/09/14-03:18:43	54	1,380.417	63.515	4	0	0	0	0	0	1	1	0	0	1	22
2013/09/14-03:20:02	54	1,380.417	63.515	8	0	0	2	0	0	0	1	1	0	0	60
2013/09/14-03:21:21	54	1,380.417	63.515	6	0	1	1	0	0	0	1	0	0	1	13
2013/09/14-03:22:08	53	1,392.091	62.407	6	0	0	2	0	0	1	1	0	0	1	33
2013/09/14-03:23:27	53	1,392.091	62.407	3	0	0	1	0	0	0	1	1	0	0	17
2013/09/14-03:42:19	53	1,392.091	62.407	3	0	0	1	0	0	1	1	0	0	1	46
2013/09/14-03:43:38	53	1,392.091	62.407	6	0	0	0	0	0	1	1	0	0	1	53
2013/09/14-03:44:50	53	1,392.091	62.407	5	0	0	1	0	0	1	1	0	0	1	12
2013/09/14-03:46:08	53	1,392.091	62.407	7	0	0	2	0	0	1	1	0	0	1	25
2013/09/14-03:47:27	53	1,392.091	62.407	10	0	1	1	0	0	0	1	0	0	1	51
2013/09/14-04:01:20	51	1,431.542	60.38	3	0	0	1	0	0	1	1	0	0	1	11
2013/09/14-04:02:15	51	1,431.542	60.38	8	0	1	1	0	0	0	1	0	0	1	27
2013/09/14-04:03:23	51	1,431.542	60.38	5	0	1	0	0	0	0	1	0	0	1	8
2013/09/14-04:04:13	51	1,431.542	60.38	10	0	0	2	0	0	1	1	0	0	1	34
2013/09/14-04:05:06	51	1,431.542	60.38	5	0	0	1	0	0	1	1	0	0	1	16
2013/09/14-07:24:26	53	1,425.569	61.854	4	0	1	0	0	0	0	1	0	0	1	23
2013/09/14-07:25:21	53	1,425.569	61.854	9	0	0	2	0	0	1	1	0	0	1	32
2013/09/14-07:26:12	53	1,425.569	61.854	8	0	0	0	2	0	1	1	0	0	1	22
2013/09/14-07:26:52	53	1,425.569	61.854	7	0	1	1	0	0	0	1	0	0	1	44
2013/09/14-07:27:55	53	1,425.569	61.854	5	0	0	1	0	0	1	1	0	0	1	20
2013/09/14-07:29:08	53	1,438.835	59.707	14	0	1	2	0	0	0	1	0	0	1	42
2013/09/14-07:30:26	53	1,438.835	59.707	5	0	1	0	0	0	0	1	0	0	1	25
2013/09/14-09:33:17	53	1,438.835	59.707	5	0	0	1	0	0	1	1	0	0	1	18
2013/09/14-09:34:37	53	1,438.835	59.707	6	0	1	0	1	0	0	1	0	0	1	40
2013/09/14-09:35:54	53	1,438.835	59.707	8	0	0	3	0	0	1	1	0	0	1	25
2013/09/14-09:55:01	53	1,438.835	59.707	6	0	0	1	0	0	1	1	0	0	1	35
2013/09/14-09:56:19	53	1,438.835	59.707	7	0	0	1	1	0	1	1	0	0	1	17
2013/09/14-09:57:38	53	1,438.835	59.707	9	0	0	1	1	0	0	1	1	0	0	60
2013/09/14-09:58:57	53	1,438.835	59.707	9	0	0	0	2	0	1	1	0	0	1	36
2013/09/14-09:59:52	53	1,438.835	59.707	5	0	0	1	0	0	1	1	0	0	1	18
2013/09/14-13:17:36	55	1,413.674	59.891	2	0	0	1	0	0	1	1	0	0	1	12
2013/09/14-13:18:54	55	1,413.674	59.891	6	0	0	2	1	0	1	1	0	0	1	13
2013/09/14-13:24:27	55	1,413.674	59.891	2	0	0	2	0	0	1	1	0	0	1	28
2013/09/14-13:25:14	55	1,413.674	59.891	3	0	0	0	0	0	1	1	0	0	1	9
2013/09/14-13:26:16	55	1,413.674	59.891	8	0	0	2	0	0	1	1	0	0	1	23
2013/09/14-13:47:31	55	1,413.674	59.891	14	0	0	2	0	0	1	1	0	0	1	40
2013/09/14-13:48:46	55	1,413.674	59.891	7	0	0	4	0	0	0	1	1	0	0	50
2013/09/14-13:49:54	55	1,413.674	59.891	5	0	0	1	0	0	1	1	0	0	1	17
2013/09/14-13:51:13	55	1,413.674	59.891	3	0	1	0	0	0	0	1	0	0	1	15
2013/09/14-13:52:07	55	1,413.674	59.891	8	0	0	1	1	0	1	1	0	0	1	24
2013/09/14-14:02:03	52	1,426.11	56.014	10	0	0	3	0	0	1	1	0	0	1	48
2013/09/14-14:03:10	52	1,426.11	56.014	5	0	0	1	0	0	1	1	0	0	1	28
2013/09/14-14:04:01	52	1,426.11	56.014	2	0	0	0	0	0	1	1	0	0	1	6
2013/09/14-14:05:20	52	1,426.11	56.014	5	0	0	2	0	0	1	1	0	0	1	17
2013/09/14-14:05:56	52	1,426.11	56.014	6	0	1	1	1	0	0	1	0	0	1	14
2013/09/14-17:17:10	55	1,415.977	57.896	5	0	0	2	0	0	1	1	0	0	1	19
2013/09/14-17:17:48	55	1,415.977	57.896	9	0	0	3	0	0	1	1	0	0	1	40
2013/09/14-17:18:46	55	1,415.977	57.896	3	0	0	0	1	0	1	1	0	0	1	19
2013/09/14-17:19:28	53	1,434.259	56.926	3	0	0	0	0	0	1	1	0	0	1	5
2013/09/14-17:20:19	53	1,434.259	56.926	4	0	0	0	1	0	0	1	1	0	0	30
2013/09/14-17:38:21	53	1,434.259	56.926	4	0	0	2	0	0	1	1	0	0	1	14
2013/09/14-17:39:14	53	1,434.259	56.926	8	0	0	1	0	0	1	1	0	0	1	21
2013/09/14-17:39:54	53	1,434.259	56.926	6	0	0	1	0	0	1	1	0	0	1	26
2013/09/14-17:41:13	53	1,434.259	56.926	5	0	0	2	0	0	1	1	0	0	1	11
2013/09/14-17:42:09	53	1,434.259	56.926	6	0	0	0	0	0	0	1	1	0	0	31
2013/09/14-17:55:49	52	1,451.017	54.356	3	0	1	1	0	0	0	1	0	0	1	23
2013/09/14-17:56:32	52	1,451.017	54.356	5	0	0	0	0	0	1	1	0	0	1	8
2013/09/14-17:57:29	52	1,451.017	54.356	7	0	0	2	0	0	1	1	0	0	1	27
2013/09/14-17:58:29	52	1,451.017	54.356	5	0	0	0	0	0	0	1	0	0	1	60
2013/09/14-17:59:48	52	1,451.017	54.356	5	0	0	0	0	0	1	1	0	0	1	39
2013/09/14-21:40:27	52	1,477.306	57.796	9	0	0	2	0	0	1	1	0	0	1	30
2013/09/14-21:41:16	52	1,477.306	57.796	3	0	0	0	0	0	0	1	1	0	0	16
2013/09/14-21:41:50	52	1,477.306	57.796	3	0	0	0	0	0	0	1	1	0	0	7
2013/09/14-21:42:15	52	1,477.306	57.796	2	0	0	1	0	0	0	1	1	0	0	20
2013/09/14-21:42:54	52	1,477.306	57.796	1	0	0	0	0	0	0	1	1	0	0	4
2013/09/14-21:54:54	51	1,489.143	56.136	6	0	0	1	0	0	1	1	0	0	1	21
2013/09/14-21:55:41	51	1,489.143	56.136	8	0	1	1	0	0	0	1	0	0	1	17
2013/09/14-21:56:28	51	1,489.143	56.136	3	0	0	1	1	0	1	1	0	0	1	11
2013/09/14-21:56:58	51	1,489.143	56.136	3	0	1	0	0	0	0	1	0	0	1	5
2013/09/14-21:57:48	51	1,489.143	56.136	5	0	0	1	0	0	1	1	0	0	1	14
2013/09/14-22:05:44	51	1,489.143	56.136	3	0	1	0	0	0	0	1	0	0	1	5
2013/09/14-22:06:17	51	1,489.143	56.136	2	0	1	1	0	0	0	1	0	0	1	7
2013/09/14-22:06:43	51	1,489.143	56.136	2	0	0	1	0	0	1	1	0	0	1	9
2013/09/14-22:07:25	51	1,489.143	56.136	4	0	0	0	0	0	0	1	1	0	0	16
2013/09/14-22:07:59	51	1,489.143	56.136	4	0	0	1	0	0	1	1	0	0	1	12
2013/09/15-10:01:35	53	1,438.063	59.34	14	0	1	2	1	0	0	1	0	0	1	42
2013/09/15-10:02:37	53	1,438.063	59.34	4	0	0	2	0	0	1	1	0	0	1	17
2013/09/15-10:03:23	53	1,438.063	59.34	2	0	0	0	0	0	1	1	0	0	1	19
2013/09/15-10:04:01	53	1,438.063	59.34	7	0	0	2	1	0	1	1	0	0	1	22
2013/09/15-10:04:43	53	1,438.063	59.34	7	0	0	2	1	0	1	1	1	0	0	26
2013/09/15-10:32:20	51	1,460.471	56.952	6	0	0	1	0	0	1	1	0	0	1	22
2013/09/15-10:33:10	51	1,460.471	56.952	2	0	0	1	0	0	1	1	0	0	1	22
2013/09/15-10:34:23	51	1,460.471	56.952	3	0	0	1	0	0	1	1	0	0	1	12
2013/09/15-10:34:58	51	1,460.471	56.952	5	0	1	0	0	0	0	1	0	0	1	21
2013/09/15-10:35:38	51	1,460.471	56.952	5	0	0	2	0	0	1	1	0	0	1	21
2013/09/15-10:45:51	51	1,470.015	54.816	10	0	0	2	0	0	0	1	0	0	1	60
2013/09/15-10:47:10	51	1,470.015	54.816	9	0	0	2	1	0	1	1	0	0	1	21
2013/09/15-10:47:50	51	1,470.015	54.816	6	0	0	1	0	0	1	1	0	0	1	19
2013/09/15-10:48:39	51	1,470.015	54.816	15	0	0	4	0	0	0	1	1	0	0	60
2013/09/15-10:49:58	51	1,470.015	54.816	7	0	0	1	0	0	1	1	0	0	1	51
2013/09/15-13:05:46	51	1,494.696	54.046	4	0	0	1	0	0	1	1	0	0	1	16
2013/09/15-13:06:58	51	1,494.696	54.046	4	0	0	1	0	0	0	1	1	0	0	60
2013/09/15-13:08:16	51	1,494.696	54.046	4	0	0	1	0	0	1	1	0	0	1	30
2013/09/15-13:09:35	51	1,494.696	54.046	7	0	0	1	0	0	1	1	0	0	1	24
2013/09/15-13:10:17	51	1,494.696	54.046	4	0	0	1	0	0	1	1	0	0	1	8
2013/09/15-13:16:42	51	1,494.696	54.046	4	0	0	1	0	0	1	1	0	0	1	25
2013/09/15-13:17:27	51	1,494.696	54.046	5	0	0	0	0	0	1	1	0	0	1	20
2013/09/15-13:18:22	51	1,494.696	54.046	5	0	0	1	0	0	1	1	0	0	1	13
2013/09/15-13:19:41	51	1,494.696	54.046	5	0	0	1	0	0	0	1	1	0	0	38
2013/09/15-13:20:37	51	1,494.696	54.046	7	0	1	1	0	0	0	1	0	0	1	60
2013/09/15-13:38:35	51	1,513.446	50.294	6	0	0	1	1	0	1	1	0	0	1	27
2013/09/15-13:39:21	51	1,513.446	50.294	5	0	0	1	0	0	1	1	0	0	1	25
2013/09/15-13:40:37	51	1,513.446	50.294	6	0	0	1	0	0	1	1	0	0	1	25
2013/09/15-13:41:21	51	1,513.446	50.294	3	0	0	1	1	0	1	1	0	0	1	30
2013/09/15-13:42:10	51	1,513.446	50.294	5	0	1	1	0	0	0	1	0	0	1	12
2013/09/15-19:39:07	51	1,515.417	57.567	3	0	0	0	0	0	0	1	1	0	0	29
2013/09/15-19:39:57	51	1,515.417	57.567	6	0	0	1	0	0	1	1	0	0	1	27
2013/09/15-19:40:43	51	1,515.417	57.567	6	0	0	1	0	0	1	1	0	0	1	13
2013/09/15-19:41:19	51	1,515.417	57.567	4	0	0	1	0	0	1	1	0	0	1	11
2013/09/15-19:42:35	51	1,515.417	57.567	6	0	0	1	0	0	1	1	0	0	1	27
2013/09/15-20:06:17	50	1,530.481	55.058	11	0	0	2	1	0	1	1	0	0	1	45
2013/09/15-20:07:21	50	1,530.481	55.058	2	0	0	1	0	0	1	1	0	0	1	9
2013/09/15-20:08:39	50	1,530.481	55.058	4	0	0	2	0	0	1	1	0	0	1	14
2013/09/15-20:09:41	50	1,530.481	55.058	3	0	0	0	0	0	1	1	0	0	1	11
2013/09/15-20:10:39	50	1,530.481	55.058	5	0	0	1	0	0	1	1	0	0	1	18
2013/09/15-20:23:16	50	1,530.481	55.058	2	0	0	1	0	0	1	1	0	0	1	11
2013/09/15-20:24:35	50	1,530.481	55.058	2	0	0	0	0	0	1	1	0	0	1	16
2013/09/15-20:25:24	50	1,530.481	55.058	4	0	0	0	0	0	1	1	0	0	1	36
2013/09/15-20:26:20	50	1,530.481	55.058	4	0	1	0	1	0	0	1	0	0	1	15
2013/09/15-20:26:54	51	1,506.782	51.345	4	0	1	0	0	0	0	1	0	0	1	17
2013/09/16-01:54:08	51	1,501.231	59.974	9	0	0	2	0	0	0	1	1	0	0	23
2013/09/16-07:22:41	51	1,501.231	59.974	3	0	1	0	0	0	0	1	0	0	1	33
2013/09/16-07:24:00	51	1,501.231	59.974	4	0	0	0	1	0	1	1	0	0	1	17
2013/09/16-07:24:40	51	1,501.231	59.974	3	0	0	0	1	0	1	1	0	0	1	15
2013/09/16-07:25:29	51	1,501.231	59.974	4	0	0	1	0	0	1	1	0	0	1	13
2013/09/16-07:48:49	51	1,505.564	57.148	1	0	1	0	0	0	0	1	0	0	1	8
2013/09/16-07:50:08	51	1,505.564	57.148	9	0	0	1	0	0	1	1	0	0	1	47
2013/09/16-07:51:28	51	1,505.564	57.148	4	0	0	2	0	0	1	1	0	0	1	25
2013/09/16-07:52:47	51	1,505.564	57.148	10	0	0	0	1	0	0	1	1	0	0	60
2013/09/16-20:06:04	51	1,505.564	57.148	4	0	0	1	0	0	1	1	0	0	1	7
2013/09/16-20:18:19	51	1,505.564	57.148	4	0	0	1	0	0	1	1	0	0	1	17
2013/09/16-20:19:38	51	1,505.564	57.148	12	0	1	0	0	0	0	1	0	0	1	47
2013/09/16-20:20:44	51	1,505.564	57.148	13	0	0	2	1	0	0	1	1	0	0	40
2013/09/16-20:21:43	51	1,505.564	57.148	4	0	0	0	0	0	1	1	0	0	1	13
2013/09/16-20:23:02	51	1,505.564	57.148	3	0	1	0	0	0	0	1	0	0	1	9
2013/09/17-07:49:03	51	1,496.284	60.067	8	0	0	2	0	0	1	1	0	0	1	36
2013/09/17-07:50:23	51	1,496.284	60.067	2	0	1	0	0	0	0	1	0	0	1	8
2013/09/17-07:51:42	51	1,496.284	60.067	1	0	0	0	0	0	1	1	0	0	1	4
2013/09/17-07:52:20	51	1,496.284	60.067	2	0	1	0	0	0	0	1	0	0	1	5
2013/09/17-07:52:54	51	1,496.284	60.067	0	0	1	0	0	0	0	1	0	0	1	13
2013/09/17-08:18:32	51	1,482.638	57.245	0	0	1	0	0	0	0	1	0	0	1	10
2013/09/17-08:19:27	51	1,482.638	57.245	3	0	0	0	0	0	1	1	0	0	1	11
2013/09/17-08:20:29	51	1,482.638	57.245	1	0	0	0	0	0	1	1	0	0	1	3
2013/09/17-08:21:11	51	1,482.638	57.245	3	0	1	0	0	0	0	1	0	0	1	6
2013/09/17-08:21:37	51	1,482.638	57.245	1	0	0	0	0	0	1	1	0	0	1	3
2013/09/17-08:29:55	51	1,482.638	57.245	1	0	0	0	1	0	1	1	0	0	1	3
2013/09/17-08:30:18	51	1,482.638	57.245	1	0	0	0	0	0	1	1	0	0	1	3
2013/09/17-08:30:56	51	1,482.638	57.245	2	0	0	0	0	0	1	1	0	0	1	10
2013/09/17-08:32:14	51	1,482.638	57.245	1	0	0	0	1	0	1	1	0	0	1	5
2013/09/17-08:33:15	51	1,482.638	57.245	0	0	0	0	0	0	0	1	0	1	0	60
2013/09/18-00:54:15	53	1,455.207	62.423	1	0	1	0	0	0	0	1	0	0	1	3
2013/09/18-00:55:34	53	1,455.207	62.423	0	0	1	0	0	0	0	1	0	0	1	3
2013/09/18-00:55:59	53	1,455.207	62.423	2	0	0	0	1	0	1	1	0	0	1	5
2013/09/18-00:56:38	53	1,455.207	62.423	3	0	1	0	1	0	0	1	0	0	1	13
2013/09/18-00:57:10	53	1,455.207	62.423	2	0	0	0	1	0	1	1	0	0	1	6
2013/09/18-08:17:03	53	1,455.207	62.423	0	0	0	0	0	0	0	1	1	0	0	9
2013/09/18-08:17:32	53	1,455.207	62.423	7	0	0	0	1	0	1	1	0	0	1	10
2013/09/18-08:18:00	53	1,455.207	62.423	1	0	0	1	0	0	0	1	1	0	0	22
2013/09/18-08:18:40	53	1,455.207	62.423	2	0	0	0	1	0	1	1	0	0	1	15
2013/09/18-08:19:14	53	1,455.207	62.423	1	0	0	0	1	0	1	1	0	0	1	3
2013/09/18-08:53:22	54	1,420.292	57.072	0	0	1	0	0	0	0	1	0	0	1	8
2013/09/18-08:53:57	54	1,420.292	57.072	4	0	0	1	0	0	0	1	1	0	0	43
2013/09/18-08:54:59	54	1,420.292	57.072	1	0	0	0	0	0	1	1	0	0	1	5
2013/09/18-08:55:24	54	1,420.292	57.072	0	0	0	0	0	0	0	1	1	0	0	60
2013/09/18-08:56:43	54	1,420.292	57.072	1	0	0	0	0	0	1	1	0	0	1	3
2013/09/18-15:24:43	56	1,406.064	64.063	6	0	0	0	2	0	0	1	1	0	0	19
2013/09/18-15:25:21	56	1,406.064	64.063	1	0	0	0	1	0	1	1	0	0	1	3
2013/09/18-15:25:43	56	1,406.064	64.063	8	0	0	2	0	0	1	1	0	0	1	17
2013/09/18-15:26:28	56	1,406.064	64.063	1	0	1	0	0	0	0	1	0	0	1	3
2013/09/18-15:27:00	56	1,406.064	64.063	2	0	1	0	0	0	0	1	0	0	1	5
2013/09/18-15:28:26	56	1,406.064	64.063	7	0	0	4	0	0	1	1	0	0	1	23
2013/09/18-15:29:07	56	1,406.064	64.063	2	0	0	0	1	0	1	1	1	0	0	19
2013/09/18-15:29:45	56	1,406.064	64.063	1	0	0	0	1	0	1	1	0	0	1	4
2013/09/18-15:30:08	56	1,406.064	64.063	1	0	0	0	0	0	1	1	0	0	1	3
2013/09/18-15:30:30	56	1,406.064	64.063	3	0	0	0	1	0	1	1	0	0	1	9
2013/09/18-15:40:43	56	1,406.064	64.063	2	0	0	0	1	0	1	1	0	0	1	6
2013/09/18-15:41:13	56	1,406.064	64.063	2	0	0	0	0	0	1	1	0	0	1	6
2013/09/18-15:41:42	56	1,406.064	64.063	3	0	0	0	1	0	0	1	1	0	0	11
2013/09/18-15:42:12	56	1,406.064	64.063	3	0	0	0	1	0	0	1	1	0	0	12
2013/09/18-15:42:43	56	1,406.064	64.063	1	0	0	0	1	0	1	1	0	0	1	3
2013/09/19-07:34:21	61	1,359.884	67.992	1	0	1	0	0	0	0	1	0	0	1	4
2013/09/19-07:34:57	61	1,359.884	67.992	8	0	0	0	0	0	1	1	0	0	1	28
2013/09/19-07:35:43	61	1,359.884	67.992	1	0	0	0	1	0	1	1	0	0	1	5
2013/09/19-07:36:13	61	1,359.884	67.992	1	0	1	0	0	0	0	1	0	0	1	3
2013/09/19-07:37:30	61	1,359.884	67.992	1	0	0	0	0	0	1	1	0	0	1	4
2013/09/19-07:46:24	61	1,359.884	67.992	1	0	1	0	2	0	0	1	0	0	1	3
2013/09/19-07:46:46	63	1,335.943	64.084	1	0	0	0	1	0	1	1	0	0	1	6
2013/09/19-07:47:11	63	1,335.943	64.084	15	0	1	0	0	0	0	1	0	0	1	25
2013/09/19-07:48:30	63	1,335.943	64.084	6	0	0	1	0	0	1	1	0	0	1	50
2013/09/19-07:49:49	63	1,335.943	64.084	3	0	0	0	0	0	1	1	0	0	1	11
2013/09/19-08:01:13	63	1,335.943	64.084	1	0	1	0	0	0	0	1	0	0	1	3
2013/09/19-08:01:35	63	1,335.943	64.084	3	0	0	0	0	0	1	1	0	0	1	34
2013/09/19-08:02:27	63	1,335.943	64.084	1	0	0	0	0	0	1	1	0	0	1	4
2013/09/19-08:02:53	63	1,335.943	64.084	0	0	0	0	0	0	0	1	1	0	0	16
2013/09/19-08:03:28	63	1,335.943	64.084	4	0	0	1	0	0	1	1	0	0	1	11
2013/09/19-10:36:06	67	1,307.414	65.389	2	0	1	0	2	0	0	1	0	0	1	4
2013/09/19-10:36:30	67	1,307.414	65.389	9	0	1	0	0	0	0	1	0	0	1	11
2013/09/19-10:37:00	67	1,307.414	65.389	12	0	0	2	0	0	1	1	0	0	1	60
2013/09/19-10:38:19	67	1,307.414	65.389	2	0	1	0	0	0	0	1	0	0	1	8
2013/09/19-10:39:08	67	1,307.414	65.389	1	0	0	0	1	0	1	1	0	0	1	3
2013/09/19-10:57:12	67	1,307.414	65.389	1	0	0	0	1	0	1	1	0	0	1	5
2013/09/19-10:58:00	67	1,307.414	65.389	1	0	1	0	0	0	0	1	0	0	1	3
2013/09/19-10:58:22	67	1,307.414	65.389	2	0	0	0	0	0	0	1	1	0	0	60
2013/09/19-10:59:41	67	1,307.414	65.389	0	0	1	0	0	0	0	1	0	0	1	3
2013/09/19-11:00:06	67	1,307.414	65.389	2	0	0	0	1	0	0	1	1	0	0	6
2013/09/19-11:08:50	66	1,311.708	61.047	1	0	0	0	1	0	1	1	0	0	1	5
2013/09/19-11:09:15	66	1,311.708	61.047	0	0	0	0	0	0	0	1	1	0	0	26
2013/09/19-11:10:00	66	1,311.708	61.047	1	0	0	0	1	0	1	1	0	0	1	5
2013/09/19-11:10:24	66	1,311.708	61.047	1	0	0	0	1	0	1	1	0	0	1	3
2013/09/19-11:10:45	66	1,311.708	61.047	2	0	0	0	1	0	1	1	0	0	1	6
2013/09/19-15:33:31	68	1,282.915	65.007	1	0	0	0	0	0	1	1	0	0	1	3
2013/09/19-15:33:54	68	1,282.915	65.007	1	0	0	0	0	0	1	1	0	0	1	3
2013/09/19-15:35:13	68	1,282.915	65.007	8	0	0	2	0	0	1	1	0	0	1	23
2013/09/19-15:35:55	68	1,282.915	65.007	1	0	1	0	0	0	0	1	0	0	1	3
2013/09/19-15:37:08	68	1,282.915	65.007	3	0	0	0	0	0	0	1	1	0	0	30
2013/09/19-15:40:17	68	1,282.915	65.007	8	0	0	4	0	0	0	1	1	0	0	22
2013/09/19-15:40:57	68	1,282.915	65.007	4	0	0	0	0	0	1	1	0	0	1	18
2013/09/19-15:41:34	68	1,282.915	65.007	0	0	1	0	0	0	0	1	0	0	1	3
2013/09/19-15:41:57	68	1,282.915	65.007	9	0	0	4	0	0	1	1	0	0	1	18
2013/09/19-15:42:45	68	1,282.915	65.007	0	0	1	0	0	0	0	1	0	0	1	10
2013/09/19-15:53:33	68	1,282.915	65.007	2	0	0	0	0	0	1	1	0	0	1	10
2013/09/19-15:54:02	68	1,282.915	65.007	7	0	0	0	2	0	0	1	1	0	0	27
2013/09/19-15:54:48	68	1,282.915	65.007	0	0	0	0	0	0	0	1	1	0	0	60
2013/09/19-15:56:07	68	1,282.915	65.007	5	0	0	0	0	0	1	1	0	0	1	14
2013/09/19-15:56:40	68	1,282.915	65.007	1	0	0	0	1	0	1	1	0	0	1	5
2013/09/19-19:54:44	67	1,288.098	65.695	9	0	1	0	0	0	0	1	0	0	1	34
2013/09/19-19:55:38	67	1,288.098	65.695	0	0	1	0	0	0	0	1	0	0	1	3
2013/09/19-19:56:15	67	1,288.098	65.695	0	0	0	0	0	0	0	1	0	0	1	60
2013/09/19-19:57:34	67	1,288.098	65.695	1	0	0	0	0	0	1	1	0	0	1	3
2013/09/19-19:57:59	67	1,288.098	65.695	1	0	1	0	1	0	0	1	0	0	1	4
2013/09/19-20:03:40	67	1,288.098	65.695	4	0	0	1	0	0	1	1	0	0	1	12
2013/09/19-20:04:21	67	1,288.098	65.695	2	0	1	0	0	0	0	1	0	0	1	18
2013/09/19-20:04:58	67	1,288.098	65.695	1	0	0	0	1	0	1	1	0	0	1	3
2013/09/19-20:05:21	66	1,295.976	61.135	1	0	0	0	0	0	1	1	0	0	1	4
2013/09/19-20:06:40	66	1,295.976	61.135	4	0	0	0	1	0	1	1	0	0	1	12
2013/09/19-20:17:14	66	1,295.976	61.135	8	0	0	0	1	0	0	1	1	0	0	9
2013/09/19-20:17:43	66	1,295.976	61.135	1	0	0	0	0	0	1	1	0	0	1	3
2013/09/19-20:18:05	66	1,295.976	61.135	4	0	0	0	1	0	0	1	1	0	0	40
2013/09/19-20:19:05	66	1,295.976	61.135	1	0	0	0	1	0	1	1	0	0	1	3
2013/09/19-20:19:27	66	1,295.976	61.135	2	0	0	0	1	0	1	1	0	0	1	6
2013/09/20-01:28:56	64	1,321.529	64.663	1	0	1	0	0	0	0	1	0	0	1	6
2013/09/20-01:29:30	64	1,321.529	64.663	0	0	1	0	0	0	0	1	0	0	1	14
2013/09/20-01:30:40	64	1,321.529	64.663	1	0	0	0	0	0	1	1	0	0	1	3
2013/09/20-01:31:27	64	1,321.529	64.663	2	0	1	0	1	0	0	1	0	0	1	5
2013/09/20-01:32:15	64	1,321.529	64.663	1	0	0	0	1	0	1	1	0	0	1	3
2013/09/20-01:32:43	64	1,321.529	64.663	2	0	1	0	0	0	0	1	0	0	1	4
2013/09/20-01:33:06	69	1,279.96	60.688	0	0	0	0	0	0	0	1	1	0	0	11
2013/09/20-01:33:36	69	1,279.96	60.688	4	0	1	0	0	0	0	1	0	0	1	3
2013/09/20-01:33:58	69	1,279.96	60.688	2	0	1	0	0	0	0	1	0	0	1	3
2013/09/20-01:34:21	69	1,279.96	60.688	5	0	0	1	0	0	0	1	1	0	0	16
2013/09/20-01:46:44	69	1,279.96	60.688	6	0	1	0	0	0	0	1	0	0	1	15
2013/09/20-01:47:18	69	1,279.96	60.688	1	0	0	0	0	0	0	1	1	0	0	3
2013/09/20-01:47:40	69	1,279.96	60.688	1	0	0	0	0	0	1	1	0	0	1	3
2013/09/20-01:48:02	69	1,279.96	60.688	4	0	1	0	2	0	0	1	0	0	1	33
2013/09/20-01:48:54	69	1,279.96	60.688	1	0	1	0	1	0	0	1	0	0	1	3
2013/09/20-06:05:40	68	1,307.273	65.838	6	0	0	0	0	0	0	1	1	0	0	37
2013/09/20-06:06:36	68	1,307.273	65.838	2	0	1	0	0	0	0	1	0	0	1	6
2013/09/20-06:07:55	68	1,307.273	65.838	1	0	1	0	0	0	0	1	0	0	1	6
2013/09/20-06:08:26	68	1,307.273	65.838	1	0	1	0	0	0	0	1	0	0	1	3
2013/09/20-06:08:48	68	1,307.273	65.838	1	0	1	0	0	0	0	1	0	0	1	6
2013/09/20-06:15:31	68	1,318.558	63.605	7	0	0	0	0	0	1	1	0	0	1	37
2013/09/20-06:16:27	68	1,318.558	63.605	1	0	0	0	2	0	0	1	1	0	0	3
2013/09/20-06:16:49	68	1,318.558	63.605	1	0	0	0	1	0	1	1	0	0	1	5
2013/09/20-06:18:08	68	1,318.558	63.605	3	0	0	0	1	0	0	1	1	0	0	9
2013/09/20-06:18:35	68	1,318.558	63.605	12	0	0	1	0	0	1	1	0	0	1	50
2013/09/20-06:33:15	68	1,318.558	63.605	1	0	0	0	0	0	1	1	0	0	1	3
2013/09/20-06:34:09	68	1,318.558	63.605	1	0	0	0	0	0	0	1	1	0	0	10
2013/09/20-06:34:38	68	1,318.558	63.605	0	0	0	0	0	0	0	1	1	0	0	60
2013/09/20-06:35:57	68	1,318.558	63.605	4	0	0	3	0	0	1	1	0	0	1	35
2013/09/20-06:36:51	68	1,318.558	63.605	1	0	1	0	0	0	0	1	0	0	1	4
2013/09/20-10:10:58	65	1,344.761	65.7	2	0	0	2	0	0	1	1	0	0	1	36
2013/09/20-10:11:53	65	1,344.761	65.7	2	0	1	0	0	0	0	1	0	0	1	9
2013/09/20-10:12:21	65	1,344.761	65.7	0	0	1	0	0	0	0	1	0	0	1	3
2013/09/20-10:12:53	65	1,344.761	65.7	3	0	1	0	1	0	0	1	0	0	1	18
2013/09/20-10:13:30	65	1,344.761	65.7	1	0	0	0	0	0	1	1	0	0	1	3
2013/09/20-10:26:40	63	1,369.759	63.497	1	0	0	0	0	0	1	1	0	0	1	3
2013/09/20-10:27:05	63	1,369.759	63.497	8	0	0	2	0	0	1	1	0	0	1	32
2013/09/20-10:27:56	63	1,369.759	63.497	3	0	1	0	1	0	0	1	0	0	1	9
2013/09/20-10:28:24	63	1,369.759	63.497	2	0	0	0	1	0	1	1	0	0	1	15
2013/09/20-10:28:58	63	1,369.759	63.497	1	0	0	0	0	0	1	1	0	0	1	5
2013/09/20-10:41:51	63	1,369.759	63.497	0	0	1	0	0	0	0	1	0	0	1	9
2013/09/20-10:42:19	63	1,369.759	63.497	2	0	0	0	1	0	1	1	0	0	1	6
2013/09/20-10:42:45	63	1,369.759	63.497	7	0	0	1	0	0	1	1	0	0	1	19
2013/09/20-10:43:46	63	1,369.759	63.497	1	0	0	0	0	0	1	1	0	0	1	3
2013/09/20-10:44:08	63	1,369.759	63.497	0	0	0	0	0	0	0	1	1	0	0	3
2013/09/20-16:18:29	64	1,367.973	66.235	1	0	1	0	1	0	0	1	0	0	1	3
2013/09/20-16:18:52	64	1,367.973	66.235	1	0	1	0	0	0	0	1	0	0	1	3
2013/09/20-16:19:14	64	1,367.973	66.235	4	0	0	0	1	0	1	1	0	0	1	15
2013/09/20-16:19:48	64	1,367.973	66.235	11	0	0	3	0	0	1	1	0	0	1	44
2013/09/20-16:20:50	64	1,367.973	66.235	2	0	0	0	1	0	1	1	1	0	0	15
2013/09/20-16:33:02	64	1,367.973	66.235	1	0	1	0	0	0	0	1	0	0	1	3
2013/09/20-16:33:39	64	1,367.973	66.235	1	0	1	0	1	0	0	1	1	0	0	4
2013/09/20-16:34:03	64	1,367.973	66.235	4	0	0	1	0	0	1	1	0	0	1	19
2013/09/20-16:34:40	64	1,367.973	66.235	1	0	0	0	0	0	1	1	0	0	1	3
2013/09/20-16:35:06	64	1,367.973	66.235	0	0	0	0	0	0	0	1	1	0	0	9
2013/09/20-16:50:09	63	1,371.968	60.295	5	0	1	0	0	0	0	1	0	0	1	16
2013/09/20-16:50:44	63	1,371.968	60.295	9	0	1	1	0	0	0	1	0	0	1	41
2013/09/20-16:51:45	63	1,371.968	60.295	1	0	1	0	0	0	0	1	0	0	1	3
2013/09/20-16:52:07	63	1,371.968	60.295	1	0	1	0	0	0	0	1	0	0	1	5
2013/09/20-16:52:32	63	1,371.968	60.295	1	0	0	0	1	0	1	1	0	0	1	3
2013/09/20-19:34:08	65	1,368.492	62.236	1	0	1	0	0	0	0	1	0	0	1	3
2013/09/20-19:34:56	65	1,368.492	62.236	0	0	1	0	0	0	0	1	0	0	1	3
2013/09/20-19:35:18	65	1,368.492	62.236	3	0	0	1	0	0	1	1	0	0	1	9
2013/09/20-19:36:10	65	1,368.492	62.236	4	0	1	0	1	0	0	1	0	0	1	16
2013/09/20-19:36:45	65	1,368.492	62.236	1	0	1	0	0	0	0	1	0	0	1	3
2013/09/20-19:53:45	66	1,344.022	58.986	2	0	0	0	1	0	0	1	1	0	0	33
2013/09/20-19:54:37	66	1,344.022	58.986	2	0	0	0	0	0	0	1	1	0	0	31
2013/09/20-19:55:27	66	1,344.022	58.986	2	0	0	0	1	0	1	1	0	0	1	6
2013/09/20-19:55:52	66	1,344.022	58.986	1	0	0	0	1	0	1	1	0	0	1	3
2013/09/20-19:56:22	66	1,344.022	58.986	0	0	1	0	0	0	0	1	0	0	1	8
2013/09/20-20:08:52	64	1,359.145	56.15	10	0	0	0	3	0	0	1	1	0	0	9
2013/09/20-20:09:20	64	1,359.145	56.15	1	0	0	0	0	0	1	1	0	0	1	3
2013/09/20-20:10:25	64	1,359.145	56.15	1	0	1	0	0	0	0	1	0	0	1	3
2013/09/20-20:10:51	64	1,359.145	56.15	4	0	0	1	0	0	0	1	1	0	0	60
2013/09/20-20:12:10	64	1,359.145	56.15	7	0	0	0	1	0	0	1	1	0	0	34
2013/12/27-13:33:00	74	1,374.659	80.873	1	0	0	0	0	0	1	1	0	0	1	17
2013/12/27-13:33:37	74	1,374.659	80.873	9	0	0	2	1	0	1	1	0	0	1	37
2013/12/27-13:34:34	74	1,374.659	80.873	5	0	0	3	0	0	1	1	0	0	1	9
2013/12/27-13:35:04	74	1,374.659	80.873	2	0	0	0	1	0	1	1	0	0	1	6
2013/12/27-13:35:29	74	1,374.659	80.873	1	0	1	0	1	0	0	1	0	0	1	3
2013/12/27-13:50:30	73	1,368.518	74.38	0	0	0	0	0	0	0	1	1	0	0	60
2013/12/27-13:51:48	73	1,368.518	74.38	12	0	0	0	2	0	0	1	1	0	0	60
2013/12/27-13:53:08	73	1,368.518	74.38	3	0	0	0	2	0	1	1	1	0	0	9
2013/12/27-13:53:35	73	1,368.518	74.38	1	0	0	0	1	0	1	1	0	0	1	4
2013/12/27-13:54:05	73	1,368.518	74.38	4	0	0	0	2	0	1	1	0	0	1	11
2013/12/27-14:09:03	73	1,368.518	74.38	1	0	0	0	0	0	0	1	1	0	0	10
2013/12/27-14:09:31	73	1,368.518	74.38	1	0	0	0	0	0	1	1	0	0	1	3
2013/12/27-14:10:10	73	1,368.518	74.38	3	0	0	0	1	0	0	1	1	0	0	60
2013/12/27-14:11:29	73	1,368.518	74.38	4	0	1	0	0	0	0	1	0	0	1	10
2013/12/27-14:11:58	73	1,368.518	74.38	1	0	1	0	1	0	0	1	0	0	1	3
2013/12/27-17:33:47	71	1,389.447	68.28	1	0	1	0	0	0	0	1	0	0	1	5
2013/12/27-17:34:12	71	1,389.447	68.28	3	0	1	0	0	0	0	1	0	0	1	27
2013/12/27-17:34:58	71	1,389.447	68.28	4	0	0	2	0	0	1	1	0	0	1	21
2013/12/27-17:35:38	71	1,389.447	68.28	0	0	1	0	0	0	0	1	0	0	1	20
2013/12/27-17:36:17	71	1,389.447	68.28	3	0	0	1	0	0	1	1	0	0	1	25
2013/12/27-17:48:17	71	1,389.447	68.28	1	0	0	0	0	0	0	1	1	0	0	10
2013/12/27-17:48:46	71	1,389.447	68.28	2	0	0	0	0	0	1	1	0	0	1	7
2013/12/27-17:49:13	71	1,389.447	68.28	3	0	0	0	1	0	0	1	1	0	0	18
2013/12/27-17:49:50	71	1,389.447	68.28	14	0	0	0	1	0	1	1	1	0	0	8
2013/12/27-17:50:17	71	1,389.447	68.28	1	0	0	0	0	0	1	1	0	0	1	4
2013/12/27-18:03:19	68	1,429.348	62.937	1	0	0	0	1	0	1	1	0	0	1	4
2013/12/27-18:03:45	68	1,429.348	62.937	2	0	0	0	0	0	0	1	1	0	0	8
2013/12/27-18:04:12	68	1,429.348	62.937	1	0	0	0	1	0	1	1	0	0	1	4
2013/12/27-18:04:35	68	1,429.348	62.937	4	0	1	0	0	0	0	1	0	0	1	20
2013/12/27-18:05:14	68	1,429.348	62.937	1	0	0	0	0	0	0	1	1	0	0	7
2013/12/28-12:09:36	68	1,419.65	88.368	9	0	0	2	0	0	1	1	0	0	1	20
2013/12/28-12:10:55	68	1,419.65	88.368	1	0	0	0	1	0	1	1	0	0	1	3
2013/12/28-12:11:19	68	1,419.65	88.368	4	0	0	0	0	0	0	1	1	0	0	33
2013/12/28-12:12:10	68	1,419.65	88.368	0	0	0	0	0	0	0	1	1	0	0	8
2013/12/28-12:12:37	68	1,419.65	88.368	1	0	1	0	0	0	0	1	0	0	1	3
2013/12/28-12:19:21	71	1,408.948	80.531	0	0	1	0	0	0	0	1	0	0	1	3
2013/12/28-12:19:43	71	1,408.948	80.531	1	0	0	0	0	0	1	1	0	0	1	3
2013/12/28-12:20:05	71	1,408.948	80.531	0	0	1	0	0	0	0	1	0	0	1	9
2013/12/28-12:20:33	71	1,408.948	80.531	8	0	0	1	0	0	0	1	1	0	0	60
2013/12/28-12:21:52	71	1,408.948	80.531	1	0	1	0	0	0	0	1	0	0	1	3
2013/12/28-12:32:27	71	1,408.948	80.531	3	0	0	2	0	0	0	1	1	0	0	60
2013/12/28-12:33:46	71	1,408.948	80.531	0	0	1	0	0	0	0	1	0	0	1	3
2013/12/28-12:34:08	71	1,408.948	80.531	1	0	0	0	1	0	1	1	0	0	1	3
2013/12/28-12:34:30	71	1,408.948	80.531	3	0	1	0	1	0	0	1	0	0	1	21
2013/12/28-12:35:20	71	1,408.948	80.531	0	0	1	0	0	0	0	1	0	0	1	3
2013/12/28-17:51:47	76	1,358.033	78.849	1	0	0	0	0	0	1	1	0	0	1	3
2013/12/28-17:52:20	76	1,358.033	78.849	1	0	1	0	0	0	0	1	0	0	1	4
2013/12/28-17:52:43	76	1,358.033	78.849	0	0	0	0	0	0	0	1	1	0	0	13
2013/12/28-17:53:15	76	1,358.033	78.849	6	0	0	0	0	0	1	1	0	0	1	5
2013/12/28-17:53:51	76	1,358.033	78.849	2	0	0	0	0	0	0	1	1	0	0	5
2013/12/28-18:02:55	76	1,358.033	78.849	1	0	0	0	0	0	1	1	0	0	1	3
2013/12/28-18:04:14	76	1,358.033	78.849	6	0	0	1	0	0	1	1	0	0	1	11
2013/12/28-18:05:33	76	1,358.033	78.849	3	0	0	1	0	0	1	1	0	0	1	21
2013/12/28-18:06:53	78	1,326.772	70.623	3	0	0	0	1	0	0	1	1	0	0	60
2013/12/28-18:08:12	78	1,326.772	70.623	1	0	0	0	0	0	0	1	1	0	0	3
2013/12/28-18:18:29	78	1,326.772	70.623	3	0	0	0	0	0	0	1	1	0	0	7
2013/12/28-18:18:56	78	1,326.772	70.623	4	0	0	0	0	0	0	1	1	0	0	37
2013/12/28-18:19:51	78	1,326.772	70.623	0	0	1	0	0	0	0	1	0	0	1	3
2013/12/28-18:20:31	78	1,326.772	70.623	1	0	1	0	0	0	0	1	0	0	1	3
2013/12/28-18:20:56	78	1,326.772	70.623	5	0	0	1	1	0	0	1	1	0	0	32
2013/12/29-01:54:04	74	1,380.84	76.983	4	0	0	0	0	0	0	1	1	0	0	9
2013/12/29-01:54:33	74	1,380.84	76.983	1	0	0	0	2	0	0	1	1	0	0	3
2013/12/29-01:54:55	74	1,380.84	76.983	10	0	0	0	0	0	0	1	1	0	0	50
2013/12/29-01:56:04	74	1,380.84	76.983	2	0	1	0	0	0	0	1	0	0	1	5
2013/12/29-01:56:28	74	1,380.84	76.983	15	0	0	0	0	0	0	1	1	0	0	60
2013/12/29-02:16:02	65	1,429.984	71.179	1	0	1	0	0	0	0	1	0	0	1	3
2013/12/29-02:16:30	65	1,429.984	71.179	2	0	0	0	2	0	1	1	0	0	1	12
2013/12/29-02:17:02	65	1,429.984	71.179	1	0	0	0	0	0	1	1	0	0	1	5
2013/12/29-02:18:21	65	1,429.984	71.179	11	0	0	3	0	0	1	1	0	0	1	37
2013/12/29-02:19:17	65	1,429.984	71.179	1	0	0	0	1	0	0	1	1	0	0	3
2013/12/29-02:30:34	67	1,419.058	66.529	1	0	0	0	0	0	1	1	0	0	1	5
2013/12/29-02:31:07	67	1,419.058	66.529	0	0	0	0	0	0	0	1	1	0	0	60
2013/12/29-02:32:26	67	1,419.058	66.529	1	0	1	0	0	0	0	1	0	0	1	3
2013/12/29-02:32:48	67	1,419.058	66.529	1	0	0	0	0	0	1	1	0	0	1	3
2013/12/29-02:34:07	67	1,419.058	66.529	4	0	0	0	1	0	1	1	0	0	1	8
2013/12/29-07:45:07	72	1,390.344	72.055	6	0	0	1	0	0	1	1	0	0	1	23
2013/12/29-07:45:49	72	1,390.344	72.055	3	0	0	0	1	0	0	1	1	0	0	60
2013/12/29-07:47:08	72	1,390.344	72.055	2	0	0	0	1	0	1	1	1	0	0	8
2013/12/29-07:47:35	72	1,390.344	72.055	5	0	0	0	0	0	0	1	0	0	1	60
2013/12/29-07:48:54	72	1,390.344	72.055	1	0	0	0	1	0	0	1	1	0	0	6
2013/12/29-08:00:53	72	1,390.344	72.055	2	0	0	0	1	0	1	1	0	0	1	6
2013/12/29-08:01:18	72	1,390.344	72.055	6	0	0	0	0	0	1	1	0	0	1	18
2013/12/29-08:01:55	72	1,390.344	72.055	2	0	0	0	1	0	1	1	0	0	1	6
2013/12/29-08:02:20	72	1,390.344	72.055	6	0	0	0	2	0	0	1	1	0	0	10
2013/12/29-08:02:49	72	1,390.344	72.055	6	0	0	1	0	0	1	1	0	0	1	22
2013/12/29-08:18:22	67	1,435.815	64.241	2	0	0	0	0	0	0	1	1	0	0	7
2013/12/29-08:18:48	67	1,435.815	64.241	1	0	0	0	2	0	1	1	0	0	1	3
2013/12/29-08:19:11	67	1,435.815	64.241	4	0	0	1	0	0	1	1	0	0	1	7
2013/12/29-08:19:58	67	1,435.815	64.241	11	0	0	0	2	0	1	1	0	0	1	30
2013/12/29-08:20:47	67	1,435.815	64.241	0	0	1	0	0	0	0	1	0	0	1	3
2013/12/29-13:14:08	66	1,427.934	69.323	4	0	0	2	0	0	1	1	0	0	1	38
2013/12/29-13:15:05	66	1,427.934	69.323	3	0	0	1	0	0	1	1	0	0	1	8
2013/12/29-13:15:33	66	1,427.934	69.323	4	0	0	1	0	0	1	1	0	0	1	21
2013/12/29-13:16:47	66	1,427.934	69.323	7	0	0	3	0	0	1	1	0	0	1	35
2013/12/29-13:17:41	66	1,427.934	69.323	4	0	0	1	0	0	1	1	0	0	1	14
2013/12/29-13:23:12	66	1,425.984	66.265	3	0	0	0	0	0	1	1	0	0	1	9
2013/12/29-13:23:40	66	1,425.984	66.265	5	0	1	1	0	0	0	1	0	0	1	23
2013/12/29-13:24:26	66	1,425.984	66.265	4	0	0	0	0	0	1	1	0	0	1	24
2013/12/29-13:25:09	66	1,425.984	66.265	4	0	0	0	0	0	1	1	0	0	1	26
2013/12/29-13:25:54	66	1,425.984	66.265	7	0	0	2	0	0	0	1	0	0	1	60
2013/12/29-13:43:14	66	1,425.984	66.265	7	0	0	2	0	0	1	1	0	0	1	39
2013/12/29-13:44:12	66	1,425.984	66.265	2	0	1	0	0	0	0	1	0	0	1	5
2013/12/29-13:44:58	66	1,425.984	66.265	11	0	0	3	2	0	1	1	0	0	1	38
2013/12/29-13:45:55	66	1,425.984	66.265	2	0	0	1	0	0	1	1	0	0	1	22
2013/12/29-13:46:38	66	1,425.984	66.265	4	0	1	0	0	0	0	1	0	0	1	14
2013/12/29-17:59:37	65	1,436.756	65.673	6	0	0	2	0	0	0	1	0	0	1	60
2013/12/29-18:00:56	65	1,436.756	65.673	4	0	1	0	0	0	0	1	0	0	1	19
2013/12/29-18:01:34	65	1,436.756	65.673	3	0	0	1	0	0	1	1	0	0	1	12
2013/12/29-18:02:31	65	1,436.756	65.673	3	0	0	0	1	0	1	1	0	0	1	23
2013/12/29-18:03:13	65	1,436.756	65.673	3	0	0	1	0	0	1	1	0	0	1	7
2013/12/29-18:19:47	65	1,436.756	65.673	3	0	0	0	0	0	0	1	1	0	0	21
2013/12/29-18:20:27	66	1,434.901	62.436	4	0	0	1	0	0	0	1	1	0	0	31
2013/12/29-18:21:16	66	1,434.901	62.436	7	0	0	0	0	0	1	1	0	0	1	27
2013/12/29-18:22:03	66	1,434.901	62.436	4	0	1	0	0	0	0	1	0	0	1	12
2013/12/29-18:22:34	66	1,434.901	62.436	3	0	0	0	0	0	0	1	1	0	0	13
2013/12/29-20:45:57	66	1,434.901	62.436	6	0	0	2	0	0	1	1	0	0	1	19
2013/12/29-20:46:38	66	1,434.901	62.436	8	0	0	1	1	0	1	1	1	0	0	25
2013/12/29-20:47:22	66	1,434.901	62.436	3	0	0	0	0	0	0	1	1	0	0	59
2013/12/29-20:48:40	66	1,434.901	62.436	1	0	0	1	0	0	0	1	1	0	0	27
2013/12/29-20:49:25	66	1,434.901	62.436	2	0	0	0	0	0	0	1	1	0	0	33
2013/12/30-07:20:37	66	1,458.453	74.721	6	0	0	2	0	0	1	1	0	0	1	12
2013/12/30-07:21:09	66	1,458.453	74.721	5	0	1	0	0	0	0	1	0	0	1	8
2013/12/30-07:21:36	66	1,458.453	74.721	6	0	0	1	0	0	1	1	0	0	1	22
2013/12/30-07:22:17	66	1,458.453	74.721	4	0	0	0	0	0	1	1	0	0	1	25
2013/12/30-07:23:07	66	1,458.453	74.721	6	0	0	0	0	0	1	1	0	0	1	28
2013/12/30-07:45:08	66	1,458.453	74.721	11	0	0	2	0	0	1	1	0	0	1	27
2013/12/30-07:46:27	64	1,470.955	70.026	5	0	0	1	0	0	1	1	0	0	1	25
2013/12/30-07:47:11	64	1,470.955	70.026	5	0	0	1	0	0	1	1	0	0	1	15
2013/12/30-07:48:30	64	1,470.955	70.026	3	0	0	1	0	0	1	1	0	0	1	11
2013/12/30-07:49:49	64	1,470.955	70.026	14	0	0	1	0	0	1	1	0	0	1	48
2013/12/30-08:03:36	64	1,470.955	70.026	7	0	0	2	0	0	1	1	0	0	1	29
2013/12/30-08:04:55	64	1,470.955	70.026	9	0	0	1	1	0	1	1	0	0	1	55
2013/12/30-08:06:08	64	1,470.955	70.026	2	0	0	0	0	0	1	1	0	0	1	11
2013/12/30-08:07:27	64	1,470.955	70.026	2	0	0	0	0	0	0	1	1	0	0	25
2013/12/30-08:08:11	64	1,470.955	70.026	2	0	0	0	0	0	1	1	0	0	1	7
2013/12/30-09:08:37	65	1,468.664	65.177	8	0	0	0	0	0	1	1	0	0	1	53
2013/12/30-09:09:49	65	1,468.664	65.177	2	0	1	0	1	0	0	1	0	0	1	4
2013/12/30-09:10:15	65	1,468.664	65.177	2	0	0	0	0	0	1	1	0	0	1	23
2013/12/30-09:11:34	65	1,468.664	65.177	6	0	0	1	0	0	1	1	0	0	1	41
2013/12/30-09:12:38	65	1,468.664	65.177	5	0	0	1	0	0	1	1	0	0	1	10
2013/12/30-09:20:19	65	1,468.664	65.177	5	0	0	1	0	0	1	1	0	0	1	29
2013/12/30-09:21:07	65	1,468.664	65.177	6	0	0	1	0	0	0	1	1	0	0	14
2013/12/30-09:21:39	65	1,468.664	65.177	4	0	0	0	0	0	0	1	1	0	0	15
2013/12/30-09:22:13	65	1,468.664	65.177	4	0	0	1	0	0	1	1	0	0	1	14
2013/12/30-09:22:46	65	1,468.664	65.177	5	0	0	1	1	0	1	1	0	0	1	12
2013/12/30-09:41:01	67	1,445.182	60.04	3	0	0	1	0	0	1	1	0	0	1	18
2013/12/30-09:41:45	67	1,445.182	60.04	1	0	0	0	0	0	1	1	0	0	1	9
2013/12/30-09:42:13	67	1,445.182	60.04	5	0	0	0	0	0	1	1	0	0	1	29
2013/12/30-09:43:01	67	1,445.182	60.04	4	0	0	1	0	0	1	1	0	0	1	8
2013/12/30-09:43:37	67	1,445.182	60.04	6	0	0	2	0	0	1	1	0	0	1	14
2013/12/30-14:05:25	69	1,432.024	63.874	9	0	0	2	0	0	1	1	0	0	1	31
2013/12/30-14:06:15	69	1,432.024	63.874	5	0	0	0	0	0	1	1	0	0	1	10
2013/12/30-14:07:34	69	1,432.024	63.874	7	0	1	0	0	0	0	1	0	0	1	44
2013/12/30-14:08:53	69	1,432.024	63.874	4	0	0	1	0	0	1	1	0	0	1	8
2013/12/30-14:09:55	69	1,432.024	63.874	8	0	0	1	0	0	1	1	0	0	1	23
2013/12/30-14:16:23	69	1,427.871	61.273	2	0	0	0	0	0	0	1	1	0	0	10
2013/12/30-14:16:52	69	1,427.871	61.273	2	0	0	1	0	0	0	1	1	0	0	8
2013/12/30-14:17:19	69	1,427.871	61.273	2	0	0	2	0	0	0	1	1	0	0	12
2013/12/30-14:17:50	69	1,427.871	61.273	3	0	0	0	0	0	0	1	1	0	0	11
2013/12/30-14:18:19	69	1,427.871	61.273	6	0	0	0	0	0	1	1	0	0	1	17
2013/12/30-14:34:05	69	1,427.871	61.273	8	0	0	1	0	0	1	1	0	0	1	23
2013/12/30-14:35:24	69	1,427.871	61.273	6	0	0	0	1	0	1	1	0	0	1	23
2013/12/30-14:36:43	69	1,427.871	61.273	10	0	0	2	0	0	1	1	0	0	1	33
2013/12/30-14:37:36	69	1,427.871	61.273	4	0	0	0	0	0	1	1	0	0	1	10
2013/12/30-14:38:55	69	1,427.871	61.273	3	0	0	0	0	0	1	1	0	0	1	20
2013/12/30-19:24:20	69	1,428.184	62.924	3	0	1	0	0	0	0	1	0	0	1	19
2013/12/30-19:25:04	69	1,428.184	62.924	8	0	1	2	0	0	0	1	0	0	1	37
2013/12/30-19:26:00	69	1,428.184	62.924	4	0	0	2	0	0	0	1	1	0	0	56
2013/12/30-19:27:15	69	1,435.698	60.808	6	0	0	0	0	0	0	1	1	0	0	34
2013/12/30-19:28:07	69	1,435.698	60.808	7	0	0	1	0	0	1	1	0	0	1	17
2013/12/30-19:47:42	69	1,435.698	60.808	10	0	0	2	1	0	1	1	0	0	1	46
2013/12/30-19:49:01	69	1,435.698	60.808	9	0	0	0	1	0	0	1	1	0	0	60
2013/12/30-19:50:20	69	1,435.698	60.808	4	0	0	0	0	0	1	1	0	0	1	26
2013/12/30-19:51:39	69	1,435.698	60.808	6	0	0	2	1	0	1	1	0	0	1	46
2013/12/30-19:52:45	69	1,435.698	60.808	5	0	0	1	0	0	1	1	0	0	1	31
2013/12/30-20:07:49	69	1,435.714	56.719	4	0	0	2	0	0	1	1	0	0	1	9
2013/12/30-20:09:08	69	1,435.714	56.719	13	0	0	1	0	0	1	1	0	0	1	42
2013/12/30-20:10:27	69	1,435.714	56.719	4	0	0	0	1	0	1	1	0	0	1	29
2013/12/30-20:11:46	69	1,435.714	56.719	13	0	0	0	1	0	0	1	1	0	0	55
2013/12/30-20:13:00	69	1,435.714	56.719	9	0	0	2	0	0	1	1	0	0	1	37
2013/12/31-11:06:37	72	1,423.96	77.552	3	0	1	0	0	0	0	1	0	0	1	17
2013/12/31-11:07:56	72	1,423.96	77.552	5	0	0	1	1	0	1	1	0	0	1	16
2013/12/31-11:08:31	72	1,423.96	77.552	2	0	0	0	1	0	0	1	1	0	0	8
2013/12/31-11:08:58	72	1,423.96	77.552	1	0	0	0	0	0	1	1	0	0	1	5
2013/12/31-11:09:26	72	1,423.96	77.552	0	0	1	0	0	0	0	1	0	0	1	3
2013/12/31-11:26:43	72	1,423.96	77.552	2	0	1	0	1	0	0	1	0	0	1	6
2013/12/31-11:27:15	72	1,423.96	77.552	7	0	1	0	0	0	0	1	1	0	0	49
2013/12/31-11:28:23	72	1,423.96	77.552	4	0	0	0	0	0	1	1	0	0	1	34
2013/12/31-11:29:16	72	1,423.96	77.552	1	0	0	0	1	0	1	1	0	0	1	4
2013/12/31-11:30:06	72	1,423.96	77.552	1	0	0	0	1	0	1	1	0	0	1	3
2013/12/31-11:38:34	64	1,446.814	70.179	10	0	0	2	2	0	1	1	0	0	1	37
2013/12/31-11:39:30	64	1,446.814	70.179	5	0	0	0	0	0	1	1	0	0	1	17
2013/12/31-11:40:49	64	1,446.814	70.179	1	0	1	0	0	0	0	1	0	0	1	3
2013/12/31-11:41:11	64	1,446.814	70.179	8	0	0	0	1	0	1	1	0	0	1	36
2013/12/31-11:42:07	64	1,446.814	70.179	1	0	0	0	1	0	1	1	0	0	1	4
2013/12/31-15:25:22	65	1,456.553	71.697	3	0	1	0	1	0	0	1	0	0	1	12
2013/12/31-15:25:54	65	1,456.553	71.697	5	0	0	1	0	0	0	1	1	0	0	42
2013/12/31-15:26:55	65	1,456.553	71.697	1	0	0	0	0	0	1	1	0	0	1	3
2013/12/31-15:27:26	65	1,456.553	71.697	6	0	0	0	1	0	0	1	1	0	0	20
2013/12/31-15:28:05	65	1,456.553	71.697	1	0	1	0	0	0	0	1	0	0	1	3
2013/12/31-15:36:49	65	1,456.553	71.697	0	0	1	0	0	0	0	1	0	0	1	4
2013/12/31-15:37:13	65	1,456.553	71.697	2	0	1	0	0	0	0	1	0	0	1	4
2013/12/31-15:38:32	65	1,456.553	71.697	1	0	0	0	0	0	1	1	0	0	1	6
2013/12/31-15:39:51	65	1,452.555	66.134	1	0	0	0	0	0	1	1	0	0	1	15
2013/12/31-15:41:09	65	1,452.555	66.134	1	0	0	0	0	0	1	1	0	0	1	3
2013/12/31-15:51:22	65	1,452.555	66.134	2	0	0	0	0	0	1	1	0	0	1	6
2013/12/31-15:51:47	65	1,452.555	66.134	4	0	1	1	0	0	0	1	0	0	1	32
2013/12/31-15:53:06	65	1,452.555	66.134	1	0	0	0	0	0	1	1	0	0	1	3
2013/12/31-15:53:28	65	1,452.555	66.134	11	0	1	8	0	0	0	1	0	0	1	24
2013/12/31-15:54:11	65	1,452.555	66.134	2	0	0	0	0	0	0	1	1	0	0	60
2013/12/31-19:26:54	68	1,439.372	67.897	4	0	0	0	1	0	0	1	1	0	0	14
2013/12/31-19:27:27	68	1,439.372	67.897	1	0	1	0	0	0	0	1	0	0	1	3
2013/12/31-19:27:49	68	1,439.372	67.897	1	0	0	0	1	0	0	1	1	0	0	11
2013/12/31-19:28:19	68	1,439.372	67.897	1	0	1	0	1	0	0	1	0	0	1	3
2013/12/31-19:28:41	68	1,439.372	67.897	0	0	1	0	0	0	0	1	0	0	1	30
2013/12/31-19:35:38	68	1,431.491	64.027	1	0	0	0	0	0	1	1	0	0	1	3
2013/12/31-19:36:01	68	1,431.491	64.027	9	0	0	0	1	0	0	1	1	0	0	14
2013/12/31-19:36:34	68	1,431.491	64.027	1	0	0	0	1	0	1	1	0	0	1	3
2013/12/31-19:37:18	68	1,431.491	64.027	3	0	1	0	2	0	0	1	1	0	0	6
2013/12/31-19:37:42	68	1,431.491	64.027	4	0	0	1	1	0	1	1	0	0	1	21
2013/12/31-19:53:20	68	1,431.491	64.027	9	0	0	0	0	0	1	1	0	0	1	24
2013/12/31-19:54:11	68	1,431.491	64.027	2	0	0	0	0	0	1	1	0	0	1	6
2013/12/31-19:54:36	68	1,431.491	64.027	1	0	0	0	0	0	1	1	0	0	1	17
2013/12/31-19:55:20	68	1,431.491	64.027	1	0	1	0	0	0	0	1	0	0	1	3
2013/12/31-19:55:42	68	1,431.491	64.027	1	0	1	0	0	0	0	1	0	0	1	6
2013/12/31-23:23:01	69	1,427.718	64.829	2	0	0	0	0	0	0	1	1	0	0	17
2013/12/31-23:23:37	69	1,427.718	64.829	3	0	1	0	1	0	0	1	0	0	1	21
2013/12/31-23:24:17	67	1,429.191	63.395	1	0	0	0	1	0	1	1	0	0	1	3
2013/12/31-23:24:38	67	1,429.191	63.395	1	0	1	0	0	0	0	1	0	0	1	5
2013/12/31-23:25:02	67	1,429.191	63.395	1	0	0	0	0	0	0	1	1	0	0	4
2013/12/31-23:42:55	67	1,429.191	63.395	0	0	1	0	0	0	0	1	0	0	1	3
2013/12/31-23:43:21	67	1,429.191	63.395	4	0	0	0	0	0	0	1	1	0	0	20
2013/12/31-23:43:59	67	1,429.191	63.395	1	0	0	0	0	0	1	1	0	0	1	3
2013/12/31-23:44:24	67	1,429.191	63.395	3	0	1	0	0	0	0	1	0	0	1	33
2013/12/31-23:45:16	67	1,429.191	63.395	1	0	1	0	0	0	0	1	0	0	1	3
2013/12/31-23:50:54	71	1,412.2	58.544	8	0	0	1	1	0	0	1	1	0	0	39
2013/12/31-23:51:51	71	1,412.2	58.544	2	0	0	0	0	0	1	1	0	0	1	7
2013/12/31-23:52:26	71	1,412.2	58.544	1	0	0	0	0	0	1	1	0	0	1	5
2013/12/31-23:52:54	71	1,412.2	58.544	2	0	0	0	1	0	1	1	0	0	1	6
2013/12/31-23:53:23	71	1,412.2	58.544	0	0	0	0	0	0	0	1	1	0	0	20
2014/01/01-03:36:27	70	1,411.547	62.055	2	0	0	0	0	0	1	1	0	0	1	6
2014/01/01-03:37:09	70	1,411.547	62.055	1	0	1	0	0	0	0	1	0	0	1	7
2014/01/01-03:37:34	70	1,411.547	62.055	1	0	1	0	1	0	0	1	0	0	1	3
2014/01/01-03:37:56	70	1,411.547	62.055	4	0	0	1	0	0	1	1	0	0	1	21
2014/01/01-03:38:36	70	1,411.547	62.055	0	0	0	0	0	0	0	1	1	0	0	25
2014/01/01-03:47:10	70	1,411.547	62.055	0	0	0	0	0	0	0	1	1	0	0	3
2014/01/01-03:47:32	70	1,411.547	62.055	2	0	0	0	0	0	0	1	1	0	0	3
2014/01/01-03:47:55	70	1,411.547	62.055	1	0	1	0	0	0	0	1	0	0	1	3
2014/01/01-03:48:16	70	1,411.547	62.055	4	0	0	0	1	0	0	1	1	0	0	29
2014/01/01-03:49:04	70	1,411.547	62.055	1	0	0	0	1	0	1	1	0	0	1	3
2014/01/01-03:58:55	64	1,431.057	57.027	0	0	1	0	0	0	0	1	0	0	1	3
2014/01/01-03:59:17	64	1,431.057	57.027	1	0	0	0	0	0	1	1	0	0	1	3
2014/01/01-03:59:42	64	1,431.057	57.027	7	0	0	0	0	0	0	1	1	0	0	30
2014/01/01-04:00:30	64	1,431.057	57.027	7	0	0	2	0	0	1	1	0	0	1	17
2014/01/01-04:01:06	64	1,431.057	57.027	3	0	1	0	1	0	0	1	0	0	1	9
2014/01/01-08:31:54	68	1,417.62	63.541	1	0	1	0	0	0	0	1	0	0	1	3
2014/01/01-08:32:16	68	1,417.62	63.541	1	0	1	0	0	0	0	1	0	0	1	3
2014/01/01-08:32:38	68	1,417.62	63.541	2	0	0	0	0	0	1	1	0	0	1	9
2014/01/01-08:33:57	68	1,417.62	63.541	1	0	0	0	1	0	1	1	0	0	1	3
2014/01/01-08:34:19	68	1,417.62	63.541	1	0	0	0	0	0	1	1	0	0	1	3
2014/01/01-08:35:45	68	1,417.62	63.541	3	0	0	2	0	0	0	1	1	0	0	14
2014/01/01-08:36:18	68	1,417.62	63.541	3	0	0	0	0	0	1	1	0	0	1	30
2014/01/01-08:37:07	68	1,417.62	63.541	1	0	0	0	1	0	1	1	0	0	1	4
2014/01/01-08:37:36	68	1,417.62	63.541	1	0	1	0	1	0	0	1	0	0	1	3
2014/01/01-08:37:58	68	1,417.62	63.541	7	0	0	1	0	0	1	1	0	0	1	19
2014/01/01-08:58:31	70	1,410.739	58.334	1	0	1	0	0	0	0	1	0	0	1	3
2014/01/01-08:58:54	70	1,410.739	58.334	9	0	0	2	0	0	1	1	0	0	1	47
2014/01/01-09:00:00	70	1,410.739	58.334	2	0	0	0	0	0	1	1	0	0	1	13
2014/01/01-09:00:32	70	1,410.739	58.334	1	0	1	0	1	0	0	1	0	0	1	3
2014/01/01-09:00:54	70	1,410.739	58.334	3	0	0	0	1	0	0	1	1	0	0	32
2014/01/01-12:24:05	71	1,413.029	61.77	7	0	0	3	0	0	1	1	0	0	1	46
2014/01/01-12:25:10	71	1,413.029	61.77	1	0	0	0	1	0	1	1	0	0	1	3
2014/01/01-12:25:32	71	1,413.029	61.77	0	0	1	0	0	0	0	1	0	0	1	9
2014/01/01-12:26:13	71	1,413.029	61.77	2	0	0	0	0	0	1	1	0	0	1	9
2014/01/01-12:27:07	71	1,413.029	61.77	3	0	0	1	0	0	1	1	0	0	1	11
2014/01/01-12:45:34	71	1,413.029	61.77	2	0	0	0	1	0	1	1	0	0	1	7
2014/01/01-12:45:59	71	1,413.029	61.77	1	0	0	0	0	0	1	1	0	0	1	12
2014/01/01-12:46:41	71	1,413.029	61.77	3	0	0	0	1	0	0	1	1	0	0	11
2014/01/01-12:47:11	71	1,413.029	61.77	6	0	0	0	1	0	0	1	1	0	0	27
2014/01/01-12:47:57	71	1,413.029	61.77	1	0	1	0	0	0	0	1	0	0	1	3
2014/01/01-13:01:11	71	1,410.177	56.747	1	0	0	0	1	0	1	1	0	0	1	3
2014/01/01-13:01:53	71	1,410.177	56.747	8	0	0	1	1	0	1	1	0	0	1	28
2014/01/01-13:02:41	71	1,410.177	56.747	1	0	1	0	0	0	0	1	0	0	1	3
2014/01/01-13:03:03	71	1,410.177	56.747	1	0	1	0	1	0	0	1	0	0	1	3
2014/01/01-13:03:25	71	1,410.177	56.747	8	0	1	0	0	0	0	1	0	0	1	34
2014/01/01-22:53:53	72	1,400.673	61.663	1	0	0	0	0	0	0	1	1	0	0	60
2014/01/01-22:55:12	72	1,400.673	61.663	4	0	0	0	1	0	1	1	0	0	1	12
2014/01/01-22:55:44	72	1,400.673	61.663	1	0	1	0	0	0	0	1	0	0	1	3
2014/01/01-22:56:09	72	1,400.673	61.663	2	0	0	0	0	0	1	1	0	0	1	6
2014/01/01-22:56:33	72	1,400.673	61.663	6	0	1	0	1	0	0	1	0	0	1	29
2014/01/01-23:13:09	72	1,400.673	61.663	1	0	1	0	0	0	0	1	0	0	1	4
2014/01/01-23:13:42	72	1,400.673	61.663	1	0	0	0	1	0	1	1	0	0	1	4
2014/01/01-23:14:05	72	1,400.673	61.663	2	0	1	1	0	0	0	1	0	0	1	11
2014/01/01-23:14:47	72	1,400.673	61.663	8	0	0	0	1	0	1	1	0	0	1	29
2014/01/01-23:15:34	72	1,400.673	61.663	2	0	0	1	0	0	0	1	1	0	0	13
2014/01/01-23:23:24	70	1,411.813	56.595	0	0	1	0	0	0	0	1	0	0	1	3
2014/01/01-23:23:50	70	1,411.813	56.595	1	0	0	0	0	0	0	1	1	0	0	3
2014/01/01-23:24:12	70	1,411.813	56.595	5	0	1	0	0	0	0	1	0	0	1	3
2014/01/01-23:24:42	70	1,411.813	56.595	4	0	0	0	3	0	0	1	1	0	0	16
2014/01/01-23:25:16	70	1,411.813	56.595	6	0	0	2	0	0	1	1	0	0	1	53
2014/01/02-03:15:28	70	1,413.264	60.294	2	0	0	0	0	0	1	1	0	0	1	12
2014/01/02-03:16:03	70	1,413.264	60.294	1	0	0	0	1	0	1	1	0	1	0	3
2014/01/02-03:16:24	70	1,413.264	60.294	6	0	0	2	1	0	0	1	1	0	0	34
2014/01/02-03:17:17	70	1,413.264	60.294	3	0	0	0	1	0	1	1	0	0	1	5
2014/01/02-03:17:43	70	1,413.264	60.294	1	0	0	0	0	0	0	1	1	0	0	14
2014/01/02-03:25:20	70	1,412.649	57.467	3	0	0	0	1	0	1	1	0	0	1	27
2014/01/02-03:26:06	70	1,412.649	57.467	1	0	0	0	0	0	1	1	0	0	1	3
2014/01/02-03:26:30	70	1,412.649	57.467	5	0	0	0	2	0	1	1	0	0	1	6
2014/01/02-03:26:55	70	1,412.649	57.467	3	0	0	0	1	0	1	1	0	0	1	8
2014/01/02-03:27:23	70	1,412.649	57.467	1	0	1	0	0	0	0	1	0	0	1	3
2014/01/02-03:37:10	70	1,412.649	57.467	1	0	1	0	0	0	0	1	0	0	1	3
2014/01/02-03:37:33	70	1,412.649	57.467	2	0	1	0	0	0	0	1	0	0	1	3
2014/01/02-03:37:57	70	1,412.649	57.467	2	0	1	0	0	0	0	1	0	0	1	23
2014/01/02-03:39:03	70	1,412.649	57.467	2	0	0	0	0	0	0	1	1	0	0	3
2014/01/02-03:39:26	70	1,412.649	57.467	4	0	0	0	1	0	1	1	0	0	1	20
2014/01/02-08:45:12	73	1,390.521	61.819	4	0	1	0	0	0	0	1	0	0	1	20
2014/01/02-08:46:31	73	1,390.521	61.819	1	0	0	0	0	0	1	1	0	0	1	10
2014/01/02-08:47:00	73	1,390.521	61.819	2	0	1	0	0	0	0	1	0	0	1	9
2014/01/02-08:47:32	73	1,390.521	61.819	11	0	0	1	1	0	1	1	0	0	1	45
2014/01/02-08:48:42	73	1,390.521	61.819	1	0	1	0	0	0	0	1	0	0	1	3
2014/01/02-09:03:20	73	1,390.521	61.819	15	0	0	0	2	0	0	1	1	0	0	42
2014/01/02-09:04:21	73	1,390.521	61.819	4	0	0	1	1	0	1	1	0	0	1	25
2014/01/02-09:05:05	73	1,390.521	61.819	2	0	0	0	2	0	1	1	0	0	1	8
2014/01/02-09:05:32	73	1,390.521	61.819	1	0	0	0	0	0	1	1	0	0	1	3
2014/01/02-09:05:58	73	1,390.521	61.819	1	0	1	0	0	0	0	1	0	0	1	3
2014/01/02-09:17:53	72	1,394.59	57.082	2	0	1	0	0	0	0	1	0	0	1	24
2014/01/02-09:18:36	72	1,394.59	57.082	1	0	0	0	1	0	1	1	0	0	1	4
2014/01/02-09:18:59	72	1,394.59	57.082	1	0	0	0	1	0	1	1	0	0	1	3
2014/01/02-09:19:21	72	1,394.59	57.082	2	0	0	0	0	0	1	1	0	0	1	6
2014/01/02-09:20:16	72	1,394.59	57.082	12	0	0	2	0	0	1	1	0	0	1	59
2014/01/02-12:58:53	74	1,391.823	60.582	0	0	0	0	0	0	0	1	1	0	0	23
2014/01/02-12:59:36	74	1,391.823	60.582	5	0	0	1	2	0	1	1	0	0	1	19
2014/01/02-13:00:14	74	1,391.823	60.582	0	0	0	0	0	0	0	1	1	0	0	5
2014/01/02-13:00:37	74	1,391.823	60.582	1	0	0	0	0	0	1	1	0	0	1	3
2014/01/02-13:01:02	74	1,391.823	60.582	1	0	0	0	0	0	0	1	1	0	0	15
2014/01/02-13:21:10	68	1,424.479	58	0	0	1	0	0	0	0	1	0	0	1	3
2014/01/02-13:22:29	68	1,424.479	58	4	0	1	0	1	0	0	1	0	0	1	9
2014/01/02-13:22:57	68	1,424.479	58	7	0	0	0	0	0	1	1	0	0	1	38
2014/01/02-13:23:53	68	1,424.479	58	1	0	0	0	0	0	1	1	0	0	1	3
2014/01/02-13:24:17	68	1,424.479	58	4	0	0	0	1	0	0	1	1	0	0	17
2014/01/02-13:41:02	68	1,424.479	58	4	0	0	0	1	0	1	1	0	0	1	32
2014/01/02-13:41:54	68	1,424.479	58	0	0	1	0	0	0	0	1	0	0	1	6
2014/01/02-13:42:41	68	1,424.479	58	1	0	0	0	0	0	1	1	0	0	1	3
2014/01/02-13:43:48	68	1,424.479	58	2	0	1	0	0	0	0	1	0	0	1	8
2014/01/02-13:44:23	68	1,424.479	58	3	0	0	1	1	0	1	1	0	0	1	26
2014/01/02-17:12:47	68	1,421.021	60.12	1	0	1	0	1	0	0	1	0	0	1	3
2014/01/02-17:13:10	68	1,421.021	60.12	2	0	0	0	2	0	1	1	0	0	1	8
2014/01/02-17:13:37	68	1,421.021	60.12	0	0	1	0	0	0	0	1	0	0	1	3
2014/01/02-17:13:59	68	1,421.021	60.12	0	0	1	0	0	0	0	1	0	0	1	3
2014/01/02-17:14:26	68	1,421.021	60.12	3	0	0	1	0	0	1	1	0	0	1	12
2014/01/02-17:24:17	68	1,421.044	57.594	1	0	0	0	0	0	1	1	0	0	1	3
2014/01/02-17:24:40	68	1,421.044	57.594	16	0	0	0	3	0	0	1	1	0	0	28
2014/01/02-17:25:26	68	1,421.044	57.594	1	0	0	0	0	0	1	1	0	0	1	3
2014/01/02-17:25:49	68	1,421.044	57.594	1	0	1	0	0	0	0	1	0	0	1	4
2014/01/02-17:26:11	68	1,421.044	57.594	6	0	0	0	1	0	0	1	1	0	0	46
2014/01/02-17:37:56	68	1,421.044	57.594	7	0	0	0	1	0	1	1	1	0	0	32
2014/01/02-17:38:47	68	1,421.044	57.594	4	0	0	1	0	0	1	1	0	0	1	14
2014/01/02-17:39:20	68	1,421.044	57.594	1	0	0	0	0	0	1	1	0	0	1	13
2014/01/02-17:39:52	68	1,421.044	57.594	1	0	1	0	0	0	0	1	0	0	1	3
2014/01/02-17:40:22	68	1,421.044	57.594	1	0	0	0	0	0	1	1	0	0	1	5
