2013/12/25-20:09:03	53	1,500	350	12	0	0	7	1	0	0	1	1	0	0	33
2013/12/25-20:09:54	53	1,500	350	10	0	0	6	1	0	0	1	1	0	0	24
2013/12/25-20:10:37	53	1,500	350	2	0	0	0	1	0	0	1	1	0	0	13
2013/12/25-20:11:08	53	1,500	350	3	0	0	0	1	0	0	1	1	0	0	13
2013/12/25-20:11:39	53	1,500	350	8	0	0	0	1	0	0	1	1	0	0	20
2013/12/25-20:12:17	53	1,500	350	8	0	0	0	1	0	0	1	1	0	0	20
2013/12/25-20:12:55	53	1,500	350	8	0	0	4	1	0	0	1	1	0	0	32
2013/12/25-20:13:46	53	1,500	350	8	0	0	4	1	0	0	1	1	0	0	33
2013/12/25-20:14:37	53	1,500	350	4	0	0	0	1	0	0	1	1	0	0	16
2013/12/25-20:15:12	53	1,500	350	4	0	0	0	1	0	0	1	1	0	0	16
2013/12/25-20:15:46	53	1,500	350	4	0	0	0	1	0	0	1	1	0	0	20
2013/12/25-20:16:25	53	1,500	350	5	0	0	0	1	0	0	1	1	0	0	24
2013/12/25-20:17:07	53	1,500	350	3	0	0	3	1	0	0	1	1	0	0	24
2013/12/25-20:17:50	53	1,500	350	3	0	0	3	1	0	0	1	1	0	0	24
2013/12/25-20:18:32	53	1,500	350	1	0	0	0	1	0	0	1	1	0	0	4
2013/12/25-20:18:54	53	1,500	350	1	0	0	0	1	0	0	1	1	0	0	4
2013/12/25-20:20:51	53	1,500	350	11	0	0	7	0	0	1	1	0	0	1	29
2013/12/25-20:21:40	53	1,500	350	19	0	0	13	1	0	0	1	1	0	0	37
2013/12/25-20:22:35	53	1,500	350	7	0	0	0	1	0	0	1	1	0	0	16
2013/12/25-20:23:10	53	1,500	350	7	0	0	0	1	0	0	1	1	0	0	16
2013/12/25-20:23:44	53	1,500	350	7	0	0	0	0	0	1	1	0	0	1	21
2013/12/25-20:24:23	53	1,500	350	10	0	0	0	1	0	0	1	1	0	0	23
2013/12/25-20:25:04	53	1,500	350	9	0	0	1	1	0	0	1	1	0	0	36
2013/12/25-20:25:58	53	1,500	350	8	0	0	0	1	0	0	1	1	0	0	28
2013/12/25-20:26:45	53	1,500	350	5	0	0	0	1	0	0	1	1	0	0	18
2013/12/25-20:27:21	53	1,500	350	7	0	0	0	1	0	0	1	1	0	0	33
2013/12/25-20:28:12	53	1,500	350	5	0	0	0	1	0	0	1	1	0	0	25
2013/12/25-20:28:56	53	1,500	350	4	0	0	0	1	0	0	1	1	0	0	21
2013/12/25-20:29:35	53	1,500	350	2	0	0	3	1	0	0	1	1	0	0	26
2013/12/25-20:30:19	53	1,500	350	2	0	0	3	1	0	0	1	1	0	0	25
2013/12/25-20:31:03	53	1,500	350	3	0	0	0	1	0	0	1	1	0	0	9
2013/12/25-20:31:31	53	1,500	350	6	0	0	1	1	0	0	1	1	0	0	12
2013/12/25-20:36:06	53	1,500	350	27	0	0	17	1	0	0	1	1	0	0	43
2013/12/25-20:37:05	53	1,500	350	10	0	0	4	0	0	1	1	0	0	1	24
2013/12/25-20:37:47	53	1,500	350	21	0	0	0	0	0	0	1	0	1	0	30
2013/12/25-20:38:35	53	1,500	350	18	0	0	1	0	0	0	1	0	1	0	30
2013/12/25-20:39:24	53	1,500	350	8	0	0	0	1	0	0	1	1	0	0	18
2013/12/25-20:40:00	53	1,500	350	13	0	0	0	1	0	0	1	1	0	0	24
2013/12/25-20:40:43	53	1,500	350	14	0	0	1	0	0	0	1	0	1	0	45
2013/12/25-20:41:46	53	1,500	350	12	0	0	3	0	0	0	1	0	1	0	45
2013/12/25-20:42:49	53	1,500	350	20	0	0	0	0	0	0	1	0	1	0	60
2013/12/25-20:44:08	53	1,500	350	17	0	0	0	1	0	0	1	1	0	0	52
2013/12/25-20:45:19	53	1,500	350	4	0	0	0	1	0	0	1	1	0	0	21
2013/12/25-20:45:58	53	1,500	350	5	0	0	0	1	0	0	1	1	0	0	24
2013/12/25-20:46:41	53	1,500	350	2	0	0	3	1	0	0	1	1	0	0	22
2013/12/25-20:47:22	53	1,500	350	2	0	0	3	1	0	0	1	1	0	0	22
2013/12/25-20:48:02	53	1,500	350	7	0	0	0	0	0	0	1	0	1	0	30
2013/12/25-20:48:51	53	1,500	350	5	0	0	0	1	0	0	1	1	0	0	14
2013/12/25-20:59:26	53	1,500	350	10	0	0	2	1	0	0	1	1	0	0	25
2013/12/25-21:00:07	53	1,500	350	21	0	0	3	1	0	0	1	1	0	0	32
2013/12/25-21:00:58	53	1,500	350	9	0	1	0	0	0	0	1	0	1	0	19
2013/12/25-21:01:36	53	1,500	350	18	0	1	0	0	0	0	1	0	1	0	25
2013/12/25-21:02:19	53	1,500	350	18	0	0	0	0	0	0	1	0	1	0	30
2013/12/25-21:03:07	53	1,500	350	13	0	0	0	0	0	1	1	0	0	1	23
2013/12/25-21:03:49	53	1,500	350	1	0	0	0	0	0	0	1	1	0	0	4
2013/12/25-21:04:11	53	1,500	350	1	0	0	0	0	0	0	1	1	0	0	4
2013/12/25-21:04:33	53	1,500	350	5	0	0	0	1	0	0	1	1	0	0	17
2013/12/25-21:05:08	53	1,500	350	7	0	0	0	0	0	0	1	1	0	0	21
2013/12/25-21:05:47	53	1,500	350	0	0	0	0	0	0	0	1	1	0	0	3
2013/12/25-21:06:08	53	1,500	350	0	0	0	0	0	0	0	1	1	0	0	3
2013/12/25-21:06:29	53	1,500	350	0	0	0	3	0	0	0	1	1	0	0	3
2013/12/25-21:06:50	53	1,500	350	0	0	0	3	0	0	0	1	1	0	0	3
2013/12/25-21:07:11	53	1,500	350	3	0	0	0	0	0	0	1	1	0	0	8
2013/12/25-21:07:38	53	1,500	350	2	0	0	0	1	0	0	1	1	0	0	6
2013/12/26-14:57:06	15	1,794.027	350.155	7	0	1	2	0	0	0	1	0	0	1	23
2013/12/26-14:58:03	15	1,794.027	350.155	5	0	0	0	2	0	0	1	1	0	0	18
2013/12/26-14:58:32	15	1,794.027	350.155	4	0	0	0	0	0	1	1	0	0	1	8
2013/12/26-14:58:57	15	1,794.027	350.155	12	0	1	0	0	0	0	1	0	0	1	46
2013/12/26-14:59:57	15	1,794.027	350.155	1	0	0	0	0	0	1	1	0	0	1	3
2013/12/26-15:00:36	15	1,794.027	350.155	4	0	0	0	0	0	1	1	0	0	1	11
2013/12/26-15:45:49	15	1,794.027	350.155	8	0	1	0	0	0	0	1	0	0	1	14
2013/12/26-15:46:45	15	1,794.027	350.155	12	0	0	2	0	0	1	1	0	0	1	20
2013/12/26-15:47:26	15	1,794.027	350.155	5	0	1	0	0	0	0	1	0	0	1	12
2013/12/26-15:48:09	15	1,794.027	350.155	16	0	0	0	1	0	1	1	0	0	1	14
2013/12/26-15:48:35	15	1,794.027	350.155	1	0	0	0	1	0	1	1	0	0	1	3
2013/12/26-15:49:01	15	1,794.027	350.155	7	0	0	1	2	0	1	1	1	0	0	10
2013/12/26-15:49:27	15	1,794.027	350.155	1	0	0	0	2	0	1	1	0	0	1	3
2013/12/26-15:49:41	15	1,794.027	350.155	18	0	0	20	1	0	1	1	1	0	0	59
2013/12/26-16:04:17	94	1,059.631	260.351	2	0	0	0	0	0	1	1	0	0	1	6
2013/12/26-16:04:51	94	1,059.631	260.351	2	0	0	0	0	0	1	1	0	0	1	3
2013/12/26-16:05:15	94	1,059.631	260.351	1	0	0	0	0	0	1	1	0	0	1	3
2013/12/26-16:05:37	94	1,059.631	260.351	4	0	0	0	0	0	0	1	1	0	0	10
2013/12/26-16:06:05	94	1,059.631	260.351	6	0	0	3	0	0	1	1	0	0	1	15
2013/12/26-16:06:39	94	1,059.631	260.351	2	0	0	0	1	0	1	1	0	0	1	7
2013/12/26-16:07:54	94	1,059.631	260.351	11	0	0	3	0	0	1	1	0	0	1	25
2013/12/26-16:08:58	94	1,059.631	260.351	1	0	1	0	0	0	0	1	0	0	1	3
2013/12/26-16:09:20	94	1,059.631	260.351	2	0	0	1	0	0	1	1	0	0	1	3
2013/12/26-16:09:46	94	1,059.631	260.351	9	0	0	0	0	0	1	1	0	0	1	12
2013/12/26-16:10:22	94	1,059.631	260.351	0	0	1	0	0	0	0	1	0	0	1	3
2013/12/26-16:11:03	94	1,059.631	260.351	6	0	0	1	0	0	1	1	0	0	1	15
2013/12/26-16:11:49	94	1,059.631	260.351	3	0	0	0	0	0	1	1	0	0	1	8
2013/12/26-16:12:44	94	1,059.631	260.351	1	0	0	0	0	0	1	1	0	0	1	3
2013/12/26-22:01:25	23	1,768.88	218.656	16	0	0	1	1	0	1	1	0	0	1	20
2013/12/26-22:02:03	23	1,768.88	218.656	4	0	1	0	0	0	0	1	0	0	1	22
2013/12/26-22:02:44	23	1,768.88	218.656	16	0	0	4	1	0	0	1	1	0	0	44
2013/12/26-22:03:42	23	1,768.88	218.656	1	0	0	0	0	0	1	1	0	0	1	3
2013/12/26-22:04:01	23	1,768.88	218.656	2	0	1	0	0	0	0	1	0	0	1	7
2013/12/26-22:04:30	23	1,768.88	218.656	3	0	0	0	0	0	1	1	0	0	1	9
2013/12/26-22:05:02	23	1,768.88	218.656	6	0	0	0	0	0	1	1	0	0	1	14
2013/12/26-22:15:13	23	1,768.88	218.656	5	0	0	0	0	0	1	1	0	0	1	16
2013/12/26-22:15:45	23	1,768.88	218.656	1	0	0	0	2	0	1	1	1	0	0	3
2013/12/26-22:16:06	23	1,768.88	218.656	5	0	0	0	1	0	1	1	0	0	1	13
2013/12/26-22:16:38	23	1,768.88	218.656	18	0	0	4	0	0	1	1	0	0	1	57
2013/12/26-22:17:54	23	1,768.88	218.656	3	0	1	1	0	0	0	1	0	0	1	13
2013/12/26-22:18:25	23	1,768.88	218.656	2	0	0	2	0	0	0	1	1	0	0	4
2013/12/26-22:18:48	23	1,768.88	218.656	11	0	0	0	2	0	1	1	1	0	0	8
2013/12/26-22:51:24	79	1,243.411	169.759	4	0	0	0	0	0	1	1	0	0	1	13
2013/12/26-22:52:13	79	1,243.411	169.759	4	0	0	0	0	0	1	1	0	0	1	10
2013/12/26-22:52:51	79	1,243.411	169.759	4	0	1	0	0	0	0	1	0	0	1	12
2013/12/26-22:53:22	79	1,243.411	169.759	6	0	0	1	0	0	1	1	0	0	1	9
2013/12/26-22:54:06	79	1,243.411	169.759	2	0	1	3	0	0	0	1	0	0	1	79
2013/12/26-22:55:43	79	1,243.411	169.759	10	0	0	0	1	0	0	1	1	0	0	21
2013/12/26-22:56:23	79	1,243.411	169.759	2	0	0	0	0	0	1	1	0	0	1	7
2013/12/26-23:13:55	79	1,243.411	169.759	9	0	0	5	0	0	1	1	0	0	1	22
2013/12/26-23:14:36	79	1,243.411	169.759	15	0	0	4	0	0	1	1	0	0	1	32
2013/12/26-23:15:52	79	1,243.411	169.759	11	0	0	0	2	0	0	1	1	0	0	11
2013/12/26-23:16:22	79	1,243.411	169.759	3	0	0	0	2	0	0	1	1	0	0	9
2013/12/26-23:16:50	79	1,243.411	169.759	6	0	0	0	0	0	1	1	0	0	1	11
2013/12/26-23:17:22	79	1,243.411	169.759	14	0	0	2	2	0	1	1	0	0	1	17
2013/12/26-23:17:59	79	1,243.411	169.759	12	0	0	2	0	0	1	1	0	0	1	40
2013/12/26-23:45:12	78	1,295.57	156.883	3	0	0	0	0	0	1	1	0	0	1	9
2013/12/26-23:45:40	78	1,295.57	156.883	2	0	1	0	0	0	0	1	0	0	1	7
2013/12/26-23:46:14	78	1,295.57	156.883	4	0	1	6	0	0	0	1	1	0	0	8
2013/12/26-23:46:41	78	1,295.57	156.883	9	0	0	0	0	0	0	1	1	0	0	23
2013/12/26-23:47:23	78	1,295.57	156.883	2	0	1	1	0	0	0	1	0	0	1	12
2013/12/26-23:47:53	78	1,295.57	156.883	3	0	0	0	0	0	1	1	0	0	1	12
2013/12/26-23:48:28	78	1,295.57	156.883	1	0	0	0	0	0	0	1	1	0	0	4
2013/12/27-00:17:27	41	1,622.722	137.249	22	0	1	0	0	0	0	1	0	0	1	34
2013/12/27-00:18:26	41	1,622.722	137.249	1	0	0	0	1	0	1	1	0	0	1	3
2013/12/27-00:19:45	41	1,622.722	137.249	16	0	0	5	3	0	0	1	1	0	0	33
2013/12/27-00:20:37	41	1,622.722	137.249	25	0	0	18	0	0	0	1	1	0	0	82
2013/12/27-00:22:18	41	1,622.722	137.249	1	0	0	1	1	0	1	1	0	0	1	3
2013/12/27-00:22:40	41	1,622.722	137.249	2	0	0	0	1	0	0	1	1	0	0	5
2013/12/27-00:23:03	41	1,622.722	137.249	1	0	0	0	0	0	1	1	0	0	1	3
2013/12/27-00:31:07	41	1,622.722	137.249	3	0	0	0	0	0	1	1	0	0	1	7
2013/12/27-00:32:04	41	1,622.722	137.249	1	0	1	0	0	0	0	1	0	0	1	1
2013/12/27-00:32:35	41	1,622.722	137.249	5	0	0	0	2	0	1	1	1	0	0	4
2013/12/27-00:33:00	41	1,622.722	137.249	5	0	0	1	0	0	1	1	0	0	1	19
2013/12/27-00:33:38	41	1,622.722	137.249	3	0	0	0	0	0	1	1	0	0	1	5
2013/12/27-00:34:34	41	1,622.722	137.249	2	0	0	0	1	0	1	1	0	0	1	3
2013/12/27-00:35:15	41	1,622.722	137.249	1	0	0	0	0	0	1	1	0	0	1	1
2013/12/27-00:52:45	41	1,622.722	137.249	4	0	0	0	0	0	1	1	0	0	1	14
2013/12/27-00:53:17	41	1,622.722	137.249	19	0	0	1	1	0	1	1	0	0	1	39
2013/12/27-00:54:15	41	1,622.722	137.249	6	0	0	0	0	0	0	1	1	0	0	8
2013/12/27-00:54:41	41	1,622.722	137.249	1	0	0	0	1	0	1	1	0	0	1	3
2013/12/27-00:55:03	41	1,622.722	137.249	0	0	1	2	0	0	0	1	0	0	1	79
2013/12/27-00:56:40	41	1,622.722	137.249	7	0	0	0	1	0	1	1	0	0	1	24
2013/12/27-00:57:23	41	1,622.722	137.249	11	0	0	2	0	0	1	1	0	0	1	18
2013/12/27-01:03:15	54	1,536.061	105.018	10	0	0	0	0	0	1	1	0	0	1	18
2013/12/27-01:03:52	54	1,536.061	105.018	21	0	0	18	2	0	0	1	1	0	0	68
2013/12/27-01:05:19	54	1,536.061	105.018	0	0	1	0	0	0	0	1	0	0	1	3
2013/12/27-01:05:46	54	1,536.061	105.018	6	0	0	0	0	0	0	1	1	0	0	13
2013/12/27-01:06:18	54	1,536.061	105.018	26	0	1	4	0	0	0	1	0	0	1	42
2013/12/27-01:07:19	54	1,536.061	105.018	1	0	0	0	2	0	0	1	1	0	0	3
2013/12/27-01:07:41	54	1,536.061	105.018	5	0	0	3	1	0	1	1	1	0	0	7
2013/12/27-01:18:10	54	1,536.061	105.018	2	0	0	0	0	0	1	1	0	0	1	3
2013/12/27-01:20:11	54	1,536.061	105.018	3	0	0	0	1	0	1	1	0	0	1	6
2013/12/27-01:20:40	54	1,536.061	105.018	5	0	1	0	1	0	0	1	0	0	1	15
2013/12/27-01:21:17	54	1,536.061	105.018	1	0	1	0	0	0	0	1	0	1	0	2
2013/12/27-01:21:50	54	1,536.061	105.018	1	0	0	0	0	0	1	1	0	0	1	3
2013/12/27-01:24:30	54	1,536.061	105.018	2	0	0	0	0	0	1	1	0	0	1	5
2013/12/27-01:25:53	54	1,536.061	105.018	2	0	1	0	0	0	0	1	0	0	1	5
2013/12/27-01:37:37	35	1,663.783	88.361	0	0	1	2	0	0	0	1	1	0	0	66
2013/12/27-01:39:01	35	1,663.783	88.361	7	0	0	1	1	0	0	1	1	0	0	11
2013/12/27-01:39:31	35	1,663.783	88.361	1	0	1	0	0	0	0	1	0	0	1	4
2013/12/27-01:40:02	35	1,663.783	88.361	2	0	0	0	0	0	1	1	0	0	1	6
2013/12/27-01:40:32	35	1,663.783	88.361	6	0	0	1	0	0	0	1	1	0	0	24
2013/12/27-01:41:15	35	1,663.783	88.361	4	0	0	0	0	0	1	1	0	0	1	16
2013/12/27-01:41:52	35	1,663.783	88.361	2	0	0	0	0	0	1	1	0	0	1	3
2013/12/27-01:49:59	35	1,663.783	88.361	8	0	0	0	2	0	0	1	1	0	0	23
2013/12/27-01:50:41	35	1,663.783	88.361	4	0	0	0	0	0	1	1	0	0	1	8
2013/12/27-01:51:24	35	1,663.783	88.361	1	0	0	0	1	0	1	1	0	0	1	3
2013/12/27-01:51:46	35	1,663.783	88.361	2	0	0	0	0	0	1	1	0	0	1	3
2013/12/27-01:52:34	35	1,663.783	88.361	19	0	0	8	0	0	1	1	0	0	1	57
2013/12/27-01:53:50	35	1,663.783	88.361	12	0	0	1	3	0	0	1	1	0	0	13
2013/12/27-01:54:22	35	1,663.783	88.361	12	0	0	0	0	0	1	1	0	0	1	12
2013/12/27-02:17:22	53	1,561.247	74.388	11	0	0	4	0	0	1	1	0	0	1	21
2013/12/27-02:18:09	53	1,561.247	74.388	4	0	0	0	0	0	1	1	0	0	1	5
2013/12/27-02:18:35	53	1,561.247	74.388	5	0	0	0	0	0	1	1	0	0	1	16
2013/12/27-02:19:10	53	1,561.247	74.388	0	0	1	13	0	0	0	1	0	0	1	89
2013/12/27-02:20:57	53	1,561.247	74.388	2	0	1	0	0	0	0	1	0	0	1	7
2013/12/27-02:21:35	53	1,561.247	74.388	4	0	1	0	0	0	0	1	0	0	1	17
2013/12/27-02:22:25	53	1,561.247	74.388	9	0	0	1	0	0	1	1	0	0	1	26
2013/12/27-02:38:28	53	1,561.247	74.388	1	0	0	0	3	0	1	1	1	0	0	3
2013/12/27-02:38:49	53	1,561.247	74.388	3	0	1	0	0	0	0	1	0	0	1	10
2013/12/27-02:39:18	53	1,561.247	74.388	1	0	0	0	0	0	1	1	0	0	1	3
2013/12/27-02:39:49	53	1,561.247	74.388	15	0	0	0	1	0	0	1	1	0	0	33
2013/12/27-02:40:40	53	1,561.247	74.388	2	0	1	2	1	0	0	1	0	0	1	3
2013/12/27-02:41:04	53	1,561.247	74.388	10	0	1	9	0	0	0	1	0	0	1	40
2013/12/27-02:42:22	53	1,561.247	74.388	6	0	0	0	1	0	1	1	0	0	1	8
2013/12/27-07:15:33	55	1,545.557	63.929	1	0	0	0	0	0	1	1	0	0	1	4
2013/12/27-07:16:01	55	1,545.557	63.929	12	0	0	1	0	0	1	1	0	0	1	21
2013/12/27-07:16:41	55	1,545.557	63.929	2	0	0	0	1	0	1	1	0	0	1	3
2013/12/27-07:17:03	55	1,545.557	63.929	27	0	0	0	1	0	0	1	1	0	0	81
2013/12/27-07:18:42	55	1,545.557	63.929	24	0	0	4	1	0	0	1	1	0	0	48
2013/12/27-07:19:48	55	1,545.557	63.929	1	0	0	0	0	0	1	1	0	0	1	3
2013/12/27-07:20:11	55	1,545.557	63.929	0	0	1	9	0	0	0	1	0	0	1	35
2013/12/27-07:49:09	55	1,545.557	63.929	0	0	1	0	0	0	0	1	0	0	1	3
2013/12/27-07:49:36	55	1,545.557	63.929	16	0	0	10	1	0	1	1	0	0	1	61
2013/12/27-07:50:57	55	1,545.557	63.929	10	0	0	0	2	0	1	1	0	0	1	16
2013/12/27-07:51:33	55	1,545.557	63.929	1	0	0	1	0	0	1	1	0	0	1	3
2013/12/27-07:52:00	54	1,545.783	57.582	9	0	0	0	0	0	1	1	0	0	1	10
2013/12/27-07:52:29	54	1,545.783	57.582	9	0	0	4	0	0	1	1	0	0	1	28
2013/12/27-07:53:15	54	1,545.783	57.582	19	0	0	1	2	0	1	1	1	0	0	35
2013/12/27-07:54:16	54	1,545.783	57.582	12	0	0	0	0	0	1	1	0	0	1	38
2013/12/27-07:55:12	54	1,545.783	57.582	6	0	0	0	2	0	1	1	1	0	0	18
2013/12/27-07:55:49	54	1,545.783	57.582	3	0	0	1	1	0	1	1	0	0	1	6
2013/12/27-07:56:17	54	1,545.783	57.582	8	0	0	0	0	0	0	1	1	0	0	17
2013/12/27-07:56:53	54	1,545.783	57.582	6	0	0	0	0	0	1	1	0	0	1	11
2013/12/27-07:57:53	54	1,545.783	57.582	6	0	0	0	1	0	1	1	0	0	1	6
2013/12/27-07:58:18	54	1,545.783	57.582	14	0	0	0	1	0	1	1	0	0	1	43
2013/12/27-08:16:52	54	1,545.783	57.582	12	0	0	0	0	0	1	1	0	0	1	27
2013/12/27-08:17:38	54	1,545.783	57.582	1	0	0	0	0	0	1	1	0	0	1	3
2013/12/27-08:18:03	54	1,545.783	57.582	18	0	1	1	0	0	0	1	0	0	1	67
2013/12/27-08:19:29	54	1,545.783	57.582	2	0	1	16	0	0	0	1	1	0	0	76
2013/12/27-08:21:03	54	1,545.783	57.582	10	0	0	1	0	0	1	1	0	0	1	19
2013/12/27-08:22:21	54	1,545.783	57.582	4	0	1	1	0	0	0	1	0	0	1	11
2013/12/27-08:23:18	54	1,545.783	57.582	1	0	0	0	0	0	0	1	1	0	0	3
2013/12/27-08:40:25	50	1,583.083	50.895	3	0	0	0	0	0	1	1	0	0	1	10
2013/12/27-08:40:54	50	1,583.083	50.895	4	0	0	0	0	0	0	1	1	0	0	8
2013/12/27-08:41:21	50	1,583.083	50.895	3	0	1	1	1	0	0	1	0	0	1	3
2013/12/27-08:41:43	50	1,583.083	50.895	12	0	1	0	0	0	0	1	0	0	1	13
2013/12/27-08:42:16	50	1,583.083	50.895	19	0	0	4	0	0	0	1	1	0	0	62
2013/12/27-08:43:37	50	1,583.083	50.895	16	0	0	2	0	0	1	1	0	0	1	29
2013/12/27-08:44:40	50	1,583.083	50.895	1	0	0	0	0	0	1	1	0	0	1	3
2013/12/27-08:53:23	50	1,583.083	50.895	18	0	1	0	1	0	0	1	0	0	1	38
2013/12/27-08:54:19	50	1,583.083	50.895	10	0	0	0	0	0	1	1	0	0	1	10
2013/12/27-08:54:49	50	1,583.083	50.895	4	0	0	0	0	0	1	1	0	0	1	14
2013/12/27-08:56:34	50	1,583.083	50.895	1	0	0	0	0	0	1	1	0	0	1	6
2013/12/27-08:57:06	50	1,583.083	50.895	1	0	0	0	0	0	1	1	0	0	1	3
2013/12/27-08:57:47	50	1,583.083	50.895	3	0	0	0	0	0	1	1	0	0	1	9
2013/12/27-08:58:37	50	1,583.083	50.895	3	0	0	0	0	0	1	1	0	0	1	6
2013/12/27-09:17:12	50	1,583.083	50.895	1	0	0	0	0	0	1	1	0	0	1	3
2013/12/27-09:17:37	50	1,583.083	50.895	2	0	1	1	0	0	0	1	0	0	1	6
2013/12/27-09:18:15	50	1,583.083	50.895	8	0	0	0	0	0	1	1	0	0	1	24
2013/12/27-09:19:11	50	1,583.083	50.895	0	0	1	2	0	0	0	1	0	0	1	4
2013/12/27-09:19:34	50	1,583.083	50.895	4	0	0	0	0	0	0	1	1	0	0	11
2013/12/27-09:20:04	50	1,583.083	50.895	1	0	0	0	0	0	1	1	0	0	1	5
2013/12/27-09:20:41	50	1,583.083	50.895	6	0	1	3	0	0	0	1	0	0	1	24
2013/12/27-09:21:42	50	1,583.083	50.895	3	0	0	0	0	0	1	1	0	0	1	8
2013/12/27-09:22:19	50	1,583.083	50.895	7	0	0	0	2	0	0	1	1	0	0	10
2013/12/27-09:22:48	51	1,561.92	44.905	2	0	0	0	2	0	0	1	1	0	0	14
2013/12/27-09:23:21	51	1,561.92	44.905	18	0	0	7	0	0	0	1	1	0	0	68
2013/12/27-09:24:45	51	1,561.92	44.905	3	0	0	1	1	0	1	1	0	0	1	3
2013/12/27-09:25:08	51	1,561.92	44.905	5	0	0	1	0	0	1	1	0	0	1	18
2013/12/27-09:25:53	51	1,561.92	44.905	7	0	0	0	2	0	0	1	1	0	0	19
