2013/09/02-13:29:44	9	1,500	350	18	0	0	1	0	0	0	1	1	0	0	60
2013/09/02-13:31:05	9	1,500	350	1	0	0	0	2	0	0	1	1	0	0	3
2013/09/02-13:31:27	9	1,500	350	7	0	0	1	1	0	1	1	0	0	1	14
2013/09/02-13:32:00	9	1,500	350	20	0	0	1	1	0	1	1	0	0	1	56
2013/09/02-13:33:14	9	1,500	350	8	0	0	0	1	0	1	1	1	0	0	12
2013/09/02-14:07:44	9	1,500	350	7	0	0	0	1	0	0	1	1	0	0	22
2013/09/02-14:08:25	9	1,500	350	3	0	1	0	0	0	0	1	0	0	1	11
2013/09/02-14:09:44	9	1,500	350	1	0	0	0	0	0	0	1	1	0	0	4
2013/09/02-14:10:07	9	1,500	350	6	0	0	8	0	0	1	1	0	0	1	13
2013/09/02-14:10:39	9	1,500	350	11	0	1	0	2	0	0	1	0	0	1	20
2013/09/02-14:25:12	1	2,170.255	263.837	1	0	1	0	0	0	0	1	0	0	1	3
2013/09/02-14:25:34	1	2,170.255	263.837	4	0	0	0	1	0	1	1	0	0	1	11
2013/09/02-14:26:04	1	2,170.255	263.837	5	0	0	0	0	0	1	1	0	0	1	11
2013/09/02-14:26:47	1	2,170.255	263.837	34	0	0	7	0	0	1	1	0	0	1	50
2013/09/02-14:27:55	1	2,170.255	263.837	2	0	0	0	0	0	1	1	0	0	1	3
2013/09/02-18:35:06	28	1,593.499	220.564	0	0	0	0	0	0	0	1	1	0	0	6
2013/09/02-18:35:32	28	1,593.499	220.564	15	0	0	0	0	0	1	1	0	0	1	48
2013/09/02-18:36:38	28	1,593.499	220.564	10	0	0	13	1	0	1	1	0	0	1	25
2013/09/02-18:37:22	28	1,593.499	220.564	2	0	1	0	0	0	0	1	0	0	1	9
2013/09/02-18:37:50	28	1,593.499	220.564	10	0	1	0	0	0	0	1	0	0	1	21
2013/09/02-18:52:35	65	1,338.597	185.539	1	0	1	0	0	0	0	1	0	0	1	4
2013/09/02-18:52:59	65	1,338.597	185.539	20	0	0	6	1	0	1	1	0	0	1	29
2013/09/02-18:53:46	65	1,338.597	185.539	3	0	0	0	0	0	1	1	0	0	1	6
2013/09/02-18:55:05	65	1,338.597	185.539	21	0	0	0	1	0	0	1	1	0	0	60
2013/09/02-18:56:24	65	1,338.597	185.539	3	0	1	0	0	0	0	1	0	0	1	8
2013/09/02-19:05:00	65	1,338.597	185.539	13	0	1	0	1	0	0	1	0	0	1	21
2013/09/02-19:06:19	65	1,338.597	185.539	3	0	0	0	0	0	1	1	0	0	1	6
2013/09/02-19:07:29	65	1,338.597	185.539	4	0	0	0	1	0	0	1	1	0	0	10
2013/09/02-19:07:58	65	1,338.597	185.539	28	0	0	4	0	0	1	1	0	0	1	47
2013/09/02-19:09:11	65	1,338.597	185.539	7	0	0	1	1	0	1	1	0	0	1	22
2013/09/02-21:01:50	23	1,649.724	154.363	3	0	0	0	0	0	1	1	0	0	1	4
2013/09/02-21:02:18	23	1,649.724	154.363	2	0	0	0	1	0	0	1	1	0	0	6
2013/09/02-21:02:44	23	1,649.724	154.363	1	0	0	0	2	0	1	1	0	0	1	3
2013/09/02-21:03:06	23	1,649.724	154.363	19	0	0	1	2	0	0	1	1	0	0	60
2013/09/02-21:04:24	23	1,649.724	154.363	42	0	0	0	1	0	0	1	1	0	0	60
2013/09/02-21:18:52	20	1,733.045	131.912	5	0	1	0	0	0	0	1	0	0	1	6
2013/09/02-21:19:27	20	1,733.045	131.912	47	0	0	2	0	0	0	1	0	0	1	60
2013/09/02-21:20:45	20	1,733.045	131.912	1	0	0	0	0	0	1	1	0	0	1	3
2013/09/02-21:21:08	20	1,733.045	131.912	2	0	1	0	0	0	0	1	0	0	1	4
2013/09/02-21:22:08	20	1,733.045	131.912	8	0	0	16	0	0	1	1	0	0	1	19
2013/09/02-21:31:08	20	1,733.045	131.912	9	0	0	0	0	0	1	1	0	0	1	18
2013/09/02-21:31:57	20	1,733.045	131.912	18	0	0	11	1	0	1	1	0	0	1	43
2013/09/02-21:33:00	20	1,733.045	131.912	20	0	0	0	0	0	0	1	1	0	0	60
2013/09/02-21:34:19	20	1,733.045	131.912	13	0	0	0	1	0	1	1	0	0	1	18
2013/09/02-21:35:36	20	1,733.045	131.912	3	0	0	0	1	0	1	1	0	0	1	3
2013/09/03-08:01:10	26	1,724.854	112.98	2	0	0	0	1	0	0	1	1	0	0	7
2013/09/03-08:01:33	26	1,724.854	112.98	1	0	1	0	0	0	0	1	0	0	1	7
2013/09/03-08:01:59	26	1,724.854	112.98	13	0	1	0	0	0	0	1	0	0	1	23
2013/09/03-08:02:47	26	1,724.854	112.98	31	0	1	0	0	0	0	1	0	0	1	43
2013/09/03-08:03:48	26	1,724.854	112.98	10	0	0	3	0	0	1	1	0	0	1	22
2013/09/03-08:18:04	26	1,724.854	112.98	2	0	1	0	0	0	0	1	0	0	1	6
2013/09/03-08:18:29	26	1,724.854	112.98	6	0	0	6	0	0	1	1	0	0	1	20
2013/09/03-08:19:09	26	1,724.854	112.98	11	0	0	1	0	0	1	1	0	0	1	31
2013/09/03-08:20:15	26	1,724.854	112.98	5	0	0	0	0	0	1	1	0	0	1	4
2013/09/03-08:21:08	26	1,724.854	112.98	5	0	1	0	0	0	0	1	0	0	1	9
2013/09/03-08:33:35	29	1,689.188	95.56	2	0	0	0	2	0	0	1	1	0	0	6
2013/09/03-08:34:00	29	1,689.188	95.56	12	0	0	0	0	0	1	1	0	0	1	42
2013/09/03-08:35:02	29	1,689.188	95.56	1	0	0	0	0	0	1	1	0	0	1	3
2013/09/03-08:35:32	29	1,689.188	95.56	4	0	0	1	1	0	1	1	0	0	1	10
2013/09/03-08:36:00	29	1,689.188	95.56	6	0	0	0	1	0	1	1	0	0	1	12
2013/09/03-18:10:49	30	1,697.163	91.669	5	0	0	3	2	0	1	1	1	0	0	13
2013/09/03-18:11:22	30	1,697.163	91.669	2	0	0	0	0	0	1	1	0	0	1	5
2013/09/03-18:12:41	30	1,697.163	91.669	5	0	1	0	0	0	0	1	0	0	1	9
2013/09/03-18:13:09	30	1,697.163	91.669	3	0	1	0	1	0	0	1	0	0	1	13
2013/09/03-18:14:28	30	1,697.163	91.669	27	0	0	2	0	0	0	1	1	0	0	60
2013/09/03-18:26:11	30	1,697.163	91.669	20	0	0	1	1	0	0	1	1	0	0	60
2013/09/03-18:27:30	30	1,697.163	91.669	2	0	0	0	0	0	1	1	0	0	1	5
2013/09/03-18:28:03	30	1,697.163	91.669	19	0	0	10	1	0	0	1	1	0	0	60
2013/09/03-18:29:22	30	1,697.163	91.669	3	0	1	1	0	0	0	1	0	0	1	9
2013/09/03-18:29:50	30	1,697.163	91.669	14	0	0	0	2	0	0	1	1	0	0	19
2013/09/03-18:50:46	23	1,777.488	79.769	5	0	1	0	0	0	0	1	0	0	1	7
2013/09/03-18:51:14	23	1,777.488	79.769	2	0	0	0	1	0	0	1	1	0	0	5
2013/09/03-18:51:38	23	1,777.488	79.769	1	0	0	0	0	0	1	1	0	0	1	3
2013/09/03-18:52:13	23	1,777.488	79.769	5	0	0	0	0	0	1	1	0	0	1	10
2013/09/03-18:53:02	23	1,777.488	79.769	10	0	1	1	0	0	0	1	0	0	1	33
2013/09/03-22:43:02	25	1,773.907	79.15	8	0	0	0	0	0	1	1	0	0	1	13
2013/09/03-22:44:21	25	1,773.907	79.15	4	0	0	0	1	0	1	1	0	0	1	13
2013/09/03-22:44:52	25	1,773.907	79.15	26	0	0	0	0	0	1	1	0	0	1	36
2013/09/03-22:45:47	25	1,773.907	79.15	6	0	0	2	0	0	1	1	0	0	1	15
2013/09/03-22:47:06	25	1,773.907	79.15	8	0	1	0	1	0	0	1	0	0	1	27
2013/09/03-23:05:06	25	1,773.907	79.15	8	0	0	0	0	0	1	1	0	0	1	19
2013/09/03-23:05:52	25	1,773.907	79.15	5	0	0	0	1	0	1	1	0	0	1	18
2013/09/03-23:06:30	25	1,773.907	79.15	1	0	1	0	0	0	0	1	0	0	1	6
2013/09/03-23:06:54	25	1,773.907	79.15	1	0	0	0	0	0	1	1	0	0	1	4
2013/09/03-23:08:00	25	1,773.907	79.15	16	0	1	3	1	0	0	1	1	0	0	35
2013/09/03-23:23:44	27	1,753.059	69.881	9	0	0	0	1	0	1	1	0	0	1	10
2013/09/03-23:24:38	27	1,753.059	69.881	2	0	0	0	2	0	1	1	0	0	1	9
2013/09/03-23:25:06	27	1,753.059	69.881	6	0	0	0	0	0	1	1	0	0	1	12
2013/09/03-23:26:25	27	1,753.059	69.881	10	0	0	0	1	0	1	1	0	0	1	14
2013/09/03-23:27:07	27	1,753.059	69.881	2	0	1	0	0	0	0	1	0	0	1	4
2013/09/04-18:11:37	30	1,712.599	71.136	7	0	1	0	0	0	0	1	0	0	1	21
2013/09/04-18:12:56	30	1,712.599	71.136	7	0	1	0	0	0	0	1	0	0	1	23
2013/09/04-18:14:15	30	1,712.599	71.136	9	0	1	0	0	0	0	1	0	0	1	12
2013/09/04-18:14:46	30	1,712.599	71.136	1	0	1	0	1	0	0	1	0	0	1	5
2013/09/04-18:15:10	30	1,713.14	67.358	15	0	0	1	0	0	1	1	0	0	1	41
2013/09/04-18:37:14	30	1,713.14	67.358	4	0	1	0	0	0	0	1	0	0	1	10
2013/09/04-18:38:33	30	1,713.14	67.358	3	0	1	0	0	0	0	1	0	0	1	12
2013/09/04-18:39:03	30	1,713.14	67.358	16	0	1	1	0	0	0	1	0	0	1	54
2013/09/04-18:40:16	30	1,713.14	67.358	1	0	1	0	0	0	0	1	0	0	1	3
2013/09/04-18:40:48	30	1,713.14	67.358	13	0	0	0	0	0	1	1	0	0	1	19
2013/09/04-18:52:36	31	1,699.51	62.633	19	0	0	2	0	0	0	1	0	0	1	60
2013/09/04-18:53:55	31	1,699.51	62.633	2	0	0	0	0	0	0	1	1	0	0	14
2013/09/04-18:54:27	31	1,699.51	62.633	7	0	0	0	2	0	0	1	1	0	0	22
2013/09/04-18:55:08	31	1,699.51	62.633	5	0	0	0	0	0	1	1	0	0	1	7
2013/09/04-18:56:27	31	1,699.51	62.633	15	0	0	1	0	0	1	1	0	0	1	20
2013/09/05-00:55:45	30	1,713.103	65.346	6	0	0	8	0	0	1	1	0	0	1	12
2013/09/05-00:56:17	30	1,713.103	65.346	4	0	1	0	1	0	0	1	0	0	1	8
2013/09/05-00:57:26	30	1,713.103	65.346	29	0	0	2	1	0	1	1	0	0	1	48
2013/09/05-00:58:45	30	1,713.103	65.346	1	0	0	0	0	0	1	1	0	0	1	7
2013/09/05-00:59:21	30	1,713.103	65.346	2	0	0	0	0	0	1	1	0	0	1	10
2013/09/05-01:15:54	30	1,714.274	61.66	22	0	0	3	0	0	0	1	1	0	0	60
2013/09/05-01:17:12	30	1,714.274	61.66	25	0	1	0	1	0	0	1	1	0	0	33
2013/09/05-01:18:05	30	1,714.274	61.66	13	0	0	7	1	0	1	1	0	0	1	18
2013/09/05-01:18:41	30	1,714.274	61.66	17	0	0	0	2	0	1	1	0	0	1	21
2013/09/05-01:19:20	30	1,714.274	61.66	3	0	0	0	0	0	1	1	0	0	1	5
2013/09/05-01:41:38	30	1,714.274	61.66	6	0	1	0	0	0	0	1	0	0	1	10
2013/09/05-01:42:56	30	1,714.274	61.66	24	0	1	2	0	0	0	1	0	0	1	47
2013/09/05-01:44:03	30	1,714.274	61.66	8	0	0	8	1	0	1	1	0	0	1	18
2013/09/05-01:45:05	30	1,714.274	61.66	3	0	0	0	0	0	1	1	0	0	1	8
2013/09/05-01:46:24	30	1,714.274	61.66	3	0	0	0	0	0	1	1	0	0	1	9
2013/09/05-11:09:36	29	1,725.781	63.429	10	0	1	1	0	0	0	1	0	0	1	24
2013/09/05-11:10:55	29	1,725.781	63.429	30	0	1	2	0	0	0	1	0	0	1	47
2013/09/05-11:12:14	29	1,725.781	63.429	23	0	0	2	0	0	1	1	0	0	1	38
2013/09/05-11:13:33	29	1,725.781	63.429	6	0	0	1	0	0	1	1	0	0	1	17
2013/09/05-11:14:26	29	1,725.781	63.429	14	0	0	0	0	0	1	1	0	0	1	25
2013/09/05-11:26:28	29	1,725.781	63.429	7	0	0	0	0	0	1	1	0	0	1	14
2013/09/05-11:27:46	29	1,725.781	63.429	10	0	1	0	0	0	0	1	0	0	1	18
2013/09/05-11:28:24	29	1,725.781	63.429	3	0	0	0	0	0	1	1	0	0	1	5
2013/09/05-11:29:10	29	1,725.781	63.429	9	0	0	1	0	0	1	1	0	0	1	16
2013/09/05-11:30:28	29	1,725.781	63.429	7	0	1	1	0	0	0	1	0	0	1	11
2013/09/05-22:41:59	33	1,661.457	57.606	30	0	0	1	0	0	1	1	0	0	1	51
2013/09/05-22:43:11	33	1,661.457	57.606	14	0	0	0	1	0	0	1	1	0	0	23
2013/09/05-22:43:53	33	1,661.457	57.606	2	0	0	0	0	0	0	1	1	0	0	15
2013/09/05-22:44:26	33	1,661.457	57.606	5	0	1	0	0	0	0	1	0	0	1	11
2013/09/05-22:45:08	33	1,661.457	57.606	15	0	0	0	1	0	0	1	1	0	0	24
2013/09/07-01:02:52	32	1,672.17	64.622	31	0	0	2	0	0	0	1	0	0	1	60
2013/09/07-01:04:11	32	1,672.17	64.622	37	0	0	2	2	0	0	1	1	0	0	60
2013/09/07-01:05:30	32	1,672.17	64.622	26	0	1	0	0	0	0	1	0	0	1	44
2013/09/07-01:06:48	32	1,672.17	64.622	4	0	0	0	0	0	1	1	0	0	1	10
2013/09/07-01:08:07	32	1,672.17	64.622	5	0	0	0	0	0	1	1	0	0	1	12
2013/09/07-01:15:53	32	1,672.17	64.622	13	0	0	0	1	0	1	1	0	0	1	29
2013/09/07-01:16:46	32	1,672.17	64.622	8	0	0	0	0	0	1	1	0	0	1	15
2013/09/07-01:18:04	32	1,672.17	64.622	25	0	0	1	1	0	1	1	0	0	1	39
2013/09/07-01:19:23	32	1,672.17	64.622	9	0	0	0	0	0	0	1	1	0	0	26
2013/09/07-01:20:07	32	1,672.17	64.622	14	0	1	0	0	0	0	1	0	0	1	22
2013/09/07-09:39:43	32	1,672.17	64.622	29	0	0	2	1	0	0	1	1	0	0	60
2013/09/07-09:41:02	32	1,672.17	64.622	39	0	0	1	1	0	0	1	1	0	0	60
2013/09/07-09:42:21	32	1,672.17	64.622	4	0	1	0	0	0	0	1	0	0	1	12
2013/09/07-09:43:40	32	1,672.17	64.622	39	0	0	5	0	0	0	1	1	0	0	60
2013/09/07-09:44:59	30	1,699.336	57.261	24	0	0	2	0	0	1	1	0	0	1	39
2013/09/08-22:11:55	31	1,696.299	62.507	19	0	0	3	1	0	1	1	0	0	1	30
2013/09/08-22:12:45	31	1,696.299	62.507	15	0	0	0	0	0	1	1	0	0	1	27
2013/09/08-22:14:03	31	1,696.299	62.507	14	0	0	1	1	0	1	1	0	0	1	26
2013/09/08-22:14:49	31	1,696.299	62.507	3	0	0	0	0	0	1	1	0	0	1	5
2013/09/08-22:15:51	31	1,696.299	62.507	3	0	0	0	0	0	1	1	0	0	1	13
2013/09/08-22:16:35	31	1,696.299	62.507	10	0	0	2	0	0	1	1	0	0	1	18
2013/09/08-22:17:12	31	1,696.299	62.507	13	0	1	1	0	0	0	1	0	0	1	26
2013/09/08-22:18:31	31	1,696.299	62.507	33	0	0	1	0	0	0	1	0	0	1	60
2013/09/08-22:19:49	31	1,696.299	62.507	24	0	0	2	0	0	1	1	0	0	1	40
2013/09/08-22:23:19	31	1,696.299	62.507	7	0	1	1	0	0	0	1	0	0	1	17
2013/09/08-22:42:24	31	1,696.299	62.507	17	0	1	1	1	0	0	1	0	0	1	34
2013/09/08-22:43:16	31	1,696.299	62.507	31	0	0	1	0	0	1	1	0	0	1	54
2013/09/08-22:44:29	31	1,696.299	62.507	29	0	0	0	0	0	0	1	0	0	1	60
2013/09/08-22:45:48	31	1,696.299	62.507	27	0	0	2	2	0	1	1	0	0	1	42
2013/09/08-22:46:54	31	1,696.299	62.507	10	0	0	2	0	0	1	1	0	0	1	20
2013/09/10-08:39:42	32	1,680.834	62.854	5	0	0	0	1	0	1	1	0	0	1	10
2013/09/10-08:40:35	32	1,680.834	62.854	8	0	0	0	1	0	1	1	0	0	1	14
2013/09/10-08:41:10	32	1,680.834	62.854	5	0	0	0	0	0	1	1	0	0	1	9
2013/09/10-08:41:50	32	1,680.834	62.854	5	0	0	0	0	0	1	1	0	0	1	11
2013/09/10-08:43:01	32	1,680.834	62.854	5	0	1	0	0	0	0	1	0	0	1	10
2013/09/10-08:57:15	33	1,657.292	59.567	5	0	1	0	0	0	0	1	0	0	1	9
2013/09/10-08:58:34	33	1,657.292	59.567	14	0	0	0	0	0	1	1	0	0	1	26
2013/09/10-08:59:44	33	1,657.292	59.567	10	0	1	0	0	0	0	1	0	0	1	17
2013/09/10-09:01:03	33	1,657.292	59.567	7	0	1	1	0	0	0	1	0	0	1	15
2013/09/10-09:02:21	33	1,657.292	59.567	20	0	1	0	0	0	0	1	0	0	1	36
2013/09/10-09:15:35	33	1,657.292	59.567	30	0	0	3	1	0	0	1	1	0	0	55
2013/09/10-09:16:48	33	1,657.292	59.567	6	0	0	0	0	0	1	1	0	0	1	12
2013/09/10-09:18:07	33	1,657.292	59.567	0	0	0	0	0	0	0	1	0	0	1	60
2013/09/10-09:19:26	33	1,657.292	59.567	8	0	0	0	0	0	1	1	0	0	1	15
2013/09/10-09:20:44	33	1,657.292	59.567	24	0	0	5	1	0	1	1	0	0	1	36
2013/09/10-18:17:40	34	1,629.25	54.524	22	0	0	2	1	0	1	1	0	0	1	37
2013/09/10-18:18:36	34	1,629.25	54.524	35	0	0	1	1	0	0	1	0	0	1	60
2013/09/10-18:19:54	34	1,629.25	54.524	27	0	0	1	0	0	1	1	0	0	1	40
2013/09/10-18:20:57	34	1,629.25	54.524	18	0	0	1	0	0	1	1	0	0	1	42
2013/09/10-18:22:16	34	1,629.25	54.524	23	0	0	2	0	0	1	1	0	0	1	40
2013/09/10-19:21:33	34	1,629.25	54.524	2	0	1	1	0	0	0	1	0	0	1	21
2013/09/10-19:22:12	34	1,629.25	54.524	1	0	0	0	0	0	1	1	0	0	1	18
2013/09/10-19:23:31	34	1,629.25	54.524	5	0	0	1	0	0	1	1	0	0	1	33
2013/09/10-19:24:23	34	1,629.25	54.524	7	0	0	2	0	0	1	1	0	0	1	44
2013/09/10-19:25:42	34	1,629.25	54.524	1	0	1	0	0	0	0	1	0	0	1	28
2013/09/10-19:38:36	35	1,601.909	50.616	1	0	0	0	0	0	0	1	1	0	0	5
2013/09/10-19:39:00	35	1,601.909	50.616	2	0	0	0	0	0	0	1	1	0	0	6
2013/09/10-19:39:25	35	1,601.909	50.616	1	0	0	0	0	0	1	1	0	0	1	4
2013/09/10-19:39:59	35	1,601.909	50.616	1	0	0	0	0	0	1	1	0	0	1	3
2013/09/10-19:40:24	35	1,601.909	50.616	1	0	0	0	0	0	0	1	1	0	0	6
2013/09/11-09:16:12	35	1,603.403	56.589	30	0	0	3	1	0	1	1	0	0	1	50
2013/09/11-09:17:22	35	1,603.403	56.589	31	0	0	1	0	0	0	1	1	0	0	60
2013/09/11-09:18:41	35	1,603.403	56.589	49	0	0	3	1	0	0	1	1	0	0	60
2013/09/11-09:20:00	35	1,603.403	56.589	3	0	0	0	0	0	1	1	0	0	1	5
2013/09/11-09:21:18	35	1,611.996	54.599	13	0	0	1	0	0	1	1	0	0	1	19
2013/09/11-09:40:01	35	1,611.996	54.599	7	0	1	2	1	0	0	1	0	0	1	10
2013/09/11-09:40:52	35	1,611.996	54.599	4	0	1	1	0	0	0	1	0	0	1	11
2013/09/11-09:42:11	35	1,611.996	54.599	13	0	0	0	1	0	0	1	1	0	0	22
2013/09/11-09:42:52	35	1,611.996	54.599	4	0	1	1	0	0	0	1	0	0	1	12
2013/09/11-09:43:51	35	1,611.996	54.599	9	0	1	1	0	0	0	1	0	0	1	17
2013/09/11-10:03:08	35	1,595.373	51.899	10	0	1	2	0	0	0	1	0	0	1	24
2013/09/11-10:04:16	35	1,595.373	51.899	4	0	0	1	0	0	1	1	0	0	1	11
2013/09/11-10:05:16	35	1,595.373	51.899	22	0	0	4	2	0	0	1	1	0	0	42
2013/09/11-10:06:17	35	1,595.373	51.899	5	0	1	0	0	0	0	1	0	0	1	6
2013/09/11-10:07:27	35	1,595.373	51.899	22	0	0	0	0	0	1	1	0	0	1	41
2013/09/11-22:40:23	38	1,581.154	57.409	25	0	0	3	1	0	0	1	1	0	0	53
2013/09/11-22:41:36	38	1,581.154	57.409	30	0	0	2	2	0	1	1	0	0	1	52
2013/09/11-22:42:46	38	1,581.154	57.409	10	0	0	1	0	0	1	1	0	0	1	22
2013/09/11-22:44:05	38	1,581.154	57.409	29	0	1	2	0	0	0	1	0	0	1	46
2013/09/11-22:45:10	38	1,581.154	57.409	9	0	0	1	0	0	1	1	0	0	1	17
2013/09/11-23:02:34	38	1,581.154	57.409	12	0	0	1	0	0	1	1	0	0	1	24
2013/09/11-23:03:17	38	1,581.154	57.409	35	0	0	0	1	0	0	1	1	0	0	60
2013/09/11-23:04:36	38	1,581.154	57.409	10	0	0	1	0	0	1	1	0	0	1	15
2013/09/11-23:05:14	38	1,581.154	57.409	11	0	0	1	0	0	0	1	1	0	0	16
2013/09/11-23:05:49	38	1,581.154	57.409	10	0	0	0	0	0	1	1	0	0	1	15
2013/09/12-00:12:32	37	1,582.424	52.758	10	0	0	1	0	0	1	1	0	0	1	17
2013/09/12-00:13:45	37	1,582.424	52.758	0	0	0	0	0	0	0	1	0	0	1	60
2013/09/12-00:15:04	37	1,582.424	52.758	18	0	1	0	0	0	0	1	0	0	1	38
2013/09/12-00:16:01	37	1,582.424	52.758	10	0	0	0	0	0	1	1	0	0	1	17
2013/09/12-00:17:20	37	1,582.424	52.758	11	0	0	0	0	0	1	1	0	0	1	18
2013/09/13-19:16:28	40	1,557.847	70.02	8	0	0	1	0	0	1	1	0	0	1	15
2013/09/13-19:17:19	40	1,557.847	70.02	5	0	1	0	0	0	0	1	0	0	1	11
2013/09/13-19:17:50	40	1,557.847	70.02	5	0	0	1	0	0	1	1	0	0	1	13
2013/09/13-19:18:42	40	1,557.847	70.02	7	0	1	0	0	0	0	1	0	0	1	13
2013/09/13-19:19:46	40	1,557.847	70.02	22	0	0	2	1	0	0	1	1	0	0	39
2013/09/13-19:20:50	40	1,557.847	70.02	15	0	0	1	0	0	1	1	0	0	1	28
2013/09/13-19:21:37	40	1,557.847	70.02	7	0	0	0	0	0	1	1	0	0	1	16
2013/09/13-19:22:56	40	1,557.847	70.02	13	0	1	1	0	0	0	1	0	0	1	25
2013/09/13-19:23:42	40	1,557.847	70.02	32	0	0	2	0	0	1	1	0	0	1	58
2013/09/13-19:24:59	40	1,557.847	70.02	4	0	0	1	0	0	1	1	0	0	1	32
2013/09/13-19:43:09	40	1,557.847	70.02	28	0	0	3	0	0	1	1	0	0	1	54
2013/09/13-19:44:21	40	1,557.847	70.02	8	0	0	1	0	0	1	1	0	0	1	14
2013/09/13-19:45:24	40	1,557.847	70.02	15	0	0	2	0	0	1	1	0	0	1	21
2013/09/13-19:46:04	40	1,557.847	70.02	33	0	0	3	1	0	1	1	0	0	1	49
2013/09/13-19:47:12	46	1,519.742	61.162	15	0	1	1	0	0	0	1	0	0	1	22
2013/09/14-07:19:29	49	1,510.565	72.881	19	0	0	2	0	0	0	1	1	0	0	35
2013/09/14-07:20:22	49	1,510.565	72.881	31	0	0	1	0	0	1	1	0	0	1	50
2013/09/14-07:21:31	49	1,510.565	72.881	5	0	0	0	0	0	1	1	0	0	1	9
2013/09/14-07:22:26	49	1,510.565	72.881	18	0	0	1	1	0	1	1	0	0	1	39
2013/09/14-07:23:24	49	1,510.565	72.881	23	0	0	2	0	0	1	1	0	0	1	37
2013/09/14-09:50:13	44	1,538.161	69.176	16	0	0	2	1	0	0	1	1	0	0	28
2013/09/14-09:51:01	44	1,538.161	69.176	16	0	0	1	1	0	1	1	0	0	1	28
2013/09/14-09:51:56	44	1,538.161	69.176	10	0	0	0	1	0	1	1	0	0	1	18
2013/09/14-09:52:37	44	1,538.161	69.176	19	0	0	6	0	0	1	1	0	0	1	40
2013/09/14-09:53:36	44	1,538.161	69.176	32	0	1	0	1	0	0	1	0	0	1	59
2013/09/14-10:07:16	44	1,538.161	69.176	12	0	0	2	0	0	1	1	0	0	1	15
2013/09/14-10:07:57	44	1,538.161	69.176	4	0	1	0	0	0	0	1	0	0	1	8
2013/09/14-10:08:33	44	1,538.161	69.176	4	0	0	0	0	0	1	1	0	0	1	10
2013/09/14-10:09:13	44	1,538.161	69.176	11	0	1	1	0	0	0	1	0	0	1	19
2013/09/14-10:09:51	44	1,538.161	69.176	17	0	0	3	1	0	1	1	0	0	1	28
2013/09/14-13:27:26	40	1,602.686	68.809	32	0	0	4	0	0	1	1	0	0	1	57
2013/09/14-13:28:42	40	1,602.686	68.809	6	0	0	0	0	0	1	1	0	0	1	15
2013/09/14-13:29:16	40	1,602.686	68.809	14	0	1	1	0	0	0	1	0	0	1	28
2013/09/14-13:30:02	40	1,602.686	68.809	8	0	0	0	0	0	1	1	0	0	1	15
2013/09/14-13:30:46	40	1,602.686	68.809	9	0	0	0	2	0	1	1	0	0	1	17
2013/09/14-13:47:31	40	1,602.686	68.809	32	0	0	3	1	0	1	1	0	0	1	57
2013/09/14-13:48:46	40	1,602.686	68.809	13	0	0	1	1	0	1	1	0	0	1	26
2013/09/14-13:49:54	40	1,602.686	68.809	19	0	0	2	0	0	1	1	0	0	1	28
2013/09/14-13:51:13	40	1,602.686	68.809	20	0	0	0	2	0	0	1	1	0	0	35
2013/09/14-13:52:07	40	1,602.686	68.809	4	0	0	0	0	0	1	1	0	0	1	7
2013/09/14-14:02:03	41	1,587.901	63.142	17	0	0	2	0	0	1	1	0	0	1	31
2013/09/14-14:03:10	41	1,587.901	63.142	19	0	0	0	1	0	0	1	1	0	0	32
2013/09/14-14:04:01	41	1,587.901	63.142	15	0	0	2	0	0	0	1	1	0	0	60
2013/09/14-14:05:20	41	1,587.901	63.142	3	0	0	0	0	0	1	1	0	0	1	3
2013/09/14-14:05:56	41	1,587.901	63.142	5	0	1	1	1	0	0	1	0	0	1	14
2013/09/14-17:26:04	42	1,573.883	65.151	35	0	0	3	0	0	0	1	1	0	0	60
2013/09/14-17:27:23	42	1,573.883	65.151	22	0	0	2	2	0	1	1	0	0	1	37
2013/09/14-17:28:19	42	1,573.883	65.151	2	0	0	2	1	0	1	1	0	0	1	9
2013/09/14-17:28:46	42	1,573.883	65.151	15	0	0	2	1	0	1	1	0	0	1	20
2013/09/14-17:29:25	42	1,573.883	65.151	26	0	0	1	1	0	0	1	1	0	0	60
2013/09/14-17:43:05	42	1,573.883	65.151	20	0	1	2	0	0	0	1	0	0	1	33
2013/09/14-17:43:57	42	1,573.883	65.151	10	0	1	0	0	0	0	1	0	0	1	24
2013/09/14-17:44:40	42	1,573.883	65.151	20	0	1	1	0	0	0	1	0	0	1	39
2013/09/14-17:45:38	42	1,573.883	65.151	23	0	0	1	0	0	0	1	1	0	0	44
2013/09/14-17:46:40	42	1,573.883	65.151	13	0	1	1	0	0	0	1	0	0	1	23
2013/09/14-18:00:53	39	1,647.688	60.317	9	0	0	1	0	0	0	1	1	0	0	26
2013/09/14-18:01:38	39	1,647.688	60.317	2	0	1	1	0	0	0	1	0	0	1	29
2013/09/14-18:02:27	39	1,647.688	60.317	9	0	0	1	0	0	1	1	0	0	1	25
2013/09/14-18:03:12	39	1,647.688	60.317	3	0	0	0	0	0	1	1	0	0	1	7
2013/09/14-18:03:45	39	1,647.688	60.317	24	0	0	2	1	0	1	1	0	0	1	59
2013/09/14-22:14:08	37	1,664.981	63.991	14	0	1	1	0	0	0	1	0	0	1	21
2013/09/14-22:14:58	37	1,664.981	63.991	23	0	0	2	0	0	1	1	0	0	1	40
2013/09/14-22:15:57	37	1,664.981	63.991	17	0	0	3	0	0	1	1	0	0	1	57
2013/09/14-22:17:13	37	1,664.981	63.991	13	0	0	1	2	0	0	1	1	0	0	23
2013/09/14-22:17:55	37	1,664.981	63.991	20	0	0	0	0	0	0	1	1	0	0	39
2013/09/14-22:50:34	34	1,694.287	61.146	17	0	0	1	1	0	1	1	0	0	1	34
2013/09/14-22:51:27	34	1,694.287	61.146	28	0	0	2	0	0	1	1	0	0	1	39
2013/09/14-22:52:33	34	1,694.287	61.146	12	0	1	0	1	0	0	1	0	0	1	23
2013/09/14-22:53:15	34	1,694.287	61.146	7	0	0	0	0	0	1	1	0	0	1	12
2013/09/14-22:53:58	34	1,694.287	61.146	7	0	0	0	1	0	1	1	0	0	1	12
2013/09/14-23:05:44	34	1,694.287	61.146	34	0	0	6	1	0	1	1	0	0	1	52
2013/09/14-23:07:03	34	1,694.287	61.146	4	0	0	1	0	0	1	1	0	0	1	8
2013/09/14-23:08:22	34	1,694.287	61.146	24	0	0	2	2	0	0	1	1	0	0	60
2013/09/14-23:09:41	34	1,694.287	61.146	33	0	0	0	1	0	0	1	1	0	0	60
2013/09/14-23:11:00	34	1,694.287	61.146	16	0	0	0	1	0	0	1	1	0	0	60
2013/09/15-10:05:34	34	1,689.808	60.845	1	0	0	0	0	0	0	1	0	0	1	88
2013/09/15-10:07:42	34	1,689.808	60.845	5	0	0	2	0	0	0	1	1	0	0	15
2013/09/15-10:08:15	34	1,689.808	60.845	20	0	0	1	0	0	1	1	0	0	1	26
2013/09/15-10:09:07	34	1,681.166	59.446	14	0	1	1	0	0	0	1	0	0	1	23
2013/09/15-10:09:49	34	1,681.166	59.446	13	0	0	0	0	0	1	1	0	0	1	22
2013/09/15-10:27:46	34	1,681.166	59.446	3	0	0	0	0	0	1	1	0	0	1	5
2013/09/15-10:28:38	34	1,681.166	59.446	23	0	1	0	1	0	0	1	0	0	1	38
2013/09/15-10:29:34	34	1,681.166	59.446	6	0	1	2	1	0	0	1	0	0	1	23
2013/09/15-10:30:17	34	1,681.166	59.446	5	0	0	1	0	0	1	1	1	0	0	14
2013/09/15-10:30:50	34	1,681.166	59.446	43	0	0	2	0	0	0	1	0	0	1	60
2013/09/15-10:45:51	35	1,656.668	56.212	3	0	0	0	0	0	1	1	0	0	1	6
2013/09/15-10:47:10	35	1,656.668	56.212	7	0	0	0	0	0	0	1	1	0	0	21
2013/09/15-10:47:50	35	1,656.668	56.212	11	0	0	0	0	0	0	1	1	0	0	31
2013/09/15-10:48:39	35	1,656.668	56.212	1	0	0	0	0	0	1	1	0	0	1	7
2013/09/15-10:49:58	35	1,656.668	56.212	4	0	0	0	0	0	1	1	0	0	1	10
2013/09/15-13:11:43	38	1,639.096	55.296	11	0	1	0	0	0	0	1	0	0	1	19
2013/09/15-13:12:58	38	1,639.096	55.296	7	0	0	0	0	0	1	1	0	0	1	11
2013/09/15-13:13:49	38	1,639.096	55.296	27	0	0	3	0	0	1	1	0	0	1	41
2013/09/15-13:14:49	38	1,639.096	55.296	19	0	0	3	1	0	1	1	0	0	1	35
2013/09/15-13:15:45	38	1,639.096	55.296	17	0	0	0	0	0	0	1	1	0	0	32
2013/09/15-13:22:03	38	1,639.096	55.296	20	0	0	1	0	0	1	1	0	0	1	42
2013/09/15-13:23:03	38	1,639.096	55.296	17	0	0	0	0	0	1	1	0	0	1	34
2013/09/15-13:23:57	38	1,639.096	55.296	7	0	0	2	0	0	0	1	1	0	0	16
2013/09/15-13:24:32	38	1,639.096	55.296	5	0	1	0	0	0	0	1	0	0	1	11
2013/09/15-13:25:17	38	1,639.096	55.296	13	0	0	2	1	0	1	1	0	0	1	22
2013/09/15-13:43:36	40	1,631.918	51.131	21	0	0	0	0	0	1	1	0	0	1	36
2013/09/15-13:44:31	40	1,631.918	51.131	32	0	0	4	2	0	1	1	0	0	1	56
2013/09/15-13:45:46	40	1,631.918	51.131	4	0	0	0	0	0	1	1	0	0	1	9
2013/09/15-13:46:40	40	1,631.918	51.131	12	0	0	0	0	0	1	1	0	0	1	21
2013/09/15-13:47:20	40	1,631.918	51.131	10	0	0	2	0	0	1	1	0	0	1	22
2013/09/15-16:31:13	40	1,626.239	53.2	7	0	0	0	0	0	0	1	1	0	0	16
2013/09/15-16:31:48	40	1,626.239	53.2	7	0	0	1	0	0	0	1	1	0	0	22
2013/09/15-16:32:28	40	1,626.239	53.2	16	0	0	0	0	0	1	1	0	0	1	31
2013/09/15-16:33:18	40	1,626.239	53.2	8	0	0	0	0	0	0	1	1	0	0	22
2013/09/15-16:33:59	40	1,626.239	53.2	14	0	0	1	1	0	0	1	1	0	0	30
2013/09/15-16:44:40	40	1,626.239	53.2	13	0	0	4	0	0	1	1	0	0	1	52
2013/09/15-16:45:51	40	1,626.239	53.2	26	0	0	3	0	0	0	1	1	0	0	45
2013/09/15-16:46:55	40	1,626.239	53.2	20	0	0	1	1	0	1	1	0	0	1	36
2013/09/15-16:47:49	40	1,626.239	53.2	3	0	0	0	1	0	0	1	1	0	0	7
2013/09/15-16:48:15	40	1,626.239	53.2	9	0	0	0	1	0	1	1	0	0	1	13
2013/09/15-16:57:35	40	1,633.801	51.664	0	0	0	0	0	0	0	1	0	0	1	60
2013/09/15-16:58:54	40	1,633.801	51.664	39	0	0	3	1	0	0	1	1	0	0	60
2013/09/15-17:00:13	40	1,633.801	51.664	15	0	0	2	0	0	1	1	0	0	1	28
2013/09/15-17:01:32	40	1,633.801	51.664	33	0	1	0	0	0	0	1	0	0	1	58
2013/09/15-17:02:50	40	1,633.801	51.664	11	0	0	3	0	0	1	1	0	0	1	27
2013/09/15-19:30:21	35	1,655.214	53.304	7	0	1	0	0	0	0	1	0	0	1	12
2013/09/15-19:30:54	35	1,655.214	53.304	6	0	0	1	0	0	1	1	0	0	1	12
2013/09/15-19:31:34	35	1,655.214	53.304	14	0	0	1	0	0	1	1	0	0	1	32
2013/09/15-19:32:41	35	1,655.214	53.304	10	0	0	2	0	0	1	1	0	0	1	20
2013/09/15-19:33:31	35	1,655.214	53.304	9	0	1	0	0	0	0	1	0	0	1	16
2013/09/15-19:49:41	40	1,631.675	51.243	5	0	0	0	0	0	1	1	0	0	1	6
2013/09/15-19:50:42	40	1,631.675	51.243	10	0	1	1	0	0	0	1	0	0	1	20
2013/09/15-19:51:29	40	1,631.675	51.243	5	0	0	0	0	0	1	1	0	0	1	10
2013/09/15-19:52:37	40	1,631.675	51.243	5	0	0	0	1	0	1	1	0	0	1	8
2013/09/15-19:53:24	40	1,631.675	51.243	5	0	1	0	0	0	0	1	0	0	1	14
2013/09/15-20:12:05	40	1,631.675	51.243	8	0	1	0	0	0	0	1	0	0	1	11
2013/09/15-20:13:24	40	1,631.675	51.243	24	0	1	3	0	0	0	1	0	0	1	38
2013/09/15-20:14:42	40	1,631.675	51.243	7	0	1	0	0	0	0	1	0	0	1	21
2013/09/15-20:15:22	40	1,631.675	51.243	8	0	1	2	0	0	0	1	0	0	1	14
2013/09/15-20:16:41	40	1,631.675	51.243	19	0	0	2	0	0	1	1	0	0	1	36
2013/09/16-01:47:40	47	1,570.68	60.006	28	0	0	3	0	0	0	1	1	0	0	55
2013/09/16-01:48:55	47	1,570.68	60.006	24	0	0	3	1	0	1	1	0	0	1	58
2013/09/16-01:50:12	47	1,570.68	60.006	23	0	0	1	1	0	1	1	0	0	1	42
2013/09/16-01:51:31	47	1,570.68	60.006	20	0	0	3	0	0	1	1	0	0	1	39
2013/09/16-01:52:45	47	1,570.68	60.006	7	0	0	0	0	0	1	1	0	0	1	17
2013/09/16-07:38:19	47	1,570.68	60.006	44	0	0	1	1	0	0	1	1	0	0	60
2013/09/16-07:39:38	47	1,570.68	60.006	20	0	0	1	1	0	1	1	0	0	1	38
2013/09/16-07:40:57	47	1,570.68	60.006	3	0	1	1	0	0	0	1	0	0	1	42
2013/09/16-07:41:58	47	1,570.68	60.006	28	0	0	2	1	0	0	1	1	0	0	45
2013/09/16-07:43:02	47	1,570.68	60.006	7	0	0	0	0	0	1	1	0	0	1	11
2013/09/16-20:13:44	47	1,579.864	54.888	17	0	0	0	1	0	1	1	0	0	1	31
2013/09/16-20:14:35	47	1,579.864	54.888	24	0	0	4	1	0	1	1	0	0	1	39
2013/09/16-20:15:32	47	1,579.864	54.888	26	0	0	1	1	0	0	1	1	0	0	52
2013/09/16-20:16:44	47	1,579.864	54.888	14	0	1	1	0	0	0	1	0	0	1	23
2013/09/16-20:17:35	47	1,579.864	54.888	6	0	0	0	1	0	1	1	0	0	1	15
2013/09/17-07:49:03	45	1,583.678	61.085	3	0	0	0	0	0	1	1	0	0	1	4
2013/09/17-07:50:23	45	1,583.678	61.085	6	0	1	0	1	0	0	1	0	0	1	21
2013/09/17-07:51:42	45	1,583.678	61.085	6	0	0	6	1	0	1	1	0	0	1	19
2013/09/17-07:52:20	45	1,583.678	61.085	4	0	0	0	1	0	1	1	0	0	1	15
2013/09/17-07:52:54	45	1,583.678	61.085	10	0	0	0	2	0	0	1	1	0	0	15
2013/09/17-08:26:02	43	1,586.288	57.966	15	0	0	21	1	0	1	1	0	0	1	28
2013/09/17-08:26:49	43	1,586.288	57.966	6	0	0	0	0	0	1	1	0	0	1	9
2013/09/17-08:28:08	43	1,586.288	57.966	4	0	0	0	2	0	0	1	1	0	0	12
2013/09/17-08:28:39	43	1,586.288	57.966	8	0	0	1	0	0	1	1	0	0	1	16
2013/09/17-08:29:26	43	1,586.288	57.966	1	0	0	0	2	0	0	1	1	0	0	3
2013/09/17-08:43:30	42	1,600.298	55.268	2	0	0	0	2	0	0	1	1	0	0	7
2013/09/17-08:43:56	42	1,600.298	55.268	10	0	1	0	0	0	0	1	0	0	1	17
2013/09/17-08:44:44	42	1,600.298	55.268	6	0	0	0	1	0	0	1	1	0	0	18
2013/09/17-08:45:21	42	1,600.298	55.268	5	0	1	0	0	0	0	1	0	0	1	14
2013/09/17-08:45:53	42	1,600.298	55.268	22	0	0	7	1	0	0	1	1	0	0	38
2013/09/18-00:08:12	38	1,630.571	60.395	18	0	0	1	0	0	0	1	1	0	0	60
2013/09/18-00:09:31	38	1,630.571	60.395	13	0	1	1	0	0	0	1	0	0	1	27
2013/09/18-00:10:50	38	1,630.571	60.395	1	0	0	0	0	0	1	1	0	0	1	3
2013/09/18-00:11:15	38	1,630.571	60.395	4	0	1	0	1	0	0	1	0	0	1	8
2013/09/18-00:11:45	38	1,630.571	60.395	11	0	0	0	1	0	0	1	1	0	0	32
2013/09/18-00:23:16	38	1,629.576	57.4	3	0	1	0	0	0	0	1	0	0	1	8
2013/09/18-00:24:26	38	1,629.576	57.4	3	0	0	0	0	0	1	1	0	0	1	9
2013/09/18-00:24:59	38	1,629.576	57.4	10	0	1	0	0	0	0	1	0	0	1	34
2013/09/18-00:25:51	38	1,629.576	57.4	8	0	1	0	1	0	0	1	0	0	1	22
2013/09/18-00:26:46	38	1,629.576	57.4	6	0	0	0	1	0	1	1	0	0	1	10
2013/09/18-00:41:20	38	1,629.576	57.4	11	0	0	0	2	0	0	1	1	0	0	15
2013/09/18-00:41:54	38	1,629.576	57.4	2	0	1	0	0	0	0	1	0	0	1	6
2013/09/18-00:42:22	38	1,629.576	57.4	3	0	0	0	1	0	1	1	0	0	1	9
2013/09/18-00:42:54	38	1,629.576	57.4	2	0	1	0	0	0	0	1	0	0	1	7
2013/09/18-00:43:59	38	1,629.576	57.4	8	0	1	1	1	0	0	1	0	0	1	31
2013/09/18-14:03:31	40	1,625.106	63.999	16	0	1	6	0	0	0	1	0	0	1	26
2013/09/18-14:04:17	40	1,625.106	63.999	2	0	1	0	0	0	0	1	0	0	1	9
2013/09/18-14:05:29	40	1,625.106	63.999	2	0	0	0	2	0	1	1	0	0	1	10
2013/09/18-14:05:57	40	1,625.106	63.999	22	0	0	0	1	0	0	1	1	0	0	39
2013/09/18-14:06:55	40	1,625.106	63.999	1	0	1	0	1	0	0	1	0	0	1	6
2013/09/18-14:37:02	39	1,632.65	60.436	2	0	0	0	0	0	0	1	1	0	0	6
2013/09/18-14:37:27	39	1,632.65	60.436	20	0	0	0	0	0	1	1	0	0	1	25
2013/09/18-14:38:12	39	1,632.65	60.436	2	0	0	0	0	0	0	1	1	0	0	10
2013/09/18-14:38:40	39	1,632.65	60.436	6	0	1	1	0	0	0	1	0	0	1	55
2013/09/18-14:40:16	39	1,632.65	60.436	2	0	0	0	2	0	0	1	1	0	0	7
2013/09/18-14:55:35	39	1,632.65	60.436	1	0	1	0	2	0	0	1	0	0	1	2
2013/09/18-14:56:05	39	1,632.65	60.436	13	0	0	0	1	0	1	1	0	0	1	34
2013/09/18-14:56:59	39	1,632.65	60.436	3	0	1	0	0	0	0	1	0	0	1	7
2013/09/18-14:57:59	39	1,632.65	60.436	4	0	0	0	0	0	0	1	1	0	0	65
2013/09/18-15:00:52	39	1,632.65	60.436	1	0	0	0	0	0	1	1	0	0	1	3
2013/09/18-19:09:13	36	1,659.881	64.778	5	0	0	0	1	0	0	1	1	0	0	6
2013/09/18-19:09:38	36	1,659.881	64.778	0	0	1	0	0	0	0	1	0	0	1	3
2013/09/18-19:10:04	36	1,659.881	64.778	2	0	1	0	1	0	0	1	0	0	1	6
2013/09/18-19:10:35	36	1,659.881	64.778	3	0	0	0	0	0	0	1	1	0	0	56
2013/09/18-19:11:50	36	1,659.881	64.778	9	0	1	0	1	0	0	1	0	0	1	25
2013/09/19-11:24:04	36	1,653.204	74.42	3	0	0	0	1	0	0	1	1	0	0	13
2013/09/19-11:24:36	36	1,653.204	74.42	3	0	0	0	0	0	1	1	0	0	1	6
2013/09/19-11:25:13	36	1,653.204	74.42	4	0	0	2	2	0	1	1	0	0	1	12
2013/09/19-11:25:44	36	1,653.204	74.42	3	0	0	0	0	0	1	1	0	0	1	10
2013/09/19-11:26:13	36	1,653.204	74.42	18	0	0	0	0	0	1	1	0	0	1	24
2013/09/19-11:49:50	39	1,644.398	71.616	3	0	1	0	0	0	0	1	0	0	1	7
2013/09/19-11:50:16	39	1,644.398	71.616	5	0	0	0	0	0	1	1	0	0	1	8
2013/09/19-11:50:54	39	1,644.398	71.616	24	0	0	0	0	0	1	1	0	0	1	41
2013/09/19-11:51:54	39	1,644.398	71.616	1	0	0	0	0	0	0	1	1	0	0	3
2013/09/19-11:52:15	39	1,644.398	71.616	1	0	0	0	1	0	1	1	1	0	0	7
2013/09/19-12:02:45	35	1,678.636	67.448	14	0	1	2	2	0	0	1	0	0	1	50
2013/09/19-12:03:55	35	1,678.636	67.448	4	0	0	0	0	0	1	1	0	0	1	8
2013/09/19-12:05:13	35	1,678.636	67.448	2	0	0	0	0	0	1	1	0	0	1	6
2013/09/19-12:06:06	35	1,678.636	67.448	16	0	1	1	0	0	0	1	0	0	1	49
2013/09/19-12:07:15	35	1,678.636	67.448	9	0	0	1	0	0	1	1	0	0	1	15
2013/09/19-16:59:32	34	1,706.366	71.324	3	0	0	0	0	0	1	1	0	0	1	3
2013/09/19-17:00:51	34	1,706.366	71.324	20	0	0	0	0	0	0	1	1	0	0	60
2013/09/19-17:02:10	34	1,706.366	71.324	13	0	0	0	0	0	1	1	0	0	1	18
2013/09/19-17:02:46	34	1,706.366	71.324	2	0	0	0	1	0	0	1	1	0	0	7
2013/09/19-17:03:12	34	1,706.366	71.324	10	0	1	18	1	0	0	1	0	0	1	21
2013/09/19-17:33:07	34	1,687.792	68.332	8	0	0	0	0	0	1	1	0	0	1	12
2013/09/19-17:33:38	34	1,687.792	68.332	2	0	1	0	1	0	0	1	0	0	1	9
2013/09/19-17:34:06	34	1,687.792	68.332	4	0	0	0	0	0	1	1	0	0	1	6
2013/09/19-17:34:41	34	1,687.792	68.332	11	0	0	0	0	0	1	1	0	0	1	22
2013/09/19-17:35:22	34	1,687.792	68.332	1	0	0	0	0	0	1	1	0	0	1	6
2013/09/19-17:42:58	34	1,687.792	68.332	3	0	0	2	1	0	0	1	1	0	0	8
2013/09/19-17:43:26	34	1,687.792	68.332	22	0	0	4	0	0	0	1	1	0	0	60
2013/09/19-17:44:45	34	1,687.792	68.332	13	0	0	0	2	0	1	1	0	0	1	18
2013/09/19-17:45:22	34	1,687.792	68.332	10	0	0	1	0	0	0	1	1	0	0	71
2013/09/19-17:47:08	34	1,687.792	68.332	1	0	0	0	1	0	1	1	0	0	1	3
2013/09/19-21:25:54	33	1,704.157	69.138	2	0	0	0	0	0	0	1	1	0	0	6
2013/09/19-21:26:19	33	1,704.157	69.138	9	0	0	0	2	0	0	1	1	0	0	11
2013/09/19-21:26:49	33	1,704.157	69.138	20	0	0	0	1	0	0	1	1	0	0	27
2013/09/19-21:27:35	33	1,704.157	69.138	9	0	0	5	0	0	0	1	1	0	0	19
2013/09/19-21:28:13	33	1,704.157	69.138	2	0	0	0	2	0	1	1	0	0	1	6
2013/09/19-21:40:18	31	1,717.592	66.77	1	0	0	0	1	0	1	1	0	0	1	3
2013/09/19-21:40:40	31	1,717.592	66.77	2	0	1	0	0	0	0	1	0	0	1	6
2013/09/19-21:41:05	31	1,717.592	66.77	26	0	1	2	0	0	0	1	0	0	1	43
2013/09/19-21:42:16	31	1,717.592	66.77	5	0	1	0	0	0	0	1	0	0	1	12
2013/09/19-21:42:51	31	1,717.592	66.77	4	0	1	0	0	0	0	1	0	0	1	4
2013/09/19-21:51:22	31	1,717.592	66.77	1	0	0	0	1	0	1	1	0	0	1	3
2013/09/19-21:51:44	31	1,717.592	66.77	3	0	0	0	0	0	1	1	0	0	1	4
2013/09/19-21:52:09	31	1,717.592	66.77	11	0	0	2	1	0	1	1	0	0	1	22
2013/09/19-21:52:51	31	1,717.592	66.77	3	0	1	0	0	0	0	1	0	0	1	10
2013/09/19-21:53:24	31	1,717.592	66.77	5	0	0	0	0	0	1	1	0	0	1	12
2013/09/20-03:33:29	35	1,677.019	70.612	6	0	0	0	1	0	0	1	1	0	0	19
2013/09/20-03:34:07	35	1,677.019	70.612	3	0	0	0	1	0	1	1	0	0	1	4
2013/09/20-03:34:33	35	1,677.019	70.612	4	0	0	0	1	0	0	1	1	0	0	12
2013/09/20-03:35:04	35	1,677.019	70.612	18	0	0	5	1	0	0	1	1	0	0	35
2013/09/20-03:35:57	35	1,677.019	70.612	12	0	0	0	0	0	1	1	0	0	1	18
2013/09/20-03:59:20	31	1,692.11	66.58	21	0	0	0	1	0	1	1	0	0	1	31
2013/09/20-04:00:09	31	1,692.11	66.58	2	0	0	0	1	0	0	1	1	0	0	7
2013/09/20-04:00:35	31	1,692.11	66.58	20	0	0	0	0	0	0	1	0	0	1	60
2013/09/20-04:01:54	31	1,692.11	66.58	2	0	1	0	0	0	0	1	0	0	1	8
2013/09/20-04:02:42	31	1,692.11	66.58	32	0	0	4	1	0	1	1	0	0	1	58
2013/09/20-04:14:21	31	1,692.11	66.58	7	0	0	1	0	0	1	1	0	0	1	19
2013/09/20-04:15:06	31	1,692.11	66.58	5	0	1	1	0	0	0	1	0	0	1	20
2013/09/20-04:16:09	34	1,676.529	62.288	18	0	0	0	2	0	0	1	1	0	0	30
2013/09/20-04:16:57	34	1,676.529	62.288	1	0	0	0	2	0	1	1	1	0	0	3
2013/09/20-04:17:20	34	1,676.529	62.288	2	0	0	0	0	0	1	1	0	0	1	11
2013/09/20-07:38:27	33	1,692.606	66.881	3	0	0	0	0	0	1	1	0	0	1	9
2013/09/20-07:38:55	33	1,692.606	66.881	3	0	0	0	0	0	0	1	1	0	0	7
2013/09/20-07:39:21	33	1,692.606	66.881	9	0	0	3	0	0	1	1	0	0	1	22
2013/09/20-07:40:01	33	1,692.606	66.881	6	0	0	0	0	0	1	1	0	0	1	8
2013/09/20-07:41:20	33	1,692.606	66.881	6	0	0	0	0	0	1	1	0	0	1	5
2013/09/20-07:58:23	34	1,670.437	64.269	4	0	0	0	1	0	0	1	1	0	0	11
2013/09/20-07:58:50	34	1,670.437	64.269	1	0	1	0	1	0	0	1	1	0	0	4
2013/09/20-07:59:13	34	1,670.437	64.269	6	0	0	0	1	0	0	1	1	0	0	22
2013/09/20-07:59:53	34	1,670.437	64.269	6	0	0	0	0	0	1	1	0	0	1	12
2013/09/20-08:00:35	34	1,670.437	64.269	6	0	0	7	0	0	1	1	0	0	1	16
2013/09/20-08:18:08	35	1,668.255	61.922	18	0	0	5	0	0	1	1	0	0	1	25
2013/09/20-08:18:52	35	1,668.255	61.922	39	0	0	4	2	0	1	1	1	0	0	54
2013/09/20-08:20:05	35	1,668.255	61.922	11	0	0	0	2	0	0	1	1	0	0	22
2013/09/20-08:20:46	35	1,668.255	61.922	1	0	0	0	0	0	1	1	0	0	1	3
2013/09/20-08:21:08	35	1,668.255	61.922	4	0	0	0	0	0	1	1	0	0	1	9
2013/09/20-12:01:19	35	1,654.495	67.455	3	0	0	0	0	0	1	1	0	0	1	5
2013/09/20-12:02:13	35	1,654.495	67.455	20	0	0	2	0	0	0	1	0	0	1	60
2013/09/20-12:03:32	35	1,654.495	67.455	7	0	1	0	0	0	0	1	0	0	1	19
2013/09/20-12:04:09	35	1,654.495	67.455	2	0	1	0	1	0	0	1	0	0	1	3
2013/09/20-12:05:28	35	1,654.495	67.455	20	0	0	0	2	0	0	1	1	0	0	25
2013/09/20-12:11:12	35	1,654.495	67.455	2	0	1	0	0	0	0	1	0	0	1	11
2013/09/20-12:11:42	35	1,654.495	67.455	1	0	0	0	0	0	1	1	0	0	1	3
2013/09/20-12:12:23	35	1,654.495	67.455	6	0	0	0	1	0	0	1	1	0	0	10
2013/09/20-12:12:52	35	1,654.495	67.455	29	0	0	1	0	0	0	1	1	0	0	60
2013/09/20-12:14:10	35	1,654.495	67.455	6	0	1	0	0	0	0	1	0	0	1	7
2013/09/20-12:29:25	42	1,599.738	62.565	17	0	1	0	1	0	0	1	0	0	1	28
2013/09/20-12:30:13	42	1,599.738	62.565	1	0	0	0	0	0	1	1	0	0	1	3
2013/09/20-12:31:32	42	1,599.738	62.565	5	0	0	0	1	0	1	1	0	0	1	7
2013/09/20-12:32:02	42	1,599.738	62.565	6	0	1	0	1	0	0	1	0	0	1	12
2013/09/20-12:32:40	42	1,599.738	62.565	36	0	0	1	0	0	0	1	0	0	1	60
2013/09/20-18:05:33	43	1,581.41	67.694	7	0	1	2	0	0	0	1	0	0	1	20
2013/09/20-18:06:12	43	1,581.41	67.694	10	0	0	1	0	0	0	1	1	0	0	35
2013/09/20-18:07:06	43	1,581.41	67.694	17	0	0	0	0	0	0	1	1	0	0	60
2013/09/20-18:08:25	43	1,581.41	67.694	8	0	1	0	0	0	0	1	0	0	1	13
2013/09/20-18:08:57	43	1,581.41	67.694	2	0	0	0	1	0	1	1	0	0	1	4
2013/09/20-18:25:12	42	1,586.714	64.764	4	0	1	0	0	0	0	1	0	0	1	14
2013/09/20-18:25:46	42	1,586.714	64.764	5	0	0	0	1	0	0	1	1	0	0	8
2013/09/20-18:26:13	42	1,586.714	64.764	25	0	1	1	0	0	0	1	1	0	0	45
2013/09/20-18:27:17	42	1,586.714	64.764	4	0	1	0	1	0	0	1	0	0	1	8
2013/09/20-18:27:55	42	1,586.714	64.764	3	0	0	2	0	0	1	1	0	0	1	13
2013/09/20-18:35:46	42	1,586.714	64.764	1	0	1	0	0	0	0	1	0	0	1	3
2013/09/20-18:36:12	42	1,586.714	64.764	8	0	0	0	1	0	1	1	0	0	1	27
2013/09/20-18:36:59	42	1,586.714	64.764	5	0	0	0	0	0	1	1	0	0	1	9
2013/09/20-18:37:40	42	1,586.714	64.764	29	0	0	2	2	0	0	1	1	0	0	60
2013/09/20-18:39:00	42	1,586.714	64.764	1	0	1	0	0	0	0	1	0	0	1	6
2013/12/27-11:54:33	42	1,611.823	88.791	6	0	0	1	0	0	1	1	0	0	1	20
2013/12/27-11:55:53	42	1,611.823	88.791	4	0	0	0	0	0	1	1	0	0	1	17
2013/12/27-11:56:29	42	1,611.823	88.791	5	0	1	0	0	0	0	1	0	0	1	7
2013/12/27-11:57:15	42	1,611.823	88.791	4	0	1	0	0	0	0	1	0	0	1	7
2013/12/27-11:57:48	42	1,611.823	88.791	2	0	0	0	0	0	0	1	1	0	0	6
2013/12/27-12:06:54	44	1,599.801	80.697	0	0	1	0	0	0	0	1	0	0	1	4
2013/12/27-12:07:17	44	1,599.801	80.697	1	0	1	0	0	0	0	1	0	0	1	8
2013/12/27-12:07:47	44	1,599.801	80.697	1	0	0	0	1	0	1	1	1	0	0	3
2013/12/27-12:08:09	44	1,599.801	80.697	9	0	1	0	0	0	0	1	0	0	1	35
2013/12/27-12:09:18	44	1,599.801	80.697	5	0	0	0	0	0	1	1	0	0	1	5
2013/12/27-12:25:22	44	1,599.801	80.697	1	0	0	0	0	0	1	1	0	0	1	4
2013/12/27-12:26:41	44	1,599.801	80.697	7	0	1	0	0	0	0	1	0	0	1	16
2013/12/27-12:27:17	44	1,599.801	80.697	2	0	0	0	1	0	0	1	1	0	0	6
2013/12/27-12:27:42	44	1,599.801	80.697	2	0	0	0	3	0	0	1	1	0	0	7
2013/12/27-12:28:08	44	1,599.801	80.697	4	0	0	0	1	0	0	1	1	0	0	4
2013/12/27-21:12:01	45	1,608.193	81.244	7	0	0	12	1	0	1	1	0	0	1	20
2013/12/27-21:12:41	45	1,608.193	81.244	6	0	0	0	2	0	0	1	1	0	0	18
2013/12/27-21:13:18	45	1,608.193	81.244	1	0	1	0	0	0	0	1	0	0	1	7
2013/12/27-21:13:55	45	1,608.193	81.244	2	0	0	0	0	0	1	1	0	0	1	9
2013/12/27-21:14:26	45	1,608.193	81.244	5	0	1	0	0	0	0	1	0	0	1	7
2013/12/27-21:25:10	45	1,608.193	81.244	21	0	0	2	0	0	0	1	1	0	0	60
2013/12/27-21:26:29	45	1,608.193	81.244	0	0	0	0	0	0	0	1	1	0	0	3
2013/12/27-21:26:51	45	1,608.193	81.244	6	0	1	0	0	0	0	1	0	0	1	11
2013/12/27-21:27:27	45	1,608.193	81.244	9	0	1	7	1	0	0	1	0	0	1	19
2013/12/27-21:28:06	42	1,612.662	72.158	3	0	1	0	0	0	0	1	0	0	1	10
2013/12/27-21:44:26	42	1,612.662	72.158	1	0	1	0	0	0	0	1	0	0	1	3
2013/12/27-21:44:51	42	1,612.662	72.158	2	0	0	0	0	0	1	1	0	0	1	10
2013/12/27-21:59:05	42	1,612.662	72.158	15	0	0	7	0	0	1	1	0	0	1	26
2013/12/27-21:59:51	42	1,612.662	72.158	7	0	1	0	1	0	0	1	0	0	1	18
2013/12/27-22:00:31	42	1,612.662	72.158	0	0	0	0	0	0	0	1	1	0	0	3
2013/12/28-09:32:01	45	1,598.277	88.798	5	0	0	0	2	0	0	1	1	0	0	19
2013/12/28-09:32:36	45	1,598.277	88.798	2	0	1	0	0	0	0	1	0	0	1	10
2013/12/28-09:33:08	45	1,598.277	88.798	8	0	0	2	0	0	1	1	0	0	1	20
2013/12/28-09:33:57	45	1,598.277	88.798	12	0	0	2	0	0	1	1	0	0	1	19
2013/12/28-09:35:16	45	1,598.277	88.798	6	0	0	0	0	0	1	1	0	0	1	7
2013/12/28-10:01:34	45	1,598.277	88.798	8	0	0	1	0	0	1	1	0	0	1	23
2013/12/28-10:02:17	45	1,598.277	88.798	6	0	0	4	1	0	0	1	1	0	0	15
2013/12/28-10:02:51	45	1,598.277	88.798	4	0	1	0	0	0	0	1	0	0	1	10
2013/12/28-10:03:20	45	1,598.277	88.798	29	0	0	0	0	0	1	1	0	0	1	42
2013/12/28-10:04:19	45	1,598.277	88.798	7	0	0	0	0	0	1	1	0	0	1	13
2013/12/28-10:23:38	44	1,605.139	76.696	7	0	1	0	1	0	0	1	0	0	1	10
2013/12/28-10:24:57	44	1,605.139	76.696	1	0	1	0	0	0	0	1	0	0	1	3
2013/12/28-10:25:45	44	1,605.139	76.696	19	0	0	11	2	0	1	1	0	0	1	49
2013/12/28-10:26:53	44	1,605.139	76.696	8	0	0	0	0	0	1	1	0	0	1	29
2013/12/28-10:27:41	44	1,605.139	76.696	3	0	0	0	1	0	1	1	0	0	1	5
2013/12/28-16:03:40	46	1,586.21	79.94	2	0	0	1	1	0	1	1	0	0	1	9
2013/12/28-16:04:23	46	1,586.21	79.94	4	0	1	0	1	0	0	1	0	0	1	15
2013/12/28-16:05:08	46	1,586.21	79.94	9	0	1	1	0	0	0	1	0	0	1	21
2013/12/28-16:05:53	46	1,586.21	79.94	4	0	0	0	0	0	0	1	1	0	0	11
2013/12/28-16:06:23	46	1,586.21	79.94	4	0	0	0	0	0	1	1	0	0	1	8
2013/12/28-16:21:38	46	1,586.21	79.94	15	0	1	2	1	0	0	1	0	0	1	26
2013/12/28-16:22:49	46	1,586.21	79.94	3	0	1	0	1	0	0	1	0	0	1	11
2013/12/28-16:23:22	46	1,586.21	79.94	18	0	0	1	1	0	1	1	0	0	1	53
2013/12/28-16:24:34	46	1,586.21	79.94	2	0	0	0	1	0	1	1	0	0	1	8
2013/12/28-16:25:53	46	1,586.21	79.94	10	0	0	0	1	0	1	1	0	0	1	16
2013/12/28-16:34:49	47	1,572.097	70.204	3	0	1	0	1	0	0	1	0	0	1	8
2013/12/28-16:35:19	47	1,572.097	70.204	1	0	0	0	0	0	1	1	0	0	1	3
2013/12/28-16:35:41	47	1,572.097	70.204	9	0	0	5	0	0	1	1	0	0	1	21
2013/12/28-16:36:50	47	1,572.097	70.204	2	0	0	0	0	0	1	1	0	0	1	6
2013/12/28-16:38:09	47	1,572.097	70.204	35	0	0	5	0	0	1	1	0	0	1	59
2013/12/29-01:09:51	51	1,552.697	80.689	1	0	1	0	0	0	0	1	0	0	1	3
2013/12/29-01:10:14	51	1,552.697	80.689	8	0	1	0	1	0	0	1	1	0	0	27
2013/12/29-01:11:00	51	1,552.697	80.689	10	0	0	0	1	0	1	1	0	0	1	12
2013/12/29-01:11:31	51	1,552.697	80.689	0	0	1	0	0	0	0	1	0	0	1	3
2013/12/29-01:11:53	51	1,552.697	80.689	9	0	0	0	0	0	1	1	0	0	1	20
2013/12/29-01:18:08	51	1,552.697	80.689	12	0	0	21	1	0	1	1	0	0	1	29
2013/12/29-01:18:56	51	1,552.697	80.689	20	0	0	0	1	0	0	1	1	0	0	60
2013/12/29-01:20:15	51	1,552.697	80.689	22	0	0	0	3	0	0	1	1	0	0	31
2013/12/29-01:21:05	51	1,552.697	80.689	6	0	1	0	0	0	0	1	0	0	1	19
2013/12/29-01:21:42	51	1,552.697	80.689	1	0	0	0	1	0	1	1	0	0	1	3
2013/12/29-01:38:13	54	1,555.522	70.988	0	0	0	0	0	0	0	1	1	0	0	3
2013/12/29-01:38:35	54	1,555.522	70.988	7	0	0	0	1	0	1	1	0	0	1	12
2013/12/29-01:39:54	54	1,555.522	70.988	3	0	1	0	1	0	0	1	0	0	1	7
2013/12/29-01:41:13	54	1,555.522	70.988	13	0	0	1	0	0	1	1	0	0	1	25
2013/12/29-01:41:57	54	1,555.522	70.988	8	0	1	0	0	0	0	1	0	0	1	24
2013/12/29-06:43:09	53	1,552.936	75.671	13	0	0	1	2	0	0	1	1	0	0	38
2013/12/29-06:44:06	53	1,552.936	75.671	11	0	0	0	1	0	0	1	1	0	0	34
2013/12/29-06:44:59	53	1,552.936	75.671	5	0	0	0	1	0	0	1	1	0	0	16
2013/12/29-06:45:35	53	1,552.936	75.671	39	0	0	1	0	0	0	1	1	0	0	60
2013/12/29-06:46:54	53	1,552.936	75.671	12	0	0	0	0	0	1	1	0	0	1	19
2013/12/29-07:12:07	42	1,601.163	70.122	8	0	1	0	0	0	0	1	0	0	1	10
2013/12/29-07:13:26	42	1,601.163	70.122	0	0	0	0	0	0	0	1	1	0	0	3
2013/12/29-07:13:48	42	1,601.163	70.122	2	0	0	0	1	0	0	1	1	0	0	7
2013/12/29-07:14:14	42	1,601.163	70.122	9	0	0	1	0	0	1	1	0	0	1	16
2013/12/29-07:15:07	42	1,601.163	70.122	9	0	0	0	0	0	1	1	0	0	1	27
2013/12/29-07:29:54	42	1,601.163	70.122	4	0	0	0	0	0	1	1	0	0	1	7
2013/12/29-07:30:38	42	1,601.163	70.122	2	0	1	0	0	0	0	1	0	0	1	8
2013/12/29-07:31:08	42	1,601.163	70.122	1	0	0	0	0	0	1	1	0	0	1	3
2013/12/29-07:31:31	42	1,601.163	70.122	3	0	0	0	1	0	1	1	0	0	1	11
2013/12/29-07:32:01	42	1,601.163	70.122	12	0	0	1	0	0	1	1	0	0	1	25
2013/12/29-10:39:07	49	1,581.241	69.245	7	0	0	1	0	0	1	1	0	0	1	15
2013/12/29-10:39:41	49	1,581.241	69.245	6	0	1	1	0	0	0	1	0	0	1	21
2013/12/29-10:40:21	49	1,581.241	69.245	6	0	0	0	0	0	1	1	0	0	1	14
2013/12/29-10:41:00	49	1,581.241	69.245	14	0	0	0	0	0	1	1	0	0	1	32
2013/12/29-10:41:51	49	1,581.241	69.245	7	0	1	0	0	0	0	1	0	0	1	14
2013/12/29-10:57:52	49	1,572.992	65.825	7	0	1	1	0	0	0	1	0	0	1	17
2013/12/29-10:58:28	49	1,572.992	65.825	10	0	0	0	1	0	0	1	1	0	0	21
2013/12/29-10:59:08	49	1,572.992	65.825	3	0	0	0	0	0	1	1	0	0	1	5
2013/12/29-10:59:56	49	1,572.992	65.825	23	0	0	1	1	0	1	1	0	0	1	37
2013/12/29-11:00:51	49	1,572.992	65.825	4	0	1	0	0	0	0	1	0	0	1	9
2013/12/29-11:08:05	49	1,572.992	65.825	13	0	1	3	0	0	0	1	0	0	1	20
2013/12/29-11:08:54	49	1,572.992	65.825	7	0	1	0	0	0	0	1	0	0	1	16
2013/12/29-11:09:58	49	1,572.992	65.825	12	0	0	1	1	0	1	1	0	0	1	21
2013/12/29-11:10:37	49	1,572.992	65.825	24	0	0	0	1	0	1	1	0	0	1	45
2013/12/29-11:11:41	49	1,572.992	65.825	9	0	0	1	0	0	1	1	0	0	1	15
2013/12/29-14:05:25	50	1,572.55	64.927	26	0	0	1	0	0	0	1	1	0	0	45
2013/12/29-14:06:29	50	1,572.55	64.927	20	0	0	2	1	0	0	1	1	0	0	48
2013/12/29-14:07:35	50	1,572.55	64.927	30	0	0	1	0	0	0	1	1	0	0	60
2013/12/29-14:08:54	50	1,572.55	64.927	0	0	0	0	0	0	0	1	0	0	1	60
2013/12/29-14:10:13	50	1,572.55	64.927	14	0	0	0	1	0	0	1	1	0	0	26
2013/12/29-14:21:17	50	1,572.55	64.927	39	0	0	1	0	0	0	1	0	0	1	60
2013/12/29-14:22:36	50	1,572.55	64.927	12	0	1	0	1	0	0	1	0	0	1	26
2013/12/29-14:23:22	50	1,572.55	64.927	6	0	1	0	0	0	0	1	0	0	1	13
2013/12/29-14:24:09	50	1,572.55	64.927	5	0	0	0	0	0	1	1	0	0	1	10
2013/12/29-14:24:47	50	1,572.55	64.927	17	0	0	2	1	0	1	1	0	0	1	25
2013/12/29-14:38:17	46	1,590.888	59.594	0	0	0	0	0	0	0	1	1	0	0	60
2013/12/29-14:39:36	46	1,590.888	59.594	14	0	1	2	0	0	0	1	0	0	1	29
2013/12/29-14:40:55	46	1,590.888	59.594	8	0	1	1	0	0	0	1	0	0	1	15
2013/12/29-14:41:29	46	1,590.888	59.594	10	0	0	0	1	0	1	1	0	0	1	22
2013/12/29-14:42:19	46	1,590.888	59.594	21	0	0	2	0	0	1	1	0	0	1	42
2013/12/29-22:14:20	46	1,584.327	63.734	22	0	0	0	0	0	0	1	1	0	0	41
2013/12/29-22:15:20	46	1,584.327	63.734	4	0	0	0	0	0	1	1	0	0	1	7
2013/12/29-22:16:39	46	1,584.327	63.734	12	0	0	2	1	0	0	1	1	0	0	28
2013/12/29-22:17:26	46	1,584.327	63.734	34	0	0	3	1	0	0	1	1	0	0	60
2013/12/29-22:18:45	46	1,584.327	63.734	10	0	0	0	1	0	1	1	0	0	1	17
2013/12/29-22:36:16	45	1,594.203	60.46	4	0	0	0	0	0	1	1	0	0	1	8
2013/12/29-22:36:53	45	1,594.203	60.46	5	0	1	0	0	0	0	1	0	0	1	12
2013/12/29-22:38:05	45	1,594.203	60.46	22	0	0	6	0	0	1	1	0	0	1	39
2013/12/29-22:39:10	45	1,594.203	60.46	14	0	0	1	2	0	0	1	1	0	0	22
2013/12/29-22:39:51	45	1,594.203	60.46	9	0	0	0	1	0	1	1	0	0	1	19
2013/12/29-22:53:16	45	1,594.203	60.46	13	0	0	1	0	0	0	1	1	0	0	42
2013/12/29-22:54:16	45	1,594.203	60.46	18	0	0	1	1	0	1	1	0	0	1	33
2013/12/29-22:55:05	45	1,594.203	60.46	6	0	0	0	0	0	1	1	0	0	1	13
2013/12/29-22:55:47	45	1,594.203	60.46	7	0	1	0	0	0	0	1	0	0	1	12
2013/12/29-22:56:41	45	1,594.203	60.46	31	0	0	3	0	0	1	1	0	0	1	53
2013/12/30-01:25:17	46	1,578.446	58.216	12	0	0	1	1	0	1	1	0	0	1	24
2013/12/30-01:26:00	46	1,578.446	58.216	18	0	0	2	0	0	0	1	1	0	0	60
2013/12/30-01:27:19	46	1,578.446	58.216	25	0	1	1	0	0	0	1	0	0	1	52
2013/12/30-01:28:30	46	1,578.446	58.216	43	0	0	1	0	0	0	1	0	0	1	60
2013/12/30-01:29:49	46	1,578.446	58.216	5	0	0	0	0	0	1	1	0	0	1	9
2013/12/30-02:04:52	45	1,594.206	55.546	2	0	0	0	0	0	1	1	0	0	1	6
2013/12/30-02:05:35	45	1,594.206	55.546	21	0	0	1	0	0	1	1	0	0	1	36
2013/12/30-02:06:42	45	1,594.206	55.546	19	0	0	2	0	0	0	1	0	0	1	60
2013/12/30-02:08:01	45	1,594.206	55.546	0	0	0	0	0	0	0	1	1	0	0	60
2013/12/30-02:09:20	45	1,594.206	55.546	3	0	1	0	0	0	0	1	0	0	1	10
2013/12/30-02:22:02	45	1,584.243	53.262	33	0	0	0	1	0	0	1	0	0	1	60
2013/12/30-02:23:21	45	1,584.243	53.262	7	0	0	1	0	0	1	1	0	0	1	15
2013/12/30-02:24:40	45	1,584.243	53.262	3	0	0	0	0	0	1	1	0	0	1	4
2013/12/30-02:25:59	45	1,584.243	53.262	8	0	1	1	0	0	0	1	0	0	1	17
2013/12/30-02:27:19	45	1,584.243	53.262	18	0	0	0	0	0	1	1	0	0	1	34
2013/12/30-09:56:23	49	1,562.517	65.674	11	0	0	2	0	0	0	1	1	0	0	17
2013/12/30-09:56:59	49	1,562.517	65.674	37	0	0	6	0	0	1	1	0	0	1	50
2013/12/30-09:58:08	49	1,562.517	65.674	7	0	0	0	0	0	1	1	0	0	1	15
2013/12/30-09:58:45	49	1,562.517	65.674	6	0	0	1	1	0	1	1	0	0	1	16
2013/12/30-09:59:44	49	1,562.517	65.674	3	0	0	0	0	0	1	1	0	0	1	3
2013/12/30-10:32:29	50	1,559.325	62.271	7	0	0	2	0	0	1	1	0	0	1	19
2013/12/30-10:33:21	50	1,559.325	62.271	10	0	0	0	0	0	1	1	0	0	1	20
2013/12/30-10:34:10	50	1,559.325	62.271	5	0	0	1	0	0	1	1	0	0	1	8
2013/12/30-10:34:49	50	1,559.325	62.271	7	0	0	1	0	0	1	1	0	0	1	13
2013/12/30-10:35:33	50	1,559.325	62.271	20	0	0	0	0	0	0	1	1	0	0	60
2013/12/30-10:47:26	50	1,559.325	62.271	8	0	0	0	1	0	1	1	0	0	1	21
2013/12/30-10:48:31	50	1,559.325	62.271	38	0	1	3	1	0	0	1	0	0	1	53
2013/12/30-10:49:43	50	1,559.325	62.271	19	0	0	0	1	0	0	1	1	0	0	33
2013/12/30-10:50:35	50	1,559.325	62.271	17	0	0	0	0	0	1	1	0	0	1	31
2013/12/30-10:51:25	50	1,559.325	62.271	23	0	0	4	0	0	1	1	0	0	1	50
2013/12/30-14:53:44	50	1,566.921	63.68	0	0	0	0	0	0	0	1	0	0	1	60
2013/12/30-14:55:03	50	1,566.921	63.68	10	0	1	0	0	0	0	1	0	0	1	24
2013/12/30-14:56:57	51	1,558.677	62.643	32	0	1	1	0	0	0	1	0	0	1	47
2013/12/30-14:58:07	51	1,558.677	62.643	12	0	1	0	0	0	0	1	0	0	1	24
2013/12/30-14:59:00	51	1,558.677	62.643	11	0	0	1	1	0	1	1	0	0	1	23
2013/12/30-15:14:40	51	1,558.677	62.643	0	0	0	0	0	0	0	1	1	0	0	24
2013/12/30-15:15:23	51	1,558.677	62.643	8	0	0	1	0	0	1	1	0	0	1	13
2013/12/30-15:16:16	51	1,558.677	62.643	6	0	0	1	0	0	1	1	0	0	1	10
2013/12/30-15:16:55	51	1,558.677	62.643	18	0	0	1	0	0	0	1	1	0	0	60
2013/12/30-15:18:14	51	1,558.677	62.643	6	0	0	1	0	0	0	1	1	0	0	19
2013/12/30-15:37:58	51	1,552.32	58.849	23	0	0	3	0	0	0	1	1	0	0	60
2013/12/30-15:39:17	51	1,552.32	58.849	15	0	1	0	0	0	0	1	0	0	1	28
2013/12/30-15:40:04	51	1,552.32	58.849	15	0	0	0	0	0	1	1	0	0	1	32
2013/12/30-15:41:23	51	1,552.32	58.849	13	0	0	1	0	0	1	1	0	0	1	20
2013/12/30-15:42:42	51	1,552.32	58.849	0	0	0	0	0	0	0	1	1	0	0	40
2013/12/30-18:14:45	50	1,558.134	59.081	8	0	0	0	0	0	1	1	0	0	1	14
2013/12/30-18:15:47	50	1,558.134	59.081	8	0	0	0	0	0	1	1	0	0	1	18
2013/12/30-18:18:19	50	1,558.134	59.081	11	0	1	3	0	0	0	1	0	0	1	21
2013/12/30-18:19:15	50	1,558.134	59.081	7	0	1	3	0	0	0	1	0	0	1	13
2013/12/30-18:19:52	50	1,558.134	59.081	32	0	0	1	1	0	0	1	1	0	0	60
2013/12/30-18:38:37	50	1,558.134	59.081	14	0	0	2	0	0	1	1	0	0	1	38
2013/12/30-18:39:33	50	1,558.134	59.081	33	0	0	2	0	0	0	1	1	0	0	60
2013/12/30-18:40:52	50	1,555.686	55.353	24	0	0	2	0	0	1	1	0	0	1	36
2013/12/30-18:41:47	50	1,555.686	55.353	33	0	0	4	1	0	0	1	1	0	0	60
2013/12/30-18:43:06	50	1,555.686	55.353	15	0	0	0	0	0	1	1	0	0	1	28
2013/12/30-19:00:24	50	1,555.686	55.353	8	0	0	1	0	0	1	1	0	0	1	13
2013/12/30-19:01:33	50	1,555.686	55.353	9	0	1	0	0	0	0	1	0	0	1	13
2013/12/30-19:02:34	50	1,555.686	55.353	40	0	0	2	1	0	0	1	1	0	0	50
2013/12/30-19:03:43	50	1,555.686	55.353	21	0	0	1	0	0	1	1	0	0	1	31
2013/12/30-19:04:34	50	1,555.686	55.353	12	0	0	2	0	0	1	1	0	0	1	30
2013/12/31-12:41:02	53	1,554.943	82.007	9	0	0	0	1	0	1	1	0	0	1	18
2013/12/31-12:41:40	53	1,554.943	82.007	6	0	1	0	0	0	0	1	0	0	1	11
2013/12/31-12:42:18	53	1,554.943	82.007	1	0	1	0	0	0	0	1	0	0	1	4
2013/12/31-12:43:37	53	1,554.943	82.007	10	0	1	2	0	0	0	1	0	0	1	23
2013/12/31-12:44:18	53	1,554.943	82.007	18	0	0	12	0	0	1	1	0	0	1	48
2013/12/31-12:50:20	53	1,554.943	82.007	5	0	0	0	0	0	1	1	0	0	1	16
2013/12/31-12:51:39	53	1,554.943	82.007	23	0	1	0	0	0	0	1	0	0	1	36
2013/12/31-12:52:58	53	1,554.943	82.007	7	0	0	0	1	0	1	1	0	0	1	11
2013/12/31-12:54:16	53	1,554.943	82.007	9	0	0	0	2	0	0	1	1	0	0	26
2013/12/31-12:55:02	53	1,554.943	82.007	11	0	0	1	1	0	1	1	0	0	1	25
2013/12/31-13:09:52	53	1,554.943	82.007	11	0	1	0	0	0	0	1	0	0	1	18
2013/12/31-13:11:01	53	1,554.943	82.007	41	0	0	0	3	0	0	1	1	0	0	54
2013/12/31-13:12:14	53	1,554.943	82.007	5	0	1	0	0	0	0	1	0	0	1	19
2013/12/31-13:12:52	53	1,554.943	82.007	8	0	0	0	1	0	1	1	0	0	1	8
2013/12/31-13:14:11	53	1,554.943	82.007	2	0	1	0	1	0	0	1	0	0	1	6
2013/12/31-17:04:37	58	1,515.715	76.573	1	0	0	0	1	0	1	1	0	0	1	3
2013/12/31-17:04:59	58	1,515.715	76.573	3	0	0	0	2	0	0	1	1	0	0	9
2013/12/31-17:05:27	58	1,515.715	76.573	9	0	0	0	1	0	0	1	1	0	0	12
2013/12/31-17:05:58	58	1,515.715	76.573	2	0	0	1	0	0	1	1	0	0	1	13
2013/12/31-17:07:11	58	1,515.715	76.573	7	0	1	1	2	0	0	1	0	0	1	21
2013/12/31-17:13:33	58	1,515.715	76.573	2	0	0	0	1	0	1	1	0	0	1	6
2013/12/31-17:14:52	58	1,515.715	76.573	2	0	0	0	0	0	0	1	1	0	0	6
2013/12/31-17:15:17	58	1,515.715	76.573	9	0	0	0	0	0	1	1	0	0	1	22
2013/12/31-17:15:58	58	1,515.715	76.573	46	0	0	4	0	0	1	1	0	0	1	53
2013/12/31-17:17:10	58	1,515.715	76.573	11	0	0	0	0	0	1	1	0	0	1	16
2013/12/31-17:34:19	55	1,554.867	68.652	10	0	0	0	1	0	1	1	0	0	1	13
2013/12/31-17:34:51	55	1,554.867	68.652	3	0	1	0	0	0	0	1	0	0	1	13
2013/12/31-17:35:23	55	1,554.867	68.652	14	0	0	12	1	0	1	1	0	0	1	22
2013/12/31-17:36:05	55	1,554.867	68.652	3	0	0	0	0	0	0	1	1	0	0	11
2013/12/31-17:36:35	55	1,554.867	68.652	13	0	0	0	1	0	0	1	1	0	0	22
2013/12/31-20:53:01	47	1,597.434	70.775	7	0	1	0	1	0	0	1	0	0	1	15
2013/12/31-20:53:35	47	1,597.434	70.775	25	0	0	3	0	0	0	1	1	0	0	60
2013/12/31-20:54:54	47	1,597.434	70.775	11	0	0	0	0	0	1	1	0	0	1	16
2013/12/31-20:55:29	47	1,597.434	70.775	6	0	0	16	0	0	1	1	0	0	1	14
2013/12/31-20:56:06	47	1,597.434	70.775	5	0	0	0	0	0	0	1	1	0	0	15
2013/12/31-21:21:30	43	1,610.833	67.154	15	0	1	0	1	0	0	1	0	0	1	22
2013/12/31-21:22:13	43	1,610.833	67.154	6	0	0	0	0	0	1	1	0	0	1	18
2013/12/31-21:23:11	43	1,610.833	67.154	26	0	0	1	1	0	0	1	1	0	0	45
2013/12/31-21:24:15	43	1,610.833	67.154	13	0	0	21	1	0	1	1	0	0	1	24
2013/12/31-21:25:00	43	1,610.833	67.154	2	0	0	0	2	0	0	1	1	0	0	7
2013/12/31-21:36:22	43	1,610.833	67.154	23	0	0	0	1	0	1	1	0	0	1	39
2013/12/31-21:37:19	43	1,610.833	67.154	11	0	0	2	0	0	1	1	0	0	1	17
2013/12/31-21:38:00	43	1,610.833	67.154	2	0	1	0	0	0	0	1	0	0	1	6
2013/12/31-21:38:35	43	1,610.833	67.154	10	0	1	1	0	0	0	1	0	0	1	34
2013/12/31-21:39:27	43	1,610.833	67.154	2	0	0	0	0	0	1	1	0	0	1	3
2014/01/01-00:58:09	43	1,609.907	67.077	3	0	0	0	0	0	0	1	1	0	0	4
2014/01/01-00:58:32	43	1,609.907	67.077	3	0	0	0	1	0	1	1	0	0	1	11
2014/01/01-00:59:01	43	1,609.907	67.077	4	0	0	0	1	0	1	1	1	0	0	14
2014/01/01-00:59:35	43	1,609.907	67.077	3	0	0	0	0	0	0	1	1	0	0	10
2014/01/01-01:00:03	43	1,609.907	67.077	10	0	1	0	1	0	0	1	0	0	1	16
2014/01/01-01:20:46	39	1,628.735	64.072	3	0	1	0	0	0	0	1	0	0	1	9
2014/01/01-01:21:40	39	1,628.735	64.072	4	0	1	0	1	0	0	1	0	0	1	12
2014/01/01-01:22:51	39	1,628.735	64.072	6	0	0	0	2	0	1	1	0	0	1	8
2014/01/01-01:23:19	39	1,628.735	64.072	18	0	0	4	0	0	0	1	1	0	0	34
2014/01/01-01:24:11	39	1,628.735	64.072	38	0	0	0	0	0	1	1	0	0	1	54
2014/01/01-01:35:41	39	1,628.735	64.072	10	0	0	1	1	0	1	1	0	0	1	16
2014/01/01-01:36:17	39	1,631.658	59.959	5	0	0	16	2	0	1	1	0	0	1	17
2014/01/01-01:36:52	39	1,631.658	59.959	8	0	0	0	0	0	1	1	0	0	1	16
2014/01/01-01:37:29	39	1,631.658	59.959	8	0	0	0	0	0	1	1	0	0	1	13
2014/01/01-01:38:01	39	1,631.658	59.959	2	0	0	0	2	0	0	1	1	0	0	6
2014/01/01-05:06:36	36	1,645.942	64.317	1	0	1	0	0	0	0	1	0	0	1	9
2014/01/01-05:07:07	36	1,645.942	64.317	17	0	1	6	1	0	0	1	0	0	1	36
2014/01/01-05:08:02	36	1,645.942	64.317	11	0	0	0	0	0	1	1	0	0	1	16
2014/01/01-05:08:37	36	1,645.942	64.317	2	0	0	0	1	0	0	1	1	0	0	5
2014/01/01-05:09:01	36	1,645.942	64.317	7	0	0	0	0	0	1	1	0	0	1	10
2014/01/01-05:34:04	36	1,645.942	64.317	11	0	0	0	1	0	0	1	1	0	0	36
2014/01/01-05:34:58	36	1,645.942	64.317	4	0	0	0	0	0	1	1	0	0	1	4
2014/01/01-05:35:26	36	1,645.942	64.317	1	0	0	0	0	0	1	1	0	0	1	3
2014/01/01-05:36:15	36	1,646.732	59.994	1	0	0	0	0	0	1	1	0	0	1	3
2014/01/01-05:36:59	36	1,646.732	59.994	6	0	1	0	1	0	0	1	1	0	0	12
2014/01/01-05:48:38	36	1,646.732	59.994	4	0	1	0	0	0	0	1	0	0	1	5
2014/01/01-05:49:57	36	1,646.732	59.994	4	0	0	6	0	0	1	1	0	0	1	11
2014/01/01-05:50:26	36	1,646.732	59.994	7	0	0	0	1	0	1	1	0	0	1	11
2014/01/01-05:50:59	36	1,646.732	59.994	3	0	1	0	0	0	0	1	0	0	1	13
2014/01/01-05:52:18	36	1,646.732	59.994	5	0	1	1	0	0	0	1	0	0	1	13
2014/01/01-09:54:25	38	1,634.074	64.225	1	0	0	0	0	0	1	1	0	0	1	3
2014/01/01-09:54:51	38	1,634.074	64.225	1	0	0	0	1	0	1	1	0	0	1	4
2014/01/01-09:55:31	38	1,634.074	64.225	20	0	0	3	0	0	0	1	1	0	0	51
2014/01/01-09:56:41	38	1,634.074	64.225	7	0	1	0	0	0	0	1	0	0	1	11
2014/01/01-09:57:10	38	1,634.074	64.225	9	0	1	0	0	0	0	1	0	0	1	14
2014/01/01-10:15:25	41	1,619.478	60.699	5	0	0	0	0	0	1	1	0	0	1	17
2014/01/01-10:16:44	41	1,619.478	60.699	1	0	1	0	0	0	0	1	0	0	1	3
2014/01/01-10:18:03	41	1,619.478	60.699	17	0	0	9	1	0	1	1	0	0	1	46
2014/01/01-10:19:08	41	1,619.478	60.699	22	0	0	0	2	0	0	1	1	0	0	26
2014/01/01-10:19:52	41	1,619.478	60.699	21	0	0	4	2	0	1	1	0	0	1	34
2014/01/01-10:30:58	41	1,619.478	60.699	4	0	0	0	2	0	0	1	1	0	0	11
2014/01/01-10:31:28	41	1,619.478	60.699	1	0	0	0	0	0	1	1	0	0	1	3
2014/01/01-10:31:55	41	1,619.478	60.699	6	0	0	0	0	0	1	1	0	0	1	7
2014/01/01-10:32:34	41	1,619.478	60.699	7	0	0	0	0	0	1	1	0	0	1	13
2014/01/01-10:33:53	41	1,619.478	60.699	32	0	0	4	0	0	0	1	1	0	0	60
2014/01/01-14:19:07	43	1,611.106	63.611	18	0	0	1	0	0	1	1	0	0	1	32
2014/01/01-14:19:58	43	1,611.106	63.611	3	0	0	0	0	0	1	1	0	0	1	6
2014/01/01-14:20:48	43	1,611.106	63.611	4	0	0	0	0	0	1	1	0	0	1	4
2014/01/01-14:21:13	43	1,611.106	63.611	7	0	0	0	0	0	1	1	0	0	1	21
2014/01/01-14:22:32	43	1,611.106	63.611	38	0	0	0	1	0	1	1	0	0	1	47
2014/01/01-14:27:25	43	1,611.106	63.611	6	0	0	0	0	0	1	1	0	0	1	9
2014/01/01-14:29:22	43	1,611.106	63.611	10	0	0	1	0	0	1	1	0	0	1	24
2014/01/01-14:30:21	43	1,611.106	63.611	6	0	0	5	1	0	1	1	0	0	1	11
2014/01/01-14:31:15	43	1,611.106	63.611	6	0	0	0	0	0	1	1	0	0	1	7
2014/01/01-14:32:26	43	1,611.106	63.611	3	0	1	0	0	0	0	1	0	0	1	7
2014/01/01-14:46:25	55	1,534.072	58.88	7	0	0	0	1	0	0	1	1	0	0	13
2014/01/01-14:46:57	55	1,534.072	58.88	2	0	0	0	1	0	0	1	1	0	0	5
2014/01/01-14:47:21	55	1,534.072	58.88	14	0	0	1	0	0	1	1	0	0	1	28
2014/01/01-14:48:08	55	1,534.072	58.88	13	0	0	0	0	0	1	1	0	0	1	17
2014/01/01-14:48:44	55	1,534.072	58.88	14	0	0	10	1	0	1	1	0	0	1	38
2014/01/02-00:26:23	54	1,539.486	64.514	2	0	0	0	1	0	1	1	0	0	1	7
2014/01/02-00:26:48	54	1,539.486	64.514	11	0	0	1	0	0	1	1	0	0	1	28
2014/01/02-00:28:07	54	1,539.486	64.514	20	0	0	0	0	0	0	1	0	0	1	60
2014/01/02-00:29:26	54	1,539.486	64.514	9	0	0	0	1	0	1	1	0	0	1	13
2014/01/02-00:29:57	54	1,539.486	64.514	12	0	0	6	1	0	1	1	0	0	1	23
2014/01/02-00:42:13	53	1,542.22	62.002	11	0	0	0	1	0	1	1	0	0	1	16
2014/01/02-00:43:14	53	1,542.22	62.002	23	0	0	0	1	0	0	1	1	0	0	34
2014/01/02-00:44:07	53	1,542.22	62.002	39	0	0	8	2	0	0	1	1	0	0	43
2014/01/02-00:45:09	53	1,542.22	62.002	19	0	0	0	0	0	0	1	1	0	0	60
2014/01/02-00:46:28	53	1,542.22	62.002	3	0	0	0	2	0	1	1	1	0	0	11
2014/01/02-01:01:30	53	1,542.22	62.002	5	0	0	0	1	0	1	1	0	0	1	7
2014/01/02-01:01:56	49	1,570.869	58.378	8	0	0	11	1	0	1	1	0	0	1	17
2014/01/02-01:02:32	49	1,570.869	58.378	23	0	0	3	0	0	1	1	0	0	1	56
2014/01/02-01:03:47	49	1,570.869	58.378	5	0	0	0	0	0	0	1	1	0	0	15
2014/01/02-01:04:21	49	1,570.869	58.378	6	0	0	0	0	0	1	1	0	0	1	7
2014/01/02-05:36:02	48	1,569.254	65.563	2	0	0	0	1	0	1	1	0	0	1	8
2014/01/02-05:36:29	48	1,569.254	65.563	5	0	0	0	0	0	1	1	0	0	1	8
2014/01/02-05:37:48	48	1,569.254	65.563	2	0	1	0	0	0	0	1	0	0	1	10
2014/01/02-05:38:17	48	1,569.254	65.563	6	0	0	0	1	0	1	1	0	0	1	8
2014/01/02-05:39:24	48	1,569.254	65.563	23	0	0	2	1	0	1	1	0	0	1	33
2014/01/02-05:50:09	51	1,558.212	61.956	1	0	0	0	0	0	1	1	0	0	1	3
2014/01/02-05:50:31	51	1,558.212	61.956	4	0	0	0	0	0	1	1	0	0	1	4
2014/01/02-05:50:58	51	1,558.212	61.956	2	0	0	0	1	0	1	1	0	0	1	6
2014/01/02-05:51:23	51	1,558.212	61.956	27	0	0	2	0	0	1	1	0	0	1	40
2014/01/02-05:52:42	51	1,558.212	61.956	19	0	0	0	1	0	1	1	0	0	1	30
2014/01/02-06:06:38	51	1,558.212	61.956	10	0	0	0	1	0	0	1	1	0	0	31
2014/01/02-06:07:28	51	1,558.212	61.956	9	0	0	7	2	0	1	1	1	0	0	21
2014/01/02-06:08:08	51	1,558.212	61.956	11	0	0	0	0	0	1	1	0	0	1	13
2014/01/02-06:08:43	51	1,558.212	61.956	3	0	0	0	0	0	1	1	0	0	1	6
2014/01/02-06:09:13	51	1,558.212	61.956	3	0	0	0	1	0	1	1	0	0	1	3
2014/01/02-10:26:38	52	1,546.022	64.217	19	0	0	0	2	0	0	1	1	0	0	60
2014/01/02-10:27:57	51	1,559.022	63.733	3	0	0	0	1	0	1	1	0	0	1	10
2014/01/02-10:28:27	51	1,559.022	63.733	7	0	1	0	1	0	0	1	0	0	1	9
2014/01/02-10:28:55	51	1,559.022	63.733	9	0	0	0	1	0	1	1	0	0	1	14
2014/01/02-10:29:31	51	1,559.022	63.733	3	0	0	0	1	0	0	1	1	0	0	9
2014/01/02-10:57:12	51	1,559.022	63.733	5	0	0	0	0	0	1	1	0	0	1	10
2014/01/02-10:57:46	51	1,559.022	63.733	3	0	0	0	2	0	0	1	1	0	0	9
2014/01/02-10:58:15	51	1,559.022	63.733	14	0	0	0	3	0	0	1	1	0	0	44
2014/01/02-10:59:18	51	1,559.022	63.733	13	0	0	1	0	0	0	1	1	0	0	35
2014/01/02-11:00:12	51	1,559.022	63.733	1	0	0	0	0	0	1	1	0	0	1	3
2014/01/02-11:13:08	47	1,584.043	58.448	10	0	0	11	0	0	1	1	0	0	1	18
2014/01/02-11:14:08	47	1,584.043	58.448	10	0	1	0	0	0	0	1	0	0	1	23
2014/01/02-11:14:51	47	1,584.043	58.448	5	0	0	0	0	0	1	1	0	0	1	6
2014/01/02-11:15:21	47	1,584.043	58.448	6	0	1	0	0	0	0	1	0	0	1	9
2014/01/02-11:16:15	47	1,584.043	58.448	3	0	0	0	2	0	0	1	1	0	0	10
2014/01/02-14:42:02	43	1,594.205	63.409	13	0	1	1	0	0	0	1	1	0	0	28
2014/01/02-14:42:48	43	1,594.205	63.409	2	0	0	0	1	0	1	1	0	0	1	8
2014/01/02-14:43:25	43	1,594.205	63.409	2	0	0	0	0	0	0	1	1	0	0	4
2014/01/02-14:43:48	43	1,594.205	63.409	16	0	0	0	1	0	1	1	0	0	1	29
2014/01/02-14:44:36	43	1,594.205	63.409	1	0	1	0	0	0	0	1	0	0	1	4
2014/01/02-15:10:32	44	1,594.014	60.78	2	0	0	0	1	0	1	1	0	0	1	3
2014/01/02-15:10:55	44	1,594.014	60.78	14	0	1	0	1	0	0	1	0	0	1	41
2014/01/02-15:11:55	44	1,594.014	60.78	9	0	1	0	0	0	0	1	0	0	1	28
2014/01/02-15:12:42	44	1,594.014	60.78	14	0	1	0	1	0	0	1	0	0	1	24
2014/01/02-15:13:25	44	1,594.014	60.78	14	0	0	9	2	0	0	1	1	0	0	25
2014/01/02-15:22:36	44	1,594.014	60.78	6	0	1	0	0	0	0	1	0	0	1	18
2014/01/02-15:23:35	44	1,594.014	60.78	5	0	1	0	1	0	0	1	0	0	1	5
2014/01/02-15:24:16	44	1,594.014	60.78	5	0	1	0	0	0	0	1	0	0	1	13
2014/01/02-15:25:06	44	1,594.014	60.78	1	0	1	0	0	0	0	1	0	0	1	6
2014/01/02-15:25:30	44	1,594.014	60.78	15	0	1	0	0	0	0	1	0	0	1	20
2014/01/02-22:54:44	47	1,576.054	65.832	10	0	0	0	1	0	1	1	0	0	1	19
2014/01/02-22:55:21	47	1,576.054	65.832	5	0	0	0	0	0	1	1	0	0	1	4
2014/01/02-22:55:44	47	1,576.054	65.832	4	0	0	0	0	0	1	1	0	0	1	13
2014/01/02-22:56:16	47	1,576.054	65.832	12	0	0	0	0	0	1	1	0	0	1	22
2014/01/02-22:56:57	47	1,576.054	65.832	1	0	1	0	0	0	0	1	0	0	1	3
2014/01/02-23:02:09	47	1,576.054	65.832	10	0	1	0	0	0	0	1	0	0	1	28
2014/01/02-23:03:28	47	1,576.054	65.832	2	0	0	0	0	0	0	1	1	0	0	5
2014/01/02-23:03:52	47	1,576.054	65.832	8	0	0	3	0	0	1	1	0	0	1	18
2014/01/02-23:04:43	47	1,576.054	65.832	18	0	0	0	1	0	1	1	0	0	1	25
2014/01/02-23:05:26	47	1,576.054	65.832	4	0	0	0	1	0	1	1	0	0	1	12
2014/01/02-23:25:14	46	1,580.112	60.02	32	0	0	1	0	0	0	1	1	0	0	60
2014/01/02-23:26:33	46	1,580.112	60.02	2	0	0	0	0	0	0	1	1	0	0	5
2014/01/02-23:26:57	46	1,580.112	60.02	7	0	0	0	1	0	1	1	0	0	1	10
2014/01/02-23:27:26	46	1,580.112	60.02	11	0	0	1	0	0	0	1	1	0	0	36
2014/01/02-23:28:21	46	1,580.112	60.02	6	0	1	0	2	0	0	1	0	0	1	7
2014/01/03-03:11:42	47	1,606.92	64.565	4	0	0	0	1	0	0	1	1	0	0	16
2014/01/03-03:12:17	47	1,606.92	64.565	2	0	1	0	0	0	0	1	0	0	1	7
2014/01/03-03:12:43	47	1,606.92	64.565	4	0	0	4	1	0	1	1	0	0	1	12
2014/01/03-03:13:32	47	1,606.92	64.565	4	0	0	0	0	0	0	1	1	0	0	10
2014/01/03-03:14:02	47	1,606.92	64.565	18	0	0	5	1	0	1	1	0	0	1	32
2014/01/03-03:27:53	46	1,611.749	61.939	5	0	0	1	0	0	0	1	1	0	0	9
2014/01/03-03:28:21	46	1,611.749	61.939	6	0	0	1	0	0	1	1	0	0	1	13
2014/01/03-03:29:40	46	1,611.749	61.939	10	0	0	0	0	0	1	1	0	0	1	10
2014/01/03-03:30:46	46	1,611.749	61.939	12	0	0	0	0	0	0	1	1	0	0	17
2014/01/03-03:31:22	46	1,611.749	61.939	2	0	0	0	0	0	1	1	0	0	1	7
2014/01/03-03:43:33	46	1,611.749	61.939	22	0	1	0	0	0	0	1	0	0	1	43
2014/01/03-03:44:52	46	1,611.749	61.939	5	0	0	0	2	0	1	1	1	0	0	14
2014/01/03-03:45:26	46	1,611.749	61.939	3	0	1	0	0	0	0	1	0	0	1	4
2014/01/03-03:45:49	46	1,611.749	61.939	8	0	0	0	1	0	0	1	1	0	0	26
2014/01/03-03:46:34	46	1,611.749	61.939	12	0	0	1	2	0	1	1	0	0	1	33
2014/01/03-08:12:18	40	1,637.886	66.789	3	0	1	0	0	0	0	1	0	0	1	13
2014/01/03-08:12:50	40	1,637.886	66.789	7	0	0	0	2	0	1	1	1	0	0	15
2014/01/03-08:13:24	40	1,637.886	66.789	2	0	0	0	1	0	1	1	0	0	1	6
2014/01/03-08:14:03	40	1,637.886	66.789	4	0	0	0	0	0	1	1	0	0	1	7
2014/01/03-08:14:41	40	1,637.886	66.789	19	0	0	1	0	0	0	1	0	0	1	60
2014/01/03-08:29:04	40	1,637.886	66.789	15	0	0	1	0	0	0	1	1	0	0	33
2014/01/03-08:29:56	40	1,637.886	66.789	3	0	0	0	0	0	1	1	0	0	1	3
2014/01/03-08:31:15	40	1,637.886	66.789	7	0	0	2	0	0	0	1	1	0	0	15
2014/01/03-08:31:49	40	1,637.886	66.789	2	0	0	0	0	0	1	1	0	0	1	6
2014/01/03-08:32:16	40	1,637.886	66.789	15	0	0	0	0	0	1	1	0	0	1	24
2014/01/03-08:46:31	45	1,601.036	61.208	16	0	0	3	0	0	1	1	0	0	1	40
2014/01/03-08:47:30	45	1,601.036	61.208	3	0	0	0	0	0	0	1	1	0	0	12
2014/01/03-08:48:01	45	1,601.036	61.208	9	0	0	0	1	0	0	1	1	0	0	29
2014/01/03-08:48:49	45	1,601.036	61.208	1	0	1	0	0	0	0	1	0	0	1	4
2014/01/03-08:49:35	45	1,601.036	61.208	8	0	0	0	1	0	1	1	0	0	1	8
