2013/08/29-00:06:51	12	1,500	350	2	0	0	0	0	0	1	1	0	0	1	9
2013/08/29-00:08:17	12	1,500	350	2	0	0	0	0	0	1	1	0	0	1	3
2013/08/29-00:11:16	12	1,500	350	2	0	0	0	0	0	0	1	1	0	0	7
2013/08/29-00:20:43	12	1,500	350	5	0	0	0	0	0	0	1	1	0	0	53
2013/08/29-00:50:52	12	1,500	350	2	0	1	0	0	0	0	1	0	0	1	8
2013/08/29-00:51:54	12	1,500	350	5	0	0	0	0	0	0	1	1	0	0	18
2013/08/29-01:26:58	12	1,500	350	4	0	0	1	0	0	0	1	1	0	0	60
2013/08/29-01:30:38	12	1,500	350	3	0	1	0	0	0	0	1	0	0	1	30
2013/08/29-01:44:52	8	1,637.439	267.15	6	0	1	1	0	0	0	1	0	0	1	16
2013/08/29-01:59:11	12	1,500	350	6	0	0	0	0	0	1	1	0	0	1	13
2013/08/29-02:00:02	12	1,500	350	0	0	1	0	0	0	0	1	0	0	1	40
2013/08/29-02:01:00	12	1,500	350	0	0	1	0	0	0	0	1	0	0	1	23
2013/08/29-02:02:19	12	1,500	350	0	0	1	0	0	0	0	1	0	0	1	3
2013/08/29-02:02:41	12	1,500	350	1	0	0	0	1	0	1	1	0	0	1	6
2013/08/29-02:06:16	12	1,500	350	2	0	0	0	0	0	1	1	0	0	1	10
2013/08/29-02:06:45	12	1,500	350	0	0	0	0	0	0	0	1	1	0	0	8
2013/08/29-02:07:11	12	1,500	350	1	0	1	0	0	0	0	1	0	0	1	3
2013/08/29-02:07:34	12	1,500	350	1	0	0	0	0	0	1	1	0	0	1	6
2013/08/29-02:07:59	12	1,500	350	0	0	1	0	0	0	0	1	0	0	1	4
2013/08/29-07:28:15	79	1,365.949	263.837	0	0	0	0	0	0	0	1	1	0	0	6
2013/08/29-07:28:40	79	1,365.949	263.837	1	0	0	0	0	0	0	1	1	0	0	6
2013/08/29-07:29:05	79	1,365.949	263.837	2	0	0	0	0	0	1	1	0	0	1	3
2013/08/29-07:29:30	79	1,365.949	263.837	0	0	0	0	0	0	0	1	1	0	0	6
2013/08/29-07:29:54	79	1,365.949	263.837	1	0	0	0	1	0	0	1	1	0	0	6
