2013/08/29-00:05:45	16	1,500	350	2	0	0	0	0	0	1	1	0	0	1	9
2013/08/29-00:08:17	16	1,500	350	1	0	0	0	0	0	1	1	0	0	1	3
2013/08/29-00:11:16	16	1,500	350	1	0	0	0	0	0	1	1	0	0	1	3
2013/08/29-00:19:36	16	1,500	350	1	0	0	0	0	0	1	1	0	0	1	3
2013/08/29-00:23:04	16	1,500	350	1	0	0	0	0	0	1	1	0	0	1	3
2013/08/29-00:49:44	16	1,500	350	13	0	1	2	0	0	0	1	0	0	1	42
2013/08/29-00:51:54	16	1,500	350	6	0	0	0	0	0	1	1	0	0	1	18
2013/08/29-01:26:00	16	1,500	350	1	0	0	0	0	0	1	1	0	0	1	6
2013/08/29-01:29:05	16	1,500	350	1	0	0	0	0	0	1	1	0	0	1	3
2013/08/29-01:33:21	85	641.144	265.366	2	0	0	0	0	0	1	1	0	0	1	6
2013/08/29-01:56:34	16	1,500	350	1	0	0	0	0	0	1	1	0	0	1	6
2013/08/29-01:57:16	16	1,500	350	7	0	0	0	0	0	1	1	0	0	1	21
2013/08/29-01:57:56	16	1,500	350	1	0	0	0	0	0	1	1	0	0	1	3
2013/08/29-01:58:18	16	1,500	350	1	0	1	0	0	0	0	1	0	0	1	3
2013/08/29-01:58:40	16	1,500	350	2	0	0	0	0	0	0	1	1	0	0	5
2013/08/29-07:24:33	16	1,500	350	4	0	0	0	0	0	1	1	0	0	1	14
2013/08/29-07:25:09	80	1,357.687	271.847	8	0	0	0	0	0	1	1	0	0	1	24
2013/08/29-07:26:00	80	1,357.687	271.847	1	0	1	0	0	0	0	1	0	0	1	4
2013/08/29-07:26:57	80	1,357.687	271.847	5	0	0	0	0	0	1	1	0	0	1	16
2013/08/29-07:27:47	80	1,357.687	271.847	2	0	0	0	0	0	0	1	1	0	0	3
2013/08/29-07:32:50	80	1,357.687	271.847	2	0	0	0	1	0	1	1	0	0	1	8
2013/08/29-07:33:25	80	1,357.687	271.847	1	0	1	0	1	0	0	1	0	0	1	3
2013/08/29-07:33:53	80	1,357.687	271.847	1	0	1	0	0	0	0	1	0	0	1	3
2013/08/29-07:34:38	80	1,357.687	271.847	19	0	1	0	1	0	0	1	0	0	1	57
2013/08/29-07:35:54	80	1,357.687	271.847	4	0	1	0	0	0	0	1	0	0	1	11
2013/08/29-10:10:38	60	1,489.368	216.929	1	0	1	0	0	0	0	1	0	0	1	4
2013/08/29-10:11:14	60	1,489.368	216.929	1	0	1	0	0	0	0	1	0	0	1	3
2013/08/29-10:11:36	60	1,489.368	216.929	3	0	0	0	1	0	0	1	1	0	0	11
2013/08/29-10:12:05	60	1,489.368	216.929	4	0	0	0	0	0	1	1	0	0	1	12
2013/08/29-10:13:24	60	1,489.368	216.929	4	0	0	0	0	0	0	1	1	0	0	11
2013/08/29-10:21:15	60	1,489.368	216.929	6	0	0	2	0	0	1	1	0	0	1	18
2013/08/29-10:21:58	60	1,489.368	216.929	1	0	1	0	0	0	0	1	0	0	1	3
2013/08/29-10:22:31	60	1,489.368	216.929	1	0	0	0	0	0	1	1	0	0	1	3
2013/08/29-10:23:04	60	1,489.368	216.929	3	0	0	0	0	0	1	1	0	0	1	9
2013/08/29-10:24:23	60	1,489.368	216.929	5	0	0	0	0	0	1	1	0	0	1	13
2013/08/29-10:34:21	72	1,261.668	171.777	1	0	0	0	0	0	1	1	0	0	1	3
2013/08/29-10:34:51	72	1,261.668	171.777	9	0	0	0	0	0	1	1	0	0	1	27
2013/08/29-10:35:37	72	1,261.668	171.777	15	0	0	15	2	0	1	1	0	0	1	47
2013/08/29-10:36:43	72	1,261.668	171.777	2	0	0	0	0	0	1	1	0	0	1	6
2013/08/29-10:37:29	72	1,261.668	171.777	2	0	1	0	1	0	0	1	0	0	1	5
2013/08/29-10:48:38	72	1,261.668	171.777	4	0	0	0	0	0	0	1	1	0	0	13
2013/08/29-10:49:10	72	1,261.668	171.777	1	0	0	0	0	0	0	1	1	0	0	7
2013/08/29-10:49:35	60	1,407.949	147.234	1	0	1	0	0	0	0	1	0	0	1	4
2013/08/29-10:49:58	60	1,407.949	147.234	2	0	1	0	1	0	0	1	0	0	1	6
2013/08/29-10:50:24	60	1,407.949	147.234	1	0	0	0	0	0	1	1	0	0	1	3
2013/08/29-10:58:31	60	1,407.949	147.234	1	0	0	0	0	0	1	1	0	0	1	3
2013/08/29-10:59:15	60	1,407.949	147.234	4	0	1	0	0	0	0	1	0	0	1	10
2013/08/29-10:59:44	60	1,407.949	147.234	1	0	0	0	0	0	1	1	0	0	1	3
2013/08/29-11:00:06	60	1,407.949	147.234	1	0	1	0	0	0	0	1	0	0	1	3
2013/08/29-11:00:38	60	1,407.949	147.234	3	0	0	0	0	0	1	1	0	0	1	13
2013/08/29-11:08:33	75	1,153.619	126.19	3	0	0	7	1	0	1	1	0	0	1	12
2013/08/29-11:09:04	75	1,153.619	126.19	1	0	0	0	1	0	1	1	0	0	1	3
2013/08/29-11:09:28	75	1,153.619	126.19	2	0	0	0	0	0	1	1	0	0	1	6
2013/08/29-11:09:53	75	1,153.619	126.19	1	0	0	0	0	0	1	1	0	0	1	3
2013/08/29-11:10:21	75	1,153.619	126.19	2	0	1	0	1	0	0	1	1	0	0	6
