2013/09/02-21:42:16	33	1,500	352.012	0	0	1	0	0	0	0	1	0	0	1	6
2013/09/02-21:43:02	33	1,500	352.012	0	0	1	0	0	0	0	1	0	0	1	3
2013/09/02-21:43:25	33	1,500	352.012	0	0	1	0	0	0	0	1	0	0	1	6
2013/09/02-21:44:42	33	1,500	352.012	0	0	1	0	0	0	0	1	0	0	1	6
2013/09/02-21:45:48	33	1,500	352.012	0	0	1	0	0	0	0	1	0	0	1	6
2013/09/02-22:31:18	33	1,500	352.012	0	0	1	0	0	0	0	1	0	0	1	6
2013/09/02-22:32:37	33	1,500	352.012	0	0	1	0	0	0	0	1	0	0	1	6
2013/09/02-22:33:23	33	1,500	352.012	0	0	1	0	0	0	0	1	0	0	1	6
2013/09/02-22:33:50	33	1,500	352.012	0	0	1	0	0	0	0	1	0	0	1	3
2013/09/02-22:34:25	33	1,500	352.012	0	0	1	0	0	0	0	1	0	0	1	4
2013/09/02-22:44:42	86	374.231	265.281	0	0	1	0	0	0	0	1	0	0	1	6
2013/09/02-22:45:07	86	374.231	265.281	0	0	1	0	0	0	0	1	0	0	1	6
2013/09/02-22:45:32	86	374.231	265.281	0	0	1	0	0	0	0	1	0	0	1	3
2013/09/02-22:45:57	86	374.231	265.281	0	0	1	0	0	0	0	1	0	0	1	6
2013/09/02-22:46:22	86	374.231	265.281	0	0	1	0	0	0	0	1	0	0	1	6
2013/09/03-00:40:11	86	327.16	217.201	0	0	1	0	0	0	0	1	0	0	1	6
2013/09/03-00:40:53	86	327.16	217.201	0	0	1	0	0	0	0	1	0	0	1	3
2013/09/03-00:41:17	86	327.16	217.201	0	0	1	0	0	0	0	1	0	0	1	6
2013/09/03-00:41:50	86	327.16	217.201	0	0	1	0	0	0	0	1	0	0	1	4
2013/09/03-00:42:16	86	327.16	217.201	0	0	1	0	0	0	0	1	0	0	1	6
2013/09/03-00:50:28	86	327.16	217.201	0	0	1	0	0	0	0	1	0	0	1	6
2013/09/03-00:50:53	86	327.16	217.201	0	0	1	0	0	0	0	1	0	0	1	6
2013/09/03-00:51:18	86	327.16	217.201	0	0	0	0	0	0	0	1	1	0	0	6
2013/09/03-00:51:43	86	327.16	217.201	0	0	1	0	0	0	0	1	0	1	0	6
2013/09/03-00:52:08	86	327.16	217.201	0	0	0	0	0	0	0	1	1	0	0	6
2013/09/03-01:04:21	86	327.16	217.201	0	0	0	0	0	0	0	1	1	0	0	6
2013/09/03-01:04:46	86	327.16	217.201	0	0	0	0	0	0	0	1	1	0	0	6
2013/09/03-01:05:11	69	1,176.828	174.995	0	0	1	0	0	0	0	1	0	0	1	6
2013/09/03-01:05:36	69	1,176.828	174.995	0	0	1	0	0	0	0	1	0	0	1	6
2013/09/03-01:06:01	69	1,176.828	174.995	0	0	1	0	0	0	0	1	0	0	1	6
