2013/09/02-18:17:06	40	1,500	351.239	0	0	1	0	0	0	0	1	0	0	1	6
2013/09/02-18:17:35	40	1,500	351.239	0	0	1	0	0	0	0	1	1	0	0	5
2013/09/02-18:18:03	40	1,500	351.239	0	0	1	0	0	0	0	1	0	1	0	4
2013/09/02-18:18:29	40	1,500	351.239	0	0	1	0	0	0	0	1	0	0	1	5
2013/09/02-18:18:57	40	1,500	351.239	0	0	1	0	0	0	0	1	0	0	1	4
2013/09/02-18:19:29	40	1,500	351.239	0	0	1	0	0	0	0	1	0	1	0	6
2013/09/02-18:20:02	40	1,500	351.239	0	0	1	0	0	0	0	1	0	1	0	6
2013/09/02-18:20:34	40	1,500	351.239	0	0	1	0	0	0	0	1	0	1	0	5
2013/09/02-18:21:09	40	1,500	351.239	0	0	1	0	0	0	0	1	0	1	0	6
2013/09/02-18:21:44	40	1,500	351.239	0	0	1	0	0	0	0	1	0	1	0	2
2013/09/02-18:22:25	40	1,500	351.239	0	0	1	0	0	0	0	1	0	1	0	2
2013/09/02-18:23:16	40	1,500	351.239	0	0	1	0	0	0	0	1	0	1	0	5
2013/09/02-18:34:34	40	1,500	351.239	0	0	0	0	0	0	0	1	1	0	0	6
2013/09/02-18:48:09	86	0	280.765	0	0	1	0	0	0	0	1	0	0	1	6
2013/09/02-18:49:05	86	0	280.765	0	0	1	0	0	0	0	1	0	0	1	4
2013/09/02-18:50:15	86	0	280.765	0	0	1	0	0	0	0	1	0	0	1	3
2013/09/02-18:51:17	86	0	280.765	0	0	1	0	0	0	0	1	0	0	1	3
2013/09/02-18:51:39	86	0	280.765	0	0	1	0	0	0	0	1	0	0	1	6
2013/09/02-19:01:48	86	0	280.765	0	0	1	0	0	0	0	1	0	0	1	6
2013/09/02-19:02:14	86	0	280.765	0	0	1	0	0	0	0	1	0	0	1	6
2013/09/02-19:03:33	86	0	280.765	0	0	1	0	0	0	0	1	0	0	1	6
2013/09/02-19:03:58	86	0	280.765	0	0	1	0	0	0	0	1	0	0	1	6
2013/09/02-19:04:29	86	0	280.765	0	0	1	0	0	0	0	1	0	0	1	6
2013/09/03-00:42:47	82	620.548	280.585	0	0	1	0	0	0	0	1	0	0	1	6
2013/09/03-00:43:12	82	620.548	280.585	0	0	1	0	0	0	0	1	0	0	1	6
2013/09/03-00:43:59	82	620.548	280.585	0	0	1	0	0	0	0	1	0	0	1	6
2013/09/03-00:44:38	82	620.548	280.585	0	0	1	0	0	0	0	1	0	0	1	6
2013/09/03-00:45:12	82	620.548	280.585	0	0	1	0	0	0	0	1	0	0	1	4
2013/09/03-00:52:39	82	620.548	280.585	0	0	1	0	0	0	0	1	0	0	1	6
2013/09/03-00:53:04	82	620.548	280.585	0	0	1	0	0	0	0	1	0	0	1	6
2013/09/03-00:53:29	82	620.548	280.585	0	0	1	0	0	0	0	1	0	0	1	3
2013/09/03-00:53:51	82	620.548	280.585	0	0	1	0	0	0	0	1	0	0	1	6
2013/09/03-00:54:16	82	620.548	280.585	0	0	1	0	0	0	0	1	0	0	1	6
2013/09/03-01:04:21	82	620.548	280.585	0	0	1	0	0	0	0	1	0	0	1	6
2013/09/03-01:04:46	82	620.548	280.585	0	0	1	0	0	0	0	1	0	0	1	6
2013/09/03-01:05:11	83	755.838	206.847	0	0	1	0	0	0	0	1	0	0	1	6
2013/09/03-01:05:36	83	755.838	206.847	0	0	0	0	0	0	0	1	1	0	0	6
2013/09/03-01:06:01	83	755.838	206.847	0	0	1	0	0	0	0	1	0	0	1	6
