2013/09/02-14:38:52	19	1,500	350.155	5	0	1	0	0	0	0	1	0	0	1	22
2013/09/02-14:39:33	19	1,500	350.155	9	0	0	0	2	0	0	1	1	0	0	27
2013/09/02-14:40:19	8	1,721.739	293.904	2	0	0	0	2	0	0	1	1	0	0	7
2013/09/02-14:40:44	8	1,721.739	293.904	8	0	0	0	2	0	0	1	1	0	0	23
2013/09/02-14:41:26	8	1,721.739	293.904	13	0	0	0	3	0	0	1	1	0	0	27
2013/09/02-14:52:07	8	1,721.739	293.904	3	0	0	0	1	0	1	1	0	0	1	7
2013/09/02-14:53:05	8	1,721.739	293.904	4	0	1	0	0	0	0	1	0	0	1	9
2013/09/02-14:53:33	8	1,721.739	293.904	4	0	0	0	2	0	0	1	1	0	0	12
2013/09/02-14:54:04	8	1,721.739	293.904	1	0	1	0	0	0	0	1	0	0	1	10
2013/09/02-14:54:56	8	1,721.739	293.904	10	0	0	2	0	0	1	1	0	0	1	24
2013/09/02-15:07:15	6	1,971.214	231.723	8	0	0	0	1	0	0	1	1	0	0	34
2013/09/02-15:08:08	6	1,971.214	231.723	24	0	0	0	1	0	0	1	1	0	0	60
2013/09/02-15:09:26	6	1,971.214	231.723	4	0	0	0	1	0	0	1	1	0	0	12
2013/09/02-15:09:56	6	1,971.214	231.723	17	0	0	4	0	0	0	1	1	0	0	36
2013/09/02-15:10:51	6	1,971.214	231.723	2	0	0	0	1	0	1	1	0	0	1	6
2013/09/02-19:19:13	4	2,167.395	202.962	6	0	0	0	0	0	0	1	1	0	0	17
2013/09/02-19:19:49	4	2,167.395	202.962	2	0	0	0	0	0	1	1	0	0	1	3
2013/09/02-19:20:17	4	2,167.395	202.962	9	0	0	6	2	0	1	1	1	0	0	28
2013/09/02-19:21:05	4	2,167.395	202.962	3	0	0	0	0	0	1	1	0	0	1	10
2013/09/02-19:21:35	4	2,167.395	202.962	4	0	0	0	0	0	1	1	0	0	1	9
2013/09/02-19:49:55	4	2,167.395	202.962	5	0	1	0	0	0	0	1	0	0	1	52
2013/09/02-19:53:20	4	2,167.395	202.962	3	0	0	1	1	0	1	1	0	0	1	5
2013/09/02-19:56:12	4	2,167.395	202.962	5	0	0	0	1	0	0	1	1	0	0	101
2013/09/02-20:01:04	4	2,167.395	202.962	1	0	1	0	0	0	0	1	0	0	1	2
2013/09/02-20:07:00	4	2,167.395	202.962	3	0	0	0	1	0	1	1	0	0	1	55
2013/09/02-20:43:15	9	1,979.461	162.033	18	0	0	0	0	0	0	1	1	0	0	35
2013/09/02-20:44:09	9	1,979.461	162.033	18	0	0	0	0	0	1	1	0	0	1	37
2013/09/02-20:45:05	9	1,979.461	162.033	13	0	0	1	1	0	0	1	1	0	0	33
2013/09/02-20:45:57	9	1,979.461	162.033	3	0	0	1	1	0	0	1	1	0	0	13
2013/09/02-20:46:29	9	1,979.461	162.033	2	0	1	0	0	0	0	1	0	0	1	6
2013/09/03-01:27:23	4	2,321.078	148.15	11	0	0	0	3	0	0	1	1	0	0	49
2013/09/03-01:28:31	4	2,321.078	148.15	2	0	1	0	0	0	0	1	0	0	1	3
2013/09/03-07:01:35	4	2,321.078	148.15	24	0	0	0	0	0	1	1	0	0	1	53
2013/09/03-07:03:03	4	2,321.078	148.15	17	0	0	2	1	0	0	1	1	0	0	60
2013/09/03-07:04:22	4	2,321.078	148.15	18	0	0	6	2	0	0	1	1	0	0	51
2013/09/03-07:05:32	4	2,321.078	148.15	6	0	0	0	0	0	1	1	0	0	1	25
2013/09/03-07:21:29	5	2,209.945	129.632	17	0	0	0	2	0	0	1	1	0	0	31
2013/09/03-07:22:19	5	2,209.945	129.632	25	0	0	5	1	0	0	1	1	0	0	60
2013/09/03-07:23:38	5	2,209.945	129.632	3	0	0	0	1	0	1	1	0	0	1	9
2013/09/03-07:24:06	5	2,209.945	129.632	22	0	0	2	0	0	0	1	1	0	0	49
2013/09/03-07:25:15	5	2,209.945	129.632	8	0	0	17	1	0	1	1	0	0	1	36
2013/09/03-07:41:26	5	2,209.945	129.632	1	0	1	0	0	0	0	1	0	0	1	3
2013/09/03-07:41:54	5	2,209.945	129.632	11	0	0	0	0	0	0	1	1	0	0	26
2013/09/03-07:42:39	5	2,209.945	129.632	9	0	1	1	0	0	0	1	0	0	1	33
2013/09/03-07:43:53	1	2,334.1	109.253	16	0	0	0	2	0	0	1	1	0	0	43
2013/09/03-07:44:55	1	2,334.1	109.253	1	0	0	0	0	0	1	1	1	0	0	3
2013/09/03-16:55:50	1	2,365.475	106.709	12	0	1	0	0	0	0	1	1	0	0	28
2013/09/03-16:56:37	1	2,365.475	106.709	10	0	1	0	1	0	0	1	0	0	1	18
2013/09/03-16:57:56	1	2,365.475	106.709	1	0	0	0	0	0	1	1	0	0	1	10
2013/09/03-16:58:32	1	2,365.475	106.709	19	0	0	6	0	0	0	1	1	0	0	48
2013/09/03-16:59:39	1	2,365.475	106.709	6	0	0	2	1	0	0	1	1	0	0	16
2013/09/03-17:26:09	1	2,365.475	106.709	1	0	1	0	0	0	0	1	0	0	1	4
2013/09/03-17:26:38	1	2,365.475	106.709	1	0	1	0	0	0	0	1	0	0	1	7
2013/09/03-17:27:43	1	2,365.475	106.709	7	0	0	1	0	0	0	1	1	0	0	29
2013/09/03-17:28:31	1	2,365.475	106.709	17	0	0	0	2	0	0	1	1	0	0	31
2013/09/03-17:29:21	1	2,365.475	106.709	3	0	1	0	1	0	0	1	0	0	1	17
2013/09/03-17:51:24	2	2,280.891	93.353	4	0	0	0	1	0	1	1	0	0	1	11
2013/09/03-17:51:55	2	2,280.891	93.353	23	0	0	2	0	0	0	1	0	0	1	60
2013/09/03-17:53:14	2	2,280.891	93.353	1	0	1	0	0	0	0	1	0	0	1	6
2013/09/03-17:54:20	2	2,280.891	93.353	1	0	0	0	0	0	1	1	0	0	1	5
2013/09/03-17:54:47	2	2,280.891	93.353	1	0	1	0	0	0	0	1	0	0	1	7
2013/09/03-21:56:18	3	2,228.772	89.873	13	0	0	0	0	0	1	1	0	0	1	45
2013/09/03-21:57:37	3	2,228.772	89.873	13	0	0	0	0	0	0	1	1	0	0	30
2013/09/03-21:58:25	3	2,228.772	89.873	1	0	1	0	1	0	0	1	0	0	1	10
2013/09/03-21:58:58	3	2,228.772	89.873	21	0	0	6	1	0	0	1	1	0	0	60
2013/09/03-22:00:16	3	2,228.772	89.873	13	0	0	0	1	0	1	1	0	0	1	41
2013/09/03-22:09:58	3	2,228.772	89.873	12	0	0	0	0	0	1	1	0	0	1	21
2013/09/03-22:10:45	3	2,228.772	89.873	1	0	1	0	0	0	0	1	0	0	1	3
2013/09/03-22:11:21	3	2,228.772	89.873	4	0	0	7	3	0	0	1	1	0	0	18
2013/09/03-22:11:58	3	2,228.772	89.873	8	0	0	1	0	0	1	1	0	0	1	21
2013/09/03-22:12:38	3	2,228.772	89.873	1	0	1	0	0	0	0	1	0	0	1	7
2013/09/03-22:24:13	3	2,228.772	89.873	17	0	0	1	1	0	0	1	1	0	0	60
2013/09/03-22:25:32	3	2,228.772	89.873	3	0	1	0	0	0	0	1	0	0	1	8
2013/09/03-22:26:14	3	2,228.772	89.873	9	0	0	0	2	0	0	1	1	0	0	17
2013/09/03-22:26:50	3	2,228.772	89.873	5	0	0	4	0	0	1	1	0	0	1	18
2013/09/03-22:27:27	3	2,228.772	89.873	2	0	0	0	0	0	0	1	1	0	0	10
2013/09/04-17:25:12	11	2,134.382	82.558	1	0	1	0	0	0	0	1	0	0	1	10
2013/09/04-17:26:05	11	2,134.382	82.558	22	0	0	6	1	0	0	1	1	0	0	54
2013/09/04-17:27:17	11	2,134.382	82.558	5	0	0	0	0	0	1	1	0	0	1	7
2013/09/04-17:28:21	11	2,134.382	82.558	4	0	1	0	0	0	0	1	0	0	1	22
2013/09/04-17:29:40	11	2,134.382	82.558	9	0	0	0	0	0	1	1	0	0	1	18
2013/09/04-17:39:49	11	2,134.382	82.558	8	0	0	1	0	0	0	1	1	0	0	42
2013/09/04-17:40:50	11	2,134.382	82.558	9	0	0	0	1	0	0	1	1	0	0	30
2013/09/04-17:41:39	11	2,134.382	82.558	24	0	0	0	0	0	0	1	1	0	0	60
2013/09/04-17:42:58	9	2,160.577	73.861	9	0	0	0	0	0	0	1	1	0	0	24
2013/09/04-17:43:41	9	2,160.577	73.861	3	0	1	0	0	0	0	1	0	0	1	10
2013/09/04-17:57:57	9	2,160.577	73.861	12	0	0	1	1	0	0	1	1	0	0	35
2013/09/04-17:58:50	9	2,160.577	73.861	7	0	0	1	0	0	1	1	0	0	1	15
2013/09/04-18:00:09	9	2,160.577	73.861	1	0	1	0	0	0	0	1	0	0	1	7
2013/09/04-18:00:35	9	2,160.577	73.861	13	0	1	1	0	0	0	1	0	0	1	47
2013/09/04-18:01:41	9	2,160.577	73.861	7	0	1	0	0	0	0	1	0	0	1	12
2013/09/05-00:09:33	9	2,156.956	73.687	4	0	0	2	1	0	0	1	1	0	0	10
2013/09/05-00:10:02	9	2,156.956	73.687	1	0	1	0	0	0	0	1	0	0	1	5
2013/09/05-00:10:35	9	2,156.956	73.687	14	0	0	5	1	0	0	1	1	0	0	44
2013/09/05-00:11:37	9	2,156.956	73.687	18	0	0	4	0	0	0	1	1	0	0	60
2013/09/05-00:12:56	9	2,156.956	73.687	1	0	1	0	0	0	0	1	0	0	1	7
2013/09/05-00:29:13	9	2,156.956	73.687	18	0	1	3	0	0	0	1	0	0	1	54
2013/09/05-00:30:32	9	2,156.956	73.687	1	0	1	0	0	0	0	1	0	0	1	13
2013/09/05-00:31:51	9	2,156.956	73.687	5	0	0	0	1	0	0	1	1	0	0	22
2013/09/05-00:32:32	9	2,156.956	73.687	2	0	0	0	0	0	1	1	0	0	1	6
2013/09/05-00:33:01	9	2,156.956	73.687	11	0	1	0	1	0	0	1	0	0	1	38
2013/09/05-00:46:20	7	2,163.838	65.622	4	0	0	0	2	0	0	1	1	0	0	13
2013/09/05-00:46:52	7	2,163.838	65.622	2	0	0	0	0	0	1	1	0	0	1	3
2013/09/05-00:48:11	7	2,163.838	65.622	16	0	0	3	2	0	0	1	1	0	0	50
2013/09/05-00:49:20	7	2,163.838	65.622	15	0	0	2	0	0	1	1	0	0	1	33
2013/09/05-00:50:39	7	2,163.838	65.622	9	0	0	0	1	0	1	1	0	0	1	18
2013/09/05-04:02:51	6	2,162.166	67.002	1	0	0	0	1	0	0	1	1	0	0	3
2013/09/05-04:03:12	6	2,162.166	67.002	3	0	0	0	0	0	0	1	1	0	0	6
2013/09/05-04:03:37	6	2,162.166	67.002	1	0	0	0	2	0	0	1	1	0	0	3
2013/09/05-04:03:59	6	2,162.166	67.002	2	0	1	0	0	0	0	1	0	0	1	4
2013/09/05-04:04:24	6	2,162.166	67.002	0	0	0	0	0	0	0	1	1	0	0	6
2013/09/05-04:18:27	6	2,162.166	67.002	21	0	0	0	2	0	0	1	1	0	0	50
2013/09/05-04:19:35	6	2,162.166	67.002	16	0	0	0	1	0	0	1	1	0	0	54
2013/09/05-04:20:49	6	2,162.166	67.002	8	0	0	2	2	0	0	1	1	0	0	21
2013/09/05-04:21:28	6	2,162.166	67.002	9	0	0	1	1	0	0	1	1	0	0	42
2013/09/05-04:22:29	6	2,162.166	67.002	7	0	0	0	1	0	0	1	1	0	0	12
2013/09/05-04:33:36	8	2,149.505	66.568	12	0	1	0	2	0	0	1	1	0	0	20
2013/09/05-07:49:12	8	2,149.505	66.568	8	0	0	0	0	0	1	1	0	0	1	15
2013/09/05-07:49:47	8	2,149.505	66.568	23	0	0	2	2	0	0	1	1	0	0	56
2013/09/05-07:50:59	8	2,149.505	66.568	1	0	1	0	0	0	0	1	0	0	1	3
2013/09/05-07:51:21	8	2,149.505	66.568	22	0	0	3	2	0	0	1	1	0	0	60
2013/09/05-08:05:00	8	2,149.505	66.568	11	0	0	1	0	0	1	1	0	0	1	27
2013/09/05-08:06:18	8	2,149.505	66.568	21	0	0	2	0	0	0	1	0	0	1	60
2013/09/05-08:07:37	8	2,149.505	66.568	25	0	0	2	0	0	0	1	0	0	1	60
2013/09/05-08:08:56	8	2,149.505	66.568	26	0	0	5	1	0	0	1	1	0	0	60
2013/09/05-08:10:14	8	2,149.505	66.568	13	0	1	2	0	0	0	1	0	0	1	36
2013/09/05-08:16:54	9	2,127.373	61.23	18	0	0	5	1	0	0	1	1	0	0	60
2013/09/05-08:18:12	9	2,127.373	61.23	8	0	1	0	0	0	0	1	0	0	1	20
2013/09/05-08:18:59	9	2,127.373	61.23	20	0	0	2	1	0	0	1	1	0	0	60
2013/09/05-08:20:18	9	2,127.373	61.23	19	0	0	4	2	0	0	1	1	0	0	48
2013/09/05-08:21:25	9	2,127.373	61.23	17	0	1	6	1	0	0	1	0	0	1	50
2013/09/05-10:44:38	9	2,127.373	61.23	5	0	1	0	0	0	0	1	0	0	1	13
2013/09/05-10:45:43	9	2,127.373	61.23	19	0	0	0	1	0	0	1	1	0	0	54
2013/09/05-10:46:55	9	2,127.373	61.23	22	0	0	3	0	0	0	1	1	0	0	60
2013/09/05-10:48:14	9	2,127.373	61.23	17	0	0	3	0	0	0	1	0	0	1	60
2013/09/05-10:49:33	9	2,127.373	61.23	9	0	0	2	0	0	0	1	1	0	0	18
2013/09/06-23:55:17	4	2,173.166	65.311	9	0	1	3	0	0	0	1	0	0	1	26
2013/09/06-23:56:37	4	2,173.166	65.311	25	0	0	1	1	0	0	1	1	0	0	60
2013/09/06-23:57:56	4	2,173.166	65.311	27	0	0	2	0	0	1	1	0	0	1	58
2013/09/06-23:59:13	4	2,173.166	65.311	17	0	0	1	0	0	0	1	0	0	1	60
2013/09/07-00:00:32	4	2,173.166	65.311	11	0	1	0	0	0	0	1	0	0	1	33
2013/09/07-00:01:57	4	2,173.166	65.311	18	0	0	4	1	0	0	1	0	0	1	60
2013/09/07-00:03:16	4	2,173.166	65.311	18	0	0	4	1	0	0	1	1	0	0	53
2013/09/07-00:04:28	4	2,173.166	65.311	9	0	0	2	0	0	0	1	1	0	0	28
2013/09/07-00:05:15	4	2,173.166	65.311	23	0	0	2	0	0	0	1	0	0	1	60
2013/09/07-00:06:34	4	2,173.166	65.311	19	0	0	4	2	0	0	1	1	0	0	48
2013/09/07-00:29:59	5	2,180.621	59.144	17	0	0	3	1	0	0	1	1	0	0	48
2013/09/07-00:31:05	5	2,180.621	59.144	12	0	0	2	0	0	1	1	0	0	1	32
2013/09/07-00:32:07	5	2,180.621	59.144	8	0	1	3	0	0	0	1	0	0	1	22
2013/09/07-00:32:59	5	2,180.621	59.144	6	0	1	2	0	0	0	1	0	0	1	19
2013/09/07-00:33:41	5	2,180.621	59.144	9	0	1	2	0	0	0	1	0	0	1	35
2013/09/08-17:58:00	5	2,174.161	62.065	20	0	0	6	0	0	0	1	1	0	0	49
2013/09/08-17:59:09	5	2,174.161	62.065	7	0	1	0	0	0	0	1	0	0	1	16
2013/09/08-17:59:58	5	2,174.161	62.065	14	0	0	1	0	0	0	1	0	0	1	60
2013/09/08-18:01:16	5	2,174.161	62.065	16	0	0	3	0	0	0	1	0	0	1	60
2013/09/08-18:02:35	5	2,174.161	62.065	13	0	1	2	0	0	0	1	0	0	1	45
2013/09/08-19:12:35	5	2,174.161	62.065	26	0	0	2	1	0	0	1	1	0	0	60
2013/09/08-19:13:55	5	2,174.161	62.065	6	0	0	1	0	0	1	1	0	0	1	12
2013/09/08-19:27:17	5	2,174.161	62.065	11	0	0	1	0	0	1	1	0	0	1	29
2013/09/08-19:28:17	5	2,174.161	62.065	10	0	0	1	1	0	1	1	0	0	1	29
2013/09/08-19:29:36	5	2,175.445	56.999	6	0	1	1	0	0	0	1	0	0	1	14
2013/09/08-20:12:55	5	2,175.445	56.999	11	0	0	2	0	0	1	1	0	0	1	27
2013/09/08-20:14:14	5	2,175.445	56.999	15	0	0	0	0	0	0	1	1	0	0	47
2013/09/08-20:15:19	5	2,175.445	56.999	9	0	1	0	0	0	0	1	0	0	1	19
2013/09/08-20:16:38	5	2,175.445	56.999	22	0	0	2	0	0	0	1	1	0	0	60
2013/09/08-20:17:57	5	2,175.445	56.999	21	0	0	3	1	0	0	1	1	0	0	60
2013/09/10-00:43:58	3	2,186.047	61.728	14	0	1	5	0	0	0	1	0	0	1	34
2013/09/10-00:45:12	3	2,186.047	61.728	12	0	1	0	0	0	0	1	0	0	1	43
2013/09/10-00:46:31	3	2,186.047	61.728	14	0	0	1	1	0	0	1	1	0	0	35
2013/09/10-00:47:25	3	2,186.047	61.728	7	0	1	0	0	0	0	1	0	0	1	16
2013/09/10-00:48:28	3	2,186.047	61.728	4	0	0	2	1	0	1	1	0	0	1	17
2013/09/10-00:49:54	3	2,186.047	61.728	11	0	0	4	1	0	1	1	0	0	1	48
2013/09/10-00:51:01	3	2,186.047	61.728	15	0	0	0	1	0	0	1	1	0	0	60
2013/09/10-00:52:19	3	2,186.047	61.728	25	0	0	5	0	0	0	1	0	0	1	60
2013/09/10-00:53:38	3	2,186.047	61.728	22	0	0	1	0	0	0	1	0	0	1	60
2013/09/10-00:54:57	3	2,186.047	61.728	21	0	0	3	0	0	1	1	0	0	1	60
2013/09/10-01:19:21	3	2,186.047	61.728	16	0	1	0	0	0	0	1	0	0	1	45
2013/09/10-01:20:25	3	2,186.047	61.728	12	0	0	1	0	0	1	1	0	0	1	26
2013/09/10-01:21:10	3	2,186.047	61.728	18	0	0	2	1	0	0	1	1	0	0	60
2013/09/10-01:22:29	4	2,173.231	55.334	23	0	0	1	0	0	0	1	0	0	1	60
2013/09/10-01:23:48	4	2,173.231	55.334	22	0	0	1	0	0	0	1	0	0	1	60
2013/09/11-01:05:03	4	2,170.288	61.208	14	0	0	2	1	0	1	1	0	0	1	32
2013/09/11-01:06:08	4	2,170.288	61.208	21	0	0	1	1	0	0	1	1	0	0	60
2013/09/11-01:07:27	4	2,170.288	61.208	24	0	0	3	1	0	0	1	1	0	0	60
2013/09/11-01:08:46	4	2,170.288	61.208	1	0	1	0	0	0	0	1	0	0	1	7
2013/09/11-01:09:58	4	2,170.288	61.208	10	0	0	0	1	0	1	1	0	0	1	26
2013/09/11-01:28:00	4	2,169.613	58.082	8	0	0	2	0	0	1	1	0	0	1	29
2013/09/11-01:28:48	4	2,169.613	58.082	4	0	0	0	0	0	1	1	0	0	1	12
2013/09/11-01:29:31	4	2,169.613	58.082	17	0	0	2	1	0	0	1	1	0	0	60
2013/09/11-01:30:50	4	2,169.613	58.082	9	0	0	2	0	0	1	1	0	0	1	22
2013/09/11-01:31:38	4	2,169.613	58.082	16	0	0	2	0	0	0	1	0	0	1	60
2013/09/11-01:49:12	4	2,169.613	58.082	9	0	1	2	0	0	0	1	0	0	1	30
2013/09/11-01:50:31	4	2,169.613	58.082	13	0	1	2	0	0	0	1	0	0	1	47
2013/09/11-01:51:37	4	2,169.613	58.082	19	0	0	1	0	0	0	1	0	0	1	60
2013/09/11-01:52:56	4	2,169.613	58.082	21	0	0	2	0	0	0	1	1	0	0	46
2013/09/11-01:54:00	4	2,169.613	58.082	15	0	0	5	0	0	1	1	0	0	1	49
2013/09/11-17:13:59	3	2,184.158	61.348	7	0	0	2	0	0	1	1	0	0	1	23
2013/09/11-17:15:16	3	2,184.158	61.348	17	0	0	3	0	0	0	1	1	0	0	60
2013/09/11-17:16:35	3	2,184.158	61.348	4	0	0	0	0	0	1	1	0	0	1	11
2013/09/11-17:17:54	3	2,184.158	61.348	9	0	0	1	0	0	0	1	1	0	0	34
2013/09/11-17:18:47	3	2,184.158	61.348	11	0	0	2	0	0	1	1	0	0	1	27
2013/09/11-17:41:01	3	2,184.158	61.348	23	0	0	2	0	0	0	1	0	0	1	60
2013/09/11-17:42:20	3	2,184.158	61.348	24	0	0	5	0	0	0	1	1	0	0	60
2013/09/11-17:43:39	3	2,184.158	61.348	18	0	0	2	0	0	0	1	0	0	1	60
2013/09/11-17:44:58	3	2,184.158	61.348	24	0	0	4	2	0	0	1	1	0	0	60
2013/09/11-17:46:17	3	2,184.158	61.348	23	0	0	5	0	0	0	1	1	0	0	60
2013/09/11-18:04:35	3	2,192.7	56.226	6	0	1	1	0	0	0	1	0	0	1	15
2013/09/11-18:05:53	3	2,192.7	56.226	19	0	0	2	0	0	0	1	1	0	0	60
2013/09/11-18:07:12	3	2,192.7	56.226	17	0	0	0	1	0	0	1	1	0	0	60
2013/09/11-18:08:31	3	2,192.7	56.226	15	0	1	2	0	0	0	1	0	0	1	44
2013/09/11-18:09:50	3	2,192.7	56.226	20	0	0	4	0	0	0	1	0	0	1	60
2013/09/12-11:59:41	3	2,209.74	60.73	19	0	0	4	1	0	0	1	1	0	0	60
2013/09/12-12:01:00	3	2,209.74	60.73	27	0	0	4	0	0	0	1	0	0	1	60
2013/09/12-12:02:19	3	2,209.74	60.73	13	0	1	4	0	0	0	1	0	0	1	38
2013/09/12-12:03:37	3	2,209.74	60.73	19	0	0	1	0	0	0	1	0	0	1	60
2013/09/12-12:04:55	3	2,209.74	60.73	15	0	0	2	1	0	0	1	1	0	0	60
2013/09/12-12:28:53	3	2,206.622	58.013	8	0	0	0	0	0	1	1	0	0	1	19
2013/09/12-12:30:12	3	2,206.622	58.013	7	0	0	0	0	0	0	1	1	0	0	26
2013/09/12-12:30:56	3	2,206.622	58.013	9	0	0	1	0	0	1	1	0	0	1	31
2013/09/12-12:32:15	3	2,206.622	58.013	19	0	0	5	0	0	0	1	1	0	0	60
2013/09/12-12:33:34	3	2,206.622	58.013	12	0	1	1	1	0	0	1	0	0	1	45
2013/09/12-12:52:28	3	2,225.394	55.444	12	0	0	0	0	0	0	1	1	0	0	39
2013/09/12-12:53:26	3	2,225.394	55.444	17	0	1	3	0	0	0	1	0	0	1	59
2013/09/12-12:54:45	3	2,225.394	55.444	14	0	0	1	0	0	0	1	0	0	1	60
2013/09/12-12:56:04	3	2,225.394	55.444	19	0	0	0	0	0	0	1	0	0	1	60
2013/09/12-12:57:23	3	2,225.394	55.444	15	0	0	1	0	0	0	1	0	0	1	60
2013/09/12-21:24:15	3	2,225.394	55.444	17	0	0	3	1	0	0	1	1	0	0	45
2013/09/12-21:25:22	3	2,225.394	55.444	21	0	0	1	2	0	0	1	1	0	0	58
2013/09/12-21:26:38	3	2,225.394	55.444	18	0	0	8	1	0	0	1	1	0	0	60
2013/09/12-21:27:57	3	2,225.394	55.444	8	0	0	2	0	0	0	1	1	0	0	15
2013/09/12-21:28:31	3	2,225.394	55.444	21	0	0	2	1	0	0	1	1	0	0	60
2013/09/12-22:35:50	3	2,229.164	52.981	13	0	0	3	0	0	0	1	1	0	0	50
2013/09/12-22:38:05	3	2,229.164	52.981	13	0	1	4	0	0	0	1	0	0	1	49
2013/09/12-22:39:13	3	2,229.164	52.981	24	0	0	3	0	0	0	1	1	0	0	60
2013/09/12-22:40:32	3	2,229.164	52.981	20	0	0	2	1	0	1	1	0	0	1	53
2013/09/12-22:41:50	3	2,229.164	52.981	26	0	0	3	1	0	0	1	1	0	0	60
2013/09/12-23:59:01	3	2,229.164	52.981	17	0	0	4	0	0	0	1	0	0	1	60
2013/09/13-08:42:51	3	2,229.164	52.981	10	0	1	2	0	0	0	1	0	0	1	32
2013/09/13-08:43:53	3	2,229.164	52.981	26	0	0	2	0	0	0	1	0	0	1	60
2013/09/13-08:45:12	3	2,229.164	52.981	12	0	0	2	0	0	1	1	0	0	1	34
2013/09/13-08:46:31	3	2,207.71	51.143	24	0	0	2	1	0	0	1	1	0	0	49
2013/09/13-08:48:02	3	2,207.71	51.143	23	0	0	2	1	0	0	1	1	0	0	60
2013/09/13-08:49:21	3	2,207.71	51.143	18	0	0	4	0	0	0	1	0	0	1	60
2013/09/13-08:50:40	3	2,207.71	51.143	14	0	0	2	0	0	1	1	0	0	1	35
2013/09/13-08:51:58	3	2,207.71	51.143	3	0	0	1	0	0	0	1	1	0	0	11
2013/09/13-08:52:28	3	2,207.71	51.143	9	0	1	0	0	0	0	1	0	0	1	25
2013/09/13-09:25:18	3	2,207.71	51.143	26	0	0	1	0	0	0	1	0	0	1	60
2013/09/13-09:26:36	3	2,207.71	51.143	25	0	0	3	1	0	0	1	1	0	0	60
2013/09/13-09:27:55	3	2,207.71	51.143	26	0	0	2	0	0	0	1	0	0	1	60
2013/09/13-09:34:59	3	2,207.71	51.143	19	0	0	4	0	0	0	1	1	0	0	60
2013/09/13-09:36:19	3	2,207.71	51.143	26	0	0	1	0	0	0	1	0	0	1	60
2013/09/13-10:01:08	3	2,173.659	49.664	11	0	1	1	0	0	0	1	0	0	1	31
2013/09/13-10:01:58	3	2,173.659	49.664	7	0	1	1	0	0	0	1	0	0	1	17
2013/09/13-10:03:16	3	2,173.659	49.664	25	0	0	4	0	0	0	1	0	0	1	60
2013/09/13-10:04:35	3	2,173.659	49.664	14	0	1	2	0	0	0	1	0	0	1	49
2013/09/13-10:05:43	3	2,173.659	49.664	8	0	1	1	0	0	0	1	0	0	1	18
2013/09/13-10:06:41	3	2,173.659	49.664	13	0	0	2	1	0	0	1	1	0	0	32
2013/09/13-10:07:31	3	2,173.659	49.664	11	0	0	2	0	0	1	1	0	0	1	28
2013/09/13-10:08:25	3	2,173.659	49.664	11	0	0	1	0	0	0	1	0	0	1	60
2013/09/13-10:09:43	3	2,173.659	49.664	5	0	1	2	0	0	0	1	0	0	1	15
2013/09/13-10:10:42	3	2,173.659	49.664	12	0	0	3	1	0	0	1	1	0	0	29
2013/09/13-10:43:36	4	2,127.113	48.682	10	0	1	0	0	0	0	1	0	0	1	25
2013/09/13-10:44:55	4	2,127.113	48.682	13	0	1	4	0	0	0	1	0	0	1	29
2013/09/13-10:46:14	4	2,127.113	48.682	23	0	0	2	1	0	1	1	0	0	1	57
2013/09/13-10:47:32	4	2,127.113	48.682	7	0	0	2	0	0	1	1	0	0	1	24
2013/09/13-10:48:51	4	2,127.113	48.682	7	0	0	4	0	0	1	1	0	0	1	22
2013/09/13-10:59:00	7	2,086.132	47.954	25	0	0	2	1	0	0	1	1	0	0	60
2013/09/13-11:00:19	7	2,086.132	47.954	16	0	0	1	1	0	0	1	1	0	0	60
2013/09/13-11:01:37	7	2,086.132	47.954	28	0	0	3	0	0	0	1	1	0	0	60
2013/09/13-11:02:56	7	2,086.132	47.954	27	0	0	2	0	0	0	1	1	0	0	60
2013/09/13-11:04:14	7	2,086.132	47.954	23	0	0	8	0	0	0	1	1	0	0	60
2013/09/13-11:11:44	7	2,086.132	47.954	12	0	0	2	2	0	0	1	1	0	0	40
2013/09/13-11:12:43	7	2,086.132	47.954	21	0	0	2	1	0	0	1	1	0	0	51
2013/09/13-11:13:53	7	2,086.132	47.954	9	0	0	3	0	0	0	1	1	0	0	44
2013/09/13-11:14:55	7	2,086.132	47.954	20	0	0	1	1	0	0	1	1	0	0	60
2013/09/13-11:16:14	7	2,086.132	47.954	14	0	0	4	0	0	0	1	1	0	0	37
2013/09/13-11:39:49	6	2,102.522	46.797	22	0	0	5	0	0	0	1	1	0	0	60
2013/09/13-11:41:08	6	2,102.522	46.797	20	0	0	3	2	0	0	1	1	0	0	57
2013/09/13-11:42:23	6	2,102.522	46.797	9	0	1	0	0	0	0	1	0	0	1	28
2013/09/13-11:43:42	6	2,102.522	46.797	28	0	0	2	0	0	0	1	0	0	1	60
2013/09/13-11:45:01	6	2,102.522	46.797	18	0	1	2	0	0	0	1	0	0	1	41
2013/09/13-12:08:18	6	2,102.522	46.797	4	0	1	1	0	0	0	1	0	0	1	11
2013/09/13-12:09:37	6	2,102.522	46.797	5	0	0	0	0	0	0	1	1	0	0	16
2013/09/13-12:10:12	6	2,102.522	46.797	13	0	0	1	0	0	1	1	0	0	1	37
2013/09/13-12:11:31	6	2,102.522	46.797	21	0	0	3	1	0	0	1	1	0	0	60
2013/09/13-12:12:50	10	2,073.348	45.519	7	0	1	0	0	0	0	1	0	0	1	18
2013/09/13-12:14:29	10	2,073.348	45.519	19	0	0	0	0	0	0	1	1	0	0	56
2013/09/13-12:15:44	10	2,073.348	45.519	19	0	0	3	0	0	0	1	0	0	1	60
2013/09/13-12:17:03	10	2,073.348	45.519	19	0	0	3	0	0	0	1	0	0	1	60
2013/09/13-12:18:21	10	2,073.348	45.519	15	0	0	0	0	0	0	1	1	0	0	39
2013/09/13-12:19:19	10	2,073.348	45.519	22	0	0	2	1	0	0	1	1	0	0	49
2013/09/13-14:33:03	10	2,073.348	45.519	17	0	0	1	1	0	0	1	1	0	0	47
2013/09/13-14:34:10	10	2,073.348	45.519	14	0	0	1	0	0	1	1	0	0	1	39
2013/09/13-14:35:59	10	2,073.348	45.519	17	0	0	1	0	0	1	1	0	0	1	45
2013/09/13-14:37:18	10	2,073.348	45.519	22	0	0	1	0	0	0	1	0	0	1	60
2013/09/13-14:38:37	10	2,073.348	45.519	19	0	0	2	0	0	0	1	0	0	1	60
2013/09/13-14:54:26	12	2,044.388	44.369	27	0	0	2	0	0	0	1	1	0	0	60
2013/09/13-14:55:45	12	2,044.388	44.369	21	0	0	6	1	0	0	1	1	0	0	60
2013/09/13-14:57:04	12	2,044.388	44.369	12	0	0	1	0	0	1	1	0	0	1	27
2013/09/13-14:58:23	12	2,044.388	44.369	16	0	0	0	1	0	1	1	0	0	1	33
2013/09/13-14:59:42	12	2,044.388	44.369	11	0	0	2	0	0	1	1	0	0	1	28
2013/09/13-15:07:32	12	2,044.388	44.369	18	0	0	3	2	0	0	1	1	0	0	43
2013/09/13-15:08:34	12	2,044.388	44.369	10	0	0	0	0	0	0	1	0	0	1	60
2013/09/13-15:09:53	12	2,044.388	44.369	24	0	0	1	1	0	0	1	1	0	0	50
2013/09/13-15:11:02	12	2,044.388	44.369	4	0	0	0	0	0	1	1	0	0	1	9
2013/09/13-15:11:45	12	2,044.388	44.369	11	0	0	1	1	0	0	1	1	0	0	28
2013/09/13-15:39:52	13	2,020.007	43.595	29	0	0	5	0	0	0	1	1	0	0	60
2013/09/13-15:41:10	13	2,020.007	43.595	10	0	0	0	0	0	1	1	0	0	1	24
2013/09/13-15:42:19	13	2,020.007	43.595	7	0	1	1	0	0	0	1	0	0	1	18
2013/09/13-15:43:27	13	2,020.007	43.595	22	0	0	4	0	0	0	1	1	0	0	60
2013/09/13-15:44:45	13	2,020.007	43.595	22	0	0	1	0	0	0	1	0	0	1	60
2013/09/13-16:07:48	13	2,020.865	42.939	23	0	0	5	0	0	0	1	1	0	0	60
2013/09/13-16:09:07	13	2,020.865	42.939	10	0	1	3	0	0	0	1	0	0	1	28
2013/09/13-16:09:55	13	2,020.865	42.939	21	0	0	1	0	0	0	1	1	0	0	50
2013/09/13-16:11:04	13	2,020.865	42.939	6	0	0	1	0	0	1	1	0	0	1	23
2013/09/13-16:11:53	13	2,020.865	42.939	11	0	0	3	0	0	1	1	0	0	1	22
2013/09/13-16:19:08	13	2,020.865	42.939	20	0	0	3	0	0	0	1	1	0	0	52
2013/09/13-16:20:19	13	2,020.865	42.939	26	0	0	1	0	0	0	1	0	0	1	60
2013/09/13-16:21:38	13	2,020.865	42.939	16	0	0	2	1	0	0	1	1	0	0	37
2013/09/13-16:22:34	13	2,020.865	42.939	19	0	0	2	1	0	0	1	1	0	0	46
2013/09/13-16:23:39	13	2,020.865	42.939	21	0	0	2	0	0	1	1	0	0	1	55
2013/09/13-16:52:20	13	2,014.183	41.765	11	0	1	0	0	0	0	1	0	0	1	26
2013/09/13-16:53:07	13	2,014.183	41.765	23	0	0	1	1	0	0	1	1	0	0	60
2013/09/13-16:54:26	13	2,014.183	41.765	17	0	1	4	0	0	0	1	0	0	1	47
2013/09/13-16:55:44	13	2,014.183	41.765	23	0	0	2	1	0	0	1	1	0	0	60
2013/09/13-16:57:03	13	2,014.183	41.765	24	0	0	2	1	0	0	1	1	0	0	60
2013/09/13-17:14:43	13	2,014.183	41.765	17	0	1	1	1	0	0	1	0	0	1	46
2013/09/13-17:16:02	13	2,014.183	41.765	6	0	1	1	0	0	0	1	0	0	1	14
2013/09/13-17:16:50	13	2,014.183	41.765	7	0	1	1	0	0	0	1	0	0	1	21
2013/09/13-17:18:09	13	2,014.183	41.765	24	0	0	4	1	0	0	1	1	0	0	60
2013/09/13-17:19:28	13	2,012.432	40.582	1	0	1	0	0	0	0	1	0	0	1	10
2013/09/13-17:21:07	13	2,012.432	40.582	19	0	0	3	1	0	0	1	1	0	0	60
2013/09/13-17:22:26	13	2,012.432	40.582	11	0	0	2	1	0	0	1	1	0	0	32
2013/09/13-17:23:17	13	2,012.432	40.582	14	0	0	2	1	0	0	1	1	0	0	34
2013/09/13-17:24:10	13	2,012.432	40.582	23	0	0	2	1	0	0	1	1	0	0	60
2013/09/13-17:25:29	13	2,012.432	40.582	8	0	0	2	0	0	0	1	1	0	0	25
2013/09/13-18:18:22	13	2,012.432	40.582	2	0	1	0	0	0	0	1	0	0	1	7
2013/09/13-18:19:40	13	2,012.432	40.582	7	0	1	0	0	0	0	1	0	0	1	20
2013/09/13-18:20:19	13	2,012.432	40.582	19	0	0	1	1	0	0	1	0	0	1	60
2013/09/13-18:21:38	13	2,012.432	40.582	22	0	0	3	0	0	0	1	0	0	1	60
2013/09/13-18:22:57	13	2,012.432	40.582	21	0	0	4	0	0	1	1	0	0	1	55
2013/09/13-18:39:10	13	2,003.737	39.581	21	0	0	1	0	0	0	1	0	0	1	60
2013/09/13-18:40:29	13	2,003.737	39.581	21	0	0	5	1	0	0	1	1	0	0	60
2013/09/13-18:41:47	13	2,003.737	39.581	18	0	0	4	1	0	0	1	1	0	0	60
2013/09/13-18:43:07	13	2,003.737	39.581	17	0	0	6	0	0	0	1	1	0	0	60
2013/09/13-18:44:26	13	2,003.737	39.581	18	0	0	6	1	0	0	1	1	0	0	60
2013/09/15-17:17:04	3	2,008.708	112.603	22	0	0	2	0	0	0	1	0	0	1	60
2013/09/15-17:18:24	3	2,008.708	112.603	12	0	1	3	0	0	0	1	0	0	1	31
2013/09/15-17:19:42	3	2,008.708	112.603	3	0	1	0	0	0	0	1	0	0	1	8
2013/09/15-17:21:01	3	2,008.708	112.603	19	0	0	2	2	0	0	1	1	0	0	42
2013/09/15-17:22:02	3	2,008.708	112.603	18	0	0	1	0	0	1	1	0	0	1	55
2013/09/15-17:30:08	3	2,008.708	112.603	3	0	0	0	0	0	1	1	0	0	1	11
2013/09/15-17:31:00	3	2,008.708	112.603	11	0	1	1	0	0	0	1	0	0	1	25
2013/09/15-17:32:19	3	2,008.708	112.603	13	0	0	4	2	0	0	1	1	0	0	41
2013/09/15-17:33:20	3	2,008.708	112.603	11	0	1	1	0	0	0	1	0	0	1	24
2013/09/15-17:34:38	3	2,008.708	112.603	9	0	1	2	0	0	0	1	0	0	1	31
2013/09/15-17:55:33	17	1,859.528	94.597	17	0	1	2	1	0	0	1	0	0	1	43
2013/09/15-17:56:35	17	1,859.528	94.597	20	0	0	1	0	0	0	1	0	0	1	60
2013/09/15-17:57:54	17	1,859.528	94.597	12	0	0	1	0	0	1	1	0	0	1	29
2013/09/15-17:59:13	17	1,859.528	94.597	11	0	0	0	0	0	1	1	0	0	1	30
2013/09/15-18:00:15	17	1,859.528	94.597	21	0	0	3	1	0	0	1	1	0	0	60
2013/09/15-18:21:25	17	1,859.528	94.597	25	0	0	2	1	0	0	1	1	0	0	60
2013/09/15-18:22:44	17	1,859.528	94.597	17	0	0	2	0	0	0	1	1	0	0	45
2013/09/15-18:23:48	17	1,859.528	94.597	18	0	0	2	0	0	0	1	0	0	1	60
2013/09/15-18:25:07	17	1,859.528	94.597	19	0	0	2	1	0	0	1	1	0	0	60
2013/09/15-18:26:25	17	1,859.528	94.597	12	0	0	3	2	0	0	1	1	0	0	37
2013/09/15-18:55:09	9	1,924.427	81.236	8	0	1	0	0	0	0	1	0	0	1	22
2013/09/15-18:55:50	9	1,924.427	81.236	17	0	0	2	0	0	0	1	1	0	0	60
2013/09/15-18:57:09	9	1,924.427	81.236	6	0	1	1	0	0	0	1	0	0	1	17
2013/09/15-18:58:10	9	1,924.427	81.236	9	0	1	3	0	0	0	1	0	0	1	32
2013/09/15-18:59:29	9	1,924.427	81.236	15	0	0	2	0	0	0	1	1	0	0	60
2013/09/15-19:25:06	9	1,906.995	76.223	5	0	1	0	0	0	0	1	0	0	1	16
2013/09/15-19:26:13	9	1,906.995	76.223	18	0	0	3	0	0	0	1	0	0	1	60
2013/09/15-19:27:32	9	1,906.995	76.223	7	0	0	1	0	0	0	1	1	0	0	25
2013/09/15-19:28:16	9	1,906.995	76.223	18	0	0	2	0	0	0	1	1	0	0	45
2013/09/15-19:29:20	9	1,906.995	76.223	11	0	0	0	1	0	1	1	0	0	1	22
2013/09/15-23:15:54	9	1,915.289	77.773	16	0	0	1	0	0	0	1	1	0	0	52
2013/09/15-23:17:05	9	1,915.289	77.773	23	0	0	1	0	0	0	1	0	0	1	60
2013/09/15-23:18:23	9	1,915.289	77.773	1	0	1	0	0	0	0	1	0	0	1	10
2013/09/15-23:19:42	9	1,915.289	77.773	9	0	0	0	1	0	1	1	0	0	1	29
2013/09/15-23:20:38	9	1,915.289	77.773	14	0	0	8	1	0	0	1	1	0	0	60
2013/09/15-23:53:35	8	1,945.607	72.383	4	0	0	1	0	0	1	1	0	0	1	16
2013/09/15-23:54:54	8	1,945.607	72.383	16	0	0	5	0	0	0	1	1	0	0	58
2013/09/15-23:56:11	8	1,945.607	72.383	16	0	0	2	0	0	0	1	1	0	0	60
2013/09/15-23:57:30	8	1,945.607	72.383	15	0	0	3	1	0	0	1	1	0	0	60
2013/09/15-23:58:48	8	1,945.607	72.383	22	0	0	4	0	0	1	1	0	0	1	50
2013/09/16-00:24:39	6	1,982.826	67.867	15	0	1	4	1	0	0	1	0	0	1	46
2013/09/16-00:25:45	6	1,982.826	67.867	4	0	1	1	0	0	0	1	0	0	1	10
2013/09/16-00:27:04	6	1,982.826	67.867	20	0	0	2	0	0	1	1	0	0	1	50
2013/09/16-00:28:22	6	1,982.826	67.867	19	0	0	5	0	0	0	1	1	0	0	60
2013/09/16-00:29:41	6	1,982.826	67.867	26	0	0	1	0	0	0	1	0	0	1	60
2013/09/16-23:38:50	6	1,973.729	72.97	1	0	1	0	0	0	0	1	0	0	1	3
2013/09/16-23:39:41	6	1,973.729	72.97	23	0	0	3	0	0	0	1	1	0	0	60
2013/09/16-23:40:59	6	1,973.729	72.97	4	0	0	0	2	0	0	1	1	0	0	14
2013/09/16-23:41:32	6	1,973.729	72.97	1	0	1	0	0	0	0	1	0	0	1	3
2013/09/16-23:41:54	6	1,973.729	72.97	14	0	0	1	0	0	0	1	0	0	1	60
2013/09/17-00:15:00	5	1,978.227	68.16	3	0	0	0	1	0	1	1	0	0	1	13
2013/09/17-00:15:32	5	1,978.227	68.16	9	0	0	2	1	0	0	1	1	0	0	21
2013/09/17-00:16:12	5	1,978.227	68.16	1	0	1	0	0	0	0	1	0	0	1	7
2013/09/17-00:17:26	5	1,978.227	68.16	3	0	1	0	0	0	0	1	0	0	1	4
2013/09/17-00:17:51	5	1,978.227	68.16	5	0	1	0	0	0	0	1	0	0	1	17
2013/09/17-00:30:24	5	1,978.227	68.16	3	0	1	0	0	0	0	1	0	0	1	11
2013/09/17-00:31:15	5	1,978.227	68.16	1	0	1	0	0	0	0	1	0	0	1	6
2013/09/17-00:31:44	5	1,978.227	68.16	10	0	1	5	0	0	0	1	0	0	1	34
2013/09/17-00:32:37	5	1,978.227	68.16	8	0	0	2	0	0	1	1	0	0	1	22
2013/09/17-00:33:36	5	1,978.227	68.16	19	0	0	0	0	0	1	1	0	0	1	53
2013/09/17-20:41:28	6	1,965.786	67.796	1	0	1	0	0	0	0	1	0	0	1	0
2013/09/17-20:43:38	8	1,948.267	67.814	9	0	0	0	1	0	0	1	1	0	0	15
2013/09/17-20:44:12	8	1,948.267	67.814	1	0	1	0	0	0	0	1	0	0	1	16
2013/09/17-20:44:47	8	1,948.267	67.814	13	0	0	0	2	0	0	1	1	0	0	22
2013/09/17-20:45:28	8	1,948.267	67.814	24	0	0	13	0	0	0	1	0	0	1	60
2013/09/17-20:59:21	8	1,948.267	67.814	20	0	0	13	1	0	0	1	1	0	0	49
2013/09/17-21:00:29	8	1,948.267	67.814	1	0	1	0	0	0	0	1	0	0	1	7
2013/09/17-21:01:06	8	1,948.267	67.814	1	0	0	0	0	0	1	1	0	0	1	3
2013/09/17-21:02:25	8	1,948.267	67.814	3	0	1	0	0	0	0	1	0	0	1	14
2013/09/17-21:03:02	8	1,948.267	67.814	22	0	0	0	0	0	0	1	1	0	0	53
2013/09/17-21:18:03	8	1,948.267	67.814	14	0	0	1	1	0	0	1	1	0	0	58
2013/09/17-21:19:21	7	1,963.009	62.257	12	0	0	2	1	0	0	1	1	0	0	31
2013/09/17-21:20:11	7	1,963.009	62.257	30	0	0	0	0	0	0	1	0	0	1	60
2013/09/17-21:21:30	7	1,963.009	62.257	2	0	1	0	0	0	0	1	0	0	1	17
2013/09/17-21:22:43	7	1,963.009	62.257	15	0	0	4	0	0	1	1	0	0	1	47
2013/09/17-21:41:02	7	1,963.009	62.257	8	0	1	0	0	0	0	1	0	0	1	20
2013/09/17-21:42:21	7	1,963.009	62.257	15	0	0	0	1	0	0	1	1	0	0	23
2013/09/17-21:43:03	7	1,963.009	62.257	5	0	1	0	1	0	0	1	0	0	1	33
2013/09/17-21:43:55	7	1,963.009	62.257	2	0	0	0	0	0	0	1	1	0	0	7
2013/09/17-21:44:21	7	1,963.009	62.257	19	0	0	1	1	0	0	1	1	0	0	60
2013/09/17-22:02:30	3	1,988.944	57.128	9	0	0	0	0	0	1	1	0	0	1	19
2013/09/17-22:03:32	3	1,988.944	57.128	9	0	0	0	0	0	1	1	0	0	1	28
2013/09/17-22:04:19	3	1,988.944	57.128	6	0	1	1	0	0	0	1	0	0	1	27
2013/09/17-22:05:19	3	1,988.944	57.128	8	0	1	0	1	0	0	1	0	0	1	32
2013/09/17-22:06:10	3	1,988.944	57.128	1	0	1	0	1	0	0	1	0	0	1	4
2013/09/17-22:18:03	3	1,988.944	57.128	8	0	0	0	0	0	0	1	1	0	0	14
2013/09/17-22:18:36	3	1,988.944	57.128	15	0	0	0	0	0	1	1	0	0	1	39
2013/09/17-22:19:34	3	1,988.944	57.128	18	0	0	0	0	0	0	1	1	0	0	60
2013/09/17-22:20:53	3	1,988.944	57.128	10	0	0	0	0	0	1	1	0	0	1	35
2013/09/17-22:22:12	3	1,988.944	57.128	10	0	0	1	1	0	0	1	1	0	0	60
2013/09/18-12:17:22	3	1,992.589	66.573	13	0	0	0	0	0	0	1	1	0	0	47
2013/09/18-12:18:29	3	1,992.589	66.573	13	0	0	1	0	0	0	1	1	0	0	55
2013/09/18-12:19:42	3	1,992.589	66.573	5	0	1	0	0	0	0	1	0	0	1	21
2013/09/18-12:21:01	3	1,992.589	66.573	1	0	1	0	0	0	0	1	0	0	1	5
2013/09/18-12:22:20	3	1,992.589	66.573	21	0	0	3	0	0	0	1	1	0	0	60
2013/09/18-12:38:16	3	1,992.589	66.573	13	0	0	0	0	0	0	1	1	0	0	60
2013/09/18-12:39:35	3	1,992.589	66.573	4	0	1	0	0	0	0	1	0	0	1	9
2013/09/18-12:40:14	3	1,992.589	66.573	3	0	0	0	0	0	1	1	0	0	1	16
2013/09/18-12:41:19	3	1,992.589	66.573	18	0	0	3	0	0	0	1	1	0	0	60
2013/09/18-12:42:38	3	1,992.589	66.573	5	0	0	0	0	0	1	1	0	0	1	12
2013/09/18-12:58:48	4	1,989.289	60.209	17	0	0	1	0	0	0	1	1	0	0	60
2013/09/18-13:00:07	4	1,989.289	60.209	0	0	1	0	0	0	0	1	0	0	1	3
2013/09/18-13:00:31	4	1,989.289	60.209	18	0	0	5	0	0	1	1	0	0	1	46
2013/09/18-13:01:35	4	1,989.289	60.209	10	0	0	0	0	0	0	1	1	0	0	24
2013/09/18-13:02:18	4	1,989.289	60.209	1	0	1	0	0	0	0	1	0	0	1	3
2013/09/18-17:26:53	4	1,990.41	68.56	13	0	1	7	0	0	0	1	0	0	1	36
2013/09/18-17:27:48	4	1,990.41	68.56	31	0	0	0	2	0	0	1	1	0	0	60
2013/09/18-17:29:07	4	1,990.41	68.56	20	0	0	1	0	0	0	1	0	1	0	60
2013/09/18-17:30:26	4	1,990.41	68.56	8	0	0	1	0	0	0	1	1	0	0	24
2013/09/18-17:31:10	4	1,990.41	68.56	20	0	0	0	2	0	0	1	1	0	0	60
2013/09/18-17:46:35	3	2,016.328	64.451	21	0	0	0	0	0	0	1	1	0	0	36
2013/09/18-17:47:31	3	2,016.328	64.451	14	0	0	0	0	0	1	1	0	0	1	57
2013/09/18-17:48:47	3	2,016.328	64.451	1	0	1	0	0	0	0	1	0	0	1	6
2013/09/18-17:49:27	3	2,016.328	64.451	10	0	1	0	0	0	0	1	0	0	1	27
2013/09/18-17:50:13	3	2,016.328	64.451	6	0	1	0	0	0	0	1	0	0	1	15
2013/09/18-18:00:48	3	2,016.328	64.451	3	0	1	0	0	0	0	1	0	0	1	8
2013/09/18-18:02:07	3	2,016.328	64.451	3	0	0	0	1	0	0	1	1	0	0	13
2013/09/18-18:02:40	3	2,016.328	64.451	9	0	0	0	0	0	0	1	1	0	0	41
2013/09/18-18:03:40	3	2,016.328	64.451	18	0	0	0	0	0	0	1	0	0	1	60
2013/09/18-18:04:59	3	2,016.328	64.451	2	0	0	0	0	0	1	1	0	0	1	8
2013/09/20-01:56:14	1	1,992.328	104.817	2	0	1	0	0	0	0	1	0	0	1	6
2013/09/20-01:56:39	1	1,992.328	104.817	5	0	0	3	1	0	0	1	1	0	0	15
2013/09/20-01:57:13	1	1,992.328	104.817	5	0	1	0	0	0	0	1	0	0	1	6
2013/09/20-01:57:41	1	1,992.328	104.817	9	0	1	0	0	0	0	1	0	0	1	18
2013/09/20-01:58:19	1	1,992.328	104.817	1	0	1	0	0	0	0	1	0	0	1	16
2013/09/20-02:25:32	4	1,914.15	97.74	2	0	0	0	0	0	1	1	0	0	1	7
2013/09/20-02:26:08	4	1,914.15	97.74	13	0	1	0	1	0	0	1	0	0	1	43
2013/09/20-02:27:09	4	1,914.15	97.74	21	0	0	0	0	0	0	1	0	0	1	60
2013/09/20-02:28:28	4	1,914.15	97.74	1	0	1	0	0	0	0	1	0	0	1	3
2013/09/20-02:29:06	4	1,914.15	97.74	2	0	1	0	0	0	0	1	0	0	1	14
2013/09/20-02:36:43	4	1,914.15	97.74	4	0	1	1	0	0	0	1	0	0	1	19
2013/09/20-02:38:02	4	1,914.15	97.74	6	0	0	4	1	0	0	1	1	0	0	15
2013/09/20-02:38:36	4	1,914.15	97.74	3	0	0	0	1	0	1	1	0	0	1	29
2013/09/20-02:39:27	4	1,914.15	97.74	3	0	0	0	0	0	1	1	0	0	1	9
2013/09/20-02:40:17	4	1,914.15	97.74	3	0	0	0	1	0	0	1	1	0	0	15
2013/09/20-06:57:15	10	1,828.071	94.523	3	0	0	0	1	0	0	1	1	0	0	9
2013/09/20-06:57:43	10	1,828.071	94.523	5	0	0	0	2	0	0	1	1	0	0	15
2013/09/20-06:58:18	10	1,828.071	94.523	16	0	0	5	1	0	0	1	1	0	0	49
2013/09/20-06:59:25	10	1,828.071	94.523	1	0	0	0	0	0	1	1	0	0	1	3
2013/09/20-07:00:44	10	1,828.071	94.523	14	0	0	0	2	0	0	1	1	0	0	31
2013/09/20-07:10:42	10	1,828.071	94.523	3	0	1	1	0	0	0	1	0	0	1	13
2013/09/20-07:11:14	10	1,828.071	94.523	26	0	0	0	1	0	0	1	1	0	0	60
2013/09/20-07:12:34	10	1,828.071	94.523	8	0	0	0	0	0	0	1	1	0	0	60
2013/09/20-07:13:54	7	1,852.619	85.869	10	0	0	6	0	0	0	1	1	0	0	29
2013/09/20-07:14:42	7	1,852.619	85.869	2	0	0	0	2	0	1	1	0	0	1	7
2013/09/20-07:31:39	7	1,852.619	85.869	2	0	1	0	0	0	0	1	0	0	1	7
2013/09/20-07:33:54	7	1,852.619	85.869	1	0	0	0	0	0	1	1	0	0	1	2
2013/09/20-07:34:24	7	1,852.619	85.869	8	0	1	0	1	0	0	1	0	0	1	38
2013/09/20-07:35:29	7	1,852.619	85.869	7	0	0	0	3	0	0	1	1	0	0	37
2013/09/20-07:36:25	7	1,852.619	85.869	2	0	1	0	0	0	0	1	0	0	1	11
2013/09/20-11:07:59	9	1,834.836	84.539	13	0	0	4	1	0	0	1	1	0	0	31
2013/09/20-11:08:49	9	1,834.836	84.539	3	0	0	0	0	0	0	1	1	0	0	7
2013/09/20-11:09:14	9	1,834.836	84.539	6	0	1	1	0	0	0	1	0	0	1	23
2013/09/20-11:10:33	9	1,834.836	84.539	1	0	0	0	1	0	0	1	1	0	0	3
2013/09/20-11:10:55	9	1,834.836	84.539	2	0	0	0	0	0	0	1	1	0	0	8
2013/09/20-11:24:58	10	1,828.669	81.461	1	0	1	0	0	0	0	1	0	0	1	10
2013/09/20-11:26:17	10	1,828.669	81.461	18	0	0	2	0	0	0	1	1	0	0	60
2013/09/20-11:27:36	10	1,828.669	81.461	13	0	0	5	1	0	0	1	1	0	0	41
2013/09/20-11:28:36	10	1,828.669	81.461	4	0	1	0	0	0	0	1	0	0	1	12
2013/09/20-11:29:55	10	1,828.669	81.461	14	0	0	8	1	0	0	1	1	0	0	41
2013/09/20-11:44:29	10	1,828.669	81.461	5	0	0	0	2	0	1	1	0	0	1	17
2013/09/20-11:45:27	10	1,828.669	81.461	8	0	1	1	0	0	0	1	0	0	1	57
2013/09/20-11:47:23	8	1,827.138	73.222	1	0	0	0	0	0	1	1	0	0	1	3
2013/09/20-11:48:21	8	1,827.138	73.222	3	0	0	0	0	0	1	1	0	0	1	7
2013/09/20-11:49:34	8	1,827.138	73.222	4	0	0	0	0	0	1	1	0	0	1	10
2013/09/20-17:14:56	19	1,784.63	78.487	4	0	1	0	0	0	0	1	0	0	1	27
2013/09/20-17:15:42	19	1,784.63	78.487	2	0	0	0	0	0	1	1	0	0	1	6
2013/09/20-17:16:07	19	1,784.63	78.487	1	0	1	0	1	0	0	1	0	0	1	19
2013/09/20-17:16:45	19	1,784.63	78.487	20	0	0	7	1	0	0	1	1	0	0	60
2013/09/20-17:18:04	19	1,784.63	78.487	10	0	0	0	1	0	0	1	1	0	0	36
2013/09/20-17:32:03	19	1,784.63	78.487	4	0	1	0	0	0	0	1	0	0	1	11
2013/09/20-17:32:51	19	1,784.63	78.487	19	0	0	6	0	0	0	1	0	0	1	60
2013/09/20-17:34:10	19	1,784.63	78.487	17	0	0	1	1	0	0	1	1	0	0	60
2013/09/20-17:35:29	19	1,784.63	78.487	35	0	0	0	2	0	0	1	1	0	0	60
2013/09/20-17:36:48	19	1,784.63	78.487	7	0	0	0	0	0	1	1	0	0	1	35
2013/09/20-17:49:37	10	1,806.516	70.609	2	0	0	0	1	0	1	1	0	0	1	3
2013/09/20-17:50:04	10	1,806.516	70.609	21	0	0	5	0	0	0	1	1	0	0	60
2013/09/20-17:51:23	10	1,806.516	70.609	1	0	1	0	0	0	0	1	0	0	1	5
2013/09/20-17:52:19	10	1,806.516	70.609	4	0	0	1	0	0	1	1	0	0	1	17
2013/09/20-17:52:56	10	1,806.516	70.609	4	0	1	0	0	0	0	1	0	0	1	16
2013/09/20-21:48:07	8	1,809.313	76.357	24	0	0	5	2	0	0	1	1	0	0	59
2013/09/20-21:49:26	8	1,809.313	76.357	23	0	0	0	0	0	0	1	0	0	1	60
2013/09/20-21:50:44	8	1,809.313	76.357	3	0	0	0	2	0	0	1	1	0	0	9
2013/09/20-21:51:12	8	1,809.313	76.357	2	0	1	0	0	0	0	1	0	0	1	6
2013/09/20-21:51:42	8	1,809.313	76.357	22	0	1	3	0	0	0	1	0	0	1	60
2013/09/20-22:09:08	7	1,833.424	70.719	14	0	1	2	0	0	0	1	0	0	1	42
2013/09/20-22:10:09	7	1,833.424	70.719	13	0	0	7	0	0	0	1	1	0	0	44
2013/09/20-22:11:12	7	1,833.424	70.719	7	0	0	0	1	0	1	1	0	0	1	22
2013/09/20-22:11:53	7	1,833.424	70.719	9	0	0	0	0	0	0	1	1	0	0	60
2013/09/20-22:13:12	7	1,833.424	70.719	8	0	0	0	0	0	1	1	0	0	1	16
2013/09/20-22:34:22	7	1,833.424	70.719	4	0	0	1	0	0	0	1	1	0	0	29
2013/09/20-22:35:11	7	1,833.424	70.719	5	0	1	0	0	0	0	1	0	0	1	22
2013/09/20-22:36:12	7	1,833.424	70.719	6	0	0	1	0	0	1	1	0	0	1	24
2013/09/20-22:37:18	7	1,833.424	70.719	2	0	0	0	1	0	0	1	1	0	0	7
2013/09/20-22:37:44	3	1,873.767	63.806	2	0	1	0	0	0	0	1	0	0	1	6
2013/10/20-21:19:41	3	1,873.767	63.806	2	0	1	1	0	0	0	1	0	0	1	14
2013/10/20-21:21:09	3	1,873.767	63.806	4	0	1	0	0	0	0	1	0	0	1	17
2013/10/20-21:22:12	3	1,873.767	63.806	18	0	0	6	1	0	0	1	1	0	0	60
2013/10/20-21:23:33	3	1,873.767	63.806	9	0	1	0	0	0	0	1	0	0	1	31
2013/10/20-21:24:39	3	1,873.767	63.806	0	0	1	0	0	0	0	1	0	0	1	3
2013/10/20-21:25:00	3	1,873.767	63.806	8	0	0	1	1	0	0	1	1	0	0	42
2013/10/20-21:25:53	3	1,873.767	63.806	7	0	1	0	1	0	0	1	0	0	1	31
2013/10/20-21:26:41	3	1,873.767	63.806	1	0	0	0	0	0	0	1	1	0	0	3
2013/10/20-21:26:57	3	1,873.767	63.806	1	0	0	1	0	0	1	1	0	0	1	3
2013/10/20-21:27:23	3	1,873.767	63.806	3	0	0	0	0	0	0	1	1	0	0	4
2013/10/20-21:27:42	3	1,873.767	63.806	10	0	1	0	0	0	0	1	0	0	1	28
2013/10/20-21:28:26	3	1,873.767	63.806	1	0	1	0	0	0	0	1	0	0	1	5
2013/10/20-21:29:02	3	1,873.767	63.806	16	0	1	2	0	0	0	1	0	0	1	45
2013/10/20-21:30:00	3	1,873.767	63.806	14	0	0	3	0	0	1	1	0	0	1	46
2013/10/20-21:31:15	3	1,873.767	63.806	6	0	0	1	2	0	0	1	1	0	0	28
2013/10/20-22:04:29	3	1,873.767	63.806	7	0	1	0	0	0	0	1	0	0	1	19
2013/10/20-22:05:01	3	1,873.767	63.806	0	0	1	0	0	0	0	1	0	1	0	2
2013/12/27-09:56:56	2	1,884.995	75.101	3	0	1	0	1	0	0	1	0	0	1	12
2013/12/27-09:57:31	2	1,884.995	75.101	2	0	1	0	0	0	0	1	0	0	1	7
2013/12/27-09:58:13	2	1,884.995	75.101	4	0	0	0	0	0	0	1	1	0	0	20
2013/12/27-09:58:51	3	1,873.263	71.586	1	0	1	0	0	0	0	1	0	0	1	6
2013/12/27-09:59:16	3	1,873.263	71.586	5	0	1	0	1	0	0	1	0	0	1	6
2013/12/27-10:16:55	3	1,873.263	71.586	8	0	0	0	1	0	0	1	1	0	0	24
2013/12/27-10:17:38	3	1,873.263	71.586	20	0	0	2	1	0	0	1	1	0	0	60
2013/12/27-10:18:58	3	1,873.263	71.586	11	0	1	0	0	0	0	1	0	0	1	23
2013/12/27-10:20:16	3	1,873.263	71.586	12	0	0	3	1	0	0	1	1	0	0	43
2013/12/27-10:21:18	3	1,873.263	71.586	16	0	0	2	1	0	1	1	0	0	1	47
2013/12/27-10:38:00	3	1,873.263	71.586	4	0	1	0	0	0	0	1	0	0	1	29
2013/12/27-10:38:47	3	1,873.263	71.586	15	0	0	3	0	0	0	1	1	0	0	42
2013/12/27-10:39:49	3	1,873.263	71.586	10	0	0	12	1	0	0	1	1	0	0	34
2013/12/27-10:40:42	3	1,873.263	71.586	8	0	1	0	0	0	0	1	0	0	1	41
2013/12/27-10:41:42	1	1,903.518	63.714	3	0	1	0	0	0	0	1	0	0	1	9
2013/12/28-07:25:44	1	1,893.721	101.513	2	0	0	0	1	0	1	1	0	0	1	6
2013/12/28-07:26:10	1	1,893.721	101.513	18	0	0	5	0	0	0	1	1	0	0	60
2013/12/28-07:27:29	1	1,893.721	101.513	15	0	1	2	0	0	0	1	0	0	1	44
2013/12/28-07:28:32	1	1,893.721	101.513	24	0	0	0	1	0	0	1	1	0	0	60
2013/12/28-07:29:51	1	1,893.721	101.513	6	0	1	0	0	0	0	1	0	0	1	21
2013/12/28-08:00:41	1	1,891.955	91.192	3	0	0	0	2	0	0	1	1	0	0	13
2013/12/28-08:01:13	1	1,891.955	91.192	13	0	0	16	1	0	1	1	1	0	0	38
2013/12/28-08:02:10	1	1,891.955	91.192	10	0	0	0	0	0	0	1	1	0	0	21
2013/12/28-08:02:49	1	1,891.955	91.192	7	0	1	0	0	0	0	1	0	0	1	16
2013/12/28-08:03:24	1	1,891.955	91.192	9	0	1	0	0	0	0	1	0	0	1	32
2013/12/28-08:18:17	1	1,891.955	91.192	14	0	1	0	0	0	0	1	0	0	1	36
2013/12/28-08:19:25	1	1,891.955	91.192	1	0	1	0	0	0	0	1	0	0	1	9
2013/12/28-08:19:53	1	1,891.955	91.192	6	0	0	0	0	0	1	1	0	0	1	9
2013/12/28-08:20:32	1	1,891.955	91.192	2	0	0	0	0	0	0	1	1	0	0	10
2013/12/28-08:21:00	1	1,891.955	91.192	21	0	0	19	0	0	0	1	1	0	0	60
2013/12/28-14:09:02	1	1,896.815	88.628	7	0	0	1	0	0	1	1	0	0	1	17
2013/12/28-14:10:21	1	1,896.815	88.628	23	0	0	0	0	0	0	1	1	0	0	60
2013/12/28-14:11:40	1	1,896.815	88.628	5	0	1	0	0	0	0	1	0	0	1	19
2013/12/28-14:12:59	1	1,896.815	88.628	4	0	0	0	0	0	1	1	0	0	1	15
2013/12/28-14:13:33	1	1,896.815	88.628	6	0	1	0	0	0	0	1	0	0	1	23
2013/12/28-14:28:56	1	1,896.815	88.628	1	0	1	0	0	0	0	1	0	0	1	4
2013/12/28-14:29:52	1	1,896.815	88.628	27	0	0	1	1	0	0	1	1	0	0	60
2013/12/28-14:31:11	1	1,896.815	88.628	13	0	1	0	0	0	0	1	0	0	1	28
2013/12/28-14:32:29	1	1,896.815	88.628	11	0	0	0	1	0	0	1	1	0	0	60
2013/12/28-14:33:48	1	1,896.815	88.628	17	0	0	2	0	0	0	1	1	0	0	60
2013/12/28-14:51:59	4	1,845.515	77.234	5	0	1	0	0	0	0	1	0	0	1	12
2013/12/28-14:53:18	4	1,845.515	77.234	1	0	1	0	0	0	0	1	0	0	1	3
2013/12/28-14:54:37	4	1,845.515	77.234	1	0	0	0	0	0	1	1	0	0	1	3
2013/12/28-14:55:00	4	1,845.515	77.234	24	0	0	1	0	0	0	1	0	0	1	60
2013/12/28-14:56:19	4	1,845.515	77.234	4	0	1	0	0	0	0	1	0	0	1	16
2013/12/28-19:52:58	7	1,811.589	82.394	0	0	1	0	0	0	0	1	0	0	1	4
2013/12/28-19:53:31	7	1,811.589	82.394	6	0	0	0	0	0	0	1	1	0	0	60
2013/12/28-19:54:50	7	1,811.589	82.394	21	0	0	10	0	0	0	1	1	0	0	60
2013/12/28-19:56:09	7	1,811.589	82.394	10	0	0	0	1	0	0	1	1	0	0	16
2013/12/28-19:56:44	7	1,811.589	82.394	12	0	1	3	0	0	0	1	0	0	1	33
2013/12/28-20:13:07	2	1,833.836	75.592	28	0	0	11	1	0	0	1	1	0	0	60
2013/12/28-20:14:26	2	1,833.836	75.592	7	0	0	0	1	0	1	1	0	0	1	8
2013/12/28-20:14:57	2	1,833.836	75.592	4	0	1	0	0	0	0	1	0	0	1	21
2013/12/28-20:16:16	2	1,833.836	75.592	6	0	1	0	0	0	0	1	0	0	1	26
2013/12/28-20:17:26	2	1,833.836	75.592	16	0	0	3	1	0	1	1	0	0	1	37
2013/12/28-20:28:53	2	1,833.836	75.592	11	0	0	1	1	0	0	1	1	0	0	34
2013/12/28-20:29:46	2	1,833.836	75.592	14	0	0	0	3	0	0	1	1	0	0	29
2013/12/28-20:30:34	2	1,833.836	75.592	4	0	0	0	0	0	1	1	0	0	1	17
2013/12/28-20:31:10	2	1,833.836	75.592	16	0	1	3	1	0	0	1	0	0	1	42
2013/12/28-20:32:29	2	1,833.836	75.592	7	0	1	0	1	0	0	1	0	0	1	24
2013/12/28-22:05:13	4	1,838.658	68.47	1	0	0	0	0	0	1	1	0	0	1	4
2013/12/28-22:05:57	4	1,838.658	68.47	4	0	1	1	0	0	0	1	0	0	1	16
2013/12/28-22:06:44	4	1,838.658	68.47	3	0	1	0	2	0	0	1	0	0	1	12
2013/12/28-22:07:15	4	1,838.658	68.47	22	0	0	3	0	0	0	1	1	0	0	60
2013/12/28-22:08:48	4	1,838.658	68.47	3	0	1	0	0	0	0	1	0	0	1	4
2013/12/28-22:28:31	3	1,829.687	64.483	26	0	0	5	1	0	0	1	1	0	0	60
2013/12/28-22:29:51	3	1,829.687	64.483	3	0	0	0	0	0	1	1	0	0	1	4
2013/12/28-22:31:02	3	1,829.687	64.483	7	0	0	0	0	0	1	1	0	0	1	26
2013/12/28-22:32:11	3	1,829.687	64.483	16	0	0	4	2	0	0	1	1	0	0	52
2013/12/28-22:33:22	3	1,829.687	64.483	1	0	1	0	0	0	0	1	0	0	1	6
2013/12/28-22:38:49	3	1,829.687	64.483	13	0	0	0	0	0	0	1	1	0	0	28
2013/12/28-22:39:36	3	1,829.687	64.483	6	0	0	0	0	0	1	1	0	0	1	10
2013/12/28-22:40:15	3	1,829.687	64.483	19	0	0	5	0	0	0	1	1	0	0	60
2013/12/28-22:41:34	3	1,829.687	64.483	1	0	1	0	0	0	0	1	0	0	1	3
2013/12/28-22:42:04	3	1,829.687	64.483	6	0	0	0	1	0	1	1	0	0	1	24
2013/12/28-22:53:28	3	1,829.687	64.483	4	0	0	0	0	0	0	1	1	0	0	13
2013/12/28-22:54:00	3	1,829.687	64.483	5	0	0	0	1	0	0	1	1	0	0	17
2013/12/28-22:54:36	3	1,829.687	64.483	22	0	0	0	1	0	1	1	0	0	1	39
2013/12/28-22:55:47	3	1,829.687	64.483	24	0	0	8	0	0	0	1	1	0	0	60
2013/12/28-22:57:06	3	1,829.687	64.483	2	0	1	0	0	0	0	1	0	0	1	10
2013/12/29-04:07:03	4	1,831.159	71.026	3	0	1	0	0	0	0	1	0	0	1	6
2013/12/29-04:07:28	4	1,831.159	71.026	1	0	1	0	0	0	0	1	0	0	1	3
2013/12/29-04:08:35	4	1,831.159	71.026	1	0	1	0	0	0	0	1	0	0	1	3
2013/12/29-04:09:04	4	1,831.159	71.026	1	0	1	0	0	0	0	1	0	0	1	7
2013/12/29-04:10:23	4	1,831.159	71.026	6	0	0	0	0	0	1	1	0	0	1	17
2013/12/29-04:11:42	4	1,831.159	71.026	16	0	0	1	0	0	0	1	1	0	0	60
2013/12/29-04:13:01	4	1,831.159	71.026	6	0	0	0	0	0	1	1	0	0	1	12
2013/12/29-04:14:20	4	1,831.159	71.026	6	0	0	0	0	0	1	1	0	0	1	21
2013/12/29-04:15:00	4	1,831.159	71.026	3	0	1	0	0	0	0	1	0	0	1	6
2013/12/29-04:15:53	4	1,831.159	71.026	5	0	0	1	1	0	1	1	0	0	1	14
2013/12/29-04:29:52	4	1,831.159	71.026	12	0	1	1	0	0	0	1	0	0	1	38
2013/12/29-04:31:01	4	1,831.159	71.026	2	0	0	0	1	0	0	1	1	0	0	7
2013/12/29-04:31:27	4	1,831.159	71.026	32	0	0	0	0	0	0	1	1	0	0	60
2013/12/29-04:32:46	4	1,831.159	71.026	4	0	0	0	2	0	0	1	1	0	0	13
2013/12/29-04:33:18	4	1,831.159	71.026	7	0	0	0	0	0	1	1	0	0	1	12
2013/12/29-23:10:25	10	1,775.265	94.385	22	0	1	2	0	0	0	1	0	0	1	51
2013/12/29-23:11:35	10	1,775.265	94.385	23	0	0	4	0	0	1	1	0	0	1	50
2013/12/29-23:12:54	10	1,775.265	94.385	11	0	1	1	0	0	0	1	0	0	1	24
2013/12/29-23:14:13	10	1,775.265	94.385	30	0	0	5	2	0	0	1	1	0	0	53
2013/12/29-23:15:25	10	1,775.265	94.385	24	0	0	3	2	0	0	1	1	0	0	60
2013/12/29-23:39:48	10	1,775.265	94.385	9	0	0	2	1	0	0	1	1	0	0	23
2013/12/29-23:40:29	10	1,775.265	94.385	16	0	1	3	0	0	0	1	0	0	1	51
2013/12/29-23:41:48	10	1,775.265	94.385	23	0	0	2	0	0	0	1	0	0	1	60
2013/12/29-23:43:07	10	1,775.265	94.385	7	0	0	1	0	0	1	1	0	0	1	19
2013/12/29-23:44:26	10	1,775.265	94.385	24	0	0	3	0	0	0	1	1	0	0	60
2013/12/30-00:09:24	7	1,823.202	81.02	12	0	1	2	0	0	0	1	0	0	1	39
2013/12/30-00:10:43	7	1,823.202	81.02	8	0	1	0	0	0	0	1	0	0	1	24
2013/12/30-00:11:59	7	1,823.202	81.02	9	0	1	0	0	0	0	1	0	0	1	33
2013/12/30-00:13:18	7	1,823.202	81.02	10	0	0	1	0	0	1	1	0	0	1	20
2013/12/30-00:14:37	7	1,823.202	81.02	12	0	0	1	0	0	1	1	0	0	1	29
2013/12/30-06:17:31	14	1,761.437	84.992	22	0	0	3	0	0	0	1	1	0	0	53
2013/12/30-06:18:44	14	1,761.437	84.992	6	0	0	0	0	0	1	1	0	0	1	22
2013/12/30-06:20:03	14	1,761.437	84.992	10	0	1	4	0	0	0	1	0	0	1	33
2013/12/30-06:21:03	14	1,761.437	84.992	7	0	0	0	0	0	1	1	0	0	1	23
2013/12/30-06:22:22	14	1,761.437	84.992	20	0	0	4	1	0	0	1	1	0	0	40
2013/12/30-06:33:40	14	1,761.437	84.992	7	0	1	1	0	0	0	1	0	0	1	25
2013/12/30-06:34:59	14	1,761.437	84.992	18	0	0	4	0	0	1	1	0	0	1	40
2013/12/30-06:36:16	14	1,761.437	84.992	12	0	0	4	0	0	0	1	1	0	0	49
2013/12/30-06:37:24	14	1,761.437	84.992	8	0	1	3	0	0	0	1	0	0	1	19
2013/12/30-06:38:43	14	1,761.437	84.992	22	0	0	2	0	0	0	1	1	0	0	60
2013/12/30-07:04:56	8	1,796.739	74.211	21	0	0	3	0	0	1	1	0	0	1	45
2013/12/30-07:06:15	8	1,796.739	74.211	12	0	1	0	0	0	0	1	0	0	1	32
2013/12/30-07:07:31	8	1,796.739	74.211	22	0	0	1	1	0	0	1	1	0	0	60
2013/12/30-07:08:51	8	1,796.739	74.211	15	0	1	0	0	0	0	1	0	0	1	51
2013/12/30-07:10:01	8	1,796.739	74.211	12	0	1	0	0	0	0	1	0	0	1	41
2013/12/30-11:16:23	8	1,805.797	76.251	5	0	0	2	1	0	0	1	1	0	0	23
2013/12/30-11:17:05	8	1,805.797	76.251	10	0	0	3	1	0	0	1	1	0	0	30
2013/12/30-11:17:54	8	1,805.797	76.251	22	0	0	3	1	0	0	1	1	0	0	60
2013/12/30-11:19:13	8	1,805.797	76.251	7	0	1	1	0	0	0	1	0	0	1	24
2013/12/30-11:19:56	8	1,805.797	76.251	22	0	0	4	0	0	0	1	0	0	1	60
2013/12/30-11:37:40	8	1,805.797	76.251	6	0	0	2	0	0	1	1	0	0	1	15
2013/12/30-11:38:26	8	1,805.797	76.251	21	0	0	4	0	0	0	1	1	0	0	60
2013/12/30-11:39:45	8	1,812.87	70.78	13	0	0	5	0	0	1	1	0	0	1	47
2013/12/30-11:40:51	8	1,812.87	70.78	24	0	0	4	0	0	0	1	1	0	0	60
2013/12/30-11:42:10	8	1,812.87	70.78	17	0	0	2	0	0	0	1	1	0	0	40
2013/12/30-11:59:03	8	1,812.87	70.78	11	0	0	3	0	0	1	1	0	0	1	25
2013/12/30-12:00:21	8	1,812.87	70.78	13	0	0	3	1	0	0	1	1	0	0	38
2013/12/30-12:01:18	8	1,812.87	70.78	19	0	0	4	0	0	1	1	0	0	1	41
2013/12/30-12:02:18	8	1,812.87	70.78	10	0	1	1	0	0	0	1	0	0	1	35
2013/12/30-12:03:16	8	1,812.87	70.78	4	0	0	1	0	0	1	1	0	0	1	15
2013/12/30-20:50:41	8	1,814.484	81.222	5	0	0	0	1	0	1	1	0	0	1	9
2013/12/30-20:51:10	8	1,814.484	81.222	21	0	0	2	1	0	0	1	1	0	0	60
2013/12/30-20:52:29	8	1,814.484	81.222	13	0	0	1	1	0	0	1	1	0	0	34
2013/12/30-20:53:22	8	1,814.484	81.222	10	0	0	2	0	0	0	1	1	0	0	31
2013/12/30-20:54:12	8	1,814.484	81.222	7	0	1	0	0	0	0	1	0	0	1	22
2013/12/30-21:19:05	8	1,814.475	77.92	14	0	0	4	0	0	0	1	1	0	0	60
2013/12/30-21:20:24	8	1,814.475	77.92	22	0	0	0	1	0	0	1	0	0	1	60
2013/12/30-21:21:43	8	1,814.475	77.92	8	0	0	1	1	0	0	1	1	0	0	25
2013/12/30-21:22:27	8	1,814.475	77.92	19	0	0	1	1	0	0	1	1	0	0	59
2013/12/30-21:23:44	8	1,814.475	77.92	17	0	0	4	1	0	1	1	0	0	1	37
2013/12/30-21:44:07	8	1,814.475	77.92	6	0	1	0	0	0	0	1	0	0	1	19
2013/12/30-21:44:45	8	1,814.475	77.92	17	0	0	2	0	0	0	1	0	0	1	60
2013/12/30-21:46:04	8	1,814.475	77.92	11	0	1	1	0	0	0	1	0	0	1	30
2013/12/30-21:47:23	8	1,814.475	77.92	13	0	0	3	0	0	1	1	0	0	1	28
2013/12/30-21:48:13	8	1,814.475	77.92	16	0	0	2	0	0	0	1	0	0	1	60
2013/12/30-22:00:59	7	1,818.026	69.409	12	0	0	2	1	0	1	1	0	0	1	31
2013/12/30-22:01:49	7	1,818.026	69.409	20	0	0	1	0	0	0	1	0	0	1	60
2013/12/30-22:03:08	7	1,818.026	69.409	20	0	1	0	1	0	0	1	0	0	1	52
2013/12/30-22:04:27	7	1,818.026	69.409	20	0	0	3	0	0	0	1	0	0	1	60
2013/12/30-22:05:46	7	1,818.026	69.409	7	0	1	1	0	0	0	1	0	0	1	20
2013/12/31-10:25:35	9	1,796.337	85.257	3	0	0	0	1	0	1	1	0	0	1	10
2013/12/31-10:26:11	9	1,796.337	85.257	2	0	0	0	1	0	1	1	0	0	1	6
2013/12/31-10:26:46	9	1,796.337	85.257	1	0	0	0	0	0	0	1	1	0	0	7
2013/12/31-10:27:12	9	1,796.337	85.257	5	0	0	2	2	0	0	1	1	0	0	12
2013/12/31-10:27:43	9	1,796.337	85.257	11	0	0	2	0	0	0	1	1	0	0	24
2013/12/31-10:41:09	12	1,767.358	82.069	1	0	1	0	0	0	0	1	0	0	1	3
2013/12/31-10:41:35	12	1,767.358	82.069	3	0	0	0	2	0	0	1	1	0	0	9
2013/12/31-10:42:02	12	1,767.358	82.069	21	0	0	6	0	0	0	1	1	0	0	60
2013/12/31-10:43:21	12	1,767.358	82.069	6	0	0	0	0	0	1	1	0	0	1	13
2013/12/31-10:44:40	12	1,767.358	82.069	13	0	0	0	1	0	0	1	1	0	0	28
2013/12/31-10:55:25	12	1,767.358	82.069	1	0	0	0	1	0	1	1	0	0	1	3
2013/12/31-10:56:28	12	1,767.358	82.069	1	0	1	0	0	0	0	1	0	0	1	4
2013/12/31-10:56:58	12	1,767.358	82.069	12	0	0	0	2	0	0	1	1	0	0	34
2013/12/31-10:57:51	12	1,767.358	82.069	3	0	1	0	0	0	0	1	0	0	1	9
2013/12/31-10:58:18	12	1,767.358	82.069	9	0	0	0	2	0	0	1	1	0	0	28
2013/12/31-14:23:04	14	1,764.158	80.648	1	0	0	0	1	0	0	1	1	0	0	3
2013/12/31-14:23:26	14	1,764.158	80.648	6	0	0	0	1	0	0	1	1	0	0	18
2013/12/31-14:24:03	14	1,764.158	80.648	3	0	0	0	0	0	0	1	1	0	0	8
2013/12/31-14:24:30	14	1,764.158	80.648	7	0	0	2	2	0	0	1	1	0	0	51
2013/12/31-14:25:39	14	1,764.158	80.648	11	0	0	0	0	0	1	1	0	0	1	23
2013/12/31-14:40:12	14	1,764.158	80.648	8	0	0	2	1	0	0	1	1	0	0	23
2013/12/31-14:40:55	14	1,764.158	80.648	8	0	0	0	0	0	0	1	1	0	0	29
2013/12/31-14:41:43	14	1,764.158	80.648	4	0	0	0	0	0	1	1	0	0	1	14
2013/12/31-14:42:22	14	1,764.158	80.648	1	0	1	0	0	0	0	1	0	0	1	7
2013/12/31-14:43:41	14	1,764.158	80.648	21	0	1	10	0	0	0	1	0	0	1	52
2013/12/31-15:06:59	14	1,757.942	73.36	1	0	0	0	0	0	1	1	0	0	1	3
2013/12/31-15:07:31	14	1,757.942	73.36	16	0	0	1	1	0	0	1	1	0	0	60
2013/12/31-15:08:50	14	1,757.942	73.36	12	0	0	0	0	0	0	1	1	0	0	29
2013/12/31-15:09:38	14	1,757.942	73.36	21	0	0	12	1	0	0	1	1	0	0	60
2013/12/31-15:10:57	14	1,757.942	73.36	5	0	1	0	1	0	0	1	0	0	1	17
2013/12/31-18:40:57	10	1,784.962	75.325	1	0	0	0	0	0	0	1	1	0	0	8
2013/12/31-18:41:24	10	1,784.962	75.325	3	0	1	0	1	0	0	1	0	0	1	9
2013/12/31-18:41:52	10	1,784.962	75.325	2	0	0	0	3	0	0	1	1	0	0	7
2013/12/31-18:42:18	10	1,784.962	75.325	2	0	0	0	1	0	0	1	1	0	0	8
2013/12/31-18:42:45	10	1,784.962	75.325	17	0	0	0	2	0	0	1	1	0	0	34
2013/12/31-18:55:02	10	1,784.962	75.325	10	0	0	2	1	0	1	1	0	0	1	27
2013/12/31-18:55:48	10	1,784.962	75.325	5	0	1	0	0	0	0	1	0	0	1	19
2013/12/31-18:57:07	10	1,784.962	75.325	1	0	1	0	0	0	0	1	0	0	1	3
2013/12/31-18:57:41	10	1,784.962	75.325	14	0	0	2	1	0	0	1	1	0	0	45
2013/12/31-18:58:45	10	1,775.825	70.306	3	0	0	0	1	0	0	1	1	0	0	60
2013/12/31-19:10:46	10	1,775.825	70.306	34	0	0	0	1	0	0	1	1	0	0	60
2013/12/31-19:12:05	10	1,775.825	70.306	21	0	0	5	2	0	0	1	1	0	0	60
2013/12/31-19:13:24	10	1,775.825	70.306	4	0	0	0	0	0	1	1	0	0	1	7
2013/12/31-19:14:43	10	1,775.825	70.306	2	0	1	0	0	0	0	1	0	0	1	4
2013/12/31-19:15:06	10	1,775.825	70.306	16	0	0	0	1	0	0	1	1	0	0	60
2013/12/31-22:35:40	6	1,799.376	72.89	4	0	1	0	0	0	0	1	0	0	1	10
2013/12/31-22:36:12	6	1,799.376	72.89	10	0	0	2	1	0	0	1	1	0	0	32
2013/12/31-22:37:02	6	1,799.376	72.89	7	0	0	0	1	0	1	1	0	0	1	22
2013/12/31-22:37:43	6	1,799.376	72.89	10	0	0	0	0	0	1	1	0	0	1	20
2013/12/31-22:38:28	6	1,799.376	72.89	6	0	1	2	0	0	0	1	0	0	1	19
2013/12/31-22:56:00	12	1,767.919	69.339	1	0	1	0	0	0	0	1	0	0	1	4
2013/12/31-22:56:40	12	1,767.919	69.339	7	0	1	0	1	0	0	1	0	0	1	26
2013/12/31-22:57:25	12	1,767.919	69.339	7	0	0	0	0	0	0	1	1	0	0	16
2013/12/31-22:58:00	12	1,767.919	69.339	9	0	0	0	1	0	0	1	1	0	0	13
2013/12/31-22:58:31	12	1,767.919	69.339	24	0	0	7	1	0	0	1	1	0	0	60
2013/12/31-23:15:31	12	1,767.919	69.339	1	0	1	0	0	0	0	1	0	0	1	7
2013/12/31-23:16:13	12	1,767.919	69.339	4	0	0	0	0	0	1	1	0	0	1	10
2013/12/31-23:17:32	12	1,767.919	69.339	3	0	1	0	0	0	0	1	0	0	1	5
2013/12/31-23:18:04	12	1,767.919	69.339	3	0	1	0	0	0	0	1	0	0	1	12
2013/12/31-23:18:47	12	1,767.919	69.339	4	0	0	0	2	0	1	1	0	0	1	11
2014/01/01-02:47:28	11	1,757.333	69.891	31	0	0	0	0	0	0	1	0	0	1	60
2014/01/01-02:48:47	11	1,757.333	69.891	5	0	0	0	2	0	1	1	0	0	1	18
2014/01/01-02:49:24	11	1,757.333	69.891	6	0	0	0	0	0	0	1	1	0	0	23
2014/01/01-02:50:06	11	1,757.333	69.891	1	0	1	0	1	0	0	1	0	0	1	4
2014/01/01-02:50:59	11	1,757.333	69.891	23	0	0	3	0	0	0	1	1	0	0	60
2014/01/01-03:05:47	15	1,744.741	67.27	10	0	0	1	1	0	0	1	1	0	0	35
2014/01/01-03:06:42	15	1,744.741	67.27	21	0	1	0	0	0	0	1	0	0	1	55
2014/01/01-03:08:01	15	1,744.741	67.27	21	0	0	5	0	0	0	1	1	0	0	60
2014/01/01-03:09:20	15	1,744.741	67.27	2	0	1	0	1	0	0	1	0	0	1	9
2014/01/01-03:10:12	15	1,744.741	67.27	15	0	1	0	1	0	0	1	0	0	1	38
2014/01/01-03:27:08	14	1,747.442	63.358	4	0	1	0	0	0	0	1	0	0	1	12
2014/01/01-03:28:27	14	1,747.442	63.358	19	0	1	9	1	0	0	1	0	0	1	42
2014/01/01-03:29:29	14	1,747.442	63.358	17	0	0	2	1	0	0	1	1	0	0	47
2014/01/01-03:30:34	14	1,747.442	63.358	22	0	0	8	2	0	1	1	0	0	1	57
2014/01/01-03:31:50	14	1,747.442	63.358	2	0	0	0	1	0	1	1	0	0	1	7
2014/01/01-07:42:34	16	1,740.848	69.3	1	0	0	0	1	0	0	1	1	0	0	3
2014/01/01-07:42:57	16	1,740.848	69.3	1	0	0	0	1	0	0	1	1	0	0	3
2014/01/01-07:43:19	16	1,740.848	69.3	4	0	0	0	1	0	0	1	1	0	0	8
2014/01/01-07:43:46	16	1,740.848	69.3	1	0	0	0	0	0	1	1	0	0	1	4
2014/01/01-07:45:05	16	1,740.848	69.3	9	0	0	1	1	0	0	1	1	0	0	19
2014/01/01-07:54:56	19	1,733.36	68.032	22	0	0	6	1	0	0	1	1	0	0	51
2014/01/01-07:56:06	19	1,733.36	68.032	3	0	0	0	0	0	0	1	1	0	0	10
2014/01/01-07:56:34	19	1,733.36	68.032	3	0	0	0	1	0	0	1	1	0	0	9
2014/01/01-07:57:02	19	1,733.36	68.032	7	0	1	0	0	0	0	1	0	0	1	25
2014/01/01-07:57:46	19	1,733.36	68.032	6	0	1	0	0	0	0	1	0	0	1	21
2014/01/01-08:13:47	19	1,733.36	68.032	4	0	1	0	0	0	0	1	0	0	1	13
2014/01/01-08:15:06	19	1,733.36	68.032	20	0	1	3	0	0	0	1	0	0	1	54
2014/01/01-08:16:19	19	1,733.36	68.032	2	0	0	0	0	0	0	1	1	0	0	8
2014/01/01-08:16:47	19	1,733.36	68.032	11	0	0	14	0	0	1	1	0	0	1	39
2014/01/01-08:18:06	19	1,733.36	68.032	14	0	0	0	0	0	1	1	0	0	1	26
2014/01/01-11:39:35	13	1,744.962	69.127	3	0	1	0	0	0	0	1	0	0	1	10
2014/01/01-11:40:12	13	1,744.962	69.127	19	0	0	6	2	0	0	1	1	0	0	47
2014/01/01-11:41:18	13	1,744.962	69.127	7	0	0	0	1	0	0	1	1	0	0	12
2014/01/01-11:41:49	13	1,744.962	69.127	16	0	0	2	1	0	0	1	1	0	0	60
2014/01/01-11:43:08	16	1,740.396	67.176	23	0	0	4	1	0	0	1	1	0	0	60
2014/01/01-12:05:09	16	1,740.396	67.176	3	0	0	0	0	0	1	1	0	0	1	10
2014/01/01-12:05:38	16	1,740.396	67.176	11	0	0	7	0	0	0	1	1	0	0	60
2014/01/01-12:06:57	16	1,740.396	67.176	11	0	0	0	1	0	0	1	1	0	0	60
2014/01/01-12:08:16	16	1,740.396	67.176	6	0	1	0	0	0	0	1	0	0	1	8
2014/01/01-12:08:50	16	1,740.396	67.176	1	0	1	0	0	0	0	1	0	0	1	8
2014/01/01-12:18:43	15	1,736.295	63.357	3	0	1	0	0	0	0	1	0	0	1	10
2014/01/01-12:19:21	15	1,736.295	63.357	16	0	0	1	0	0	0	1	1	0	0	60
2014/01/01-12:20:40	15	1,736.295	63.357	1	0	1	0	0	0	0	1	0	0	1	7
2014/01/01-12:21:59	15	1,736.295	63.357	1	0	1	0	0	0	0	1	0	0	1	6
2014/01/01-12:22:49	15	1,736.295	63.357	7	0	1	0	1	0	0	1	0	0	1	37
2014/01/01-22:04:45	17	1,728.403	67.527	4	0	0	0	2	0	1	1	0	0	1	13
2014/01/01-22:05:18	17	1,728.403	67.527	2	0	1	0	1	0	0	1	0	0	1	6
2014/01/01-22:05:43	17	1,728.403	67.527	2	0	0	0	0	0	0	1	1	0	0	6
2014/01/01-22:06:08	17	1,728.403	67.527	16	0	0	0	1	0	0	1	1	0	0	40
2014/01/01-22:07:07	17	1,728.403	67.527	22	0	0	9	0	0	0	1	0	0	1	60
2014/01/01-22:23:07	18	1,730.806	65.04	2	0	0	0	1	0	0	1	1	0	0	7
2014/01/01-22:23:33	18	1,730.806	65.04	6	0	0	0	1	0	1	1	0	0	1	19
2014/01/01-22:24:11	18	1,730.806	65.04	5	0	0	0	1	0	0	1	1	0	0	15
2014/01/01-22:24:44	18	1,730.806	65.04	2	0	0	0	1	0	0	1	1	0	0	6
2014/01/01-22:25:10	18	1,730.806	65.04	9	0	1	0	0	0	0	1	0	0	1	21
2014/01/01-22:41:25	18	1,730.806	65.04	16	0	0	4	0	0	0	1	1	0	0	60
2014/01/01-22:42:45	18	1,730.806	65.04	1	0	0	0	0	0	1	1	0	0	1	6
2014/01/01-22:43:17	18	1,730.806	65.04	18	0	1	0	0	0	0	1	0	0	1	43
2014/01/01-22:44:18	18	1,730.806	65.04	1	0	1	0	0	0	0	1	0	0	1	3
2014/01/01-22:44:49	18	1,730.806	65.04	21	0	1	2	0	0	0	1	0	0	1	52
2014/01/02-02:11:25	9	1,757.719	66.598	18	0	0	1	0	0	0	1	1	0	0	60
2014/01/02-02:12:44	9	1,757.719	66.598	11	0	0	2	1	0	0	1	1	0	0	38
2014/01/02-02:13:40	9	1,757.719	66.598	4	0	0	2	1	0	0	1	1	0	0	13
2014/01/02-02:14:11	8	1,773.187	64.762	8	0	1	1	0	0	0	1	0	0	1	20
2014/01/02-02:14:50	8	1,773.187	64.762	27	0	0	0	0	0	0	1	1	0	0	58
2014/01/02-02:41:48	8	1,773.187	64.762	18	0	0	1	0	0	0	1	1	0	0	60
2014/01/02-02:43:07	8	1,773.187	64.762	21	0	0	0	1	0	0	1	1	0	0	38
2014/01/02-02:44:04	8	1,773.187	64.762	1	0	1	0	0	0	0	1	0	0	1	3
2014/01/02-02:44:50	8	1,773.187	64.762	1	0	1	0	0	0	0	1	0	0	1	6
2014/01/02-02:45:16	8	1,773.187	64.762	23	0	1	6	2	0	0	1	0	0	1	54
2014/01/02-03:01:36	8	1,775.383	60.46	8	0	0	1	1	0	0	1	1	0	0	21
2014/01/02-03:02:15	8	1,775.383	60.46	4	0	0	0	2	0	0	1	1	0	0	15
2014/01/02-03:02:49	8	1,775.383	60.46	1	0	1	0	0	0	0	1	0	0	1	3
2014/01/02-03:03:15	8	1,775.383	60.46	12	0	0	0	2	0	0	1	1	0	0	22
2014/01/02-03:03:55	8	1,775.383	60.46	5	0	1	0	0	0	0	1	0	0	1	8
2014/01/02-06:29:35	7	1,775.651	65.367	16	0	0	4	1	0	0	1	1	0	0	52
2014/01/02-06:30:46	7	1,775.651	65.367	7	0	0	0	2	0	0	1	1	0	0	27
2014/01/02-06:31:32	7	1,775.651	65.367	1	0	1	0	1	0	0	1	0	0	1	3
2014/01/02-06:31:57	7	1,775.651	65.367	4	0	0	0	0	0	0	1	1	0	0	11
2014/01/02-06:32:27	7	1,775.651	65.367	28	0	0	6	2	0	0	1	1	0	0	60
2014/01/02-06:54:01	7	1,775.651	65.367	2	0	0	0	0	0	0	1	1	0	0	6
2014/01/02-06:54:26	6	1,781.32	62.588	6	0	1	0	1	0	0	1	0	0	1	9
2014/01/02-06:54:54	6	1,781.32	62.588	6	0	0	0	2	0	1	1	0	0	1	19
2014/01/02-06:55:31	6	1,781.32	62.588	4	0	0	0	1	0	0	1	1	0	0	14
2014/01/02-06:56:04	6	1,781.32	62.588	24	0	0	12	0	0	0	1	1	0	0	60
2014/01/02-07:09:51	6	1,781.32	62.588	4	0	0	0	0	0	1	1	0	0	1	13
2014/01/02-07:10:23	6	1,781.32	62.588	11	0	0	2	2	0	1	1	0	0	1	35
2014/01/02-07:11:17	6	1,781.32	62.588	1	0	0	0	0	0	1	1	0	0	1	3
2014/01/02-08:01:31	6	1,781.32	62.588	5	0	0	0	1	0	0	1	1	0	0	21
2014/01/02-08:02:13	6	1,781.32	62.588	23	0	1	0	2	0	0	1	0	0	1	54
2014/01/02-12:14:47	5	1,791.029	68.195	22	0	0	0	0	0	0	1	0	0	1	60
2014/01/02-12:16:06	5	1,791.029	68.195	3	0	0	0	0	0	1	1	0	0	1	12
2014/01/02-12:16:37	5	1,791.029	68.195	2	0	0	0	1	0	0	1	1	0	0	10
2014/01/02-12:17:06	5	1,791.029	68.195	13	0	0	6	2	0	0	1	1	0	0	44
2014/01/02-12:18:10	5	1,791.029	68.195	22	0	0	0	0	0	0	1	0	0	1	60
2014/01/02-12:33:03	5	1,791.029	68.195	9	0	1	0	0	0	0	1	0	0	1	40
2014/01/02-12:34:02	5	1,791.029	68.195	7	0	0	0	2	0	0	1	1	0	0	24
2014/01/02-12:34:45	5	1,791.029	68.195	4	0	0	0	1	0	1	1	0	0	1	15
2014/01/02-12:35:50	5	1,791.029	68.195	5	0	0	0	0	0	1	1	0	0	1	10
2014/01/02-12:36:59	5	1,791.029	68.195	1	0	1	0	1	0	0	1	0	0	1	4
2014/01/02-12:49:22	8	1,765.786	62.596	1	0	1	0	0	0	0	1	0	0	1	9
2014/01/02-12:50:05	8	1,765.786	62.596	7	0	1	0	0	0	0	1	0	0	1	24
2014/01/02-12:50:53	8	1,765.786	62.596	4	0	0	0	1	0	1	1	0	0	1	20
2014/01/02-12:51:33	8	1,765.786	62.596	18	0	0	3	0	0	0	1	1	0	0	60
2014/01/02-12:52:52	8	1,765.786	62.596	1	0	1	0	0	0	0	1	0	0	1	3
2014/01/02-16:30:00	11	1,751.518	66.848	6	0	0	0	2	0	1	1	0	0	1	11
2014/01/02-16:30:30	11	1,751.518	66.848	1	0	0	0	1	0	1	1	0	0	1	3
2014/01/02-16:31:49	11	1,751.518	66.848	15	0	0	9	1	0	0	1	1	0	0	52
2014/01/02-16:33:01	11	1,751.518	66.848	19	0	0	0	1	0	0	1	1	0	0	60
2014/01/02-16:34:19	11	1,751.518	66.848	8	0	0	0	1	0	1	1	0	0	1	44
2014/01/02-16:47:21	11	1,751.518	66.848	1	0	0	0	0	0	0	1	1	0	0	3
2014/01/02-16:47:43	11	1,751.518	66.848	24	0	1	0	1	0	0	1	0	0	1	48
2014/01/02-16:48:50	11	1,742.546	63.448	23	0	0	5	0	0	0	1	1	0	0	60
2014/01/02-16:50:08	11	1,742.546	63.448	7	0	1	0	0	0	0	1	0	0	1	31
2014/01/02-16:50:58	11	1,742.546	63.448	11	0	0	0	2	0	0	1	1	0	0	33
2014/01/02-17:08:37	11	1,742.546	63.448	1	0	1	0	0	0	0	1	0	0	1	4
2014/01/02-17:09:04	11	1,742.546	63.448	11	0	1	0	0	0	0	1	0	0	1	20
2014/01/02-17:09:44	11	1,742.546	63.448	3	0	0	0	0	0	1	1	0	0	1	10
2014/01/02-17:10:42	11	1,742.546	63.448	13	0	1	0	1	0	0	1	0	0	1	41
2014/01/02-17:11:42	11	1,742.546	63.448	8	0	0	0	0	0	1	1	0	0	1	13
2014/01/03-00:38:28	14	1,729.439	68.789	2	0	0	0	2	0	0	1	1	0	0	6
2014/01/03-00:38:53	14	1,729.439	68.789	7	0	0	0	1	0	0	1	1	0	0	22
2014/01/03-00:39:35	14	1,729.439	68.789	10	0	0	0	0	0	0	1	1	0	0	14
2014/01/03-00:40:08	14	1,729.439	68.789	6	0	0	0	2	0	0	1	1	0	0	16
2014/01/03-00:40:42	14	1,729.439	68.789	8	0	0	0	2	0	0	1	1	0	0	26
2014/01/03-01:00:24	14	1,729.439	68.789	20	0	0	0	2	0	0	1	1	0	0	34
2014/01/03-01:01:17	14	1,729.439	68.789	11	0	0	1	0	0	0	1	1	0	0	60
2014/01/03-01:02:36	14	1,729.439	68.789	2	0	0	0	1	0	1	1	0	0	1	7
2014/01/03-01:03:14	14	1,729.439	68.789	6	0	0	0	1	0	1	1	0	0	1	21
2014/01/03-01:04:06	14	1,729.439	68.789	1	0	1	0	1	0	0	1	1	0	0	6
2014/01/03-01:15:40	11	1,753.034	62.986	2	0	0	0	0	0	1	1	0	0	1	7
2014/01/03-01:16:09	11	1,753.034	62.986	5	0	0	0	0	0	1	1	0	0	1	8
2014/01/03-01:16:38	11	1,753.034	62.986	15	0	0	0	1	0	1	1	0	0	1	44
2014/01/03-01:17:41	11	1,753.034	62.986	16	0	0	0	2	0	0	1	1	0	0	60
2014/01/03-01:19:00	11	1,753.034	62.986	10	0	1	2	0	0	0	1	0	0	1	37
2014/01/03-04:53:34	14	1,737.638	67.011	14	0	0	0	1	0	0	1	1	0	0	42
2014/01/03-04:54:35	14	1,737.638	67.011	9	0	0	2	0	0	0	1	1	0	0	36
2014/01/03-04:55:31	14	1,737.638	67.011	15	0	0	5	0	0	0	1	1	0	0	57
2014/01/03-04:56:46	14	1,737.638	67.011	1	0	0	0	1	0	0	1	1	0	0	3
2014/01/03-04:57:09	14	1,737.638	67.011	2	0	1	0	2	0	0	1	1	0	0	6
2014/01/03-05:09:48	10	1,760.053	64.613	2	0	1	0	0	0	0	1	0	0	1	8
2014/01/03-05:10:28	10	1,760.053	64.613	24	0	0	0	0	0	0	1	1	0	0	60
2014/01/03-05:11:46	10	1,760.053	64.613	1	0	1	0	0	0	0	1	0	0	1	7
2014/01/03-05:12:13	10	1,760.053	64.613	21	0	0	3	0	0	0	1	0	0	1	60
2014/01/03-05:13:32	10	1,760.053	64.613	18	0	0	2	1	0	1	1	0	0	1	42
2014/01/03-05:33:55	10	1,760.053	64.613	11	0	0	0	1	0	0	1	1	0	0	60
2014/01/03-05:35:14	10	1,760.053	64.613	4	0	0	0	1	0	1	1	0	0	1	21
2014/01/03-05:35:54	10	1,760.053	64.613	23	0	0	8	2	0	0	1	1	0	0	60
2014/01/03-05:37:14	10	1,760.053	64.613	7	0	1	1	0	0	0	1	0	0	1	24
2014/01/03-05:38:33	10	1,760.053	64.613	3	0	1	0	0	0	0	1	0	0	1	10
2014/01/03-15:37:21	9	1,759.983	70.173	2	0	1	0	0	0	0	1	0	0	1	7
2014/01/03-15:38:43	9	1,759.983	70.173	5	0	0	0	0	0	0	1	1	0	0	19
2014/01/03-15:39:26	9	1,759.983	70.173	0	0	1	0	0	0	0	1	0	0	1	6
2014/01/03-15:39:57	9	1,759.983	70.173	1	0	0	0	0	0	1	1	0	0	1	5
2014/01/03-15:41:21	9	1,759.983	70.173	3	0	0	0	0	0	1	1	0	0	1	10
2014/01/03-15:42:46	9	1,759.983	70.173	11	0	0	0	1	0	1	1	0	0	1	16
