2013/08/29-07:53:18	20	1,500	350.31	0	0	1	0	0	0	0	1	0	0	1	4
2013/08/29-07:53:52	20	1,500	350.31	0	0	1	0	0	0	0	1	0	0	1	6
2013/08/29-07:54:42	20	1,500	350.31	0	0	1	0	0	0	0	1	0	0	1	6
2013/08/29-07:55:42	20	1,500	350.31	0	0	1	0	0	0	0	1	0	0	1	6
2013/08/29-07:56:25	20	1,500	350.31	0	0	1	0	0	0	0	1	0	0	1	6
2013/08/29-07:57:49	20	1,500	350.31	0	0	0	0	0	0	0	1	1	0	0	3
2013/08/29-07:58:12	20	1,500	350.31	0	0	1	0	0	0	0	1	0	0	1	6
2013/08/29-07:58:36	20	1,500	350.31	0	0	1	0	0	0	0	1	0	0	1	3
2013/08/29-07:59:01	20	1,500	350.31	0	0	1	0	0	0	0	1	0	0	1	6
2013/08/29-07:59:28	20	1,500	350.31	0	0	1	0	0	0	0	1	0	0	1	6
2013/08/29-08:11:33	20	1,500	350.31	0	0	1	0	0	0	0	1	0	0	1	6
2013/08/29-08:11:57	20	1,500	350.31	0	0	1	0	0	0	0	1	0	0	1	3
2013/08/29-08:12:22	20	1,500	350.31	0	0	1	0	0	0	0	1	0	0	1	3
2013/08/29-08:12:44	20	1,500	350.31	0	0	1	0	0	0	0	1	0	0	1	6
2013/08/29-08:13:09	20	1,500	350.31	0	0	1	0	0	0	0	1	0	0	1	4
