2013/12/26-16:22:51	56	1,500	350.465	18	0	0	14	1	0	0	1	1	0	0	39
2013/12/26-16:23:54	56	1,500	350.465	11	0	0	9	1	0	0	1	1	0	0	34
2013/12/26-16:24:45	56	1,500	350.465	2	0	0	0	1	0	0	1	1	0	0	15
2013/12/26-16:25:19	56	1,500	350.465	2	0	0	0	1	0	0	1	1	0	0	11
2013/12/26-16:25:48	56	1,500	350.465	7	0	0	0	1	0	0	1	1	0	0	24
2013/12/26-16:26:30	56	1,500	350.465	7	0	0	0	1	0	0	1	1	0	0	24
2013/12/26-16:27:11	56	1,500	350.465	6	0	0	3	1	0	1	1	0	1	0	26
2013/12/26-16:27:56	56	1,500	350.465	7	0	0	3	1	0	1	1	0	1	0	35
2013/12/26-16:28:49	56	1,500	350.465	5	0	0	0	1	0	0	1	1	0	0	19
2013/12/26-16:29:26	56	1,500	350.465	5	0	0	0	1	0	0	1	1	0	0	24
2013/12/26-16:30:08	56	1,500	350.465	4	0	0	0	1	0	0	1	1	0	0	21
2013/12/26-16:30:47	56	1,500	350.465	4	0	0	0	1	0	0	1	1	0	0	21
2013/12/26-16:31:27	56	1,500	350.465	2	0	0	3	1	0	0	1	1	0	0	23
2013/12/26-16:32:08	56	1,500	350.465	1	0	0	3	0	0	0	1	0	1	0	30
2013/12/26-16:32:56	56	1,500	350.465	2	0	0	3	0	0	0	1	0	1	0	30
2013/12/26-16:33:40	56	1,500	350.465	6	0	0	4	0	0	0	1	0	1	0	30
2013/12/26-16:35:03	56	1,500	350.465	19	0	0	14	1	0	0	1	1	0	0	43
2013/12/26-16:36:01	56	1,500	350.465	15	0	0	10	1	0	0	1	1	0	0	40
2013/12/26-16:36:59	56	1,500	350.465	5	0	0	0	1	0	0	1	1	0	0	15
2013/12/26-16:37:33	56	1,500	350.465	12	0	0	0	0	0	0	1	0	1	0	30
2013/12/26-16:38:21	56	1,500	350.465	7	0	0	0	1	0	0	1	1	0	0	27
2013/12/26-16:39:06	56	1,500	350.465	9	0	0	0	1	0	0	1	1	0	0	29
2013/12/26-16:39:54	56	1,500	350.465	7	0	0	0	1	0	0	1	1	0	0	30
2013/12/26-16:40:42	56	1,500	350.465	8	0	0	0	1	0	0	1	1	0	0	35
2013/12/26-16:41:35	56	1,500	350.465	4	0	0	0	0	0	1	1	0	0	1	14
2013/12/26-16:42:08	56	1,500	350.465	5	0	0	0	1	0	0	1	1	0	0	18
2013/12/26-16:42:43	56	1,500	350.465	5	0	0	0	1	0	0	1	1	0	0	25
2013/12/26-16:43:26	56	1,500	350.465	4	0	0	0	1	0	0	1	1	0	0	21
2013/12/26-16:44:05	56	1,500	350.465	2	0	0	3	1	0	0	1	1	0	0	23
2013/12/26-16:44:46	56	1,500	350.465	3	0	0	3	0	0	0	1	0	1	0	30
2013/12/26-16:45:31	56	1,500	350.465	8	0	0	0	0	0	0	1	0	1	0	30
2013/12/26-16:46:16	56	1,500	350.465	2	0	0	0	1	0	0	1	1	0	0	8
2013/12/26-16:47:45	56	1,500	350.465	16	0	0	14	1	0	0	1	1	0	0	50
2013/12/26-16:48:51	56	1,500	350.465	9	0	0	6	1	0	0	1	1	0	0	32
2013/12/26-16:49:41	56	1,500	350.465	5	0	0	0	1	0	0	1	1	0	0	20
2013/12/26-16:50:19	56	1,500	350.465	5	0	0	0	1	0	0	1	1	0	0	20
2013/12/26-16:50:58	56	1,500	350.465	7	0	0	0	1	0	0	1	1	0	0	22
2013/12/26-16:51:38	56	1,500	350.465	8	0	0	0	1	0	0	1	1	0	0	22
2013/12/26-16:52:44	56	1,500	350.465	8	0	0	0	1	0	0	1	1	0	0	32
2013/12/26-16:53:35	56	1,500	350.465	7	0	0	0	1	0	0	1	1	0	0	29
2013/12/26-16:54:22	56	1,500	350.465	6	0	0	0	0	0	1	1	0	0	1	22
2013/12/26-16:55:03	56	1,500	350.465	7	0	0	0	0	0	1	1	0	0	1	28
2013/12/26-16:55:49	56	1,500	350.465	5	0	0	0	1	0	0	1	1	0	0	25
2013/12/26-16:56:33	56	1,500	350.465	5	0	0	0	0	0	0	1	0	1	0	30
2013/12/26-16:57:21	56	1,500	350.465	2	0	0	3	1	0	0	1	1	0	0	22
2013/12/26-16:58:00	56	1,500	350.465	2	0	0	3	1	0	1	1	0	1	0	22
2013/12/26-16:58:40	56	1,500	350.465	12	0	0	5	0	0	0	1	0	1	0	30
2013/12/26-16:59:28	56	1,500	350.465	2	0	0	0	1	0	0	1	1	0	0	8
2013/12/26-17:01:12	56	1,500	350.465	7	0	0	4	0	0	0	1	1	0	0	23
2013/12/26-17:01:55	56	1,500	350.465	7	0	0	3	0	0	1	1	0	0	1	31
2013/12/26-17:02:44	56	1,500	350.465	3	0	0	0	0	0	0	1	1	0	0	12
2013/12/26-17:03:15	56	1,500	350.465	3	0	0	0	0	0	0	1	1	0	0	12
2013/12/26-17:03:45	56	1,500	350.465	7	0	0	0	0	0	1	1	0	0	1	20
2013/12/26-17:04:19	56	1,500	350.465	6	0	0	0	0	0	1	1	0	0	1	20
2013/12/26-17:04:54	56	1,500	350.465	2	0	0	0	0	0	0	1	1	0	0	6
2013/12/26-17:05:18	56	1,500	350.465	1	0	0	0	0	0	0	1	1	0	0	4
2013/12/26-17:05:40	56	1,500	350.465	7	0	0	0	0	0	0	1	1	0	0	22
2013/12/26-17:06:20	56	1,500	350.465	2	0	1	0	0	0	0	1	0	1	0	9
2013/12/26-17:06:47	56	1,500	350.465	0	0	0	0	0	0	0	1	1	0	0	3
2013/12/26-17:07:08	56	1,500	350.465	0	0	0	0	0	0	0	1	1	0	0	3
2013/12/26-17:07:29	56	1,500	350.465	0	0	0	3	0	0	0	1	1	0	0	3
2013/12/26-17:07:50	56	1,500	350.465	0	0	0	3	0	0	0	1	1	0	0	3
2013/12/26-17:08:10	56	1,500	350.465	1	0	0	0	0	0	0	1	1	0	0	5
2013/12/26-17:08:34	56	1,500	350.465	1	0	0	0	0	0	0	1	1	0	0	7
2013/12/26-22:11:08	51	1,555.411	350	2	0	0	0	1	0	0	1	1	0	0	3
2013/12/26-22:11:27	51	1,555.411	350	5	0	1	1	0	0	0	1	0	0	1	11
2013/12/26-22:12:01	51	1,555.411	350	1	0	1	1	0	0	0	1	0	0	1	20
2013/12/26-22:12:35	51	1,555.411	350	3	0	0	0	1	0	0	1	1	0	0	14
2013/12/26-22:13:03	51	1,555.411	350	12	0	1	5	0	0	0	1	0	0	1	47
2013/12/26-22:14:05	51	1,555.411	350	1	0	0	0	1	0	1	1	0	0	1	5
2013/12/26-22:14:29	51	1,555.411	350	1	0	1	0	0	0	0	1	0	0	1	6
2013/12/26-22:19:21	51	1,555.411	350	2	0	1	0	0	0	0	1	0	0	1	8
2013/12/26-22:19:53	51	1,555.411	350	2	0	0	1	2	0	0	1	1	0	0	7
2013/12/26-22:20:19	51	1,555.411	350	12	0	1	0	0	0	0	1	0	0	1	43
2013/12/26-22:21:21	51	1,555.411	350	11	0	1	0	0	0	0	1	0	0	1	53
2013/12/26-22:22:38	51	1,555.411	350	2	0	1	0	0	0	0	1	0	0	1	18
2013/12/26-22:23:39	51	1,555.411	350	1	0	0	0	0	0	1	1	0	0	1	7
2013/12/26-22:24:45	51	1,555.411	350	1	0	0	0	0	0	1	1	0	0	1	3
2013/12/26-22:33:13	51	1,555.411	350	1	0	0	0	0	0	1	1	0	0	1	3
2013/12/26-22:34:49	51	1,555.411	350	4	0	0	1	0	0	1	1	0	0	1	17
2013/12/26-22:36:03	51	1,555.411	350	1	0	0	0	0	0	1	1	0	0	1	4
2013/12/26-22:36:28	51	1,555.411	350	1	0	1	0	0	0	0	1	0	0	1	6
2013/12/26-22:37:47	97	218.793	247.343	0	0	1	0	0	0	0	1	0	0	1	2
2013/12/26-22:38:15	97	218.793	247.343	1	0	0	0	0	0	1	1	0	0	1	4
2013/12/26-22:39:00	97	218.793	247.343	8	0	0	0	1	0	1	1	0	0	1	28
2013/12/26-23:01:16	97	218.793	247.343	4	0	1	1	0	0	0	1	0	0	1	12
2013/12/26-23:02:10	97	218.793	247.343	4	0	0	1	0	0	0	1	1	0	0	22
2013/12/26-23:02:50	97	218.793	247.343	5	0	0	0	0	0	1	1	0	0	1	21
2013/12/26-23:03:30	97	218.793	247.343	0	0	1	2	0	0	0	1	0	0	1	75
2013/12/26-23:05:10	97	218.793	247.343	5	0	0	0	0	0	1	1	0	0	1	21
2013/12/26-23:05:50	97	218.793	247.343	2	0	0	0	0	0	1	1	0	0	1	9
2013/12/26-23:06:25	97	218.793	247.343	1	0	0	0	0	0	1	1	0	0	1	6
2013/12/26-23:13:55	97	218.793	247.343	3	0	0	0	0	0	0	1	1	0	0	22
2013/12/26-23:14:36	97	218.793	247.343	1	0	0	0	0	0	1	1	0	0	1	3
2013/12/26-23:15:52	97	218.793	247.343	3	0	1	0	0	0	0	1	0	0	1	11
2013/12/26-23:16:22	97	218.793	247.343	0	0	1	0	0	0	0	1	0	0	1	3
2013/12/26-23:16:50	97	218.793	247.343	3	0	0	0	0	0	0	1	1	0	0	13
2013/12/26-23:17:22	97	218.793	247.343	3	0	0	1	0	0	0	1	1	0	0	17
2013/12/26-23:17:59	97	218.793	247.343	11	0	0	4	0	0	1	1	0	0	1	50
2013/12/26-23:48:57	88	1,136.532	199.375	0	0	1	0	0	0	0	1	0	0	1	71
2013/12/26-23:50:38	88	1,136.532	199.375	0	0	1	0	0	0	0	1	0	0	1	3
2013/12/26-23:51:26	88	1,136.532	199.375	3	0	0	0	0	0	1	1	0	0	1	14
2013/12/26-23:51:59	88	1,136.532	199.375	2	0	1	1	0	0	0	1	0	0	1	11
2013/12/26-23:53:09	88	1,136.532	199.375	9	0	0	3	0	0	0	1	1	0	0	37
2013/12/26-23:54:05	88	1,136.532	199.375	0	0	1	0	0	0	0	1	0	0	1	8
2013/12/26-23:54:31	88	1,136.532	199.375	1	0	0	0	1	0	1	1	0	0	1	7
2013/12/27-00:06:25	88	1,136.532	199.375	4	0	0	1	0	0	0	1	1	0	0	13
2013/12/27-00:06:58	88	1,136.532	199.375	4	0	0	0	0	0	1	1	0	0	1	11
2013/12/27-00:07:49	88	1,136.532	199.375	3	0	0	0	0	0	1	1	0	0	1	8
2013/12/27-00:08:19	88	1,136.532	199.375	1	0	0	0	1	0	1	1	1	0	0	3
2013/12/27-00:08:41	88	1,136.532	199.375	12	0	0	4	0	0	1	1	0	0	1	54
2013/12/27-00:10:02	88	1,136.532	199.375	1	0	0	0	0	0	0	1	1	0	0	7
2013/12/27-00:10:28	88	1,136.532	199.375	2	0	0	0	0	0	0	1	1	0	0	9
2013/12/27-00:36:17	1	1,903.648	159.12	5	0	1	0	0	0	0	1	0	0	1	15
2013/12/27-00:36:51	1	1,903.648	159.12	3	0	0	0	0	0	1	1	0	0	1	9
2013/12/27-00:37:19	1	1,903.648	159.12	1	0	0	0	0	0	1	1	0	0	1	4
2013/12/27-00:37:42	1	1,903.648	159.12	8	0	0	2	1	0	1	1	0	0	1	25
2013/12/27-00:38:26	1	1,903.648	159.12	0	0	1	0	0	0	0	1	0	0	1	4
2013/12/27-00:39:30	1	1,903.648	159.12	10	0	1	0	0	0	0	1	0	0	1	25
2013/12/27-00:40:44	1	1,903.648	159.12	12	0	0	0	0	0	0	1	1	0	0	58
2013/12/27-01:08:14	57	1,530.372	133.116	4	0	0	0	0	0	1	1	0	0	1	13
2013/12/27-01:09:10	57	1,530.372	133.116	1	0	1	0	0	0	0	1	0	0	1	4
2013/12/27-01:09:36	57	1,530.372	133.116	1	0	0	0	0	0	1	1	0	0	1	2
2013/12/27-01:10:34	57	1,530.372	133.116	2	0	0	0	1	0	1	1	0	0	1	3
2013/12/27-01:11:02	57	1,530.372	133.116	0	0	1	0	0	0	0	1	0	0	1	3
2013/12/27-01:11:53	57	1,530.372	133.116	6	0	0	0	2	0	0	1	1	0	0	20
2013/12/27-01:12:31	57	1,530.372	133.116	6	0	0	1	1	0	1	1	0	0	1	20
2013/12/27-01:13:17	57	1,530.372	133.116	1	0	0	0	0	0	1	1	0	0	1	3
2013/12/27-01:13:44	57	1,530.372	133.116	1	0	0	0	0	0	1	1	0	0	1	2
2013/12/27-01:14:16	57	1,530.372	133.116	1	0	0	0	0	0	1	1	0	0	1	1
2013/12/27-01:14:51	57	1,530.372	133.116	3	0	0	0	0	0	1	1	0	0	1	5
2013/12/27-01:16:15	57	1,530.372	133.116	0	0	1	0	0	0	0	1	0	0	1	3
2013/12/27-01:17:02	57	1,530.372	133.116	1	0	0	0	1	0	1	1	0	0	1	1
2013/12/27-01:17:35	57	1,530.372	133.116	1	0	0	0	0	0	0	1	1	0	0	9
2013/12/27-01:26:46	57	1,530.372	133.116	6	0	0	5	0	0	1	1	0	0	1	30
2013/12/27-01:27:56	57	1,530.372	133.116	3	0	0	0	1	0	0	1	1	0	0	13
2013/12/27-01:28:28	57	1,530.372	133.116	0	0	1	0	0	0	0	1	0	0	1	3
2013/12/27-01:28:49	57	1,530.372	133.116	2	0	0	0	0	0	1	1	0	0	1	6
2013/12/27-01:29:32	57	1,530.372	133.116	9	0	0	1	1	0	0	1	1	0	0	28
2013/12/27-01:30:18	57	1,530.372	133.116	2	0	0	0	1	0	1	1	0	0	1	9
2013/12/27-01:30:46	57	1,530.372	133.116	0	0	1	2	0	0	0	1	0	0	1	63
2013/12/27-01:49:59	53	1,569.177	102.485	5	0	1	0	1	0	0	1	0	0	1	23
2013/12/27-01:50:41	53	1,569.177	102.485	8	0	0	0	0	0	0	1	1	0	0	25
2013/12/27-01:51:24	53	1,569.177	102.485	0	0	1	0	0	0	0	1	0	0	1	3
2013/12/27-01:51:46	53	1,569.177	102.485	10	0	0	1	0	0	1	1	0	0	1	28
2013/12/27-01:52:34	53	1,569.177	102.485	14	0	0	4	0	0	0	1	1	0	0	57
2013/12/27-01:53:50	53	1,569.177	102.485	1	0	1	1	0	0	0	1	0	0	1	6
2013/12/27-01:54:22	53	1,569.177	102.485	2	0	1	0	0	0	0	1	0	0	1	8
2013/12/27-02:27:26	49	1,586.928	89.63	0	0	1	0	0	0	0	1	0	0	1	6
2013/12/27-02:27:50	49	1,586.928	89.63	1	0	0	0	0	0	0	1	1	0	0	4
2013/12/27-02:28:13	49	1,586.928	89.63	0	0	1	0	0	0	0	1	0	0	1	4
2013/12/27-02:28:36	49	1,586.928	89.63	4	0	0	0	0	0	0	1	1	0	0	20
2013/12/27-02:29:15	49	1,586.928	89.63	7	0	0	3	0	0	1	1	0	0	1	24
2013/12/27-02:29:58	49	1,586.928	89.63	6	0	1	0	0	0	0	1	0	0	1	31
2013/12/27-02:30:59	49	1,586.928	89.63	6	0	1	1	0	0	0	1	0	0	1	18
2013/12/27-02:49:43	49	1,586.928	89.63	1	0	0	1	0	0	1	1	0	0	1	3
2013/12/27-02:50:13	49	1,586.928	89.63	2	0	0	0	0	0	1	1	0	0	1	10
2013/12/27-02:51:21	49	1,586.928	89.63	2	0	0	0	0	0	1	1	0	0	1	5
2013/12/27-02:52:12	49	1,586.928	89.63	1	0	0	0	0	0	1	1	0	0	1	3
2013/12/27-02:52:42	49	1,586.928	89.63	5	0	0	0	0	0	1	1	0	0	1	20
2013/12/27-02:53:21	49	1,586.928	89.63	3	0	0	0	1	0	1	1	0	0	1	10
2013/12/27-02:53:52	49	1,586.928	89.63	2	0	1	0	0	0	0	1	0	0	1	11
2013/12/27-02:54:47	49	1,586.928	89.63	2	0	0	0	0	0	1	1	0	0	1	7
2013/12/27-02:55:24	49	1,586.928	89.63	0	0	1	0	0	0	0	1	0	0	1	6
2013/12/27-02:55:57	49	1,586.928	89.63	0	0	1	0	0	0	0	1	0	0	1	1
2013/12/27-02:56:24	49	1,586.928	89.63	3	0	1	0	0	0	0	1	0	0	1	5
2013/12/27-02:56:52	49	1,586.928	89.63	1	0	1	0	0	0	0	1	0	0	1	4
2013/12/27-02:57:30	66	1,435.242	72.943	3	0	1	0	0	0	0	1	0	0	1	13
2013/12/27-02:58:04	66	1,435.242	72.943	4	0	0	0	1	0	1	1	0	0	1	11
2013/12/27-07:30:59	66	1,435.242	72.943	0	0	1	0	0	0	0	1	0	0	1	3
2013/12/27-07:31:21	66	1,435.242	72.943	9	0	0	3	0	0	1	1	0	0	1	40
2013/12/27-07:32:20	66	1,435.242	72.943	4	0	0	1	0	0	1	1	0	0	1	7
2013/12/27-07:33:00	66	1,435.242	72.943	2	0	0	0	0	0	1	1	0	0	1	9
2013/12/27-07:34:19	66	1,435.242	72.943	1	0	0	0	1	0	0	1	1	0	0	10
2013/12/27-07:34:48	66	1,435.242	72.943	2	0	0	0	1	0	1	1	0	0	1	10
2013/12/27-07:35:16	66	1,435.242	72.943	0	0	1	0	0	0	0	1	0	0	1	4
2013/12/27-07:36:51	66	1,435.242	72.943	13	0	0	5	0	0	1	1	0	0	1	59
2013/12/27-07:38:15	66	1,435.242	72.943	6	0	1	2	0	0	0	1	0	0	1	25
2013/12/27-07:39:04	66	1,435.242	72.943	2	0	0	0	0	0	1	1	0	0	1	5
2013/12/27-07:39:27	66	1,435.242	72.943	1	0	0	0	0	0	1	1	0	0	1	3
2013/12/27-07:39:49	66	1,435.242	72.943	1	0	0	0	0	0	1	1	0	0	1	4
2013/12/27-07:40:22	66	1,435.242	72.943	4	0	0	0	1	0	0	1	1	0	0	36
2013/12/27-07:41:17	66	1,435.242	72.943	0	0	1	1	0	0	0	1	1	0	0	4
2013/12/27-08:23:47	65	1,458.551	62.728	5	0	0	0	0	0	1	1	0	0	1	16
2013/12/27-08:24:22	65	1,458.551	62.728	2	0	0	0	0	0	1	1	0	0	1	7
2013/12/27-08:25:20	65	1,458.551	62.728	2	0	0	0	0	0	0	1	1	0	0	10
2013/12/27-08:25:49	65	1,458.551	62.728	0	0	0	0	0	0	0	1	1	0	0	3
2013/12/27-08:26:11	65	1,458.551	62.728	6	0	0	1	0	0	1	1	0	0	1	19
2013/12/27-08:27:07	65	1,458.551	62.728	0	0	0	4	0	0	0	1	1	0	0	33
2013/12/27-08:27:58	65	1,458.551	62.728	5	0	0	1	0	0	0	1	1	0	0	19
2013/12/27-08:40:25	59	1,506.435	58.52	0	0	1	0	0	0	0	1	0	0	1	3
2013/12/27-08:40:54	59	1,506.435	58.52	2	0	0	0	0	0	1	1	0	0	1	8
2013/12/27-08:41:21	59	1,506.435	58.52	0	0	1	1	0	0	0	1	0	0	1	3
2013/12/27-08:41:43	59	1,506.435	58.52	2	0	0	0	0	0	1	1	0	0	1	5
2013/12/27-08:42:16	59	1,506.435	58.52	9	0	1	0	0	0	0	1	0	0	1	35
2013/12/27-08:43:37	59	1,506.435	58.52	2	0	0	0	0	0	1	1	0	0	1	8
2013/12/27-08:44:40	59	1,506.435	58.52	1	0	0	0	0	0	1	1	0	0	1	3
2013/12/27-08:45:47	59	1,506.435	58.52	11	0	0	0	0	0	0	1	1	0	0	46
2013/12/27-08:46:52	59	1,506.435	58.52	0	0	1	0	0	0	0	1	0	0	1	2
2013/12/27-08:48:11	59	1,506.435	58.52	9	0	0	2	0	0	1	1	0	0	1	34
2013/12/27-08:49:04	59	1,506.435	58.52	0	0	1	0	0	0	0	1	0	0	1	12
2013/12/27-08:50:21	59	1,506.435	58.52	1	0	0	0	0	0	1	1	0	0	1	3
2013/12/27-08:51:03	59	1,506.435	58.52	22	0	1	0	0	0	0	1	0	0	1	87
2013/12/27-08:52:49	59	1,506.435	58.52	2	0	0	0	1	0	1	1	0	0	1	9
2013/12/27-09:09:56	59	1,506.435	58.52	4	0	0	0	1	0	1	1	0	0	1	24
2013/12/27-09:10:39	59	1,506.435	58.52	0	0	1	0	0	0	0	1	0	0	1	4
2013/12/27-09:12:26	59	1,506.435	58.52	6	0	0	2	1	0	0	1	1	0	0	20
2013/12/27-09:13:05	59	1,506.435	58.52	8	0	0	1	1	0	0	1	1	0	0	26
2013/12/27-09:13:49	59	1,506.435	58.52	0	0	1	0	0	0	0	1	0	0	1	6
2013/12/27-09:15:08	59	1,506.435	58.52	2	0	0	0	0	0	1	1	0	0	1	7
2013/12/27-09:16:38	59	1,506.435	58.52	1	0	0	0	0	0	1	1	0	0	1	6
2013/12/27-09:21:42	59	1,506.435	58.52	4	0	0	0	1	0	0	1	1	0	0	19
2013/12/27-09:22:19	59	1,506.435	58.52	2	0	1	0	0	0	0	1	0	0	1	5
2013/12/27-09:22:48	58	1,512.484	50.716	2	0	1	0	0	0	0	1	0	0	1	14
2013/12/27-09:23:21	58	1,512.484	50.716	9	0	0	10	0	0	1	1	0	0	1	50
2013/12/27-09:24:45	58	1,512.484	50.716	0	0	1	1	0	0	0	1	0	0	1	3
2013/12/27-09:25:08	58	1,512.484	50.716	6	0	1	1	0	0	0	1	0	0	1	26
2013/12/27-09:25:53	58	1,512.484	50.716	0	0	1	0	0	0	0	1	0	0	1	9
2013/12/27-12:45:35	58	1,502.106	53.368	4	0	0	0	2	0	1	1	0	0	1	18
2013/12/27-12:46:13	58	1,502.106	53.368	20	0	0	0	0	0	0	1	1	0	0	60
2013/12/27-12:47:32	58	1,502.106	53.368	12	0	0	0	2	0	0	1	1	0	0	60
2013/12/27-12:48:51	58	1,502.106	53.368	3	0	1	0	0	0	0	1	0	0	1	17
2013/12/27-12:50:10	58	1,502.106	53.368	19	0	0	3	0	0	0	1	1	0	0	60
2013/12/27-13:10:05	58	1,514.789	51.22	8	0	0	0	0	0	1	1	0	0	1	27
2013/12/27-13:11:08	58	1,514.789	51.22	3	0	0	0	2	0	0	1	1	0	0	8
2013/12/27-13:11:36	58	1,514.789	51.22	3	0	0	0	3	0	1	1	1	0	0	15
2013/12/27-13:12:10	58	1,514.789	51.22	2	0	0	0	0	0	0	1	1	0	0	16
2013/12/27-13:12:44	58	1,514.789	51.22	0	0	0	0	0	0	0	1	1	0	0	3
2013/12/27-13:26:57	58	1,514.789	51.22	0	0	0	0	0	0	0	1	1	0	0	5
2013/12/27-13:27:22	58	1,514.789	51.22	0	0	0	0	0	0	0	1	1	0	0	6
2013/12/27-13:27:47	58	1,514.789	51.22	6	0	0	0	1	0	0	1	1	0	0	52
2013/12/27-13:28:58	58	1,514.789	51.22	4	0	0	0	1	0	1	1	0	0	1	18
2013/12/27-13:29:35	58	1,514.789	51.22	0	0	1	0	0	0	0	1	0	0	1	3
2013/12/27-19:51:03	50	1,552.449	52.622	5	0	0	1	0	0	0	1	1	0	0	15
2013/12/27-19:51:38	50	1,552.449	52.622	8	0	0	0	0	0	0	1	1	0	0	25
2013/12/27-19:52:22	50	1,552.449	52.622	0	0	1	0	0	0	0	1	0	0	1	7
2013/12/27-19:52:48	50	1,552.449	52.622	1	0	0	0	0	0	1	1	0	0	1	3
2013/12/27-19:53:16	50	1,552.449	52.622	2	0	1	0	1	0	0	1	0	0	1	10
2013/12/27-20:07:40	50	1,565.825	50.741	5	0	0	0	0	0	1	1	0	0	1	24
2013/12/27-20:08:49	50	1,565.825	50.741	1	0	1	0	0	0	0	1	0	0	1	7
2013/12/27-20:09:28	50	1,565.825	50.741	2	0	0	0	0	0	1	1	0	0	1	11
2013/12/27-20:10:10	50	1,565.825	50.741	0	0	1	0	0	0	0	1	0	0	1	3
2013/12/27-20:11:00	50	1,565.825	50.741	8	0	0	0	0	0	1	1	0	0	1	46
2013/12/27-20:20:41	50	1,565.825	50.741	4	0	1	0	0	0	0	1	0	0	1	29
2013/12/27-20:21:30	50	1,565.825	50.741	2	0	0	0	0	0	1	1	0	0	1	4
2013/12/27-20:22:39	50	1,565.825	50.741	1	0	0	0	0	0	1	1	0	0	1	4
2013/12/27-20:23:41	50	1,565.825	50.741	8	0	0	0	0	0	1	1	0	0	1	21
2013/12/27-20:24:21	50	1,565.825	50.741	2	0	0	0	0	0	1	1	0	0	1	6
2013/12/27-20:32:41	51	1,555.72	47.706	7	0	1	0	1	0	0	1	0	0	1	33
2013/12/27-20:33:34	51	1,555.72	47.706	0	0	0	0	0	0	0	1	1	0	0	8
2013/12/27-20:34:01	51	1,555.72	47.706	1	0	0	0	1	0	1	1	0	0	1	4
2013/12/27-20:34:24	51	1,555.72	47.706	1	0	0	0	0	0	1	1	0	0	1	3
2013/12/27-20:35:11	51	1,555.72	47.706	1	0	0	0	0	0	1	1	0	0	1	3
2013/12/27-20:45:51	51	1,555.72	47.706	1	0	0	0	1	0	1	1	1	0	0	9
2013/12/27-20:46:19	51	1,555.72	47.706	6	0	0	0	1	0	0	1	1	0	0	34
2013/12/27-20:47:12	51	1,555.72	47.706	11	0	1	5	0	0	0	1	0	0	1	46
2013/12/27-20:48:17	51	1,555.72	47.706	5	0	0	0	1	0	0	1	1	0	0	14
2013/12/27-20:48:50	51	1,555.72	47.706	3	0	0	0	1	0	1	1	0	0	1	10
2013/12/27-21:01:02	51	1,572.827	45.121	3	0	0	0	1	0	0	1	1	0	0	14
2013/12/27-21:01:35	51	1,572.827	45.121	8	0	0	1	2	0	0	1	1	0	0	27
2013/12/27-21:02:21	51	1,572.827	45.121	1	0	0	0	0	0	1	1	0	0	1	6
2013/12/27-21:02:46	51	1,572.827	45.121	0	0	1	0	0	0	0	1	0	0	1	5
2013/12/27-21:03:10	51	1,572.827	45.121	4	0	1	0	0	0	0	1	0	0	1	14
2013/12/27-21:22:17	51	1,572.827	45.121	6	0	0	1	0	0	0	1	1	0	0	21
2013/12/27-21:22:57	51	1,572.827	45.121	0	0	1	0	0	0	0	1	0	0	1	3
2013/12/27-21:23:26	51	1,572.827	45.121	5	0	1	0	0	0	0	1	0	0	1	23
2013/12/27-21:24:08	51	1,572.827	45.121	1	0	1	0	1	0	0	1	0	0	1	6
2013/12/27-21:24:39	51	1,572.827	45.121	1	0	0	0	0	0	1	1	0	0	1	5
2013/12/27-21:32:14	48	1,586.689	42.781	1	0	1	0	0	0	0	1	0	0	1	3
2013/12/27-21:32:50	48	1,586.689	42.781	1	0	1	0	0	0	0	1	0	0	1	6
2013/12/27-21:33:29	48	1,586.689	42.781	1	0	1	0	0	0	0	1	0	0	1	4
2013/12/27-21:34:24	48	1,586.689	42.781	4	0	0	0	0	0	1	1	0	0	1	12
2013/12/27-21:35:11	48	1,586.689	42.781	1	0	1	0	0	0	0	1	0	0	1	6
2013/12/27-22:00:59	48	1,586.689	42.781	1	0	0	0	1	0	1	1	0	0	1	4
2013/12/27-22:01:22	48	1,586.689	42.781	0	0	1	0	0	0	0	1	0	0	1	7
2013/12/27-22:01:48	48	1,586.689	42.781	10	0	1	0	1	0	0	1	0	0	1	35
2013/12/27-22:02:41	48	1,586.689	42.781	1	0	1	0	0	0	0	1	0	0	1	3
2013/12/27-22:03:03	48	1,586.689	42.781	4	0	0	0	0	0	1	1	0	0	1	15
2013/12/27-22:18:37	50	1,578.856	40.884	1	0	1	0	0	0	0	1	0	0	1	9
2013/12/27-22:19:39	50	1,578.856	40.884	4	0	1	0	0	0	0	1	0	0	1	23
2013/12/27-22:20:59	50	1,578.856	40.884	1	0	0	0	0	0	1	1	0	0	1	6
2013/12/27-22:21:24	50	1,578.856	40.884	1	0	1	0	0	0	0	1	0	0	1	3
2013/12/27-22:21:56	50	1,578.856	40.884	3	0	0	0	0	0	1	1	0	0	1	9
2013/12/27-22:22:33	50	1,578.856	40.884	2	0	1	0	0	0	0	1	0	0	1	19
2013/12/27-22:23:20	50	1,578.856	40.884	3	0	0	0	0	0	1	1	0	0	1	9
2013/12/27-22:24:03	50	1,578.856	40.884	0	0	1	0	0	0	0	1	0	0	1	15
2013/12/27-22:24:37	50	1,578.856	40.884	2	0	0	0	0	0	1	1	0	0	1	6
2013/12/27-22:42:30	50	1,578.856	40.884	9	0	1	0	1	0	0	1	0	0	1	27
2013/12/27-23:02:24	50	1,578.856	40.884	7	0	0	0	2	0	0	1	1	0	0	29
2013/12/27-23:03:12	50	1,578.856	40.884	7	0	1	0	0	0	0	1	0	0	1	36
2013/12/27-23:04:07	50	1,578.856	40.884	5	0	0	0	1	0	0	1	1	0	0	24
2013/12/27-23:04:49	50	1,578.856	40.884	0	0	1	0	0	0	0	1	0	0	1	9
2013/12/27-23:05:17	50	1,578.856	40.884	7	0	0	0	2	0	1	1	1	0	0	20
2013/12/27-23:30:24	49	1,580.268	38.664	8	0	1	0	1	0	0	1	0	0	1	31
2013/12/27-23:31:15	49	1,580.268	38.664	1	0	1	1	0	0	0	1	0	0	1	10
2013/12/27-23:32:00	49	1,580.268	38.664	2	0	0	0	1	0	1	1	0	0	1	6
2013/12/27-23:32:59	49	1,580.268	38.664	4	0	0	0	0	0	1	1	0	0	1	26
2013/12/27-23:33:44	49	1,580.268	38.664	0	0	0	0	0	0	0	1	1	0	0	4
2013/12/27-23:38:01	49	1,580.268	38.664	4	0	0	0	0	0	1	1	0	0	1	18
2013/12/27-23:39:04	49	1,580.268	38.664	8	0	0	0	0	0	0	1	1	0	0	60
2013/12/27-23:40:23	49	1,584.258	37.839	1	0	1	0	0	0	0	1	0	0	1	8
2013/12/27-23:41:04	49	1,584.258	37.839	2	0	0	0	1	0	1	1	0	0	1	10
2013/12/27-23:41:33	49	1,584.258	37.839	1	0	0	0	0	0	0	1	1	0	0	9
2013/12/27-23:54:14	49	1,584.258	37.839	1	0	1	0	0	0	0	1	0	0	1	8
2013/12/27-23:54:57	49	1,584.258	37.839	2	0	0	0	0	0	1	1	0	0	1	10
2013/12/27-23:55:51	49	1,584.258	37.839	0	0	1	0	0	0	0	1	0	0	1	9
2013/12/27-23:56:27	49	1,584.258	37.839	3	0	0	0	0	0	0	1	1	0	0	19
2013/12/27-23:57:05	49	1,584.258	37.839	7	0	0	0	2	0	1	1	0	0	1	30
2013/12/28-00:09:58	49	1,584.258	37.839	0	0	1	0	0	0	0	1	0	0	1	10
2013/12/28-00:10:36	49	1,584.258	37.839	2	0	1	0	0	0	0	1	0	0	1	13
2013/12/28-00:11:26	49	1,584.258	37.839	2	0	1	0	0	0	0	1	0	0	1	10
2013/12/28-00:12:08	49	1,579.307	36.418	1	0	0	0	0	0	1	1	0	0	1	4
2013/12/28-00:12:36	49	1,579.307	36.418	1	0	0	0	0	0	1	1	0	0	1	3
2013/12/28-00:20:06	49	1,579.307	36.418	4	0	1	0	0	0	0	1	0	0	1	20
2013/12/28-00:20:45	49	1,579.307	36.418	2	0	0	0	2	0	1	1	0	0	1	6
2013/12/28-00:21:11	49	1,579.307	36.418	6	0	0	0	0	0	0	1	1	0	0	19
2013/12/28-00:21:49	49	1,579.307	36.418	2	0	0	0	0	0	0	1	1	0	0	12
2013/12/28-00:22:20	49	1,579.307	36.418	6	0	0	2	0	0	1	1	0	0	1	19
2013/12/28-00:36:18	49	1,579.307	36.418	1	0	0	0	0	0	1	1	0	0	1	7
2013/12/28-00:36:44	49	1,579.307	36.418	1	0	1	0	0	0	0	1	0	0	1	11
2013/12/28-00:37:18	49	1,579.307	36.418	6	0	1	0	1	0	0	1	0	0	1	19
2013/12/28-00:37:57	49	1,579.307	36.418	2	0	0	0	0	0	1	1	0	0	1	7
2013/12/28-00:38:32	47	1,589.693	35.347	3	0	1	0	0	0	0	1	0	0	1	25
2013/12/28-00:58:46	47	1,589.693	35.347	7	0	0	0	1	0	0	1	1	0	0	24
2013/12/28-00:59:30	47	1,589.693	35.347	2	0	0	0	1	0	0	1	1	0	0	6
2013/12/28-00:59:56	47	1,589.693	35.347	5	0	0	0	0	0	1	1	0	0	1	26
2013/12/28-01:00:57	47	1,589.693	35.347	1	0	0	0	0	0	1	1	0	0	1	15
2013/12/28-01:01:56	47	1,589.693	35.347	0	0	1	0	0	0	0	1	0	0	1	6
2013/12/28-01:08:32	46	1,594.812	35.013	1	0	1	0	0	0	0	1	0	0	1	3
2013/12/28-01:09:24	46	1,594.812	35.013	2	0	1	0	0	0	0	1	0	0	1	20
2013/12/28-01:10:03	46	1,594.812	35.013	9	0	1	0	0	0	0	1	0	0	1	33
2013/12/28-01:10:55	46	1,594.812	35.013	1	0	1	0	0	0	0	1	0	0	1	3
2013/12/28-01:11:32	46	1,594.812	35.013	1	0	0	0	0	0	1	1	0	0	1	3
2013/12/28-01:24:38	46	1,594.812	35.013	7	0	0	0	2	0	0	1	1	0	0	18
2013/12/28-01:25:15	46	1,594.812	35.013	13	0	0	0	2	0	0	1	1	0	0	49
2013/12/28-01:26:24	46	1,594.812	35.013	7	0	0	0	2	0	0	1	1	0	0	28
2013/12/28-01:27:11	46	1,594.812	35.013	1	0	0	0	0	0	1	1	0	0	1	4
2013/12/28-01:28:30	46	1,594.812	35.013	4	0	0	0	1	0	1	1	0	0	1	18
2013/12/28-01:42:18	46	1,594.812	35.013	0	0	0	0	0	0	0	1	1	0	0	4
2013/12/28-01:42:41	43	1,605.31	33.984	6	0	0	1	0	0	0	1	1	0	0	31
2013/12/28-01:43:31	43	1,605.31	33.984	3	0	0	0	0	0	1	1	0	0	1	15
2013/12/28-01:44:05	43	1,605.31	33.984	1	0	0	0	0	0	1	1	0	0	1	3
2013/12/28-01:44:40	43	1,605.31	33.984	7	0	0	0	1	0	0	1	1	0	0	32
2013/12/28-01:59:43	43	1,605.31	33.984	1	0	0	0	0	0	1	1	0	0	1	3
2013/12/28-02:00:21	43	1,605.31	33.984	2	0	0	0	0	0	1	1	0	0	1	14
2013/12/28-02:00:53	43	1,605.31	33.984	3	0	0	0	1	0	0	1	1	0	0	11
2013/12/28-02:01:24	43	1,605.31	33.984	2	0	1	0	0	0	0	1	0	0	1	14
2013/12/28-02:02:10	43	1,605.31	33.984	1	0	0	0	0	0	1	1	0	0	1	5
2013/12/28-02:18:08	41	1,611.982	33.404	1	0	0	0	0	0	1	1	0	0	1	2
2013/12/28-02:19:16	41	1,611.982	33.404	3	0	0	1	0	0	1	1	0	0	1	9
2013/12/28-02:20:13	41	1,611.982	33.404	1	0	1	0	0	0	0	1	0	0	1	2
2013/12/28-02:20:52	41	1,611.982	33.404	0	0	1	0	0	0	0	1	0	0	1	4
2013/12/28-02:21:34	41	1,611.982	33.404	2	0	0	0	0	0	1	1	0	0	1	6
2013/12/28-02:25:52	41	1,611.982	33.404	7	0	1	1	0	0	0	1	0	0	1	19
2013/12/28-02:26:35	41	1,611.982	33.404	4	0	0	0	0	0	1	1	0	0	1	17
2013/12/28-02:27:11	41	1,611.982	33.404	2	0	0	0	0	0	1	1	0	0	1	7
2013/12/28-02:27:37	41	1,611.982	33.404	2	0	0	0	1	0	1	1	0	0	1	6
2013/12/28-02:28:03	41	1,611.982	33.404	0	0	1	0	0	0	0	1	0	0	1	7
2013/12/28-02:42:11	41	1,611.982	33.404	8	0	0	0	0	0	0	1	1	0	0	41
2013/12/28-02:43:11	41	1,611.982	33.404	2	0	1	0	0	0	0	1	0	0	1	13
2013/12/28-02:43:44	41	1,611.982	33.404	15	0	0	0	0	0	0	1	1	0	0	60
2013/12/28-02:45:03	40	1,612.845	32.501	5	0	0	0	0	0	0	1	1	0	0	28
2013/12/28-02:45:50	40	1,612.845	32.501	4	0	1	0	0	0	0	1	0	0	1	16
2013/12/28-02:59:28	40	1,612.845	32.501	1	0	1	0	0	0	0	1	0	0	1	3
2013/12/28-03:00:00	40	1,612.845	32.501	2	0	1	0	0	0	0	1	0	0	1	13
2013/12/28-03:00:37	40	1,612.845	32.501	0	0	1	0	0	0	0	1	0	0	1	3
2013/12/28-03:01:38	40	1,612.845	32.501	1	0	0	0	0	0	0	1	1	0	0	11
2013/12/28-03:02:08	40	1,612.845	32.501	2	0	0	0	0	0	1	1	0	0	1	7
2013/12/28-03:03:06	40	1,612.845	32.501	1	0	1	0	0	0	0	1	0	0	1	5
2013/12/28-03:03:32	40	1,612.845	32.501	6	0	0	0	0	0	1	1	0	0	1	39
2013/12/28-03:04:30	40	1,612.845	32.501	5	0	0	1	0	0	1	1	0	0	1	36
2013/12/28-03:05:25	40	1,612.845	32.501	3	0	0	0	0	0	1	1	0	0	1	22
2013/12/28-03:06:06	40	1,612.845	32.501	2	0	0	0	0	0	1	1	0	0	1	8
2013/12/28-03:25:21	39	1,620.111	31.781	0	0	1	0	0	0	0	1	0	0	1	5
2013/12/28-03:25:51	39	1,620.111	31.781	2	0	1	0	0	0	0	1	0	0	1	10
2013/12/28-03:26:20	39	1,620.111	31.781	5	0	1	1	0	0	0	1	0	0	1	19
2013/12/28-03:27:39	39	1,620.111	31.781	1	0	0	0	0	0	1	1	0	0	1	3
2013/12/28-03:28:05	39	1,620.111	31.781	11	0	0	0	1	0	1	1	0	0	1	29
2013/12/28-03:36:29	39	1,620.111	31.781	2	0	0	0	1	0	1	1	0	0	1	9
2013/12/28-03:37:02	39	1,620.111	31.781	0	0	1	0	0	0	0	1	1	0	0	4
2013/12/28-03:37:25	39	1,620.111	31.781	3	0	1	0	1	0	0	1	0	0	1	21
2013/12/28-03:38:05	39	1,620.111	31.781	2	0	0	0	1	0	0	1	1	0	0	5
2013/12/28-03:38:29	39	1,620.111	31.781	4	0	0	0	1	0	1	1	0	0	1	17
2013/12/28-03:53:30	38	1,623.707	31.147	4	0	0	0	0	0	1	1	0	0	1	25
2013/12/28-03:54:14	38	1,623.707	31.147	2	0	1	0	0	0	0	1	1	0	0	6
2013/12/28-03:54:39	38	1,623.707	31.147	1	0	0	0	0	0	1	1	0	0	1	5
2013/12/28-03:55:10	38	1,623.707	31.147	1	0	0	0	0	0	0	1	1	0	0	7
2013/12/28-03:55:36	38	1,623.707	31.147	2	0	0	0	0	0	1	1	0	0	1	8
2013/12/28-04:01:50	38	1,623.707	31.147	1	0	0	0	0	0	1	1	0	0	1	5
2013/12/28-04:02:26	38	1,623.707	31.147	1	0	1	0	0	0	0	1	0	0	1	3
2013/12/28-04:03:05	38	1,623.707	31.147	5	0	0	0	0	0	1	1	0	0	1	16
2013/12/28-04:03:39	38	1,623.707	31.147	2	0	0	0	0	0	1	1	0	0	1	13
2013/12/28-04:04:12	38	1,623.707	31.147	1	0	0	0	0	0	1	1	0	0	1	3
2013/12/28-04:14:55	38	1,618.543	30.798	1	0	1	0	0	0	0	1	0	0	1	6
2013/12/28-04:15:24	38	1,618.543	30.798	7	0	0	0	0	0	0	1	1	0	0	24
2013/12/28-04:16:07	38	1,618.543	30.798	1	0	1	0	1	0	0	1	0	0	1	4
2013/12/28-04:16:42	38	1,618.543	30.798	1	0	1	0	0	0	0	1	0	0	1	2
2013/12/28-04:17:13	38	1,618.543	30.798	3	0	0	0	0	0	1	1	0	0	1	6
2013/12/28-04:29:58	38	1,618.543	30.798	6	0	0	0	1	0	0	1	1	0	0	23
2013/12/28-04:30:40	38	1,618.543	30.798	2	0	0	0	0	0	1	1	0	0	1	38
2013/12/28-04:31:38	38	1,618.543	30.798	14	0	0	0	0	0	1	1	0	0	1	41
2013/12/28-04:32:38	38	1,618.543	30.798	2	0	0	0	1	0	1	1	0	0	1	6
2013/12/28-04:33:04	38	1,618.543	30.798	8	0	0	0	1	0	0	1	1	0	0	37
2013/12/28-04:42:43	38	1,623.784	30.41	2	0	0	0	0	0	1	1	0	0	1	10
2013/12/28-04:43:14	38	1,623.784	30.41	3	0	0	0	1	0	1	1	0	0	1	18
2013/12/28-04:43:58	38	1,623.784	30.41	0	0	1	0	0	0	0	1	0	0	1	4
2013/12/28-04:44:35	38	1,623.784	30.41	1	0	1	0	0	0	0	1	0	0	1	10
2013/12/28-04:45:07	38	1,623.784	30.41	14	0	0	0	1	0	0	1	1	0	0	40
2013/12/28-04:58:06	38	1,623.784	30.41	4	0	1	0	1	0	0	1	0	0	1	14
2013/12/28-04:58:39	38	1,623.784	30.41	2	0	0	0	0	0	1	1	0	0	1	5
2013/12/28-04:59:58	38	1,623.784	30.41	7	0	1	1	0	0	0	1	0	0	1	33
2013/12/28-05:01:17	38	1,623.784	30.41	2	0	1	0	0	0	0	1	0	0	1	6
2013/12/28-05:01:55	38	1,623.784	30.41	4	0	0	0	1	0	0	1	1	0	0	30
2013/12/28-05:07:21	38	1,623.882	30.024	16	0	0	0	0	0	0	1	1	0	0	60
2013/12/28-05:08:40	38	1,623.882	30.024	4	0	0	0	2	0	0	1	1	0	0	14
2013/12/28-05:09:14	38	1,623.882	30.024	1	0	0	0	1	0	1	1	0	0	1	15
2013/12/28-05:09:47	38	1,623.882	30.024	8	0	1	2	0	0	0	1	0	0	1	22
2013/12/28-05:10:38	38	1,623.882	30.024	3	0	1	0	0	0	0	1	0	0	1	21
2013/12/28-05:34:45	38	1,623.882	30.024	6	0	1	0	0	0	0	1	0	0	1	22
2013/12/28-05:35:32	38	1,623.882	30.024	5	0	0	0	0	0	1	1	0	0	1	24
2013/12/28-05:36:15	38	1,623.882	30.024	0	0	1	0	0	0	0	1	0	0	1	3
2013/12/28-05:37:34	38	1,623.882	30.024	1	0	1	0	0	0	0	1	0	0	1	3
2013/12/28-05:38:13	38	1,625.374	29.842	10	0	0	0	0	0	0	1	1	0	0	60
2013/12/28-05:49:15	38	1,625.374	29.842	2	0	0	0	0	0	0	1	1	0	0	20
2013/12/28-05:49:55	38	1,625.374	29.842	1	0	0	0	0	0	1	1	0	0	1	10
2013/12/28-05:50:40	38	1,625.374	29.842	2	0	0	0	0	0	1	1	0	0	1	5
2013/12/28-05:52:00	38	1,625.374	29.842	0	0	1	0	0	0	0	1	0	0	1	6
2013/12/28-05:52:33	38	1,625.374	29.842	0	0	1	0	0	0	0	1	0	0	1	3
2013/12/28-06:02:23	38	1,625.374	29.842	2	0	1	0	0	0	0	1	0	0	1	6
2013/12/28-06:02:48	38	1,625.374	29.842	4	0	0	0	0	0	1	1	0	0	1	18
2013/12/28-06:03:25	38	1,625.374	29.842	2	0	1	0	0	0	0	1	0	0	1	7
2013/12/28-06:03:52	38	1,625.374	29.842	1	0	0	0	0	0	1	1	0	0	1	3
2013/12/28-06:04:20	38	1,625.374	29.842	0	0	1	0	0	0	0	1	0	0	1	9
2013/12/28-06:22:08	39	1,626.869	29.557	1	0	0	0	1	0	1	1	0	0	1	7
2013/12/28-06:22:34	39	1,626.869	29.557	3	0	1	0	0	0	0	1	0	0	1	15
2013/12/28-06:23:53	39	1,626.869	29.557	8	0	0	1	0	0	1	1	0	0	1	32
2013/12/28-06:24:44	39	1,626.869	29.557	4	0	0	0	0	0	1	1	0	0	1	16
2013/12/28-06:25:19	39	1,626.869	29.557	1	0	0	0	0	0	1	1	0	0	1	4
2013/12/28-06:32:14	39	1,626.869	29.557	1	0	0	0	1	0	1	1	0	0	1	4
2013/12/28-06:32:41	39	1,626.869	29.557	2	0	0	0	0	0	1	1	0	0	1	8
2013/12/28-06:33:25	39	1,626.869	29.557	4	0	1	0	0	0	0	1	0	0	1	16
2013/12/28-06:34:04	39	1,626.869	29.557	0	0	1	0	0	0	0	1	0	0	1	2
2013/12/28-06:34:40	39	1,626.869	29.557	1	0	1	0	0	0	0	1	0	0	1	6
2013/12/28-06:46:55	39	1,622.786	29.169	1	0	0	0	0	0	1	1	0	0	1	4
2013/12/28-06:47:46	39	1,622.786	29.169	2	0	0	0	0	0	1	1	0	0	1	10
2013/12/28-06:48:26	39	1,622.786	29.169	3	0	1	0	0	0	0	1	0	0	1	8
2013/12/28-06:48:54	39	1,622.786	29.169	2	0	0	0	0	0	0	1	1	0	0	17
2013/12/28-06:49:30	39	1,622.786	29.169	0	0	1	0	0	0	0	1	0	0	1	9
2013/12/28-06:52:51	39	1,622.786	29.169	1	0	0	0	0	0	1	1	0	0	1	11
2013/12/28-06:53:55	39	1,622.786	29.169	9	0	0	0	0	0	0	1	1	0	0	33
2013/12/28-06:54:47	39	1,622.786	29.169	4	0	0	0	0	0	1	1	0	0	1	13
2013/12/28-06:55:19	39	1,622.786	29.169	2	0	1	0	0	0	0	1	0	0	1	6
2013/12/28-06:55:47	39	1,622.786	29.169	7	0	0	0	0	0	0	1	1	0	0	24
2013/12/28-07:13:12	38	1,621.139	28.949	0	0	1	0	0	0	0	1	0	0	1	3
2013/12/28-07:13:35	38	1,621.139	28.949	1	0	0	0	0	0	1	1	0	0	1	15
2013/12/28-07:14:09	38	1,621.139	28.949	2	0	1	0	0	0	0	1	0	0	1	9
2013/12/28-07:14:43	38	1,621.139	28.949	5	0	1	0	0	0	0	1	0	0	1	20
2013/12/28-07:15:33	38	1,621.139	28.949	3	0	1	0	0	0	0	1	0	0	1	11
2013/12/28-09:57:03	39	1,620.096	32.848	0	0	1	0	0	0	0	1	0	0	1	3
2013/12/28-09:57:35	39	1,620.096	32.848	4	0	0	1	0	0	1	1	0	0	1	13
2013/12/28-09:58:54	39	1,620.096	32.848	1	0	0	0	0	0	1	1	0	0	1	3
2013/12/28-09:59:38	39	1,620.096	32.848	0	0	1	0	0	0	0	1	0	0	1	3
2013/12/28-10:00:57	39	1,620.096	32.848	3	0	1	0	1	0	0	1	0	0	1	12
2013/12/28-10:01:34	39	1,620.096	32.848	3	0	1	0	0	0	0	1	0	0	1	17
2013/12/28-10:02:17	39	1,620.096	32.848	3	0	1	0	1	0	0	1	0	0	1	15
2013/12/28-10:02:51	39	1,620.096	32.848	1	0	0	0	1	0	1	1	0	0	1	10
2013/12/28-10:03:20	39	1,620.096	32.848	11	0	0	0	0	0	0	1	1	0	0	42
2013/12/28-10:04:19	39	1,620.096	32.848	7	0	0	1	0	0	1	1	0	0	1	32
2013/12/28-10:19:32	41	1,615.679	32.078	5	0	0	0	0	0	1	1	0	0	1	22
2013/12/28-10:20:36	41	1,615.679	32.078	10	0	1	0	1	0	0	1	0	0	1	35
2013/12/28-10:21:30	41	1,615.679	32.078	4	0	1	0	1	0	0	1	0	0	1	14
2013/12/28-10:22:03	41	1,615.679	32.078	8	0	0	0	1	0	0	1	1	0	0	23
2013/12/28-10:22:45	41	1,615.679	32.078	8	0	1	0	0	0	0	1	0	0	1	27
2013/12/28-16:03:40	41	1,618.11	44.182	6	0	0	0	0	0	1	1	0	0	1	23
2013/12/28-16:04:23	41	1,618.11	44.182	5	0	0	0	0	0	0	1	1	0	0	25
2013/12/28-16:05:08	41	1,618.11	44.182	9	0	0	5	1	0	1	1	0	0	1	26
2013/12/28-16:05:53	41	1,618.11	44.182	1	0	0	0	0	0	1	1	0	0	1	3
2013/12/28-16:06:23	41	1,618.11	44.182	6	0	1	0	0	0	0	1	0	0	1	14
2013/12/28-16:18:59	41	1,618.11	44.182	1	0	1	0	0	0	0	1	0	0	1	3
2013/12/28-16:19:21	41	1,618.11	44.182	8	0	0	0	1	0	1	1	0	0	1	22
2013/12/28-16:20:02	41	1,618.11	44.182	1	0	1	0	0	0	0	1	0	0	1	5
2013/12/28-16:20:26	41	1,618.11	44.182	3	0	0	0	0	0	1	1	0	0	1	24
2013/12/28-16:21:09	41	1,618.11	44.182	1	0	0	0	1	0	1	1	0	0	1	4
2013/12/28-16:34:49	41	1,622.227	41.849	2	0	1	0	0	0	0	1	0	0	1	10
2013/12/28-16:35:19	41	1,622.227	41.849	1	0	1	0	0	0	0	1	0	0	1	3
2013/12/28-16:35:41	41	1,622.227	41.849	4	0	1	0	0	0	0	1	0	0	1	34
2013/12/28-16:36:50	41	1,622.227	41.849	1	0	0	0	0	0	1	1	0	0	1	7
2013/12/28-16:38:09	41	1,622.227	41.849	2	0	1	0	0	0	0	1	0	0	1	11
2013/12/28-21:49:42	41	1,610.282	51.117	6	0	0	1	2	0	0	1	1	0	0	60
2013/12/28-21:51:02	41	1,610.282	51.117	7	0	1	0	0	0	0	1	0	0	1	16
2013/12/28-21:52:17	41	1,610.282	51.117	1	0	0	0	1	0	1	1	1	0	0	5
2013/12/28-21:52:41	41	1,610.282	51.117	5	0	0	0	1	0	1	1	0	0	1	17
2013/12/28-21:53:17	41	1,610.282	51.117	4	0	1	0	0	0	0	1	0	0	1	20
2013/12/29-00:14:07	42	1,607.052	51.516	5	0	1	0	0	0	0	1	0	0	1	38
2013/12/29-00:15:21	42	1,607.052	51.516	17	0	0	0	2	0	0	1	1	0	0	60
2013/12/29-00:16:40	40	1,612.642	50.826	1	0	0	0	0	0	0	1	1	0	0	11
2013/12/29-00:17:10	40	1,612.642	50.826	1	0	0	0	0	0	1	1	0	0	1	6
2013/12/29-00:17:35	40	1,612.642	50.826	17	0	0	0	0	0	0	1	0	0	1	60
2013/12/29-00:37:04	40	1,612.642	50.826	1	0	1	0	0	0	0	1	0	0	1	8
2013/12/29-00:37:54	40	1,612.642	50.826	1	0	1	0	1	0	0	1	0	0	1	3
2013/12/29-00:38:36	40	1,612.642	50.826	6	0	0	0	0	0	1	1	0	0	1	20
2013/12/29-00:39:29	40	1,612.642	50.826	0	0	1	0	0	0	0	1	0	0	1	5
2013/12/29-00:39:53	40	1,612.642	50.826	1	0	1	0	0	0	0	1	0	0	1	4
2013/12/29-00:54:18	45	1,595.432	47.957	1	0	0	0	0	0	1	1	0	0	1	4
2013/12/29-00:54:51	45	1,595.432	47.957	3	0	0	0	0	0	1	1	0	0	1	17
2013/12/29-00:55:34	45	1,595.432	47.957	0	0	1	0	0	0	0	1	0	0	1	8
2013/12/29-00:56:21	45	1,595.432	47.957	1	0	1	0	0	0	0	1	0	0	1	3
2013/12/29-00:56:43	45	1,595.432	47.957	2	0	0	0	1	0	0	1	1	0	0	12
2013/12/29-09:41:31	48	1,583.67	61.602	2	0	1	0	1	0	0	1	0	0	1	13
2013/12/29-09:42:15	48	1,583.67	61.602	6	0	0	0	0	0	1	1	0	0	1	22
2013/12/29-09:42:59	48	1,583.67	61.602	8	0	1	1	0	0	0	1	0	0	1	43
2013/12/29-09:44:01	48	1,583.67	61.602	7	0	0	0	0	0	1	1	0	0	1	22
2013/12/29-09:45:03	48	1,583.67	61.602	3	0	1	1	0	0	0	1	0	0	1	15
2013/12/29-09:54:31	50	1,573.215	58.735	6	0	1	1	0	0	0	1	0	0	1	26
2013/12/29-09:55:16	50	1,573.215	58.735	1	0	0	0	0	0	1	1	0	0	1	4
2013/12/29-09:56:22	50	1,573.215	58.735	2	0	0	0	0	0	1	1	0	0	1	16
2013/12/29-09:57:29	50	1,573.215	58.735	3	0	1	0	1	0	0	1	0	0	1	18
2013/12/29-09:58:06	50	1,573.215	58.735	4	0	0	1	0	0	1	1	0	0	1	16
2013/12/29-10:12:49	50	1,573.215	58.735	9	0	0	1	1	0	0	1	1	0	0	34
2013/12/29-10:13:41	50	1,573.215	58.735	1	0	0	0	0	0	0	1	1	0	0	9
2013/12/29-10:14:09	50	1,573.215	58.735	7	0	0	1	0	0	0	1	1	0	0	25
2013/12/29-10:14:53	50	1,573.215	58.735	2	0	0	0	0	0	1	1	0	0	1	12
2013/12/29-10:15:23	50	1,573.215	58.735	4	0	0	0	0	0	0	1	1	0	0	16
2013/12/29-10:34:58	51	1,568.402	54.792	4	0	1	1	0	0	0	1	0	0	1	20
2013/12/29-10:35:48	51	1,568.402	54.792	4	0	0	0	1	0	0	1	1	0	0	26
2013/12/29-10:36:32	51	1,568.402	54.792	7	0	1	0	0	0	0	1	0	0	1	37
2013/12/29-10:37:27	51	1,568.402	54.792	5	0	0	0	0	0	1	1	0	0	1	15
2013/12/29-10:38:15	51	1,568.402	54.792	3	0	0	0	0	0	1	1	0	0	1	10
2013/12/29-10:49:57	51	1,568.402	54.792	2	0	0	0	0	0	1	1	0	0	1	7
2013/12/29-10:50:24	51	1,568.402	54.792	1	0	0	0	0	0	1	1	0	0	1	5
2013/12/29-10:50:51	51	1,568.402	54.792	5	0	0	1	1	0	0	1	1	0	0	18
2013/12/29-10:51:28	51	1,568.402	54.792	3	0	0	0	0	0	1	1	0	0	1	12
2013/12/29-10:51:59	51	1,568.402	54.792	3	0	0	0	1	0	0	1	1	0	0	11
2013/12/29-11:04:41	53	1,546.562	51.545	4	0	0	0	0	0	1	1	0	0	1	15
2013/12/29-11:05:20	53	1,546.562	51.545	4	0	0	0	0	0	0	1	1	0	0	25
2013/12/29-11:06:04	53	1,546.562	51.545	9	0	1	2	0	0	0	1	0	0	1	26
2013/12/29-11:06:49	53	1,546.562	51.545	1	0	0	0	0	0	1	1	0	0	1	3
2013/12/29-11:07:18	53	1,546.562	51.545	7	0	0	0	1	0	0	1	1	0	0	22
2013/12/29-11:25:47	53	1,546.562	51.545	7	0	1	2	0	0	0	1	0	0	1	35
2013/12/29-11:26:41	53	1,546.562	51.545	4	0	0	0	0	0	0	1	1	0	0	18
2013/12/29-11:27:17	53	1,546.562	51.545	1	0	0	0	0	0	1	1	0	0	1	4
2013/12/29-11:28:35	53	1,546.562	51.545	3	0	0	0	0	0	1	1	0	0	1	15
2013/12/29-11:29:27	53	1,546.562	51.545	11	0	0	2	0	0	1	1	0	0	1	27
2013/12/29-11:35:56	54	1,541.796	48.467	2	0	0	0	0	0	1	1	0	0	1	7
2013/12/29-11:36:58	54	1,541.796	48.467	8	0	0	0	0	0	0	1	1	0	0	33
2013/12/29-11:37:49	54	1,541.796	48.467	3	0	0	0	0	0	1	1	0	0	1	12
2013/12/29-11:38:30	54	1,541.796	48.467	13	0	0	1	0	0	0	1	1	0	0	34
2013/12/29-11:39:23	54	1,541.796	48.467	10	0	0	2	0	0	1	1	0	0	1	33
2013/12/29-11:57:31	54	1,541.796	48.467	2	0	0	0	1	0	1	1	0	0	1	9
2013/12/29-11:58:14	54	1,541.796	48.467	4	0	1	0	0	0	0	1	0	0	1	14
2013/12/29-11:58:51	54	1,541.796	48.467	2	0	0	1	0	0	1	1	0	0	1	11
2013/12/29-12:00:10	54	1,541.796	48.467	4	0	1	0	0	0	0	1	0	0	1	12
2013/12/29-12:01:06	54	1,541.796	48.467	1	0	0	1	0	0	0	1	1	0	0	19
2013/12/29-12:20:12	54	1,534.481	45.751	9	0	0	0	1	0	0	1	1	0	0	46
2013/12/29-12:21:17	54	1,534.481	45.751	4	0	1	0	0	0	0	1	0	0	1	24
2013/12/29-12:22:00	54	1,534.481	45.751	7	0	0	0	1	0	1	1	0	0	1	32
2013/12/29-12:22:53	54	1,534.481	45.751	10	0	0	0	0	0	0	1	1	0	0	34
2013/12/29-12:23:46	54	1,534.481	45.751	7	0	0	2	0	0	0	1	1	0	0	33
2013/12/29-12:37:32	54	1,534.481	45.751	3	0	1	0	0	0	0	1	0	0	1	16
2013/12/29-12:38:51	54	1,534.481	45.751	2	0	0	0	0	0	1	1	0	0	1	5
2013/12/29-12:40:05	54	1,534.481	45.751	3	0	0	0	0	0	1	1	0	0	1	7
2013/12/29-12:40:47	54	1,534.481	45.751	4	0	1	1	0	0	0	1	0	0	1	16
2013/12/29-12:41:46	54	1,534.481	45.751	2	0	1	0	0	0	0	1	0	0	1	32
2013/12/29-12:54:43	55	1,523.329	43.801	7	0	0	1	0	0	1	1	0	0	1	22
2013/12/29-12:55:25	55	1,523.329	43.801	4	0	1	1	0	0	0	1	0	0	1	28
2013/12/29-12:56:44	55	1,523.329	43.801	6	0	1	1	0	0	0	1	0	0	1	26
2013/12/29-12:57:46	55	1,523.329	43.801	3	0	0	0	0	0	1	1	0	0	1	21
2013/12/29-12:58:26	55	1,523.329	43.801	4	0	0	0	0	0	0	1	1	0	0	17
2013/12/29-13:04:45	55	1,523.329	43.801	5	0	0	0	0	0	0	1	1	0	0	23
2013/12/29-13:05:26	55	1,523.329	43.801	15	0	0	2	1	0	0	1	1	0	0	60
2013/12/29-13:06:45	55	1,523.329	43.801	3	0	0	0	0	0	1	1	0	0	1	15
2013/12/29-13:07:43	55	1,523.329	43.801	5	0	1	1	0	0	0	1	0	0	1	16
2013/12/29-13:08:31	55	1,523.329	43.801	5	0	1	0	1	0	0	1	0	0	1	27
2013/12/29-13:35:19	55	1,535.018	41.843	4	0	1	1	1	0	0	1	0	0	1	17
2013/12/29-13:35:57	55	1,535.018	41.843	3	0	0	0	0	0	1	1	0	0	1	13
2013/12/29-13:37:16	55	1,535.018	41.843	2	0	1	0	0	0	0	1	0	0	1	11
2013/12/29-13:37:49	55	1,535.018	41.843	2	0	0	0	1	0	1	1	0	0	1	10
2013/12/29-13:38:46	55	1,535.018	41.843	8	0	0	3	0	0	1	1	0	0	1	28
2013/12/29-13:47:30	55	1,535.018	41.843	2	0	0	0	0	0	1	1	0	0	1	8
2013/12/29-13:48:07	55	1,535.018	41.843	2	0	0	1	0	0	1	1	0	0	1	8
2013/12/29-13:49:01	55	1,535.018	41.843	3	0	1	0	0	0	0	1	0	0	1	13
2013/12/29-13:49:48	55	1,535.018	41.843	6	0	0	2	0	0	0	1	1	0	0	18
2013/12/29-13:50:26	55	1,535.018	41.843	7	0	0	2	0	0	1	1	0	0	1	25
2013/12/29-13:55:48	55	1,523.98	39.977	3	0	0	0	0	0	1	1	0	0	1	6
2013/12/29-13:57:07	55	1,523.98	39.977	7	0	1	2	0	0	0	1	0	0	1	35
2013/12/29-13:58:01	55	1,523.98	39.977	6	0	0	0	0	0	0	1	1	0	0	20
2013/12/29-13:58:40	55	1,523.98	39.977	3	0	1	0	0	0	0	1	0	0	1	15
2013/12/29-13:59:59	55	1,523.98	39.977	6	0	0	0	0	0	1	1	0	0	1	23
2013/12/29-14:14:37	55	1,523.98	39.977	5	0	0	0	0	0	0	1	1	0	0	17
2013/12/29-14:15:13	55	1,523.98	39.977	29	0	0	3	0	0	0	1	1	0	0	60
2013/12/29-14:16:32	55	1,523.98	39.977	1	0	0	0	0	0	0	1	1	0	0	8
2013/12/29-14:16:59	55	1,523.98	39.977	3	0	0	0	1	0	0	1	1	0	0	21
2013/12/29-14:17:39	55	1,523.98	39.977	2	0	0	0	1	0	0	1	1	0	0	14
2013/12/29-14:34:06	56	1,532.042	38.829	1	0	0	0	0	0	1	1	0	0	1	3
2013/12/29-14:34:33	56	1,532.042	38.829	4	0	0	0	0	0	1	1	0	0	1	13
2013/12/29-14:35:27	56	1,532.042	38.829	10	0	0	1	0	0	1	1	0	0	1	32
2013/12/29-14:36:18	56	1,532.042	38.829	5	0	1	0	0	0	0	1	0	0	1	27
2013/12/29-14:37:12	56	1,532.042	38.829	9	0	0	0	0	0	1	1	0	0	1	32
2013/12/29-15:02:55	56	1,532.042	38.829	2	0	0	0	0	0	1	1	0	0	1	5
2013/12/29-15:03:52	56	1,532.042	38.829	7	0	0	1	1	0	0	1	1	0	0	23
2013/12/29-15:04:34	56	1,532.042	38.829	4	0	1	1	0	0	0	1	0	0	1	18
2013/12/29-15:05:18	56	1,532.042	38.829	3	0	0	0	0	0	0	1	1	0	0	13
2013/12/29-15:05:50	56	1,532.042	38.829	8	0	0	1	0	0	0	1	1	0	0	30
2013/12/29-15:20:16	56	1,528.824	37.477	6	0	0	0	0	0	1	1	0	0	1	21
2013/12/29-15:21:20	56	1,528.824	37.477	8	0	0	0	2	0	0	1	1	0	0	27
2013/12/29-15:22:05	56	1,528.824	37.477	2	0	0	0	0	0	1	1	0	0	1	12
2013/12/29-15:22:49	56	1,528.824	37.477	2	0	0	0	0	0	1	1	0	0	1	10
2013/12/29-15:23:47	56	1,528.824	37.477	12	0	1	0	1	0	0	1	0	0	1	45
2013/12/29-15:33:34	56	1,528.824	37.477	3	0	1	0	0	0	0	1	0	0	1	20
2013/12/29-15:34:47	56	1,528.824	37.477	19	0	0	0	0	0	0	1	0	0	1	60
2013/12/29-16:05:01	56	1,528.824	37.477	6	0	0	3	0	0	1	1	0	0	1	17
2013/12/29-16:05:34	56	1,528.824	37.477	1	0	0	1	1	0	0	1	1	0	0	25
2013/12/29-17:02:18	56	1,528.824	37.477	9	0	0	0	0	0	1	1	0	0	1	33
2013/12/29-17:03:24	56	1,528.824	37.477	3	0	0	0	0	0	1	1	0	0	1	10
2013/12/29-17:04:32	56	1,528.824	37.477	3	0	1	0	0	0	0	1	0	0	1	9
2013/12/29-17:10:02	56	1,527.77	36.142	11	0	0	1	0	0	0	1	1	0	0	42
2013/12/29-17:11:04	56	1,527.77	36.142	4	0	0	1	0	0	1	1	0	0	1	23
2013/12/29-17:11:45	56	1,527.77	36.142	2	0	0	0	0	0	1	1	0	0	1	8
2013/12/29-17:12:32	56	1,527.77	36.142	5	0	1	1	0	0	0	1	0	0	1	24
2013/12/29-17:13:23	56	1,527.77	36.142	10	0	0	0	1	0	0	1	1	0	0	27
2013/12/29-17:37:33	56	1,527.77	36.142	8	0	0	0	0	0	0	1	1	0	0	26
2013/12/29-17:38:18	56	1,527.77	36.142	16	0	1	2	0	0	0	1	0	0	1	53
2013/12/29-17:39:30	56	1,527.77	36.142	8	0	0	3	2	0	0	1	1	0	0	39
2013/12/29-17:40:28	56	1,527.77	36.142	2	0	1	0	0	0	0	1	0	0	1	8
2013/12/29-17:41:07	56	1,527.77	36.142	4	0	0	0	0	0	0	1	1	0	0	14
2013/12/29-17:52:42	54	1,544.009	35.222	6	0	0	1	0	0	1	1	0	0	1	27
2013/12/29-17:54:01	54	1,544.009	35.222	11	0	0	2	0	0	0	1	1	0	0	60
2013/12/29-17:55:20	54	1,544.009	35.222	10	0	0	3	0	0	0	1	0	0	1	60
2013/12/29-17:56:39	54	1,544.009	35.222	5	0	1	1	0	0	0	1	0	0	1	34
2013/12/29-17:57:58	54	1,544.009	35.222	3	0	0	0	0	0	1	1	0	0	1	9
2013/12/29-18:10:16	54	1,544.009	35.222	6	0	0	2	0	0	0	1	1	0	0	24
2013/12/29-18:10:59	54	1,544.009	35.222	6	0	0	1	0	0	0	1	1	0	0	20
2013/12/29-18:11:37	54	1,544.009	35.222	6	0	0	1	1	0	0	1	1	0	0	27
2013/12/29-18:12:23	54	1,544.009	35.222	8	0	0	1	1	0	0	1	1	0	0	23
2013/12/29-18:13:05	54	1,544.009	35.222	2	0	0	0	0	0	1	1	0	0	1	20
2013/12/29-18:26:13	53	1,555.057	34.588	4	0	1	1	0	0	0	1	0	0	1	21
2013/12/29-18:26:52	53	1,555.057	34.588	16	0	0	1	1	0	0	1	1	0	0	51
2013/12/29-18:28:03	53	1,555.057	34.588	6	0	0	3	0	0	1	1	0	0	1	23
2013/12/29-18:28:59	53	1,555.057	34.588	4	0	0	0	0	0	1	1	0	0	1	16
2013/12/29-18:30:01	53	1,555.057	34.588	7	0	0	1	0	0	0	1	1	0	0	31
2013/12/29-20:56:40	53	1,555.057	34.588	4	0	0	0	1	0	1	1	0	0	1	13
2013/12/29-20:57:32	53	1,555.057	34.588	1	0	0	0	0	0	1	1	0	0	1	6
2013/12/29-20:58:50	53	1,555.057	34.588	13	0	0	2	0	0	0	1	1	0	0	49
2013/12/29-20:59:58	53	1,555.057	34.588	1	0	0	0	0	0	1	1	0	0	1	3
2013/12/29-21:00:37	53	1,555.057	34.588	11	0	1	3	0	0	0	1	0	0	1	31
2013/12/29-21:12:00	54	1,555.539	33.903	7	0	0	1	0	0	0	1	0	0	1	60
2013/12/29-21:13:19	54	1,555.539	33.903	2	0	1	1	0	0	0	1	0	0	1	8
2013/12/29-21:13:45	54	1,555.539	33.903	15	0	0	2	0	0	0	1	0	0	1	60
2013/12/29-21:15:04	54	1,555.539	33.903	4	0	0	1	1	0	0	1	1	0	0	16
2013/12/29-21:15:39	54	1,555.539	33.903	3	0	1	2	0	0	0	1	0	0	1	19
2013/12/29-21:31:59	54	1,555.539	33.903	14	0	1	1	1	0	0	1	0	0	1	50
2013/12/29-21:33:18	54	1,555.539	33.903	1	0	0	0	0	0	1	1	0	0	1	3
2013/12/29-21:34:36	54	1,555.539	33.903	8	0	0	2	1	0	1	1	0	0	1	42
2013/12/29-21:35:37	54	1,555.539	33.903	10	0	0	3	0	0	0	1	0	0	1	60
2013/12/29-21:36:56	54	1,555.539	33.903	13	0	0	0	0	0	0	1	0	0	1	60
2013/12/29-21:46:48	54	1,559.94	33.451	1	0	0	0	0	0	1	1	0	0	1	3
2013/12/29-21:48:05	54	1,559.94	33.451	5	0	1	2	0	0	0	1	0	0	1	27
2013/12/29-21:48:51	54	1,559.94	33.451	11	0	1	2	1	0	0	1	0	0	1	49
2013/12/29-21:49:59	54	1,559.94	33.451	2	0	1	0	0	0	0	1	0	0	1	7
2013/12/29-21:51:17	54	1,559.94	33.451	5	0	1	2	0	0	0	1	0	0	1	16
2013/12/30-02:35:40	49	1,558.432	41.418	9	0	0	3	1	0	0	1	1	0	0	36
2013/12/30-02:36:35	49	1,558.432	41.418	6	0	1	1	0	0	0	1	0	0	1	23
2013/12/30-02:37:34	49	1,558.432	41.418	1	0	1	0	0	0	0	1	0	0	1	8
2013/12/30-02:38:53	49	1,558.432	41.418	1	0	0	0	0	0	1	1	0	0	1	5
2013/12/30-02:40:12	49	1,558.432	41.418	9	0	0	1	0	0	0	1	1	0	0	57
2013/12/30-02:56:45	49	1,558.432	41.418	5	0	1	1	0	0	0	1	0	0	1	19
2013/12/30-02:57:24	49	1,558.432	41.418	4	0	0	1	1	0	1	1	0	0	1	9
2013/12/30-02:58:23	49	1,558.432	41.418	2	0	0	0	0	0	1	1	0	0	1	4
2013/12/30-02:58:57	49	1,558.432	41.418	7	0	1	0	1	0	0	1	0	0	1	36
2013/12/30-02:59:52	49	1,558.432	41.418	18	0	0	1	1	0	0	1	1	0	0	60
2013/12/30-03:21:20	53	1,548.657	39.593	12	0	0	4	1	0	0	1	1	0	0	60
2013/12/30-03:22:39	53	1,548.657	39.593	3	0	1	0	0	0	0	1	0	0	1	22
2013/12/30-03:23:24	53	1,548.657	39.593	8	0	0	2	0	0	0	1	1	0	0	38
2013/12/30-03:24:21	53	1,548.657	39.593	5	0	0	1	1	0	1	1	0	0	1	17
2013/12/30-03:25:21	53	1,548.657	39.593	7	0	1	2	0	0	0	1	0	0	1	40
2013/12/30-09:00:13	53	1,549.735	49.78	9	0	0	3	0	0	0	1	0	0	1	60
2013/12/30-09:01:32	53	1,549.735	49.78	9	0	0	0	1	0	0	1	1	0	0	31
2013/12/30-09:02:22	53	1,549.735	49.78	2	0	0	0	0	0	1	1	0	0	1	5
2013/12/30-09:02:48	53	1,549.735	49.78	11	0	0	2	1	0	0	1	1	0	0	37
2013/12/30-09:03:44	53	1,549.735	49.78	3	0	0	0	1	0	1	1	0	0	1	14
2013/12/30-09:31:45	52	1,550.242	48.529	11	0	0	0	1	0	1	1	1	0	0	36
2013/12/30-09:32:40	52	1,550.242	48.529	10	0	0	0	0	0	0	1	1	0	0	42
2013/12/30-09:33:41	52	1,550.242	48.529	4	0	0	2	1	0	1	1	0	0	1	16
2013/12/30-09:34:15	52	1,550.242	48.529	4	0	1	1	0	0	0	1	0	0	1	12
2013/12/30-09:35:25	52	1,550.242	48.529	11	0	0	1	0	0	0	1	0	0	1	60
2013/12/30-09:51:05	52	1,550.242	48.529	3	0	0	2	0	0	1	1	0	0	1	31
2013/12/30-09:52:24	52	1,550.242	48.529	5	0	0	0	0	0	1	1	0	0	1	28
2013/12/30-09:53:14	52	1,550.242	48.529	4	0	1	2	0	0	0	1	0	0	1	17
2013/12/30-09:53:58	52	1,550.242	48.529	10	0	0	0	0	0	1	1	0	0	1	30
2013/12/30-09:55:16	52	1,550.242	48.529	4	0	0	2	0	0	0	1	1	0	0	28
2013/12/30-13:09:49	51	1,562.147	50.701	4	0	0	2	0	0	0	1	1	0	0	29
2013/12/30-13:10:37	51	1,562.147	50.701	6	0	0	0	2	0	0	1	1	0	0	22
2013/12/30-13:11:18	51	1,562.147	50.701	12	0	0	3	1	0	0	1	1	0	0	41
2013/12/30-13:12:18	51	1,562.147	50.701	6	0	0	0	0	0	0	1	1	0	0	26
2013/12/30-13:13:03	51	1,562.147	50.701	5	0	0	0	0	0	0	1	1	0	0	20
2013/12/30-13:30:34	51	1,562.147	50.701	9	0	0	1	0	0	0	1	1	0	0	37
2013/12/30-13:31:30	51	1,562.147	50.701	3	0	0	0	0	0	0	1	1	0	0	11
2013/12/30-13:32:00	51	1,562.147	50.701	1	0	0	0	0	0	0	1	1	0	0	13
2013/12/30-13:32:33	51	1,562.147	50.701	5	0	0	0	0	0	0	1	1	0	0	14
2013/12/30-13:33:06	51	1,562.147	50.701	1	0	0	0	0	0	0	1	1	0	0	8
2013/12/30-13:44:21	45	1,584.418	48.711	8	0	0	0	1	0	0	1	1	0	0	25
2013/12/30-13:45:05	45	1,584.418	48.711	3	0	0	0	1	0	0	1	1	0	0	17
2013/12/30-13:45:41	45	1,584.418	48.711	11	0	0	0	1	0	1	1	0	0	1	39
2013/12/30-13:46:39	45	1,584.418	48.711	2	0	0	0	0	0	1	1	0	0	1	7
2013/12/30-13:47:20	45	1,584.418	48.711	6	0	0	2	0	0	1	1	0	0	1	23
2013/12/30-17:17:47	48	1,583.109	52.302	4	0	0	0	1	0	1	1	0	0	1	10
2013/12/30-17:18:48	48	1,583.109	52.302	3	0	0	1	0	0	1	1	0	0	1	12
2013/12/30-17:19:52	48	1,583.109	52.302	4	0	0	2	0	0	1	1	0	0	1	12
2013/12/30-17:20:28	48	1,583.109	52.302	17	0	0	1	0	0	0	1	0	0	1	60
2013/12/30-17:21:47	48	1,583.109	52.302	10	0	0	2	0	0	1	1	0	0	1	51
2013/12/30-17:32:19	48	1,583.109	52.302	19	0	0	1	0	0	0	1	0	0	1	60
2013/12/30-17:33:38	48	1,583.109	52.302	2	0	1	0	0	0	0	1	0	0	1	8
2013/12/30-17:34:43	48	1,583.109	52.302	5	0	0	1	0	0	1	1	0	0	1	15
2013/12/30-17:35:24	48	1,583.109	52.302	3	0	0	0	0	0	1	1	0	0	1	13
2013/12/30-17:36:15	48	1,583.109	52.302	5	0	0	0	0	0	1	1	0	0	1	22
2013/12/30-17:48:35	48	1,583.109	52.302	12	0	0	1	3	0	0	1	1	0	0	42
2013/12/30-17:49:36	48	1,583.109	52.302	13	0	0	2	1	0	0	1	1	0	0	46
2013/12/30-17:50:41	48	1,583.109	52.302	5	0	0	0	0	0	1	1	0	0	1	24
2013/12/30-17:52:00	48	1,583.109	52.302	17	0	1	2	1	0	0	1	0	0	1	60
2013/12/30-17:53:20	48	1,583.109	52.302	7	0	0	0	0	0	1	1	0	0	1	29
2013/12/30-23:26:16	48	1,573.153	54.537	1	0	0	0	0	0	1	1	0	0	1	4
2013/12/30-23:26:34	48	1,573.153	54.537	13	0	0	1	0	0	1	1	0	0	1	54
2013/12/30-23:27:38	48	1,573.153	54.537	1	0	1	0	0	0	0	1	0	0	1	3
2013/12/30-23:27:58	48	1,573.153	54.537	3	0	1	0	0	0	0	1	0	0	1	25
2013/12/30-23:28:39	48	1,573.153	54.537	0	0	1	0	0	0	0	1	0	0	1	4
2013/12/30-23:30:24	48	1,573.153	54.537	8	0	0	1	1	0	1	1	0	0	1	25
2013/12/30-23:31:00	48	1,573.153	54.537	7	0	1	0	1	0	0	1	0	0	1	25
2013/12/30-23:44:26	48	1,573.153	54.537	4	0	1	2	0	0	0	1	0	0	1	19
2013/12/30-23:45:20	48	1,573.153	54.537	1	0	1	0	0	0	0	1	0	0	1	4
2013/12/30-23:45:49	48	1,573.153	54.537	1	0	0	0	0	0	1	1	0	0	1	3
2013/12/30-23:46:23	48	1,573.153	54.537	9	0	1	4	0	0	0	1	0	0	1	39
2013/12/30-23:47:41	48	1,573.153	54.537	12	0	0	0	1	0	0	1	1	0	0	38
2013/12/30-23:48:37	48	1,573.153	54.537	0	0	1	0	0	0	0	1	0	0	1	8
2013/12/30-23:49:16	48	1,571.635	50.235	5	0	0	2	0	0	1	1	0	0	1	14
2013/12/30-23:55:47	48	1,571.635	50.235	20	0	1	0	0	0	0	1	1	0	0	85
2013/12/30-23:57:32	48	1,571.635	50.235	0	0	1	0	0	0	0	1	0	0	1	2
2013/12/30-23:58:00	48	1,571.635	50.235	2	0	1	0	0	0	0	1	0	0	1	13
2013/12/30-23:58:31	48	1,571.635	50.235	1	0	1	0	0	0	0	1	0	0	1	4
2013/12/30-23:59:03	48	1,571.635	50.235	2	0	0	0	1	0	1	1	0	0	1	9
2013/12/30-23:59:31	48	1,571.635	50.235	6	0	0	2	0	0	1	1	0	0	1	22
2013/12/31-00:00:19	48	1,571.635	50.235	1	0	0	0	0	0	1	1	0	0	1	12
2013/12/31-00:07:19	48	1,571.635	50.235	8	0	0	0	0	0	1	1	0	0	1	14
2013/12/31-00:07:51	48	1,571.635	50.235	2	0	0	0	0	0	1	1	0	0	1	9
2013/12/31-00:08:19	48	1,571.635	50.235	1	0	1	0	0	0	0	1	0	0	1	7
2013/12/31-00:09:58	48	1,571.635	50.235	1	0	0	0	0	0	1	1	0	0	1	4
2013/12/31-00:10:20	48	1,571.635	50.235	4	0	0	0	1	0	1	1	0	0	1	15
2013/12/31-00:10:54	48	1,571.635	50.235	0	0	1	6	0	0	0	1	1	0	0	79
2013/12/31-00:12:11	48	1,571.635	50.235	2	0	0	1	0	0	1	1	0	0	1	8
2013/12/31-00:35:58	45	1,582.323	46.185	7	0	1	1	0	0	0	1	0	0	1	16
2013/12/31-00:36:32	45	1,582.323	46.185	12	0	0	8	1	0	1	1	0	0	1	51
2013/12/31-00:37:55	45	1,582.323	46.185	8	0	1	2	0	0	0	1	0	0	1	31
2013/12/31-00:38:45	45	1,582.323	46.185	3	0	0	0	0	0	1	1	0	0	1	14
2013/12/31-00:39:18	45	1,582.323	46.185	10	0	0	0	0	0	1	1	0	0	1	39
2013/12/31-00:40:16	45	1,582.323	46.185	0	0	1	0	0	0	0	1	0	0	1	3
2013/12/31-00:40:44	45	1,582.323	46.185	3	0	0	0	0	0	1	1	0	0	1	9
2013/12/31-00:41:39	45	1,582.323	46.185	1	0	1	0	0	0	0	1	0	0	1	3
2013/12/31-00:42:13	45	1,582.323	46.185	2	0	0	0	0	0	1	1	0	0	1	15
2013/12/31-00:42:51	45	1,582.323	46.185	8	0	1	4	0	0	0	1	0	0	1	29
2013/12/31-00:43:39	45	1,582.323	46.185	0	0	1	0	0	0	0	1	0	0	1	2
2013/12/31-00:44:03	45	1,582.323	46.185	2	0	1	0	0	0	0	1	0	0	1	6
2013/12/31-00:45:50	45	1,582.323	46.185	13	0	0	0	0	0	0	1	1	0	0	72
2013/12/31-00:47:21	45	1,582.323	46.185	1	0	0	0	0	0	1	1	0	0	1	3
2013/12/31-00:53:58	45	1,582.323	46.185	0	0	1	0	0	0	0	1	0	0	1	3
2013/12/31-00:54:20	45	1,582.323	46.185	0	0	1	0	0	0	0	1	0	0	1	4
2013/12/31-00:56:07	45	1,582.323	46.185	12	0	0	0	0	0	0	1	1	0	0	88
2013/12/31-00:57:54	45	1,582.323	46.185	14	0	0	3	0	0	1	1	0	0	1	55
2013/12/31-00:59:07	45	1,582.323	46.185	7	0	1	0	0	0	0	1	0	0	1	51
2013/12/31-01:00:17	45	1,582.323	46.185	4	0	0	0	0	0	1	1	0	0	1	27
2013/12/31-01:01:02	45	1,582.323	46.185	4	0	1	1	0	0	0	1	0	0	1	23
2013/12/31-01:29:13	41	1,604.514	42.165	5	0	0	0	0	0	1	1	0	0	1	24
2013/12/31-01:30:38	41	1,604.514	42.165	3	0	0	0	1	0	1	1	0	0	1	15
2013/12/31-01:31:12	41	1,604.514	42.165	1	0	0	0	0	0	1	1	0	0	1	4
2013/12/31-01:31:49	41	1,604.514	42.165	2	0	1	1	1	0	0	1	0	0	1	3
2013/12/31-01:32:11	41	1,604.514	42.165	3	0	0	0	0	0	0	1	1	0	0	10
2013/12/31-01:32:39	41	1,604.514	42.165	9	0	0	3	0	0	1	1	0	0	1	31
2013/12/31-01:33:29	41	1,604.514	42.165	4	0	0	0	1	0	0	1	1	0	0	18
2013/12/31-01:39:12	41	1,604.514	42.165	9	0	0	0	1	0	0	1	1	0	0	26
2013/12/31-01:39:56	41	1,604.514	42.165	9	0	1	0	0	0	0	1	0	0	1	53
2013/12/31-01:41:09	41	1,604.514	42.165	5	0	1	0	0	0	0	1	0	0	1	14
2013/12/31-01:42:01	41	1,604.514	42.165	1	0	1	0	0	0	0	1	0	0	1	7
2013/12/31-01:42:40	41	1,604.514	42.165	0	0	1	0	0	0	0	1	0	0	1	2
2013/12/31-01:43:06	41	1,604.514	42.165	1	0	1	0	0	0	0	1	0	0	1	3
2013/12/31-01:43:44	41	1,604.514	42.165	8	0	0	0	0	0	1	1	0	0	1	36
2013/12/31-01:54:55	39	1,614.799	40.151	3	0	0	0	0	0	1	1	0	0	1	10
2013/12/31-01:55:24	39	1,614.799	40.151	7	0	1	0	0	0	0	1	0	0	1	46
2013/12/31-01:56:28	39	1,614.799	40.151	7	0	0	1	0	0	1	1	0	0	1	21
2013/12/31-01:57:09	39	1,614.799	40.151	6	0	1	3	0	0	0	1	0	0	1	26
2013/12/31-01:57:53	39	1,614.799	40.151	1	0	1	0	0	0	0	1	0	0	1	7
2013/12/31-01:58:19	39	1,614.799	40.151	0	0	1	0	0	0	0	1	0	0	1	4
2013/12/31-01:59:56	39	1,614.799	40.151	19	0	0	0	0	0	0	1	1	0	0	74
2013/12/31-02:18:37	39	1,614.799	40.151	11	0	0	0	0	0	1	1	0	0	1	48
2013/12/31-02:20:07	39	1,614.799	40.151	5	0	0	2	0	0	0	1	1	0	0	29
2013/12/31-02:20:55	39	1,614.799	40.151	0	0	1	0	0	0	0	1	0	0	1	3
2013/12/31-02:22:44	39	1,614.799	40.151	2	0	1	0	0	0	0	1	0	0	1	12
2013/12/31-02:23:14	39	1,614.799	40.151	4	0	0	0	0	0	1	1	0	0	1	7
2013/12/31-02:23:51	39	1,614.799	40.151	2	0	0	1	0	0	1	1	0	0	1	7
2013/12/31-02:24:17	39	1,614.799	40.151	1	0	0	0	0	0	1	1	0	0	1	3
2013/12/31-02:25:19	39	1,614.799	40.151	2	0	1	0	0	0	0	1	0	0	1	9
2013/12/31-02:25:58	39	1,614.799	40.151	0	0	1	0	0	0	0	1	0	0	1	2
2013/12/31-02:26:23	39	1,614.799	40.151	1	0	0	0	0	0	1	1	0	0	1	3
2013/12/31-02:27:12	39	1,614.799	40.151	2	0	1	0	0	0	0	1	0	0	1	5
2013/12/31-02:27:39	39	1,614.799	40.151	24	0	1	0	0	0	0	1	0	0	1	88
2013/12/31-02:29:27	39	1,614.799	40.151	1	0	0	0	1	0	0	1	1	0	0	6
2013/12/31-02:29:52	39	1,614.799	40.151	7	0	0	0	0	0	1	1	0	0	1	30
2013/12/31-02:37:30	40	1,614.144	37.262	7	0	1	1	0	0	0	1	0	0	1	21
2013/12/31-02:38:09	40	1,614.144	37.262	1	0	0	0	0	0	1	1	0	0	1	4
2013/12/31-02:38:51	40	1,614.144	37.262	5	0	0	1	0	0	1	1	0	0	1	15
2013/12/31-02:39:36	40	1,614.144	37.262	1	0	0	0	0	0	1	1	0	0	1	3
2013/12/31-02:39:59	40	1,614.144	37.262	3	0	0	0	0	0	1	1	0	0	1	9
2013/12/31-02:40:30	40	1,614.144	37.262	0	0	1	2	0	0	0	1	0	0	1	4
2013/12/31-02:41:05	40	1,614.144	37.262	0	0	1	0	0	0	0	1	0	0	1	3
2013/12/31-02:56:16	40	1,614.144	37.262	4	0	0	0	1	0	0	1	1	0	0	29
2013/12/31-02:57:03	40	1,614.144	37.262	14	0	0	5	0	0	0	1	1	0	0	53
2013/12/31-02:58:15	40	1,614.144	37.262	0	0	1	1	0	0	0	1	0	0	1	3
2013/12/31-02:58:38	40	1,614.144	37.262	1	0	0	0	2	0	1	1	0	0	1	3
2013/12/31-02:58:59	40	1,614.144	37.262	7	0	1	2	0	0	0	1	0	0	1	21
2013/12/31-02:59:40	40	1,614.144	37.262	3	0	1	0	0	0	0	1	1	0	0	12
2013/12/31-03:00:11	40	1,614.144	37.262	2	0	0	0	1	0	0	1	1	0	0	9
2013/12/31-03:26:40	42	1,605.292	35.977	2	0	0	0	0	0	1	1	0	0	1	10
2013/12/31-03:27:09	42	1,605.292	35.977	2	0	0	0	0	0	0	1	1	0	0	6
2013/12/31-03:27:34	42	1,605.292	35.977	0	0	1	0	0	0	0	1	0	0	1	4
2013/12/31-03:28:14	42	1,605.292	35.977	2	0	0	0	0	0	1	1	0	0	1	7
2013/12/31-03:28:41	42	1,605.292	35.977	5	0	0	0	1	0	1	1	0	0	1	14
2013/12/31-03:29:13	42	1,605.292	35.977	5	0	0	6	0	0	0	1	1	0	0	22
2013/12/31-03:29:54	42	1,605.292	35.977	1	0	0	0	0	0	1	1	0	0	1	4
2013/12/31-03:55:26	40	1,609.774	35.684	5	0	0	0	0	0	1	1	0	0	1	17
2013/12/31-03:56:10	40	1,609.774	35.684	1	0	0	0	0	0	1	1	0	0	1	3
2013/12/31-03:57:29	40	1,609.774	35.684	0	0	1	0	0	0	0	1	0	0	1	3
2013/12/31-03:58:08	40	1,609.774	35.684	13	0	0	3	0	0	1	1	0	0	1	51
2013/12/31-03:59:25	40	1,609.774	35.684	1	0	1	0	0	0	0	1	0	0	1	5
2013/12/31-03:59:49	40	1,609.774	35.684	1	0	0	1	0	0	1	1	0	0	1	3
2013/12/31-04:00:14	40	1,609.774	35.684	3	0	0	1	0	0	1	1	0	0	1	12
2013/12/31-04:01:08	40	1,609.774	35.684	1	0	1	0	0	0	0	1	0	0	1	9
2013/12/31-04:01:37	40	1,609.774	35.684	4	0	1	0	1	0	0	1	0	0	1	21
2013/12/31-04:02:16	40	1,609.774	35.684	2	0	1	0	0	0	0	1	0	0	1	5
2013/12/31-04:02:40	40	1,609.774	35.684	2	0	0	0	0	0	1	1	0	0	1	8
2013/12/31-04:03:07	40	1,609.774	35.684	9	0	0	4	0	0	0	1	1	0	0	48
2013/12/31-04:04:14	40	1,609.774	35.684	0	0	1	0	0	0	0	1	0	0	1	2
2013/12/31-04:04:38	40	1,609.774	35.684	2	0	0	0	0	0	1	1	0	0	1	8
2013/12/31-04:20:59	40	1,609.774	35.684	3	0	0	1	1	0	0	1	1	0	0	10
2013/12/31-04:21:28	40	1,609.774	35.684	2	0	0	0	0	0	1	1	0	0	1	6
2013/12/31-04:21:53	40	1,609.774	35.684	13	0	1	5	0	0	0	1	0	0	1	46
2013/12/31-04:22:58	40	1,609.774	35.684	0	0	1	0	0	0	0	1	0	0	1	4
2013/12/31-04:24:31	40	1,609.774	35.684	0	0	1	0	0	0	0	1	0	0	1	7
2013/12/31-04:25:15	40	1,609.774	35.684	9	0	1	0	1	0	0	1	0	0	1	47
2013/12/31-04:26:21	40	1,609.774	35.684	5	0	0	0	1	0	1	1	0	0	1	22
2013/12/31-04:44:13	43	1,597.213	33.549	7	0	1	3	0	0	0	1	0	0	1	29
2013/12/31-04:45:32	43	1,597.213	33.549	2	0	0	0	0	0	1	1	0	0	1	8
2013/12/31-04:46:08	43	1,597.213	33.549	6	0	0	0	0	0	1	1	0	0	1	34
2013/12/31-04:47:16	43	1,597.213	33.549	2	0	1	0	0	0	0	1	0	0	1	11
2013/12/31-04:47:59	43	1,597.213	33.549	1	0	0	0	0	0	1	1	0	0	1	3
2013/12/31-04:49:17	43	1,597.213	33.549	0	0	1	0	0	0	0	1	0	0	1	3
2013/12/31-04:50:35	43	1,597.213	33.549	2	0	0	1	0	0	0	1	1	0	0	7
2013/12/31-04:51:07	43	1,597.213	33.549	3	0	0	0	0	0	1	1	0	0	1	8
2013/12/31-04:51:45	43	1,597.213	33.549	4	0	1	0	0	0	0	1	0	0	1	22
2013/12/31-04:52:26	43	1,597.213	33.549	1	0	0	0	0	0	1	1	0	0	1	3
2013/12/31-04:52:51	43	1,597.213	33.549	0	0	1	0	0	0	0	1	0	0	1	2
2013/12/31-04:53:19	43	1,597.213	33.549	4	0	0	0	2	0	1	1	0	0	1	13
2013/12/31-04:53:51	43	1,597.213	33.549	0	0	1	0	0	0	0	1	0	0	1	3
2013/12/31-04:54:42	43	1,597.213	33.549	6	0	0	2	0	0	1	1	0	0	1	14
2013/12/31-05:01:44	43	1,597.213	33.549	2	0	0	0	0	0	1	1	0	0	1	7
2013/12/31-05:02:10	43	1,597.213	33.549	1	0	0	0	0	0	1	1	0	0	1	4
2013/12/31-05:02:38	43	1,597.213	33.549	0	0	1	2	0	0	0	1	0	0	1	18
2013/12/31-05:03:14	43	1,597.213	33.549	9	0	0	2	0	0	0	1	1	0	0	51
2013/12/31-05:04:24	43	1,597.213	33.549	0	0	1	0	0	0	0	1	0	0	1	3
2013/12/31-05:04:45	43	1,597.213	33.549	2	0	1	0	0	0	0	1	0	0	1	7
2013/12/31-05:05:11	43	1,597.213	33.549	3	0	1	1	0	0	0	1	0	0	1	7
2013/12/31-05:29:21	44	1,588.327	31.758	0	0	1	0	0	0	0	1	0	0	1	3
2013/12/31-05:31:10	44	1,588.327	31.758	12	0	0	0	0	0	1	1	0	0	1	47
2013/12/31-05:32:37	44	1,588.327	31.758	2	0	1	0	0	0	0	1	0	0	1	5
2013/12/31-05:33:27	44	1,588.327	31.758	8	0	1	0	0	0	0	1	0	0	1	36
2013/12/31-05:34:21	44	1,588.327	31.758	1	0	1	1	0	0	0	1	0	0	1	6
2013/12/31-05:34:47	44	1,588.327	31.758	4	0	1	1	0	0	0	1	0	0	1	22
2013/12/31-05:36:36	44	1,588.327	31.758	1	0	0	0	0	0	1	1	0	0	1	3
2013/12/31-05:37:17	44	1,588.327	31.758	0	0	1	0	0	0	0	1	0	0	1	6
2013/12/31-05:38:00	44	1,588.327	31.758	1	0	0	0	0	0	1	1	0	0	1	3
2013/12/31-05:38:39	44	1,588.327	31.758	1	0	0	0	0	0	1	1	0	0	1	4
2013/12/31-05:39:10	44	1,588.327	31.758	0	0	1	0	0	0	0	1	0	0	1	2
2013/12/31-05:39:35	44	1,588.327	31.758	1	0	1	0	0	0	0	1	0	0	1	3
2013/12/31-05:40:04	44	1,588.327	31.758	0	0	1	0	0	0	0	1	0	0	1	3
2013/12/31-05:40:29	44	1,588.327	31.758	4	0	0	3	0	0	1	1	0	0	1	21
2013/12/31-05:50:08	44	1,588.327	31.758	8	0	0	0	0	0	1	1	0	0	1	33
2013/12/31-05:50:59	44	1,588.327	31.758	3	0	0	0	1	0	1	1	0	0	1	13
2013/12/31-05:51:31	44	1,588.327	31.758	0	0	1	13	0	0	0	1	0	0	1	72
2013/12/31-05:53:01	44	1,588.327	31.758	4	0	0	1	0	0	1	1	0	0	1	10
2013/12/31-05:53:40	44	1,588.327	31.758	1	0	1	0	0	0	0	1	0	0	1	8
2013/12/31-05:54:14	44	1,588.327	31.758	4	0	1	1	0	0	0	1	0	0	1	17
2013/12/31-05:55:14	44	1,588.327	31.758	1	0	0	0	0	0	0	1	1	0	0	4
2013/12/31-06:12:58	45	1,576.219	30.325	5	0	0	0	1	0	0	1	1	0	0	15
2013/12/31-06:13:32	45	1,576.219	30.325	2	0	1	0	0	0	0	1	0	0	1	20
2013/12/31-06:14:17	45	1,576.219	30.325	2	0	0	1	0	0	1	1	0	0	1	7
2013/12/31-06:14:43	45	1,576.219	30.325	4	0	0	2	0	0	0	1	1	0	0	16
2013/12/31-06:15:17	45	1,576.219	30.325	6	0	0	0	0	0	1	1	0	0	1	31
2013/12/31-06:16:07	45	1,576.219	30.325	2	0	0	0	0	0	0	1	1	0	0	9
2013/12/31-06:16:35	45	1,576.219	30.325	1	0	0	0	2	0	1	1	0	0	1	3
2013/12/31-06:38:42	45	1,576.928	30.387	0	0	1	0	0	0	0	1	0	0	1	4
2013/12/31-06:39:05	45	1,576.928	30.387	0	0	1	0	0	0	0	1	0	0	1	4
2013/12/31-06:39:34	45	1,576.928	30.387	1	0	0	0	0	0	1	1	0	0	1	5
2013/12/31-06:40:02	45	1,576.928	30.387	1	0	1	0	0	0	0	1	0	0	1	3
2013/12/31-06:40:25	45	1,576.928	30.387	2	0	0	0	0	0	1	1	0	0	1	6
2013/12/31-06:40:52	45	1,576.928	30.387	2	0	1	1	0	0	0	1	0	0	1	7
2013/12/31-06:41:21	45	1,576.928	30.387	6	0	0	3	0	0	0	1	1	0	0	24
2013/12/31-06:57:00	45	1,576.928	30.387	8	0	1	0	1	0	0	1	0	0	1	27
2013/12/31-06:57:46	45	1,576.928	30.387	0	0	1	0	0	0	0	1	0	0	1	3
2013/12/31-06:58:07	45	1,576.928	30.387	2	0	0	0	0	0	0	1	1	0	0	9
2013/12/31-06:58:35	45	1,576.928	30.387	1	0	0	2	0	0	1	1	0	0	1	7
2013/12/31-06:59:00	45	1,576.928	30.387	8	0	0	0	0	0	1	1	0	0	1	36
2013/12/31-07:00:28	45	1,576.928	30.387	0	0	1	0	0	0	0	1	0	0	1	8
2013/12/31-07:01:26	45	1,576.928	30.387	5	0	0	3	1	0	0	1	1	0	0	20
2013/12/31-07:29:45	49	1,569.754	30.01	3	0	0	0	0	0	1	1	0	0	1	13
2013/12/31-07:30:16	49	1,569.754	30.01	2	0	1	0	0	0	0	1	0	0	1	17
2013/12/31-07:31:03	49	1,569.754	30.01	1	0	0	0	0	0	1	1	0	0	1	5
2013/12/31-07:32:21	49	1,569.754	30.01	0	0	1	0	0	0	0	1	0	0	1	4
2013/12/31-07:33:50	49	1,569.754	30.01	4	0	0	0	0	0	1	1	0	0	1	17
2013/12/31-07:34:27	49	1,569.754	30.01	11	0	0	4	0	0	0	1	1	0	0	45
2013/12/31-07:35:30	49	1,569.754	30.01	0	0	1	0	0	0	0	1	0	0	1	3
2013/12/31-07:46:55	49	1,569.754	30.01	13	0	0	4	1	0	0	1	1	0	0	55
2013/12/31-07:48:09	49	1,569.754	30.01	2	0	0	1	2	0	1	1	0	0	1	3
2013/12/31-07:48:31	49	1,569.754	30.01	1	0	0	0	2	0	1	1	0	0	1	3
2013/12/31-07:48:52	49	1,569.754	30.01	3	0	0	0	0	0	0	1	1	0	0	8
2013/12/31-07:49:19	49	1,569.754	30.01	6	0	1	1	0	0	0	1	1	0	0	22
2013/12/31-07:49:59	49	1,569.754	30.01	7	0	0	0	0	0	0	1	1	0	0	15
2013/12/31-07:50:33	49	1,569.754	30.01	2	0	0	0	0	0	1	1	0	0	1	18
2014/01/03-09:14:14	47	1,574.19	119.765	2	0	0	0	2	0	0	1	1	0	0	9
2014/01/03-09:14:43	47	1,574.19	119.765	2	0	1	0	0	0	0	1	0	0	1	33
2014/01/03-09:15:35	47	1,574.19	119.765	2	0	0	0	1	0	0	1	1	0	0	4
2014/01/03-09:15:58	47	1,574.19	119.765	4	0	0	0	0	0	0	1	1	0	0	15
2014/01/03-09:16:32	47	1,574.19	119.765	2	0	0	0	0	0	0	1	1	0	0	7
2014/01/03-14:28:15	47	1,574.19	119.765	14	0	0	7	1	0	0	1	1	0	0	58
2014/01/03-14:29:35	47	1,574.19	119.765	0	0	1	0	0	0	0	1	0	0	1	6
2014/01/03-14:30:11	47	1,574.19	119.765	6	0	0	0	2	0	0	1	1	0	0	62
2014/01/03-14:31:37	47	1,574.19	119.765	4	0	0	14	0	0	0	1	1	0	0	54
2014/01/03-14:32:56	47	1,574.19	119.765	1	0	0	0	0	0	1	1	0	0	1	7
2014/01/03-14:33:46	47	1,574.19	119.765	9	0	0	2	0	0	0	1	1	0	0	19
2014/01/03-14:34:30	47	1,574.19	119.765	5	0	1	0	0	0	0	1	0	0	1	20
2014/01/03-14:52:24	10	1,755.768	97.344	9	0	0	1	0	0	1	1	0	0	1	44
2014/01/03-14:53:30	10	1,755.768	97.344	2	0	0	0	2	0	1	1	1	0	0	7
2014/01/03-14:54:01	10	1,755.768	97.344	2	0	1	0	0	0	0	1	0	0	1	13
2014/01/03-14:54:46	10	1,755.768	97.344	1	0	1	1	0	0	0	1	0	0	1	7
2014/01/03-14:55:17	10	1,755.768	97.344	9	0	0	0	0	0	1	1	0	0	1	34
2014/01/03-14:56:49	10	1,755.768	97.344	4	0	0	0	0	0	1	1	0	0	1	22
2014/01/03-14:58:00	10	1,755.768	97.344	10	0	0	0	0	0	0	1	1	0	0	26
2014/01/03-15:16:53	10	1,755.768	97.344	8	0	0	2	0	0	1	1	0	0	1	19
2014/01/03-15:18:27	10	1,755.768	97.344	3	0	0	0	0	0	1	1	0	0	1	11
2014/01/03-15:19:11	10	1,755.768	97.344	0	0	1	0	0	0	0	1	0	0	1	6
2014/01/03-15:19:46	10	1,755.768	97.344	3	0	1	1	0	0	0	1	0	0	1	24
2014/01/03-15:20:35	10	1,755.768	97.344	3	0	1	0	0	0	0	1	0	0	1	10
2014/01/03-15:21:09	10	1,755.768	97.344	1	0	0	0	0	0	1	1	0	0	1	3
2014/01/03-15:22:53	10	1,755.768	97.344	10	0	1	0	0	0	0	1	0	0	1	32
2014/01/03-15:23:50	10	1,755.768	97.344	2	0	0	0	0	0	1	1	0	0	1	8
2014/01/03-15:24:29	10	1,755.768	97.344	12	0	1	1	0	0	0	1	0	0	1	35
