2013/12/25-23:02:36	56	1,500	350.155	7	0	0	5	0	0	1	1	0	0	1	15
2013/12/25-23:03:07	56	1,500	350.155	24	0	0	16	1	0	0	1	1	0	0	36
2013/12/25-23:04:00	56	1,500	350.155	6	0	0	0	1	0	0	1	1	0	0	18
2013/12/25-23:04:34	56	1,500	350.155	6	0	0	0	1	0	0	1	1	0	0	14
2013/12/25-23:05:02	56	1,500	350.155	8	0	0	0	1	0	0	1	1	0	0	24
2013/12/25-23:05:42	56	1,500	350.155	8	0	0	0	1	0	0	1	1	0	0	24
2013/12/25-23:06:24	56	1,500	350.155	13	0	0	5	1	0	1	1	0	1	0	38
2013/12/25-23:07:20	56	1,500	350.155	14	0	0	3	0	0	0	1	0	1	0	45
2013/12/25-23:08:24	56	1,500	350.155	8	0	0	0	1	0	0	1	1	0	0	24
2013/12/25-23:09:06	56	1,500	350.155	7	0	0	0	1	0	0	1	1	0	0	21
2013/12/25-23:09:46	56	1,500	350.155	9	0	0	0	1	0	0	1	1	0	0	29
2013/12/25-23:10:34	56	1,500	350.155	6	0	0	0	1	0	0	1	1	0	0	27
2013/12/25-23:11:19	56	1,500	350.155	2	0	0	3	1	0	0	1	1	0	0	23
2013/12/25-23:12:00	56	1,500	350.155	2	0	0	3	1	0	0	1	1	0	0	23
2013/12/25-23:12:41	56	1,500	350.155	1	0	0	0	1	0	0	1	1	0	0	4
2013/12/25-23:13:04	56	1,500	350.155	1	0	0	0	1	0	0	1	1	0	0	4
2013/12/25-23:14:13	56	1,500	350.155	16	0	0	9	0	0	1	1	0	0	1	32
2013/12/25-23:15:00	56	1,500	350.155	23	0	0	9	1	0	0	1	1	0	0	34
2013/12/25-23:15:53	56	1,500	350.155	4	0	0	0	1	0	0	1	1	0	0	13
2013/12/25-23:16:25	56	1,500	350.155	10	0	0	0	1	0	1	1	0	1	0	17
2013/12/25-23:17:00	56	1,500	350.155	14	0	0	0	0	0	1	1	0	0	1	27
2013/12/25-23:17:46	56	1,500	350.155	13	0	0	0	1	0	1	1	0	1	0	25
2013/12/25-23:18:30	56	1,500	350.155	15	0	0	2	1	0	0	1	1	0	0	43
2013/12/25-23:19:31	56	1,500	350.155	15	0	0	2	1	0	0	1	1	0	0	44
2013/12/25-23:20:33	56	1,500	350.155	7	0	0	0	1	0	0	1	1	0	0	22
2013/12/25-23:21:14	56	1,500	350.155	10	0	0	0	1	0	0	1	1	0	0	36
2013/12/25-23:22:08	56	1,500	350.155	8	0	0	0	0	0	0	1	0	1	0	30
2013/12/25-23:22:56	56	1,500	350.155	6	0	0	0	1	0	0	1	1	0	0	21
2013/12/25-23:23:35	56	1,500	350.155	2	0	0	3	1	0	0	1	1	0	0	22
2013/12/25-23:24:16	56	1,500	350.155	2	0	0	3	1	0	0	1	1	0	0	22
2013/12/25-23:24:57	56	1,500	350.155	3	0	0	0	1	0	0	1	1	0	0	9
2013/12/25-23:25:17	56	1,500	350.155	1	0	0	0	1	0	0	1	1	0	0	4
2013/12/25-23:26:45	56	1,500	350.155	24	0	0	13	1	0	0	1	1	0	0	34
2013/12/25-23:27:34	56	1,500	350.155	5	0	0	3	0	0	1	1	0	0	1	14
2013/12/25-23:28:07	56	1,500	350.155	12	0	0	0	0	0	0	1	0	1	0	30
2013/12/25-23:28:56	56	1,500	350.155	11	0	0	8	0	0	0	1	0	1	0	30
2013/12/25-23:29:44	56	1,500	350.155	13	0	0	0	1	0	0	1	1	0	0	25
2013/12/25-23:30:28	56	1,500	350.155	12	0	0	0	0	0	1	1	0	0	1	29
2013/12/25-23:31:15	56	1,500	350.155	16	0	0	3	0	0	0	1	0	1	0	45
2013/12/25-23:32:18	56	1,500	350.155	15	0	0	3	0	0	0	1	0	1	0	45
2013/12/25-23:33:21	56	1,500	350.155	18	0	0	0	0	0	0	1	0	1	0	60
2013/12/25-23:34:40	56	1,500	350.155	6	0	0	0	1	0	0	1	1	0	0	20
2013/12/25-23:35:18	56	1,500	350.155	10	0	0	0	0	0	0	1	0	1	0	30
2013/12/25-23:36:06	56	1,500	350.155	10	0	0	0	0	0	0	1	0	1	0	30
2013/12/25-23:36:55	56	1,500	350.155	2	0	0	3	1	0	0	1	1	0	0	22
2013/12/25-23:37:35	56	1,500	350.155	2	0	0	3	1	0	0	1	1	0	0	22
2013/12/25-23:38:16	56	1,500	350.155	8	0	0	0	1	0	0	1	1	0	0	26
2013/12/25-23:39:00	56	1,500	350.155	9	0	0	3	1	0	0	1	1	0	0	17
2013/12/26-07:14:43	56	1,500	350.155	6	0	0	2	0	0	1	1	0	0	1	10
2013/12/26-07:15:08	56	1,500	350.155	13	0	0	7	0	0	1	1	0	0	1	24
2013/12/26-07:15:51	56	1,500	350.155	9	0	0	3	0	0	0	1	1	0	0	15
2013/12/26-07:16:24	56	1,500	350.155	6	0	1	4	0	0	0	1	0	0	1	13
2013/12/26-07:16:56	56	1,500	350.155	6	0	0	0	1	0	0	1	1	0	0	14
2013/12/26-07:17:28	56	1,500	350.155	4	0	1	0	0	0	0	1	0	0	1	12
2013/12/26-07:17:58	56	1,500	350.155	2	0	0	0	0	0	0	1	1	0	0	4
2013/12/26-07:18:20	56	1,500	350.155	2	0	0	0	0	0	0	1	1	0	0	4
2013/12/26-07:18:42	56	1,500	350.155	3	0	0	0	1	0	1	1	0	1	0	9
2013/12/26-07:19:10	56	1,500	350.155	3	0	0	0	1	0	1	1	0	1	0	9
2013/12/26-07:19:37	56	1,500	350.155	1	0	0	0	0	0	0	1	1	0	0	4
2013/12/26-07:20:00	56	1,500	350.155	0	0	0	0	0	0	0	1	1	0	0	3
2013/12/26-07:20:21	56	1,500	350.155	0	0	0	3	0	0	0	1	1	0	0	3
2013/12/26-07:20:42	56	1,500	350.155	0	0	0	3	0	0	0	1	1	0	0	3
2013/12/26-07:21:03	56	1,500	350.155	5	0	0	2	0	0	0	1	1	0	0	12
2013/12/26-07:21:33	56	1,500	350.155	2	0	0	0	0	0	0	1	1	0	0	6
2013/12/26-14:57:06	36	1,662.106	350	21	0	0	3	0	0	1	1	0	0	1	45
2013/12/26-14:58:03	36	1,662.106	350	3	0	1	0	0	0	0	1	0	0	1	10
2013/12/26-14:58:32	36	1,662.106	350	2	0	1	0	0	0	0	1	0	0	1	3
2013/12/26-14:58:57	36	1,662.106	350	3	0	1	0	0	0	0	1	0	0	1	13
2013/12/26-14:59:57	36	1,662.106	350	0	0	1	0	0	0	0	1	0	0	1	3
2013/12/26-15:00:36	36	1,662.106	350	1	0	0	0	0	0	1	1	0	0	1	3
2013/12/26-15:45:49	36	1,662.106	350	20	0	0	1	0	0	0	1	1	0	0	23
2013/12/26-15:46:45	36	1,662.106	350	10	0	1	2	0	0	0	1	0	0	1	20
2013/12/26-15:47:26	36	1,662.106	350	12	0	0	0	1	0	1	1	0	0	1	32
2013/12/26-15:48:09	36	1,662.106	350	6	0	1	0	1	0	0	1	0	0	1	12
2013/12/26-15:48:35	36	1,662.106	350	6	0	1	0	0	0	0	1	0	0	1	15
2013/12/26-15:49:01	36	1,662.106	350	5	0	1	1	1	0	0	1	1	0	0	10
2013/12/26-15:49:27	36	1,662.106	350	0	0	1	0	0	0	0	1	0	0	1	3
2013/12/26-15:49:41	36	1,662.106	350	10	0	0	0	0	0	1	1	0	0	1	31
2013/12/26-15:58:06	77	1,305.762	260.151	8	0	1	1	1	0	0	1	0	0	1	12
2013/12/26-15:58:29	77	1,305.762	260.151	0	0	1	0	0	0	0	1	0	0	1	5
2013/12/26-15:59:08	77	1,305.762	260.151	5	0	1	0	1	0	0	1	0	0	1	13
2013/12/26-15:59:43	77	1,305.762	260.151	3	0	0	0	0	0	1	1	0	0	1	10
2013/12/26-16:01:28	77	1,305.762	260.151	8	0	0	1	0	0	1	1	0	0	1	25
2013/12/26-16:02:44	77	1,305.762	260.151	5	0	1	1	0	0	0	1	0	0	1	15
2013/12/26-16:03:29	77	1,305.762	260.151	2	0	1	0	0	0	0	1	0	0	1	7
2013/12/26-16:08:58	77	1,305.762	260.151	1	0	0	0	0	0	1	1	0	0	1	4
2013/12/26-16:09:20	77	1,305.762	260.151	2	0	0	1	1	0	1	1	0	0	1	6
2013/12/26-16:09:46	77	1,305.762	260.151	11	0	0	0	0	0	1	1	0	0	1	18
2013/12/26-16:10:22	77	1,305.762	260.151	1	0	0	0	1	0	1	1	0	0	1	3
2013/12/26-16:11:03	77	1,305.762	260.151	4	0	0	0	0	0	1	1	0	0	1	8
2013/12/26-16:11:49	77	1,305.762	260.151	26	0	0	0	1	0	0	1	1	0	0	37
2013/12/26-16:12:44	77	1,305.762	260.151	8	0	0	0	0	0	1	1	0	0	1	24
2013/12/26-22:11:08	7	1,879.211	212.744	1	0	0	0	0	0	1	1	0	0	1	3
2013/12/26-22:11:27	7	1,879.211	212.744	11	0	0	2	1	0	0	1	1	0	0	18
2013/12/26-22:12:01	7	1,879.211	212.744	5	0	0	0	0	0	1	1	0	0	1	8
2013/12/26-22:12:35	7	1,879.211	212.744	3	0	0	0	0	0	1	1	0	0	1	14
2013/12/26-22:13:03	7	1,879.211	212.744	30	0	0	3	1	0	0	1	1	0	0	47
2013/12/26-22:14:05	7	1,879.211	212.744	1	0	0	0	0	0	0	1	1	0	0	5
2013/12/26-22:14:29	7	1,879.211	212.744	2	0	0	0	2	0	0	1	1	0	0	6
2013/12/26-22:25:46	7	1,879.211	212.744	19	0	1	2	0	0	0	1	0	0	1	63
2013/12/26-22:27:05	7	1,879.211	212.744	2	0	0	0	0	0	1	1	0	0	1	7
2013/12/26-22:27:43	7	1,879.211	212.744	19	0	1	2	0	0	0	1	0	0	1	60
2013/12/26-22:29:32	7	1,879.211	212.744	12	0	0	1	2	0	1	1	1	0	0	23
2013/12/26-22:30:15	7	1,879.211	212.744	1	0	0	0	0	0	1	1	0	0	1	3
2013/12/26-22:30:48	7	1,879.211	212.744	1	0	0	0	1	0	1	1	0	0	1	3
2013/12/26-22:31:32	7	1,879.211	212.744	13	0	0	0	1	0	1	1	0	0	1	25
2013/12/26-22:40:22	16	1,826.574	159.356	3	0	1	0	0	0	0	1	0	0	1	9
2013/12/26-22:41:09	16	1,826.574	159.356	23	0	1	0	1	0	0	1	0	0	1	39
2013/12/26-22:42:08	16	1,826.574	159.356	6	0	0	0	1	0	1	1	0	0	1	20
2013/12/26-22:42:47	16	1,826.574	159.356	4	0	0	0	1	0	0	1	1	0	0	17
2013/12/26-22:43:23	16	1,826.574	159.356	10	0	0	2	0	0	1	1	0	0	1	21
2013/12/26-22:44:43	16	1,826.574	159.356	1	0	0	0	0	0	1	1	0	0	1	3
2013/12/26-22:48:19	16	1,826.574	159.356	1	0	0	0	0	0	1	1	0	0	1	3
2013/12/26-22:51:24	16	1,826.574	159.356	10	0	0	0	0	0	1	1	0	0	1	32
2013/12/26-22:52:13	16	1,826.574	159.356	9	0	0	3	0	0	1	1	0	0	1	19
2013/12/26-22:52:51	16	1,826.574	159.356	4	0	0	0	1	0	1	1	0	0	1	12
2013/12/26-22:53:22	16	1,826.574	159.356	22	0	0	1	1	0	0	1	1	0	0	25
2013/12/26-22:54:06	16	1,826.574	159.356	0	0	1	2	0	0	0	1	0	0	1	66
2013/12/26-22:55:43	16	1,826.574	159.356	5	0	0	0	0	0	1	1	0	0	1	9
2013/12/26-22:56:23	16	1,826.574	159.356	1	0	0	0	0	0	1	1	0	0	1	4
2013/12/26-23:29:12	16	1,826.574	159.356	14	0	0	3	0	0	0	1	1	0	0	26
2013/12/26-23:29:58	16	1,826.574	159.356	3	0	0	0	0	0	0	1	1	0	0	9
2013/12/26-23:30:26	16	1,826.574	159.356	2	0	0	1	0	0	1	1	0	0	1	3
2013/12/26-23:30:50	39	1,635.668	121.955	1	0	0	0	0	0	1	1	0	0	1	3
2013/12/26-23:31:39	39	1,635.668	121.955	7	0	0	0	0	0	1	1	0	0	1	12
2013/12/26-23:32:10	39	1,635.668	121.955	1	0	0	0	0	0	1	1	0	0	1	3
2013/12/26-23:32:39	39	1,635.668	121.955	18	0	0	14	0	0	1	1	0	0	1	55
2013/12/26-23:34:13	39	1,635.668	121.955	14	0	0	0	2	0	1	1	0	0	1	27
2013/12/26-23:34:59	39	1,635.668	121.955	1	0	1	0	0	0	0	1	0	0	1	3
2013/12/26-23:35:38	39	1,635.668	121.955	4	0	1	1	1	0	0	1	0	0	1	9
2013/12/26-23:36:06	39	1,635.668	121.955	8	0	0	4	0	0	1	1	0	0	1	18
2013/12/26-23:37:02	39	1,635.668	121.955	4	0	0	0	1	0	0	1	1	0	0	4
2013/12/26-23:37:24	39	1,635.668	121.955	2	0	0	0	0	0	1	1	0	0	1	9
2013/12/26-23:37:56	39	1,635.668	121.955	9	0	0	0	1	0	1	1	0	0	1	26
2013/12/26-23:45:12	39	1,635.668	121.955	2	0	1	0	0	0	0	1	0	0	1	6
2013/12/26-23:45:40	39	1,635.668	121.955	5	0	0	0	1	0	1	1	0	0	1	16
2013/12/26-23:46:14	39	1,635.668	121.955	0	0	1	0	0	0	0	1	0	0	1	4
2013/12/26-23:46:41	39	1,635.668	121.955	11	0	0	1	0	0	1	1	0	0	1	23
2013/12/26-23:47:23	39	1,635.668	121.955	8	0	0	1	2	0	0	1	1	0	0	12
2013/12/26-23:47:53	39	1,635.668	121.955	7	0	0	2	0	0	1	1	0	0	1	16
2013/12/26-23:48:28	39	1,635.668	121.955	1	0	1	0	0	0	0	1	0	0	1	4
2013/12/27-00:06:25	39	1,635.668	121.955	1	0	0	1	0	0	1	1	0	0	1	3
2013/12/27-00:06:58	39	1,635.668	121.955	8	0	0	0	0	0	1	1	0	0	1	18
2013/12/27-00:07:49	39	1,635.668	121.955	8	0	1	0	0	0	0	1	0	0	1	11
2013/12/27-00:08:19	39	1,635.668	121.955	1	0	0	0	0	0	1	1	0	0	1	3
2013/12/27-00:08:41	39	1,635.668	121.955	19	0	0	8	1	0	0	1	1	0	0	63
2013/12/27-00:10:02	39	1,635.668	121.955	4	0	0	0	2	0	1	1	0	0	1	5
2013/12/27-00:10:28	39	1,635.668	121.955	3	0	0	0	0	0	1	1	0	0	1	9
2013/12/27-00:47:06	61	1,472.923	94.805	0	0	1	0	0	0	0	1	0	0	1	4
2013/12/27-00:47:29	61	1,472.923	94.805	13	0	1	3	0	0	0	1	0	0	1	28
2013/12/27-00:49:07	61	1,472.923	94.805	2	0	0	0	0	0	1	1	0	0	1	8
2013/12/27-00:49:41	61	1,472.923	94.805	6	0	0	1	0	0	1	1	0	0	1	8
2013/12/27-00:50:37	61	1,472.923	94.805	5	0	0	1	0	0	1	1	0	0	1	11
2013/12/27-00:51:07	61	1,472.923	94.805	1	0	0	0	0	0	1	1	0	0	1	3
2013/12/27-00:52:16	61	1,472.923	94.805	1	0	0	0	0	0	1	1	0	0	1	3
2013/12/27-00:58:28	61	1,472.923	94.805	14	0	0	0	0	0	0	1	1	0	0	20
2013/12/27-00:59:07	67	1,417.771	84.712	19	0	0	10	1	0	0	1	1	0	0	57
2013/12/27-01:00:23	67	1,417.771	84.712	1	0	1	2	1	0	0	1	0	0	1	3
2013/12/27-01:00:46	67	1,417.771	84.712	5	0	0	0	0	0	1	1	0	0	1	10
2013/12/27-01:01:21	67	1,417.771	84.712	14	0	1	1	0	0	0	1	0	0	1	30
2013/12/27-01:02:19	67	1,417.771	84.712	2	0	1	0	0	0	0	1	0	0	1	3
2013/12/27-01:02:43	67	1,417.771	84.712	1	0	0	0	1	0	1	1	0	0	1	3
2013/12/27-01:37:37	70	1,389.249	77.714	0	0	1	1	0	0	0	1	1	0	0	66
2013/12/27-01:39:01	70	1,389.249	77.714	7	0	0	0	0	0	1	1	0	0	1	9
2013/12/27-01:39:31	70	1,389.249	77.714	4	0	0	0	1	0	1	1	0	0	1	13
2013/12/27-01:40:02	70	1,389.249	77.714	3	0	0	0	1	0	0	1	1	0	0	11
2013/12/27-01:40:32	70	1,389.249	77.714	2	0	0	0	0	0	1	1	0	0	1	4
2013/12/27-01:41:15	70	1,389.249	77.714	6	0	0	0	0	0	1	1	0	0	1	19
2013/12/27-01:41:52	70	1,389.249	77.714	5	0	1	0	0	0	0	1	1	0	0	8
2013/12/27-02:00:28	70	1,389.249	77.714	14	0	0	0	0	0	0	1	1	0	0	59
2013/12/27-02:01:47	70	1,389.249	77.714	4	0	0	1	0	0	1	1	0	0	1	10
2013/12/27-02:02:21	70	1,389.249	77.714	1	0	0	0	0	0	1	1	0	0	1	3
2013/12/27-02:03:04	70	1,389.249	77.714	2	0	0	0	1	0	1	1	0	0	1	7
2013/12/27-02:04:10	70	1,389.249	77.714	3	0	0	1	0	0	0	1	1	0	0	6
2013/12/27-02:04:36	70	1,389.249	77.714	3	0	0	0	1	0	1	1	0	0	1	6
2013/12/27-02:05:06	70	1,389.249	77.714	9	0	0	0	1	0	1	1	0	0	1	17
2013/12/27-02:11:15	70	1,389.249	77.714	8	0	1	0	0	0	0	1	0	0	1	16
2013/12/27-02:11:56	70	1,389.249	77.714	10	0	1	0	0	0	0	1	0	0	1	87
2013/12/27-02:14:23	70	1,389.249	77.714	1	0	0	0	0	0	1	1	0	0	1	3
2013/12/27-02:14:53	70	1,389.249	77.714	12	0	1	0	0	0	0	1	1	0	0	17
2013/12/27-02:15:30	70	1,389.249	77.714	1	0	0	1	0	0	1	1	0	0	1	2
2013/12/27-02:15:57	70	1,389.249	77.714	2	0	0	0	1	0	1	1	0	0	1	7
2013/12/27-02:16:23	56	1,543.731	67.546	4	0	0	1	0	0	1	1	0	0	1	14
2013/12/27-02:23:16	56	1,543.731	67.546	1	0	0	0	0	0	1	1	0	0	1	3
2013/12/27-02:24:07	56	1,543.731	67.546	2	0	0	0	0	0	1	1	0	0	1	8
2013/12/27-02:24:34	56	1,543.731	67.546	10	0	1	1	0	0	0	1	0	0	1	14
2013/12/27-02:25:06	56	1,543.731	67.546	2	0	0	0	0	0	1	1	0	0	1	6
2013/12/27-02:25:30	56	1,543.731	67.546	19	0	1	1	0	0	0	1	0	0	1	32
2013/12/27-02:26:21	56	1,543.731	67.546	0	0	1	2	0	0	0	1	0	0	1	4
2013/12/27-02:26:44	56	1,543.731	67.546	5	0	0	0	1	0	1	1	0	0	1	16
2013/12/27-02:42:55	56	1,543.731	67.546	7	0	0	0	0	0	1	1	0	0	1	13
2013/12/27-02:43:34	56	1,543.731	67.546	1	0	0	0	0	0	1	1	0	0	1	3
2013/12/27-02:44:12	56	1,543.731	67.546	10	0	0	0	0	0	1	1	0	0	1	38
2013/12/27-02:45:35	56	1,543.731	67.546	0	0	1	0	0	0	0	1	0	0	1	5
2013/12/27-02:46:13	56	1,543.731	67.546	11	0	1	1	0	0	0	1	0	0	1	23
2013/12/27-02:47:28	56	1,543.731	67.546	4	0	0	1	1	0	0	1	1	0	0	7
2013/12/27-02:47:55	56	1,543.731	67.546	1	0	0	0	0	0	1	1	0	0	1	3
2013/12/27-02:54:47	56	1,543.731	67.546	5	0	0	0	2	0	0	1	1	0	0	19
2013/12/27-02:55:24	56	1,543.731	67.546	2	0	1	0	1	0	0	1	0	0	1	6
2013/12/27-02:55:57	56	1,543.731	67.546	2	0	1	0	1	0	0	1	1	0	0	3
2013/12/27-02:56:24	56	1,543.731	67.546	2	0	0	0	2	0	1	1	1	0	0	5
2013/12/27-02:56:52	56	1,543.731	67.546	3	0	0	0	0	0	1	1	0	0	1	7
2013/12/27-02:57:30	52	1,551.659	57.812	4	0	0	0	1	0	0	1	1	0	0	16
2013/12/27-02:58:04	52	1,551.659	57.812	5	0	1	0	0	0	0	1	0	0	1	11
2013/12/27-07:26:35	52	1,551.659	57.812	1	0	1	0	0	0	0	1	0	0	1	8
2013/12/27-07:27:02	52	1,551.659	57.812	0	0	1	0	0	0	0	1	0	0	1	4
2013/12/27-07:27:41	52	1,551.659	57.812	1	0	0	0	0	0	1	1	0	0	1	3
2013/12/27-07:28:12	52	1,551.659	57.812	8	0	0	0	0	0	1	1	0	0	1	28
2013/12/27-07:28:59	52	1,551.659	57.812	6	0	0	1	0	0	1	1	0	0	1	12
2013/12/27-07:29:29	52	1,551.659	57.812	8	0	1	1	0	0	0	1	0	0	1	18
2013/12/27-07:30:06	52	1,551.659	57.812	13	0	0	2	0	0	1	1	0	0	1	27
2013/12/27-07:36:51	52	1,551.659	57.812	17	0	0	5	0	0	1	1	0	0	1	65
2013/12/27-07:38:15	52	1,551.659	57.812	3	0	0	0	0	0	1	1	0	0	1	6
2013/12/27-07:39:04	52	1,551.659	57.812	4	0	0	0	1	0	1	1	0	0	1	5
2013/12/27-07:39:27	52	1,551.659	57.812	1	0	0	0	1	0	1	1	0	0	1	3
2013/12/27-07:39:49	52	1,551.659	57.812	6	0	1	0	0	0	0	1	0	0	1	12
2013/12/27-07:40:22	52	1,551.659	57.812	11	0	1	0	0	0	0	1	0	0	1	36
2013/12/27-07:41:17	52	1,551.659	57.812	2	0	0	1	1	0	1	1	1	0	0	4
2013/12/27-08:06:21	57	1,522.912	51.317	0	0	1	0	0	0	0	1	0	0	1	4
2013/12/27-08:07:03	57	1,522.912	51.317	2	0	1	0	0	0	0	1	0	0	1	8
2013/12/27-08:07:29	57	1,522.912	51.317	1	0	1	0	0	0	0	1	0	0	1	4
2013/12/27-08:07:52	57	1,522.912	51.317	9	0	1	1	0	0	0	1	0	0	1	14
2013/12/27-08:08:28	57	1,522.912	51.317	21	0	0	2	2	0	0	1	1	0	0	37
2013/12/27-08:09:24	57	1,522.912	51.317	2	0	0	0	1	0	1	1	0	0	1	3
2013/12/27-08:09:46	57	1,522.912	51.317	2	0	0	0	0	0	1	1	0	0	1	7
2013/12/27-08:28:43	57	1,522.912	51.317	10	0	0	2	2	0	1	1	0	0	1	18
2013/12/27-08:29:20	57	1,522.912	51.317	9	0	0	0	0	0	0	1	1	0	0	9
2013/12/27-08:29:48	57	1,522.912	51.317	1	0	0	0	2	0	1	1	0	0	1	3
2013/12/27-08:30:09	57	1,522.912	51.317	3	0	0	0	1	0	1	1	0	0	1	10
2013/12/27-08:30:39	57	1,522.912	51.317	7	0	0	1	2	0	1	1	0	0	1	9
2013/12/27-08:31:07	57	1,522.912	51.317	11	0	1	0	0	0	0	1	0	0	1	18
2013/12/27-08:31:57	57	1,522.912	51.317	1	0	0	0	0	0	1	1	0	0	1	3
2013/12/27-08:59:26	57	1,512.307	46.85	3	0	0	0	0	0	0	1	1	0	0	6
2013/12/27-08:59:51	57	1,512.307	46.85	2	0	0	0	0	0	1	1	0	0	1	9
2013/12/27-09:00:25	57	1,512.307	46.85	2	0	0	0	0	0	1	1	0	0	1	7
2013/12/27-09:00:52	57	1,512.307	46.85	0	0	1	0	0	0	0	1	0	0	1	4
2013/12/27-09:01:20	57	1,512.307	46.85	0	0	1	13	0	0	0	1	0	0	1	52
2013/12/27-09:02:30	57	1,512.307	46.85	11	0	0	2	1	0	0	1	1	0	0	12
2013/12/27-09:03:01	57	1,512.307	46.85	4	0	1	2	0	0	0	1	0	0	1	23
2013/12/27-09:21:42	57	1,512.307	46.85	7	0	1	0	0	0	0	1	0	0	1	14
2013/12/27-09:22:19	57	1,512.307	46.85	7	0	1	0	1	0	0	1	0	0	1	10
2013/12/27-09:22:48	57	1,517.988	44.606	4	0	1	0	1	0	0	1	0	0	1	14
2013/12/27-09:23:21	57	1,517.988	44.606	1	0	0	0	0	0	1	1	0	0	1	3
2013/12/27-09:24:45	57	1,517.988	44.606	2	0	0	2	1	0	0	1	1	0	0	4
2013/12/27-09:25:08	57	1,517.988	44.606	3	0	0	0	0	0	1	1	0	0	1	5
2013/12/27-09:25:53	57	1,517.988	44.606	6	0	0	0	0	0	1	1	0	0	1	19
2013/12/27-12:42:44	57	1,516.368	48.396	2	0	0	0	0	0	1	1	0	0	1	7
2013/12/27-12:43:10	57	1,516.368	48.396	2	0	0	0	1	0	1	1	1	0	0	9
2013/12/27-12:43:38	57	1,516.368	48.396	9	0	0	2	2	0	0	1	1	0	0	21
2013/12/27-12:44:17	57	1,516.368	48.396	9	0	0	0	0	0	1	1	0	0	1	18
2013/12/27-12:45:02	57	1,516.368	48.396	2	0	0	0	0	0	0	1	1	0	0	7
2013/12/27-13:06:38	57	1,516.368	48.396	2	0	0	0	2	0	0	1	1	0	0	9
2013/12/27-13:07:06	57	1,516.368	48.396	2	0	0	0	2	0	0	1	1	0	0	6
2013/12/27-13:07:31	57	1,516.368	48.396	6	0	0	0	1	0	0	1	1	0	0	17
2013/12/27-13:08:08	50	1,552.104	45.969	21	0	0	0	0	0	0	1	1	0	0	60
2013/12/27-13:09:27	50	1,552.104	45.969	8	0	0	0	1	0	1	1	0	0	1	12
2013/12/27-13:26:57	50	1,552.104	45.969	1	0	0	0	0	0	1	1	0	0	1	4
2013/12/27-13:27:22	50	1,552.104	45.969	1	0	0	0	1	0	1	1	0	0	1	6
2013/12/27-13:27:47	50	1,552.104	45.969	5	0	0	0	0	0	1	1	0	0	1	46
2013/12/27-13:28:58	50	1,552.104	45.969	7	0	1	0	0	0	0	1	0	0	1	18
2013/12/27-13:29:35	50	1,552.104	45.969	2	0	1	0	1	0	0	1	0	0	1	4
2013/12/27-19:53:52	51	1,552.24	49.308	1	0	0	0	0	0	1	1	0	0	1	5
2013/12/27-19:54:38	51	1,552.24	49.308	0	0	1	0	0	0	0	1	0	0	1	3
2013/12/27-19:55:06	51	1,552.24	49.308	20	0	0	2	2	0	1	1	0	0	1	45
2013/12/27-19:56:10	51	1,552.24	49.308	2	0	0	0	0	0	0	1	1	0	0	9
2013/12/27-19:56:38	51	1,552.24	49.308	11	0	0	0	2	0	0	1	1	0	0	15
2013/12/27-20:04:53	51	1,561.806	47.782	1	0	0	0	0	0	0	1	1	0	0	6
2013/12/27-20:05:18	51	1,561.806	47.782	1	0	0	0	0	0	1	1	0	0	1	4
2013/12/27-20:05:41	51	1,561.806	47.782	2	0	1	0	0	0	0	1	0	0	1	10
2013/12/27-20:06:16	51	1,561.806	47.782	5	0	0	1	0	0	1	1	0	0	1	14
2013/12/27-20:06:56	51	1,561.806	47.782	0	0	1	0	0	0	0	1	0	0	1	3
2013/12/27-20:20:41	51	1,561.806	47.782	4	0	0	0	0	0	1	1	0	0	1	12
2013/12/27-20:21:30	51	1,561.806	47.782	31	0	0	3	0	0	1	1	0	0	1	50
2013/12/27-20:22:39	51	1,561.806	47.782	4	0	0	0	0	0	1	1	0	0	1	9
2013/12/27-20:23:41	51	1,561.806	47.782	18	0	0	0	1	0	0	1	1	0	0	21
2013/12/27-20:24:21	51	1,561.806	47.782	9	0	0	1	0	0	1	1	0	0	1	27
2013/12/27-20:36:28	50	1,572.177	45.018	3	0	1	0	2	0	0	1	0	0	1	14
2013/12/27-20:37:01	50	1,572.177	45.018	1	0	0	0	0	0	1	1	0	0	1	4
2013/12/27-20:37:27	50	1,572.177	45.018	8	0	0	0	1	0	1	1	0	0	1	15
2013/12/27-20:38:03	50	1,572.177	45.018	13	0	0	0	1	0	0	1	1	0	0	40
2013/12/27-20:39:02	50	1,572.177	45.018	5	0	0	0	0	0	0	1	1	0	0	8
2013/12/27-20:52:53	50	1,572.177	45.018	31	0	0	0	0	0	0	1	1	0	0	60
2013/12/27-20:54:12	50	1,572.177	45.018	4	0	0	0	0	0	1	1	0	0	1	12
2013/12/27-20:55:00	50	1,572.177	45.018	5	0	1	0	1	0	0	1	0	0	1	12
2013/12/27-20:55:33	50	1,572.177	45.018	2	0	0	0	0	0	1	1	0	0	1	7
2013/12/27-20:55:59	50	1,572.177	45.018	1	0	0	0	2	0	1	1	0	0	1	6
2013/12/27-21:03:49	49	1,579.558	42.826	1	0	0	0	0	0	1	1	0	0	1	6
2013/12/27-21:04:15	49	1,579.558	42.826	12	0	0	0	0	0	1	1	0	0	1	17
2013/12/27-21:05:33	49	1,579.558	42.826	3	0	0	0	0	0	1	1	0	0	1	8
2013/12/27-21:06:01	49	1,579.558	42.826	1	0	0	0	1	0	0	1	1	0	0	3
2013/12/27-21:06:23	49	1,579.558	42.826	1	0	0	0	0	0	1	1	0	0	1	3
2013/12/27-21:18:12	49	1,579.558	42.826	4	0	1	0	0	0	0	1	0	0	1	16
2013/12/27-21:18:47	49	1,579.558	42.826	5	0	0	0	0	0	1	1	0	0	1	15
2013/12/27-21:19:30	49	1,579.558	42.826	15	0	0	0	1	0	1	1	0	0	1	42
2013/12/27-21:20:31	49	1,579.558	42.826	19	0	1	0	0	0	0	1	0	0	1	57
2013/12/27-21:21:46	49	1,579.558	42.826	1	0	0	0	1	0	1	1	0	0	1	5
2013/12/27-21:36:36	47	1,588.389	40.936	13	0	0	0	1	0	1	1	0	0	1	28
2013/12/27-21:37:24	47	1,588.389	40.936	1	0	0	0	0	0	1	1	0	0	1	3
2013/12/27-21:37:45	47	1,588.389	40.936	14	0	0	0	0	0	1	1	0	0	1	28
2013/12/27-21:38:32	47	1,588.389	40.936	3	0	0	0	0	0	1	1	0	0	1	4
2013/12/27-21:39:14	47	1,588.389	40.936	6	0	0	0	0	0	1	1	0	0	1	18
2013/12/27-22:00:59	47	1,588.389	40.936	1	0	1	0	0	0	0	1	0	0	1	4
2013/12/27-22:01:22	47	1,588.389	40.936	2	0	0	0	0	0	1	1	0	0	1	6
2013/12/27-22:01:48	47	1,588.389	40.936	12	0	0	0	0	0	1	1	0	0	1	16
2013/12/27-22:02:41	47	1,588.389	40.936	1	0	0	0	2	0	1	1	1	0	0	3
2013/12/27-22:03:03	47	1,588.389	40.936	18	0	0	1	0	0	1	1	0	0	1	31
2013/12/27-22:15:56	46	1,593.807	39.155	4	0	1	1	0	0	0	1	0	0	1	10
2013/12/27-22:16:25	46	1,593.807	39.155	0	0	1	0	0	0	0	1	1	0	0	4
2013/12/27-22:16:48	46	1,593.807	39.155	5	0	1	0	0	0	0	1	0	0	1	16
2013/12/27-22:17:34	46	1,593.807	39.155	3	0	1	0	0	0	0	1	0	0	1	8
2013/12/27-22:18:00	46	1,593.807	39.155	4	0	0	0	0	0	1	1	0	0	1	12
2013/12/27-22:56:28	46	1,593.807	39.155	1	0	1	0	0	0	0	1	0	0	1	9
2013/12/27-22:56:58	46	1,593.807	39.155	7	0	1	0	1	0	0	1	0	0	1	14
2013/12/27-22:58:16	46	1,593.807	39.155	8	0	0	0	0	0	0	1	1	0	0	18
2013/12/27-23:00:54	46	1,593.807	39.155	7	0	0	0	1	0	0	1	1	0	0	20
2013/12/27-23:01:30	46	1,593.807	39.155	2	0	1	0	0	0	0	1	0	0	1	3
2013/12/27-23:12:55	44	1,604.249	37.724	4	0	0	0	0	0	1	1	0	0	1	12
2013/12/27-23:13:26	44	1,604.249	37.724	3	0	1	0	0	0	0	1	0	0	1	7
2013/12/27-23:14:34	44	1,604.249	37.724	5	0	0	0	0	0	1	1	0	0	1	12
2013/12/27-23:15:52	44	1,604.249	37.724	1	0	0	0	0	0	1	1	0	0	1	4
2013/12/27-23:16:37	44	1,604.249	37.724	1	0	0	0	0	0	1	1	0	0	1	4
2013/12/27-23:26:58	44	1,604.249	37.724	1	0	1	0	0	0	0	1	0	0	1	8
2013/12/27-23:27:25	44	1,604.249	37.724	19	0	0	0	0	0	0	1	1	0	0	38
2013/12/27-23:28:22	44	1,604.249	37.724	9	0	1	0	0	0	0	1	0	0	1	25
2013/12/27-23:29:06	44	1,604.249	37.724	7	0	0	0	0	0	0	1	1	0	0	14
2013/12/27-23:29:38	44	1,604.249	37.724	1	0	0	0	0	0	1	1	0	0	1	3
2013/12/27-23:46:40	44	1,603.302	36.588	2	0	0	0	1	0	1	1	0	0	1	7
2013/12/27-23:47:59	44	1,603.302	36.588	6	0	1	0	0	0	0	1	0	0	1	11
2013/12/27-23:48:28	44	1,603.302	36.588	9	0	0	2	0	0	1	1	0	0	1	22
2013/12/27-23:49:17	44	1,603.302	36.588	4	0	1	0	1	0	0	1	0	0	1	11
2013/12/27-23:49:47	44	1,603.302	36.588	1	0	0	0	0	0	1	1	0	0	1	5
2013/12/27-23:58:01	44	1,603.302	36.588	2	0	0	0	0	0	1	1	0	0	1	10
2013/12/27-23:58:30	44	1,603.302	36.588	3	0	0	0	1	0	0	1	1	0	0	7
2013/12/27-23:58:56	44	1,603.302	36.588	2	0	0	0	1	0	0	1	1	0	0	7
2013/12/27-23:59:23	44	1,603.302	36.588	14	0	0	0	0	0	0	1	1	0	0	22
2013/12/28-00:00:03	44	1,603.302	36.588	1	0	0	0	0	0	1	1	0	0	1	3
2013/12/28-00:16:54	42	1,616.74	35.425	2	0	0	0	1	0	0	1	1	0	0	7
2013/12/28-00:17:20	42	1,616.74	35.425	4	0	0	0	0	0	1	1	0	0	1	9
2013/12/28-00:17:48	42	1,616.74	35.425	2	0	1	0	0	0	0	1	0	0	1	13
2013/12/28-00:18:21	42	1,616.74	35.425	13	0	1	0	0	0	0	1	0	0	1	38
2013/12/28-00:19:18	42	1,616.74	35.425	11	0	1	0	0	0	0	1	0	0	1	22
2013/12/28-00:25:48	42	1,616.74	35.425	4	0	0	0	1	0	0	1	1	0	0	8
2013/12/28-00:26:16	42	1,616.74	35.425	7	0	1	0	0	0	0	1	0	0	1	17
2013/12/28-00:27:02	42	1,616.74	35.425	1	0	0	0	1	0	1	1	0	0	1	3
2013/12/28-00:27:24	42	1,616.74	35.425	2	0	0	0	1	0	0	1	1	0	0	6
2013/12/28-00:27:50	42	1,616.74	35.425	6	0	0	0	0	0	0	1	1	0	0	17
2013/12/28-00:43:47	40	1,632.046	34.491	8	0	0	0	0	0	0	1	1	0	0	12
2013/12/28-00:44:18	40	1,632.046	34.491	21	0	0	2	0	0	1	1	0	0	1	35
2013/12/28-00:45:12	40	1,632.046	34.491	4	0	1	0	0	0	0	1	0	0	1	12
2013/12/28-00:45:44	40	1,632.046	34.491	4	0	0	0	1	0	1	1	0	0	1	19
2013/12/28-00:46:22	40	1,632.046	34.491	4	0	1	0	0	0	0	1	0	0	1	9
2013/12/28-00:47:15	40	1,632.046	34.491	1	0	0	0	0	0	1	1	0	0	1	4
2013/12/28-00:47:42	40	1,632.046	34.491	12	0	0	0	0	0	0	1	1	0	0	29
2013/12/28-00:48:29	40	1,632.046	34.491	14	0	1	0	2	0	0	1	0	0	1	38
2013/12/28-00:49:26	40	1,632.046	34.491	7	0	1	0	0	0	0	1	0	0	1	12
2013/12/28-00:50:27	40	1,632.046	34.491	1	0	0	0	0	0	1	1	0	0	1	5
2013/12/28-01:12:58	37	1,640.061	33.765	2	0	0	0	1	0	1	1	0	0	1	7
2013/12/28-01:13:24	37	1,640.061	33.765	20	0	0	0	1	0	0	1	1	0	0	60
2013/12/28-01:14:43	37	1,640.061	33.765	12	0	0	0	1	0	1	1	0	0	1	15
2013/12/28-01:15:17	37	1,640.061	33.765	1	0	0	0	0	0	1	1	0	0	1	5
2013/12/28-01:16:25	37	1,640.061	33.765	17	0	0	2	0	0	1	1	0	0	1	32
2013/12/28-01:29:14	37	1,640.061	33.765	3	0	0	0	1	0	1	1	0	0	1	14
2013/12/28-01:30:00	37	1,640.061	33.765	6	0	0	0	1	0	0	1	1	0	0	33
2013/12/28-01:30:52	37	1,640.061	33.765	1	0	1	0	0	0	0	1	0	0	1	5
2013/12/28-01:32:12	37	1,640.061	33.765	1	0	1	0	0	0	0	1	0	0	1	3
2013/12/28-01:32:51	37	1,640.061	33.765	2	0	0	0	0	0	1	1	0	0	1	7
2013/12/28-01:42:18	37	1,640.061	33.765	1	0	0	0	0	0	1	1	0	0	1	4
2013/12/28-01:42:41	36	1,646.639	32.911	10	0	0	0	0	0	1	1	0	0	1	24
2013/12/28-01:43:31	36	1,646.639	32.911	12	0	0	0	0	0	0	1	1	0	0	15
2013/12/28-01:44:05	36	1,646.639	32.911	6	0	0	0	0	0	0	1	1	0	0	16
2013/12/28-01:44:40	36	1,646.639	32.911	6	0	1	0	0	0	0	1	0	0	1	21
2013/12/28-02:02:41	36	1,646.639	32.911	1	0	1	0	0	0	0	1	0	0	1	10
2013/12/28-02:03:12	36	1,646.639	32.911	3	0	0	0	0	0	1	1	0	0	1	12
2013/12/28-02:03:51	36	1,646.639	32.911	4	0	1	0	1	0	0	1	0	0	1	10
2013/12/28-02:05:01	36	1,646.639	32.911	7	0	0	0	0	0	1	1	0	0	1	21
2013/12/28-02:05:41	36	1,646.639	32.911	7	0	0	0	0	0	1	1	0	0	1	21
2013/12/28-02:14:49	36	1,646.639	32.911	4	0	0	0	2	0	0	1	1	0	0	14
2013/12/28-02:15:22	36	1,646.639	32.911	6	0	1	1	0	0	0	1	0	0	1	42
2013/12/28-02:16:27	36	1,652.15	32.177	3	0	1	0	0	0	0	1	0	0	1	7
2013/12/28-02:16:56	36	1,652.15	32.177	3	0	1	0	0	0	0	1	0	0	1	3
2013/12/28-02:17:21	36	1,652.15	32.177	2	0	1	0	0	0	0	1	0	0	1	4
2013/12/28-02:25:52	36	1,652.15	32.177	12	0	0	2	1	0	1	1	0	0	1	24
2013/12/28-02:26:35	36	1,652.15	32.177	4	0	0	0	0	0	1	1	0	0	1	9
2013/12/28-02:27:11	36	1,652.15	32.177	1	0	0	0	0	0	1	1	0	0	1	4
2013/12/28-02:27:37	36	1,652.15	32.177	2	0	1	0	0	0	0	1	0	0	1	6
2013/12/28-02:28:03	36	1,652.15	32.177	0	0	1	0	0	0	0	1	0	0	1	7
2013/12/28-02:39:32	36	1,652.15	32.177	1	0	1	0	1	0	0	1	0	0	1	6
2013/12/28-02:39:59	36	1,652.15	32.177	3	0	0	0	0	0	0	1	1	0	0	6
2013/12/28-02:40:24	36	1,652.15	32.177	15	0	0	0	3	0	0	1	1	0	0	17
2013/12/28-02:41:01	36	1,652.15	32.177	1	0	0	0	1	0	1	1	0	0	1	5
2013/12/28-02:41:26	36	1,652.15	32.177	7	0	0	0	1	0	0	1	1	0	0	20
2013/12/28-02:52:15	37	1,635.078	31.701	23	0	0	0	1	0	0	1	1	0	0	30
2013/12/28-02:53:04	37	1,635.078	31.701	2	0	1	0	0	0	0	1	0	0	1	3
2013/12/28-02:53:27	37	1,635.078	31.701	21	0	0	0	1	0	0	1	1	0	0	60
2013/12/28-02:54:46	37	1,635.078	31.701	3	0	1	0	0	0	0	1	0	0	1	8
2013/12/28-02:55:13	37	1,635.078	31.701	15	0	1	2	0	0	0	1	0	0	1	22
2013/12/28-03:03:06	37	1,635.078	31.701	3	0	1	0	0	0	0	1	0	0	1	7
2013/12/28-03:03:32	37	1,635.078	31.701	5	0	0	0	0	0	1	1	0	0	1	14
2013/12/28-03:04:30	37	1,635.078	31.701	6	0	0	0	0	0	1	1	0	0	1	13
2013/12/28-03:05:25	37	1,635.078	31.701	13	0	0	0	0	0	1	1	0	0	1	22
2013/12/28-03:06:06	37	1,635.078	31.701	2	0	1	0	1	0	0	1	0	0	1	6
2013/12/28-03:14:35	37	1,632.107	31.303	13	0	1	0	1	0	0	1	0	0	1	21
2013/12/28-03:15:15	37	1,632.107	31.303	10	0	0	0	1	0	0	1	1	0	0	35
2013/12/28-03:16:09	37	1,632.107	31.303	7	0	0	0	1	0	0	1	1	0	0	21
2013/12/28-03:16:49	37	1,632.107	31.303	1	0	0	0	3	0	0	1	1	0	0	3
2013/12/28-03:17:11	37	1,632.107	31.303	2	0	0	0	1	0	0	1	1	0	0	9
2013/12/28-03:32:33	37	1,632.107	31.303	3	0	0	0	0	0	1	1	0	0	1	10
2013/12/28-03:33:03	37	1,632.107	31.303	19	0	0	0	2	0	0	1	1	0	0	60
2013/12/28-03:34:22	37	1,632.107	31.303	7	0	0	0	1	0	0	1	1	0	0	14
2013/12/28-03:34:54	37	1,632.107	31.303	9	0	1	0	0	0	0	1	0	0	1	27
2013/12/28-03:35:41	37	1,632.107	31.303	15	0	0	0	1	0	0	1	1	0	0	22
2013/12/28-03:46:57	36	1,642.386	31.065	1	0	0	0	0	0	1	1	0	0	1	6
2013/12/28-03:47:23	36	1,642.386	31.065	5	0	1	0	1	0	0	1	0	0	1	16
2013/12/28-03:47:58	36	1,642.386	31.065	2	0	0	0	2	0	0	1	1	0	0	6
2013/12/28-03:48:23	36	1,642.386	31.065	1	0	0	0	0	0	1	1	0	0	1	4
2013/12/28-03:48:49	36	1,642.386	31.065	1	0	1	0	0	0	0	1	0	0	1	7
2013/12/28-03:59:01	36	1,642.386	31.065	3	0	0	0	1	0	1	1	0	0	1	13
2013/12/28-03:59:33	36	1,642.386	31.065	3	0	0	0	2	0	0	1	1	0	0	7
2013/12/28-03:59:59	36	1,642.386	31.065	1	0	0	0	1	0	1	1	0	0	1	3
2013/12/28-04:00:25	36	1,642.386	31.065	7	0	0	0	1	0	0	1	1	0	0	26
2013/12/28-04:01:10	36	1,642.386	31.065	8	0	0	0	2	0	0	1	1	0	0	15
2013/12/28-04:12:05	37	1,637.825	30.884	12	0	0	0	1	0	1	1	0	0	1	17
2013/12/28-04:12:41	37	1,637.825	30.884	2	0	0	0	1	0	0	1	1	0	0	6
2013/12/28-04:13:07	37	1,637.825	30.884	2	0	0	0	1	0	1	1	0	0	1	11
2013/12/28-04:13:37	37	1,637.825	30.884	3	0	0	0	1	0	0	1	1	0	0	13
2013/12/28-04:14:09	37	1,637.825	30.884	7	0	0	0	2	0	0	1	1	0	0	20
2013/12/28-04:26:33	37	1,637.825	30.884	2	0	1	0	0	0	0	1	0	0	1	10
2013/12/28-04:27:02	37	1,637.825	30.884	0	0	1	0	0	0	0	1	0	0	1	3
2013/12/28-04:27:47	37	1,637.825	30.884	3	0	0	0	0	0	1	1	0	0	1	17
2013/12/28-04:28:35	37	1,637.825	30.884	7	0	1	0	0	0	0	1	0	0	1	10
2013/12/28-04:29:10	37	1,637.825	30.884	10	0	0	0	0	0	1	1	0	0	1	22
2013/12/28-04:39:40	36	1,638.713	30.577	1	0	0	0	0	0	1	1	0	0	1	4
2013/12/28-04:40:29	36	1,638.713	30.577	1	0	0	0	0	0	1	1	0	0	1	6
2013/12/28-04:40:54	36	1,638.713	30.577	8	0	0	0	1	0	1	1	0	0	1	18
2013/12/28-04:41:31	36	1,638.713	30.577	7	0	1	0	1	0	0	1	0	0	1	21
2013/12/28-04:42:10	36	1,638.713	30.577	2	0	0	0	1	0	1	1	0	0	1	7
2013/12/28-04:51:05	36	1,638.713	30.577	3	0	0	0	1	0	1	1	0	0	1	13
2013/12/28-04:51:37	36	1,638.713	30.577	3	0	0	0	0	0	1	1	0	0	1	7
2013/12/28-04:52:04	36	1,638.713	30.577	4	0	0	0	0	0	0	1	1	0	0	11
2013/12/28-04:52:34	36	1,638.713	30.577	6	0	1	0	0	0	0	1	1	0	0	8
2013/12/28-04:53:01	36	1,638.713	30.577	5	0	0	0	2	0	1	1	0	0	1	16
2013/12/28-05:17:10	37	1,636.764	30.388	2	0	0	0	1	0	1	1	0	0	1	6
2013/12/28-05:17:44	37	1,636.764	30.388	3	0	1	0	0	0	0	1	0	0	1	10
2013/12/28-05:18:20	37	1,636.764	30.388	3	0	0	0	1	0	1	1	0	0	1	8
2013/12/28-05:18:48	37	1,636.764	30.388	15	0	0	2	0	0	1	1	0	0	1	36
2013/12/28-05:19:43	37	1,636.764	30.388	12	0	1	0	0	0	0	1	0	0	1	17
2013/12/28-05:24:09	37	1,636.764	30.388	19	0	0	1	0	0	0	1	1	0	0	35
2013/12/28-05:25:04	37	1,636.764	30.388	7	0	0	0	2	0	0	1	1	0	0	22
2013/12/28-05:25:45	37	1,636.764	30.388	8	0	1	0	1	0	0	1	0	0	1	23
2013/12/28-05:26:28	37	1,636.764	30.388	2	0	0	0	0	0	1	1	0	0	1	12
2013/12/28-05:26:59	37	1,636.764	30.388	3	0	0	0	1	0	0	1	1	0	0	7
2013/12/28-05:42:39	36	1,643.239	30.296	8	0	0	1	0	0	0	1	1	0	0	19
2013/12/28-05:43:18	36	1,643.239	30.296	2	0	0	0	2	0	0	1	1	0	0	7
2013/12/28-05:43:44	36	1,643.239	30.296	1	0	1	0	1	0	0	1	0	0	1	6
2013/12/28-05:44:14	36	1,643.239	30.296	3	0	0	0	0	0	1	1	0	0	1	8
2013/12/28-05:44:49	36	1,643.239	30.296	8	0	0	0	0	0	1	1	0	0	1	28
2013/12/28-05:53:23	36	1,643.239	30.296	1	0	0	0	0	0	1	1	0	0	1	3
2013/12/28-05:54:07	36	1,643.239	30.296	2	0	0	0	1	0	1	1	0	0	1	6
2013/12/28-05:54:42	36	1,643.239	30.296	1	0	0	0	0	0	1	1	0	0	1	4
2013/12/28-05:56:02	36	1,643.239	30.296	3	0	0	0	0	0	1	1	0	0	1	6
2013/12/28-05:56:27	36	1,643.239	30.296	6	0	0	0	0	0	1	1	0	0	1	9
2013/12/28-06:09:49	36	1,641.042	30.037	1	0	1	0	0	0	0	1	0	0	1	3
2013/12/28-06:10:11	36	1,641.042	30.037	13	0	0	0	1	0	0	1	1	0	0	14
2013/12/28-06:10:43	36	1,641.042	30.037	1	0	0	0	0	0	1	1	0	0	1	5
2013/12/28-06:11:07	36	1,641.042	30.037	8	0	0	0	0	0	0	1	1	0	0	12
2013/12/28-06:11:39	36	1,641.042	30.037	4	0	1	0	0	0	0	1	0	0	1	16
2013/12/28-06:28:48	36	1,641.042	30.037	3	0	1	0	2	0	0	1	0	0	1	11
2013/12/28-06:29:18	36	1,641.042	30.037	10	0	0	0	3	0	0	1	1	0	0	30
2013/12/28-06:30:07	36	1,641.042	30.037	17	0	0	3	1	0	0	1	1	0	0	39
2013/12/28-06:31:05	36	1,641.042	30.037	9	0	0	0	3	0	0	1	1	0	0	11
2013/12/28-06:31:34	36	1,641.042	30.037	1	0	0	0	1	0	1	1	0	0	1	4
2013/12/28-06:46:55	36	1,642.498	29.851	16	0	0	2	0	0	1	1	0	0	1	32
2013/12/28-06:47:46	36	1,642.498	29.851	8	0	0	1	0	0	1	1	0	0	1	21
2013/12/28-06:48:26	36	1,642.498	29.851	3	0	0	0	2	0	0	1	1	0	0	8
2013/12/28-06:48:54	36	1,642.498	29.851	7	0	1	0	0	0	0	1	0	0	1	10
2013/12/28-06:49:30	36	1,642.498	29.851	7	0	0	0	2	0	0	1	1	0	0	11
2013/12/28-07:02:04	36	1,642.498	29.851	8	0	0	0	0	0	1	1	0	0	1	12
2013/12/28-07:02:40	36	1,642.498	29.851	1	0	0	0	1	0	0	1	1	0	0	6
2013/12/28-07:03:05	36	1,642.498	29.851	23	0	0	1	0	0	1	1	0	0	1	46
2013/12/28-07:04:11	36	1,642.498	29.851	1	0	1	0	0	0	0	1	0	0	1	3
2013/12/28-07:05:23	36	1,642.498	29.851	9	0	0	0	0	0	1	1	0	0	1	21
2013/12/28-07:20:33	34	1,648.009	29.638	4	0	0	0	2	0	0	1	1	0	0	16
2013/12/28-07:21:08	34	1,648.009	29.638	11	0	0	0	0	0	1	1	0	0	1	16
2013/12/28-07:21:43	34	1,648.009	29.638	3	0	0	0	0	0	1	1	0	0	1	12
2013/12/28-07:22:49	34	1,648.009	29.638	2	0	0	0	1	0	1	1	0	0	1	7
2013/12/28-07:23:23	34	1,648.009	29.638	3	0	1	0	1	0	0	1	0	0	1	13
2013/12/28-21:54:42	34	1,650.572	63.433	0	0	1	0	0	0	0	1	0	0	1	4
2013/12/28-21:55:12	34	1,650.572	63.433	15	0	0	0	1	0	0	1	1	0	0	25
2013/12/28-21:55:55	34	1,650.572	63.433	10	0	0	0	1	0	0	1	1	0	0	29
2013/12/28-21:56:43	34	1,650.572	63.433	5	0	0	0	2	0	0	1	1	0	0	16
2013/12/28-23:14:09	30	1,667.033	61.678	1	0	0	0	0	0	1	1	0	0	1	3
2013/12/28-23:15:28	30	1,667.033	61.678	4	0	1	0	1	0	0	1	0	0	1	9
2013/12/28-23:15:59	30	1,667.033	61.678	9	0	0	1	0	0	1	1	0	0	1	12
2013/12/28-23:17:18	30	1,667.033	61.678	10	0	0	0	0	0	0	1	1	0	0	31
2013/12/28-23:18:08	30	1,667.033	61.678	12	0	0	0	2	0	1	1	0	0	1	17
2013/12/28-23:36:38	30	1,667.033	61.678	7	0	0	1	0	0	0	1	1	0	0	29
2013/12/28-23:37:26	30	1,667.299	57.877	19	0	0	1	2	0	0	1	1	0	0	42
2013/12/28-23:38:27	30	1,667.299	57.877	3	0	1	1	0	0	0	1	0	0	1	8
2013/12/28-23:39:46	30	1,667.299	57.877	3	0	0	0	1	0	1	1	0	0	1	9
2013/12/28-23:40:15	30	1,667.299	57.877	2	0	0	0	0	0	1	1	0	0	1	6
2013/12/28-23:55:15	30	1,667.299	57.877	1	0	0	0	0	0	1	1	0	0	1	4
2013/12/28-23:55:57	30	1,667.299	57.877	21	0	0	1	1	0	0	1	1	0	0	34
2013/12/28-23:56:50	30	1,667.299	57.877	8	0	0	0	0	0	1	1	0	0	1	16
2013/12/28-23:57:33	30	1,667.299	57.877	1	0	0	0	0	0	1	1	0	0	1	4
2013/12/28-23:58:35	30	1,667.299	57.877	2	0	1	0	0	0	0	1	0	0	1	8
2013/12/29-04:59:41	32	1,660.859	63.104	7	0	0	0	1	0	1	1	0	0	1	16
2013/12/29-05:00:16	32	1,660.859	63.104	2	0	0	0	0	0	1	1	0	0	1	8
2013/12/29-05:01:11	32	1,660.859	63.104	2	0	0	0	2	0	1	1	0	0	1	7
2013/12/29-05:01:37	32	1,660.859	63.104	5	0	1	0	1	0	0	1	0	0	1	12
2013/12/29-05:02:09	32	1,660.859	63.104	5	0	0	0	0	0	0	1	1	0	0	12
2013/12/29-05:07:56	32	1,660.859	63.104	1	0	1	0	0	0	0	1	0	0	1	10
2013/12/29-05:09:15	32	1,660.859	63.104	2	0	0	0	2	0	1	1	0	0	1	7
2013/12/29-05:09:42	32	1,660.859	63.104	5	0	1	0	1	0	0	1	0	0	1	16
2013/12/29-05:11:01	32	1,660.859	63.104	7	0	1	0	0	0	0	1	0	0	1	17
2013/12/29-05:12:11	32	1,660.859	63.104	1	0	1	0	0	0	0	1	0	0	1	3
2013/12/29-05:26:10	33	1,651.297	57.296	4	0	1	0	0	0	0	1	0	0	1	13
2013/12/29-05:26:57	33	1,651.297	57.296	2	0	1	0	0	0	0	1	0	0	1	9
2013/12/29-05:27:49	33	1,651.297	57.296	27	0	0	3	1	0	0	1	1	0	0	60
2013/12/29-05:29:08	33	1,651.297	57.296	2	0	0	0	0	0	1	1	0	0	1	7
2013/12/29-05:30:24	33	1,651.297	57.296	17	0	0	0	2	0	0	1	1	0	0	33
2013/12/29-05:48:36	33	1,651.297	57.296	2	0	1	0	1	0	0	1	0	0	1	7
2013/12/29-05:49:03	33	1,651.297	57.296	0	0	1	0	0	0	0	1	0	0	1	7
2013/12/29-05:49:29	33	1,651.297	57.296	6	0	0	0	0	0	1	1	0	0	1	11
2013/12/29-05:50:14	33	1,651.297	57.296	2	0	0	0	0	0	1	1	0	0	1	6
2013/12/29-05:51:33	33	1,651.297	57.296	1	0	0	0	0	0	1	1	0	0	1	4
2013/12/29-06:09:35	34	1,644.422	52.684	1	0	0	0	0	0	0	1	1	0	0	7
2013/12/29-06:10:01	34	1,644.422	52.684	10	0	1	0	1	0	0	1	0	0	1	27
2013/12/29-06:10:47	34	1,644.422	52.684	8	0	0	0	1	0	0	1	1	0	0	12
2013/12/29-06:11:19	34	1,644.422	52.684	11	0	0	0	2	0	0	1	1	0	0	30
2013/12/29-06:12:08	34	1,644.422	52.684	3	0	0	0	0	0	1	1	0	0	1	10
2013/12/29-06:26:25	34	1,644.422	52.684	10	0	1	0	1	0	0	1	1	0	0	29
2013/12/29-06:27:13	34	1,644.422	52.684	13	0	0	1	0	0	1	1	0	0	1	23
2013/12/29-06:28:09	34	1,644.422	52.684	0	0	1	0	0	0	0	1	0	0	1	3
2013/12/29-06:28:32	34	1,644.422	52.684	2	0	1	0	0	0	0	1	0	0	1	10
2013/12/29-06:29:02	34	1,644.422	52.684	10	0	1	0	0	0	0	1	0	0	1	27
2013/12/29-09:50:19	37	1,645.895	56.776	18	0	0	3	1	0	0	1	1	0	0	39
2013/12/29-09:51:17	37	1,645.895	56.776	13	0	1	1	0	0	0	1	0	0	1	33
2013/12/29-09:52:08	37	1,645.895	56.776	19	0	0	1	1	0	0	1	1	0	0	38
2013/12/29-09:53:04	37	1,645.895	56.776	9	0	1	0	0	0	0	1	0	0	1	20
2013/12/29-09:53:43	37	1,645.895	56.776	11	0	0	0	0	0	1	1	0	0	1	22
2013/12/29-10:08:18	37	1,645.895	56.776	6	0	1	1	0	0	0	1	0	0	1	15
2013/12/29-10:09:00	37	1,645.895	56.776	10	0	0	1	0	0	1	1	0	0	1	20
2013/12/29-10:09:41	37	1,645.895	56.776	9	0	1	0	1	0	0	1	0	0	1	19
2013/12/29-10:11:00	37	1,645.895	56.776	17	0	1	2	0	0	0	1	0	0	1	28
2013/12/29-10:11:46	37	1,645.895	56.776	14	0	1	0	0	0	0	1	0	0	1	29
2013/12/29-10:20:04	37	1,645.895	56.776	10	0	0	0	0	0	1	1	0	0	1	20
2013/12/29-10:20:42	37	1,645.895	56.776	9	0	0	1	0	0	1	1	0	0	1	15
2013/12/29-10:22:01	37	1,645.895	56.776	6	0	1	0	0	0	0	1	0	0	1	15
2013/12/29-10:22:57	32	1,661.088	52.029	4	0	1	1	0	0	0	1	0	0	1	10
2013/12/29-10:23:49	32	1,661.088	52.029	5	0	0	0	0	0	1	1	0	0	1	13
2013/12/29-10:42:41	32	1,661.088	52.029	12	0	0	2	0	0	1	1	0	0	1	21
2013/12/29-10:43:30	32	1,661.088	52.029	5	0	0	0	1	0	0	1	1	0	0	16
2013/12/29-10:44:04	32	1,661.088	52.029	21	0	0	2	1	0	0	1	1	0	0	37
2013/12/29-10:45:00	32	1,661.088	52.029	1	0	0	0	0	0	1	1	0	0	1	4
2013/12/29-10:45:38	32	1,661.088	52.029	9	0	0	0	0	0	0	1	1	0	0	19
2013/12/29-10:57:52	36	1,648.173	50.07	11	0	0	1	3	0	0	1	1	0	0	17
2013/12/29-10:58:28	36	1,648.173	50.07	2	0	0	0	0	0	1	1	0	0	1	3
2013/12/29-10:59:08	36	1,648.173	50.07	18	0	0	3	0	0	0	1	1	0	0	29
2013/12/29-10:59:56	36	1,648.173	50.07	5	0	0	0	0	0	1	1	0	0	1	8
2013/12/29-11:00:51	36	1,648.173	50.07	31	0	0	2	1	0	1	1	0	0	1	52
2013/12/29-11:12:28	36	1,648.173	50.07	5	0	0	0	0	0	1	1	0	0	1	15
2013/12/29-11:13:47	36	1,648.173	50.07	3	0	0	0	0	0	1	1	0	0	1	7
2013/12/29-11:14:22	36	1,648.173	50.07	7	0	0	1	1	0	1	1	0	0	1	20
2013/12/29-11:15:01	36	1,648.173	50.07	10	0	1	0	0	0	0	1	0	0	1	21
2013/12/29-11:15:41	36	1,648.173	50.07	2	0	0	0	0	0	1	1	0	0	1	12
2013/12/29-11:21:19	36	1,648.173	50.07	10	0	0	3	2	0	0	1	1	0	0	24
2013/12/29-11:22:01	36	1,648.173	50.07	15	0	0	0	1	0	1	1	0	0	1	29
2013/12/29-11:22:49	36	1,648.173	50.07	13	0	1	2	0	0	0	1	0	0	1	19
2013/12/29-11:23:31	36	1,648.173	50.07	4	0	0	0	0	0	1	1	0	0	1	9
2013/12/29-11:24:50	36	1,648.173	50.07	16	0	0	5	0	0	0	1	1	0	0	32
2013/12/29-11:44:49	37	1,642.943	45.923	14	0	0	1	1	0	1	1	0	0	1	30
2013/12/29-11:45:38	37	1,642.943	45.923	20	0	0	0	2	0	1	1	0	0	1	37
2013/12/29-11:46:34	37	1,642.943	45.923	5	0	1	0	0	0	0	1	0	0	1	14
2013/12/29-11:47:10	37	1,642.943	45.923	5	0	0	0	0	0	1	1	0	0	1	11
2013/12/29-11:47:57	37	1,642.943	45.923	6	0	0	0	0	0	1	1	0	0	1	11
2013/12/29-12:01:50	37	1,642.943	45.923	11	0	1	0	0	0	0	1	0	0	1	20
2013/12/29-12:03:09	37	1,642.943	45.923	4	0	0	0	0	0	1	1	0	0	1	7
2013/12/29-12:04:22	37	1,642.943	45.923	7	0	0	0	0	0	1	1	0	0	1	13
2013/12/29-12:05:41	37	1,642.943	45.923	14	0	1	3	1	0	0	1	0	0	1	26
2013/12/29-12:06:26	37	1,642.943	45.923	20	0	0	1	1	0	1	1	0	0	1	33
2013/12/29-12:24:44	40	1,622.981	43.519	3	0	0	0	0	0	0	1	1	0	0	8
2013/12/29-12:25:11	40	1,622.981	43.519	3	0	0	0	0	0	1	1	0	0	1	8
2013/12/29-12:25:38	40	1,622.981	43.519	19	0	0	1	2	0	0	1	1	0	0	39
2013/12/29-12:26:36	40	1,622.981	43.519	5	0	0	1	0	0	0	1	1	0	0	9
2013/12/29-12:27:04	40	1,622.981	43.519	34	0	0	2	0	0	1	1	0	0	1	53
2013/12/29-12:43:11	40	1,622.981	43.519	11	0	1	0	0	0	0	1	0	0	1	25
2013/12/29-12:43:54	40	1,622.981	43.519	4	0	0	0	0	0	1	1	0	0	1	8
2013/12/29-12:44:42	42	1,615.117	42.566	4	0	0	0	0	0	1	1	0	0	1	9
2013/12/29-12:45:18	42	1,615.117	42.566	3	0	0	0	0	0	1	1	0	0	1	6
2013/12/29-12:46:19	42	1,615.117	42.566	18	0	0	0	1	0	0	1	1	0	0	39
2013/12/29-12:54:43	42	1,615.117	42.566	12	0	0	2	0	0	1	1	0	0	1	23
2013/12/29-12:55:25	42	1,615.117	42.566	34	0	0	0	1	0	0	1	1	0	0	60
2013/12/29-12:56:44	42	1,615.117	42.566	6	0	0	0	0	0	1	1	0	0	1	13
2013/12/29-12:57:46	42	1,615.117	42.566	7	0	0	0	0	0	1	1	0	0	1	18
2013/12/29-12:58:26	42	1,615.117	42.566	7	0	1	2	0	0	0	1	0	0	1	12
2013/12/29-13:04:45	42	1,615.117	42.566	14	0	0	2	0	0	1	1	0	0	1	23
2013/12/29-13:05:26	42	1,615.117	42.566	3	0	1	0	0	0	0	1	0	0	1	12
2013/12/29-13:06:45	42	1,615.117	42.566	20	0	0	2	0	0	0	1	1	0	0	38
2013/12/29-13:07:43	42	1,615.117	42.566	9	0	0	0	1	0	1	1	0	0	1	29
2013/12/29-13:08:31	42	1,615.117	42.566	16	0	0	0	2	0	0	1	1	0	0	27
2013/12/29-13:29:43	42	1,609.614	40.274	37	0	1	4	2	0	0	1	0	0	1	55
2013/12/29-13:30:57	42	1,609.614	40.274	8	0	1	0	0	0	0	1	0	0	1	23
2013/12/29-13:32:16	42	1,609.614	40.274	2	0	0	0	0	0	1	1	0	0	1	4
2013/12/29-13:33:35	42	1,609.614	40.274	10	0	1	0	0	0	0	1	0	0	1	24
2013/12/29-13:34:26	42	1,609.614	40.274	5	0	0	1	0	0	1	1	0	0	1	12
2013/12/29-13:47:30	42	1,609.614	40.274	7	0	1	1	1	0	0	1	0	0	1	18
2013/12/29-13:48:07	42	1,609.614	40.274	5	0	0	1	0	0	1	1	0	0	1	17
2013/12/29-13:49:01	42	1,609.614	40.274	14	0	0	1	1	0	0	1	1	0	0	28
2013/12/29-13:49:48	42	1,609.614	40.274	8	0	0	1	0	0	1	1	0	0	1	18
2013/12/29-13:50:26	42	1,609.614	40.274	12	0	0	0	1	0	0	1	1	0	0	25
2013/12/29-14:01:02	42	1,605.055	38.572	20	0	0	2	0	0	1	1	0	0	1	40
2013/12/29-14:02:13	42	1,605.055	38.572	5	0	1	1	0	0	0	1	0	0	1	10
2013/12/29-14:03:09	42	1,605.055	38.572	14	0	0	4	0	0	1	1	0	0	1	27
2013/12/29-14:04:00	42	1,605.055	38.572	9	0	1	3	0	0	0	1	0	0	1	18
2013/12/29-14:04:37	42	1,605.055	38.572	11	0	1	1	0	0	0	1	0	0	1	22
2013/12/29-14:18:19	42	1,605.055	38.572	7	0	0	0	1	0	0	1	1	0	0	15
2013/12/29-14:18:53	42	1,605.055	38.572	7	0	0	0	1	0	0	1	1	0	0	20
2013/12/29-14:19:31	42	1,605.055	38.572	5	0	0	1	1	0	0	1	1	0	0	15
2013/12/29-14:20:06	42	1,605.055	38.572	7	0	0	1	0	0	1	1	0	0	1	16
2013/12/29-14:20:41	42	1,605.055	38.572	7	0	0	1	1	0	1	1	0	0	1	11
2013/12/29-14:34:06	42	1,596.297	37.732	4	0	0	0	0	0	0	1	1	0	0	8
2013/12/29-14:34:33	42	1,596.297	37.732	5	0	0	0	0	0	1	1	0	0	1	14
2013/12/29-14:35:27	42	1,596.297	37.732	18	0	0	1	1	0	0	1	1	0	0	32
2013/12/29-14:36:18	42	1,596.297	37.732	2	0	0	0	0	0	1	1	0	0	1	4
2013/12/29-14:37:12	42	1,596.297	37.732	20	0	0	2	1	0	1	1	0	0	1	40
2013/12/29-15:02:55	42	1,596.297	37.732	20	0	1	0	0	0	0	1	0	0	1	38
2013/12/29-15:03:52	42	1,596.297	37.732	8	0	0	0	0	0	1	1	0	0	1	14
2013/12/29-15:04:34	42	1,596.297	37.732	13	0	1	0	1	0	0	1	0	0	1	25
2013/12/29-15:05:18	42	1,596.297	37.732	7	0	0	1	0	0	1	1	0	0	1	13
2013/12/29-15:05:50	42	1,596.297	37.732	15	0	0	0	0	0	1	1	0	0	1	30
2013/12/29-15:11:20	44	1,594.989	36.603	3	0	0	1	0	0	1	1	0	0	1	10
2013/12/29-15:11:48	44	1,594.989	36.603	2	0	0	0	1	0	1	1	0	0	1	9
2013/12/29-15:12:16	44	1,594.989	36.603	17	0	0	0	0	0	0	1	1	0	0	35
2013/12/29-15:13:10	44	1,594.989	36.603	2	0	0	0	0	0	1	1	0	0	1	4
2013/12/29-15:14:05	44	1,594.989	36.603	10	0	0	0	2	0	0	1	1	0	0	22
2013/12/29-15:27:48	44	1,594.989	36.603	12	0	0	2	1	0	0	1	1	0	0	26
2013/12/29-15:28:34	44	1,594.989	36.603	21	0	0	0	1	0	0	1	1	0	0	38
2013/12/29-15:29:30	44	1,594.989	36.603	11	0	0	0	0	0	1	1	0	0	1	20
2013/12/29-15:30:49	44	1,594.989	36.603	7	0	1	0	0	0	0	1	0	0	1	14
2013/12/29-15:32:08	44	1,594.989	36.603	33	0	0	0	0	0	0	1	0	0	1	60
2013/12/29-16:21:06	44	1,594.989	36.603	12	0	0	4	1	0	0	1	1	0	0	21
2013/12/29-16:21:40	44	1,594.989	36.603	9	0	0	1	0	0	0	1	0	1	0	26
2013/12/29-16:22:55	44	1,594.989	36.603	30	0	1	9	0	0	0	1	0	0	1	40
2013/12/29-16:23:50	44	1,594.989	36.603	7	0	0	1	0	0	1	1	0	0	1	20
2013/12/29-17:14:15	44	1,587.452	35.391	9	0	0	1	0	0	1	1	0	0	1	20
2013/12/29-17:14:55	44	1,587.452	35.391	26	0	0	1	1	0	1	1	0	0	1	50
2013/12/29-17:16:03	44	1,587.452	35.391	13	0	0	0	1	0	0	1	1	0	0	27
2013/12/29-17:16:49	44	1,587.452	35.391	20	0	0	4	1	0	1	1	1	0	0	36
2013/12/29-17:17:44	44	1,587.452	35.391	4	0	0	1	1	0	1	1	0	0	1	14
2013/12/29-17:37:33	44	1,587.452	35.391	10	0	0	0	1	0	1	1	0	0	1	24
2013/12/29-17:38:18	44	1,587.452	35.391	4	0	0	0	0	0	1	1	0	0	1	10
2013/12/29-17:39:30	44	1,587.452	35.391	4	0	0	0	0	0	1	1	0	0	1	13
2013/12/29-17:40:28	44	1,587.452	35.391	11	0	1	1	0	0	0	1	0	0	1	20
2013/12/29-17:41:07	44	1,587.452	35.391	6	0	0	0	1	0	1	1	0	0	1	14
2013/12/29-17:48:29	43	1,587.272	34.583	3	0	0	0	0	0	1	1	0	0	1	10
2013/12/29-17:48:58	43	1,587.272	34.583	19	0	0	3	1	0	1	1	0	0	1	34
2013/12/29-17:49:51	43	1,587.272	34.583	9	0	0	0	0	0	1	1	0	0	1	18
2013/12/29-17:50:28	43	1,587.272	34.583	19	0	0	0	1	0	1	1	0	0	1	34
2013/12/29-17:51:21	43	1,587.272	34.583	10	0	1	0	0	0	0	1	0	0	1	27
2013/12/30-01:31:15	45	1,589.069	44.682	4	0	0	1	0	0	1	1	0	0	1	8
2013/12/30-01:32:03	45	1,589.069	44.682	24	0	0	1	1	0	0	1	1	0	0	40
2013/12/30-01:33:02	45	1,589.069	44.682	5	0	0	0	0	0	1	1	0	0	1	11
2013/12/30-01:33:55	46	1,589.38	44.133	3	0	1	0	0	0	0	1	0	0	1	12
2013/12/30-01:34:46	46	1,589.38	44.133	6	0	1	1	0	0	0	1	0	0	1	15
2013/12/30-01:48:10	46	1,589.38	44.133	8	0	0	0	0	0	1	1	0	0	1	14
2013/12/30-01:49:29	46	1,589.38	44.133	3	0	0	0	0	0	1	1	0	0	1	7
2013/12/30-01:50:48	46	1,589.38	44.133	10	0	0	4	2	0	0	1	1	0	0	19
2013/12/30-01:51:26	46	1,589.38	44.133	47	0	0	4	2	0	0	1	1	0	0	60
2013/12/30-01:52:45	46	1,589.38	44.133	7	0	1	0	0	0	0	1	0	0	1	13
2013/12/30-02:16:50	46	1,589.38	44.133	25	0	0	2	1	0	0	1	1	0	0	53
2013/12/30-02:18:02	46	1,589.38	44.133	16	0	0	0	1	0	1	1	0	0	1	29
2013/12/30-02:19:22	46	1,589.38	44.133	13	0	0	2	1	0	1	1	0	0	1	28
2013/12/30-02:20:31	46	1,589.38	44.133	11	0	0	3	2	0	1	1	0	0	1	16
2013/12/30-02:21:06	43	1,585.164	41.669	18	0	0	1	2	0	0	1	1	0	0	30
2013/12/30-08:28:14	43	1,590.626	52.999	4	0	0	0	0	0	1	1	0	0	1	14
2013/12/30-08:28:47	43	1,590.626	52.999	16	0	0	1	2	0	0	1	1	0	0	33
2013/12/30-08:29:39	43	1,590.626	52.999	11	0	0	1	0	0	1	1	0	0	1	15
2013/12/30-08:30:12	43	1,590.626	52.999	6	0	0	0	0	0	1	1	0	0	1	13
2013/12/30-08:30:44	43	1,590.626	52.999	4	0	1	0	0	0	0	1	0	0	1	11
2013/12/30-08:36:42	43	1,590.626	52.999	20	0	0	4	2	0	0	1	1	0	0	36
2013/12/30-08:37:36	43	1,590.626	52.999	2	0	0	0	0	0	1	1	0	0	1	3
2013/12/30-08:38:15	43	1,590.626	52.999	4	0	0	1	0	0	1	1	0	0	1	10
2013/12/30-08:39:33	43	1,590.626	52.999	9	0	1	1	0	0	0	1	0	0	1	17
2013/12/30-08:40:34	43	1,590.626	52.999	6	0	0	1	0	0	1	1	0	0	1	14
2013/12/30-08:50:27	43	1,590.626	52.999	40	0	0	2	3	0	0	1	1	0	0	57
2013/12/30-08:51:43	43	1,590.626	52.999	5	0	0	0	0	0	1	1	0	0	1	10
2013/12/30-08:52:12	43	1,590.626	52.999	14	0	0	3	1	0	0	1	1	0	0	27
2013/12/30-08:52:57	43	1,595.796	49.295	2	0	0	0	0	0	1	1	0	0	1	4
2013/12/30-08:54:16	43	1,595.796	49.295	25	0	0	1	2	0	0	1	1	0	0	44
2013/12/30-12:14:04	43	1,591.089	52.779	9	0	0	2	0	0	1	1	0	0	1	30
2013/12/30-12:15:03	43	1,591.089	52.779	13	0	0	1	0	0	1	1	0	0	1	32
2013/12/30-12:16:14	43	1,591.089	52.779	28	0	0	2	1	0	0	1	1	0	0	46
2013/12/30-12:17:19	43	1,591.089	52.779	33	0	0	0	0	0	0	1	0	0	1	60
2013/12/30-12:18:38	43	1,591.089	52.779	20	0	0	1	1	0	0	1	1	0	0	37
2013/12/30-12:38:52	42	1,595.316	51.546	10	0	0	0	0	0	1	1	0	0	1	23
2013/12/30-12:39:41	42	1,595.316	51.546	16	0	1	0	0	0	0	1	0	0	1	33
2013/12/30-12:40:56	42	1,595.316	51.546	10	0	1	1	0	0	0	1	0	0	1	20
2013/12/30-12:42:15	42	1,595.316	51.546	17	0	0	2	1	0	1	1	0	0	1	33
2013/12/30-12:43:31	42	1,595.316	51.546	25	0	0	3	0	0	1	1	0	0	1	45
2013/12/30-12:54:19	42	1,595.316	51.546	17	0	1	2	0	0	0	1	0	0	1	31
2013/12/30-12:55:27	42	1,595.316	51.546	20	0	1	0	0	0	0	1	0	0	1	40
2013/12/30-12:56:39	42	1,595.316	51.546	20	0	1	0	0	0	0	1	0	0	1	42
2013/12/30-12:57:40	42	1,595.316	51.546	17	0	1	0	0	0	0	1	0	0	1	36
2013/12/30-12:58:35	42	1,595.316	51.546	7	0	0	0	1	0	0	1	1	0	0	15
2013/12/30-17:23:12	44	1,604.108	55.858	8	0	0	1	0	0	1	1	0	0	1	19
2013/12/30-17:24:32	44	1,604.108	55.858	10	0	0	1	1	0	0	1	1	0	0	15
2013/12/30-17:25:06	44	1,604.108	55.858	15	0	0	0	1	0	0	1	1	0	0	29
2013/12/30-17:25:54	44	1,604.108	55.858	8	0	1	0	0	0	0	1	0	0	1	18
2013/12/30-17:26:39	44	1,604.108	55.858	2	0	0	1	0	0	1	1	0	0	1	8
2013/12/30-17:37:12	44	1,604.108	55.858	18	0	0	0	0	0	1	1	0	0	1	42
2013/12/30-17:38:31	44	1,604.108	55.858	19	0	0	0	0	0	0	1	1	0	0	42
2013/12/30-17:39:32	44	1,604.108	55.858	13	0	0	1	0	0	1	1	0	0	1	21
2013/12/30-17:40:48	44	1,604.108	55.858	7	0	0	1	0	0	1	1	0	0	1	11
2013/12/30-17:42:07	44	1,604.108	55.858	9	0	0	3	2	0	1	1	0	0	1	18
2013/12/30-18:04:48	40	1,611.636	51.565	8	0	1	2	1	0	0	1	0	0	1	15
2013/12/30-18:05:28	40	1,611.636	51.565	16	0	0	3	1	0	0	1	1	0	0	28
2013/12/30-18:06:15	40	1,611.636	51.565	15	0	0	1	2	0	0	1	1	0	0	31
2013/12/30-18:07:05	40	1,611.636	51.565	19	0	1	1	1	0	0	1	0	0	1	36
2013/12/30-18:07:59	40	1,611.636	51.565	31	0	1	1	0	0	0	1	0	0	1	53
