2013/12/27-12:54:53	60	1,500	352.936	0	0	0	0	0	0	0	1	1	0	0	49
2013/12/27-12:56:02	60	1,500	352.936	0	0	1	0	0	0	0	1	0	0	1	5
2013/12/27-12:56:51	60	1,500	352.936	0	0	1	0	0	0	0	1	0	0	1	3
2013/12/27-12:57:15	60	1,500	352.936	0	0	1	0	0	0	0	1	0	0	1	10
2013/12/27-12:57:44	60	1,500	352.936	0	0	1	0	0	0	0	1	0	0	1	16
2013/12/27-13:02:55	60	1,500	352.936	0	0	0	0	0	0	0	1	1	0	0	60
2013/12/27-13:04:14	60	1,500	352.936	0	0	1	0	0	0	0	1	0	0	1	9
2013/12/27-13:04:52	60	1,500	352.936	0	0	1	0	0	0	0	1	0	0	1	9
2013/12/27-13:05:20	60	1,500	352.936	0	0	1	0	0	0	0	1	0	0	1	16
2013/12/27-13:05:55	60	1,500	352.936	0	0	1	0	0	0	0	1	0	0	1	14
2013/12/27-13:13:13	88	1,178.765	256.547	0	0	1	0	0	0	0	1	0	0	1	16
2013/12/27-13:13:48	88	1,178.765	256.547	0	0	1	0	0	0	0	1	0	0	1	6
2013/12/27-13:14:21	88	1,178.765	256.547	0	0	1	0	0	0	0	1	0	0	1	3
2013/12/27-13:14:47	88	1,178.765	256.547	0	0	0	0	0	0	0	1	1	0	0	30
2013/12/27-13:15:36	88	1,178.765	256.547	0	0	1	0	0	0	0	1	1	0	0	15
2013/12/27-19:44:56	52	1,549.189	211.195	0	0	1	0	0	0	0	1	0	0	1	8
2013/12/27-19:47:01	52	1,549.189	211.195	0	0	1	0	0	0	0	1	0	0	1	6
2013/12/27-19:47:58	52	1,549.189	211.195	0	0	1	0	0	0	0	1	0	0	1	6
2013/12/27-19:48:50	52	1,549.189	211.195	0	0	1	0	0	0	0	1	0	0	1	6
2013/12/27-19:50:08	52	1,549.189	211.195	0	0	1	0	0	0	0	1	0	0	1	6
2013/12/27-19:57:19	52	1,549.189	211.195	0	0	1	0	0	0	0	1	0	0	1	5
2013/12/27-19:57:51	80	1,320.925	168.44	0	0	1	0	0	0	0	1	0	0	1	6
2013/12/27-19:58:22	80	1,320.925	168.44	0	0	1	0	0	0	0	1	0	0	1	9
2013/12/27-19:59:17	80	1,320.925	168.44	0	0	1	0	0	0	0	1	0	0	1	28
2013/12/27-20:00:11	80	1,320.925	168.44	0	0	1	0	0	0	0	1	0	0	1	6
2013/12/27-20:12:12	80	1,320.925	168.44	0	0	1	0	0	0	0	1	0	0	1	22
2013/12/27-20:13:01	80	1,320.925	168.44	0	0	1	0	0	0	0	1	0	0	1	6
2013/12/27-20:13:36	80	1,320.925	168.44	0	0	1	0	0	0	0	1	0	0	1	11
2013/12/27-20:14:19	80	1,320.925	168.44	0	0	1	0	0	0	0	1	0	0	1	11
2013/12/27-20:14:48	80	1,320.925	168.44	0	0	1	0	0	0	0	1	0	0	1	13
2013/12/27-20:36:28	71	1,390.502	137.984	0	0	1	0	0	0	0	1	0	0	1	14
2013/12/27-20:37:01	71	1,390.502	137.984	0	0	1	0	0	0	0	1	0	0	1	7
2013/12/27-20:37:27	71	1,390.502	137.984	0	0	1	0	0	0	0	1	0	0	1	8
2013/12/27-20:38:03	71	1,390.502	137.984	0	0	1	0	0	0	0	1	0	0	1	6
2013/12/27-20:39:02	71	1,390.502	137.984	0	0	1	0	0	0	0	1	0	0	1	6
2013/12/27-20:45:51	71	1,390.502	137.984	0	0	1	0	0	0	0	1	1	0	0	9
2013/12/27-20:46:19	71	1,390.502	137.984	0	0	1	0	0	0	0	1	0	0	1	6
2013/12/27-20:47:12	71	1,390.502	137.984	0	0	1	0	0	0	0	1	0	0	1	6
2013/12/27-20:48:17	71	1,390.502	137.984	0	0	1	0	0	0	0	1	0	0	1	14
2013/12/27-20:48:50	71	1,390.502	137.984	0	0	1	0	0	0	0	1	0	0	1	8
2013/12/27-20:56:31	71	1,390.502	137.984	0	0	1	0	0	0	0	1	0	0	1	3
2013/12/27-20:57:50	71	1,390.502	137.984	0	0	1	0	0	0	0	1	0	0	1	6
2013/12/27-20:58:40	71	1,390.502	137.984	0	0	1	0	0	0	0	1	0	0	1	6
2013/12/27-20:59:24	71	1,392.539	111.287	0	0	1	0	0	0	0	1	0	0	1	16
2013/12/27-20:59:59	71	1,392.539	111.287	0	0	1	0	0	0	0	1	1	0	0	37
2013/12/27-21:18:12	71	1,392.539	111.287	0	0	1	0	0	0	0	1	0	0	1	7
2013/12/27-21:18:47	71	1,392.539	111.287	0	0	1	0	0	0	0	1	0	0	1	8
2013/12/27-21:19:30	71	1,392.539	111.287	0	0	1	0	0	0	0	1	0	0	1	6
2013/12/27-21:20:31	71	1,392.539	111.287	0	0	1	0	0	0	0	1	0	0	1	3
2013/12/27-21:21:46	71	1,392.539	111.287	0	0	1	0	0	0	0	1	0	0	1	5
2013/12/27-21:28:45	69	1,399.565	97.495	0	0	1	0	0	0	0	1	0	0	1	3
2013/12/27-21:29:19	69	1,399.565	97.495	0	0	1	0	0	0	0	1	0	0	1	9
2013/12/27-21:29:52	69	1,399.565	97.495	0	0	1	0	0	0	0	1	0	0	1	5
2013/12/27-21:30:48	69	1,399.565	97.495	0	0	1	0	0	0	0	1	0	0	1	6
2013/12/27-21:31:43	69	1,399.565	97.495	0	0	1	0	0	0	0	1	0	0	1	3
2013/12/27-21:39:58	69	1,399.565	97.495	0	0	1	0	0	0	0	1	0	0	1	6
2013/12/27-21:40:32	69	1,399.565	97.495	0	0	1	0	0	0	0	1	0	0	1	3
2013/12/27-21:41:38	69	1,399.565	97.495	0	0	1	0	0	0	0	1	0	0	1	6
2013/12/27-21:42:43	69	1,399.565	97.495	0	0	1	0	0	0	0	1	0	0	1	3
2013/12/27-21:43:31	69	1,399.565	97.495	0	0	1	0	0	0	0	1	0	0	1	9
2013/12/27-22:18:37	80	1,326.478	83.991	0	0	1	0	0	0	0	1	0	0	1	3
2013/12/27-22:19:39	80	1,326.478	83.991	0	0	1	0	0	0	0	1	0	0	1	6
2013/12/27-22:20:59	80	1,326.478	83.991	0	0	0	0	0	0	0	1	1	0	0	6
2013/12/27-22:21:24	80	1,326.478	83.991	0	0	1	0	0	0	0	1	0	0	1	6
2013/12/27-22:21:56	80	1,326.478	83.991	0	0	1	0	0	0	0	1	0	0	1	8
2013/12/27-22:43:35	80	1,326.478	83.991	0	0	1	0	0	0	0	1	0	0	1	6
2013/12/27-22:49:03	80	1,326.478	83.991	0	0	1	0	0	0	0	1	0	0	1	12
2013/12/27-22:49:49	80	1,326.478	83.991	0	0	1	0	0	0	0	1	0	0	1	6
2013/12/27-22:50:39	80	1,326.478	83.991	0	0	1	0	0	0	0	1	0	0	1	11
2013/12/27-22:51:22	80	1,326.478	83.991	0	0	1	0	0	0	0	1	0	0	1	8
2013/12/27-23:02:24	80	1,326.478	83.991	0	0	1	0	0	0	0	1	0	0	1	3
2013/12/27-23:03:12	80	1,326.478	83.991	0	0	1	0	0	0	0	1	0	0	1	12
2013/12/27-23:04:07	80	1,326.478	83.991	0	0	1	0	0	0	0	1	0	0	1	6
2013/12/27-23:04:49	80	1,326.478	83.991	0	0	1	0	0	0	0	1	0	0	1	9
2013/12/27-23:05:17	80	1,326.478	83.991	0	0	1	0	0	0	0	1	0	0	1	20
2013/12/27-23:30:24	71	1,384.382	73.4	0	0	1	0	0	0	0	1	0	0	1	6
2013/12/27-23:31:15	71	1,384.382	73.4	0	0	1	0	0	0	0	1	0	0	1	6
2013/12/27-23:32:00	71	1,384.382	73.4	0	0	1	0	0	0	0	1	0	0	1	6
2013/12/27-23:32:59	71	1,384.382	73.4	0	0	1	0	0	0	0	1	0	0	1	6
2013/12/27-23:33:44	71	1,384.382	73.4	0	0	1	0	0	0	0	1	0	0	1	4
2013/12/27-23:34:14	71	1,384.382	73.4	0	0	1	0	0	0	0	1	0	0	1	12
2013/12/27-23:34:44	71	1,384.382	73.4	0	0	1	0	0	0	0	1	0	0	1	6
2013/12/27-23:35:22	71	1,384.382	73.4	0	0	1	0	0	0	0	1	0	0	1	6
2013/12/27-23:36:01	71	1,384.382	73.4	0	0	1	0	0	0	0	1	0	0	1	6
2013/12/27-23:36:55	71	1,384.382	73.4	0	0	1	0	0	0	0	1	0	0	1	19
2013/12/27-23:50:23	73	1,372.709	66.971	0	0	1	0	0	0	0	1	0	0	1	9
2013/12/27-23:50:51	73	1,372.709	66.971	0	0	1	0	0	0	0	1	0	0	1	25
2013/12/27-23:52:10	73	1,372.709	66.971	0	0	1	0	0	0	0	1	0	0	1	6
2013/12/27-23:52:46	73	1,372.709	66.971	0	0	1	0	0	0	0	1	0	0	1	6
2013/12/27-23:53:11	73	1,372.709	66.971	0	0	1	0	0	0	0	1	0	0	1	37
2013/12/28-00:16:54	73	1,375.95	63.429	0	0	1	0	0	0	0	1	0	0	1	3
2013/12/28-00:17:20	73	1,375.95	63.429	0	0	1	0	0	0	0	1	0	0	1	6
2013/12/28-00:17:48	73	1,375.95	63.429	0	0	1	0	0	0	0	1	0	0	1	6
2013/12/28-00:18:21	73	1,375.95	63.429	0	0	1	0	0	0	0	1	0	0	1	10
2013/12/28-00:19:18	73	1,375.95	63.429	0	0	1	0	0	0	0	1	0	0	1	6
2013/12/28-00:20:06	73	1,375.95	63.429	0	0	1	0	0	0	0	1	0	0	1	6
2013/12/28-00:20:45	73	1,375.95	63.429	0	0	1	0	0	0	0	1	0	0	1	3
2013/12/28-00:21:11	73	1,375.95	63.429	0	0	1	0	0	0	0	1	0	0	1	7
2013/12/28-00:21:49	73	1,375.95	63.429	0	0	1	0	0	0	0	1	0	0	1	6
2013/12/28-00:22:20	73	1,375.95	63.429	0	0	1	0	0	0	0	1	0	0	1	6
2013/12/28-00:33:34	73	1,375.95	63.429	0	0	1	0	0	0	0	1	0	0	1	6
2013/12/28-00:34:10	73	1,375.95	63.429	0	0	1	0	0	0	0	1	0	0	1	16
2013/12/28-00:34:45	73	1,375.95	63.429	0	0	1	0	0	0	0	1	0	0	1	6
2013/12/28-00:35:11	73	1,375.95	63.429	0	0	1	0	0	0	0	1	0	0	1	6
2013/12/28-00:35:45	73	1,375.95	63.429	0	0	1	0	0	0	0	1	0	0	1	8
2013/12/28-00:47:15	75	1,360.451	57.678	0	0	1	0	0	0	0	1	0	0	1	7
2013/12/28-00:47:42	75	1,360.451	57.678	0	0	1	0	0	0	0	1	0	0	1	14
2013/12/28-00:48:29	75	1,360.451	57.678	0	0	1	0	0	0	0	1	0	0	1	3
2013/12/28-00:49:26	75	1,360.451	57.678	0	0	1	0	0	0	0	1	0	0	1	6
2013/12/28-00:50:27	75	1,360.451	57.678	0	0	1	0	0	0	0	1	0	0	1	3
2013/12/28-01:05:57	75	1,360.451	57.678	0	0	1	0	0	0	0	1	0	0	1	3
2013/12/28-01:06:41	75	1,360.451	57.678	0	0	1	0	0	0	0	1	0	0	1	3
2013/12/28-01:07:03	75	1,360.451	57.678	0	0	1	0	0	0	0	1	0	0	1	6
2013/12/28-01:07:31	75	1,360.451	57.678	0	0	1	0	0	0	0	1	0	0	1	6
2013/12/28-01:07:58	75	1,360.451	57.678	0	0	1	0	0	0	0	1	0	0	1	9
2013/12/28-01:17:22	75	1,365.968	55.142	0	0	1	0	0	0	0	1	0	0	1	14
2013/12/28-01:17:55	75	1,365.968	55.142	0	0	1	0	0	0	0	1	0	0	1	4
2013/12/28-01:18:21	75	1,365.968	55.142	0	0	0	0	0	0	0	1	1	0	0	60
2013/12/28-01:19:40	75	1,365.968	55.142	0	0	1	0	0	0	0	1	0	0	1	6
2013/12/28-01:20:05	75	1,365.968	55.142	0	0	1	0	0	0	0	1	0	0	1	6
2013/12/28-01:34:32	75	1,365.968	55.142	0	0	1	0	0	0	0	1	0	0	1	6
2013/12/28-01:35:51	75	1,365.968	55.142	0	0	1	0	0	0	0	1	0	0	1	6
2013/12/28-01:36:49	75	1,365.968	55.142	0	0	1	0	0	0	0	1	0	0	1	3
2013/12/28-01:37:29	75	1,365.968	55.142	0	0	1	0	0	0	0	1	0	0	1	3
2013/12/28-01:38:48	75	1,365.968	55.142	0	0	1	0	0	0	0	1	0	0	1	10
2013/12/28-01:54:56	75	1,353.805	52.373	0	0	1	0	0	0	0	1	0	0	1	6
2013/12/28-01:55:27	75	1,353.805	52.373	0	0	1	0	0	0	0	1	0	0	1	36
2013/12/28-01:56:28	75	1,353.805	52.373	0	0	0	0	0	0	0	1	1	0	0	60
2013/12/28-01:57:48	75	1,353.805	52.373	0	0	1	0	0	0	0	1	0	0	1	10
2013/12/28-01:58:17	75	1,353.805	52.373	0	0	1	0	0	0	0	1	0	0	1	13
2013/12/28-02:06:56	75	1,353.805	52.373	0	0	1	0	0	0	0	1	0	0	1	6
2013/12/28-02:07:22	75	1,353.805	52.373	0	0	1	0	0	0	0	1	1	0	0	30
2013/12/28-02:08:11	75	1,353.805	52.373	0	0	1	0	0	0	0	1	0	0	1	6
2013/12/28-02:08:45	75	1,353.805	52.373	0	0	1	0	0	0	0	1	0	0	1	5
2013/12/28-02:09:10	75	1,353.805	52.373	0	0	0	0	0	0	0	1	1	0	0	6
2013/12/28-02:32:09	75	1,367.235	49.228	0	0	1	0	0	0	0	1	0	0	1	36
2013/12/28-02:33:04	75	1,367.235	49.228	0	0	1	0	0	0	0	1	0	0	1	9
2013/12/28-02:33:33	75	1,367.235	49.228	0	0	1	0	0	0	0	1	0	0	1	6
2013/12/28-02:34:47	75	1,367.235	49.228	0	0	1	0	0	0	0	1	0	0	1	3
2013/12/28-02:35:09	75	1,367.235	49.228	0	0	1	0	0	0	0	1	0	0	1	7
2013/12/28-02:39:32	75	1,367.235	49.228	0	0	1	0	0	0	0	1	0	0	1	6
2013/12/28-02:39:59	75	1,367.235	49.228	0	0	1	0	0	0	0	1	0	0	1	6
2013/12/28-02:40:24	75	1,367.235	49.228	0	0	1	0	0	0	0	1	0	0	1	8
2013/12/28-02:41:01	75	1,367.235	49.228	0	0	0	0	0	0	0	1	1	0	0	6
2013/12/28-02:41:26	75	1,367.235	49.228	0	0	1	0	0	0	0	1	0	0	1	20
2013/12/28-02:52:15	74	1,371.397	47.093	0	0	1	0	0	0	0	1	0	0	1	4
2013/12/28-02:53:04	74	1,371.397	47.093	0	0	1	0	0	0	0	1	0	0	1	3
2013/12/28-02:53:27	74	1,371.397	47.093	0	0	1	0	0	0	0	1	0	0	1	3
2013/12/28-02:54:46	74	1,371.397	47.093	0	0	1	0	0	0	0	1	0	0	1	6
2013/12/28-02:55:13	74	1,371.397	47.093	0	0	1	0	0	0	0	1	0	0	1	6
2013/12/28-03:11:51	74	1,366.366	46.25	0	0	1	0	0	0	0	1	0	0	1	6
2013/12/28-03:12:42	74	1,366.366	46.25	0	0	1	0	0	0	0	1	0	0	1	3
2013/12/28-03:13:04	74	1,366.366	46.25	0	0	1	0	0	0	0	1	1	0	0	5
2013/12/28-03:13:28	74	1,366.366	46.25	0	0	1	0	0	0	0	1	0	0	1	6
2013/12/28-03:13:55	74	1,366.366	46.25	0	0	1	0	0	0	0	1	0	0	1	3
2013/12/28-03:14:35	74	1,366.366	46.25	0	0	1	0	0	0	0	1	0	0	1	9
2013/12/28-03:15:15	74	1,366.366	46.25	0	0	1	0	0	0	0	1	0	0	1	3
2013/12/28-03:16:09	74	1,366.366	46.25	0	0	1	0	0	0	0	1	0	0	1	21
2013/12/28-03:16:49	74	1,366.366	46.25	0	0	1	0	0	0	0	1	0	0	1	3
2013/12/28-03:17:11	74	1,366.366	46.25	0	0	1	0	0	0	0	1	0	0	1	9
2013/12/28-03:29:00	74	1,366.366	46.25	0	0	1	0	0	0	0	1	0	0	1	6
2013/12/28-03:29:29	74	1,366.366	46.25	0	0	0	0	0	0	0	1	1	0	0	60
2013/12/28-03:30:48	74	1,366.366	46.25	0	0	1	0	0	0	0	1	0	0	1	6
2013/12/28-03:31:18	74	1,366.366	46.25	0	0	1	0	0	0	0	1	0	0	1	4
2013/12/28-03:31:56	74	1,366.366	46.25	0	0	1	0	0	0	0	1	0	0	1	11
2013/12/28-03:43:48	74	1,369.498	43.083	0	0	1	0	0	0	0	1	0	0	1	6
2013/12/28-03:44:56	74	1,369.498	43.083	0	0	1	0	0	0	0	1	0	0	1	3
2013/12/28-03:45:22	74	1,369.498	43.083	0	0	1	0	0	0	0	1	0	0	1	5
2013/12/28-03:45:46	74	1,369.498	43.083	0	0	1	0	0	0	0	1	0	0	1	3
2013/12/28-03:46:18	74	1,369.498	43.083	0	0	1	0	0	0	0	1	0	0	1	9
2013/12/28-03:59:01	74	1,369.498	43.083	0	0	1	0	0	0	0	1	0	0	1	8
2013/12/28-03:59:33	74	1,369.498	43.083	0	0	1	0	0	0	0	1	0	0	1	6
2013/12/28-03:59:59	74	1,369.498	43.083	0	0	1	0	0	0	0	1	0	0	1	7
2013/12/28-04:00:25	74	1,369.498	43.083	0	0	1	0	0	0	0	1	0	0	1	26
2013/12/28-04:01:10	74	1,369.498	43.083	0	0	1	0	0	0	0	1	0	0	1	6
2013/12/28-04:08:35	74	1,365.632	41.614	0	0	1	0	0	0	0	1	0	0	1	19
2013/12/28-04:09:54	74	1,365.632	41.614	0	0	1	0	0	0	0	1	0	0	1	21
2013/12/28-04:10:35	74	1,365.632	41.614	0	0	1	0	0	0	0	1	0	0	1	12
2013/12/28-04:11:05	74	1,365.632	41.614	0	0	1	0	0	0	0	1	0	0	1	6
2013/12/28-04:11:31	74	1,365.632	41.614	0	0	1	0	0	0	0	1	0	0	1	9
2013/12/28-04:34:07	74	1,365.632	41.614	0	0	1	0	0	0	0	1	0	0	1	8
2013/12/28-04:35:03	74	1,365.632	41.614	0	0	1	0	0	0	0	1	0	0	1	4
2013/12/28-04:35:30	74	1,364.807	40.488	0	0	1	0	0	0	0	1	0	0	1	6
2013/12/28-04:36:07	74	1,364.807	40.488	0	0	1	0	0	0	0	1	0	0	1	6
2013/12/28-04:36:46	74	1,364.807	40.488	0	0	1	0	0	0	0	1	0	0	1	6
2013/12/28-04:37:17	74	1,364.807	40.488	0	0	1	0	0	0	0	1	0	0	1	6
2013/12/28-04:37:44	74	1,364.807	40.488	0	0	1	0	0	0	0	1	0	0	1	3
2013/12/28-04:38:18	74	1,364.807	40.488	0	0	1	0	0	0	0	1	0	0	1	3
2013/12/28-04:38:41	74	1,364.807	40.488	0	0	1	0	0	0	0	1	0	0	1	3
2013/12/28-04:39:09	74	1,364.807	40.488	0	0	1	0	0	0	0	1	0	0	1	3
2013/12/28-04:51:05	74	1,364.807	40.488	0	0	1	0	0	0	0	1	0	0	1	8
2013/12/28-04:51:37	74	1,364.807	40.488	0	0	1	0	0	0	0	1	0	0	1	6
2013/12/28-04:52:04	74	1,364.807	40.488	0	0	1	0	0	0	0	1	0	0	1	6
2013/12/28-04:52:34	74	1,364.807	40.488	0	0	1	0	0	0	0	1	0	0	1	6
2013/12/28-04:53:01	74	1,364.807	40.488	0	0	1	0	0	0	0	1	0	0	1	6
2013/12/28-05:07:21	74	1,355.092	39.082	0	0	1	0	0	0	0	1	0	0	1	6
2013/12/28-05:08:40	74	1,355.092	39.082	0	0	1	0	0	0	0	1	0	0	1	6
2013/12/28-05:09:14	74	1,355.092	39.082	0	0	1	0	0	0	0	1	0	0	1	8
2013/12/28-05:09:47	74	1,355.092	39.082	0	0	1	0	0	0	0	1	0	0	1	10
2013/12/28-05:10:38	74	1,355.092	39.082	0	0	1	0	0	0	0	1	0	0	1	6
2013/12/28-05:27:31	74	1,355.092	39.082	0	0	1	0	0	0	0	1	0	0	1	3
2013/12/28-05:27:55	74	1,355.092	39.082	0	0	1	0	0	0	0	1	0	0	1	22
2013/12/28-05:28:36	74	1,355.092	39.082	0	0	1	0	0	0	0	1	0	0	1	6
2013/12/28-05:29:15	74	1,355.092	39.082	0	0	1	0	0	0	0	1	0	0	1	14
2013/12/28-05:30:09	74	1,355.092	39.082	0	0	1	0	0	0	0	1	0	0	1	33
2013/12/28-05:39:38	74	1,353.249	38.415	0	0	0	0	0	0	0	1	1	0	0	6
2013/12/28-05:40:04	74	1,353.249	38.415	0	0	1	0	0	0	0	1	0	0	1	43
2013/12/28-05:41:06	74	1,353.249	38.415	0	0	1	0	0	0	0	1	0	0	1	6
2013/12/28-05:41:40	74	1,353.249	38.415	0	0	1	0	0	0	0	1	0	0	1	6
2013/12/28-05:42:05	74	1,353.249	38.415	0	0	1	0	0	0	0	1	0	0	1	8
2013/12/28-05:53:23	74	1,353.249	38.415	0	0	1	0	0	0	0	1	0	0	1	12
2013/12/28-05:54:07	74	1,353.249	38.415	0	0	1	0	0	0	0	1	0	0	1	6
2013/12/28-05:54:42	74	1,353.249	38.415	0	0	1	0	0	0	0	1	0	0	1	3
2013/12/28-05:56:02	74	1,353.249	38.415	0	0	1	0	0	0	0	1	0	0	1	4
2013/12/28-05:56:27	74	1,353.249	38.415	0	0	1	0	0	0	0	1	0	0	1	8
2013/12/28-06:12:21	74	1,355.236	37.534	0	0	1	0	0	0	0	1	0	0	1	6
2013/12/28-06:13:40	74	1,355.236	37.534	0	0	1	0	0	0	0	1	0	0	1	3
2013/12/28-06:14:59	74	1,355.236	37.534	0	0	0	0	0	0	0	1	1	0	0	3
2013/12/28-06:15:21	74	1,355.236	37.534	0	0	0	0	0	0	0	1	1	0	0	60
2013/12/28-06:16:40	74	1,355.236	37.534	0	0	1	0	0	0	0	1	0	0	1	6
2013/12/28-06:26:38	74	1,355.236	37.534	0	0	1	0	0	0	0	1	0	0	1	3
2013/12/28-06:27:00	74	1,355.236	37.534	0	0	0	0	0	0	0	1	1	0	0	6
2013/12/28-06:27:25	74	1,355.236	37.534	0	0	1	0	0	0	0	1	0	0	1	6
2013/12/28-06:27:50	74	1,355.236	37.534	0	0	1	0	0	0	0	1	0	0	1	7
2013/12/28-06:28:16	74	1,355.236	37.534	0	0	1	0	0	0	0	1	0	0	1	6
2013/12/28-06:50:07	74	1,349.259	36.535	0	0	1	0	0	0	0	1	0	0	1	6
2013/12/28-06:50:50	74	1,349.259	36.535	0	0	1	0	0	0	0	1	0	0	1	13
2013/12/28-06:51:22	74	1,349.259	36.535	0	0	1	0	0	0	0	1	0	0	1	6
2013/12/28-06:51:48	74	1,349.259	36.535	0	0	1	0	0	0	0	1	0	0	1	6
2013/12/28-06:52:13	74	1,349.259	36.535	0	0	1	0	0	0	0	1	0	0	1	6
2013/12/28-06:52:51	74	1,349.259	36.535	0	0	1	0	0	0	0	1	0	0	1	20
2013/12/28-06:53:55	74	1,349.259	36.535	0	0	1	0	0	0	0	1	0	0	1	6
2013/12/28-06:54:47	74	1,349.259	36.535	0	0	1	0	0	0	0	1	0	0	1	6
2013/12/28-06:55:19	74	1,349.259	36.535	0	0	1	0	0	0	0	1	0	0	1	3
2013/12/28-06:55:47	74	1,349.259	36.535	0	0	1	0	0	0	0	1	0	0	1	12
2013/12/28-07:09:10	74	1,349.259	36.535	0	0	1	0	0	0	0	1	0	0	1	26
2013/12/28-07:10:01	74	1,349.259	36.535	0	0	1	0	0	0	0	1	0	0	1	6
2013/12/28-07:10:35	74	1,347.116	35.767	0	0	1	0	0	0	0	1	0	0	1	6
2013/12/28-07:11:12	74	1,347.116	35.767	0	0	1	0	0	0	0	1	0	0	1	3
2013/12/28-07:12:09	74	1,347.116	35.767	0	0	1	0	0	0	0	1	0	0	1	6
2013/12/28-12:00:41	74	1,341.799	42.434	0	0	1	0	0	0	0	1	1	0	0	28
2013/12/28-12:01:35	74	1,341.799	42.434	0	0	1	0	0	0	0	1	0	0	1	3
2013/12/28-12:01:57	74	1,341.799	42.434	0	0	1	0	0	0	0	1	0	0	1	23
2013/12/28-12:02:39	74	1,341.799	42.434	0	0	1	0	0	0	0	1	0	0	1	3
2013/12/28-12:03:58	74	1,341.799	42.434	0	0	1	0	0	0	0	1	0	0	1	3
2013/12/28-12:15:52	74	1,341.799	42.434	0	0	1	0	0	0	0	1	0	0	1	7
2013/12/28-12:16:29	74	1,341.799	42.434	0	0	1	0	0	0	0	1	0	0	1	14
2013/12/28-12:17:02	74	1,341.799	42.434	0	0	0	0	0	0	0	1	1	0	0	9
2013/12/28-12:17:30	74	1,341.799	42.434	0	0	1	0	0	0	0	1	0	0	1	6
2013/12/28-12:18:48	77	1,330.344	40.63	0	0	1	0	0	0	0	1	0	0	1	8
2013/12/28-12:26:16	77	1,330.344	40.63	0	0	1	0	0	0	0	1	0	0	1	18
2013/12/28-12:26:53	77	1,330.344	40.63	0	0	1	0	0	0	0	1	0	0	1	8
2013/12/28-12:27:19	77	1,330.344	40.63	0	0	1	0	0	0	0	1	0	0	1	8
2013/12/28-12:27:46	77	1,330.344	40.63	0	0	1	0	0	0	0	1	0	0	1	6
2013/12/28-12:28:36	77	1,330.344	40.63	0	0	1	0	0	0	0	1	0	0	1	38
2013/12/28-17:38:39	78	1,330.794	48.905	0	0	1	0	0	0	0	1	0	0	1	33
2013/12/28-17:39:31	78	1,330.794	48.905	0	0	0	0	0	0	0	1	1	0	0	8
2013/12/28-17:39:59	78	1,330.794	48.905	0	0	1	0	0	0	0	1	0	0	1	17
2013/12/28-17:40:35	78	1,330.794	48.905	0	0	1	0	0	0	0	1	0	0	1	11
2013/12/28-17:41:16	78	1,330.794	48.905	0	0	1	0	0	0	0	1	0	0	1	8
2013/12/28-17:54:23	78	1,330.794	48.905	0	0	0	0	0	0	0	1	1	0	0	60
2013/12/28-17:55:42	78	1,330.794	48.905	0	0	1	0	0	0	0	1	0	0	1	8
2013/12/28-17:57:01	78	1,330.794	48.905	0	0	0	1	0	0	0	1	1	0	0	60
2013/12/28-17:58:20	78	1,330.794	48.905	0	0	0	0	0	0	0	1	1	0	0	21
2013/12/28-17:59:00	78	1,330.794	48.905	0	0	0	0	0	0	0	1	1	0	0	60
2013/12/28-18:14:42	75	1,355.602	45.967	0	0	1	0	0	0	0	1	0	0	1	8
2013/12/28-18:16:02	75	1,355.602	45.967	0	0	1	0	0	0	0	1	0	0	1	31
2013/12/28-18:16:52	75	1,355.602	45.967	0	0	0	0	0	0	0	1	1	0	0	6
2013/12/28-18:17:17	75	1,355.602	45.967	0	0	1	0	0	0	0	1	0	0	1	7
2013/12/28-18:17:44	75	1,355.602	45.967	0	0	1	0	0	0	0	1	0	0	1	20
2013/12/29-01:57:53	75	1,362.153	57.023	0	0	1	0	0	0	0	1	0	0	1	3
2013/12/29-01:59:13	75	1,362.153	57.023	0	0	0	0	0	0	0	1	1	0	0	4
2013/12/29-01:59:37	75	1,362.153	57.023	0	0	0	0	0	0	0	1	1	0	0	60
2013/12/29-02:00:56	75	1,362.153	57.023	0	0	1	0	0	0	0	1	0	0	1	20
2013/12/29-02:01:34	75	1,362.153	57.023	0	0	1	0	0	0	0	1	0	0	1	8
2013/12/29-02:16:02	75	1,362.153	57.023	0	0	1	0	0	0	0	1	0	0	1	3
2013/12/29-02:16:30	75	1,362.153	57.023	0	0	1	0	0	0	0	1	0	0	1	4
2013/12/29-02:17:02	75	1,362.153	57.023	0	0	0	0	0	0	0	1	1	0	0	60
2013/12/29-02:18:21	75	1,362.153	57.023	0	0	1	0	0	0	0	1	0	0	1	8
2013/12/29-02:19:17	75	1,362.153	57.023	0	0	1	0	0	0	0	1	0	0	1	3
2013/12/29-02:27:48	75	1,362.153	57.023	0	0	1	0	0	0	0	1	1	0	0	7
2013/12/29-02:28:15	77	1,360.925	52.198	0	0	1	0	0	0	0	1	0	0	1	8
2013/12/29-02:28:42	77	1,360.925	52.198	0	0	0	0	0	0	0	1	1	0	0	17
2013/12/29-02:29:18	77	1,360.925	52.198	0	0	0	0	0	0	0	1	1	0	0	14
2013/12/29-02:29:51	77	1,360.925	52.198	0	0	1	0	0	0	0	1	0	0	1	3
2013/12/29-07:45:07	77	1,368.396	58.203	0	0	1	0	0	0	0	1	0	0	1	8
2013/12/29-07:45:49	77	1,368.396	58.203	0	0	1	0	0	0	0	1	0	0	1	8
2013/12/29-07:47:08	77	1,368.396	58.203	0	0	1	0	0	0	0	1	1	0	0	8
2013/12/29-07:47:35	77	1,368.396	58.203	0	0	1	0	0	0	0	1	0	0	1	10
2013/12/29-07:48:54	77	1,368.396	58.203	0	0	1	0	0	0	0	1	0	0	1	6
2013/12/29-07:49:25	77	1,368.396	58.203	0	0	1	0	0	0	0	1	1	0	0	11
2013/12/29-07:49:55	77	1,368.396	58.203	0	0	1	0	0	0	0	1	0	0	1	6
2013/12/29-07:50:20	77	1,368.396	58.203	0	0	1	0	0	0	0	1	0	0	1	3
2013/12/29-07:50:47	77	1,368.396	58.203	0	0	1	0	0	0	0	1	0	0	1	44
2013/12/29-07:51:50	77	1,368.396	58.203	0	0	1	0	0	0	0	1	0	0	1	8
2013/12/29-08:04:15	77	1,368.396	58.203	0	0	1	0	0	0	0	1	0	0	1	8
2013/12/29-08:05:00	77	1,368.396	58.203	0	0	1	0	0	0	0	1	0	0	1	3
2013/12/29-08:06:19	77	1,368.396	58.203	0	0	1	0	0	0	0	1	0	0	1	3
2013/12/29-08:07:38	77	1,368.396	58.203	0	0	1	0	0	0	0	1	0	0	1	8
2013/12/29-08:08:57	77	1,368.396	58.203	0	0	0	0	0	0	0	1	1	0	0	60
2013/12/29-09:50:19	81	1,323.214	54.949	0	0	1	0	0	0	0	1	0	0	1	8
2013/12/29-09:51:17	81	1,323.214	54.949	0	0	1	0	0	0	0	1	0	0	1	8
2013/12/29-09:52:08	81	1,323.214	54.949	0	0	1	0	0	0	0	1	0	0	1	8
2013/12/29-09:53:04	81	1,323.214	54.949	0	0	1	0	0	0	0	1	0	0	1	8
2013/12/29-09:53:43	81	1,323.214	54.949	0	0	1	0	0	0	0	1	0	0	1	8
2013/12/29-09:54:31	81	1,323.214	54.949	0	0	1	0	0	0	0	1	0	0	1	8
2013/12/29-09:55:16	81	1,323.214	54.949	0	0	1	0	0	0	0	1	0	0	1	8
2013/12/29-09:56:22	81	1,323.214	54.949	0	0	1	0	0	0	0	1	0	0	1	8
2013/12/29-09:57:29	81	1,323.214	54.949	0	0	1	0	0	0	0	1	0	0	1	12
2013/12/29-09:58:06	81	1,323.214	54.949	0	0	1	0	0	0	0	1	0	0	1	8
2013/12/29-10:12:49	81	1,323.214	54.949	0	0	1	0	0	0	0	1	0	0	1	8
2013/12/29-10:13:41	81	1,323.214	54.949	0	0	1	0	0	0	0	1	0	0	1	8
2013/12/29-10:14:09	81	1,323.214	54.949	0	0	1	0	0	0	0	1	0	0	1	8
2013/12/29-10:14:53	81	1,323.214	54.949	0	0	1	0	0	0	0	1	0	0	1	8
2013/12/29-10:15:23	81	1,323.214	54.949	0	0	1	0	0	0	0	1	0	0	1	8
2013/12/29-10:30:12	81	1,277.684	50.971	0	0	1	0	0	0	0	1	0	0	1	8
2013/12/29-10:31:10	81	1,277.684	50.971	0	0	1	0	0	0	0	1	0	0	1	8
2013/12/29-10:31:48	81	1,277.684	50.971	0	0	1	0	0	0	0	1	0	0	1	8
2013/12/29-10:33:07	81	1,277.684	50.971	0	0	1	0	0	0	0	1	0	0	1	23
2013/12/29-10:33:49	81	1,277.684	50.971	0	0	1	0	0	0	0	1	0	0	1	8
2013/12/29-10:49:57	81	1,277.684	50.971	0	0	1	0	0	0	0	1	0	0	1	8
2013/12/29-10:50:24	81	1,277.684	50.971	0	0	1	0	0	0	0	1	0	0	1	8
2013/12/29-10:50:51	81	1,277.684	50.971	0	0	1	0	0	0	0	1	0	0	1	18
2013/12/29-10:51:28	81	1,277.684	50.971	0	0	1	0	0	0	0	1	0	0	1	12
2013/12/29-10:51:59	81	1,277.684	50.971	0	0	1	0	0	0	0	1	0	0	1	8
2013/12/29-11:02:09	81	1,289.918	48.819	0	0	1	0	0	0	0	1	0	0	1	8
2013/12/29-11:02:35	81	1,289.918	48.819	0	0	1	0	0	0	0	1	0	0	1	16
2013/12/29-11:03:10	81	1,289.918	48.819	0	0	1	0	0	0	0	1	0	0	1	8
2013/12/29-11:03:36	81	1,289.918	48.819	0	0	0	0	0	0	0	1	1	0	0	13
2013/12/29-11:04:08	81	1,289.918	48.819	0	0	1	0	0	0	0	1	0	0	1	8
2013/12/29-11:17:13	81	1,289.918	48.819	0	0	1	0	0	0	0	1	0	0	1	8
2013/12/29-11:17:54	81	1,289.918	48.819	0	0	1	0	0	0	0	1	0	0	1	8
2013/12/29-11:18:50	81	1,289.918	48.819	0	0	1	0	0	0	0	1	0	0	1	19
2013/12/29-11:19:28	81	1,289.918	48.819	0	0	1	0	0	0	0	1	0	0	1	8
2013/12/29-11:20:42	81	1,289.918	48.819	0	0	1	0	0	0	0	1	0	0	1	8
2013/12/29-11:40:20	81	1,294.484	46.865	0	0	1	0	0	0	0	1	0	0	1	8
2013/12/29-11:41:09	81	1,294.484	46.865	0	0	1	0	0	0	0	1	0	0	1	8
2013/12/29-11:41:36	81	1,294.484	46.865	0	0	1	0	0	0	0	1	0	0	1	14
2013/12/29-11:42:22	81	1,294.484	46.865	0	0	1	0	0	0	0	1	0	0	1	17
2013/12/29-11:43:12	81	1,294.484	46.865	0	0	1	0	0	0	0	1	0	0	1	17
2013/12/29-11:44:13	81	1,294.484	46.865	0	0	1	0	0	0	0	1	0	0	1	8
2013/12/29-11:55:08	81	1,294.484	46.865	0	0	1	0	0	0	0	1	0	0	1	8
2013/12/29-11:55:35	81	1,294.484	46.865	0	0	1	0	0	0	0	1	0	0	1	8
2013/12/29-11:56:02	81	1,294.484	46.865	0	0	1	0	0	0	0	1	0	0	1	8
2013/12/29-11:56:29	81	1,294.484	46.865	0	0	1	0	0	0	0	1	0	0	1	8
2013/12/29-11:56:55	81	1,294.484	46.865	0	0	1	0	0	0	0	1	0	0	1	10
2013/12/29-12:24:44	81	1,290.37	44.553	0	0	1	0	0	0	0	1	0	0	1	8
2013/12/29-12:25:11	81	1,290.37	44.553	0	0	1	0	0	0	0	1	0	0	1	8
2013/12/29-12:25:38	81	1,290.37	44.553	0	0	1	0	0	0	0	1	0	0	1	7
2013/12/29-12:26:36	81	1,290.37	44.553	0	0	1	0	0	0	0	1	0	0	1	8
2013/12/29-12:27:04	81	1,290.37	44.553	0	0	1	0	0	0	0	1	0	0	1	8
2013/12/29-12:28:22	81	1,290.37	44.553	0	0	1	0	0	0	0	1	0	0	1	23
2013/12/29-12:29:11	81	1,290.37	44.553	0	0	1	0	0	0	0	1	0	0	1	8
2013/12/29-12:29:56	81	1,290.37	44.553	0	0	1	0	0	0	0	1	0	0	1	17
2013/12/29-12:30:33	81	1,290.37	44.553	0	0	1	0	0	0	0	1	0	0	1	8
2013/12/29-12:31:13	81	1,290.37	44.553	0	0	1	0	0	0	0	1	0	0	1	8
2013/12/29-12:32:03	81	1,290.37	44.553	0	0	1	0	0	0	0	1	0	0	1	8
2013/12/29-12:47:24	81	1,266.821	42.599	0	0	1	0	0	0	0	1	0	0	1	8
2013/12/29-12:47:52	81	1,266.821	42.599	0	0	1	0	0	0	0	1	0	0	1	8
2013/12/29-12:48:25	81	1,266.821	42.599	0	0	1	0	0	0	0	1	0	0	1	8
2013/12/29-12:48:58	81	1,266.821	42.599	0	0	1	0	0	0	0	1	0	0	1	8
2013/12/29-12:49:37	81	1,266.821	42.599	0	0	1	0	0	0	0	1	0	0	1	8
2013/12/29-13:04:45	81	1,266.821	42.599	0	0	1	0	0	0	0	1	0	0	1	8
2013/12/29-13:05:26	81	1,266.821	42.599	0	0	1	0	0	0	0	1	0	0	1	8
2013/12/29-13:06:45	81	1,266.821	42.599	0	0	1	0	0	0	0	1	0	0	1	8
2013/12/29-13:07:43	81	1,266.821	42.599	0	0	1	0	0	0	0	1	0	0	1	15
2013/12/29-13:08:31	81	1,266.821	42.599	0	0	1	0	0	0	0	1	0	0	1	9
2013/12/29-13:27:19	81	1,251.401	41.184	0	0	1	0	0	0	0	1	0	0	1	8
2013/12/29-13:27:46	81	1,251.401	41.184	0	0	0	0	0	0	0	1	1	0	0	8
2013/12/29-13:28:13	81	1,251.401	41.184	0	0	1	0	0	0	0	1	0	0	1	8
2013/12/29-13:28:40	81	1,251.401	41.184	0	0	0	0	0	0	0	1	1	0	0	8
2013/12/29-13:29:06	81	1,251.401	41.184	0	0	1	0	0	0	0	1	0	0	1	12
2013/12/29-13:43:14	81	1,251.401	41.184	0	0	1	0	0	0	0	1	0	0	1	13
2013/12/29-13:44:12	81	1,251.401	41.184	0	0	1	0	0	0	0	1	0	0	1	27
2013/12/29-13:44:58	81	1,251.401	41.184	0	0	1	0	0	0	0	1	0	0	1	15
2013/12/29-13:45:55	81	1,251.401	41.184	0	0	1	0	0	0	0	1	0	0	1	8
2013/12/29-13:46:38	81	1,251.401	41.184	0	0	1	0	0	0	0	1	0	0	1	8
2013/12/29-14:01:02	81	1,254.185	39.93	0	0	1	0	0	0	0	1	0	0	1	36
2013/12/29-14:02:13	81	1,254.185	39.93	0	0	1	0	0	0	0	1	0	0	1	8
2013/12/29-14:03:09	81	1,254.185	39.93	0	0	1	0	0	0	0	1	0	0	1	32
2013/12/29-14:04:00	81	1,254.185	39.93	0	0	1	0	0	0	0	1	0	0	1	6
2013/12/29-14:04:37	81	1,254.185	39.93	0	0	1	0	0	0	0	1	0	0	1	8
2013/12/29-14:14:37	81	1,254.185	39.93	0	0	1	0	0	0	0	1	0	0	1	17
2013/12/29-14:15:13	81	1,254.185	39.93	0	0	1	0	0	0	0	1	0	0	1	8
2013/12/29-14:16:32	81	1,254.185	39.93	0	0	1	0	0	0	0	1	0	0	1	8
2013/12/29-14:16:59	81	1,254.185	39.93	0	0	1	0	0	0	0	1	0	0	1	8
2013/12/29-14:17:39	81	1,254.185	39.93	0	0	1	0	0	0	0	1	0	0	1	14
2013/12/29-14:31:42	81	1,255.437	38.982	0	0	1	0	0	0	0	1	0	0	1	8
2013/12/29-14:32:09	81	1,255.437	38.982	0	0	0	0	0	0	0	1	1	0	0	8
2013/12/29-14:32:36	81	1,255.437	38.982	0	0	1	0	0	0	0	1	0	0	1	8
2013/12/29-14:33:03	81	1,255.437	38.982	0	0	0	0	0	0	0	1	1	0	0	10
2013/12/29-14:33:32	81	1,255.437	38.982	0	0	0	0	0	0	0	1	1	0	0	8
2013/12/29-14:48:51	81	1,255.437	38.982	0	0	1	0	0	0	0	1	0	0	1	8
2013/12/29-14:50:08	81	1,255.437	38.982	0	0	1	0	0	0	0	1	0	0	1	8
2013/12/29-14:51:03	81	1,255.437	38.982	0	0	1	0	0	0	0	1	0	0	1	8
2013/12/29-14:51:54	81	1,255.437	38.982	0	0	1	0	0	0	0	1	0	0	1	8
2013/12/29-14:52:54	81	1,255.437	38.982	0	0	1	0	0	0	0	1	0	0	1	20
2013/12/29-15:11:20	81	1,258.332	38.06	0	0	1	0	0	0	0	1	0	0	1	8
2013/12/29-15:11:48	81	1,258.332	38.06	0	0	1	0	0	0	0	1	0	0	1	8
2013/12/29-15:12:16	81	1,258.332	38.06	0	0	1	0	0	0	0	1	0	0	1	8
2013/12/29-15:13:10	81	1,258.332	38.06	0	0	1	0	0	0	0	1	0	0	1	36
2013/12/29-15:14:05	81	1,258.332	38.06	0	0	1	0	0	0	0	1	0	0	1	22
2013/12/29-15:25:12	81	1,258.332	38.06	0	0	1	0	0	0	0	1	0	0	1	8
2013/12/29-15:25:39	81	1,258.332	38.06	0	0	1	0	0	0	0	1	0	0	1	16
2013/12/29-15:26:14	81	1,258.332	38.06	0	0	1	0	0	0	0	1	0	0	1	8
2013/12/29-15:26:41	81	1,258.332	38.06	0	0	1	0	0	0	0	1	0	0	1	8
2013/12/29-15:27:07	81	1,258.332	38.06	0	0	1	0	0	0	0	1	0	0	1	16
2013/12/29-17:18:22	81	1,261.787	37.043	0	0	1	0	0	0	0	1	0	0	1	13
2013/12/29-17:19:28	81	1,261.787	37.043	0	0	1	0	0	0	0	1	0	0	1	8
2013/12/29-17:20:11	81	1,261.787	37.043	0	0	1	0	0	0	0	1	0	0	1	6
2013/12/29-17:20:54	81	1,261.787	37.043	0	0	1	0	0	0	0	1	0	0	1	11
2013/12/29-17:21:34	81	1,261.787	37.043	0	0	1	0	0	0	0	1	0	0	1	8
2013/12/29-17:25:34	81	1,261.787	37.043	0	0	1	0	0	0	0	1	0	0	1	20
2013/12/29-17:26:13	81	1,261.787	37.043	0	0	1	0	0	0	0	1	0	0	1	8
2013/12/29-17:26:40	81	1,261.787	37.043	0	0	1	0	0	0	0	1	0	0	1	8
2013/12/29-17:27:07	81	1,261.787	37.043	0	0	1	0	0	0	0	1	0	0	1	8
2013/12/29-17:27:35	81	1,261.787	37.043	0	0	1	0	0	0	0	1	0	0	1	8
2013/12/29-17:41:46	81	1,263.228	36.318	0	0	0	0	0	0	0	1	1	0	0	8
2013/12/29-17:42:13	81	1,263.228	36.318	0	0	1	0	0	0	0	1	0	0	1	8
2013/12/29-17:42:40	81	1,263.228	36.318	0	0	1	0	0	0	0	1	0	0	1	8
2013/12/29-17:43:07	81	1,263.228	36.318	0	0	1	0	0	0	0	1	0	0	1	8
2013/12/29-17:43:33	81	1,263.228	36.318	0	0	1	0	0	0	0	1	0	0	1	8
2013/12/29-18:04:04	81	1,263.228	36.318	0	0	1	0	0	0	0	1	0	0	1	8
2013/12/29-18:05:23	81	1,263.228	36.318	0	0	1	0	0	0	0	1	0	0	1	9
2013/12/29-18:06:13	81	1,263.228	36.318	0	0	1	0	0	0	0	1	0	0	1	18
2013/12/29-18:07:32	81	1,263.228	36.318	0	0	1	0	0	0	0	1	0	0	1	8
2013/12/29-18:08:50	81	1,263.228	36.318	0	0	1	0	0	0	0	1	0	0	1	8
2013/12/29-18:19:47	81	1,263.228	36.318	0	0	1	0	0	0	0	1	0	0	1	8
2013/12/29-18:20:27	82	1,252.218	35.372	0	0	1	0	0	0	0	1	0	0	1	8
2013/12/29-18:21:16	82	1,252.218	35.372	0	0	0	1	0	0	0	1	1	0	0	27
2013/12/29-18:22:03	82	1,252.218	35.372	0	0	1	0	0	0	0	1	0	0	1	8
2013/12/29-18:22:34	82	1,252.218	35.372	0	0	1	0	0	0	0	1	0	0	1	8
2013/12/29-20:43:20	82	1,252.218	35.372	0	0	0	0	0	0	0	1	1	0	0	8
2013/12/29-20:43:47	82	1,252.218	35.372	0	0	1	0	0	0	0	1	0	0	1	11
2013/12/29-20:44:17	82	1,252.218	35.372	0	0	1	0	0	0	0	1	0	0	1	8
2013/12/29-20:44:45	82	1,252.218	35.372	0	0	1	0	0	0	0	1	0	0	1	20
2013/12/29-20:45:24	82	1,252.218	35.372	0	0	1	0	0	0	0	1	0	0	1	8
2013/12/29-21:16:23	83	1,251.185	34.5	0	0	1	0	0	0	0	1	0	0	1	6
2013/12/29-21:17:34	83	1,251.185	34.5	0	0	1	0	0	0	0	1	0	0	1	8
2013/12/29-21:18:03	83	1,251.185	34.5	0	0	1	0	0	0	0	1	0	0	1	8
2013/12/29-21:19:03	83	1,251.185	34.5	0	0	1	0	0	0	0	1	0	0	1	18
2013/12/29-21:20:15	83	1,251.185	34.5	0	0	1	0	0	0	0	1	0	0	1	8
2013/12/29-21:23:25	83	1,251.185	34.5	0	0	1	0	0	0	0	1	0	0	1	8
2013/12/29-21:23:55	83	1,251.185	34.5	0	0	1	0	0	0	0	1	0	0	1	8
2013/12/29-21:24:45	83	1,251.185	34.5	0	0	0	0	0	0	0	1	0	0	1	60
2013/12/29-21:26:04	83	1,251.185	34.5	0	0	1	0	0	0	0	1	0	0	1	8
2013/12/29-21:26:31	83	1,251.185	34.5	0	0	1	0	0	0	0	1	0	0	1	8
2013/12/29-21:38:21	83	1,251.185	34.5	0	0	1	0	0	0	0	1	0	0	1	10
2013/12/29-21:38:50	83	1,251.185	34.5	0	0	1	0	0	0	0	1	0	0	1	6
2013/12/29-21:39:17	83	1,251.185	34.5	0	0	1	0	0	0	0	1	0	0	1	7
2013/12/29-21:39:44	83	1,239.498	33.517	0	0	0	0	0	0	0	1	1	0	0	8
2013/12/29-21:40:11	83	1,239.498	33.517	0	0	1	0	0	0	0	1	0	0	1	14
2013/12/29-22:09:52	83	1,239.498	33.517	0	0	1	0	0	0	0	1	0	0	1	8
2013/12/29-22:10:44	83	1,239.498	33.517	0	0	1	0	0	0	0	1	0	0	1	8
2013/12/29-22:11:16	83	1,239.498	33.517	0	0	1	0	0	0	0	1	0	0	1	8
2013/12/29-22:11:43	83	1,239.498	33.517	0	0	1	0	0	0	0	1	0	0	1	8
2013/12/29-22:12:54	83	1,239.498	33.517	0	0	1	0	0	0	0	1	0	0	1	8
2013/12/29-22:25:57	83	1,243.643	33.44	0	0	1	0	0	0	0	1	0	0	1	8
2013/12/29-22:26:38	83	1,243.643	33.44	0	0	1	0	0	0	0	1	0	0	1	8
2013/12/29-22:27:29	83	1,243.643	33.44	0	0	1	0	0	0	0	1	0	0	1	8
2013/12/29-22:28:37	83	1,243.643	33.44	0	0	1	0	0	0	0	1	0	0	1	7
2013/12/29-22:29:26	83	1,243.643	33.44	0	0	1	0	0	0	0	1	0	0	1	8
2013/12/29-22:40:36	83	1,243.643	33.44	0	0	1	0	0	0	0	1	0	0	1	8
2013/12/29-22:41:50	83	1,243.643	33.44	0	0	1	0	0	0	0	1	0	0	1	16
2013/12/29-22:43:09	83	1,243.643	33.44	0	0	1	0	0	0	0	1	0	0	1	8
2013/12/29-22:44:28	83	1,243.643	33.44	0	0	1	0	0	0	0	1	0	0	1	8
2013/12/29-22:45:46	83	1,243.643	33.44	0	0	1	0	0	0	0	1	0	0	1	8
2013/12/30-04:37:55	82	1,237.469	43.705	0	0	0	0	0	0	0	1	1	0	0	4
2013/12/30-04:38:18	82	1,237.469	43.705	0	0	0	0	0	0	0	1	1	0	0	8
2013/12/30-04:38:45	82	1,237.469	43.705	0	0	0	0	0	0	0	1	1	0	0	11
2013/12/30-04:39:15	82	1,237.469	43.705	0	0	0	0	0	0	0	1	1	0	0	5
2013/12/30-04:39:38	82	1,237.469	43.705	0	0	1	0	0	0	0	1	0	0	1	8
2013/12/30-04:52:06	82	1,251.211	42.689	0	0	1	0	0	0	0	1	0	0	1	8
2013/12/30-04:52:33	82	1,251.211	42.689	0	0	1	0	0	0	0	1	0	0	1	8
2013/12/30-04:53:00	82	1,251.211	42.689	0	0	0	0	0	0	0	1	1	0	0	8
2013/12/30-04:53:27	82	1,251.211	42.689	0	0	1	0	0	0	0	1	0	0	1	8
2013/12/30-04:53:54	82	1,251.211	42.689	0	0	0	0	0	0	0	1	1	0	0	8
2013/12/30-04:54:27	82	1,251.211	42.689	0	0	0	0	0	0	0	1	1	0	0	8
2013/12/30-05:02:15	82	1,251.211	42.689	0	0	1	0	0	0	0	1	0	0	1	8
2013/12/30-05:02:42	82	1,251.211	42.689	0	0	1	0	0	0	0	1	0	0	1	8
2013/12/30-05:03:09	82	1,251.211	42.689	0	0	1	0	0	0	0	1	0	0	1	8
2013/12/30-05:03:42	82	1,251.211	42.689	0	0	1	0	0	0	0	1	0	0	1	8
2013/12/30-05:04:18	82	1,251.211	42.689	0	0	1	0	0	0	0	1	0	0	1	8
2013/12/30-07:20:37	83	1,246.114	43.251	0	0	1	0	0	0	0	1	0	0	1	8
2013/12/30-07:21:09	83	1,246.114	43.251	0	0	1	0	0	0	0	1	0	0	1	8
2013/12/30-07:21:36	83	1,246.114	43.251	0	0	1	0	0	0	0	1	0	0	1	8
2013/12/30-07:22:17	83	1,246.114	43.251	0	0	1	0	0	0	0	1	0	0	1	8
2013/12/30-07:23:07	83	1,246.114	43.251	0	0	1	0	0	0	0	1	0	0	1	15
2013/12/30-07:35:56	83	1,246.114	43.251	0	0	1	0	0	0	0	1	0	0	1	8
2013/12/30-07:37:15	83	1,246.114	43.251	0	0	1	0	0	0	0	1	0	0	1	48
2013/12/30-07:38:33	83	1,246.114	43.251	0	0	1	0	0	0	0	1	0	0	1	12
2013/12/30-07:39:52	83	1,246.114	43.251	0	0	1	0	0	0	0	1	0	0	1	8
2013/12/30-07:41:11	83	1,246.114	43.251	0	0	1	0	0	0	0	1	0	0	1	8
2013/12/30-07:56:50	83	1,233.788	41.914	0	0	0	0	0	0	0	1	1	0	0	8
2013/12/30-07:57:16	83	1,233.788	41.914	0	0	1	0	0	0	0	1	0	0	1	8
2013/12/30-07:57:43	83	1,233.788	41.914	0	0	1	0	0	0	0	1	0	0	1	8
2013/12/30-07:58:09	83	1,233.788	41.914	0	0	1	0	0	0	0	1	0	0	1	8
2013/12/30-07:58:36	83	1,233.788	41.914	0	0	1	0	0	0	0	1	0	0	1	8
2013/12/30-08:25:03	83	1,233.788	41.914	0	0	1	0	0	0	0	1	0	0	1	8
2013/12/30-08:25:43	83	1,233.788	41.914	0	0	1	0	0	0	0	1	0	0	1	8
2013/12/30-08:26:10	83	1,236.517	40.809	0	0	1	0	0	0	0	1	0	0	1	19
2013/12/30-08:27:10	83	1,236.517	40.809	0	0	1	0	0	0	0	1	0	0	1	8
2013/12/30-08:27:37	83	1,236.517	40.809	0	0	1	0	0	0	0	1	0	0	1	12
2013/12/30-08:31:20	83	1,236.517	40.809	0	0	0	0	0	0	0	1	1	0	0	7
2013/12/30-08:31:45	83	1,236.517	40.809	0	0	1	0	0	0	0	1	0	0	1	10
2013/12/30-08:32:14	83	1,236.517	40.809	0	0	0	0	0	0	0	1	1	0	0	6
2013/12/30-08:32:38	83	1,236.517	40.809	0	0	1	0	0	0	0	1	0	0	1	8
2013/12/30-08:33:27	83	1,236.517	40.809	0	0	1	0	0	0	0	1	0	0	1	8
2013/12/30-08:47:38	83	1,236.517	40.809	0	0	1	0	0	0	0	1	0	0	1	22
2013/12/30-08:48:19	83	1,236.517	40.809	0	0	0	0	0	0	0	1	1	0	0	7
2013/12/30-08:48:44	83	1,236.517	40.809	0	0	1	0	0	0	0	1	0	0	1	8
2013/12/30-08:49:15	83	1,236.517	40.809	0	0	1	0	0	0	0	1	0	0	1	18
2013/12/30-08:49:52	83	1,236.517	40.809	0	0	1	0	0	0	0	1	0	0	1	10
2013/12/30-09:00:13	83	1,244.815	38.765	0	0	1	0	0	0	0	1	0	0	1	16
2013/12/30-09:01:32	83	1,244.815	38.765	0	0	1	0	0	0	0	1	0	0	1	8
2013/12/30-09:02:22	83	1,244.815	38.765	0	0	1	0	0	0	0	1	0	0	1	8
2013/12/30-09:02:48	83	1,244.815	38.765	0	0	1	0	0	0	0	1	0	0	1	8
2013/12/30-09:03:44	83	1,244.815	38.765	0	0	1	0	0	0	0	1	0	0	1	8
2013/12/30-09:23:23	83	1,244.815	38.765	0	0	1	0	0	0	0	1	0	0	1	8
2013/12/30-09:23:50	83	1,244.815	38.765	0	0	1	0	0	0	0	1	0	0	1	14
2013/12/30-09:24:23	83	1,244.815	38.765	0	0	1	0	0	0	0	1	0	0	1	8
2013/12/30-09:24:49	83	1,244.815	38.765	0	0	1	0	0	0	0	1	1	0	0	8
2013/12/30-09:25:16	83	1,244.815	38.765	0	0	1	0	0	0	0	1	0	0	1	8
2013/12/30-09:36:50	82	1,250.426	37.777	0	0	0	0	0	0	0	1	1	0	0	18
2013/12/30-09:37:27	82	1,250.426	37.777	0	0	1	0	0	0	0	1	0	0	1	18
2013/12/30-09:38:04	82	1,250.426	37.777	0	0	1	0	0	0	0	1	0	0	1	10
2013/12/30-09:38:49	82	1,250.426	37.777	0	0	1	0	0	0	0	1	0	0	1	8
2013/12/30-09:39:36	82	1,250.426	37.777	0	0	1	0	0	0	0	1	0	0	1	8
2013/12/30-10:11:50	83	1,246.134	37.241	0	0	1	0	0	0	0	1	0	0	1	8
2013/12/30-10:12:39	83	1,246.134	37.241	0	0	1	0	0	0	0	1	0	0	1	8
2013/12/30-10:13:35	83	1,246.134	37.241	0	0	1	0	0	0	0	1	0	0	1	8
2013/12/30-10:14:24	83	1,246.134	37.241	0	0	1	0	0	0	0	1	0	0	1	8
2013/12/30-10:15:20	83	1,246.134	37.241	0	0	1	0	0	0	0	1	0	0	1	8
2013/12/30-10:16:07	83	1,246.134	37.241	0	0	1	0	0	0	0	1	0	0	1	8
2013/12/30-10:17:26	83	1,246.134	37.241	0	0	1	0	0	0	0	1	0	0	1	8
2013/12/30-10:18:45	83	1,246.134	37.241	0	0	1	0	0	0	0	1	0	0	1	12
2013/12/30-10:19:23	83	1,246.134	37.241	0	0	1	0	0	0	0	1	0	0	1	32
2013/12/30-10:20:14	83	1,246.134	37.241	0	0	1	0	0	0	0	1	0	0	1	8
2013/12/30-10:36:59	83	1,246.134	37.241	0	0	0	1	0	0	0	1	0	0	1	60
2013/12/30-10:38:18	83	1,246.134	37.241	0	0	1	0	0	0	0	1	0	0	1	8
2013/12/30-10:38:57	83	1,246.134	37.241	0	0	1	0	0	0	0	1	0	0	1	8
2013/12/30-10:39:24	83	1,246.134	37.241	0	0	0	0	0	0	0	1	1	0	0	24
2013/12/30-10:40:07	83	1,246.134	37.241	0	0	1	0	0	0	0	1	0	0	1	7
2013/12/30-11:16:23	83	1,248.004	36.01	0	0	1	0	0	0	0	1	0	0	1	9
2013/12/30-11:17:05	83	1,248.004	36.01	0	0	1	0	0	0	0	1	0	0	1	14
2013/12/30-11:17:54	83	1,248.004	36.01	0	0	1	0	0	0	0	1	0	0	1	8
2013/12/30-11:19:13	83	1,248.004	36.01	0	0	1	0	0	0	0	1	0	0	1	8
2013/12/30-11:19:56	83	1,248.004	36.01	0	0	1	0	0	0	0	1	0	0	1	8
2013/12/30-11:21:21	83	1,248.004	36.01	0	0	1	0	0	0	0	1	0	0	1	8
2013/12/30-11:22:24	83	1,248.004	36.01	0	0	1	0	0	0	0	1	0	0	1	8
2013/12/30-11:23:17	83	1,248.004	36.01	0	0	1	0	0	0	0	1	0	0	1	6
2013/12/30-11:24:09	83	1,248.004	36.01	0	0	1	0	0	0	0	1	0	0	1	17
2013/12/30-11:25:28	83	1,248.004	36.01	0	0	1	1	0	0	0	1	0	0	1	29
2013/12/30-11:43:15	82	1,250.371	35.863	0	0	1	0	0	0	0	1	0	0	1	7
2013/12/30-11:43:41	82	1,250.371	35.863	0	0	1	0	0	0	0	1	0	0	1	8
2013/12/30-11:44:11	82	1,250.371	35.863	0	0	0	0	0	0	0	1	1	0	0	11
2013/12/30-11:44:40	82	1,250.371	35.863	0	0	1	0	0	0	0	1	0	0	1	8
2013/12/30-11:45:07	82	1,250.371	35.863	0	0	1	0	0	0	0	1	0	0	1	23
2013/12/30-12:04:51	82	1,250.371	35.863	0	0	1	0	0	0	0	1	0	0	1	14
2013/12/30-12:06:00	82	1,250.371	35.863	0	0	1	0	0	0	0	1	0	0	1	8
2013/12/30-12:06:30	82	1,250.371	35.863	0	0	1	0	0	0	0	1	0	0	1	8
2013/12/30-12:07:36	82	1,250.371	35.863	0	0	1	0	0	0	0	1	0	0	1	8
2013/12/30-12:08:12	82	1,250.371	35.863	0	0	1	0	0	0	0	1	0	0	1	8
2013/12/30-12:28:35	82	1,252.062	35.356	0	0	1	0	0	0	0	1	0	0	1	8
2013/12/30-12:29:25	82	1,252.062	35.356	0	0	1	0	0	0	0	1	0	0	1	8
2013/12/30-12:30:29	82	1,252.062	35.356	0	0	1	0	0	0	0	1	0	0	1	8
2013/12/30-12:31:05	82	1,252.062	35.356	0	0	1	0	0	0	0	1	0	0	1	8
2013/12/30-12:32:14	82	1,252.062	35.356	0	0	1	0	0	0	0	1	0	0	1	18
2013/12/30-12:44:41	82	1,252.062	35.356	0	0	1	0	0	0	0	1	0	0	1	8
2013/12/30-12:45:08	82	1,252.062	35.356	0	0	1	0	0	0	0	1	0	0	1	8
2013/12/30-12:45:35	82	1,252.062	35.356	0	0	1	0	0	0	0	1	0	0	1	8
2013/12/30-12:46:02	82	1,252.062	35.356	0	0	1	0	0	0	0	1	0	0	1	8
2013/12/30-12:46:29	82	1,252.062	35.356	0	0	0	0	0	0	0	1	1	0	0	60
2013/12/30-13:13:48	82	1,253.721	34.766	0	0	1	0	0	0	0	1	0	0	1	8
2013/12/30-13:14:15	82	1,253.721	34.766	0	0	1	0	0	0	0	1	0	0	1	8
2013/12/30-13:14:49	82	1,253.721	34.766	0	0	1	0	0	0	0	1	0	0	1	8
2013/12/30-13:15:17	82	1,253.721	34.766	0	0	1	0	0	0	0	1	0	0	1	8
2013/12/30-13:15:46	82	1,253.721	34.766	0	0	1	0	0	0	0	1	0	0	1	8
2013/12/30-13:22:31	82	1,253.721	34.766	0	0	1	0	0	0	0	1	0	0	1	8
2013/12/30-13:22:58	82	1,253.721	34.766	0	0	0	0	0	0	0	1	1	0	0	23
2013/12/30-13:23:40	82	1,253.721	34.766	0	0	0	0	0	0	0	1	0	0	1	60
2013/12/30-13:24:58	82	1,253.721	34.766	0	0	1	0	0	0	0	1	0	0	1	8
2013/12/30-13:25:25	82	1,253.721	34.766	0	0	1	0	0	0	0	1	0	0	1	8
2013/12/30-13:37:09	82	1,252.945	33.896	0	0	1	0	0	0	0	1	0	0	1	8
2013/12/30-13:37:39	82	1,252.945	33.896	0	0	1	0	0	0	0	1	0	0	1	17
2013/12/30-13:38:15	82	1,252.945	33.896	0	0	1	0	0	0	0	1	0	0	1	8
2013/12/30-13:38:42	82	1,252.945	33.896	0	0	1	0	0	0	0	1	0	0	1	8
2013/12/30-13:39:09	82	1,252.945	33.896	0	0	1	0	0	0	0	1	0	0	1	8
2013/12/30-13:55:18	82	1,252.945	33.896	0	0	1	0	0	0	0	1	0	0	1	8
2013/12/30-13:55:50	82	1,252.945	33.896	0	0	1	0	0	0	0	1	0	0	1	8
2013/12/30-13:57:09	82	1,252.945	33.896	0	0	1	0	0	0	0	1	0	0	1	11
2013/12/30-13:58:28	82	1,252.945	33.896	0	0	1	0	0	0	0	1	0	0	1	17
2013/12/30-13:59:47	82	1,252.945	33.896	0	0	1	0	0	0	0	1	0	0	1	13
2013/12/30-14:11:18	82	1,252.945	33.896	0	0	1	0	0	0	0	1	0	0	1	8
2013/12/30-14:12:37	83	1,250.691	33.254	0	0	1	0	0	0	0	1	0	0	1	8
2013/12/30-14:13:56	83	1,250.691	33.254	0	0	0	0	0	0	0	1	0	0	1	60
2013/12/30-14:15:15	83	1,250.691	33.254	0	0	1	0	0	0	0	1	0	0	1	8
2013/12/30-14:15:48	83	1,250.691	33.254	0	0	1	0	0	0	0	1	0	0	1	8
2013/12/30-14:31:44	83	1,250.691	33.254	0	0	0	0	0	0	0	1	1	0	0	8
2013/12/30-14:32:11	83	1,250.691	33.254	0	0	0	0	0	0	0	1	1	0	0	8
2013/12/30-14:32:38	83	1,250.691	33.254	0	0	0	0	0	0	0	1	1	0	0	8
2013/12/30-14:33:05	83	1,250.691	33.254	0	0	0	0	0	0	0	1	1	0	0	8
2013/12/30-14:33:32	83	1,250.691	33.254	0	0	1	0	0	0	0	1	0	0	1	8
2013/12/30-14:53:44	83	1,250.691	33.254	0	0	1	0	0	0	0	1	0	0	1	32
2013/12/30-14:55:03	83	1,250.691	33.254	0	0	1	0	0	0	0	1	0	0	1	8
2013/12/30-14:56:57	83	1,253.093	32.576	0	0	1	0	0	0	0	1	0	0	1	18
2013/12/30-14:58:07	83	1,253.093	32.576	0	0	1	0	0	0	0	1	0	0	1	8
2013/12/30-14:59:00	83	1,253.093	32.576	0	0	1	0	0	0	0	1	0	0	1	17
2013/12/30-15:18:58	83	1,253.093	32.576	0	0	1	0	0	0	0	1	0	0	1	8
2013/12/30-15:19:57	83	1,253.093	32.576	0	0	1	0	0	0	0	1	0	0	1	8
2013/12/30-15:20:24	83	1,253.093	32.576	0	0	1	0	0	0	0	1	0	0	1	8
2013/12/30-15:21:43	83	1,253.093	32.576	0	0	1	0	0	0	0	1	0	0	1	8
2013/12/30-15:23:02	83	1,253.093	32.576	0	0	1	0	0	0	0	1	0	0	1	17
2013/12/30-15:35:08	83	1,253.093	32.576	0	0	1	0	0	0	0	1	0	0	1	8
2013/12/30-15:35:35	83	1,253.093	32.576	0	0	1	0	0	0	0	1	0	0	1	17
2013/12/30-15:36:11	83	1,253.093	32.576	0	0	1	0	0	0	0	1	0	0	1	8
2013/12/30-15:36:38	83	1,245.114	32.157	0	0	1	0	0	0	0	1	0	0	1	28
2013/12/30-15:37:25	83	1,245.114	32.157	0	0	1	0	0	0	0	1	0	0	1	8
2013/12/30-20:25:19	83	1,246.403	40.171	0	0	0	0	0	0	0	1	1	0	0	8
2013/12/30-20:25:45	83	1,246.403	40.171	0	0	0	0	0	0	0	1	1	0	0	10
2013/12/30-20:26:15	83	1,246.403	40.171	0	0	0	0	0	0	0	1	1	0	0	8
2013/12/30-20:26:42	83	1,246.403	40.171	0	0	0	0	0	0	0	1	1	0	0	8
2013/12/30-20:27:09	83	1,246.403	40.171	0	0	1	0	0	0	0	1	0	0	1	8
2013/12/30-20:34:56	84	1,256.409	39.548	0	0	1	0	0	0	0	1	0	0	1	8
2013/12/30-20:35:23	84	1,256.409	39.548	0	0	1	0	0	0	0	1	0	0	1	8
2013/12/30-20:35:55	84	1,256.409	39.548	0	0	0	0	0	0	0	1	1	0	0	12
2013/12/30-20:36:26	84	1,256.409	39.548	0	0	1	0	0	0	0	1	0	0	1	8
2013/12/30-20:36:53	84	1,256.409	39.548	0	0	0	0	0	0	0	1	1	0	0	15
2013/12/30-20:47:01	84	1,256.409	39.548	0	0	1	0	0	0	0	1	0	0	1	11
2013/12/30-20:47:31	84	1,256.409	39.548	0	0	1	0	0	0	0	1	0	0	1	8
2013/12/30-20:48:00	84	1,256.409	39.548	0	0	0	1	0	0	0	1	1	0	0	15
2013/12/30-20:48:34	84	1,256.409	39.548	0	0	1	0	0	0	0	1	0	0	1	8
2013/12/30-20:49:53	84	1,256.409	39.548	0	0	1	0	0	0	0	1	0	0	1	8
2013/12/30-23:31:43	83	1,252.263	39.423	0	0	1	0	0	0	0	1	0	0	1	3
2013/12/30-23:32:07	83	1,252.263	39.423	0	0	1	0	0	0	0	1	0	0	1	7
2013/12/30-23:32:24	83	1,252.263	39.423	0	0	1	0	0	0	0	1	0	0	1	8
2013/12/30-23:32:59	83	1,252.263	39.423	0	0	1	0	0	0	0	1	0	0	1	9
2013/12/30-23:33:19	83	1,252.263	39.423	0	0	1	3	0	0	0	1	0	0	1	9
2013/12/30-23:33:38	83	1,252.263	39.423	0	0	1	0	0	0	0	1	0	0	1	8
2013/12/30-23:34:06	83	1,252.263	39.423	0	0	1	0	0	0	0	1	0	0	1	28
2013/12/30-23:40:14	83	1,252.263	39.423	0	0	1	0	0	0	0	1	0	0	1	8
2013/12/30-23:40:45	83	1,252.263	39.423	0	0	1	0	0	0	0	1	0	0	1	8
2013/12/30-23:41:13	83	1,252.263	39.423	0	0	1	0	0	0	0	1	0	0	1	3
2013/12/30-23:41:35	83	1,252.263	39.423	0	0	1	0	0	0	0	1	0	0	1	6
2013/12/30-23:41:59	83	1,252.263	39.423	0	0	1	0	0	0	0	1	0	0	1	8
2013/12/30-23:43:16	83	1,252.263	39.423	0	0	1	0	0	0	0	1	0	0	1	8
2013/12/30-23:43:55	83	1,252.263	39.423	0	0	1	1	0	0	0	1	0	0	1	5
2013/12/31-00:17:43	84	1,245.291	38.505	0	0	1	0	0	0	0	1	0	0	1	4
2013/12/31-00:18:32	84	1,245.291	38.505	0	0	1	0	0	0	0	1	0	0	1	6
2013/12/31-00:18:57	84	1,245.291	38.505	0	0	1	0	0	0	0	1	0	0	1	8
2013/12/31-00:19:26	84	1,245.291	38.505	0	0	1	0	0	0	0	1	0	0	1	6
2013/12/31-00:19:57	84	1,245.291	38.505	0	0	1	0	0	0	0	1	0	0	1	8
2013/12/31-00:20:35	84	1,245.291	38.505	0	0	1	0	0	0	0	1	0	0	1	8
2013/12/31-00:21:08	84	1,245.291	38.505	0	0	1	0	0	0	0	1	0	0	1	5
2013/12/31-00:26:04	84	1,245.291	38.505	0	0	1	1	0	0	0	1	0	0	1	5
2013/12/31-00:26:28	84	1,245.291	38.505	0	0	1	0	0	0	0	1	0	0	1	3
2013/12/31-00:26:49	84	1,245.291	38.505	0	0	1	0	0	0	0	1	0	0	1	6
2013/12/31-00:27:26	84	1,245.291	38.505	0	0	1	0	0	0	0	1	0	0	1	9
2013/12/31-00:27:54	84	1,245.291	38.505	0	0	1	0	0	0	0	1	0	0	1	8
2013/12/31-00:29:01	83	1,251.233	37.89	0	0	1	0	0	0	0	1	0	0	1	8
2013/12/31-00:29:28	83	1,251.233	37.89	0	0	1	0	0	0	0	1	0	0	1	8
2013/12/31-01:06:02	83	1,251.233	37.89	0	0	1	0	0	0	0	1	0	0	1	3
2013/12/31-01:06:23	83	1,251.233	37.89	0	0	1	0	0	0	0	1	0	0	1	8
2013/12/31-01:06:58	83	1,251.233	37.89	0	0	1	0	0	0	0	1	0	0	1	7
2013/12/31-01:07:24	83	1,251.233	37.89	0	0	1	0	0	0	0	1	0	0	1	8
2013/12/31-01:07:54	83	1,251.233	37.89	0	0	1	2	0	0	0	1	0	0	1	14
2013/12/31-01:08:27	83	1,251.233	37.89	0	0	1	0	0	0	0	1	0	0	1	9
2013/12/31-01:08:54	83	1,251.233	37.89	0	0	1	0	0	0	0	1	1	0	0	53
2013/12/31-01:29:13	82	1,263.069	37.754	0	0	1	0	0	0	0	1	0	0	1	8
2013/12/31-01:30:38	82	1,263.069	37.754	0	0	1	0	0	0	0	1	0	0	1	9
2013/12/31-01:31:12	82	1,263.069	37.754	0	0	1	0	0	0	0	1	0	0	1	8
2013/12/31-01:31:49	82	1,263.069	37.754	0	0	1	1	0	0	0	1	0	0	1	3
2013/12/31-01:32:11	82	1,263.069	37.754	0	0	1	0	0	0	0	1	0	0	1	3
2013/12/31-01:32:39	82	1,263.069	37.754	0	0	1	0	0	0	0	1	0	0	1	8
2013/12/31-01:33:29	82	1,263.069	37.754	0	0	1	0	0	0	0	1	0	0	1	6
2013/12/31-01:34:12	82	1,263.069	37.754	0	0	1	0	0	0	0	1	0	0	1	7
2013/12/31-01:34:42	82	1,263.069	37.754	0	0	1	0	0	0	0	1	0	0	1	2
2013/12/31-01:36:01	82	1,263.069	37.754	0	0	1	0	0	0	0	1	0	0	1	6
2013/12/31-01:36:26	82	1,263.069	37.754	0	0	1	0	0	0	0	1	0	0	1	8
2013/12/31-01:37:01	82	1,263.069	37.754	0	0	1	0	0	0	0	1	0	0	1	3
2013/12/31-01:37:28	82	1,263.069	37.754	0	0	1	0	0	0	0	1	0	0	1	3
2013/12/31-01:38:01	82	1,263.069	37.754	0	0	1	0	0	0	0	1	0	0	1	22
2013/12/31-01:54:55	82	1,270.619	37.192	0	0	1	0	0	0	0	1	0	0	1	3
2013/12/31-01:55:24	82	1,270.619	37.192	0	0	1	0	0	0	0	1	0	0	1	15
2013/12/31-01:56:28	82	1,270.619	37.192	0	0	1	0	0	0	0	1	0	0	1	8
2013/12/31-01:57:09	82	1,270.619	37.192	0	0	1	0	0	0	0	1	0	0	1	8
2013/12/31-01:57:53	82	1,270.619	37.192	0	0	1	0	0	0	0	1	0	0	1	3
2013/12/31-01:58:19	82	1,270.619	37.192	0	0	0	4	0	0	0	1	1	0	0	79
2013/12/31-01:59:56	82	1,270.619	37.192	0	0	1	0	0	0	0	1	0	0	1	10
2013/12/31-02:07:54	82	1,270.619	37.192	0	0	1	0	0	0	0	1	0	0	1	8
2013/12/31-02:08:24	82	1,270.619	37.192	0	0	1	0	0	0	0	1	0	0	1	3
2013/12/31-02:08:51	82	1,270.619	37.192	0	0	1	0	0	0	0	1	0	0	1	8
2013/12/31-02:09:59	82	1,270.619	37.192	0	0	1	0	0	0	0	1	0	0	1	3
2013/12/31-02:11:48	82	1,270.619	37.192	0	0	1	1	0	0	0	1	0	0	1	3
2013/12/31-02:12:19	82	1,270.619	37.192	0	0	1	0	0	0	0	1	0	0	1	8
2013/12/31-02:13:02	82	1,270.619	37.192	0	0	1	0	0	0	0	1	0	0	1	3
2013/12/31-02:47:28	82	1,259.557	36.51	0	0	1	0	0	0	0	1	0	0	1	6
2013/12/31-02:48:03	82	1,259.557	36.51	0	0	1	0	0	0	0	1	0	0	1	4
2013/12/31-02:48:25	82	1,259.557	36.51	0	0	1	0	0	0	0	1	0	0	1	8
2013/12/31-02:49:04	82	1,259.557	36.51	0	0	1	0	0	0	0	1	0	0	1	3
2013/12/31-02:49:34	82	1,259.557	36.51	0	0	1	8	0	0	0	1	0	0	1	67
2013/12/31-02:51:00	82	1,259.557	36.51	0	0	1	0	0	0	0	1	0	0	1	9
2013/12/31-02:51:27	82	1,259.557	36.51	0	0	1	0	0	0	0	1	0	0	1	8
2013/12/31-02:56:16	82	1,259.557	36.51	0	0	1	0	0	0	0	1	0	0	1	10
2013/12/31-02:57:03	82	1,259.557	36.51	0	0	1	0	0	0	0	1	0	0	1	8
2013/12/31-02:58:15	82	1,259.557	36.51	0	0	1	1	0	0	0	1	0	0	1	3
2013/12/31-02:58:38	82	1,259.557	36.51	0	0	1	0	0	0	0	1	0	0	1	3
2013/12/31-02:58:59	82	1,259.557	36.51	0	0	1	0	0	0	0	1	0	0	1	8
2013/12/31-02:59:40	82	1,259.557	36.51	0	0	1	0	0	0	0	1	0	0	1	8
2013/12/31-03:00:11	82	1,259.557	36.51	0	0	1	0	0	0	0	1	0	0	1	9
2013/12/31-03:35:53	82	1,262.251	35.773	0	0	1	0	0	0	0	1	0	0	1	4
2013/12/31-03:36:24	82	1,262.251	35.773	0	0	1	0	0	0	0	1	0	0	1	8
2013/12/31-03:37:02	82	1,262.251	35.773	0	0	1	2	0	0	0	1	1	0	0	61
2013/12/31-03:38:21	82	1,262.251	35.773	0	0	1	0	0	0	0	1	0	0	1	8
2013/12/31-03:38:56	82	1,262.251	35.773	0	0	1	0	0	0	0	1	0	0	1	6
2013/12/31-03:39:22	82	1,262.251	35.773	0	0	1	0	0	0	0	1	0	0	1	3
2013/12/31-03:39:44	82	1,262.251	35.773	0	0	1	0	0	0	0	1	0	0	1	11
2013/12/31-03:45:55	82	1,262.251	35.773	0	0	1	0	0	0	0	1	0	0	1	8
2013/12/31-03:46:21	82	1,262.251	35.773	0	0	1	0	0	0	0	1	0	0	1	8
2013/12/31-03:47:23	82	1,262.251	35.773	0	0	1	0	0	0	0	1	0	0	1	4
2013/12/31-03:47:46	82	1,262.251	35.773	0	0	1	0	0	0	0	1	0	0	1	7
2013/12/31-03:48:44	82	1,262.251	35.773	0	0	1	0	0	0	0	1	0	0	1	8
2013/12/31-03:49:35	82	1,262.251	35.773	0	0	1	1	0	0	0	1	0	0	1	3
2013/12/31-03:50:18	82	1,262.251	35.773	0	0	1	0	0	0	0	1	0	0	1	3
2013/12/31-04:20:59	82	1,265.035	35.207	0	0	1	0	0	0	0	1	0	0	1	8
2013/12/31-04:21:28	82	1,265.035	35.207	0	0	1	0	0	0	0	1	0	0	1	3
2013/12/31-04:21:53	82	1,265.035	35.207	0	0	1	0	0	0	0	1	0	0	1	8
2013/12/31-04:22:58	82	1,265.035	35.207	0	0	1	11	0	0	0	1	0	0	1	74
2013/12/31-04:24:31	82	1,265.035	35.207	0	0	1	0	0	0	0	1	0	0	1	25
2013/12/31-04:25:15	82	1,265.035	35.207	0	0	1	0	0	0	0	1	0	0	1	31
2013/12/31-04:26:21	82	1,265.035	35.207	0	0	1	0	0	0	0	1	0	0	1	5
2013/12/31-04:33:52	82	1,265.035	35.207	0	0	1	0	0	0	0	1	0	0	1	5
2013/12/31-04:34:23	82	1,265.035	35.207	0	0	1	0	0	0	0	1	0	0	1	6
2013/12/31-04:34:51	82	1,265.035	35.207	0	0	1	0	0	0	0	1	0	0	1	3
2013/12/31-04:35:12	82	1,265.035	35.207	0	0	1	0	0	0	0	1	0	0	1	28
2013/12/31-04:35:59	82	1,265.035	35.207	0	0	1	0	0	0	0	1	0	0	1	8
2013/12/31-04:37:14	82	1,265.035	35.207	0	0	1	0	0	0	0	1	0	0	1	8
2013/12/31-04:38:03	82	1,265.11	34.691	0	0	1	0	0	0	0	1	0	0	1	8
2013/12/31-05:11:09	82	1,265.11	34.691	0	0	1	0	0	0	0	1	0	0	1	8
2013/12/31-05:11:37	82	1,265.11	34.691	0	0	1	0	0	0	0	1	0	0	1	14
2013/12/31-05:12:16	82	1,265.11	34.691	0	0	1	0	0	0	0	1	0	0	1	8
2013/12/31-05:12:43	82	1,265.11	34.691	0	0	1	0	0	0	0	1	0	0	1	10
2013/12/31-05:13:11	82	1,265.11	34.691	0	0	1	0	0	0	0	1	0	0	1	3
2013/12/31-05:13:33	82	1,265.11	34.691	0	0	1	0	0	0	0	1	0	0	1	10
2013/12/31-05:14:02	82	1,265.11	34.691	0	0	1	6	0	0	0	1	0	0	1	37
2013/12/31-05:19:40	82	1,271.602	34.89	0	0	1	0	0	0	0	1	0	0	1	8
2013/12/31-05:20:55	82	1,271.602	34.89	0	0	1	0	0	0	0	1	0	0	1	8
2013/12/31-05:21:26	82	1,271.602	34.89	0	0	1	1	0	0	0	1	0	0	1	3
2013/12/31-05:21:48	82	1,271.602	34.89	0	0	1	0	0	0	0	1	0	0	1	8
2013/12/31-05:22:20	82	1,271.602	34.89	0	0	1	0	0	0	0	1	0	0	1	9
2013/12/31-05:22:48	82	1,271.602	34.89	0	0	1	0	0	0	0	1	0	0	1	5
2013/12/31-05:23:19	82	1,271.602	34.89	0	0	1	0	0	0	0	1	0	0	1	3
2013/12/31-06:02:15	82	1,273.991	34.645	0	0	1	0	0	0	0	1	0	0	1	8
2013/12/31-06:02:57	82	1,273.991	34.645	0	0	1	0	0	0	0	1	0	0	1	4
2013/12/31-06:03:23	82	1,273.991	34.645	0	0	1	0	0	0	0	1	0	0	1	19
2013/12/31-06:04:01	82	1,273.991	34.645	0	0	1	0	0	0	0	1	0	0	1	8
2013/12/31-06:04:58	82	1,273.991	34.645	0	0	1	1	0	0	0	1	1	0	0	89
2013/12/31-06:06:45	82	1,273.991	34.645	0	0	1	0	0	0	0	1	0	0	1	9
2013/12/31-06:08:31	82	1,273.991	34.645	0	0	1	0	0	0	0	1	0	0	1	3
2013/12/31-06:12:58	82	1,273.991	34.645	0	0	1	0	0	0	0	1	0	0	1	4
2013/12/31-06:13:32	82	1,273.991	34.645	0	0	1	0	0	0	0	1	0	0	1	26
2013/12/31-06:14:17	82	1,273.991	34.645	0	0	1	1	0	0	0	1	0	0	1	3
2013/12/31-06:14:43	82	1,273.991	34.645	0	0	1	0	0	0	0	1	0	0	1	8
2013/12/31-06:15:17	82	1,273.991	34.645	0	0	1	0	0	0	0	1	0	0	1	8
2013/12/31-06:16:07	82	1,273.991	34.645	0	0	1	0	0	0	0	1	0	0	1	8
2013/12/31-06:16:35	82	1,273.991	34.645	0	0	1	0	0	0	0	1	0	0	1	3
2013/12/31-06:46:52	82	1,272.332	34.015	0	0	1	0	0	0	0	1	0	0	1	5
2013/12/31-06:47:16	82	1,272.332	34.015	0	0	1	0	0	0	0	1	0	0	1	7
2013/12/31-06:48:05	82	1,272.332	34.015	0	0	1	0	0	0	0	1	0	0	1	9
2013/12/31-06:48:36	82	1,272.332	34.015	0	0	1	2	0	0	0	1	1	0	0	89
2013/12/31-06:50:23	82	1,272.332	34.015	0	0	1	0	0	0	0	1	0	0	1	3
2013/12/31-06:50:50	82	1,272.332	34.015	0	0	1	0	0	0	0	1	0	0	1	8
2013/12/31-06:51:20	82	1,272.332	34.015	0	0	1	0	0	0	0	1	0	0	1	24
2013/12/31-06:57:00	82	1,272.332	34.015	0	0	1	0	0	0	0	1	0	0	1	7
2013/12/31-06:57:46	82	1,272.332	34.015	0	0	1	0	0	0	0	1	0	0	1	3
2013/12/31-06:58:07	82	1,272.332	34.015	0	0	1	0	0	0	0	1	0	0	1	8
2013/12/31-06:58:35	82	1,272.332	34.015	0	0	1	1	0	0	0	1	0	0	1	3
2013/12/31-06:59:00	82	1,272.332	34.015	0	0	1	0	0	0	0	1	0	0	1	8
2013/12/31-07:00:28	82	1,272.332	34.015	0	0	1	0	0	0	0	1	0	0	1	39
2013/12/31-07:01:26	82	1,272.332	34.015	0	0	1	0	0	0	0	1	0	0	1	8
2013/12/31-07:36:05	82	1,277.104	33.54	0	0	1	0	0	0	0	1	0	0	1	8
2013/12/31-07:36:55	82	1,277.104	33.54	0	0	1	2	0	0	0	1	0	0	1	81
2013/12/31-07:38:35	82	1,277.104	33.54	0	0	1	0	0	0	0	1	0	0	1	4
2013/12/31-07:39:01	82	1,277.104	33.54	0	0	1	0	0	0	0	1	0	0	1	8
2013/12/31-07:39:46	82	1,277.104	33.54	0	0	1	0	0	0	0	1	0	0	1	3
2013/12/31-07:40:14	82	1,277.104	33.54	0	0	1	0	0	0	0	1	0	0	1	13
2013/12/31-07:40:45	82	1,277.104	33.54	0	0	1	0	0	0	0	1	0	0	1	4
2013/12/31-07:46:55	82	1,277.104	33.54	0	0	1	0	0	0	0	1	0	0	1	8
2013/12/31-07:48:09	82	1,277.104	33.54	0	0	1	1	0	0	0	1	0	0	1	3
2013/12/31-07:48:31	82	1,277.104	33.54	0	0	1	0	0	0	0	1	0	0	1	3
2013/12/31-07:48:52	82	1,277.104	33.54	0	0	1	0	0	0	0	1	0	0	1	8
2013/12/31-07:49:19	82	1,277.104	33.54	0	0	1	0	0	0	0	1	0	0	1	8
2013/12/31-07:49:59	82	1,277.104	33.54	0	0	1	0	0	0	0	1	0	0	1	8
2013/12/31-07:50:33	82	1,277.104	33.54	0	0	1	0	0	0	0	1	0	0	1	6
2014/01/01-07:42:34	82	1,279.052	75.303	0	0	1	0	0	0	0	1	0	0	1	3
2014/01/01-07:42:57	82	1,279.052	75.303	0	0	1	0	0	0	0	1	0	0	1	3
2014/01/01-07:43:19	82	1,279.052	75.303	0	0	1	0	0	0	0	1	0	0	1	8
2014/01/01-07:43:46	82	1,279.052	75.303	0	0	0	0	0	0	0	1	0	0	1	60
2014/01/01-07:45:05	82	1,279.052	75.303	0	0	1	0	0	0	0	1	0	0	1	19
2014/01/01-07:58:32	81	1,311.02	70.863	0	0	1	0	0	0	0	1	0	0	1	13
2014/01/01-07:59:05	81	1,311.02	70.863	0	0	1	0	0	0	0	1	0	0	1	3
2014/01/01-08:00:24	81	1,311.02	70.863	0	0	1	0	0	0	0	1	0	0	1	8
2014/01/01-08:01:43	81	1,311.02	70.863	0	0	1	0	0	0	0	1	0	0	1	8
2014/01/01-08:03:02	81	1,311.02	70.863	0	0	1	0	0	0	0	1	0	0	1	17
2014/01/01-08:10:12	81	1,311.02	70.863	0	0	1	0	0	0	0	1	0	0	1	14
2014/01/01-08:10:45	81	1,311.02	70.863	0	0	1	0	0	0	0	1	0	0	1	7
2014/01/01-08:11:41	81	1,311.02	70.863	0	0	1	0	0	0	0	1	0	0	1	35
2014/01/01-08:12:35	81	1,311.02	70.863	0	0	1	0	0	0	0	1	0	0	1	5
2014/01/01-08:13:13	81	1,311.02	70.863	0	0	1	0	0	0	0	1	0	0	1	8
2014/01/01-11:35:19	79	1,340.131	69.584	0	0	1	0	0	0	0	1	0	0	1	6
2014/01/01-11:35:46	79	1,340.131	69.584	0	0	1	0	0	0	0	1	0	0	1	8
2014/01/01-11:37:02	79	1,340.131	69.584	0	0	1	0	0	0	0	1	0	0	1	13
2014/01/01-11:38:19	79	1,340.131	69.584	0	0	1	0	0	0	0	1	0	0	1	8
2014/01/01-11:39:02	79	1,340.131	69.584	0	0	1	0	0	0	0	1	0	0	1	3
2014/01/01-11:55:17	81	1,331.164	66.853	0	0	1	0	0	0	0	1	0	0	1	8
2014/01/01-11:55:44	81	1,331.164	66.853	0	0	0	0	0	0	0	1	1	0	0	60
2014/01/01-11:57:03	81	1,331.164	66.853	0	0	0	0	0	0	0	1	1	0	0	60
2014/01/01-11:58:22	81	1,331.164	66.853	0	0	1	0	0	0	0	1	0	0	1	8
2014/01/01-11:58:49	81	1,331.164	66.853	0	0	0	0	0	0	0	1	1	0	0	13
2014/01/01-12:12:06	81	1,331.164	66.853	0	0	1	0	0	0	0	1	0	0	1	6
2014/01/01-12:12:33	81	1,331.164	66.853	0	0	1	0	0	0	0	1	0	0	1	8
2014/01/01-12:13:05	81	1,331.164	66.853	0	0	0	0	0	0	0	1	1	0	0	9
2014/01/01-12:13:33	81	1,331.164	66.853	0	0	0	0	0	0	0	1	1	0	0	9
2014/01/01-12:14:00	81	1,331.164	66.853	0	0	0	0	0	0	0	1	1	0	0	18
2014/01/01-22:08:32	79	1,345.787	65.703	0	0	1	0	0	0	0	1	0	0	1	20
2014/01/01-22:09:52	79	1,345.787	65.703	0	0	1	0	0	0	0	1	0	0	1	8
2014/01/01-22:11:10	79	1,345.787	65.703	0	0	1	0	0	0	0	1	0	0	1	6
2014/01/01-22:11:37	79	1,345.787	65.703	0	0	1	0	0	0	0	1	0	0	1	17
2014/01/01-22:12:13	79	1,345.787	65.703	0	0	1	0	0	0	0	1	0	0	1	3
2014/01/01-22:19:25	80	1,335.367	63.223	0	0	1	0	0	0	0	1	0	0	1	5
2014/01/01-22:19:50	80	1,335.367	63.223	0	0	0	0	0	0	0	1	1	0	0	60
2014/01/01-22:21:09	80	1,335.367	63.223	0	0	1	0	0	0	0	1	0	0	1	8
2014/01/01-22:21:45	80	1,335.367	63.223	0	0	1	0	0	0	0	1	0	0	1	7
2014/01/01-22:22:15	80	1,335.367	63.223	0	0	1	0	0	0	0	1	0	0	1	26
2014/01/01-22:29:55	80	1,335.367	63.223	0	0	1	0	0	0	0	1	1	0	0	18
2014/01/01-22:30:31	80	1,335.367	63.223	0	0	0	0	0	0	0	1	1	0	0	8
2014/01/01-22:30:58	80	1,335.367	63.223	0	0	0	0	0	0	0	1	1	0	0	13
2014/01/01-22:31:30	80	1,335.367	63.223	0	0	0	0	0	0	0	1	1	0	0	7
2014/01/01-22:31:56	80	1,335.367	63.223	0	0	1	0	0	0	0	1	0	0	1	6
2014/01/02-02:06:11	76	1,370.117	62.222	0	0	1	0	0	0	0	1	0	0	1	3
2014/01/02-02:06:59	76	1,370.117	62.222	0	0	1	0	0	0	0	1	0	0	1	4
2014/01/02-02:08:18	76	1,370.117	62.222	0	0	1	0	0	0	0	1	0	0	1	8
2014/01/02-02:09:36	76	1,370.117	62.222	0	0	1	0	0	0	0	1	0	0	1	3
2014/01/02-02:10:02	76	1,370.117	62.222	0	0	1	0	0	0	0	1	0	0	1	8
2014/01/02-02:31:16	77	1,358.36	60.432	0	0	0	0	0	0	0	1	1	0	0	60
2014/01/02-02:32:35	77	1,358.36	60.432	0	0	1	0	0	0	0	1	0	0	1	8
2014/01/02-02:33:15	77	1,358.36	60.432	0	0	1	0	0	0	0	1	0	0	1	13
2014/01/02-02:34:05	77	1,358.36	60.432	0	0	0	0	0	0	0	1	1	0	0	55
2014/01/02-02:35:19	77	1,358.36	60.432	0	0	1	0	0	0	0	1	0	0	1	8
2014/01/02-02:46:35	77	1,358.36	60.432	0	0	1	0	0	0	0	1	0	0	1	20
2014/01/02-02:47:14	77	1,358.36	60.432	0	0	0	0	0	0	0	1	1	0	0	12
2014/01/02-02:47:45	77	1,358.36	60.432	0	0	1	0	0	0	0	1	0	0	1	8
2014/01/02-02:48:24	77	1,358.36	60.432	0	0	0	0	0	0	0	1	1	0	0	8
2014/01/02-02:48:50	77	1,358.36	60.432	0	0	1	0	0	0	0	1	0	0	1	8
2014/01/02-08:09:56	76	1,369.529	62.276	0	0	1	0	0	0	0	1	0	0	1	5
2014/01/02-08:10:21	76	1,369.529	62.276	0	0	1	0	0	0	0	1	0	0	1	5
2014/01/02-08:10:49	76	1,369.529	62.276	0	0	1	0	0	0	0	1	0	0	1	25
2014/01/02-08:11:33	76	1,369.529	62.276	0	0	1	0	0	0	0	1	0	0	1	4
2014/01/02-08:12:00	76	1,369.529	62.276	0	0	1	0	0	0	0	1	0	0	1	8
2014/01/02-08:15:54	76	1,355.456	59.556	0	0	1	0	0	0	0	1	0	0	1	8
2014/01/02-08:16:26	76	1,355.456	59.556	0	0	1	0	0	0	0	1	0	0	1	8
2014/01/02-08:17:00	76	1,355.456	59.556	0	0	1	0	0	0	0	1	0	0	1	3
2014/01/02-08:17:22	76	1,355.456	59.556	0	0	1	0	0	0	0	1	0	0	1	7
2014/01/02-08:17:57	76	1,355.456	59.556	0	0	0	0	0	0	0	1	1	0	0	22
2014/01/02-08:27:48	76	1,355.456	59.556	0	0	1	0	0	0	0	1	0	0	1	6
2014/01/02-08:28:12	76	1,355.456	59.556	0	0	1	0	0	0	0	1	0	0	1	14
2014/01/02-08:28:45	76	1,355.456	59.556	0	0	1	0	0	0	0	1	0	0	1	6
2014/01/02-08:29:09	76	1,355.456	59.556	0	0	1	0	0	0	0	1	0	0	1	8
2014/01/02-08:29:47	76	1,355.456	59.556	0	0	1	0	0	0	0	1	0	0	1	10
2014/01/02-12:19:35	77	1,342.812	60.409	0	0	1	0	0	0	0	1	0	0	1	16
2014/01/02-12:20:10	77	1,342.812	60.409	0	0	1	0	0	0	0	1	0	0	1	14
2014/01/02-12:20:44	77	1,342.812	60.409	0	0	1	0	0	0	0	1	0	0	1	8
2014/01/02-12:21:30	77	1,342.812	60.409	0	0	1	0	0	0	0	1	0	0	1	16
2014/01/02-12:22:41	77	1,342.812	60.409	0	0	1	0	0	0	0	1	0	0	1	6
2014/01/02-12:27:18	77	1,342.812	60.409	0	0	1	0	0	0	0	1	0	0	1	20
2014/01/02-12:27:57	77	1,342.812	60.409	0	0	1	0	0	0	0	1	0	0	1	11
2014/01/02-12:29:07	77	1,342.812	60.409	0	0	1	0	0	0	0	1	0	0	1	10
2014/01/02-12:29:36	77	1,342.812	60.409	0	0	1	0	0	0	0	1	0	0	1	9
2014/01/02-12:30:04	77	1,342.812	60.409	0	0	1	0	0	0	0	1	0	0	1	11
2014/01/02-12:46:49	76	1,360.651	56.09	0	0	1	0	0	0	0	1	0	0	1	8
2014/01/02-12:47:18	76	1,360.651	56.09	0	0	0	0	0	0	0	1	1	0	0	14
2014/01/02-12:47:50	76	1,360.651	56.09	0	0	1	0	0	0	0	1	0	0	1	8
2014/01/02-12:48:18	76	1,360.651	56.09	0	0	1	0	0	0	0	1	0	0	1	3
2014/01/02-12:48:46	76	1,360.651	56.09	0	0	1	0	0	0	0	1	0	0	1	8
2014/01/02-16:35:29	81	1,344.032	58.733	0	0	1	0	0	0	0	1	0	0	1	8
2014/01/02-16:36:05	81	1,344.032	58.733	0	0	1	0	0	0	0	1	0	0	1	36
2014/01/02-16:36:59	81	1,344.032	58.733	0	0	1	0	0	0	0	1	0	0	1	29
2014/01/02-16:38:09	81	1,344.032	58.733	0	0	1	0	0	0	0	1	0	0	1	8
2014/01/02-16:39:28	81	1,344.032	58.733	0	0	1	0	0	0	0	1	0	0	1	6
2014/01/02-16:44:50	81	1,344.032	58.733	0	0	1	0	0	0	0	1	0	0	1	9
2014/01/02-16:45:18	81	1,344.032	58.733	0	0	1	0	0	0	0	1	1	0	0	10
2014/01/02-16:45:47	81	1,344.032	58.733	0	0	1	0	0	0	0	1	0	0	1	13
2014/01/02-16:46:19	81	1,344.032	58.733	0	0	1	0	0	0	0	1	0	0	1	8
2014/01/02-16:46:45	81	1,344.032	58.733	0	0	1	0	0	0	0	1	0	0	1	10
2014/01/02-16:59:53	81	1,343.469	54.831	0	0	0	0	0	0	0	1	1	0	0	33
2014/01/02-17:00:44	81	1,343.469	54.831	0	0	1	0	0	0	0	1	0	0	1	10
2014/01/02-17:01:20	81	1,343.469	54.831	0	0	1	0	0	0	0	1	0	0	1	3
2014/01/02-17:01:52	81	1,343.469	54.831	0	0	1	0	0	0	0	1	0	0	1	9
2014/01/02-17:02:28	81	1,343.469	54.831	0	0	1	0	0	0	0	1	0	0	1	8
