2013/09/02-14:29:35	25	1,500	350.155	1	0	0	0	0	0	1	1	0	0	1	3
2013/09/02-14:30:15	25	1,500	350.155	1	0	1	0	0	0	0	1	0	0	1	3
2013/09/02-14:31:23	25	1,500	350.155	1	0	0	0	0	0	1	1	0	0	1	3
2013/09/02-14:31:53	25	1,500	350.155	3	0	0	0	0	0	1	1	0	0	1	3
2013/09/02-14:33:12	25	1,500	350.155	7	0	1	0	0	0	0	1	0	0	1	3
2013/09/02-14:49:52	85	916.821	275.186	1	0	0	0	1	0	1	1	0	0	1	3
2013/09/02-14:50:14	85	916.821	275.186	3	0	0	0	0	0	1	1	0	0	1	3
2013/09/02-14:50:44	85	916.821	275.186	3	0	0	0	1	0	0	1	1	0	0	9
2013/09/02-14:51:12	85	916.821	275.186	12	0	0	0	2	0	1	1	0	0	1	4
2013/09/02-14:51:35	85	916.821	275.186	1	0	0	0	1	0	1	1	0	0	1	3
2013/09/02-15:02:00	85	916.821	275.186	1	0	0	0	1	0	1	1	0	0	1	3
2013/09/02-15:02:22	85	916.821	275.186	2	0	0	0	0	0	1	1	0	0	1	3
2013/09/02-15:02:48	85	916.821	275.186	3	0	0	0	0	0	1	1	0	0	1	3
2013/09/02-15:03:13	85	916.821	275.186	1	0	0	0	1	0	1	1	0	0	1	3
2013/09/02-15:03:34	85	916.821	275.186	2	0	0	0	1	0	1	1	0	0	1	6
2013/09/02-17:37:10	73	1,146.103	220.012	2	0	0	0	1	0	1	1	0	0	1	6
2013/09/02-17:37:36	73	1,146.103	220.012	10	0	0	0	0	0	1	1	0	0	1	3
2013/09/02-17:38:00	73	1,146.103	220.012	3	0	0	0	0	0	1	1	0	0	1	3
2013/09/02-17:38:25	73	1,146.103	220.012	2	0	0	0	0	0	1	1	0	0	1	6
2013/09/02-17:38:50	73	1,146.103	220.012	1	0	0	0	1	0	1	1	0	0	1	3
2013/09/02-17:52:21	78	898.095	180.754	1	0	0	0	0	0	1	1	0	0	1	3
2013/09/02-17:52:53	78	898.095	180.754	1	0	0	0	1	0	1	1	0	0	1	3
2013/09/02-17:53:18	78	898.095	180.754	1	0	1	0	0	0	0	1	0	0	1	3
2013/09/02-17:53:40	78	898.095	180.754	2	0	0	0	1	0	1	1	0	0	1	6
2013/09/02-17:54:04	78	898.095	180.754	12	0	0	0	1	0	1	1	0	0	1	4
2013/09/02-18:02:51	78	898.095	180.754	3	0	0	0	0	0	1	1	0	0	1	3
2013/09/02-18:03:16	78	898.095	180.754	1	0	0	0	1	0	1	1	0	0	1	3
2013/09/02-18:03:41	78	898.095	180.754	3	0	0	0	0	0	1	1	0	0	1	3
2013/09/02-18:04:06	78	898.095	180.754	2	0	0	0	1	0	1	1	0	0	1	6
2013/09/02-18:04:31	78	898.095	180.754	11	0	0	0	1	0	1	1	0	0	1	4
2013/09/03-00:12:59	77	793.991	150.272	4	0	0	0	0	0	1	1	0	0	1	6
2013/09/03-00:13:25	77	793.991	150.272	1	0	0	0	1	0	1	1	0	0	1	3
2013/09/03-00:13:50	77	793.991	150.272	11	0	0	0	1	0	1	1	0	0	1	4
2013/09/03-00:14:15	77	793.991	150.272	3	0	0	0	0	0	1	1	0	0	1	3
2013/09/03-00:14:40	77	793.991	150.272	2	0	0	0	0	0	1	1	0	0	1	6
2013/09/03-00:19:44	77	793.991	150.272	11	0	0	0	1	0	1	1	0	0	1	4
2013/09/03-00:20:09	80	696.587	130.806	1	0	0	0	1	0	1	1	0	0	1	3
2013/09/03-00:20:34	80	696.587	130.806	1	0	0	0	1	0	1	1	0	0	1	3
2013/09/03-00:20:59	80	696.587	130.806	5	0	0	0	0	0	1	1	0	0	1	6
2013/09/03-00:21:24	80	696.587	130.806	1	0	0	0	2	0	1	1	0	0	1	3
2013/09/03-00:30:52	80	696.587	130.806	11	0	0	0	1	0	1	1	0	0	1	4
2013/09/03-00:31:17	80	696.587	130.806	2	0	0	0	1	0	1	1	0	0	1	6
2013/09/03-00:31:42	80	696.587	130.806	1	0	0	0	0	0	1	1	0	0	1	3
2013/09/03-00:32:06	80	696.587	130.806	3	0	0	0	0	0	1	1	0	0	1	3
2013/09/03-00:32:31	80	696.587	130.806	2	0	0	0	1	0	1	1	0	0	1	6
2013/09/03-00:40:11	81	671.432	109.973	4	0	0	0	0	0	1	1	0	0	1	6
2013/09/03-00:40:53	81	671.432	109.973	1	0	0	0	1	0	1	1	0	0	1	3
2013/09/03-00:41:17	81	671.432	109.973	3	0	0	0	0	0	1	1	0	0	1	3
2013/09/03-00:41:50	81	671.432	109.973	1	0	0	0	0	0	1	1	0	0	1	3
2013/09/03-00:42:16	81	671.432	109.973	13	0	0	0	1	0	1	1	0	0	1	4
2013/09/03-00:52:39	81	671.432	109.973	2	0	0	0	0	0	1	1	0	0	1	6
2013/09/03-00:53:04	81	671.432	109.973	3	0	0	0	0	0	1	1	0	0	1	3
2013/09/03-00:53:29	81	671.432	109.973	1	0	0	0	1	0	1	1	0	0	1	3
2013/09/03-00:53:51	81	671.432	109.973	2	0	0	0	2	0	1	1	1	0	0	6
2013/09/03-00:54:16	81	671.432	109.973	3	0	0	0	0	0	1	1	0	0	1	3
2013/09/03-01:02:25	81	671.432	109.973	3	0	0	0	0	0	1	1	0	0	1	3
2013/09/03-01:02:47	81	671.432	109.973	1	0	0	0	0	0	1	1	0	0	1	3
2013/09/03-01:03:08	81	671.432	109.973	11	0	0	0	0	0	1	1	0	0	1	4
2013/09/03-01:03:31	81	671.432	109.973	3	0	0	0	0	0	1	1	0	0	1	3
2013/09/03-01:03:53	81	671.432	109.973	1	0	0	0	0	0	1	1	0	0	1	3
2013/09/03-16:23:11	86	567.979	99.437	6	0	0	0	0	0	1	1	0	0	1	6
2013/09/03-16:23:46	86	567.979	99.437	11	0	0	0	1	0	1	1	0	0	1	4
2013/09/03-16:24:09	86	567.979	99.437	1	0	0	0	0	0	1	1	0	0	1	3
2013/09/03-16:24:43	86	567.979	99.437	1	0	0	0	1	0	1	1	0	0	1	3
2013/09/03-16:25:05	86	567.979	99.437	1	0	0	0	0	0	1	1	0	0	1	3
2013/09/03-16:36:48	86	569.335	96.564	1	0	0	0	1	0	1	1	0	0	1	3
2013/09/03-16:37:10	86	569.335	96.564	11	0	0	0	0	0	1	1	0	0	1	4
2013/09/03-16:37:35	86	569.335	96.564	1	0	0	0	1	0	1	1	0	0	1	3
2013/09/03-16:37:57	86	569.335	96.564	3	0	0	0	0	0	0	1	1	0	0	6
2013/09/03-16:38:22	86	569.335	96.564	2	0	0	0	0	0	1	1	0	0	1	6
2013/09/03-16:44:41	86	569.335	96.564	2	0	0	0	0	0	1	1	0	0	1	6
2013/09/03-16:45:06	86	569.335	96.564	1	0	0	0	1	0	1	1	0	1	0	3
2013/09/03-16:45:28	86	569.335	96.564	1	0	0	0	0	0	1	1	0	0	1	3
2013/09/03-16:45:50	86	569.335	96.564	1	0	0	0	0	0	1	1	0	0	1	3
2013/09/03-16:46:12	86	569.335	96.564	3	0	0	0	0	0	1	1	0	0	1	3
2013/09/03-21:13:54	86	550.789	86.356	1	0	0	0	0	0	1	1	0	0	1	3
2013/09/03-21:14:19	86	550.789	86.356	2	0	0	0	1	0	1	1	0	0	1	6
2013/09/03-21:14:43	86	550.789	86.356	11	0	0	0	2	0	1	1	0	0	1	4
2013/09/03-21:15:06	86	550.789	86.356	1	0	0	0	1	0	1	1	0	0	1	3
2013/09/03-21:15:31	86	550.789	86.356	1	0	1	0	0	0	0	1	0	0	1	3
2013/09/03-21:24:46	86	550.789	86.356	10	0	0	0	1	0	1	1	0	0	1	4
2013/09/03-21:25:09	86	550.789	86.356	1	0	0	0	0	0	1	1	0	0	1	3
2013/09/03-21:25:33	86	550.789	86.356	4	0	0	0	0	0	1	1	0	0	1	6
2013/09/03-21:25:58	86	550.789	86.356	1	0	0	0	1	0	1	1	0	0	1	3
2013/09/03-21:26:20	86	550.789	86.356	1	0	0	0	1	0	1	1	0	0	1	3
2013/09/03-21:31:30	86	605.673	80.039	1	0	0	0	0	0	1	1	0	0	1	3
2013/09/03-21:31:52	86	605.673	80.039	3	0	0	0	0	0	1	1	0	0	1	3
2013/09/03-21:32:13	86	605.673	80.039	11	0	0	0	0	0	1	1	0	0	1	4
2013/09/03-21:32:36	86	605.673	80.039	2	0	0	0	0	0	1	1	0	0	1	6
2013/09/03-21:33:00	86	605.673	80.039	1	0	0	0	1	0	1	1	0	1	0	3
2013/09/04-16:43:28	86	593.141	80.243	2	0	0	0	0	0	1	1	0	0	1	6
2013/09/04-16:44:05	86	593.141	80.243	2	0	1	0	0	0	0	1	0	0	1	3
2013/09/04-16:44:35	86	612.785	79.723	1	0	1	0	0	0	0	1	0	0	1	3
2013/09/04-16:45:11	86	612.785	79.723	3	0	0	0	0	0	1	1	0	0	1	3
2013/09/04-16:45:42	86	612.785	79.723	3	0	0	0	0	0	1	1	0	0	1	6
2013/09/04-16:55:47	86	612.785	79.723	1	0	0	0	1	0	1	1	0	0	1	3
2013/09/04-16:56:09	86	612.785	79.723	2	0	0	0	0	0	1	1	0	0	1	6
2013/09/04-16:56:34	86	612.785	79.723	1	0	0	0	0	0	1	1	0	0	1	3
2013/09/04-16:56:59	86	612.785	79.723	1	0	0	0	1	0	1	1	0	0	1	3
2013/09/04-16:57:20	86	612.785	79.723	3	0	0	0	0	0	1	1	0	0	1	3
2013/09/04-17:03:48	86	612.785	79.723	1	0	0	0	0	0	1	1	0	0	1	3
2013/09/04-17:04:10	86	612.785	79.723	2	0	0	0	0	0	1	1	0	0	1	6
2013/09/04-17:04:34	86	612.785	79.723	1	0	0	0	1	0	1	1	0	1	0	3
2013/09/04-17:04:56	86	612.785	79.723	1	0	0	0	0	0	1	1	0	0	1	3
2013/09/04-17:05:18	86	612.785	79.723	2	0	0	0	0	0	1	1	0	0	1	3
2013/09/04-23:23:00	86	586.218	76.354	11	0	0	0	0	0	1	1	0	0	1	3
2013/09/04-23:23:28	86	586.218	76.354	1	0	0	0	0	0	1	1	0	0	1	3
2013/09/04-23:24:08	86	586.218	76.354	1	0	0	0	0	0	1	1	0	0	1	3
2013/09/04-23:24:36	86	586.218	76.354	3	0	0	0	0	0	1	1	0	0	1	3
2013/09/04-23:25:19	86	586.218	76.354	1	0	0	0	0	0	1	1	0	0	1	3
2013/09/04-23:35:34	86	598.16	75.01	1	0	0	0	1	0	1	1	0	0	1	3
2013/09/04-23:35:56	86	598.16	75.01	2	0	0	0	0	0	1	1	0	0	1	6
2013/09/04-23:36:21	86	598.16	75.01	2	0	0	0	0	0	1	1	0	0	1	3
2013/09/04-23:36:46	86	598.16	75.01	3	0	0	0	0	0	1	1	0	0	1	3
2013/09/04-23:37:10	86	598.16	75.01	1	0	0	0	1	0	1	1	0	0	1	3
2013/09/04-23:45:37	86	598.16	75.01	4	0	0	0	0	0	1	1	0	0	1	6
2013/09/04-23:46:01	86	598.16	75.01	1	0	0	0	0	0	1	1	0	0	1	3
2013/09/04-23:46:23	86	598.16	75.01	1	0	0	0	0	0	1	1	0	0	1	3
2013/09/04-23:46:44	86	598.16	75.01	1	0	0	0	1	0	1	1	0	1	0	3
2013/09/04-23:47:06	86	598.16	75.01	13	0	0	0	0	0	1	1	0	0	1	4
2013/09/05-04:02:51	86	588.61	74.116	1	0	0	0	1	0	1	1	0	0	1	3
2013/09/05-04:03:12	86	588.61	74.116	3	0	0	0	0	0	1	1	0	0	1	3
2013/09/05-04:03:37	86	588.61	74.116	1	0	1	0	1	0	0	1	0	0	1	3
2013/09/05-04:03:59	86	588.61	74.116	10	0	0	0	1	0	1	1	0	0	1	4
2013/09/05-04:04:24	86	588.61	74.116	3	0	0	0	0	0	1	1	0	0	1	3
2013/09/05-04:16:20	86	588.61	74.116	3	0	0	0	0	0	1	1	0	0	1	3
2013/09/05-04:16:44	86	588.61	74.116	1	0	0	0	1	0	1	1	0	0	1	3
2013/09/05-04:17:06	86	588.61	74.116	11	0	0	0	0	0	1	1	0	0	1	4
2013/09/05-04:17:31	86	588.61	74.116	1	0	0	0	0	0	1	1	0	0	1	4
2013/09/05-04:17:56	86	588.61	74.116	3	0	0	0	0	0	1	1	0	0	1	3
2013/09/05-04:27:10	86	612.742	70.24	1	0	0	0	1	0	1	1	0	1	0	3
2013/09/05-04:27:32	86	612.742	70.24	13	0	0	0	0	0	1	1	0	0	1	4
2013/09/05-04:27:55	86	612.742	70.24	1	0	0	0	0	0	1	1	0	0	1	3
2013/09/05-04:28:17	86	612.742	70.24	1	0	0	0	0	0	1	1	0	0	1	3
2013/09/05-04:28:38	86	612.742	70.24	4	0	0	0	0	0	0	1	1	0	0	6
2013/09/06-01:41:20	86	630.693	72.958	4	0	0	0	0	0	1	1	0	0	1	6
2013/09/06-01:42:39	86	630.693	72.958	2	0	0	0	0	0	1	1	0	0	1	3
2013/09/06-01:43:07	86	630.693	72.958	2	0	0	0	0	0	1	1	0	0	1	3
2013/09/06-01:44:26	86	630.693	72.958	4	0	0	0	0	0	1	1	0	0	1	6
2013/09/06-01:45:44	86	630.693	72.958	2	0	0	0	0	0	1	1	0	0	1	3
2013/09/06-01:58:03	86	630.693	72.958	2	0	0	0	0	0	1	1	0	0	1	3
2013/09/06-01:58:28	86	630.693	72.958	2	0	0	0	0	0	1	1	0	0	1	3
2013/09/06-01:58:53	86	630.693	72.958	2	0	0	0	0	0	1	1	0	0	1	3
2013/09/06-01:59:18	86	630.693	72.958	3	0	0	0	0	0	1	1	0	0	1	3
2013/09/06-01:59:42	86	630.693	72.958	4	0	0	0	0	0	1	1	0	0	1	6
2013/09/07-13:38:57	86	610.107	76.665	2	0	0	0	0	0	1	1	0	0	1	3
2013/09/08-11:35:26	86	610.107	76.665	2	0	0	0	0	0	1	1	0	0	1	3
2013/09/08-11:36:46	86	610.107	76.665	4	0	0	0	0	0	1	1	0	0	1	6
2013/09/08-11:37:16	86	610.107	76.665	2	0	0	0	0	0	1	1	0	0	1	3
2013/09/08-11:38:30	86	610.107	76.665	2	0	0	0	0	0	1	1	0	0	1	3
2013/09/08-15:27:16	86	601.734	75.347	2	0	0	0	0	0	1	1	0	0	1	3
2013/09/08-15:27:41	86	601.734	75.347	2	0	0	0	0	0	1	1	0	0	1	3
2013/09/08-15:28:05	86	601.734	75.347	4	0	0	0	0	0	1	1	0	0	1	6
2013/09/08-15:28:30	86	601.734	75.347	5	0	0	1	0	0	1	1	0	0	1	6
2013/09/08-15:28:55	86	601.734	75.347	2	0	0	0	0	0	1	1	0	0	1	3
2013/09/08-17:15:54	86	601.734	75.347	4	0	0	0	0	0	1	1	0	0	1	6
2013/09/08-17:16:16	86	601.734	75.347	2	0	0	0	0	0	1	1	0	0	1	3
2013/09/08-17:16:38	86	601.734	75.347	4	0	0	0	0	0	0	1	1	0	0	5
2013/09/08-17:17:01	86	601.734	75.347	4	0	0	0	0	0	1	1	0	0	1	6
2013/09/08-17:17:26	86	601.734	75.347	4	0	0	0	0	0	0	1	1	0	0	5
2013/09/09-21:37:26	86	618.569	75.236	2	0	0	0	0	0	1	1	0	0	1	3
2013/09/09-21:37:54	86	618.569	75.236	4	0	0	0	0	0	1	1	0	0	1	6
2013/09/09-22:01:34	86	618.569	75.236	5	0	0	0	0	0	1	1	0	0	1	6
2013/09/09-22:02:10	86	618.569	75.236	4	0	0	0	0	0	1	1	0	0	1	6
2013/09/09-22:04:10	86	618.569	75.236	4	0	0	0	0	0	1	1	0	0	1	6
2013/09/09-22:14:10	86	618.569	75.236	2	0	0	0	0	0	1	1	0	0	1	3
2013/09/09-22:14:35	86	618.569	75.236	2	0	0	0	0	0	1	1	0	0	1	3
2013/09/09-22:15:00	86	618.569	75.236	4	0	0	0	0	0	0	1	1	0	0	6
2013/09/09-22:15:25	86	618.569	75.236	2	0	0	0	0	0	1	1	0	0	1	3
2013/09/09-22:15:50	86	618.569	75.236	4	0	0	0	0	0	1	1	0	0	1	6
2013/09/09-22:30:40	86	654.57	70.624	5	0	0	0	0	0	0	1	1	0	0	6
2013/09/09-22:31:05	86	654.57	70.624	2	0	0	0	0	0	1	1	0	0	1	3
2013/09/09-22:31:30	86	654.57	70.624	4	0	0	0	0	0	1	1	0	0	1	4
2013/09/09-22:31:55	86	654.57	70.624	2	0	0	0	0	0	1	1	0	0	1	3
2013/09/09-22:32:20	86	654.57	70.624	2	0	0	0	0	0	1	1	0	0	1	3
2013/09/11-00:05:17	86	657.681	73.771	4	0	0	0	0	0	1	1	0	0	1	6
2013/09/11-00:05:57	86	657.681	73.771	6	0	0	0	0	0	1	1	0	0	1	9
2013/09/11-00:06:30	86	657.681	73.771	4	0	0	0	0	0	1	1	0	0	1	6
2013/09/11-00:06:56	86	657.681	73.771	2	0	0	0	0	0	1	1	0	0	1	3
2013/09/11-00:07:26	86	657.681	73.771	2	0	0	0	0	0	1	1	0	0	1	3
2013/09/11-00:21:47	86	657.681	73.771	2	0	0	0	0	0	1	1	0	0	1	3
2013/09/11-00:22:09	86	657.681	73.771	2	0	0	0	0	0	1	1	0	0	1	3
2013/09/11-00:22:31	86	657.681	73.771	2	0	0	0	0	0	1	1	0	0	1	3
2013/09/11-00:22:54	86	657.681	73.771	4	0	0	0	0	0	1	1	0	0	1	6
2013/09/11-00:23:18	86	657.681	73.771	2	0	0	0	0	0	1	1	0	0	1	3
2013/09/11-00:32:58	86	657.681	73.771	2	0	0	0	0	0	1	1	0	0	1	3
2013/09/11-00:33:20	86	657.681	73.771	4	0	0	0	0	0	1	1	0	0	1	6
2013/09/11-00:33:45	86	657.681	73.771	2	0	0	0	0	0	1	1	0	0	1	3
2013/09/11-00:34:06	86	657.681	73.771	2	0	0	0	0	0	1	1	0	0	1	3
2013/09/11-00:34:28	86	657.681	73.771	4	0	0	0	0	0	1	1	0	0	1	6
2013/09/11-15:04:55	86	633.152	72.216	6	0	0	0	0	0	1	1	0	0	1	9
2013/09/11-15:05:56	86	633.152	72.216	9	0	0	0	0	0	1	1	0	0	1	12
2013/09/11-15:07:15	86	633.152	72.216	4	0	0	0	0	0	1	1	0	0	1	6
2013/09/11-15:08:33	86	633.152	72.216	1	0	0	0	0	0	1	1	0	0	1	0
2013/09/11-16:19:28	86	633.152	72.216	2	0	0	0	0	0	1	1	0	0	1	3
2013/09/11-16:31:35	86	652.946	71.039	2	0	0	0	0	0	1	1	0	0	1	3
2013/09/11-16:32:00	86	652.946	71.039	2	0	0	0	0	0	1	1	0	0	1	3
2013/09/11-16:32:25	86	652.946	71.039	2	0	0	0	0	0	1	1	0	0	1	3
2013/09/11-16:33:01	86	652.946	71.039	2	0	0	0	0	0	1	1	0	0	1	3
2013/09/11-16:33:24	86	652.946	71.039	2	0	0	0	0	0	1	1	0	0	1	3
2013/09/11-16:46:23	86	652.946	71.039	2	0	0	0	0	0	1	1	0	0	1	3
2013/09/11-16:46:45	86	652.946	71.039	3	0	0	0	0	0	1	1	0	0	1	3
2013/09/11-16:47:07	86	652.946	71.039	3	0	0	0	0	0	1	1	0	0	1	3
2013/09/11-16:47:29	86	652.946	71.039	4	0	0	0	0	0	1	1	0	0	1	6
2013/09/11-16:47:53	86	652.946	71.039	4	0	0	0	0	0	1	1	0	0	1	6
2013/09/12-09:09:21	86	598.889	70.258	2	0	0	0	0	0	1	1	0	0	1	3
2013/09/12-09:09:46	86	598.889	70.258	2	0	0	0	0	0	1	1	0	0	1	3
2013/09/12-09:10:16	86	598.889	70.258	2	0	0	0	0	0	1	1	0	0	1	3
2013/09/12-09:10:41	86	598.889	70.258	5	0	0	0	0	0	1	1	0	0	1	6
2013/09/12-09:11:06	86	598.889	70.258	2	0	0	0	0	0	1	1	0	0	1	3
2013/09/12-10:45:13	86	598.889	70.258	4	0	0	0	0	0	0	1	1	0	0	6
2013/09/12-10:45:38	86	598.889	70.258	2	0	0	0	0	0	1	1	0	0	1	3
2013/09/12-10:46:00	86	598.889	70.258	2	0	0	0	0	0	1	1	0	0	1	3
2013/09/12-10:46:25	86	598.889	70.258	4	0	0	0	0	0	1	1	0	0	1	6
2013/09/12-10:46:49	86	598.889	70.258	2	0	0	0	0	0	1	1	0	0	1	3
2013/09/12-10:57:46	86	625.327	66.759	3	0	0	0	0	0	1	1	0	0	1	3
2013/09/12-10:58:08	86	625.327	66.759	3	0	0	0	0	0	1	1	0	0	1	3
2013/09/12-10:58:30	86	625.327	66.759	2	0	0	0	0	0	0	1	1	0	0	3
2013/09/12-10:58:51	86	625.327	66.759	3	0	0	0	0	0	0	1	1	0	0	4
2013/09/12-10:59:13	86	625.327	66.759	2	0	0	0	0	0	1	1	0	0	1	3
2013/09/13-17:58:19	86	650.422	74.623	4	0	0	0	0	0	1	1	0	0	1	6
2013/09/13-17:59:37	86	650.422	74.623	4	0	0	0	0	0	1	1	0	0	1	6
2013/09/13-18:00:55	86	650.422	74.623	2	0	0	0	0	0	1	1	0	0	1	3
2013/09/13-18:01:34	86	650.422	74.623	2	0	0	0	0	0	1	1	0	0	1	3
2013/09/13-18:02:53	86	650.422	74.623	2	0	0	0	0	0	1	1	0	0	1	3
2013/09/13-18:15:58	86	650.422	74.623	2	0	0	0	0	0	1	1	0	0	1	3
2013/09/13-18:16:21	86	650.422	74.623	4	0	0	0	0	0	1	1	0	0	1	6
2013/09/13-18:16:48	86	650.422	74.623	5	0	0	0	0	0	1	1	0	0	1	7
2013/09/13-18:17:18	86	650.422	74.623	4	0	0	0	0	0	1	1	0	0	1	6
2013/09/13-18:17:43	86	650.422	74.623	2	0	0	0	0	0	1	1	0	0	1	3
2013/09/13-18:30:57	86	687.299	73.923	4	0	0	0	0	0	1	1	0	0	1	6
2013/09/13-18:31:22	86	687.299	73.923	2	0	0	0	0	0	1	1	0	0	1	3
2013/09/13-18:31:50	86	687.299	73.923	2	0	0	0	0	0	1	1	0	0	1	3
2013/09/13-18:32:15	86	687.299	73.923	2	0	0	0	0	0	1	1	0	0	1	3
2013/09/13-18:32:41	86	687.299	73.923	3	0	0	0	0	0	1	1	0	0	1	3
2013/09/14-06:26:47	86	694.929	83.197	4	0	0	0	0	0	1	1	0	0	1	6
2013/09/14-06:27:39	86	694.929	83.197	2	0	0	0	0	0	1	1	0	0	1	3
2013/09/14-06:28:55	86	694.929	83.197	2	0	0	0	0	0	1	1	0	0	1	3
2013/09/14-06:30:14	86	694.929	83.197	2	0	0	0	0	0	1	1	0	0	1	3
2013/09/14-06:31:11	86	694.929	83.197	2	0	0	0	0	0	1	1	0	0	1	3
2013/09/14-06:37:32	86	694.929	83.197	2	0	0	0	0	0	1	1	0	0	1	3
2013/09/14-06:37:59	86	694.929	83.197	2	0	0	0	0	0	1	1	0	0	1	3
2013/09/14-06:38:28	86	694.929	83.197	2	0	0	0	0	0	1	1	0	0	1	3
2013/09/14-06:38:53	86	694.929	83.197	6	0	0	0	0	0	1	1	0	0	1	6
2013/09/14-06:39:21	86	694.929	83.197	5	0	0	0	0	0	1	1	0	0	1	6
2013/09/14-06:52:09	86	694.929	83.197	4	0	0	0	0	0	1	1	0	0	1	6
2013/09/14-06:52:33	86	694.929	83.197	3	0	0	0	0	0	1	1	0	0	1	3
2013/09/14-06:52:58	86	694.929	83.197	2	0	0	0	0	0	1	1	0	0	1	3
2013/09/14-06:53:23	86	694.929	83.197	3	0	0	0	0	0	1	1	0	0	1	3
2013/09/14-06:53:48	86	705.413	76.491	4	0	0	0	0	0	1	1	0	0	1	6
2013/09/14-11:29:52	86	721.308	77.964	3	0	0	0	0	0	1	1	0	0	1	3
2013/09/14-11:30:53	86	721.308	77.964	4	0	0	0	0	0	1	1	0	0	1	6
2013/09/14-11:31:27	86	721.308	77.964	2	0	0	0	0	0	1	1	0	0	1	3
2013/09/14-11:32:04	86	721.308	77.964	4	0	0	0	0	0	1	1	0	0	1	6
2013/09/14-11:32:44	86	721.308	77.964	6	0	0	0	0	0	1	1	0	0	1	9
2013/09/14-11:39:44	86	721.308	77.964	2	0	0	0	0	0	1	1	0	0	1	3
2013/09/14-11:40:12	86	721.308	77.964	5	0	0	0	0	0	1	1	0	0	1	6
2013/09/14-11:40:40	86	721.308	77.964	2	0	0	0	0	0	1	1	0	0	1	3
2013/09/14-11:41:05	86	721.308	77.964	2	0	0	0	0	0	1	1	0	0	1	3
2013/09/14-11:41:30	86	721.308	77.964	8	0	0	0	0	0	1	1	0	0	1	11
2013/09/14-12:05:38	86	721.308	77.964	2	0	0	0	0	0	1	1	0	0	1	3
2013/09/14-12:06:03	86	721.308	77.964	4	0	0	0	0	0	0	1	1	0	0	6
2013/09/14-12:06:28	86	721.308	77.964	5	0	0	0	0	0	1	1	0	0	1	6
2013/09/14-12:06:53	86	721.308	77.964	4	0	0	0	0	0	1	1	0	0	1	6
2013/09/14-12:07:17	85	765.84	70.592	2	0	0	0	0	0	1	1	0	0	1	3
2013/09/14-16:33:10	86	764.103	74.394	4	0	0	0	0	0	1	1	0	0	1	6
2013/09/14-16:33:48	86	764.103	74.394	4	0	0	0	0	0	1	1	0	0	1	4
2013/09/14-16:34:36	86	764.103	74.394	4	0	0	0	0	0	1	1	0	0	1	4
2013/09/14-16:35:10	86	764.103	74.394	2	0	0	0	0	0	1	1	0	0	1	3
2013/09/14-16:36:10	86	764.103	74.394	2	0	0	0	0	0	1	1	0	0	1	3
2013/09/14-16:43:11	86	764.103	74.394	2	0	0	0	0	0	1	1	0	0	1	3
2013/09/14-16:43:37	86	764.103	74.394	4	0	0	0	0	0	1	1	0	0	1	6
2013/09/14-16:44:02	86	764.103	74.394	4	0	0	0	0	0	1	1	0	0	1	6
2013/09/14-16:44:27	86	764.103	74.394	2	0	0	0	0	0	1	1	0	0	1	3
2013/09/14-16:44:53	86	764.103	74.394	2	0	0	0	0	0	1	1	0	0	1	3
2013/09/14-16:54:42	86	742.208	70.092	4	0	0	0	0	0	1	1	0	0	1	6
2013/09/14-16:55:07	86	742.208	70.092	7	0	0	0	0	0	1	1	0	0	1	9
2013/09/14-16:55:35	86	742.208	70.092	4	0	0	0	0	0	1	1	0	0	1	6
2013/09/14-16:56:00	86	742.208	70.092	3	0	0	0	0	0	1	1	0	0	1	3
2013/09/14-16:56:25	86	742.208	70.092	2	0	0	0	0	0	1	1	0	0	1	3
2013/09/14-20:08:46	86	745.984	70.802	4	0	0	0	0	0	1	1	0	0	1	6
2013/09/14-20:10:05	86	745.984	70.802	2	0	0	0	0	0	1	1	0	0	1	3
2013/09/14-20:37:34	86	745.984	70.802	2	0	0	0	0	0	1	1	0	0	1	3
2013/09/14-20:38:57	86	745.984	70.802	4	0	1	0	0	0	0	1	0	0	1	6
2013/09/14-20:39:36	86	745.984	70.802	2	0	0	0	0	0	1	1	0	0	1	3
2013/09/14-20:50:55	86	745.984	70.802	2	0	0	0	0	0	1	1	0	0	1	3
2013/09/14-20:51:23	86	745.984	70.802	2	0	0	0	0	0	1	1	0	0	1	3
2013/09/14-20:51:48	86	745.984	70.802	2	0	0	0	0	0	1	1	0	0	1	3
2013/09/14-20:52:14	86	745.984	70.802	2	0	0	0	0	0	1	1	0	0	1	5
2013/09/14-20:52:39	86	745.984	70.802	2	0	0	0	0	0	1	1	0	0	1	3
2013/09/14-21:06:29	86	745.984	70.802	2	0	0	0	0	0	1	1	0	0	1	3
2013/09/14-21:06:54	86	745.984	70.802	2	0	0	0	0	0	1	1	0	0	1	3
2013/09/14-21:07:18	86	745.984	70.802	2	0	0	0	0	0	1	1	0	0	1	3
2013/09/14-21:07:43	86	745.984	70.802	2	0	0	0	0	0	1	1	0	0	1	3
2013/09/14-21:08:08	86	701.502	65.334	4	0	0	0	0	0	1	1	0	0	1	6
2013/09/15-09:22:34	86	703.333	69.959	5	0	0	0	0	0	1	1	0	0	1	7
2013/09/15-09:23:05	86	703.333	69.959	2	0	0	0	0	0	1	1	0	0	1	3
2013/09/15-09:23:45	86	703.333	69.959	4	0	0	0	0	0	1	1	0	0	1	4
2013/09/15-09:24:16	86	703.333	69.959	2	0	0	0	0	0	1	1	0	0	1	3
2013/09/15-09:24:51	86	703.333	69.959	4	0	0	0	0	0	1	1	0	0	1	6
2013/09/15-09:33:06	86	703.333	69.959	4	0	0	0	0	0	1	1	0	0	1	6
2013/09/15-09:33:30	86	703.333	69.959	2	0	0	0	0	0	1	1	0	0	1	3
2013/09/15-09:33:56	86	703.333	69.959	2	0	0	0	0	0	1	1	0	0	1	3
2013/09/15-09:34:21	86	703.333	69.959	4	0	0	0	0	0	1	1	0	0	1	6
2013/09/15-09:34:46	86	703.333	69.959	6	0	0	0	1	0	1	1	0	0	1	8
2013/09/15-09:46:57	86	739.759	67.682	2	0	0	0	0	0	1	1	0	0	1	3
2013/09/15-09:47:20	86	739.759	67.682	2	0	0	0	0	0	1	1	0	0	1	3
2013/09/15-09:47:45	86	739.759	67.682	2	0	0	0	0	0	1	1	0	0	1	3
2013/09/15-09:48:10	86	739.759	67.682	4	0	0	0	0	0	1	1	0	0	1	4
2013/09/15-09:48:34	86	739.759	67.682	4	0	0	0	0	0	1	1	0	0	1	6
2013/09/15-16:19:00	86	723.675	70.926	3	0	0	0	0	0	1	1	0	0	1	3
2013/09/15-16:20:18	86	723.675	70.926	6	0	0	0	0	0	1	1	0	0	1	8
2013/09/15-16:20:54	86	723.675	70.926	2	0	0	0	0	0	1	1	0	0	1	3
2013/09/15-16:22:11	86	723.675	70.926	2	0	0	0	0	0	1	1	0	0	1	3
2013/09/15-16:23:00	86	729.282	70.503	2	0	0	0	0	0	1	1	0	0	1	3
2013/09/15-16:37:24	86	729.282	70.503	4	0	0	0	0	0	1	1	0	0	1	6
2013/09/15-16:37:48	86	729.282	70.503	4	0	0	0	0	0	1	1	0	0	1	6
2013/09/15-16:38:13	86	729.282	70.503	3	0	0	0	0	0	1	1	0	0	1	3
2013/09/15-16:38:34	86	729.282	70.503	4	0	0	0	0	0	0	1	1	0	0	4
2013/09/15-16:38:57	86	729.282	70.503	4	0	0	0	0	0	1	1	0	0	1	6
2013/09/15-16:49:04	86	729.282	70.503	3	0	0	0	0	0	1	1	0	0	1	3
2013/09/15-16:49:26	86	729.282	70.503	5	0	0	0	0	0	0	1	1	0	0	6
2013/09/15-16:49:51	86	729.282	70.503	4	0	0	0	0	0	1	1	0	0	1	6
2013/09/15-16:50:15	86	729.282	70.503	2	0	0	0	0	0	1	1	0	0	1	3
2013/09/15-16:50:37	86	729.282	70.503	4	0	0	0	0	0	1	1	0	0	1	4
2013/09/15-22:27:09	86	765.427	71.33	2	0	0	0	0	0	1	1	0	0	1	3
2013/09/15-22:28:28	86	765.427	71.33	4	0	0	0	0	0	1	1	0	0	1	6
2013/09/15-22:29:11	86	765.427	71.33	4	0	0	0	0	0	1	1	0	0	1	6
2013/09/15-22:29:57	86	765.427	71.33	2	0	0	0	0	0	1	1	0	0	1	3
2013/09/15-22:31:04	86	765.427	71.33	4	0	0	0	0	0	1	1	0	0	1	6
2013/09/15-22:46:44	86	765.427	71.33	4	0	0	0	1	0	1	1	0	0	1	6
2013/09/15-22:47:09	86	772.94	71.104	2	0	0	0	0	0	1	1	0	0	1	3
2013/09/15-22:47:35	86	772.94	71.104	2	0	0	0	0	0	1	1	0	0	1	3
2013/09/15-22:48:02	86	772.94	71.104	2	0	0	0	0	0	1	1	0	0	1	3
2013/09/15-22:48:42	86	772.94	71.104	3	0	0	0	0	0	1	1	0	0	1	3
2013/09/15-22:59:43	86	772.94	71.104	5	0	0	0	0	0	1	1	0	0	1	6
2013/09/15-23:00:08	86	772.94	71.104	3	0	0	0	0	0	1	1	0	0	1	3
2013/09/15-23:00:29	86	772.94	71.104	4	0	0	0	0	0	0	1	1	0	0	5
2013/09/15-23:00:53	86	772.94	71.104	4	0	0	0	0	0	0	1	1	0	0	5
2013/09/15-23:01:17	86	772.94	71.104	4	0	0	0	0	0	1	1	0	0	1	6
2013/09/16-21:57:46	86	768.166	73.536	2	0	0	0	0	0	1	1	0	0	1	3
2013/09/16-21:58:36	86	768.166	73.536	4	0	0	0	0	0	1	1	0	0	1	6
2013/09/17-20:36:45	86	767.404	77.548	6	0	0	0	0	0	1	1	0	0	1	6
2013/09/17-20:38:04	86	767.404	77.548	1	0	0	0	0	0	1	1	0	0	1	3
2013/09/17-20:39:11	86	767.404	77.548	2	0	0	0	0	0	1	1	0	0	1	6
2013/09/17-20:39:52	86	767.404	77.548	13	0	0	0	0	0	1	1	0	0	1	4
2013/09/17-20:40:27	86	767.404	77.548	1	0	0	0	0	0	1	1	0	0	1	3
2013/09/17-20:57:17	86	766.994	77.709	2	0	0	0	0	0	1	1	0	0	1	3
2013/09/17-20:57:41	86	766.994	77.709	1	0	0	0	1	0	1	1	0	0	1	3
2013/09/17-20:58:03	86	766.994	77.709	1	0	0	0	1	0	1	1	0	0	1	3
2013/09/17-20:58:25	86	766.994	77.709	1	0	0	0	0	0	1	1	0	0	1	3
2013/09/17-20:58:50	86	766.994	77.709	11	0	0	0	0	0	1	1	0	0	1	4
2013/09/17-21:08:58	86	766.994	77.709	2	0	0	0	0	0	1	1	0	0	1	3
2013/09/17-21:09:20	86	766.994	77.709	1	0	0	0	0	0	1	1	0	0	1	3
2013/09/17-21:09:42	86	766.994	77.709	2	0	0	0	0	0	0	1	1	0	0	6
2013/09/17-21:10:07	86	766.994	77.709	1	0	0	0	1	0	1	1	0	1	0	3
2013/09/17-21:10:29	86	766.994	77.709	11	0	0	0	0	0	1	1	0	0	1	4
2013/09/18-11:24:28	86	747.751	75.914	1	0	1	0	0	0	0	1	0	0	1	3
2013/09/18-11:24:53	86	747.751	75.914	1	0	0	0	0	0	1	1	0	0	1	3
2013/09/18-11:25:39	86	747.751	75.914	1	0	0	0	0	0	1	1	0	0	1	3
2013/09/18-11:26:58	86	747.751	75.914	1	0	0	0	0	0	1	1	0	0	1	3
2013/09/18-11:27:22	86	747.751	75.914	12	0	0	0	0	0	1	1	0	0	1	4
2013/09/18-11:42:41	86	747.751	75.914	6	0	0	0	0	0	1	1	0	0	1	6
2013/09/18-11:43:05	86	747.751	75.914	1	0	0	0	1	0	1	1	0	0	1	3
2013/09/18-11:43:27	86	747.751	75.914	4	0	0	0	0	0	0	1	1	0	0	5
2013/09/18-11:43:51	86	747.751	75.914	11	0	0	0	0	0	1	1	0	0	1	4
2013/09/18-11:44:14	86	747.751	75.914	1	0	0	0	1	0	1	1	1	0	0	6
2013/09/18-11:55:33	85	824.24	72.833	5	0	0	0	0	0	1	1	0	0	1	6
2013/09/18-11:56:28	85	824.24	72.833	11	0	0	0	0	0	1	1	0	0	1	4
2013/09/18-11:56:50	85	824.24	72.833	2	0	0	0	0	0	1	1	0	0	1	6
2013/09/18-11:57:25	85	824.24	72.833	1	0	0	0	0	0	1	1	0	0	1	3
2013/09/18-11:57:55	85	824.24	72.833	1	0	1	0	0	0	0	1	0	0	1	3
2013/09/18-16:27:27	86	830.052	78.84	1	0	0	0	0	0	1	1	0	0	1	3
2013/09/18-16:28:46	86	830.052	78.84	1	0	0	0	0	0	1	1	0	0	1	3
2013/09/18-16:29:10	86	830.052	78.84	1	0	1	0	0	0	0	1	0	0	1	7
2013/09/18-16:29:44	86	830.052	78.84	5	0	0	0	0	0	1	1	0	0	1	3
2013/09/18-16:30:31	86	830.052	78.84	11	0	0	0	0	0	1	1	0	0	1	3
2013/09/18-16:43:29	86	830.052	78.84	2	0	0	0	1	0	0	1	1	0	0	6
2013/09/18-16:43:54	86	830.052	78.84	1	0	0	0	0	0	1	1	0	0	1	3
2013/09/18-16:44:19	86	830.052	78.84	12	0	0	0	1	0	1	1	0	0	1	4
2013/09/18-16:44:42	86	830.052	78.84	3	0	0	0	0	0	1	1	0	0	1	3
2013/09/18-16:45:55	86	830.052	78.84	6	0	0	0	0	0	1	1	0	0	1	9
2013/09/18-16:56:41	86	830.052	78.84	1	0	1	0	0	0	0	1	0	0	1	3
2013/09/18-16:57:03	86	830.052	78.84	1	0	0	0	1	0	1	1	0	1	0	3
2013/09/18-16:57:25	86	830.052	78.84	1	0	0	0	0	0	1	1	0	0	1	3
2013/09/18-16:57:47	86	830.052	78.84	12	0	0	0	0	0	1	1	0	0	1	4
2013/09/18-16:58:09	86	830.052	78.84	3	0	0	0	0	0	1	1	0	0	1	3
2013/09/18-19:24:43	86	849.976	74.968	3	0	0	0	0	0	1	1	0	0	1	3
2013/09/18-19:25:43	86	849.976	74.968	2	0	0	0	0	0	1	1	0	0	1	3
2013/09/18-19:26:08	86	849.976	74.968	1	0	0	0	0	0	1	1	0	0	1	3
2013/09/18-19:26:39	86	849.976	74.968	1	0	1	0	0	0	0	1	0	0	1	3
2013/09/18-19:27:01	86	849.976	74.968	27	0	0	0	1	0	1	1	0	0	1	10
2013/09/18-19:36:11	86	849.976	74.968	1	0	1	0	0	0	0	1	0	0	1	3
2013/09/18-19:36:33	86	849.976	74.968	4	0	0	0	0	0	1	1	0	0	1	6
2013/09/18-19:37:52	86	849.976	74.968	2	0	0	0	1	0	1	1	1	0	0	6
2013/09/18-19:38:18	86	849.976	74.968	11	0	0	0	0	0	1	1	0	0	1	4
2013/09/18-19:38:40	86	849.976	74.968	1	0	0	0	1	0	1	1	0	0	1	3
2013/09/18-20:26:00	85	896.799	71.301	2	0	0	0	0	0	1	1	0	0	1	3
2013/09/18-20:26:26	85	896.799	71.301	3	0	0	0	0	0	1	1	0	0	1	3
2013/09/18-20:26:48	85	896.799	71.301	1	0	0	0	1	0	0	1	1	0	0	3
2013/09/18-20:27:11	85	896.799	71.301	2	0	0	0	0	0	1	1	0	0	1	6
2013/09/18-20:27:36	85	896.799	71.301	9	0	0	0	0	0	1	1	0	0	1	4
2013/09/19-07:38:07	85	899.387	67.493	6	0	0	0	0	0	1	1	0	0	1	9
2013/09/19-07:38:45	85	899.387	67.493	1	0	0	0	0	0	1	1	0	0	1	3
2013/09/19-07:39:13	85	899.387	67.493	3	0	0	0	0	0	1	1	0	0	1	3
2013/09/19-07:40:32	85	899.387	67.493	1	0	0	0	0	0	0	1	1	0	0	3
2013/09/19-07:40:54	85	899.387	67.493	1	0	0	0	0	0	1	1	0	0	1	3
2013/09/19-07:50:26	85	934.998	66.686	11	0	0	0	1	0	1	1	0	0	1	4
2013/09/19-07:50:51	85	934.998	66.686	3	0	0	0	0	0	1	1	0	0	1	3
2013/09/19-07:51:19	85	934.998	66.686	1	0	0	0	0	0	1	1	0	0	1	3
2013/09/19-07:51:44	85	934.998	66.686	1	0	0	0	0	0	1	1	0	0	1	3
2013/09/19-07:52:12	85	934.998	66.686	2	0	0	0	0	0	1	1	0	0	1	3
2013/09/19-08:01:13	85	934.998	66.686	1	0	0	0	3	0	0	1	1	0	0	3
2013/09/19-08:01:35	85	934.998	66.686	3	0	0	0	0	0	1	1	0	0	1	3
2013/09/19-08:02:27	85	934.998	66.686	1	0	0	0	0	0	1	1	0	0	1	3
2013/09/19-08:02:53	85	934.998	66.686	11	0	0	0	0	0	1	1	0	0	1	4
2013/09/19-08:03:28	85	934.998	66.686	4	0	0	0	0	0	1	1	0	0	1	6
2013/09/19-10:03:54	85	920.384	65.383	1	0	0	0	0	0	1	1	0	0	1	3
2013/09/19-10:04:20	85	920.384	65.383	1	0	0	0	0	0	1	1	0	0	1	3
2013/09/19-10:04:46	85	920.384	65.383	3	0	0	0	0	0	1	1	0	0	1	3
2013/09/19-10:05:22	85	920.384	65.383	2	0	0	0	0	0	1	1	0	0	1	6
2013/09/19-10:05:53	85	920.384	65.383	4	0	0	0	0	0	1	1	0	0	1	6
2013/09/19-10:12:50	85	916.914	64.058	3	0	0	0	0	0	1	1	0	0	1	3
2013/09/19-10:13:16	85	916.914	64.058	12	0	0	0	1	0	1	1	0	0	1	4
2013/09/19-10:13:38	85	916.914	64.058	2	0	1	0	0	0	0	1	0	0	1	6
2013/09/19-10:14:03	85	916.914	64.058	5	0	0	0	0	0	1	1	0	0	1	6
2013/09/19-10:14:28	85	916.914	64.058	2	0	0	0	0	0	1	1	0	0	1	6
2013/09/19-10:24:11	85	916.914	64.058	1	0	0	0	0	0	1	1	0	0	1	3
2013/09/19-10:24:33	85	916.914	64.058	2	0	0	0	2	0	1	1	0	0	1	6
2013/09/19-10:24:58	85	916.914	64.058	2	0	0	0	0	0	1	1	0	0	1	3
2013/09/19-10:25:24	85	916.914	64.058	1	0	0	0	1	0	1	1	0	0	1	3
2013/09/19-10:25:57	85	916.914	64.058	3	0	0	0	1	0	1	1	0	0	1	5
2013/09/19-14:38:47	85	931.114	63.994	3	0	0	0	0	0	1	1	0	0	1	9
2013/09/19-14:40:06	85	931.114	63.994	10	0	0	0	0	0	1	1	0	0	1	3
2013/09/19-14:41:25	85	931.114	63.994	2	0	1	0	0	0	0	1	0	0	1	6
2013/09/19-14:41:50	85	931.114	63.994	2	0	0	0	0	0	1	1	0	0	1	6
2013/09/19-14:43:08	85	931.114	63.994	3	0	0	0	0	0	1	1	0	0	1	3
2013/09/19-14:53:34	85	931.114	63.994	3	0	0	0	0	0	1	1	0	0	1	3
2013/09/19-14:54:20	85	931.114	63.994	4	0	1	0	1	0	0	1	0	0	1	11
2013/09/19-14:54:50	85	931.114	63.994	11	0	0	0	1	0	1	1	0	0	1	4
2013/09/19-14:55:14	85	931.114	63.994	1	0	0	0	0	0	1	1	0	0	1	3
2013/09/19-14:55:46	85	931.114	63.994	1	0	0	0	0	0	1	1	0	0	1	3
2013/09/19-15:07:22	85	957.651	62.363	1	0	1	0	0	0	0	1	0	0	1	3
2013/09/19-15:07:48	85	957.651	62.363	1	0	0	0	0	0	1	1	0	0	1	3
2013/09/19-15:08:15	85	957.651	62.363	10	0	0	0	0	0	1	1	0	0	1	3
2013/09/19-15:08:40	85	957.651	62.363	1	0	0	0	1	0	1	1	0	0	1	3
2013/09/19-15:09:03	85	957.651	62.363	3	0	0	0	0	0	1	1	0	0	1	3
2013/09/19-18:58:02	85	938.701	66.421	11	0	0	0	0	0	1	1	0	0	1	3
2013/09/19-18:58:41	85	938.701	66.421	3	0	0	0	0	0	1	1	0	0	1	3
2013/09/19-18:59:20	85	938.701	66.421	1	0	1	0	0	0	0	1	0	0	1	3
2013/09/19-19:00:39	85	938.701	66.421	1	0	0	0	1	0	1	1	0	0	1	3
2013/09/19-19:01:58	85	938.701	66.421	1	0	0	0	0	0	1	1	0	0	1	3
2013/09/19-19:12:09	85	948.924	66.341	1	0	1	0	0	0	0	1	0	0	1	3
2013/09/19-19:12:31	85	948.924	66.341	1	0	1	0	0	0	0	1	0	0	1	5
2013/09/19-19:13:17	85	948.924	66.341	1	0	0	0	0	0	1	1	0	0	1	3
2013/09/19-19:13:39	85	948.924	66.341	2	0	0	0	0	0	1	1	0	0	1	6
2013/09/19-19:14:06	85	948.924	66.341	2	0	0	0	0	0	1	1	0	0	1	3
2013/09/19-19:25:44	85	948.924	66.341	11	0	0	0	1	0	1	1	0	0	1	4
2013/09/19-19:26:09	85	948.924	66.341	2	0	0	0	0	0	1	1	0	0	1	4
2013/09/19-19:26:33	85	948.924	66.341	1	0	0	0	0	0	1	1	0	0	1	3
2013/09/19-19:26:56	85	948.924	66.341	2	0	0	0	0	0	1	1	0	0	1	3
2013/09/19-19:27:18	85	948.924	66.341	1	0	0	0	1	0	1	1	0	0	1	3
2013/09/20-00:35:42	85	952.946	69.044	2	0	0	0	0	0	1	1	0	0	1	6
2013/09/20-00:36:53	85	952.946	69.044	1	0	1	0	0	0	0	1	0	0	1	3
2013/09/20-00:37:22	85	952.946	69.044	4	0	0	0	0	0	1	1	0	0	1	6
2013/09/20-00:38:05	85	952.946	69.044	1	0	0	0	0	0	1	1	0	0	1	3
2013/09/20-00:38:48	85	952.946	69.044	1	0	0	0	0	0	1	1	0	0	1	3
2013/09/20-00:47:17	85	952.946	69.044	3	0	0	0	0	0	1	1	0	0	1	3
2013/09/20-00:48:12	85	952.946	69.044	1	0	1	0	0	0	0	1	0	0	1	3
2013/09/20-00:48:50	85	952.946	69.044	1	0	0	0	0	0	1	1	0	0	1	3
2013/09/20-00:50:09	85	952.946	69.044	2	0	0	0	1	0	1	1	0	0	1	6
2013/09/20-00:51:02	85	952.946	69.044	1	0	0	0	0	0	1	1	0	0	1	3
2013/09/20-01:02:02	85	952.946	69.044	4	0	0	0	0	0	1	1	0	0	1	6
2013/09/20-01:02:30	85	952.946	69.044	3	0	0	0	0	0	1	1	0	0	1	3
2013/09/20-01:02:55	85	952.946	69.044	1	0	0	0	0	0	1	1	0	0	1	3
2013/09/20-01:03:27	85	952.946	69.044	1	0	0	0	2	0	1	1	0	0	1	3
2013/09/20-01:03:49	85	952.946	69.044	1	0	0	0	0	0	1	1	0	0	1	3
2013/09/20-04:26:55	85	949.779	71.001	6	0	0	0	0	0	1	1	0	0	1	9
2013/09/20-04:28:02	85	949.779	71.001	3	0	0	0	0	0	1	1	0	0	1	3
2013/09/20-04:28:52	85	949.779	71.001	1	0	1	0	0	0	0	1	0	0	1	3
2013/09/20-04:30:11	85	949.779	71.001	1	0	0	0	0	0	1	1	0	0	1	3
2013/09/20-04:30:36	85	949.779	71.001	1	0	1	0	0	0	0	1	0	0	1	3
2013/09/20-04:40:52	85	949.779	71.001	1	0	0	0	0	0	1	1	0	0	1	3
2013/09/20-04:41:25	85	949.779	71.001	13	0	0	0	1	0	1	1	0	0	1	4
2013/09/20-04:42:43	85	949.779	71.001	2	0	0	0	0	0	1	1	0	0	1	3
2013/09/20-04:44:02	85	949.779	71.001	2	0	0	0	1	0	1	1	0	0	1	3
2013/09/20-04:45:21	85	949.779	71.001	1	0	0	0	0	0	1	1	0	0	1	3
2013/09/20-04:57:07	85	961.817	70.876	3	0	0	0	0	0	1	1	0	0	1	3
2013/09/20-04:57:35	85	961.817	70.876	2	0	0	0	0	0	1	1	0	0	1	6
2013/09/20-04:58:03	85	961.817	70.876	1	0	0	0	0	0	1	1	0	0	1	3
2013/09/20-04:58:35	85	961.817	70.876	3	0	0	0	0	0	1	1	0	0	1	3
2013/09/20-04:59:17	85	961.817	70.876	4	0	0	0	0	0	1	1	0	0	1	6
2013/09/20-09:34:52	85	948.463	76.19	3	0	0	0	0	0	1	1	0	0	1	3
2013/09/20-09:35:34	85	948.463	76.19	2	0	0	0	0	0	1	1	0	0	1	4
2013/09/20-09:36:33	85	948.463	76.19	11	0	0	0	0	0	1	1	0	0	1	4
2013/09/20-09:37:03	85	948.463	76.19	1	0	1	0	0	0	0	1	0	0	1	3
2013/09/20-09:38:22	85	948.463	76.19	1	0	0	0	0	0	1	1	0	0	1	3
2013/09/20-09:46:41	85	948.463	76.19	1	0	0	0	1	0	1	1	0	0	1	3
2013/09/20-09:47:08	85	948.463	76.19	1	0	0	0	0	0	1	1	0	0	1	3
2013/09/20-09:47:34	85	948.463	76.19	11	0	1	0	1	0	0	1	0	0	1	3
2013/09/20-09:47:57	85	948.463	76.19	1	0	1	0	0	0	0	1	0	0	1	3
2013/09/20-09:48:19	85	948.463	76.19	1	0	0	0	1	0	1	1	0	0	1	3
2013/09/20-09:56:47	85	941.995	70.492	1	0	0	0	1	0	1	1	0	0	1	3
2013/09/20-09:58:06	85	941.995	70.492	7	0	0	0	1	0	1	1	0	0	1	4
2013/09/20-09:58:31	85	941.995	70.492	2	0	0	0	0	0	1	1	0	0	1	3
2013/09/20-09:58:56	85	941.995	70.492	3	0	0	0	0	0	1	1	0	0	1	3
2013/09/20-09:59:23	85	941.995	70.492	2	0	0	0	1	0	1	1	0	0	1	6
2013/09/20-15:39:35	86	933.197	72.712	4	0	0	0	0	0	1	1	0	0	1	3
2013/09/20-15:40:08	86	933.197	72.712	1	0	1	0	0	0	0	1	0	0	1	3
2013/09/20-15:40:30	86	933.197	72.712	2	0	0	0	0	0	1	1	0	0	1	3
2013/09/20-15:41:36	86	933.197	72.712	1	0	0	0	0	0	1	1	0	0	1	3
2013/09/20-15:42:29	86	933.197	72.712	4	0	0	0	0	0	1	1	0	0	1	12
2013/09/20-15:51:14	86	945.032	72.427	1	0	0	0	1	0	1	1	0	0	1	3
2013/09/20-15:51:39	86	945.032	72.427	2	0	1	0	2	0	0	1	0	0	1	4
2013/09/20-15:52:04	86	945.032	72.427	3	0	0	0	0	0	1	1	0	0	1	3
2013/09/20-15:53:09	86	945.032	72.427	3	0	0	0	0	0	1	1	0	0	1	3
2013/09/20-15:54:05	86	945.032	72.427	1	0	0	0	0	0	1	1	0	0	1	3
2013/09/20-16:05:29	86	945.032	72.427	3	0	0	0	0	0	1	1	0	0	1	3
2013/09/20-16:05:54	86	945.032	72.427	4	0	0	0	0	0	1	1	0	0	1	6
2013/09/20-16:06:20	86	945.032	72.427	2	0	0	0	3	0	0	1	1	0	0	6
2013/09/20-16:06:45	86	945.032	72.427	1	0	0	0	1	0	1	1	0	0	1	3
2013/09/20-16:07:10	86	945.032	72.427	1	0	0	0	1	0	1	1	0	0	1	3
2013/09/20-20:52:42	86	942.235	75.687	1	0	0	0	0	0	1	1	0	0	1	3
2013/09/20-20:53:24	86	942.235	75.687	3	0	0	0	0	0	1	1	0	0	1	3
2013/09/20-20:54:17	86	942.235	75.687	1	0	1	0	1	0	0	1	0	0	1	3
2013/09/20-20:55:23	86	942.235	75.687	1	0	0	0	0	0	1	1	0	0	1	3
2013/09/20-20:55:50	86	942.235	75.687	12	0	0	0	1	0	1	1	0	0	1	4
2013/09/20-21:10:49	86	942.235	75.687	4	0	0	0	0	0	1	1	0	0	1	6
2013/09/20-21:11:14	86	942.235	75.687	2	0	0	0	0	0	1	1	0	0	1	6
2013/09/20-21:11:39	86	942.235	75.687	2	0	1	0	0	0	0	1	0	0	1	5
2013/09/20-21:12:03	86	942.235	75.687	3	0	0	0	0	0	1	1	0	0	1	3
2013/09/20-21:12:28	86	942.235	75.687	1	0	0	0	2	0	1	1	1	0	0	3
2013/09/20-21:24:33	86	942.235	75.687	3	0	0	0	0	0	0	1	1	0	0	3
2013/09/20-21:24:54	86	942.235	75.687	1	0	0	0	0	0	0	1	1	0	0	3
2013/09/20-21:25:15	86	942.235	75.687	1	0	0	0	1	0	1	1	0	1	0	3
2013/09/20-21:25:37	86	942.235	75.687	2	0	0	0	0	0	1	1	0	0	1	3
2013/09/20-21:25:59	86	942.235	75.687	1	0	0	0	0	0	0	1	1	0	0	3
2013/12/27-17:37:07	97	984.106	88.804	13	0	0	0	0	0	1	1	0	0	1	4
2013/12/27-17:38:24	97	984.106	88.804	1	0	1	0	0	0	0	1	0	0	1	3
2013/12/27-17:39:04	97	984.106	88.804	1	0	0	0	0	0	1	1	0	0	1	3
2013/12/27-17:40:23	97	984.106	88.804	2	0	0	0	0	0	1	1	0	0	1	3
2013/12/27-17:41:30	97	984.106	88.804	2	0	0	0	3	0	1	1	1	0	0	3
2013/12/27-17:50:49	97	984.106	88.804	1	0	0	0	1	0	1	1	0	0	1	3
2013/12/27-17:51:10	97	984.106	88.804	10	0	0	0	1	0	1	1	0	0	1	4
2013/12/27-17:51:34	97	984.106	88.804	1	0	1	0	0	0	0	1	0	0	1	3
2013/12/27-17:51:55	97	984.106	88.804	2	0	0	0	0	0	1	1	0	0	1	6
2013/12/27-17:52:20	97	984.106	88.804	1	0	0	0	1	0	1	1	0	0	1	3
2013/12/27-18:01:20	97	1,014.615	80.5	3	0	0	0	0	0	1	1	0	0	1	3
2013/12/27-18:01:42	97	1,014.615	80.5	12	0	0	0	0	0	1	1	0	0	1	4
2013/12/27-18:02:04	97	1,014.615	80.5	2	0	0	0	0	0	0	1	1	0	0	6
2013/12/27-18:02:29	97	1,014.615	80.5	1	0	0	0	0	0	1	1	0	0	1	3
2013/12/27-18:02:51	97	1,014.615	80.5	1	0	0	0	0	0	1	1	0	0	1	3
2013/12/28-00:54:18	97	1,025.535	83.224	1	0	0	0	0	0	1	1	0	0	1	3
2013/12/28-00:54:50	97	1,025.535	83.224	6	0	0	0	0	0	1	1	0	0	1	8
2013/12/28-00:56:08	97	1,025.535	83.224	1	0	1	0	0	0	0	1	0	0	1	3
2013/12/28-00:57:05	97	1,025.535	83.224	1	0	1	0	0	0	0	1	0	0	1	3
2013/12/28-00:57:36	97	1,025.535	83.224	4	0	0	1	0	0	1	1	0	0	1	8
2013/12/28-01:05:57	97	1,025.535	83.224	10	0	0	0	1	0	1	1	0	0	1	3
2013/12/28-01:06:41	97	1,025.535	83.224	1	0	0	0	0	0	1	1	0	0	1	3
2013/12/28-01:07:03	97	1,025.535	83.224	1	0	0	0	0	0	1	1	0	0	1	3
2013/12/28-01:07:31	97	1,025.535	83.224	2	0	0	0	0	0	1	1	0	0	1	3
2013/12/28-01:07:58	97	1,025.535	83.224	1	0	1	0	0	0	0	1	0	0	1	3
2013/12/28-01:17:22	97	1,064.72	80.388	1	0	0	0	0	0	1	1	0	0	1	3
2013/12/28-01:17:55	97	1,064.72	80.388	2	0	0	0	1	0	1	1	0	0	1	4
2013/12/28-01:18:21	97	1,064.72	80.388	2	0	0	0	0	0	1	1	0	0	1	6
2013/12/28-01:19:40	97	1,064.72	80.388	3	0	0	0	0	0	1	1	0	0	1	3
2013/12/28-01:20:05	97	1,064.72	80.388	4	0	0	0	0	0	1	1	0	0	1	6
2013/12/28-13:24:22	97	1,054.748	92.379	1	0	1	0	0	0	0	1	0	0	1	3
2013/12/28-13:25:42	97	1,054.748	92.379	12	0	0	0	0	0	1	1	0	0	1	4
2013/12/28-13:26:43	97	1,054.748	92.379	1	0	1	0	0	0	0	1	0	0	1	3
2013/12/28-13:27:52	97	1,054.748	92.379	1	0	1	0	0	0	0	1	0	0	1	3
2013/12/28-13:28:14	97	1,054.748	92.379	3	0	0	0	0	0	1	1	0	0	1	3
2013/12/28-13:36:15	97	1,054.748	92.379	1	0	0	0	0	0	1	1	0	0	1	3
2013/12/28-13:36:47	97	1,054.748	92.379	1	0	0	0	1	0	1	1	0	0	1	3
2013/12/28-13:37:09	97	1,054.748	92.379	5	0	0	0	0	0	1	1	0	0	1	6
2013/12/28-13:37:36	97	1,054.748	92.379	3	0	0	0	0	0	1	1	0	0	1	3
2013/12/28-13:38:54	97	1,054.748	92.379	2	0	0	0	1	0	1	1	0	0	1	4
2013/12/28-13:50:31	97	1,054.748	92.379	3	0	0	0	0	0	0	1	1	0	0	3
2013/12/28-13:50:53	97	1,054.748	92.379	1	0	0	0	0	0	0	1	1	0	0	3
2013/12/28-13:51:14	97	1,054.748	92.379	11	0	0	0	0	0	1	1	0	0	1	4
2013/12/28-13:51:37	97	1,054.748	92.379	1	0	0	0	0	0	1	1	0	0	1	3
2013/12/28-13:51:58	97	1,054.748	92.379	1	0	0	0	0	0	0	1	1	0	0	3
2013/12/28-19:00:53	97	1,070.099	87.571	2	0	1	0	0	0	0	1	0	0	1	6
2013/12/28-19:01:18	97	1,070.099	87.571	11	0	0	0	2	0	1	1	0	0	1	4
2013/12/28-19:01:41	97	1,070.099	87.571	1	0	1	0	0	0	0	1	0	0	1	3
2013/12/28-19:02:07	97	1,070.099	87.571	3	0	0	0	0	0	1	1	0	0	1	3
2013/12/28-19:02:51	97	1,070.099	87.571	3	0	1	0	1	0	0	1	0	0	1	7
2013/12/28-19:11:38	97	1,070.099	87.571	2	0	0	0	1	0	1	1	0	0	1	4
2013/12/28-19:12:03	97	1,070.099	87.571	3	0	0	0	0	0	1	1	0	0	1	3
2013/12/28-19:12:26	97	1,070.099	87.571	1	0	0	0	1	0	1	1	0	0	1	3
2013/12/28-19:12:48	97	1,070.099	87.571	2	0	1	0	0	0	0	1	0	0	1	5
2013/12/28-19:13:12	97	1,070.099	87.571	4	0	0	0	0	0	1	1	0	0	1	6
2013/12/28-19:25:22	97	1,070.099	87.571	1	0	0	0	0	0	0	1	1	0	0	3
2013/12/28-19:25:44	97	1,070.099	87.571	6	0	0	0	0	0	0	1	1	0	0	8
2013/12/28-19:26:11	97	1,070.099	87.571	1	0	0	0	1	0	0	1	1	0	0	7
2013/12/28-19:26:36	97	1,070.099	87.571	1	0	0	0	0	0	1	1	0	0	1	3
2013/12/28-19:26:58	97	1,070.099	87.571	1	0	0	0	0	0	0	1	1	0	0	3
2013/12/29-02:42:21	96	1,074.296	82.468	1	0	0	0	0	0	1	1	0	0	1	3
2013/12/29-02:42:49	96	1,074.296	82.468	1	0	0	0	1	0	1	1	0	0	1	3
2013/12/29-02:43:15	96	1,074.296	82.468	1	0	1	0	0	0	0	1	0	0	1	3
2013/12/29-02:43:58	96	1,074.296	82.468	1	0	0	0	1	0	1	1	1	0	0	3
2013/12/29-02:44:20	96	1,074.296	82.468	3	0	0	0	0	0	1	1	0	0	1	3
2013/12/29-02:49:29	96	1,074.296	82.468	2	0	0	0	0	0	1	1	0	0	1	3
2013/12/29-02:49:56	96	1,074.296	82.468	11	0	0	0	1	0	1	1	0	0	1	4
2013/12/29-02:50:23	96	1,074.296	82.468	2	0	1	0	2	0	0	1	0	0	1	6
2013/12/29-02:50:48	96	1,074.296	82.468	1	0	0	0	1	0	1	1	0	0	1	3
2013/12/29-02:51:15	96	1,074.296	82.468	1	0	0	0	1	0	1	1	0	0	1	3
2013/12/29-02:57:30	97	1,029.975	72.454	3	0	0	0	0	0	1	1	0	0	1	3
2013/12/29-02:57:57	97	1,029.975	72.454	1	0	1	0	2	0	0	1	0	0	1	3
2013/12/29-02:58:19	97	1,029.975	72.454	2	0	0	0	0	0	1	1	0	0	1	3
2013/12/29-02:58:46	97	1,029.975	72.454	12	0	0	0	0	0	1	1	0	0	1	4
2013/12/29-02:59:09	97	1,029.975	72.454	2	0	0	0	0	0	1	1	0	0	1	4
2013/12/29-03:12:19	97	1,029.975	72.454	1	0	0	0	0	0	1	1	0	0	1	3
2013/12/29-03:12:44	97	1,029.975	72.454	3	0	0	0	0	0	1	1	0	0	1	3
2013/12/29-03:13:15	97	1,029.975	72.454	2	0	0	0	0	0	1	1	0	0	1	3
2013/12/29-03:14:34	97	1,029.975	72.454	1	0	0	0	0	0	1	1	0	0	1	3
2013/12/29-03:14:59	97	1,029.975	72.454	11	0	0	0	0	0	1	1	0	0	1	4
2013/12/29-03:22:54	97	1,000.761	66.798	2	0	0	0	0	0	1	1	0	0	1	6
2013/12/29-03:23:27	97	1,000.761	66.798	3	0	0	0	0	0	1	1	0	0	1	3
2013/12/29-03:23:55	97	1,000.761	66.798	2	0	0	0	0	0	1	1	0	0	1	4
2013/12/29-03:24:22	97	1,000.761	66.798	1	0	0	0	0	0	1	1	0	0	1	3
2013/12/29-03:24:56	97	1,000.761	66.798	11	0	0	0	0	0	1	1	0	0	1	4
2013/12/29-03:37:14	97	1,000.761	66.798	11	0	0	0	0	0	1	1	0	0	1	4
2013/12/29-03:37:37	97	1,000.761	66.798	2	0	0	0	0	0	1	1	0	0	1	3
2013/12/29-03:37:59	97	1,000.761	66.798	1	0	0	0	1	0	1	1	0	1	0	3
2013/12/29-03:38:21	97	1,000.761	66.798	1	0	0	0	0	0	1	1	0	0	1	3
2013/12/29-03:38:43	97	1,000.761	66.798	1	0	0	0	0	0	0	1	1	0	0	3
2013/12/29-08:53:15	98	963.506	69.119	2	0	1	0	1	0	0	1	0	0	1	3
2013/12/29-08:53:40	98	963.506	69.119	3	0	0	0	0	0	1	1	0	0	1	3
2013/12/29-08:54:13	98	963.506	69.119	1	0	0	0	0	0	1	1	0	0	1	3
2013/12/29-08:55:00	98	963.506	69.119	3	0	0	0	0	0	1	1	0	0	1	3
2013/12/29-08:56:12	98	963.506	69.119	11	0	0	0	0	0	1	1	0	0	1	4
2013/12/29-09:09:22	98	990.548	68.666	3	0	0	0	0	0	1	1	0	0	1	3
2013/12/29-09:09:46	98	990.548	68.666	2	0	0	0	0	0	1	1	0	0	1	6
2013/12/29-09:10:10	98	990.548	68.666	2	0	0	0	0	0	1	1	0	0	1	3
2013/12/29-09:10:37	98	990.548	68.666	11	0	0	0	0	0	1	1	0	0	1	4
2013/12/29-09:11:01	98	990.548	68.666	1	0	0	0	1	0	1	1	0	0	1	3
2013/12/29-09:20:49	98	990.548	68.666	1	0	0	0	0	0	1	1	0	0	1	3
2013/12/29-09:21:11	98	990.548	68.666	1	0	0	0	0	0	0	1	1	0	0	3
2013/12/29-09:21:33	98	990.548	68.666	1	0	0	0	1	0	1	1	0	1	0	3
2013/12/29-09:21:55	98	990.548	68.666	3	0	0	0	0	0	0	1	1	0	0	3
2013/12/29-09:22:16	98	990.548	68.666	12	0	0	0	0	0	1	1	0	0	1	4
2013/12/29-17:18:22	98	969.234	71.515	4	0	0	0	0	0	1	1	0	0	1	6
2013/12/29-17:19:28	98	969.234	71.515	5	0	0	0	0	0	1	1	0	0	1	6
2013/12/29-17:20:11	98	969.234	71.515	2	0	0	0	0	0	1	1	0	0	1	3
2013/12/29-17:20:54	98	969.234	71.515	2	0	0	0	0	0	1	1	0	0	1	3
2013/12/29-17:21:34	98	969.234	71.515	2	0	0	0	0	0	1	1	0	0	1	3
2013/12/29-17:28:13	98	969.234	71.515	2	0	0	0	0	0	1	1	0	0	1	3
2013/12/29-17:29:01	98	969.234	71.515	4	0	0	0	0	0	1	1	0	0	1	6
2013/12/29-17:29:26	98	969.234	71.515	2	0	0	0	0	0	1	1	0	0	1	3
2013/12/29-17:29:48	98	969.234	71.515	2	0	0	0	0	0	1	1	0	0	1	3
2013/12/29-17:30:48	98	969.234	71.515	4	0	0	0	0	0	1	1	0	0	1	4
2013/12/29-17:41:46	98	981.869	68.439	4	0	0	0	0	0	1	1	0	0	1	6
2013/12/29-17:42:13	98	981.869	68.439	2	0	0	0	0	0	1	1	0	0	1	3
2013/12/29-17:42:40	98	981.869	68.439	2	0	0	0	0	0	1	1	0	0	1	3
2013/12/29-17:43:07	98	981.869	68.439	5	0	0	0	0	0	1	1	0	0	1	6
2013/12/29-17:43:33	98	981.869	68.439	2	0	0	0	0	0	1	1	0	0	1	3
2013/12/30-05:05:05	98	972.449	76.474	2	0	0	0	0	0	1	1	0	0	1	3
2013/12/30-05:06:25	98	972.449	76.474	4	0	0	0	0	0	1	1	0	0	1	6
2013/12/30-05:07:44	98	972.449	76.474	2	0	0	0	0	0	1	1	0	0	1	3
2013/12/30-05:09:02	98	972.449	76.474	2	0	0	0	0	0	1	1	0	0	1	3
2013/12/30-05:10:21	98	972.449	76.474	2	0	0	0	0	0	1	1	0	0	1	3
2013/12/30-05:26:57	98	966.571	75.563	2	0	0	0	0	0	1	1	0	0	1	3
2013/12/30-05:27:24	98	966.571	75.563	6	0	0	0	0	0	1	1	0	0	1	9
2013/12/30-05:27:53	98	966.571	75.563	2	0	0	0	0	0	1	1	0	0	1	3
2013/12/30-05:28:20	98	966.571	75.563	2	0	0	0	0	0	1	1	0	0	1	3
2013/12/30-05:28:46	98	966.571	75.563	2	0	0	0	0	0	1	1	0	0	1	3
2013/12/30-05:42:08	98	966.571	75.563	2	0	0	0	0	0	1	1	0	0	1	3
2013/12/30-05:42:30	98	966.571	75.563	2	0	0	0	0	0	1	1	0	0	1	3
2013/12/30-05:42:52	98	966.571	75.563	5	0	0	0	0	0	1	1	0	0	1	6
2013/12/30-05:43:18	98	966.571	75.563	4	0	0	0	0	0	1	1	0	0	1	4
2013/12/30-05:43:40	98	966.571	75.563	3	0	0	0	0	0	1	1	0	0	1	3
2013/12/30-08:25:03	98	951.47	72.055	4	0	0	0	0	0	1	1	0	0	1	6
2013/12/30-08:25:43	98	951.47	72.055	2	0	0	0	0	0	1	1	0	0	1	3
2013/12/30-08:26:10	98	945.964	71.387	2	0	0	0	0	0	1	1	0	0	1	3
2013/12/30-08:27:10	98	945.964	71.387	3	0	0	0	0	0	1	1	0	0	1	3
2013/12/30-08:27:37	98	945.964	71.387	2	0	0	0	0	0	1	1	0	0	1	3
2013/12/30-08:34:00	98	945.964	71.387	3	0	0	0	0	0	1	1	0	0	1	3
2013/12/30-08:34:29	98	945.964	71.387	2	0	0	0	0	0	1	1	0	0	1	3
2013/12/30-08:34:56	98	945.964	71.387	5	0	0	0	0	0	1	1	0	0	1	6
2013/12/30-08:35:32	98	945.964	71.387	2	0	0	0	0	0	1	1	0	0	1	3
2013/12/30-08:36:05	98	945.964	71.387	2	0	0	0	0	0	1	1	0	0	1	3
2013/12/30-08:45:14	98	945.964	71.387	4	0	0	0	0	0	1	1	0	0	1	6
2013/12/30-08:45:41	98	945.964	71.387	8	0	0	0	0	0	1	1	0	0	1	12
2013/12/30-08:46:12	98	945.964	71.387	3	0	0	0	0	0	1	1	0	0	1	3
2013/12/30-08:46:39	98	945.964	71.387	6	0	1	0	0	0	0	1	0	0	1	7
2013/12/30-08:47:06	98	945.964	71.387	2	0	0	0	0	0	1	1	0	0	1	3
2013/12/30-12:14:04	98	936.539	69.277	5	0	0	0	0	0	1	1	0	0	1	7
2013/12/30-12:15:03	98	936.539	69.277	5	0	0	0	0	0	1	1	0	0	1	6
2013/12/30-12:16:14	98	936.539	69.277	3	0	0	0	0	0	1	1	0	0	1	3
2013/12/30-12:17:19	98	936.539	69.277	2	0	0	0	0	0	1	1	0	0	1	3
2013/12/30-12:18:38	98	936.539	69.277	2	0	0	0	0	0	1	1	0	0	1	3
2013/12/30-12:28:35	98	933.481	69.001	2	0	0	0	0	0	1	1	0	0	1	3
2013/12/30-12:29:25	98	933.481	69.001	2	0	0	0	0	0	1	1	0	0	1	3
2013/12/30-12:30:29	98	933.481	69.001	2	0	0	0	0	0	1	1	0	0	1	3
2013/12/30-12:31:05	98	933.481	69.001	3	0	0	0	0	0	1	1	0	0	1	3
2013/12/30-12:32:14	98	933.481	69.001	2	0	0	0	0	0	1	1	0	0	1	3
2013/12/30-12:44:41	98	933.481	69.001	3	0	0	0	0	0	1	1	0	0	1	3
2013/12/30-12:45:08	98	933.481	69.001	2	0	0	0	0	0	1	1	0	0	1	3
2013/12/30-12:45:35	98	933.481	69.001	2	0	0	0	0	0	1	1	0	0	1	3
2013/12/30-12:46:02	98	933.481	69.001	4	0	0	0	0	0	1	1	0	0	1	4
2013/12/30-12:46:29	98	933.481	69.001	3	0	0	0	0	0	1	1	0	0	1	3
2013/12/30-20:50:41	98	908.462	75.83	2	0	0	0	0	0	1	1	0	0	1	3
2013/12/30-20:51:10	98	908.462	75.83	4	0	0	0	0	0	1	1	0	0	1	4
2013/12/30-20:52:29	98	908.462	75.83	3	0	0	0	0	0	1	1	0	0	1	3
2013/12/30-20:53:22	98	908.462	75.83	2	0	0	0	0	0	1	1	0	0	1	3
2013/12/30-20:54:12	98	908.462	75.83	2	0	0	0	0	0	1	1	0	0	1	3
2013/12/30-21:14:57	98	904.979	75.393	4	0	0	0	0	0	1	1	0	0	1	6
2013/12/30-21:16:16	98	904.979	75.393	2	0	0	0	0	0	1	1	0	0	1	3
2013/12/30-21:16:45	98	904.979	75.393	5	0	0	0	1	0	1	1	0	0	1	6
2013/12/30-21:17:13	98	904.979	75.393	4	0	0	0	0	0	1	1	0	0	1	6
2013/12/30-21:17:39	98	904.979	75.393	2	0	0	0	0	0	1	1	0	0	1	3
2013/12/30-21:30:54	98	904.979	75.393	2	0	0	0	0	0	1	1	0	0	1	3
2013/12/30-21:31:16	98	904.979	75.393	4	0	0	0	0	0	0	1	1	0	0	6
2013/12/30-21:31:41	98	904.979	75.393	3	0	0	0	0	0	0	1	1	0	0	3
2013/12/30-21:32:03	98	904.979	75.393	2	0	0	0	0	0	1	1	0	0	1	3
2013/12/30-21:32:25	98	904.979	75.393	2	0	0	0	0	0	1	1	0	0	1	3
2013/12/31-10:21:55	98	879.851	82.294	1	0	0	0	1	0	1	1	0	0	1	3
2013/12/31-10:22:22	98	879.851	82.294	1	0	1	0	0	0	0	1	0	0	1	3
2013/12/31-10:22:49	98	879.851	82.294	1	0	0	0	0	0	1	1	0	0	1	3
2013/12/31-10:23:36	98	879.851	82.294	3	0	0	0	0	0	1	1	0	0	1	3
2013/12/31-10:24:09	98	879.851	82.294	2	0	0	0	0	0	1	1	0	0	1	3
2013/12/31-10:31:24	98	889.835	80.845	3	0	0	0	0	0	1	1	0	0	1	3
2013/12/31-10:33:02	98	889.835	80.845	4	0	0	0	0	0	1	1	0	0	1	6
2013/12/31-10:33:47	98	889.835	80.845	1	0	0	0	0	0	1	1	0	0	1	3
2013/12/31-10:34:14	98	889.835	80.845	1	0	0	0	1	0	1	1	0	0	1	3
2013/12/31-10:34:36	98	889.835	80.845	11	0	0	0	0	0	1	1	0	0	1	3
2013/12/31-10:45:33	98	889.835	80.845	4	0	0	0	0	0	1	1	0	0	1	6
2013/12/31-10:46:00	98	889.835	80.845	3	0	0	0	0	0	1	1	0	0	1	3
2013/12/31-10:46:27	98	889.835	80.845	12	0	0	0	1	0	1	1	0	0	1	4
2013/12/31-10:46:54	98	889.835	80.845	1	0	0	0	0	0	1	1	0	0	1	3
2013/12/31-10:47:16	98	889.835	80.845	1	0	0	0	0	0	1	1	0	0	1	3
2013/12/31-13:34:29	98	865.421	77.48	4	0	0	0	0	0	1	1	0	0	1	8
2013/12/31-13:35:08	98	865.421	77.48	3	0	0	0	0	0	1	1	0	0	1	3
2013/12/31-13:35:42	98	865.421	77.48	3	0	0	0	1	0	1	1	0	0	1	6
2013/12/31-13:36:08	98	865.421	77.48	12	0	0	0	0	0	1	1	0	0	1	4
2013/12/31-13:37:11	98	865.421	77.48	1	0	0	0	0	0	1	1	0	0	1	3
2013/12/31-13:47:11	98	865.421	77.48	12	0	0	0	1	0	1	1	0	0	1	4
2013/12/31-13:47:38	98	865.421	77.48	1	0	0	0	1	0	1	1	0	0	1	3
2013/12/31-13:48:04	98	865.421	77.48	3	0	0	0	0	0	1	1	0	0	1	3
2013/12/31-13:48:31	98	865.421	77.48	1	0	0	0	1	0	1	1	0	0	1	3
2013/12/31-13:48:58	98	865.421	77.48	4	0	0	0	1	0	1	1	0	0	1	10
2013/12/31-13:56:18	98	884.297	72.488	1	0	0	0	0	0	1	1	0	0	1	3
2013/12/31-13:56:44	98	884.297	72.488	2	0	0	0	1	0	0	1	1	0	0	4
2013/12/31-13:57:06	98	884.297	72.488	11	0	0	0	0	0	1	1	0	0	1	4
2013/12/31-13:57:33	98	884.297	72.488	1	0	0	0	1	0	1	1	0	0	1	3
2013/12/31-13:57:57	98	884.297	72.488	3	0	0	0	0	0	1	1	0	0	1	3
2013/12/31-18:35:02	98	895.871	75.934	2	0	1	0	0	0	0	1	0	0	1	6
2013/12/31-18:35:40	98	895.871	75.934	1	0	0	0	0	0	1	1	0	0	1	3
2013/12/31-18:36:59	98	895.871	75.934	3	0	0	0	0	0	1	1	0	0	1	3
2013/12/31-18:38:18	98	895.871	75.934	9	0	1	0	0	0	0	1	0	0	1	3
2013/12/31-18:39:32	98	895.871	75.934	3	0	0	0	0	0	1	1	0	0	1	3
2013/12/31-18:46:08	98	895.871	75.934	3	0	0	0	0	0	1	1	0	0	1	3
2013/12/31-18:46:35	98	895.871	75.934	1	0	0	0	0	0	1	1	0	0	1	3
2013/12/31-18:47:02	98	895.871	75.934	1	0	0	0	0	0	1	1	0	0	1	3
2013/12/31-18:47:29	98	895.871	75.934	11	0	0	0	1	0	1	1	0	0	1	4
2013/12/31-18:47:56	98	895.871	75.934	2	0	0	0	0	0	1	1	0	0	1	6
2013/12/31-19:00:10	98	869.815	71.585	3	0	0	0	0	0	1	1	0	0	1	3
2013/12/31-19:00:37	98	869.815	71.585	2	0	0	0	1	0	1	1	0	0	1	4
2013/12/31-19:01:00	98	869.815	71.585	1	0	1	0	0	0	0	1	0	0	1	3
2013/12/31-19:01:22	98	869.815	71.585	11	0	0	0	1	0	1	1	0	0	1	4
2013/12/31-19:01:44	98	869.815	71.585	5	0	0	0	0	0	1	1	0	0	1	6
2013/12/31-22:39:13	98	880.297	73.344	3	0	0	0	0	0	1	1	0	0	1	3
2013/12/31-22:40:14	98	880.297	73.344	6	0	0	0	0	0	1	1	0	0	1	9
2013/12/31-22:41:04	98	880.297	73.344	2	0	1	0	0	0	0	1	0	0	1	6
2013/12/31-22:42:04	98	880.297	73.344	2	0	0	0	0	0	1	1	0	0	1	6
2013/12/31-22:42:33	98	880.297	73.344	1	0	1	0	0	0	0	1	0	0	1	3
2013/12/31-22:51:00	98	880.297	73.344	11	0	0	0	1	0	1	1	0	0	1	4
2013/12/31-22:51:30	98	880.314	72.707	2	0	0	0	0	0	1	1	0	0	1	6
2013/12/31-22:51:57	98	880.314	72.707	3	0	0	0	0	0	1	1	0	0	1	3
2013/12/31-22:53:15	98	880.314	72.707	4	0	0	0	0	0	1	1	0	0	1	4
2013/12/31-22:54:34	98	880.314	72.707	1	0	0	0	1	0	1	1	0	0	1	3
2013/12/31-23:03:11	98	880.314	72.707	4	0	0	0	0	0	1	1	0	0	1	6
2013/12/31-23:03:38	98	880.314	72.707	1	0	0	0	1	0	1	1	0	0	1	3
2013/12/31-23:04:05	98	880.314	72.707	1	0	0	0	1	0	1	1	0	0	1	3
2013/12/31-23:04:31	98	880.314	72.707	3	0	0	0	0	0	1	1	0	0	1	3
2013/12/31-23:04:58	98	880.314	72.707	1	0	0	0	1	0	1	1	0	0	1	3
2014/01/01-02:52:24	98	880.146	73.514	1	0	1	0	0	0	0	1	0	0	1	3
2014/01/01-02:53:43	98	880.146	73.514	3	0	0	0	0	0	1	1	0	0	1	3
2014/01/01-02:54:43	98	880.146	73.514	11	0	0	0	0	0	1	1	0	0	1	4
2014/01/01-02:55:14	98	897.715	73.286	5	0	0	1	0	0	1	1	0	0	1	6
2014/01/01-02:56:09	98	897.715	73.286	1	0	1	0	0	0	0	1	0	0	1	3
2014/01/01-03:03:25	98	897.715	73.286	3	0	0	0	0	0	1	1	0	0	1	3
2014/01/01-03:03:54	98	897.715	73.286	1	0	0	0	1	0	1	1	0	0	1	3
2014/01/01-03:04:21	98	897.715	73.286	1	0	0	0	1	0	1	1	0	0	1	3
2014/01/01-03:04:48	98	897.715	73.286	3	0	0	0	0	0	1	1	0	0	1	3
2014/01/01-03:05:14	98	897.715	73.286	11	0	0	0	1	0	1	1	0	0	1	4
2014/01/01-03:16:39	98	897.715	73.286	13	0	0	0	3	0	1	1	0	0	1	4
2014/01/01-03:17:04	98	897.715	73.286	3	0	0	0	0	0	1	1	0	0	1	3
2014/01/01-03:17:31	98	897.715	73.286	1	0	0	0	0	0	1	1	0	0	1	3
2014/01/01-03:17:58	98	897.715	73.286	2	0	0	0	1	0	1	1	0	0	1	6
2014/01/01-03:18:25	98	897.715	73.286	2	0	0	0	1	0	1	1	0	0	1	6
2014/01/01-06:53:23	98	902.766	73.657	15	0	0	0	1	0	1	1	0	0	1	4
2014/01/01-06:54:42	98	902.766	73.657	1	0	0	0	1	0	1	1	0	0	1	3
2014/01/01-06:55:22	98	902.766	73.657	3	0	0	0	1	0	1	1	0	0	1	8
2014/01/01-06:55:49	98	902.766	73.657	6	0	0	0	0	0	1	1	0	0	1	9
2014/01/01-06:57:08	98	902.766	73.657	1	0	0	0	1	0	1	1	0	0	1	3
2014/01/01-07:06:57	98	902.766	73.657	3	0	0	0	1	0	1	1	0	0	1	9
2014/01/01-07:07:24	98	902.766	73.657	3	0	0	0	0	0	1	1	0	0	1	3
2014/01/01-07:07:51	98	902.766	73.657	1	0	0	0	1	0	1	1	0	0	1	3
2014/01/01-07:08:15	98	902.766	73.657	12	0	0	0	2	0	1	1	0	0	1	4
2014/01/01-07:08:38	98	902.766	73.657	2	0	0	0	0	0	1	1	0	0	1	3
2014/01/01-07:18:10	98	902.766	73.657	1	0	0	0	1	0	1	1	0	0	1	3
2014/01/01-07:18:37	98	925.854	69.303	13	0	0	0	2	0	1	1	0	0	1	4
2014/01/01-07:19:02	98	925.854	69.303	2	0	0	0	1	0	1	1	0	0	1	6
2014/01/01-07:19:29	98	925.854	69.303	2	0	0	0	0	0	1	1	0	0	1	3
2014/01/01-07:19:56	98	925.854	69.303	1	0	0	0	0	0	1	1	0	0	1	3
2014/01/01-10:58:02	98	920.797	71.307	4	0	0	0	0	0	1	1	0	0	1	3
2014/01/01-10:58:48	98	920.797	71.307	3	0	0	0	0	0	1	1	0	0	1	3
2014/01/01-10:59:22	98	920.797	71.307	1	0	1	0	1	0	0	1	0	0	1	3
2014/01/01-10:59:50	98	920.797	71.307	11	0	0	0	0	0	1	1	0	0	1	4
2014/01/01-11:00:21	98	920.797	71.307	1	0	0	0	1	0	1	1	0	0	1	3
2014/01/01-11:07:40	98	920.797	71.307	3	0	0	0	0	0	1	1	0	0	1	3
2014/01/01-11:08:07	98	920.797	71.307	13	0	0	0	2	0	1	1	0	0	1	4
2014/01/01-11:08:32	98	920.797	71.307	3	0	0	0	0	0	1	1	0	0	1	3
2014/01/01-11:08:58	98	915.867	68.76	1	0	0	0	1	0	1	1	0	0	1	3
2014/01/01-11:09:22	98	915.867	68.76	1	0	0	0	1	0	1	1	0	0	1	3
2014/01/01-11:20:30	98	915.867	68.76	2	0	0	0	1	0	1	1	0	0	1	3
2014/01/01-11:20:57	98	915.867	68.76	2	0	0	0	0	0	1	1	0	0	1	3
2014/01/01-11:21:24	98	915.867	68.76	13	0	0	0	1	0	1	1	0	0	1	4
2014/01/01-11:21:48	98	915.867	68.76	3	0	0	0	0	0	1	1	0	0	1	3
2014/01/01-11:22:15	98	915.867	68.76	2	0	0	0	1	0	1	1	0	0	1	3
2014/01/01-18:36:52	98	913.847	71.078	13	0	0	0	0	0	1	1	0	0	1	4
2014/01/01-18:37:17	98	913.847	71.078	3	0	0	0	0	0	1	1	0	0	1	3
2014/01/01-18:38:36	98	913.847	71.078	1	0	1	0	0	0	0	1	0	0	1	3
2014/01/01-18:38:57	98	913.847	71.078	2	0	0	0	0	0	1	1	0	0	1	3
2014/01/01-18:40:16	98	913.847	71.078	1	0	0	0	0	0	1	1	0	0	1	3
2014/01/01-18:48:27	98	913.847	71.078	2	0	0	0	1	0	1	1	0	0	1	6
2014/01/01-18:49:17	98	913.847	71.078	1	0	0	0	1	0	1	1	0	0	1	3
2014/01/01-18:49:44	98	913.847	71.078	1	0	0	0	0	0	1	1	0	0	1	3
2014/01/01-18:50:52	98	913.847	71.078	4	0	0	0	0	0	1	1	0	0	1	6
2014/01/01-18:51:27	98	913.847	71.078	3	0	0	0	0	0	1	1	0	0	1	3
2014/01/01-19:02:20	98	934.44	68.876	2	0	0	0	1	0	1	1	0	0	1	6
2014/01/01-19:02:47	98	934.44	68.876	3	0	0	0	0	0	1	1	0	0	1	3
2014/01/01-19:03:14	98	934.44	68.876	1	0	0	0	0	0	1	1	0	0	1	3
2014/01/01-19:03:41	98	934.44	68.876	11	0	0	0	1	0	1	1	0	0	1	4
2014/01/01-19:04:07	98	934.44	68.876	2	0	0	0	0	0	1	1	0	0	1	3
2014/01/02-01:22:32	98	919.665	70.738	1	0	0	0	0	0	1	1	0	0	1	3
2014/01/02-01:23:48	98	919.665	70.738	4	0	0	0	0	0	1	1	0	0	1	3
2014/01/02-01:25:00	98	919.665	70.738	2	0	0	0	0	0	1	1	0	0	1	3
2014/01/02-01:26:19	98	919.665	70.738	1	0	0	0	0	0	1	1	0	0	1	3
2014/01/02-01:26:49	98	919.665	70.738	1	0	1	0	0	0	0	1	0	0	1	3
2014/01/02-01:36:37	98	919.665	70.738	3	0	0	0	0	0	1	1	0	0	1	3
2014/01/02-01:37:12	98	919.665	70.738	1	0	0	0	0	0	1	1	0	0	1	3
2014/01/02-01:38:31	98	916.039	69.608	1	0	0	0	1	0	1	1	0	0	1	3
2014/01/02-01:38:59	98	916.039	69.608	1	0	0	0	1	0	1	1	0	0	1	3
2014/01/02-01:39:22	98	916.039	69.608	11	0	0	0	0	0	1	1	0	0	1	4
2014/01/02-01:49:50	98	916.039	69.608	1	0	0	0	0	0	1	1	0	0	1	3
2014/01/02-01:50:17	98	916.039	69.608	3	0	0	0	0	0	1	1	0	0	1	3
2014/01/02-01:50:43	98	916.039	69.608	2	0	0	0	0	0	1	1	0	0	1	3
2014/01/02-01:51:10	98	916.039	69.608	2	0	0	0	1	0	1	1	0	0	1	6
2014/01/02-01:51:37	98	916.039	69.608	1	0	0	0	1	0	1	1	0	0	1	3
2014/01/02-06:33:52	98	913.221	72.573	1	0	0	0	0	0	1	1	0	0	1	3
2014/01/02-06:35:11	98	913.221	72.573	2	0	1	0	0	0	0	1	0	0	1	6
2014/01/02-06:36:06	98	913.221	72.573	2	0	0	0	0	0	1	1	0	0	1	3
2014/01/02-06:37:24	98	913.221	72.573	3	0	0	0	0	0	1	1	0	0	1	3
2014/01/02-06:38:30	98	913.221	72.573	2	0	0	0	0	0	1	1	0	0	1	6
2014/01/02-06:46:53	98	913.221	72.573	1	0	0	0	1	0	1	1	0	0	1	3
2014/01/02-06:47:17	98	913.221	72.573	3	0	0	0	2	0	1	1	0	0	1	7
2014/01/02-06:47:43	98	913.221	72.573	2	0	1	0	1	0	0	1	0	0	1	3
2014/01/02-06:48:20	98	913.221	72.573	10	0	1	0	0	0	0	1	0	0	1	3
2014/01/02-06:48:48	98	913.221	72.573	3	0	0	0	0	0	1	1	0	0	1	3
2014/01/02-06:57:29	98	953.104	70.713	11	0	0	0	1	0	1	1	0	0	1	4
2014/01/02-06:57:56	98	953.104	70.713	1	0	0	0	2	0	1	1	0	0	1	3
2014/01/02-06:58:18	98	953.104	70.713	3	0	0	0	0	0	1	1	0	0	1	3
2014/01/02-06:58:44	98	953.104	70.713	1	0	0	0	1	0	1	1	0	0	1	3
2014/01/02-06:59:11	98	953.104	70.713	2	0	0	0	0	0	1	1	0	0	1	3
2014/01/02-11:28:31	98	949.743	72.24	1	0	1	0	0	0	0	1	0	0	1	3
2014/01/02-11:28:55	98	949.743	72.24	3	0	0	0	0	0	1	1	0	0	1	3
2014/01/02-11:29:37	98	949.743	72.24	1	0	1	0	0	0	0	1	0	0	1	3
2014/01/02-11:30:01	98	949.743	72.24	2	0	0	0	2	0	1	1	0	0	1	4
2014/01/02-11:30:24	98	949.743	72.24	4	0	0	0	1	0	1	1	0	0	1	5
2014/01/02-11:39:50	98	969.578	71.695	1	0	0	0	0	0	1	1	0	0	1	3
2014/01/02-11:40:18	98	969.578	71.695	1	0	0	0	0	0	1	1	0	0	1	3
2014/01/02-11:40:44	98	969.578	71.695	1	0	0	0	0	0	1	1	0	0	1	3
2014/01/02-11:41:39	98	969.578	71.695	4	0	0	0	0	0	1	1	0	0	1	6
2014/01/02-11:42:58	98	969.578	71.695	10	0	0	0	1	0	1	1	0	0	1	3
2014/01/02-11:52:45	98	969.578	71.695	3	0	0	0	0	0	1	1	0	0	1	6
2014/01/02-11:53:10	98	969.578	71.695	3	0	0	0	0	0	1	1	0	0	1	3
2014/01/02-11:53:37	98	969.578	71.695	2	0	0	0	0	0	1	1	0	0	1	3
2014/01/02-11:54:04	98	969.578	71.695	1	0	0	0	0	0	1	1	0	0	1	3
2014/01/02-11:54:31	98	969.578	71.695	2	0	0	0	1	0	1	1	0	0	1	6
2014/01/02-15:37:38	98	959.799	72.852	12	0	0	0	0	0	1	1	0	0	1	4
2014/01/02-15:38:06	98	959.799	72.852	3	0	0	0	0	0	1	1	0	0	1	3
2014/01/02-15:38:50	98	959.799	72.852	4	0	1	0	0	0	0	1	0	0	1	15
2014/01/02-15:39:40	98	959.799	72.852	2	0	1	0	0	0	0	1	0	0	1	3
2014/01/02-15:40:53	98	959.799	72.852	1	0	0	0	0	0	1	1	0	0	1	3
2014/01/02-15:51:12	98	959.799	72.852	2	0	0	0	0	0	1	1	0	0	1	3
2014/01/02-15:52:31	98	959.799	72.852	1	0	0	0	0	0	1	1	0	0	1	3
2014/01/02-15:52:56	98	959.799	72.852	12	0	0	0	1	0	1	1	0	0	1	4
2014/01/02-15:53:23	98	959.799	72.852	1	0	1	0	0	0	0	1	0	0	1	3
2014/01/02-15:53:48	98	959.799	72.852	1	0	0	0	1	0	1	1	0	0	1	3
2014/01/02-16:03:16	98	959.799	72.852	1	0	0	0	0	0	1	1	0	0	1	3
2014/01/02-16:04:00	98	959.799	72.852	3	0	0	0	0	0	1	1	0	0	1	3
2014/01/02-16:05:07	98	959.799	72.852	2	0	1	0	0	0	0	1	0	0	1	6
2014/01/02-16:05:41	98	959.799	72.852	12	0	0	0	2	0	1	1	0	0	1	4
2014/01/02-16:06:04	98	959.799	72.852	1	0	0	0	0	0	1	1	0	0	1	3
2014/01/02-23:46:52	98	1,002.209	75.756	6	0	0	0	0	0	1	1	0	0	1	6
2014/01/02-23:48:11	98	1,002.209	75.756	7	0	1	0	0	0	0	1	0	0	1	3
2014/01/02-23:48:56	98	1,002.209	75.756	1	0	1	0	0	0	0	1	0	0	1	3
2014/01/02-23:49:26	98	1,002.209	75.756	1	0	1	0	0	0	0	1	0	0	1	3
2014/01/02-23:49:58	98	1,002.209	75.756	4	0	0	0	0	0	1	1	0	0	1	3
2014/01/03-00:00:40	98	1,000.879	74.757	1	0	0	0	0	0	1	1	0	0	1	3
2014/01/03-00:01:22	98	1,000.879	74.757	1	0	0	0	1	0	1	1	0	0	1	3
2014/01/03-00:01:55	98	1,000.879	74.757	13	0	0	0	2	0	1	1	0	0	1	4
2014/01/03-00:02:20	98	1,000.879	74.757	3	0	0	0	0	0	1	1	0	0	1	3
2014/01/03-00:03:09	98	1,000.879	74.757	1	0	0	0	0	0	1	1	0	0	1	3
2014/01/03-00:16:40	98	1,000.879	74.757	2	0	0	0	2	0	1	1	0	0	1	4
2014/01/03-00:17:03	98	1,000.879	74.757	6	0	0	0	0	0	1	1	0	0	1	9
2014/01/03-00:17:33	98	1,000.879	74.757	3	0	0	0	0	0	1	1	0	0	1	3
2014/01/03-00:18:00	98	1,000.879	74.757	11	0	0	0	1	0	1	1	0	0	1	4
2014/01/03-00:18:27	98	1,000.879	74.757	1	0	0	0	1	0	1	1	0	0	1	3
2014/01/03-03:58:05	98	996.044	74.438	1	0	1	0	0	0	0	1	0	0	1	3
2014/01/03-03:58:47	98	996.044	74.438	2	0	1	0	0	0	0	1	0	0	1	3
2014/01/03-04:00:06	98	996.044	74.438	2	0	0	0	0	0	1	1	0	0	1	3
2014/01/03-04:01:11	98	996.044	74.438	12	0	0	0	0	0	1	1	0	0	1	4
2014/01/03-04:01:45	98	996.044	74.438	3	0	0	0	0	0	1	1	0	0	1	3
2014/01/03-04:10:22	98	996.044	74.438	1	0	0	0	0	0	1	1	0	0	1	3
2014/01/03-04:11:41	98	996.044	74.438	3	0	0	0	0	0	1	1	0	0	1	3
2014/01/03-04:12:54	98	996.044	74.438	1	0	1	0	0	0	0	1	0	0	1	3
2014/01/03-04:14:13	98	996.044	74.438	1	0	0	0	0	0	1	1	0	0	1	3
2014/01/03-04:15:32	98	996.044	74.438	3	0	0	0	0	0	1	1	0	0	1	3
2014/01/03-04:23:37	98	996.044	74.438	1	0	1	0	0	0	0	1	0	0	1	3
2014/01/03-04:23:59	98	996.044	74.438	1	0	0	0	0	0	1	1	0	0	1	3
2014/01/03-04:24:31	98	996.044	74.438	12	0	0	0	0	0	1	1	0	0	1	4
2014/01/03-04:25:01	98	996.044	74.438	4	0	0	0	0	0	1	1	0	0	1	6
2014/01/03-04:25:29	98	996.044	74.438	3	0	0	0	0	0	1	1	0	0	1	3
