2013/12/26-10:28:22	58	1,500	350.155	16	0	0	5	0	0	1	1	0	0	1	31
2013/12/26-10:29:08	58	1,500	350.155	10	0	0	5	0	0	1	1	0	0	1	19
2013/12/26-10:29:46	58	1,500	350.155	12	0	0	0	1	0	0	1	1	0	0	13
2013/12/26-10:30:18	58	1,500	350.155	12	0	0	0	1	0	0	1	1	0	0	13
2013/12/26-10:30:50	58	1,500	350.155	21	0	0	0	1	0	0	1	1	0	0	26
2013/12/26-10:31:34	58	1,500	350.155	20	0	0	0	1	0	0	1	1	0	0	23
2013/12/26-10:32:15	58	1,500	350.155	12	0	0	5	1	0	0	1	1	0	0	39
2013/12/26-10:33:13	58	1,500	350.155	14	0	0	4	0	0	0	1	0	1	0	45
2013/12/26-10:34:16	58	1,500	350.155	4	0	0	0	1	0	0	1	1	0	0	17
2013/12/26-10:34:52	58	1,500	350.155	4	0	0	0	1	0	0	1	1	0	0	16
2013/12/26-10:35:27	58	1,500	350.155	5	0	0	0	0	0	0	1	0	1	0	30
2013/12/26-10:36:15	58	1,500	350.155	4	0	0	0	1	0	0	1	1	0	0	26
2013/12/26-10:37:00	58	1,500	350.155	3	0	0	3	1	0	0	1	1	0	0	25
2013/12/26-10:37:43	58	1,500	350.155	3	0	0	3	1	0	0	1	1	0	0	25
2013/12/26-10:38:26	58	1,500	350.155	1	0	0	0	1	0	0	1	1	0	0	5
2013/12/26-10:38:50	58	1,500	350.155	1	0	0	0	1	0	0	1	1	0	0	9
2013/12/26-10:41:11	58	1,500	350.155	2	0	0	0	0	0	1	1	0	0	1	6
2013/12/26-10:41:32	58	1,500	350.155	7	0	0	5	0	0	1	1	0	0	1	14
2013/12/26-10:42:05	58	1,500	350.155	7	0	0	0	1	0	0	1	1	0	0	14
2013/12/26-10:42:37	58	1,500	350.155	7	0	0	0	1	0	0	1	1	0	0	11
2013/12/26-10:43:06	58	1,500	350.155	21	0	0	0	1	0	0	1	1	0	0	23
2013/12/26-10:43:48	58	1,500	350.155	9	0	0	0	0	0	1	1	0	0	1	14
2013/12/26-10:44:21	58	1,500	350.155	14	0	0	3	1	0	0	1	1	0	0	40
2013/12/26-10:45:19	58	1,500	350.155	14	0	0	3	1	0	0	1	1	0	0	40
2013/12/26-10:46:17	58	1,500	350.155	6	0	0	0	1	0	0	1	1	0	0	18
2013/12/26-10:46:54	58	1,500	350.155	8	0	0	0	1	0	0	1	1	0	0	24
2013/12/26-10:47:36	58	1,500	350.155	4	0	0	0	1	0	0	1	1	0	0	25
2013/12/26-10:48:20	58	1,500	350.155	5	0	0	0	0	0	0	1	0	1	0	30
2013/12/26-10:49:08	58	1,500	350.155	6	0	0	3	0	0	0	1	0	1	0	30
2013/12/26-10:49:57	58	1,500	350.155	5	0	0	3	0	0	0	1	0	1	0	30
2013/12/26-10:50:45	58	1,500	350.155	4	0	0	0	1	0	0	1	1	0	0	12
2013/12/26-10:51:16	58	1,500	350.155	1	0	0	0	1	0	0	1	1	0	0	5
2013/12/26-10:53:26	58	1,500	350.155	29	0	0	11	0	0	1	1	0	0	1	44
2013/12/26-10:54:25	58	1,500	350.155	20	0	0	7	0	0	1	1	0	0	1	26
2013/12/26-10:55:09	58	1,500	350.155	16	0	0	1	0	0	1	1	0	0	1	16
2013/12/26-10:55:44	58	1,500	350.155	25	0	0	1	0	0	1	1	0	0	1	25
2013/12/26-10:56:28	58	1,500	350.155	21	0	0	0	0	0	1	1	0	0	1	23
2013/12/26-10:57:09	58	1,500	350.155	21	0	0	0	1	0	0	1	1	0	0	23
2013/12/26-10:57:50	58	1,500	350.155	14	0	0	4	0	0	0	1	0	1	0	45
2013/12/26-10:58:54	58	1,500	350.155	14	0	0	4	0	0	0	1	0	1	0	45
2013/12/26-10:59:57	58	1,500	350.155	10	0	0	0	0	0	0	1	0	1	0	60
2013/12/26-11:01:16	58	1,500	350.155	10	0	0	0	0	0	0	1	0	1	0	60
2013/12/26-11:02:34	58	1,500	350.155	6	0	0	0	0	0	0	1	0	1	0	30
2013/12/26-11:03:23	58	1,500	350.155	6	0	0	0	0	0	0	1	0	1	0	30
2013/12/26-11:04:11	58	1,500	350.155	5	0	0	3	0	0	0	1	0	1	0	30
2013/12/26-11:05:00	58	1,500	350.155	5	0	0	3	0	0	0	1	0	1	0	30
2013/12/26-11:05:48	58	1,500	350.155	13	0	0	3	0	0	1	1	0	0	1	24
2013/12/26-11:06:31	58	1,500	350.155	16	0	0	1	0	0	0	1	0	1	0	30
2013/12/26-11:11:02	58	1,500	350.155	18	0	1	5	0	0	0	1	0	1	0	29
2013/12/26-11:11:47	58	1,500	350.155	10	0	0	3	1	0	0	1	1	0	0	23
2013/12/26-11:12:29	58	1,500	350.155	12	0	0	9	0	0	1	1	0	0	1	14
2013/12/26-11:13:01	58	1,500	350.155	13	0	0	7	0	0	1	1	0	0	1	14
2013/12/26-11:13:34	58	1,500	350.155	9	0	0	0	0	0	1	1	0	0	1	14
2013/12/26-11:14:06	58	1,500	350.155	9	0	0	0	0	0	1	1	0	0	1	14
2013/12/26-11:14:39	58	1,500	350.155	2	0	0	0	0	0	0	1	1	0	0	4
2013/12/26-11:15:01	58	1,500	350.155	2	0	0	0	0	0	0	1	1	0	0	4
2013/12/26-11:15:23	58	1,500	350.155	7	0	0	0	0	0	0	1	1	0	0	21
2013/12/26-11:16:03	58	1,500	350.155	5	0	1	0	0	0	0	1	0	1	0	15
2013/12/26-11:16:36	58	1,500	350.155	0	0	0	0	0	0	0	1	1	0	0	3
2013/12/26-11:16:57	53	1,538.732	350	0	0	0	0	0	0	0	1	1	0	0	3
2013/12/26-11:17:18	53	1,538.732	350	0	0	0	3	0	0	0	1	1	0	0	3
2013/12/26-11:17:39	53	1,538.732	350	0	0	0	3	0	0	0	1	1	0	0	3
2013/12/26-11:18:01	53	1,538.732	350	3	0	0	0	1	0	0	1	1	0	0	9
2013/12/26-11:18:29	53	1,538.732	350	9	0	0	3	1	0	0	1	1	0	0	16
2013/12/26-14:49:43	53	1,538.732	350	1	0	0	0	0	0	0	1	1	0	0	6
2013/12/26-14:53:02	53	1,538.732	350	8	0	0	0	0	0	1	1	0	0	1	40
2013/12/26-14:53:57	53	1,538.732	350	5	0	0	1	0	0	1	1	0	0	1	9
2013/12/26-14:54:26	53	1,538.732	350	8	0	0	1	0	0	1	1	0	0	1	9
2013/12/26-14:55:09	53	1,538.732	350	17	0	0	4	0	0	1	1	0	0	1	42
2013/12/26-14:56:09	53	1,538.732	350	6	0	0	0	1	0	1	1	0	0	1	19
2013/12/26-14:56:39	53	1,538.732	350	3	0	1	0	0	0	0	1	1	0	0	9
2013/12/26-15:51:00	53	1,538.732	350	19	0	0	5	0	0	1	1	0	0	1	51
2013/12/26-15:52:19	53	1,538.732	350	3	0	1	1	1	0	0	1	0	0	1	3
2013/12/26-15:52:41	53	1,538.732	350	2	0	0	0	0	0	1	1	0	0	1	5
2013/12/26-15:53:18	2	2,130.521	233.84	4	0	0	1	0	0	1	1	0	0	1	9
2013/12/26-15:54:21	2	2,130.521	233.84	1	0	0	0	0	0	1	1	0	0	1	4
2013/12/26-15:56:08	2	2,130.521	233.84	1	0	0	0	0	0	1	1	0	0	1	3
2013/12/26-15:56:49	2	2,130.521	233.84	8	0	1	0	1	0	0	1	0	0	1	8
2013/12/26-16:04:17	2	2,130.521	233.84	3	0	0	0	2	0	0	1	1	0	0	10
2013/12/26-16:04:51	2	2,130.521	233.84	4	0	0	0	0	0	1	1	0	0	1	6
2013/12/26-16:05:15	2	2,130.521	233.84	1	0	0	0	0	0	0	1	1	0	0	4
2013/12/26-16:05:37	2	2,130.521	233.84	3	0	0	0	1	0	1	1	0	0	1	10
2013/12/26-16:06:05	2	2,130.521	233.84	8	0	0	0	0	0	1	1	0	0	1	9
2013/12/26-16:06:39	2	2,130.521	233.84	1	0	1	0	0	0	0	1	0	0	1	7
2013/12/26-16:07:54	2	2,130.521	233.84	8	0	1	2	0	0	0	1	0	0	1	16
2013/12/26-16:13:43	2	2,130.521	233.84	1	0	0	0	3	0	1	1	1	0	0	6
2013/12/26-16:14:11	2	2,130.521	233.84	3	0	0	1	1	0	1	1	0	0	1	3
2013/12/26-16:14:30	2	2,130.521	233.84	4	0	0	0	0	0	1	1	0	0	1	9
2013/12/26-16:16:17	2	2,130.521	233.84	21	0	0	2	0	0	0	1	1	0	0	72
2013/12/26-16:17:45	2	2,130.521	233.84	13	0	0	0	0	0	1	1	0	0	1	11
2013/12/26-16:18:12	2	2,130.521	233.84	3	0	0	0	0	0	0	1	1	0	0	12
2013/12/26-16:18:40	2	2,130.521	233.84	0	0	1	0	0	0	0	1	0	0	1	7
2013/12/26-21:52:06	90	1,100.271	180.088	1	0	0	0	0	0	1	1	0	0	1	3
2013/12/26-21:54:47	90	1,100.271	180.088	12	0	0	1	1	0	1	1	0	0	1	40
2013/12/26-21:55:43	90	1,100.271	180.088	5	0	0	1	0	0	1	1	0	0	1	10
2013/12/26-21:56:11	90	1,100.271	180.088	28	0	0	0	0	0	1	1	0	0	1	27
2013/12/26-21:59:18	90	1,100.271	180.088	1	0	0	0	0	0	1	1	0	0	1	5
2013/12/26-21:59:47	90	1,100.271	180.088	4	0	0	0	0	0	1	1	0	0	1	12
2013/12/26-22:00:56	90	1,100.271	180.088	1	0	1	0	0	0	0	1	0	0	1	6
2013/12/26-22:15:13	90	1,100.271	180.088	6	0	0	0	1	0	0	1	1	0	0	16
2013/12/26-22:15:45	90	1,100.271	180.088	1	0	1	0	0	0	0	1	0	0	1	3
2013/12/26-22:16:06	90	1,100.271	180.088	9	0	1	0	0	0	0	1	0	0	1	8
2013/12/26-22:16:38	90	1,100.271	180.088	16	0	0	2	0	0	1	1	0	0	1	51
2013/12/26-22:17:54	90	1,100.271	180.088	6	0	0	3	1	0	1	1	0	0	1	13
2013/12/26-22:18:25	90	1,100.271	180.088	4	0	0	2	1	0	1	1	0	0	1	4
2013/12/26-22:18:48	90	1,100.271	180.088	6	0	1	0	0	0	0	1	0	0	1	8
2013/12/26-22:56:56	90	1,095.886	160.546	0	0	0	2	0	0	0	1	1	0	0	4
2013/12/26-22:57:19	90	1,095.886	160.546	14	0	0	0	0	0	1	1	0	0	1	14
2013/12/26-22:57:54	90	1,095.886	160.546	2	0	1	0	0	0	0	1	0	0	1	10
2013/12/26-22:58:23	90	1,095.886	160.546	0	0	0	0	0	0	0	1	1	0	0	3
2013/12/26-22:58:45	90	1,095.886	160.546	6	0	1	0	0	0	0	1	0	0	1	20
2013/12/26-22:59:23	90	1,095.886	160.546	20	0	0	0	0	0	1	1	0	0	1	25
2013/12/26-23:00:07	90	1,095.886	160.546	6	0	0	1	0	0	1	1	0	0	1	15
2013/12/26-23:19:14	90	1,095.886	160.546	1	0	0	0	0	0	1	1	0	0	1	3
2013/12/26-23:20:13	90	1,095.886	160.546	3	0	0	1	1	0	1	1	0	0	1	3
2013/12/26-23:20:35	90	1,095.886	160.546	5	0	0	0	0	0	1	1	0	0	1	5
2013/12/26-23:20:59	90	1,095.886	160.546	7	0	0	3	0	0	1	1	0	0	1	26
2013/12/26-23:21:43	90	1,095.886	160.546	9	0	1	0	0	0	0	1	0	0	1	8
2013/12/26-23:27:03	90	1,095.886	160.546	2	0	0	0	1	0	1	1	0	0	1	9
2013/12/26-23:27:36	90	1,095.886	160.546	14	0	0	0	0	0	1	1	0	0	1	47
2013/12/26-23:34:13	41	1,630.562	151.728	11	0	1	0	0	0	0	1	0	0	1	9
2013/12/26-23:34:59	41	1,630.562	151.728	3	0	1	0	0	0	0	1	0	0	1	8
2013/12/26-23:35:38	41	1,630.562	151.728	0	0	1	0	0	0	0	1	0	0	1	5
2013/12/26-23:36:06	41	1,630.562	151.728	4	0	1	1	0	0	0	1	0	0	1	9
2013/12/26-23:37:02	41	1,630.562	151.728	0	0	1	0	0	0	0	1	0	0	1	3
2013/12/26-23:37:24	41	1,630.562	151.728	4	0	1	0	0	0	0	1	0	0	1	13
2013/12/26-23:37:56	41	1,630.562	151.728	1	0	0	0	0	0	1	1	0	0	1	3
2013/12/27-00:01:37	41	1,630.562	151.728	2	0	0	0	1	0	1	1	0	0	1	8
2013/12/27-00:02:05	41	1,630.562	151.728	4	0	1	1	1	0	0	1	0	0	1	11
2013/12/27-00:02:34	41	1,630.562	151.728	0	0	1	0	0	0	0	1	0	0	1	4
2013/12/27-00:02:57	41	1,630.562	151.728	3	0	0	0	0	0	1	1	0	0	1	10
2013/12/27-00:03:35	41	1,630.562	151.728	11	0	0	0	0	0	1	1	0	0	1	11
2013/12/27-00:04:40	41	1,630.562	151.728	8	0	0	0	0	0	1	1	0	0	1	12
2013/12/27-00:05:10	41	1,630.562	151.728	15	0	1	4	0	0	0	1	0	0	1	41
2013/12/27-00:06:25	41	1,630.562	151.728	15	0	0	3	0	0	1	1	0	0	1	13
2013/12/27-00:06:58	41	1,630.562	151.728	15	0	0	3	0	0	1	1	0	0	1	33
2013/12/27-00:07:49	41	1,630.562	151.728	12	0	0	0	2	0	1	1	1	0	0	11
2013/12/27-00:08:19	41	1,630.562	151.728	1	0	1	0	0	0	0	1	1	0	0	3
2013/12/27-00:08:41	41	1,630.562	151.728	22	0	0	5	0	0	1	1	0	0	1	63
2013/12/27-00:10:02	41	1,630.562	151.728	6	0	1	0	0	0	0	1	0	0	1	7
2013/12/27-00:10:28	41	1,630.562	151.728	2	0	1	0	0	0	0	1	0	0	1	6
2013/12/27-00:42:08	74	1,351.001	115.406	6	0	1	0	0	0	0	1	0	0	1	7
2013/12/27-00:42:34	74	1,351.001	115.406	4	0	0	0	0	0	1	1	0	0	1	13
2013/12/27-00:43:38	74	1,351.001	115.406	1	0	0	0	0	0	1	1	0	0	1	7
2013/12/27-00:44:04	74	1,351.001	115.406	13	0	0	1	0	0	1	1	0	0	1	14
2013/12/27-00:44:37	74	1,351.001	115.406	4	0	0	0	1	0	1	1	0	0	1	9
2013/12/27-00:45:05	74	1,351.001	115.406	9	0	1	0	0	0	0	1	0	0	1	26
2013/12/27-00:45:50	74	1,351.001	115.406	0	0	1	1	0	0	0	1	0	0	1	50
2013/12/27-01:03:15	63	1,472.193	105.904	7	0	1	0	0	0	0	1	0	0	1	11
2013/12/27-01:03:52	63	1,472.193	105.904	15	0	1	0	0	0	0	1	0	0	1	41
2013/12/27-01:05:19	63	1,472.193	105.904	2	0	0	0	0	0	1	1	0	0	1	8
2013/12/27-01:05:46	63	1,472.193	105.904	15	0	0	0	1	0	1	1	0	0	1	13
2013/12/27-01:06:18	63	1,472.193	105.904	13	0	0	2	0	0	1	1	0	0	1	20
2013/12/27-01:07:19	63	1,472.193	105.904	1	0	1	0	1	0	0	1	0	0	1	3
2013/12/27-01:07:41	63	1,472.193	105.904	1	0	0	1	1	0	1	1	0	0	1	4
2013/12/27-01:13:17	63	1,472.193	105.904	5	0	0	0	0	0	1	1	0	0	1	5
2013/12/27-01:13:44	63	1,472.193	105.904	4	0	0	0	1	0	0	1	1	0	0	14
2013/12/27-01:14:16	63	1,472.193	105.904	0	0	1	1	0	0	0	1	1	0	0	6
2013/12/27-01:14:51	63	1,472.193	105.904	13	0	0	1	2	0	1	1	1	0	0	65
2013/12/27-01:16:15	63	1,472.193	105.904	1	0	0	0	0	0	1	1	0	0	1	3
2013/12/27-01:17:02	63	1,472.193	105.904	3	0	0	0	0	0	0	1	1	0	0	14
2013/12/27-01:17:35	63	1,472.193	105.904	4	0	0	0	2	0	1	1	0	0	1	6
2013/12/27-01:32:14	63	1,472.193	105.904	5	0	1	1	0	0	0	1	0	0	1	12
2013/12/27-01:33:16	63	1,472.193	105.904	2	0	0	0	0	0	1	1	0	0	1	10
2013/12/27-01:33:53	63	1,472.193	105.904	2	0	0	0	1	0	0	1	1	0	0	7
2013/12/27-01:34:19	63	1,472.193	105.904	6	0	0	0	0	0	1	1	0	0	1	31
2013/12/27-01:35:09	63	1,472.193	105.904	0	0	1	1	0	0	0	1	0	0	1	71
2013/12/27-01:36:38	63	1,472.193	105.904	3	0	0	1	0	0	1	1	0	0	1	6
2013/12/27-01:37:03	63	1,472.193	105.904	8	0	0	0	0	0	1	1	0	0	1	9
2013/12/27-01:55:12	36	1,649.424	85.655	12	0	1	3	0	0	0	1	0	0	1	26
2013/12/27-01:56:02	36	1,649.424	85.655	3	0	0	1	0	0	1	1	0	0	1	5
2013/12/27-01:56:26	36	1,649.424	85.655	2	0	0	0	1	0	0	1	1	0	0	8
2013/12/27-01:56:53	36	1,649.424	85.655	8	0	1	0	1	0	0	1	0	0	1	10
2013/12/27-01:57:23	36	1,649.424	85.655	37	0	0	0	0	0	1	1	0	0	1	32
2013/12/27-01:58:22	36	1,649.424	85.655	7	0	1	1	0	0	0	1	0	0	1	26
2013/12/27-01:59:08	36	1,649.424	85.655	14	0	0	0	0	0	1	1	0	0	1	40
2013/12/27-02:05:49	36	1,649.424	85.655	7	0	1	0	0	0	0	1	0	0	1	7
2013/12/27-02:06:39	36	1,649.424	85.655	5	0	0	0	1	0	1	1	0	0	1	13
2013/12/27-02:07:14	36	1,649.424	85.655	2	0	1	0	0	0	0	1	0	0	1	4
2013/12/27-02:09:15	36	1,649.424	85.655	3	0	1	0	0	0	0	1	0	0	1	9
2013/12/27-02:09:44	36	1,649.424	85.655	2	0	1	0	0	0	0	1	0	0	1	5
2013/12/27-02:10:09	36	1,649.424	85.655	2	0	1	0	0	0	0	1	1	0	0	7
2013/12/27-02:10:39	36	1,649.424	85.655	0	0	1	0	0	0	0	1	0	0	1	2
2013/12/27-02:23:16	40	1,621.057	73.026	10	0	1	0	0	0	0	1	0	0	1	32
2013/12/27-02:24:07	40	1,621.057	73.026	1	0	0	0	0	0	1	1	0	0	1	4
2013/12/27-02:24:34	40	1,621.057	73.026	6	0	0	0	0	0	1	1	0	0	1	8
2013/12/27-02:25:06	40	1,621.057	73.026	4	0	0	0	0	0	0	1	1	0	0	6
2013/12/27-02:25:30	40	1,621.057	73.026	7	0	0	1	0	0	1	1	0	0	1	14
2013/12/27-02:26:21	40	1,621.057	73.026	0	0	1	0	0	0	0	1	0	0	1	4
2013/12/27-02:26:44	40	1,621.057	73.026	3	0	1	0	0	0	0	1	0	0	1	13
2013/12/27-02:38:28	40	1,621.057	73.026	1	0	1	0	0	0	0	1	0	0	1	3
2013/12/27-02:38:49	40	1,621.057	73.026	3	0	0	0	2	0	0	1	1	0	0	10
2013/12/27-02:39:18	40	1,621.057	73.026	4	0	0	0	1	0	1	1	0	0	1	12
2013/12/27-02:39:49	40	1,621.057	73.026	16	0	0	0	0	0	1	1	0	0	1	15
2013/12/27-02:40:40	40	1,621.057	73.026	3	0	0	2	0	0	1	1	0	0	1	5
2013/12/27-02:41:04	40	1,621.057	73.026	20	0	0	1	2	0	1	1	0	0	1	60
2013/12/27-02:42:22	40	1,621.057	73.026	6	0	1	0	2	0	0	1	1	0	0	8
2013/12/27-07:15:33	47	1,593.74	62.842	3	0	1	0	0	0	0	1	0	0	1	9
2013/12/27-07:16:01	47	1,593.74	62.842	5	0	0	1	0	0	1	1	0	0	1	6
2013/12/27-07:16:41	47	1,593.74	62.842	2	0	0	0	0	0	0	1	1	0	0	3
2013/12/27-07:17:03	47	1,593.74	62.842	2	0	1	0	0	0	0	1	0	0	1	7
2013/12/27-07:18:42	47	1,593.74	62.842	11	0	0	3	0	0	1	1	0	0	1	25
2013/12/27-07:19:48	47	1,593.74	62.842	1	0	0	0	0	0	0	1	1	0	0	4
2013/12/27-07:20:11	47	1,593.74	62.842	1	0	1	3	0	0	0	1	0	0	1	21
2013/12/27-07:36:51	47	1,593.74	62.842	13	0	0	0	0	0	1	1	0	0	1	39
2013/12/27-07:38:15	47	1,593.74	62.842	11	0	1	1	1	0	0	1	0	0	1	30
2013/12/27-07:39:04	47	1,593.74	62.842	3	0	0	0	0	0	0	1	1	0	0	5
2013/12/27-07:39:27	47	1,593.74	62.842	0	0	0	0	0	0	0	1	1	0	0	3
2013/12/27-07:39:49	47	1,593.74	62.842	15	0	0	0	1	0	0	1	1	0	0	14
2013/12/27-07:40:22	47	1,593.74	62.842	1	0	0	0	1	0	1	1	0	0	1	3
2013/12/27-07:41:17	47	1,593.74	62.842	3	0	0	2	1	0	1	1	0	0	1	3
2013/12/27-08:06:21	49	1,580.138	55.635	0	0	0	8	0	0	0	1	1	0	0	23
2013/12/27-08:07:03	49	1,580.138	55.635	1	0	0	0	2	0	1	1	1	0	0	8
2013/12/27-08:07:29	49	1,580.138	55.635	2	0	1	0	0	0	0	1	0	0	1	4
2013/12/27-08:07:52	49	1,580.138	55.635	15	0	0	0	0	0	1	1	0	0	1	17
2013/12/27-08:08:28	49	1,580.138	55.635	12	0	1	3	0	0	0	1	0	0	1	37
2013/12/27-08:09:24	49	1,580.138	55.635	2	0	1	0	0	0	0	1	0	0	1	3
2013/12/27-08:09:46	49	1,580.138	55.635	2	0	0	0	0	0	1	1	0	0	1	10
2013/12/27-08:40:25	47	1,600.94	52.527	1	0	0	0	1	0	1	1	0	0	1	3
2013/12/27-08:40:54	47	1,600.94	52.527	8	0	1	0	0	0	0	1	0	0	1	8
2013/12/27-08:41:21	47	1,600.94	52.527	1	0	0	1	0	0	0	1	1	0	0	3
2013/12/27-08:41:43	47	1,600.94	52.527	4	0	1	0	0	0	0	1	0	0	1	9
2013/12/27-08:42:16	47	1,600.94	52.527	17	0	1	0	1	0	0	1	0	0	1	60
2013/12/27-08:43:37	47	1,600.94	52.527	7	0	0	5	0	0	0	1	1	0	0	45
2013/12/27-08:44:40	47	1,600.94	52.527	3	0	1	0	0	0	0	1	0	0	1	41
2013/12/27-08:45:47	47	1,600.94	52.527	10	0	1	0	0	0	0	1	0	0	1	9
2013/12/27-08:46:52	47	1,600.94	52.527	0	0	1	0	0	0	0	1	0	0	1	6
2013/12/27-08:48:11	47	1,600.94	52.527	8	0	0	1	1	0	1	1	0	0	1	19
2013/12/27-08:49:04	47	1,600.94	52.527	3	0	0	0	0	0	1	1	0	0	1	9
2013/12/27-08:50:21	47	1,600.94	52.527	24	0	0	0	0	0	1	1	0	0	1	23
2013/12/27-08:51:03	47	1,600.94	52.527	2	0	1	0	0	0	0	1	0	0	1	7
2013/12/27-08:52:49	47	1,600.94	52.527	2	0	1	0	0	0	0	1	0	0	1	9
2013/12/27-08:59:26	47	1,600.94	52.527	3	0	0	0	0	0	1	1	0	0	1	6
2013/12/27-08:59:51	47	1,600.94	52.527	5	0	0	0	1	0	0	1	1	0	0	16
2013/12/27-09:00:25	47	1,600.94	52.527	3	0	0	0	0	0	1	1	0	0	1	9
2013/12/27-09:00:52	47	1,600.94	52.527	0	0	0	0	0	0	0	1	1	0	0	9
2013/12/27-09:01:20	47	1,600.94	52.527	0	0	1	5	0	0	0	1	0	0	1	46
2013/12/27-09:02:30	47	1,600.94	52.527	10	0	1	0	0	0	0	1	0	0	1	12
2013/12/27-09:03:01	47	1,600.94	52.527	12	0	0	0	0	0	1	1	0	0	1	25
2013/12/27-09:32:01	47	1,596.04	46.383	2	0	0	1	0	0	1	1	0	0	1	3
2013/12/27-09:32:23	47	1,596.04	46.383	17	0	0	7	1	0	1	1	0	0	1	39
2013/12/27-09:33:43	47	1,596.04	46.383	6	0	0	4	0	0	0	1	1	0	0	17
2013/12/27-09:34:20	47	1,596.04	46.383	20	0	0	0	0	0	1	1	0	0	1	19
2013/12/27-09:34:58	47	1,596.04	46.383	1	0	0	0	2	0	1	1	1	0	0	6
2013/12/27-09:35:23	47	1,596.04	46.383	9	0	0	2	0	0	1	1	0	0	1	27
2013/12/27-09:36:46	47	1,596.04	46.383	3	0	0	0	0	0	1	1	0	0	1	5
2013/12/27-09:37:21	47	1,596.04	46.383	12	0	0	0	1	0	1	1	0	0	1	12
2013/12/27-09:38:21	47	1,596.04	46.383	2	0	1	0	1	0	0	1	0	0	1	9
2013/12/27-09:38:50	47	1,596.04	46.383	0	0	1	0	0	0	0	1	0	0	1	6
2013/12/27-09:39:20	47	1,596.04	46.383	7	0	0	2	1	0	0	1	1	0	0	16
2013/12/27-09:39:54	47	1,596.04	46.383	7	0	1	0	1	0	0	1	0	0	1	19
2013/12/27-09:40:47	47	1,596.04	46.383	32	0	1	3	0	0	0	1	0	0	1	57
2013/12/27-09:42:07	47	1,596.04	46.383	2	0	1	0	1	0	0	1	0	0	1	7
2013/12/27-17:41:59	47	1,579.617	54.237	5	0	0	1	0	0	0	1	1	0	0	16
2013/12/27-17:42:34	47	1,579.617	54.237	2	0	0	0	0	0	1	1	0	0	1	11
2013/12/27-17:43:04	47	1,579.617	54.237	4	0	0	0	0	0	0	1	1	0	0	12
2013/12/27-17:43:35	47	1,579.617	54.237	2	0	0	0	1	0	0	1	1	0	0	9
2013/12/27-17:44:02	47	1,579.617	54.237	0	0	0	0	0	0	0	1	1	0	0	5
2013/12/27-17:52:48	47	1,579.617	54.237	3	0	1	0	0	0	0	1	0	0	1	8
2013/12/27-17:53:22	47	1,579.617	54.237	1	0	0	0	1	0	1	1	1	0	0	4
2013/12/27-17:53:45	47	1,579.617	54.237	22	0	0	4	2	0	0	1	1	0	0	60
2013/12/27-17:55:04	47	1,579.617	54.237	0	0	1	0	0	0	0	1	0	0	1	3
2013/12/27-17:56:07	47	1,579.617	54.237	5	0	0	0	1	0	0	1	1	0	0	12
2013/12/27-18:08:41	42	1,626.115	50.887	2	0	0	0	1	0	1	1	0	0	1	6
2013/12/27-18:09:06	42	1,626.115	50.887	10	0	0	2	0	0	1	1	0	0	1	28
2013/12/27-18:09:53	42	1,626.115	50.887	11	0	0	2	2	0	0	1	1	0	0	37
2013/12/27-18:10:53	42	1,626.115	50.887	20	0	0	0	3	0	0	1	1	0	0	44
2013/12/27-18:11:55	42	1,626.115	50.887	8	0	1	0	0	0	0	1	0	0	1	37
2013/12/27-19:51:03	42	1,626.115	50.887	5	0	0	2	0	0	1	1	0	0	1	15
2013/12/27-19:51:38	42	1,626.115	50.887	0	0	1	0	0	0	0	1	0	0	1	4
2013/12/27-19:52:22	42	1,626.115	50.887	1	0	0	0	2	0	1	1	1	0	0	7
2013/12/27-19:52:48	42	1,626.115	50.887	3	0	0	0	0	0	1	1	0	0	1	10
2013/12/27-19:53:16	42	1,626.115	50.887	2	0	0	0	2	0	0	1	1	0	0	10
2013/12/27-20:04:53	37	1,655.397	47.739	3	0	0	0	0	0	1	1	0	0	1	5
2013/12/27-20:05:18	37	1,655.397	47.739	1	0	0	0	0	0	0	1	1	0	0	4
2013/12/27-20:05:41	37	1,655.397	47.739	5	0	0	0	0	0	1	1	0	0	1	17
2013/12/27-20:06:16	37	1,655.397	47.739	14	0	1	1	0	0	0	1	0	0	1	21
2013/12/27-20:06:56	37	1,655.397	47.739	5	0	1	0	2	0	0	1	0	0	1	19
2013/12/27-20:25:14	37	1,655.397	47.739	9	0	0	0	0	0	1	1	0	0	1	16
2013/12/27-20:25:49	37	1,655.397	47.739	9	0	0	0	1	0	1	1	0	0	1	8
2013/12/27-20:26:17	37	1,655.397	47.739	5	0	0	0	0	0	1	1	0	0	1	16
2013/12/27-20:27:35	37	1,655.397	47.739	3	0	0	0	0	0	1	1	0	0	1	11
2013/12/27-20:28:14	37	1,655.397	47.739	1	0	0	0	0	0	1	1	0	0	1	4
2013/12/27-20:36:28	36	1,656.885	44.947	1	0	1	0	0	0	0	1	0	0	1	4
2013/12/27-20:37:01	36	1,656.885	44.947	1	0	0	0	0	0	1	1	0	0	1	7
2013/12/27-20:37:27	36	1,656.885	44.947	5	0	0	0	0	0	1	1	0	0	1	17
2013/12/27-20:38:03	36	1,656.885	44.947	11	0	1	0	1	0	0	1	0	0	1	40
2013/12/27-20:39:02	36	1,656.885	44.947	9	0	0	0	0	0	1	1	0	0	1	8
2013/12/27-20:42:53	36	1,656.885	44.947	7	0	1	0	0	0	0	1	1	0	0	20
2013/12/27-20:43:32	36	1,656.885	44.947	2	0	1	0	1	0	0	1	0	0	1	4
2013/12/27-20:44:05	36	1,656.885	44.947	5	0	0	0	1	0	0	1	1	0	0	15
2013/12/27-20:44:39	36	1,656.885	44.947	7	0	0	0	1	0	1	1	0	0	1	8
2013/12/27-20:45:08	36	1,656.885	44.947	9	0	0	1	1	0	1	1	0	0	1	18
2013/12/27-21:01:02	38	1,649.785	42.93	2	0	0	0	0	0	1	1	0	0	1	7
2013/12/27-21:01:35	38	1,649.785	42.93	18	0	1	3	1	0	0	1	0	0	1	27
2013/12/27-21:02:21	38	1,649.785	42.93	1	0	1	0	1	0	0	1	0	0	1	3
2013/12/27-21:02:46	38	1,649.785	42.93	1	0	0	0	1	0	0	1	1	0	0	5
2013/12/27-21:03:10	38	1,649.785	42.93	9	0	1	0	0	0	0	1	0	0	1	8
2013/12/27-21:12:01	38	1,649.785	42.93	5	0	1	0	0	0	0	1	0	0	1	20
2013/12/27-21:12:41	38	1,649.785	42.93	1	0	1	0	0	0	0	1	0	0	1	3
2013/12/27-21:13:18	38	1,649.785	42.93	6	0	0	0	0	0	1	1	0	0	1	18
2013/12/27-21:13:55	38	1,649.785	42.93	9	0	0	0	1	0	0	1	1	0	0	13
2013/12/27-21:14:26	38	1,649.785	42.93	7	0	0	0	1	0	1	1	0	0	1	7
2013/12/27-21:36:36	40	1,639.406	40.95	9	0	1	0	0	0	0	1	0	0	1	8
2013/12/27-21:37:24	40	1,639.406	40.95	1	0	1	0	0	0	0	1	0	0	1	3
2013/12/27-21:37:45	40	1,639.406	40.95	14	0	0	0	0	0	1	1	0	0	1	13
2013/12/27-21:38:32	40	1,639.406	40.95	13	0	0	2	0	0	1	1	0	0	1	23
2013/12/27-21:39:14	40	1,639.406	40.95	6	0	0	0	0	0	0	1	1	0	0	18
2013/12/27-22:00:59	40	1,639.406	40.95	2	0	0	0	1	0	0	1	1	0	0	4
2013/12/27-22:01:22	40	1,639.406	40.95	1	0	0	0	0	0	1	1	0	0	1	3
2013/12/27-22:01:48	40	1,639.406	40.95	9	0	1	0	0	0	0	1	0	0	1	8
2013/12/27-22:02:41	40	1,639.406	40.95	1	0	1	0	0	0	0	1	0	0	1	3
2013/12/27-22:03:03	40	1,639.406	40.95	9	0	0	1	0	0	1	1	0	0	1	14
2013/12/27-22:08:31	40	1,639.406	40.95	2	0	0	0	0	0	1	1	0	0	1	7
2013/12/27-22:09:04	40	1,639.406	40.95	1	0	1	0	0	0	0	1	0	0	1	3
2013/12/27-22:09:29	40	1,639.406	40.95	6	0	0	0	0	0	1	1	0	0	1	25
2013/12/27-22:10:48	40	1,639.406	40.95	4	0	1	0	0	0	0	1	0	0	1	12
2013/12/27-22:11:25	40	1,639.406	40.95	7	0	0	1	0	0	1	1	0	0	1	18
2013/12/27-22:43:35	41	1,616.08	38.421	15	0	0	0	1	0	1	1	1	0	0	14
2013/12/27-22:49:03	41	1,616.08	38.421	9	0	0	1	0	0	0	1	1	0	0	30
2013/12/27-22:49:49	41	1,616.08	38.421	10	0	1	0	1	0	0	1	0	0	1	31
2013/12/27-22:50:39	41	1,616.08	38.421	9	0	1	0	1	0	0	1	0	0	1	24
2013/12/27-22:51:22	41	1,616.08	38.421	2	0	0	0	2	0	0	1	1	0	0	8
2013/12/27-23:06:03	41	1,616.08	38.421	4	0	0	0	1	0	1	1	0	0	1	5
2013/12/27-23:06:32	41	1,615.869	37.942	22	0	0	0	0	0	1	1	0	0	1	20
2013/12/27-23:07:11	41	1,615.869	37.942	5	0	0	5	0	0	1	1	0	0	1	14
2013/12/27-23:07:43	41	1,615.869	37.942	9	0	0	1	0	0	1	1	0	0	1	22
2013/12/27-23:08:49	41	1,615.869	37.942	7	0	1	0	1	0	0	1	0	0	1	20
2013/12/27-23:19:07	41	1,615.869	37.942	11	0	0	0	0	0	1	1	0	0	1	11
2013/12/27-23:20:03	41	1,615.869	37.942	1	0	1	0	0	0	0	1	0	0	1	6
2013/12/27-23:20:49	41	1,615.869	37.942	6	0	1	0	0	0	0	1	0	0	1	6
2013/12/27-23:21:17	41	1,615.869	37.942	1	0	1	0	0	0	0	1	0	0	1	5
2013/12/27-23:21:45	41	1,615.869	37.942	14	0	0	2	1	0	0	1	1	0	0	44
2013/12/27-23:46:40	42	1,614.832	36.808	1	0	1	0	0	0	0	1	0	0	1	7
2013/12/27-23:47:59	42	1,614.832	36.808	4	0	0	0	0	0	1	1	0	0	1	5
2013/12/27-23:48:28	42	1,614.832	36.808	10	0	0	0	0	0	1	1	0	0	1	29
2013/12/27-23:49:17	42	1,614.832	36.808	2	0	1	0	0	0	0	1	0	0	1	9
2013/12/27-23:49:47	42	1,614.832	36.808	1	0	0	0	0	0	1	1	0	0	1	5
2013/12/27-23:58:01	42	1,614.832	36.808	2	0	0	0	0	0	0	1	1	0	0	10
2013/12/27-23:58:30	42	1,614.832	36.808	2	0	0	0	0	0	1	1	0	0	1	7
2013/12/27-23:58:56	42	1,614.832	36.808	2	0	1	0	0	0	0	1	0	0	1	6
2013/12/27-23:59:23	42	1,614.832	36.808	19	0	0	0	1	0	1	1	0	0	1	22
2013/12/28-00:00:03	42	1,614.832	36.808	2	0	1	0	0	0	0	1	0	0	1	4
2013/12/28-00:14:02	41	1,617.268	35.628	13	0	1	0	0	0	0	1	0	0	1	16
2013/12/28-00:14:38	41	1,617.268	35.628	3	0	1	0	1	0	0	1	0	0	1	15
2013/12/28-00:15:12	41	1,617.268	35.628	13	0	0	2	1	0	1	1	0	0	1	23
2013/12/28-00:15:55	41	1,617.268	35.628	9	0	1	0	0	0	0	1	0	0	1	8
2013/12/28-00:16:22	41	1,617.268	35.628	1	0	1	0	0	0	0	1	0	0	1	6
2013/12/28-00:20:06	41	1,617.268	35.628	9	0	1	0	0	0	0	1	0	0	1	10
2013/12/28-00:20:45	41	1,617.268	35.628	2	0	0	0	0	0	0	1	1	0	0	6
2013/12/28-00:21:11	41	1,617.268	35.628	19	0	0	0	1	0	1	1	0	0	1	19
2013/12/28-00:21:49	41	1,617.268	35.628	4	0	0	0	2	0	1	1	0	0	1	12
2013/12/28-00:22:20	41	1,617.268	35.628	4	0	0	0	0	0	1	1	0	0	1	11
2013/12/28-00:33:34	41	1,617.268	35.628	6	0	0	0	1	0	0	1	1	0	0	17
2013/12/28-00:34:10	41	1,617.268	35.628	12	0	0	1	1	0	1	1	0	0	1	16
2013/12/28-00:34:45	41	1,617.268	35.628	2	0	0	0	1	0	0	1	1	0	0	6
2013/12/28-00:35:11	41	1,617.268	35.628	16	0	0	0	1	0	0	1	1	0	0	15
2013/12/28-00:35:45	41	1,617.268	35.628	6	0	0	0	1	0	0	1	1	0	0	8
2013/12/28-00:50:57	41	1,626.26	34.333	0	0	1	0	0	0	0	1	0	0	1	5
2013/12/28-00:51:21	41	1,626.26	34.333	2	0	1	0	1	0	0	1	0	0	1	14
2013/12/28-00:51:54	41	1,626.26	34.333	2	0	0	0	0	0	1	1	0	0	1	7
2013/12/28-00:52:21	41	1,626.26	34.333	4	0	0	0	0	0	0	1	1	0	0	13
2013/12/28-00:52:52	41	1,626.26	34.333	9	0	1	0	0	0	0	1	0	0	1	9
2013/12/28-01:12:58	39	1,631.347	34.139	3	0	1	0	0	0	0	1	0	0	1	7
2013/12/28-01:13:24	39	1,631.347	34.139	2	0	1	0	0	0	0	1	0	0	1	3
2013/12/28-01:14:43	39	1,631.347	34.139	5	0	1	0	0	0	0	1	0	0	1	5
2013/12/28-01:15:17	39	1,631.347	34.139	1	0	0	0	0	0	1	1	0	0	1	5
2013/12/28-01:16:25	39	1,631.347	34.139	8	0	0	0	1	0	1	1	0	0	1	15
2013/12/28-01:24:38	39	1,631.347	34.139	15	0	1	0	0	0	0	1	0	0	1	18
2013/12/28-01:25:15	39	1,631.347	34.139	1	0	1	0	0	0	0	1	0	0	1	3
2013/12/28-01:26:24	39	1,631.347	34.139	8	0	1	0	0	0	0	1	0	0	1	28
2013/12/28-01:27:11	39	1,631.347	34.139	10	0	0	0	0	0	1	1	0	0	1	9
2013/12/28-01:28:30	39	1,631.347	34.139	2	0	0	0	0	0	1	1	0	0	1	6
2013/12/28-01:34:32	39	1,631.347	34.139	7	0	0	0	0	0	1	1	0	0	1	7
2013/12/28-01:35:51	39	1,631.347	34.139	28	0	0	2	1	0	1	1	0	0	1	39
2013/12/28-01:36:49	39	1,631.347	34.139	2	0	1	0	1	0	0	1	0	0	1	6
2013/12/28-01:37:29	39	1,631.347	34.139	3	0	1	0	1	0	0	1	0	0	1	7
2013/12/28-01:38:48	39	1,631.347	34.139	4	0	1	0	0	0	0	1	0	0	1	12
2013/12/28-01:50:35	40	1,613.779	32.834	18	0	0	1	1	0	0	1	1	0	0	45
2013/12/28-01:51:38	40	1,613.779	32.834	7	0	0	0	0	0	1	1	0	0	1	7
2013/12/28-01:52:28	40	1,613.779	32.834	2	0	1	0	1	0	0	1	0	0	1	10
2013/12/28-01:52:57	40	1,613.779	32.834	1	0	1	0	0	0	0	1	0	0	1	9
2013/12/28-01:54:16	40	1,613.779	32.834	5	0	1	0	0	0	0	1	0	0	1	14
2013/12/28-02:06:56	40	1,613.779	32.834	3	0	0	0	0	0	0	1	1	0	0	7
2013/12/28-02:07:22	40	1,613.779	32.834	7	0	0	0	1	0	1	1	1	0	0	30
2013/12/28-02:08:11	40	1,613.779	32.834	15	0	0	0	1	0	0	1	1	0	0	15
2013/12/28-02:08:45	40	1,613.779	32.834	6	0	0	0	2	0	0	1	1	0	0	6
2013/12/28-02:09:10	40	1,613.779	32.834	3	0	0	0	1	0	1	1	0	0	1	6
2013/12/28-02:23:14	40	1,616.914	32.557	5	0	0	0	1	0	1	1	0	0	1	11
2013/12/28-02:23:44	40	1,616.914	32.557	9	0	1	0	0	0	0	1	0	0	1	8
2013/12/28-02:24:32	40	1,616.914	32.557	1	0	1	0	0	0	0	1	0	0	1	6
2013/12/28-02:24:58	40	1,616.914	32.557	2	0	0	0	0	0	0	1	1	0	0	4
2013/12/28-02:25:22	40	1,616.914	32.557	1	0	1	0	0	0	0	1	0	0	1	4
2013/12/28-02:46:49	39	1,615.89	32.722	4	0	0	0	0	0	1	1	0	0	1	10
2013/12/28-02:47:40	39	1,615.89	32.722	4	0	0	0	1	0	1	1	0	0	1	4
2013/12/28-02:48:20	39	1,615.89	32.722	1	0	1	0	0	0	0	1	0	0	1	3
2013/12/28-02:48:43	39	1,615.89	32.722	2	0	0	0	0	0	1	1	0	0	1	6
2013/12/28-02:49:27	39	1,615.89	32.722	2	0	1	0	0	0	0	1	0	0	1	6
2013/12/28-02:56:12	39	1,615.89	32.722	11	0	0	0	1	0	0	1	1	0	0	12
2013/12/28-02:56:43	39	1,615.89	32.722	6	0	0	0	0	0	1	1	0	0	1	17
2013/12/28-02:57:19	39	1,615.89	32.722	11	0	0	0	1	0	1	1	0	0	1	46
2013/12/28-02:58:28	39	1,615.89	32.722	1	0	1	0	0	0	0	1	0	0	1	3
2013/12/28-02:58:51	39	1,615.89	32.722	2	0	1	0	0	0	0	1	0	0	1	7
2013/12/28-03:09:20	39	1,615.89	32.722	10	0	0	0	0	0	1	1	0	0	1	24
2013/12/28-03:10:05	39	1,615.89	32.722	3	0	0	0	1	0	0	1	1	0	0	6
2013/12/28-03:10:31	39	1,615.89	32.722	1	0	0	0	0	0	1	1	0	0	1	3
2013/12/28-03:10:53	39	1,615.89	32.722	9	0	1	0	1	0	0	1	0	0	1	8
2013/12/28-03:11:19	42	1,606.987	31.737	2	0	1	0	1	0	0	1	0	0	1	5
2013/12/28-03:25:21	42	1,606.987	31.737	0	0	1	0	0	0	0	1	0	0	1	11
2013/12/28-03:25:51	42	1,606.987	31.737	1	0	1	0	1	0	0	1	0	0	1	6
2013/12/28-03:26:20	42	1,606.987	31.737	5	0	0	2	0	0	1	1	0	0	1	12
2013/12/28-03:27:39	42	1,606.987	31.737	1	0	0	0	0	0	1	1	0	0	1	3
2013/12/28-03:28:05	42	1,606.987	31.737	9	0	0	0	0	0	1	1	0	0	1	8
2013/12/28-03:36:29	42	1,606.987	31.737	12	0	1	0	0	0	0	1	0	0	1	13
2013/12/28-03:37:02	42	1,606.987	31.737	1	0	0	0	1	0	1	1	1	0	0	4
2013/12/28-03:37:25	42	1,606.987	31.737	3	0	1	0	0	0	0	1	0	0	1	9
2013/12/28-03:38:05	42	1,606.987	31.737	3	0	1	0	0	0	0	1	0	0	1	4
2013/12/28-03:38:29	42	1,606.987	31.737	5	0	0	0	0	0	0	1	1	0	0	20
2013/12/28-03:43:48	41	1,608.605	31.089	2	0	0	0	0	0	1	1	0	0	1	9
2013/12/28-03:44:56	41	1,608.605	31.089	2	0	1	0	1	0	0	1	0	0	1	3
2013/12/28-03:45:22	41	1,608.605	31.089	1	0	1	0	0	0	0	1	0	0	1	5
2013/12/28-03:45:46	41	1,608.605	31.089	2	0	0	0	1	0	1	1	0	0	1	7
2013/12/28-03:46:18	41	1,608.605	31.089	3	0	0	0	0	0	1	1	0	0	1	9
2013/12/28-03:56:38	41	1,608.605	31.089	10	0	0	0	0	0	1	1	0	0	1	9
2013/12/28-03:57:06	41	1,608.605	31.089	2	0	0	0	2	0	0	1	1	0	0	3
2013/12/28-03:57:29	41	1,608.605	31.089	2	0	0	0	1	0	0	1	1	0	0	4
2013/12/28-03:57:52	41	1,608.605	31.089	3	0	0	0	1	0	0	1	1	0	0	18
2013/12/28-03:58:29	41	1,608.605	31.089	2	0	0	0	0	0	1	1	0	0	1	6
2013/12/28-04:12:05	42	1,603.693	30.88	21	0	0	0	1	0	0	1	1	0	0	17
2013/12/28-04:12:41	42	1,603.693	30.88	1	0	0	0	0	0	1	1	0	0	1	5
2013/12/28-04:13:07	42	1,603.693	30.88	2	0	1	0	0	0	0	1	0	0	1	11
2013/12/28-04:13:37	42	1,603.693	30.88	1	0	1	0	0	0	0	1	0	0	1	7
2013/12/28-04:14:09	42	1,603.693	30.88	4	0	1	0	0	0	0	1	0	0	1	20
2013/12/28-04:26:33	42	1,603.693	30.88	2	0	1	0	0	0	0	1	0	0	1	6
2013/12/28-04:27:02	42	1,603.693	30.88	4	0	1	0	1	0	0	1	0	0	1	16
2013/12/28-04:27:47	42	1,603.693	30.88	23	0	1	2	1	0	0	1	0	0	1	29
2013/12/28-04:28:35	42	1,603.693	30.88	10	0	0	0	1	0	1	1	0	0	1	10
2013/12/28-04:29:10	42	1,603.693	30.88	4	0	1	0	0	0	0	1	0	0	1	8
2013/12/28-04:37:17	43	1,599.691	30.552	7	0	0	0	1	0	1	1	0	0	1	7
2013/12/28-04:37:44	43	1,599.691	30.552	3	0	1	0	0	0	0	1	0	0	1	15
2013/12/28-04:38:18	43	1,599.691	30.552	1	0	0	0	1	0	1	1	0	0	1	3
2013/12/28-04:38:41	43	1,599.691	30.552	1	0	1	0	0	0	0	1	0	0	1	9
2013/12/28-04:39:09	43	1,599.691	30.552	1	0	0	0	0	0	1	1	0	0	1	5
2013/12/28-04:51:05	43	1,599.691	30.552	1	0	0	0	0	0	0	1	1	0	0	13
2013/12/28-04:51:37	43	1,599.691	30.552	3	0	0	0	0	0	0	1	1	0	0	8
2013/12/28-04:52:04	43	1,599.691	30.552	10	0	0	0	2	0	1	1	0	0	1	11
2013/12/28-04:52:34	43	1,599.691	30.552	10	0	0	0	1	0	1	1	1	0	0	8
2013/12/28-04:53:01	43	1,599.691	30.552	4	0	0	0	0	0	0	1	1	0	0	16
2013/12/28-05:17:10	42	1,605.1	30.332	5	0	1	0	0	0	0	1	0	0	1	14
2013/12/28-05:17:44	42	1,605.1	30.332	4	0	0	0	1	0	0	1	1	0	0	17
2013/12/28-05:18:20	42	1,605.1	30.332	1	0	0	0	0	0	1	1	0	0	1	3
2013/12/28-05:18:48	42	1,605.1	30.332	10	0	0	0	0	0	1	1	0	0	1	29
2013/12/28-05:19:43	42	1,605.1	30.332	18	0	0	0	1	0	0	1	1	0	0	17
2013/12/28-05:34:45	42	1,605.1	30.332	25	0	0	0	0	0	1	1	0	0	1	27
2013/12/28-05:35:32	42	1,605.1	30.332	6	0	0	0	0	0	1	1	0	0	1	21
2013/12/28-05:36:15	42	1,605.1	30.332	1	0	1	0	0	0	0	1	0	0	1	3
2013/12/28-05:37:34	42	1,605.1	30.332	5	0	1	0	0	0	0	1	0	0	1	19
2013/12/28-05:38:13	40	1,610.001	30.241	9	0	0	2	0	0	1	1	0	0	1	25
2013/12/28-05:45:43	40	1,610.001	30.241	2	0	0	0	1	0	1	1	0	0	1	9
2013/12/28-05:46:11	40	1,610.001	30.241	4	0	1	0	0	0	0	1	0	0	1	12
2013/12/28-05:46:53	40	1,610.001	30.241	5	0	0	0	0	0	1	1	0	0	1	19
2013/12/28-05:47:31	40	1,610.001	30.241	3	0	0	0	0	0	1	1	0	0	1	11
2013/12/28-05:48:02	40	1,610.001	30.241	2	0	1	0	0	0	0	1	0	0	1	7
2013/12/28-05:57:32	40	1,610.001	30.241	3	0	0	0	0	0	1	1	0	0	1	11
2013/12/28-05:58:16	40	1,610.001	30.241	9	0	0	0	0	0	1	1	0	0	1	9
2013/12/28-05:59:31	40	1,610.001	30.241	6	0	0	0	1	0	1	1	0	0	1	15
2013/12/28-06:00:37	40	1,610.001	30.241	13	0	0	0	0	0	1	1	0	0	1	13
2013/12/28-06:01:48	40	1,610.001	30.241	1	0	1	0	0	0	0	1	0	0	1	7
2013/12/28-06:09:49	43	1,603.076	29.869	1	0	0	0	1	0	1	1	0	0	1	3
2013/12/28-06:10:11	43	1,603.076	29.869	6	0	0	0	0	0	1	1	0	0	1	14
2013/12/28-06:10:43	43	1,603.076	29.869	1	0	0	0	0	0	0	1	1	0	0	5
2013/12/28-06:11:07	43	1,603.076	29.869	14	0	0	0	1	0	1	1	0	0	1	12
2013/12/28-06:11:39	43	1,603.076	29.869	5	0	0	0	3	0	1	1	1	0	0	16
2013/12/28-06:28:48	43	1,603.076	29.869	6	0	1	0	1	0	0	1	0	0	1	11
2013/12/28-06:29:18	43	1,603.076	29.869	1	0	1	0	0	0	0	1	0	0	1	4
2013/12/28-06:30:07	43	1,603.076	29.869	10	0	1	0	1	0	0	1	0	0	1	39
2013/12/28-06:31:05	43	1,603.076	29.869	0	0	1	0	0	0	0	1	0	0	1	7
2013/12/28-06:31:34	43	1,603.076	29.869	5	0	0	2	0	0	0	1	1	0	0	14
2013/12/28-06:50:07	43	1,604.293	29.647	5	0	0	1	0	0	1	1	0	0	1	24
2013/12/28-06:50:50	43	1,604.293	29.647	2	0	1	0	0	0	0	1	0	0	1	13
2013/12/28-06:51:22	43	1,604.293	29.647	8	0	1	0	0	0	0	1	0	0	1	7
2013/12/28-06:51:48	43	1,604.293	29.647	2	0	0	0	1	0	0	1	1	0	0	6
2013/12/28-06:52:13	43	1,604.293	29.647	5	0	1	1	0	0	0	1	0	0	1	12
2013/12/28-07:02:04	43	1,604.293	29.647	9	0	0	0	0	0	1	1	0	0	1	9
2013/12/28-07:02:40	43	1,604.293	29.647	2	0	1	0	0	0	0	1	0	0	1	6
2013/12/28-07:03:05	43	1,604.293	29.647	4	0	0	0	0	0	1	1	0	0	1	12
2013/12/28-07:04:11	43	1,604.293	29.647	6	0	1	5	0	0	0	1	0	0	1	15
2013/12/28-07:05:23	43	1,604.293	29.647	3	0	1	0	0	0	0	1	0	0	1	5
2013/12/28-07:16:10	43	1,603.408	29.42	4	0	1	0	0	0	0	1	0	0	1	13
2013/12/28-07:16:43	43	1,603.408	29.42	9	0	0	0	0	0	1	1	0	0	1	9
2013/12/28-07:17:27	43	1,603.408	29.42	5	0	1	1	1	0	0	1	0	0	1	31
2013/12/28-07:18:46	43	1,603.408	29.42	1	0	1	0	0	0	0	1	0	0	1	3
2013/12/28-07:19:08	43	1,603.408	29.42	7	0	1	0	0	0	0	1	0	0	1	25
2013/12/28-09:36:41	43	1,600.678	33.952	3	0	0	0	0	0	1	1	0	0	1	10
2013/12/28-09:37:10	43	1,600.678	33.952	4	0	1	0	0	0	0	1	0	0	1	13
2013/12/28-09:37:50	43	1,600.678	33.952	7	0	0	0	1	0	1	1	0	0	1	7
2013/12/28-09:38:15	43	1,600.678	33.952	1	0	1	0	0	0	0	1	0	0	1	5
2013/12/28-09:38:40	43	1,600.678	33.952	11	0	1	1	1	0	0	1	0	0	1	22
2013/12/28-10:01:34	43	1,600.678	33.952	8	0	0	1	1	0	0	1	1	0	0	23
2013/12/28-10:02:17	43	1,600.678	33.952	4	0	1	0	1	0	0	1	0	0	1	13
2013/12/28-10:02:51	43	1,600.678	33.952	3	0	0	0	0	0	0	1	1	0	0	10
2013/12/28-10:03:20	43	1,600.678	33.952	11	0	0	0	0	0	1	1	0	0	1	10
2013/12/28-10:04:19	43	1,600.678	33.952	27	0	0	2	0	0	1	1	0	0	1	39
2013/12/28-10:23:38	47	1,601.194	33.123	8	0	1	0	0	0	0	1	0	0	1	8
2013/12/28-10:24:57	47	1,601.194	33.123	9	0	0	1	2	0	0	1	1	0	0	30
2013/12/28-10:25:45	47	1,601.194	33.123	7	0	1	0	0	0	0	1	0	0	1	25
2013/12/28-10:26:53	47	1,601.194	33.123	3	0	0	0	1	0	1	1	0	0	1	12
2013/12/28-10:27:41	47	1,601.194	33.123	4	0	0	0	1	0	0	1	1	0	0	14
2013/12/28-16:11:22	43	1,601.376	46.599	1	0	0	0	0	0	1	1	0	0	1	3
2013/12/28-16:12:05	43	1,601.376	46.599	11	0	1	1	1	0	0	1	0	0	1	30
2013/12/28-16:12:54	43	1,601.376	46.599	5	0	0	0	1	0	1	1	0	0	1	18
2013/12/28-16:13:42	43	1,601.376	46.599	2	0	0	0	0	0	0	1	1	0	0	6
2013/12/28-16:14:07	43	1,601.376	46.599	2	0	1	0	1	0	0	1	0	0	1	7
2013/12/28-16:18:59	43	1,601.376	46.599	1	0	0	0	0	0	0	1	1	0	0	3
2013/12/28-16:19:21	43	1,601.376	46.599	22	0	1	0	0	0	0	1	0	0	1	21
2013/12/28-16:20:02	43	1,601.376	46.599	3	0	1	0	0	0	0	1	0	0	1	5
2013/12/28-16:20:26	43	1,601.376	46.599	6	0	0	0	0	0	1	1	0	0	1	18
2013/12/28-16:21:09	43	1,601.376	46.599	1	0	0	0	0	0	0	1	1	0	0	4
2013/12/28-16:39:34	43	1,603.099	43.93	13	0	1	0	0	0	0	1	0	0	1	46
2013/12/28-16:40:39	43	1,603.099	43.93	1	0	0	0	0	0	1	1	0	0	1	6
2013/12/28-16:41:37	43	1,603.099	43.93	6	0	0	0	1	0	1	1	0	0	1	7
2013/12/28-16:42:03	43	1,603.099	43.93	5	0	0	0	1	0	1	1	0	0	1	16
2013/12/28-16:43:22	43	1,603.099	43.93	9	0	0	0	1	0	1	1	0	0	1	8
2013/12/28-19:03:48	45	1,598.945	48.681	0	0	0	0	0	0	0	1	1	0	0	60
2013/12/28-19:05:07	45	1,598.945	48.681	5	0	0	0	2	0	0	1	1	0	0	18
2013/12/28-19:05:44	45	1,598.945	48.681	5	0	0	0	1	0	0	1	1	0	0	16
2013/12/28-19:06:19	45	1,598.945	48.681	16	0	0	0	0	0	1	1	0	0	1	30
2013/12/28-19:07:08	45	1,598.945	48.681	2	0	0	0	0	0	1	1	0	0	1	8
2013/12/28-19:16:07	45	1,598.945	48.681	11	0	0	0	1	0	1	1	0	0	1	38
2013/12/28-19:17:04	45	1,598.945	48.681	11	0	1	0	0	0	0	1	0	0	1	32
2013/12/28-19:18:02	45	1,598.945	48.681	6	0	0	0	0	0	1	1	0	0	1	19
2013/12/28-19:19:21	45	1,598.945	48.681	3	0	0	0	0	0	1	1	0	0	1	8
2013/12/28-19:20:09	45	1,598.945	48.681	4	0	0	0	0	0	0	1	1	0	0	14
2013/12/28-19:29:48	46	1,592.993	46.395	9	0	0	1	2	0	1	1	0	0	1	28
2013/12/28-19:30:35	46	1,592.993	46.395	2	0	0	0	1	0	0	1	1	0	0	4
2013/12/28-19:30:59	46	1,592.993	46.395	2	0	0	0	2	0	0	1	1	0	0	4
2013/12/28-19:31:23	46	1,592.993	46.395	2	0	0	0	1	0	0	1	1	0	0	6
2013/12/28-19:31:48	46	1,592.993	46.395	11	0	0	0	2	0	0	1	1	0	0	24
2013/12/29-00:19:01	43	1,605.213	53.486	1	0	0	0	0	0	1	1	0	0	1	3
2013/12/29-00:19:44	43	1,605.213	53.486	11	0	0	2	1	0	1	1	0	0	1	17
2013/12/29-00:20:27	43	1,605.213	53.486	8	0	0	1	1	0	1	1	0	0	1	22
2013/12/29-00:21:21	43	1,605.213	53.486	6	0	0	0	1	0	1	1	0	0	1	8
2013/12/29-00:22:00	43	1,605.213	53.486	21	0	0	0	1	0	1	1	0	0	1	20
2013/12/29-00:33:16	43	1,605.213	53.486	4	0	0	0	1	0	0	1	1	0	0	14
2013/12/29-00:33:49	43	1,605.213	53.486	7	0	1	0	0	0	0	1	0	0	1	14
2013/12/29-00:34:40	43	1,605.213	53.486	1	0	1	0	0	0	0	1	0	0	1	3
2013/12/29-00:35:01	43	1,605.213	53.486	16	0	0	0	0	0	1	1	0	0	1	18
2013/12/29-00:36:20	43	1,605.213	53.486	9	0	0	0	0	0	1	1	0	0	1	9
2013/12/29-00:44:08	43	1,605.213	53.486	29	0	0	0	0	0	0	1	1	0	0	60
2013/12/29-00:45:27	43	1,605.213	53.486	1	0	0	0	1	0	1	1	0	0	1	3
2013/12/29-00:45:49	43	1,605.213	53.486	3	0	0	0	0	0	1	1	0	0	1	7
2013/12/29-00:46:30	43	1,605.213	53.486	1	0	0	0	0	0	1	1	0	0	1	5
2013/12/29-00:47:49	43	1,605.213	53.486	9	0	1	0	0	0	0	1	0	0	1	8
2013/12/29-03:19:36	50	1,579.027	53.651	7	0	0	0	1	0	0	1	1	0	0	32
2013/12/29-03:20:26	50	1,582.651	53.861	13	0	0	0	1	0	0	1	1	0	0	40
2013/12/29-03:21:25	50	1,582.651	53.861	5	0	0	0	0	0	0	1	1	0	0	14
2013/12/29-03:21:59	50	1,582.651	53.861	1	0	0	0	0	0	1	1	0	0	1	8
2013/12/29-03:22:25	50	1,582.651	53.861	1	0	0	0	0	0	0	1	1	0	0	3
2013/12/29-03:33:30	50	1,582.651	53.861	3	0	0	0	1	0	1	1	0	0	1	14
2013/12/29-03:34:03	50	1,582.651	53.861	2	0	0	0	0	0	1	1	0	0	1	9
2013/12/29-03:34:41	50	1,582.651	53.861	4	0	1	1	0	0	0	1	0	0	1	17
2013/12/29-03:35:57	50	1,582.651	53.861	9	0	1	0	1	0	0	1	0	0	1	26
2013/12/29-03:36:42	50	1,582.651	53.861	2	0	1	0	0	0	0	1	0	0	1	6
2013/12/29-03:42:44	50	1,582.651	53.861	1	0	0	0	0	0	1	1	0	0	1	3
2013/12/29-03:44:03	50	1,582.651	53.861	10	0	0	1	0	0	1	1	0	0	1	43
2013/12/29-03:45:11	50	1,582.651	53.861	1	0	0	0	0	0	0	1	1	0	0	3
2013/12/29-03:45:34	50	1,582.651	53.861	8	0	0	0	0	0	1	1	0	0	1	35
2013/12/29-03:46:27	50	1,582.651	53.861	9	0	0	0	0	0	0	1	1	0	0	30
2013/12/29-09:50:19	49	1,578.392	61.395	9	0	1	2	0	0	0	1	0	0	1	15
2013/12/29-09:51:17	49	1,578.392	61.395	9	0	0	1	0	0	1	1	0	0	1	21
2013/12/29-09:52:08	49	1,578.392	61.395	7	0	1	1	0	0	0	1	0	0	1	13
2013/12/29-09:53:04	49	1,578.392	61.395	6	0	0	0	1	0	0	1	1	0	0	20
2013/12/29-09:53:43	49	1,578.392	61.395	5	0	0	1	0	0	1	1	0	0	1	14
2013/12/29-09:59:24	49	1,578.392	61.395	9	0	0	0	1	0	1	1	0	0	1	27
2013/12/29-10:00:09	49	1,578.392	61.395	12	0	0	3	0	0	0	1	1	0	0	24
2013/12/29-10:00:52	49	1,578.392	61.395	13	0	0	2	1	0	0	1	1	0	0	24
2013/12/29-10:01:35	49	1,578.392	61.395	5	0	1	0	0	0	0	1	0	0	1	10
2013/12/29-10:02:10	49	1,578.392	61.395	7	0	1	1	1	0	0	1	0	0	1	21
2013/12/29-10:16:05	49	1,578.392	61.395	7	0	0	0	1	0	0	1	1	0	0	18
2013/12/29-10:16:42	49	1,578.392	61.395	8	0	1	0	0	0	0	1	0	0	1	17
2013/12/29-10:17:17	49	1,578.392	61.395	8	0	0	1	1	0	1	1	0	0	1	19
2013/12/29-10:17:55	49	1,578.392	61.395	12	0	0	2	0	0	1	1	0	0	1	24
2013/12/29-10:18:38	49	1,578.392	61.395	5	0	0	0	1	0	1	1	0	0	1	7
2013/12/29-10:30:12	50	1,579.546	55.111	11	0	1	1	0	0	0	1	0	0	1	32
2013/12/29-10:31:10	50	1,579.546	55.111	7	0	0	1	0	0	0	1	1	0	0	19
2013/12/29-10:31:48	50	1,579.546	55.111	5	0	0	0	0	0	1	1	0	0	1	9
2013/12/29-10:33:07	50	1,579.546	55.111	3	0	0	0	0	0	1	1	0	0	1	10
2013/12/29-10:33:49	50	1,579.546	55.111	14	0	0	1	1	0	1	1	0	0	1	27
2013/12/29-10:46:22	50	1,579.546	55.111	2	0	0	0	0	0	0	1	1	0	0	10
2013/12/29-10:46:50	50	1,579.546	55.111	7	0	0	1	1	0	0	1	1	0	0	26
2013/12/29-10:47:35	50	1,579.546	55.111	10	0	0	1	1	0	0	1	1	0	0	30
2013/12/29-10:48:24	50	1,579.546	55.111	2	0	0	0	1	0	1	1	0	0	1	6
2013/12/29-10:49:06	50	1,579.546	55.111	12	0	0	1	0	0	1	1	0	0	1	19
2013/12/29-11:04:41	50	1,571.845	51.897	10	0	0	1	0	0	0	1	1	0	0	20
2013/12/29-11:05:20	50	1,571.845	51.897	4	0	0	0	1	0	1	1	0	0	1	13
2013/12/29-11:06:04	50	1,571.845	51.897	9	0	0	0	2	0	0	1	1	0	0	26
2013/12/29-11:06:49	50	1,571.845	51.897	3	0	0	0	0	0	0	1	1	0	0	10
2013/12/29-11:07:18	50	1,571.845	51.897	8	0	1	0	0	0	0	1	0	0	1	17
2013/12/29-11:21:19	50	1,571.845	51.897	5	0	1	0	0	0	0	1	0	0	1	15
2013/12/29-11:22:01	50	1,571.845	51.897	17	0	1	2	0	0	0	1	0	0	1	21
2013/12/29-11:22:49	50	1,571.845	51.897	11	0	0	1	1	0	1	1	0	0	1	23
2013/12/29-11:23:31	50	1,571.845	51.897	15	0	1	0	0	0	0	1	0	0	1	50
2013/12/29-11:24:50	50	1,571.845	51.897	12	0	0	1	0	0	1	1	0	0	1	20
2013/12/29-11:35:56	50	1,567.713	48.644	26	0	0	2	1	0	1	1	1	0	0	43
2013/12/29-11:36:58	50	1,567.713	48.644	11	0	0	1	0	0	1	1	0	0	1	25
2013/12/29-11:37:49	50	1,567.713	48.644	8	0	0	2	1	0	0	1	1	0	0	22
2013/12/29-11:38:30	50	1,567.713	48.644	6	0	0	0	0	0	1	1	0	0	1	17
2013/12/29-11:39:23	50	1,567.713	48.644	7	0	1	1	0	0	0	1	0	0	1	15
2013/12/29-11:55:08	50	1,567.713	48.644	3	0	0	1	0	0	0	1	1	0	0	8
2013/12/29-11:55:35	50	1,567.713	48.644	3	0	0	0	0	0	0	1	1	0	0	8
2013/12/29-11:56:02	50	1,567.713	48.644	3	0	0	0	0	0	0	1	1	0	0	8
2013/12/29-11:56:29	50	1,567.713	48.644	1	0	0	0	0	0	0	1	1	0	0	8
2013/12/29-11:56:55	50	1,567.713	48.644	3	0	0	0	1	0	0	1	1	0	0	10
2013/12/29-12:11:43	50	1,572.704	46.745	8	0	0	2	0	0	1	1	0	0	1	12
2013/12/29-12:12:21	50	1,572.704	46.745	8	0	0	2	1	0	1	1	0	0	1	16
2013/12/29-12:12:56	50	1,572.704	46.745	8	0	0	0	1	0	0	1	1	0	0	25
2013/12/29-12:13:39	50	1,572.704	46.745	8	0	1	0	0	0	0	1	0	0	1	28
2013/12/29-12:14:31	50	1,572.704	46.745	10	0	1	1	0	0	0	1	0	0	1	12
2013/12/29-12:28:22	50	1,572.704	46.745	14	0	0	2	2	0	0	1	1	0	0	31
2013/12/29-12:29:11	50	1,572.704	46.745	7	0	0	2	1	0	0	1	1	0	0	26
2013/12/29-12:29:56	50	1,572.704	46.745	7	0	0	0	1	0	1	1	1	0	0	17
2013/12/29-12:30:33	50	1,572.704	46.745	6	0	0	1	1	0	0	1	1	0	0	22
2013/12/29-12:31:13	50	1,572.704	46.745	7	0	0	2	0	0	0	1	1	0	0	24
2013/12/29-12:50:35	50	1,574.958	45.281	10	0	0	0	1	0	0	1	1	0	0	29
2013/12/29-12:51:23	50	1,574.958	45.281	12	0	0	3	0	0	1	1	0	0	1	24
2013/12/29-12:52:12	50	1,574.958	45.281	10	0	0	2	2	0	0	1	1	0	0	34
2013/12/29-12:53:05	50	1,574.958	45.281	9	0	0	0	2	0	0	1	1	0	0	22
2013/12/29-12:53:45	50	1,574.958	45.281	7	0	0	1	0	0	1	1	0	0	1	32
2013/12/29-13:14:08	50	1,574.958	45.281	22	0	0	4	0	0	1	1	0	0	1	32
2013/12/29-13:15:05	50	1,574.958	45.281	4	0	0	0	0	0	0	1	1	0	0	10
2013/12/29-13:15:33	50	1,574.958	45.281	16	0	0	1	0	0	1	1	0	0	1	55
2013/12/29-13:16:47	50	1,574.958	45.281	13	0	0	2	0	0	1	1	0	0	1	32
2013/12/29-13:17:41	50	1,574.958	45.281	16	0	0	3	0	0	1	1	0	0	1	39
2013/12/29-13:35:19	51	1,569.988	43.749	11	0	1	1	1	0	0	1	0	0	1	18
2013/12/29-13:35:57	51	1,569.988	43.749	7	0	0	0	0	0	1	1	0	0	1	22
2013/12/29-13:37:16	51	1,569.988	43.749	8	0	1	2	1	0	0	1	0	0	1	14
2013/12/29-13:37:49	51	1,569.988	43.749	3	0	1	0	0	0	0	1	0	0	1	11
2013/12/29-13:38:46	51	1,569.988	43.749	4	0	0	0	1	0	1	1	0	0	1	13
2013/12/29-13:47:30	51	1,569.988	43.749	9	0	1	0	1	0	0	1	0	0	1	17
2013/12/29-13:48:07	51	1,569.988	43.749	21	0	0	1	1	0	0	1	1	0	0	35
2013/12/29-13:49:01	51	1,569.988	43.749	5	0	0	0	1	0	1	1	0	0	1	13
2013/12/29-13:49:48	51	1,569.988	43.749	3	0	0	0	1	0	1	1	0	0	1	12
2013/12/29-13:50:26	51	1,569.988	43.749	11	0	0	0	0	0	1	1	0	0	1	20
2013/12/29-15:45:32	51	1,568.174	44.519	8	0	0	5	0	0	1	1	0	0	1	15
2013/12/29-15:45:58	51	1,568.174	44.519	3	0	0	0	1	0	0	1	1	0	0	11
2013/12/29-15:46:24	51	1,568.174	44.519	29	0	0	11	0	0	1	1	0	0	1	33
2013/12/29-15:47:18	51	1,568.174	44.519	1	0	0	0	1	0	0	1	1	0	0	5
2013/12/29-15:47:42	51	1,568.174	44.519	9	0	0	4	0	0	1	1	0	0	1	19
2013/12/29-15:48:13	51	1,568.174	44.519	16	0	1	1	0	0	0	1	0	0	1	35
2013/12/29-16:59:47	51	1,568.174	44.519	3	0	0	0	0	0	1	1	0	0	1	9
2013/12/29-17:00:21	51	1,568.174	44.519	3	0	1	0	0	0	0	1	0	0	1	10
2013/12/29-21:58:44	50	1,572.391	50.067	15	0	0	1	0	0	1	1	0	0	1	37
2013/12/29-22:00:03	50	1,572.391	50.067	6	0	0	1	0	0	1	1	0	0	1	19
2013/12/29-22:01:22	50	1,572.391	50.067	12	0	1	0	1	0	0	1	0	0	1	33
2013/12/29-22:02:14	50	1,572.391	50.067	26	0	0	2	2	0	1	1	0	0	1	32
2013/12/29-22:03:05	50	1,572.391	50.067	3	0	1	0	0	0	0	1	0	0	1	8
2013/12/29-22:25:57	53	1,555.458	48.456	5	0	0	0	1	0	0	1	1	0	0	21
2013/12/29-22:26:38	53	1,555.458	48.456	13	0	0	2	0	0	1	1	0	0	1	17
2013/12/29-22:27:29	53	1,555.458	48.456	12	0	1	3	0	0	0	1	0	0	1	16
2013/12/29-22:28:37	53	1,555.458	48.456	11	0	0	1	1	0	1	1	0	0	1	30
2013/12/29-22:29:26	53	1,555.458	48.456	13	0	0	1	2	0	0	1	1	0	0	18
2013/12/29-22:46:22	53	1,555.458	48.456	5	0	0	0	0	0	1	1	0	0	1	23
2013/12/29-22:47:10	53	1,555.458	48.456	11	0	0	1	1	0	1	1	0	0	1	22
2013/12/29-22:50:10	53	1,555.458	48.456	11	0	1	2	0	0	0	1	0	0	1	15
2013/12/29-22:51:29	53	1,555.458	48.456	20	0	1	0	0	0	0	1	0	0	1	36
2013/12/29-22:52:32	53	1,555.458	48.456	5	0	0	0	1	0	0	1	1	0	0	19
2013/12/30-02:47:39	51	1,555.265	51.044	11	0	0	0	1	0	1	1	0	0	1	28
2013/12/30-02:48:58	51	1,555.265	51.044	26	0	0	3	1	0	0	1	1	0	0	33
2013/12/30-02:49:50	51	1,555.265	51.044	11	0	1	2	0	0	0	1	0	0	1	24
2013/12/30-02:50:33	51	1,555.265	51.044	14	0	0	1	0	0	1	1	0	0	1	35
2013/12/30-02:51:27	51	1,555.265	51.044	24	0	0	1	1	0	1	1	0	0	1	44
2013/12/30-03:07:12	50	1,561.919	49.222	6	0	1	1	0	0	0	1	0	0	1	8
2013/12/30-03:07:56	50	1,561.919	49.222	21	0	0	4	2	0	0	1	1	0	0	32
2013/12/30-03:08:47	50	1,561.919	49.222	8	0	1	0	0	0	0	1	0	0	1	25
2013/12/30-03:10:02	50	1,561.919	49.222	9	0	0	0	1	0	0	1	1	0	0	24
2013/12/30-03:10:45	50	1,561.919	49.222	8	0	0	2	1	0	0	1	1	0	0	17
2013/12/30-03:32:28	50	1,561.919	49.222	8	0	1	1	0	0	0	1	0	0	1	14
2013/12/30-03:33:15	50	1,561.919	49.222	18	0	0	1	1	0	1	1	0	0	1	44
2013/12/30-03:34:18	50	1,561.919	49.222	11	0	0	0	2	0	1	1	0	0	1	23
2013/12/30-03:35:00	50	1,561.919	49.222	6	0	0	0	1	0	0	1	1	0	0	35
2013/12/30-03:35:54	50	1,561.919	49.222	5	0	0	1	1	0	1	1	0	0	1	15
2013/12/30-10:11:50	46	1,566.1	58.159	10	0	0	2	1	0	0	1	1	0	0	29
2013/12/30-10:12:39	46	1,566.1	58.159	7	0	0	2	1	0	0	1	1	0	0	38
2013/12/30-10:13:35	46	1,566.1	58.159	18	0	0	3	1	0	0	1	1	0	0	30
2013/12/30-10:14:24	46	1,566.1	58.159	26	0	0	2	1	0	1	1	0	0	1	38
2013/12/30-10:15:20	46	1,566.1	58.159	9	0	0	0	1	0	0	1	1	0	0	22
2013/12/30-10:32:29	46	1,566.1	58.159	22	0	0	2	0	0	1	1	0	0	1	32
2013/12/30-10:33:21	46	1,566.1	58.159	10	0	0	0	0	0	1	1	0	0	1	31
2013/12/30-10:34:10	46	1,566.1	58.159	7	0	0	1	1	0	1	1	0	0	1	20
2013/12/30-10:34:49	46	1,566.1	58.159	13	0	0	2	1	0	0	1	1	0	0	26
2013/12/30-10:35:33	46	1,566.1	58.159	7	0	1	0	0	0	0	1	0	0	1	21
2013/12/30-10:52:41	46	1,566.1	58.159	8	0	1	0	1	0	0	1	0	0	1	15
2013/12/30-10:53:41	42	1,601.246	53.433	2	0	0	0	0	0	1	1	0	0	1	9
2013/12/30-10:55:00	42	1,601.246	53.433	8	0	0	0	0	0	1	1	0	0	1	20
2013/12/30-10:56:06	42	1,601.246	53.433	13	0	1	0	0	0	0	1	0	0	1	31
2013/12/30-10:57:25	42	1,601.246	53.433	5	0	1	0	1	0	0	1	0	0	1	26
2013/12/30-17:13:00	45	1,588.032	60.921	7	0	0	3	0	0	1	1	0	0	1	19
2013/12/30-17:14:02	45	1,588.032	60.921	7	0	0	0	1	0	1	1	0	0	1	20
2013/12/30-17:14:41	45	1,588.032	60.921	3	0	1	1	0	0	0	1	0	0	1	8
2013/12/30-17:15:37	45	1,588.032	60.921	10	0	1	1	0	0	0	1	0	0	1	31
2013/12/30-17:16:44	45	1,588.032	60.921	7	0	1	2	0	0	0	1	0	0	1	25
2013/12/30-17:27:38	45	1,588.032	60.921	5	0	1	0	0	0	0	1	0	0	1	12
2013/12/30-17:28:47	45	1,588.032	60.921	10	0	1	1	1	0	0	1	0	0	1	26
2013/12/30-17:29:32	45	1,588.032	60.921	6	0	0	0	1	0	0	1	1	0	0	18
2013/12/30-17:30:09	45	1,588.032	60.921	5	0	1	0	0	0	0	1	0	0	1	28
2013/12/30-17:30:56	45	1,588.032	60.921	14	0	0	0	0	0	1	1	0	0	1	58
2013/12/30-17:54:19	45	1,588.032	60.921	15	0	0	4	1	0	1	1	0	0	1	40
2013/12/30-17:55:18	45	1,587.869	55.216	7	0	0	0	0	0	1	1	0	0	1	16
2013/12/30-17:56:11	45	1,587.869	55.216	5	0	0	0	0	0	1	1	0	0	1	16
2013/12/30-17:57:16	45	1,587.869	55.216	5	0	0	0	0	0	1	1	0	0	1	13
2013/12/30-17:57:54	45	1,587.869	55.216	4	0	0	0	0	0	1	1	0	0	1	26
2013/12/30-23:22:22	45	1,581.399	58.965	2	0	0	0	0	0	1	1	0	0	1	6
2013/12/30-23:22:44	45	1,581.399	58.965	0	0	1	10	0	0	0	1	0	0	1	74
2013/12/30-23:24:09	45	1,581.399	58.965	3	0	1	0	1	0	0	1	0	0	1	4
2013/12/30-23:24:23	45	1,581.399	58.965	1	0	1	0	1	0	0	1	0	0	1	3
2013/12/30-23:24:37	45	1,581.399	58.965	3	0	1	0	0	0	0	1	0	0	1	11
2013/12/30-23:24:59	45	1,581.399	58.965	6	0	1	3	0	0	0	1	0	0	1	20
2013/12/30-23:25:38	45	1,581.399	58.965	8	0	0	0	0	0	1	1	0	0	1	9
2013/12/30-23:40:14	45	1,581.399	58.965	12	0	0	0	1	0	1	1	0	0	1	12
2013/12/30-23:40:45	45	1,581.399	58.965	9	0	1	0	0	0	0	1	0	0	1	10
2013/12/30-23:41:13	45	1,581.399	58.965	1	0	1	0	0	0	0	1	0	0	1	3
2013/12/30-23:41:35	45	1,581.399	58.965	2	0	1	0	0	0	0	1	0	0	1	6
2013/12/30-23:41:59	45	1,581.399	58.965	17	0	1	2	0	0	0	1	0	0	1	58
2013/12/30-23:43:16	45	1,581.399	58.965	4	0	1	2	0	0	0	1	0	0	1	20
2013/12/30-23:43:55	45	1,581.399	58.965	3	0	1	2	0	0	0	1	0	0	1	6
2013/12/31-00:13:43	51	1,562.479	53.977	0	0	1	1	0	0	0	1	0	0	1	6
2013/12/31-00:14:08	51	1,562.479	53.977	8	0	0	0	0	0	1	1	0	0	1	9
2013/12/31-00:14:41	51	1,562.479	53.977	1	0	0	0	0	0	1	1	0	0	1	4
2013/12/31-00:15:08	51	1,562.479	53.977	10	0	1	0	0	0	0	1	0	0	1	13
2013/12/31-00:15:39	51	1,562.479	53.977	1	0	1	0	0	0	0	1	0	0	1	4
2013/12/31-00:16:07	51	1,562.479	53.977	1	0	1	0	0	0	0	1	0	0	1	6
2013/12/31-00:16:54	51	1,562.479	53.977	11	0	0	3	0	0	1	1	0	0	1	23
2013/12/31-00:26:04	51	1,562.479	53.977	0	0	1	1	0	0	0	1	0	0	1	3
2013/12/31-00:26:28	51	1,562.479	53.977	1	0	1	0	0	0	0	1	0	0	1	3
2013/12/31-00:26:49	51	1,562.479	53.977	5	0	0	0	1	0	1	1	0	0	1	19
2013/12/31-00:27:26	51	1,562.479	53.977	9	0	0	0	1	0	0	1	1	0	0	9
2013/12/31-00:27:54	51	1,562.479	53.977	16	0	0	1	0	0	1	1	0	0	1	48
2013/12/31-00:29:01	54	1,539.378	50.423	9	0	0	0	1	0	0	1	1	0	0	9
2013/12/31-00:29:28	54	1,539.378	50.423	13	0	0	2	1	0	0	1	1	0	0	25
2013/12/31-01:01:51	54	1,539.378	50.423	3	0	0	0	0	0	0	1	1	0	0	9
2013/12/31-01:02:19	54	1,539.378	50.423	0	0	1	8	0	0	0	1	0	0	1	11
2013/12/31-01:02:48	54	1,539.378	50.423	1	0	0	0	0	0	0	1	1	0	0	8
2013/12/31-01:03:15	54	1,539.378	50.423	5	0	0	1	0	0	1	1	0	0	1	9
2013/12/31-01:03:42	54	1,539.378	50.423	9	0	1	1	0	0	0	1	0	0	1	12
2013/12/31-01:04:17	54	1,539.378	50.423	14	0	0	4	0	0	1	1	0	0	1	23
2013/12/31-01:05:24	54	1,539.378	50.423	4	0	1	0	0	0	0	1	0	0	1	13
2013/12/31-01:21:42	48	1,573.808	48.282	10	0	0	4	0	0	1	1	0	0	1	30
2013/12/31-01:22:31	48	1,573.808	48.282	8	0	1	1	0	0	0	1	0	0	1	40
2013/12/31-01:23:55	48	1,573.808	48.282	1	0	0	0	0	0	1	1	0	0	1	3
2013/12/31-01:25:13	48	1,573.808	48.282	5	0	0	0	0	0	1	1	0	0	1	10
2013/12/31-01:26:15	48	1,573.808	48.282	1	0	0	1	0	0	1	1	0	0	1	4
2013/12/31-01:26:39	48	1,573.808	48.282	10	0	0	0	0	0	1	1	0	0	1	12
2013/12/31-01:27:37	48	1,573.808	48.282	16	0	0	0	0	0	1	1	0	0	1	47
2013/12/31-01:34:12	48	1,573.808	48.282	4	0	0	0	0	0	0	1	1	0	0	11
2013/12/31-01:34:42	48	1,573.808	48.282	0	0	1	1	0	0	0	1	0	0	1	5
2013/12/31-01:36:01	48	1,573.808	48.282	1	0	1	0	0	0	0	1	0	0	1	6
2013/12/31-01:36:26	48	1,573.808	48.282	8	0	1	0	0	0	0	1	0	0	1	8
2013/12/31-01:37:01	48	1,573.808	48.282	3	0	1	0	1	0	0	1	0	0	1	8
2013/12/31-01:37:28	48	1,573.808	48.282	5	0	1	0	1	0	0	1	0	0	1	14
2013/12/31-01:38:01	48	1,573.808	48.282	3	0	0	0	0	0	1	1	0	0	1	10
2013/12/31-01:49:52	49	1,571.544	45.162	2	0	0	0	0	0	1	1	0	0	1	7
2013/12/31-01:50:44	49	1,571.544	45.162	0	0	0	9	0	0	0	1	1	0	0	74
2013/12/31-01:52:16	49	1,571.544	45.162	5	0	0	1	1	0	1	1	0	0	1	8
2013/12/31-01:52:44	49	1,571.544	45.162	2	0	1	0	1	0	0	1	0	0	1	6
2013/12/31-01:53:09	49	1,571.544	45.162	0	0	0	0	0	0	0	1	1	0	0	5
2013/12/31-01:53:33	49	1,571.544	45.162	7	0	1	1	1	0	0	1	0	0	1	9
2013/12/31-01:54:00	49	1,571.544	45.162	10	0	1	2	0	0	0	1	0	0	1	27
2013/12/31-02:13:30	49	1,571.544	45.162	8	0	0	0	0	0	1	1	0	0	1	10
2013/12/31-02:13:59	49	1,571.544	45.162	3	0	1	1	0	0	0	1	0	0	1	3
2013/12/31-02:14:21	49	1,571.544	45.162	1	0	0	0	1	0	1	1	0	0	1	4
2013/12/31-02:15:06	49	1,571.544	45.162	2	0	0	0	1	0	0	1	1	0	0	8
2013/12/31-02:15:33	49	1,571.544	45.162	16	0	1	2	0	0	0	1	0	0	1	47
2013/12/31-02:16:58	49	1,571.544	45.162	5	0	1	2	0	0	0	1	0	0	1	13
2013/12/31-02:17:45	49	1,571.544	45.162	10	0	0	0	0	0	1	1	0	0	1	9
2013/12/31-02:25:19	49	1,571.544	45.162	7	0	1	0	0	0	0	1	0	0	1	20
2013/12/31-02:25:58	49	1,571.544	45.162	0	0	1	0	0	0	0	1	0	0	1	5
2013/12/31-02:26:23	49	1,571.544	45.162	13	0	1	1	0	0	0	1	0	0	1	30
2013/12/31-02:27:12	49	1,571.544	45.162	4	0	0	0	0	0	1	1	0	0	1	4
2013/12/31-02:27:39	49	1,571.544	45.162	1	0	0	0	0	0	1	1	0	0	1	3
2013/12/31-02:29:27	49	1,571.544	45.162	2	0	0	0	0	0	1	1	0	0	1	6
2013/12/31-02:29:52	49	1,571.544	45.162	10	0	0	0	1	0	1	1	0	0	1	9
2013/12/31-02:41:33	46	1,578.137	41.002	17	0	0	3	1	0	1	1	0	0	1	41
2013/12/31-02:42:33	46	1,578.137	41.002	3	0	0	0	0	0	1	1	0	0	1	7
2013/12/31-02:42:58	46	1,578.137	41.002	7	0	1	1	0	0	0	1	0	0	1	10
2013/12/31-02:43:31	46	1,578.137	41.002	7	0	1	0	0	0	0	1	0	0	1	24
2013/12/31-02:44:45	46	1,578.137	41.002	0	0	1	2	0	0	0	1	0	0	1	71
2013/12/31-02:46:14	46	1,578.137	41.002	11	0	0	0	1	0	1	1	0	0	1	24
2013/12/31-02:46:58	46	1,578.137	41.002	3	0	1	0	0	0	0	1	0	0	1	5
2013/12/31-02:56:16	46	1,578.137	41.002	9	0	1	0	1	0	0	1	0	0	1	29
2013/12/31-02:57:03	46	1,578.137	41.002	21	0	0	8	0	0	1	1	0	0	1	53
2013/12/31-02:58:15	46	1,578.137	41.002	4	0	0	1	2	0	1	1	0	0	1	3
2013/12/31-02:58:38	46	1,578.137	41.002	0	0	0	0	0	0	0	1	1	0	0	3
2013/12/31-02:58:59	46	1,578.137	41.002	11	0	0	3	1	0	0	1	1	0	0	21
2013/12/31-02:59:40	46	1,578.137	41.002	13	0	0	0	1	0	1	1	1	0	0	12
2013/12/31-03:00:11	46	1,578.137	41.002	4	0	0	0	0	0	1	1	0	0	1	5
2013/12/31-03:30:26	46	1,575.934	39.196	4	0	1	0	0	0	0	1	0	0	1	18
2013/12/31-03:31:39	46	1,575.934	39.196	4	0	0	0	1	0	0	1	1	0	0	16
2013/12/31-03:32:14	46	1,575.934	39.196	14	0	0	4	1	0	1	1	0	0	1	36
2013/12/31-03:33:08	46	1,575.934	39.196	1	0	1	0	0	0	0	1	0	0	1	6
2013/12/31-03:33:33	46	1,575.934	39.196	0	0	0	2	0	0	0	1	1	0	0	23
2013/12/31-03:34:15	46	1,575.934	39.196	21	0	0	0	0	0	1	1	0	0	1	25
2013/12/31-03:35:16	46	1,575.934	39.196	8	0	0	0	0	0	1	1	0	0	1	12
2013/12/31-03:50:46	46	1,575.934	39.196	3	0	0	0	0	0	1	1	0	0	1	5
2013/12/31-03:51:28	46	1,575.934	39.196	1	0	1	0	0	0	0	1	0	0	1	3
2013/12/31-03:51:49	46	1,575.934	39.196	1	0	1	1	0	0	0	1	0	0	1	4
2013/12/31-03:52:12	46	1,575.934	39.196	12	0	0	0	0	0	1	1	0	0	1	38
2013/12/31-03:53:10	46	1,575.934	39.196	6	0	0	0	0	0	1	1	0	0	1	17
2013/12/31-03:54:19	46	1,575.934	39.196	8	0	1	0	0	0	0	1	0	0	1	8
2013/12/31-03:54:49	46	1,575.934	39.196	4	0	0	0	0	0	1	1	0	0	1	12
2013/12/31-04:01:08	45	1,584.704	37.468	2	0	1	0	0	0	0	1	0	0	1	6
2013/12/31-04:01:37	45	1,584.704	37.468	2	0	1	0	0	0	0	1	0	0	1	3
2013/12/31-04:02:16	45	1,584.704	37.468	3	0	1	0	0	0	0	1	0	0	1	5
2013/12/31-04:02:40	45	1,584.704	37.468	9	0	0	0	0	0	0	1	1	0	0	8
2013/12/31-04:03:07	45	1,584.704	37.468	6	0	1	1	0	0	0	1	0	0	1	19
2013/12/31-04:04:14	45	1,584.704	37.468	0	0	1	0	0	0	0	1	0	0	1	5
2013/12/31-04:04:38	45	1,584.704	37.468	6	0	0	2	1	0	0	1	1	0	0	18
2013/12/31-04:15:47	45	1,584.704	37.468	16	0	1	2	0	0	0	1	1	0	0	26
2013/12/31-04:16:32	45	1,584.704	37.468	1	0	0	0	0	0	1	1	0	0	1	7
2013/12/31-04:16:58	45	1,584.704	37.468	3	0	0	1	0	0	1	1	0	0	1	6
2013/12/31-04:17:22	45	1,584.704	37.468	2	0	0	0	0	0	1	1	0	0	1	8
2013/12/31-04:17:52	45	1,584.704	37.468	2	0	1	0	0	0	0	1	0	0	1	6
2013/12/31-04:18:47	45	1,584.704	37.468	8	0	0	0	0	0	1	1	0	0	1	9
2013/12/31-04:19:29	45	1,584.704	37.468	10	0	0	11	0	0	1	1	0	0	1	35
2013/12/31-04:33:52	45	1,584.704	37.468	13	0	0	0	2	0	0	1	1	0	0	12
2013/12/31-04:34:23	45	1,584.704	37.468	10	0	0	2	1	0	1	1	0	0	1	9
2013/12/31-04:34:51	45	1,584.704	37.468	1	0	1	0	0	0	0	1	0	0	1	3
2013/12/31-04:35:12	45	1,584.704	37.468	1	0	0	0	0	0	1	1	0	0	1	3
2013/12/31-04:35:59	45	1,584.704	37.468	18	0	0	0	0	0	1	1	0	0	1	56
2013/12/31-04:37:14	45	1,584.704	37.468	8	0	0	0	0	0	0	1	1	0	0	30
2013/12/31-04:38:03	46	1,575.831	35.206	12	0	1	0	0	0	0	1	0	0	1	12
2013/12/31-05:06:02	46	1,575.831	35.206	0	0	1	0	0	0	0	1	0	0	1	4
2013/12/31-05:07:50	46	1,575.831	35.206	1	0	0	0	0	0	1	1	0	0	1	4
2013/12/31-05:08:12	46	1,575.831	35.206	14	0	0	4	0	0	0	1	1	0	0	20
2013/12/31-05:08:51	46	1,575.831	35.206	4	0	0	0	0	0	1	1	0	0	1	12
2013/12/31-05:09:21	46	1,575.831	35.206	5	0	0	0	0	0	1	1	0	0	1	7
2013/12/31-05:09:51	46	1,575.831	35.206	3	0	1	0	0	0	0	1	0	0	1	13
2013/12/31-05:10:33	46	1,575.831	35.206	8	0	1	0	0	0	0	1	0	0	1	10
2013/12/31-05:19:40	46	1,578.112	34.875	18	0	1	0	0	0	0	1	0	0	1	56
2013/12/31-05:20:55	46	1,578.112	34.875	5	0	1	2	0	0	0	1	0	0	1	12
2013/12/31-05:21:26	46	1,578.112	34.875	3	0	1	1	0	0	0	1	0	0	1	3
2013/12/31-05:21:48	46	1,578.112	34.875	15	0	0	0	0	0	1	1	0	0	1	14
2013/12/31-05:22:20	46	1,578.112	34.875	3	0	1	0	3	0	0	1	0	0	1	8
2013/12/31-05:22:48	46	1,578.112	34.875	13	0	0	0	1	0	1	1	0	0	1	13
2013/12/31-05:23:19	46	1,578.112	34.875	1	0	1	0	0	0	0	1	0	0	1	3
2013/12/31-05:55:43	46	1,578.112	34.875	8	0	0	0	0	0	1	1	0	0	1	9
2013/12/31-05:56:20	50	1,566.602	34.572	0	0	0	10	0	0	0	1	1	0	0	89
2013/12/31-05:58:07	50	1,566.602	34.572	1	0	0	0	0	0	1	1	0	0	1	7
2013/12/31-05:58:52	50	1,566.602	34.572	22	0	1	1	0	0	0	1	0	0	1	31
2013/12/31-05:59:42	50	1,566.602	34.572	13	0	1	1	0	0	0	1	0	0	1	26
2013/12/31-06:00:49	50	1,566.602	34.572	5	0	0	0	1	0	1	1	0	0	1	17
2013/12/31-06:01:25	50	1,566.602	34.572	5	0	1	0	0	0	0	1	0	0	1	25
2013/12/31-06:12:58	50	1,566.602	34.572	10	0	0	0	0	0	1	1	0	0	1	15
2013/12/31-06:13:32	50	1,566.602	34.572	8	0	0	0	2	0	0	1	1	0	0	26
2013/12/31-06:14:17	50	1,566.602	34.572	7	0	0	2	2	0	0	1	1	0	0	7
2013/12/31-06:14:43	50	1,566.602	34.572	8	0	0	1	0	0	1	1	0	0	1	16
2013/12/31-06:15:17	50	1,566.602	34.572	11	0	0	0	0	0	0	1	1	0	0	31
2013/12/31-06:16:07	50	1,566.602	34.572	10	0	0	0	0	0	1	1	0	0	1	9
2013/12/31-06:16:35	50	1,566.602	34.572	0	0	0	0	0	0	0	1	1	0	0	3
2013/12/31-06:42:10	46	1,576.507	33.764	4	0	0	0	0	0	1	1	0	0	1	6
2013/12/31-06:42:39	46	1,576.507	33.764	1	0	0	0	1	0	0	1	1	0	0	4
2013/12/31-06:43:02	46	1,576.507	33.764	7	0	1	1	1	0	0	1	0	0	1	20
2013/12/31-06:43:41	46	1,576.507	33.764	7	0	1	1	0	0	0	1	0	0	1	16
2013/12/31-06:44:55	46	1,576.507	33.764	1	0	0	0	0	0	1	1	0	0	1	4
2013/12/31-06:45:18	46	1,576.507	33.764	0	0	1	5	0	0	0	1	0	0	1	42
2013/12/31-06:46:18	46	1,576.507	33.764	8	0	0	0	0	0	1	1	0	0	1	9
2013/12/31-07:02:11	46	1,576.507	33.764	1	0	0	0	1	0	1	1	0	0	1	3
2013/12/31-07:02:59	46	1,576.507	33.764	17	0	0	2	0	0	1	1	0	0	1	54
2013/12/31-07:04:12	46	1,576.507	33.764	19	0	0	0	1	0	1	1	0	0	1	17
2013/12/31-07:04:48	46	1,576.507	33.764	3	0	0	0	0	0	1	1	0	0	1	10
2013/12/31-07:05:17	46	1,576.507	33.764	2	0	0	1	0	0	1	1	0	0	1	6
2013/12/31-07:05:42	46	1,576.507	33.764	3	0	0	0	0	0	1	1	0	0	1	9
2013/12/31-07:07:31	46	1,576.507	33.764	3	0	0	0	0	0	1	1	0	0	1	6
2013/12/31-07:14:26	46	1,576.507	33.764	11	0	1	0	2	0	0	1	0	0	1	23
2013/12/31-07:15:06	46	1,576.507	33.764	0	0	1	0	0	0	0	1	0	0	1	5
2013/12/31-07:15:31	44	1,585.741	32.635	1	0	1	0	0	0	0	1	0	0	1	4
2013/12/31-07:16:11	44	1,585.741	32.635	2	0	1	0	0	0	0	1	0	0	1	13
2013/12/31-07:17:53	44	1,585.741	32.635	9	0	1	0	0	0	0	1	0	0	1	11
2013/12/31-07:18:28	44	1,585.741	32.635	7	0	1	0	0	0	0	1	0	0	1	8
2013/12/31-07:19:21	44	1,585.741	32.635	2	0	0	0	0	0	1	1	0	0	1	6
2013/12/31-07:25:45	44	1,585.741	32.635	12	0	0	0	0	0	1	1	0	0	1	16
2013/12/31-07:26:20	44	1,585.741	32.635	0	0	1	0	0	0	0	1	0	0	1	7
2013/12/31-07:26:54	44	1,585.741	32.635	8	0	0	0	0	0	1	1	0	0	1	9
2013/12/31-07:27:29	44	1,585.741	32.635	1	0	1	0	0	0	0	1	0	0	1	4
2013/12/31-07:27:51	44	1,585.741	32.635	5	0	0	0	0	0	1	1	0	0	1	17
2013/12/31-07:28:27	44	1,585.741	32.635	11	0	0	0	0	0	1	1	0	0	1	21
2013/12/31-07:29:07	44	1,585.741	32.635	2	0	0	1	0	0	1	1	0	0	1	8
2013/12/31-07:46:55	44	1,585.741	32.635	16	0	1	2	0	0	0	1	0	0	1	55
2013/12/31-07:48:09	44	1,585.741	32.635	3	0	1	2	0	0	0	1	0	0	1	3
2013/12/31-07:48:31	44	1,585.741	32.635	0	0	0	0	0	0	0	1	1	0	0	3
2013/12/31-07:48:52	44	1,585.741	32.635	7	0	0	0	0	0	1	1	0	0	1	7
2013/12/31-07:49:19	44	1,585.741	32.635	11	0	0	2	1	0	1	1	1	0	0	22
2013/12/31-07:49:59	44	1,585.741	32.635	16	0	0	0	2	0	1	1	0	0	1	15
2013/12/31-07:50:33	44	1,585.741	32.635	6	0	0	0	1	0	0	1	1	0	0	18
2014/01/02-18:53:57	49	1,570.956	116.565	6	0	1	0	0	0	0	1	0	0	1	21
2014/01/02-23:46:52	48	1,570.956	118.332	15	0	0	0	0	0	0	1	0	0	1	60
2014/01/02-23:48:11	48	1,570.956	118.332	8	0	0	0	0	0	1	1	0	0	1	26
2014/01/02-23:48:56	48	1,570.956	118.332	3	0	0	0	0	0	0	1	1	0	0	12
2014/01/02-23:49:26	48	1,570.956	118.332	1	0	1	0	0	0	0	1	0	0	1	3
2014/01/02-23:49:58	48	1,570.956	118.332	18	0	0	3	1	0	0	1	1	0	0	58
2014/01/03-00:09:59	45	1,600.9	106.155	24	0	0	0	0	0	0	1	1	0	0	60
2014/01/03-00:11:18	45	1,600.9	106.155	15	0	0	2	1	0	0	1	1	0	0	60
2014/01/03-00:12:37	45	1,600.9	106.155	7	0	0	0	0	0	1	1	0	0	1	26
2014/01/03-00:13:56	45	1,600.9	106.155	3	0	1	0	0	0	0	1	0	0	1	7
2014/01/03-00:15:15	45	1,600.9	106.155	15	0	1	3	1	0	0	1	0	0	1	43
2014/01/03-00:27:47	45	1,600.9	106.155	3	0	1	0	1	0	0	1	0	0	1	22
2014/01/03-00:28:28	45	1,600.9	106.155	0	0	1	0	0	0	0	1	0	0	1	6
2014/01/03-00:29:05	45	1,600.9	106.155	10	0	0	2	1	0	1	1	0	0	1	31
2014/01/03-00:30:01	45	1,600.9	106.155	11	0	0	2	0	0	0	1	1	0	0	60
2014/01/03-00:31:20	45	1,600.9	106.155	11	0	0	1	0	0	1	1	0	0	1	42
2014/01/03-03:58:05	43	1,620.008	94.218	9	0	0	1	3	0	0	1	1	0	0	24
2014/01/03-03:58:47	43	1,620.008	94.218	1	0	1	0	0	0	0	1	0	0	1	3
2014/01/03-04:00:06	43	1,620.008	94.218	18	0	0	2	1	0	0	1	1	0	0	46
2014/01/03-04:01:11	43	1,620.008	94.218	3	0	0	0	0	0	0	1	1	0	0	15
2014/01/03-04:01:45	43	1,620.008	94.218	6	0	0	0	1	0	0	1	1	0	0	23
2014/01/03-04:16:11	43	1,620.008	94.218	6	0	1	0	0	0	0	1	0	0	1	23
2014/01/03-04:16:54	43	1,620.008	94.218	4	0	0	0	0	0	1	1	0	0	1	12
2014/01/03-04:17:26	43	1,620.008	94.218	5	0	0	0	0	0	1	1	0	0	1	10
2014/01/03-04:18:06	43	1,620.008	94.218	11	0	0	0	0	0	0	1	1	0	0	60
2014/01/03-04:19:25	43	1,620.008	94.218	2	0	0	0	1	0	1	1	0	0	1	8
2014/01/03-04:32:53	43	1,626.934	81.843	10	0	0	0	1	0	0	1	1	0	0	30
2014/01/03-04:33:43	43	1,626.934	81.843	9	0	1	0	1	0	0	1	0	0	1	28
2014/01/03-04:34:29	43	1,626.934	81.843	7	0	0	0	1	0	0	1	1	0	0	21
2014/01/03-04:35:10	43	1,626.934	81.843	16	0	0	1	1	0	0	1	1	0	0	60
2014/01/03-04:36:29	43	1,626.934	81.843	3	0	1	0	1	0	0	1	1	0	0	34
2014/01/03-09:02:03	23	1,693.657	80.425	18	0	0	0	1	0	0	1	1	0	0	55
2014/01/03-09:03:18	23	1,693.657	80.425	16	0	0	1	1	0	0	1	1	0	0	60
2014/01/03-09:04:37	23	1,693.657	80.425	12	0	0	1	1	0	1	1	0	0	1	25
2014/01/03-09:05:33	23	1,693.657	80.425	12	0	0	5	0	0	0	1	1	0	0	60
2014/01/03-09:06:52	23	1,693.657	80.425	19	0	0	0	1	0	0	1	1	0	0	60
2014/01/03-13:32:22	18	1,711.219	74.694	2	0	0	2	2	0	0	1	1	0	0	8
2014/01/03-13:32:51	18	1,711.219	74.694	2	0	0	2	2	0	0	1	1	0	0	8
2014/01/03-13:33:23	18	1,711.219	74.694	2	0	0	2	2	0	0	1	1	0	0	8
2014/01/03-13:33:55	18	1,711.219	74.694	3	0	0	2	2	0	0	1	1	0	0	8
2014/01/03-13:34:27	18	1,711.219	74.694	2	0	0	2	2	0	0	1	1	0	0	8
2014/01/03-13:35:11	18	1,711.219	74.694	3	0	0	2	3	0	0	1	1	0	0	11
2014/01/03-13:36:24	18	1,711.219	74.694	2	0	0	1	0	0	0	1	1	0	0	7
2014/01/03-14:21:48	18	1,711.219	74.694	12	0	1	3	0	0	0	1	0	0	1	30
2014/01/03-14:22:43	18	1,711.219	74.694	2	0	0	0	0	0	1	1	0	0	1	5
2014/01/03-14:23:16	18	1,711.219	74.694	3	0	1	0	0	0	0	1	0	0	1	12
2014/01/03-14:23:57	18	1,711.219	74.694	0	0	0	8	0	0	0	1	1	0	0	31
2014/01/03-14:24:52	18	1,711.219	74.694	2	0	0	0	1	0	0	1	1	0	0	7
2014/01/03-14:25:24	18	1,711.219	74.694	7	0	1	1	0	0	0	1	0	0	1	19
2014/01/03-14:26:08	18	1,711.219	74.694	4	0	1	0	0	0	0	1	0	0	1	18
2014/01/03-14:43:41	18	1,711.219	74.694	4	0	0	0	0	0	1	1	0	0	1	7
2014/01/03-14:45:32	18	1,711.219	74.694	1	0	0	0	2	0	1	1	0	0	1	3
2014/01/03-14:46:00	18	1,711.219	74.694	4	0	1	0	0	0	0	1	0	0	1	17
2014/01/03-14:47:05	18	1,711.219	74.694	4	0	0	2	0	0	0	1	1	0	0	15
2014/01/03-14:47:45	7	1,767.815	63.577	15	0	0	0	0	0	1	1	0	0	1	71
2014/01/03-14:49:21	7	1,767.815	63.577	4	0	1	0	0	0	0	1	0	0	1	17
2014/01/03-14:50:03	7	1,767.815	63.577	13	0	1	0	0	0	0	1	1	0	0	38
2014/01/04-10:29:07	8	1,771.483	61.668	16	0	1	0	0	0	0	1	0	0	1	56
2014/01/04-10:30:27	8	1,771.483	61.668	7	0	0	0	0	0	0	1	1	0	0	26
2014/01/04-10:31:11	8	1,771.483	61.668	4	0	0	0	0	0	1	1	0	0	1	7
2014/01/04-10:32:30	8	1,771.483	61.668	15	0	0	0	0	0	0	1	0	0	1	60
2014/01/04-10:33:49	8	1,771.483	61.668	8	0	0	1	0	0	1	1	0	0	1	23
2014/01/04-10:54:16	9	1,776.187	58.49	4	0	0	0	0	0	1	1	0	0	1	7
2014/01/04-10:55:36	9	1,776.187	58.49	1	0	1	0	0	0	0	1	0	0	1	10
2014/01/04-10:56:27	9	1,776.187	58.49	1	0	0	0	0	0	1	1	0	0	1	3
2014/01/04-10:56:50	9	1,776.187	58.49	5	0	0	0	0	0	0	1	1	0	0	24
2014/01/04-10:57:33	9	1,776.187	58.49	20	0	0	3	1	0	0	1	1	0	0	60
2014/01/04-11:14:01	9	1,776.187	58.49	17	0	0	0	0	0	1	1	0	0	1	49
2014/01/04-11:15:20	9	1,776.187	58.49	1	0	0	0	1	0	1	1	0	0	1	4
2014/01/04-11:15:47	9	1,776.187	58.49	4	0	0	0	0	0	1	1	0	0	1	17
2014/01/04-11:16:27	9	1,776.187	58.49	8	0	0	1	0	0	1	1	0	0	1	26
2014/01/04-11:17:31	9	1,776.187	58.49	10	0	1	0	0	0	0	1	0	0	1	25
2014/01/04-15:48:11	8	1,778.149	62.148	7	0	0	0	1	0	0	1	1	0	0	28
2014/01/04-15:48:58	8	1,778.149	62.148	9	0	0	0	0	0	0	1	1	0	0	36
2014/01/04-15:49:53	8	1,778.149	62.148	12	0	0	0	1	0	0	1	1	0	0	35
2014/01/04-15:50:48	8	1,778.149	62.148	15	0	0	0	0	0	0	1	0	0	1	60
2014/01/04-15:52:06	8	1,778.149	62.148	9	0	0	0	1	0	0	1	1	0	0	39
2014/01/04-16:10:46	8	1,778.149	62.148	10	0	1	1	0	0	0	1	0	0	1	31
2014/01/04-16:12:05	8	1,778.149	62.148	10	0	1	0	0	0	0	1	0	0	1	46
2014/01/04-16:13:11	8	1,778.149	62.148	25	0	0	0	2	0	0	1	1	0	0	60
2014/01/04-16:14:29	8	1,778.149	62.148	13	0	0	0	1	0	0	1	1	0	0	60
2014/01/04-16:15:48	8	1,778.149	62.148	16	0	0	2	0	0	0	1	1	0	0	60
2014/01/04-16:27:38	6	1,801.861	57.72	3	0	1	0	1	0	0	1	0	0	1	4
2014/01/04-16:28:02	6	1,801.861	57.72	7	0	0	0	0	0	1	1	0	0	1	23
2014/01/04-16:28:44	6	1,801.861	57.72	20	0	1	2	0	0	0	1	0	0	1	56
2014/01/04-16:30:03	6	1,801.861	57.72	10	0	1	0	1	0	0	1	0	0	1	36
2014/01/04-16:30:59	6	1,801.861	57.72	1	0	1	0	0	0	0	1	0	0	1	3
2014/01/04-16:31:52	6	1,801.861	57.72	10	0	0	2	0	0	1	1	0	0	1	21
2014/01/04-16:32:41	6	1,801.861	57.72	16	0	0	1	0	0	0	1	1	0	0	60
2014/01/04-16:34:00	6	1,801.861	57.72	3	0	0	0	1	0	1	1	0	0	1	10
2014/01/04-16:34:29	6	1,801.861	57.72	3	0	0	0	0	0	1	1	0	0	1	10
2014/01/04-16:35:01	6	1,801.861	57.72	2	0	1	0	0	0	0	1	0	0	1	7
2014/01/04-16:49:50	6	1,801.861	57.72	15	0	1	2	0	0	0	1	0	0	1	39
2014/01/04-16:50:49	6	1,801.861	57.72	2	0	1	0	0	0	0	1	0	0	1	13
2014/01/04-16:51:40	6	1,801.861	57.72	9	0	0	0	1	0	0	1	1	0	0	29
2014/01/04-16:52:28	6	1,801.861	57.72	7	0	0	0	0	0	0	1	1	0	0	60
2014/01/04-16:53:46	6	1,801.861	57.72	8	0	1	0	0	0	0	1	0	0	1	29
2014/01/04-17:14:23	8	1,781.583	51.727	7	0	1	0	0	0	0	1	0	0	1	31
2014/01/04-17:15:42	8	1,781.583	51.727	18	0	0	0	0	0	0	1	1	0	0	60
2014/01/04-17:17:01	8	1,781.583	51.727	4	0	0	0	0	0	1	1	0	0	1	18
2014/01/04-17:17:38	8	1,781.583	51.727	3	0	1	0	0	0	0	1	0	0	1	9
2014/01/04-17:18:06	8	1,781.583	51.727	12	0	0	0	1	0	1	1	0	0	1	41
2014/01/04-22:43:22	10	1,777.186	59.863	5	0	1	0	0	0	0	1	0	0	1	19
2014/01/04-22:44:08	10	1,777.186	59.863	9	0	1	0	0	0	0	1	0	0	1	33
2014/01/04-22:45:00	10	1,777.186	59.863	1	0	1	0	0	0	0	1	0	0	1	3
2014/01/04-22:46:11	10	1,777.186	59.863	16	0	0	0	0	0	0	1	1	0	0	60
2014/01/04-22:47:30	10	1,777.186	59.863	23	0	0	2	0	0	0	1	1	0	0	60
2014/01/04-23:08:59	10	1,784.112	56.906	8	0	1	0	0	0	0	1	0	0	1	30
2014/01/04-23:10:18	10	1,784.112	56.906	3	0	1	0	1	0	0	1	0	0	1	14
2014/01/04-23:10:52	10	1,784.112	56.906	8	0	1	2	0	0	0	1	0	0	1	19
2014/01/04-23:12:12	10	1,784.112	56.906	6	0	0	2	0	0	1	1	0	0	1	22
2014/01/04-23:13:31	10	1,784.112	56.906	2	0	1	0	0	0	0	1	0	0	1	19
2014/01/04-23:27:38	10	1,784.112	56.906	16	0	0	0	1	0	0	1	1	0	0	60
2014/01/04-23:28:57	10	1,784.112	56.906	1	0	0	0	2	0	0	1	1	0	0	4
2014/01/04-23:29:21	10	1,784.112	56.906	4	0	0	0	0	0	0	1	1	0	0	26
2014/01/04-23:30:06	10	1,784.112	56.906	9	0	0	0	0	0	0	1	1	0	0	35
2014/01/04-23:31:00	10	1,784.112	56.906	5	0	0	0	1	0	1	1	0	0	1	16
