2013/09/02-14:42:17	26	1,500	350.31	0	0	1	0	0	0	0	1	0	0	1	6
2013/09/02-14:43:36	26	1,500	350.31	3	0	0	0	1	0	0	1	1	0	0	8
2013/09/02-14:44:03	26	1,500	350.31	7	0	0	0	0	0	1	1	0	0	1	26
2013/09/02-14:44:48	26	1,500	350.31	12	0	0	0	0	0	1	1	0	0	1	14
2013/09/02-14:45:21	26	1,500	350.31	6	0	0	3	0	0	1	1	0	0	1	26
2013/09/02-14:52:07	26	1,500	350.31	2	0	1	0	0	0	0	1	0	0	1	7
2013/09/02-14:53:05	26	1,500	350.31	5	0	0	0	0	0	1	1	0	0	1	8
2013/09/02-14:53:33	26	1,500	350.31	2	0	1	1	0	0	0	1	0	0	1	7
2013/09/02-14:54:04	26	1,500	350.31	10	0	0	0	1	0	0	1	1	0	0	34
2013/09/02-14:54:56	26	1,500	350.31	5	0	0	2	0	0	1	1	0	0	1	12
2013/09/02-15:07:15	10	1,747.571	266.971	7	0	1	3	0	0	0	1	0	0	1	30
2013/09/02-15:08:08	10	1,747.571	266.971	0	0	1	0	0	0	0	1	0	0	1	4
2013/09/02-15:09:26	10	1,747.571	266.971	3	0	1	0	1	0	0	1	0	0	1	12
2013/09/02-15:09:56	10	1,747.571	266.971	5	0	0	2	0	0	1	1	0	0	1	14
2013/09/02-15:10:51	10	1,747.571	266.971	2	0	1	0	0	0	0	1	0	0	1	6
2013/09/02-20:47:14	30	1,563.35	229.081	1	0	1	0	0	0	0	1	0	0	1	6
2013/09/02-20:47:41	30	1,563.35	229.081	43	0	0	0	1	0	1	1	0	0	1	53
2013/09/02-20:49:00	30	1,563.35	229.081	3	0	1	0	1	0	0	1	0	0	1	7
2013/09/02-20:50:08	30	1,563.35	229.081	5	0	0	0	0	0	1	1	0	0	1	14
2013/09/02-20:51:12	30	1,563.35	229.081	0	0	1	0	0	0	0	1	0	0	1	6
2013/09/02-21:09:22	57	1,425.933	185.383	0	0	0	0	0	0	0	1	1	0	0	3
2013/09/02-21:09:44	57	1,425.933	185.383	23	0	0	0	2	0	0	1	1	0	0	27
2013/09/02-21:10:29	57	1,425.933	185.383	2	0	0	1	0	0	1	1	0	0	1	8
2013/09/02-21:11:48	57	1,425.933	185.383	2	0	0	0	0	0	1	1	0	0	1	7
2013/09/02-21:12:14	57	1,425.933	185.383	4	0	0	0	1	0	1	1	0	0	1	13
2013/09/02-21:27:22	57	1,425.933	185.383	4	0	1	0	0	0	0	1	0	0	1	20
2013/09/02-21:28:07	57	1,425.933	185.383	11	0	0	3	0	0	1	1	0	0	1	24
2013/09/02-21:28:58	57	1,425.933	185.383	9	0	0	1	0	0	1	1	0	0	1	32
2013/09/02-21:29:49	57	1,425.933	185.383	15	0	0	0	3	0	0	1	1	0	0	18
2013/09/02-21:30:25	57	1,425.933	185.383	0	0	1	0	0	0	0	1	0	0	1	6
2013/09/03-08:10:14	28	1,701.964	150.254	1	0	1	0	0	0	0	1	0	0	1	6
2013/09/03-08:11:34	28	1,701.964	150.254	11	0	0	0	0	0	1	1	0	0	1	10
2013/09/03-08:12:52	28	1,701.964	150.254	2	0	0	0	0	0	0	1	1	0	0	6
2013/09/03-08:13:17	28	1,701.964	150.254	4	0	0	2	0	0	1	1	0	0	1	12
2013/09/03-08:14:36	28	1,701.964	150.254	0	0	1	0	0	0	0	1	0	0	1	6
2013/09/03-08:18:04	28	1,701.964	150.254	2	0	0	0	1	0	1	1	1	0	0	6
2013/09/03-08:18:29	28	1,701.964	150.254	4	0	0	0	1	0	1	1	0	0	1	12
2013/09/03-08:19:09	28	1,701.964	150.254	4	0	1	1	0	0	0	1	0	0	1	19
2013/09/03-08:20:15	28	1,701.964	150.254	0	0	1	0	0	0	0	1	0	0	1	6
2013/09/03-08:21:08	28	1,701.964	150.254	15	0	0	0	1	0	1	1	0	0	1	17
2013/09/03-08:33:35	31	1,640.204	121.267	2	0	0	0	0	0	1	1	0	0	1	6
2013/09/03-08:34:00	31	1,640.204	121.267	3	0	0	0	0	0	1	1	0	0	1	17
2013/09/03-08:35:02	31	1,640.204	121.267	2	0	0	0	0	0	0	1	1	0	0	11
2013/09/03-08:35:32	31	1,640.204	121.267	2	0	1	0	0	0	0	1	0	0	1	7
2013/09/03-08:36:00	31	1,640.204	121.267	0	0	1	0	0	0	0	1	0	0	1	3
2013/09/03-16:28:50	37	1,616.303	108.886	0	0	1	0	0	0	0	1	0	0	1	6
2013/09/03-16:29:15	37	1,616.303	108.886	8	0	0	0	0	0	1	1	0	0	1	37
2013/09/03-16:30:11	37	1,616.303	108.886	11	0	0	0	0	0	0	1	1	0	0	10
2013/09/03-16:30:40	37	1,616.303	108.886	7	0	0	2	1	0	1	1	0	0	1	31
2013/09/03-16:31:29	37	1,616.303	108.886	4	0	0	2	0	0	0	1	1	0	0	14
2013/09/03-16:41:48	37	1,616.303	108.886	14	0	0	0	0	0	1	1	0	0	1	17
2013/09/03-16:42:24	37	1,616.303	108.886	1	0	0	0	0	0	1	1	0	0	1	3
2013/09/03-16:42:49	37	1,616.303	108.886	2	0	0	1	0	0	0	1	1	0	0	9
2013/09/03-16:43:17	37	1,616.303	108.886	5	0	0	0	1	0	0	1	1	0	0	13
2013/09/03-16:43:49	37	1,616.303	108.886	5	0	1	2	0	0	0	1	0	0	1	19
2013/09/03-16:51:16	37	1,616.303	108.886	5	0	1	2	0	0	0	1	0	0	1	29
2013/09/03-16:52:04	37	1,616.303	108.886	2	0	0	0	0	0	0	1	1	0	0	5
2013/09/03-16:52:27	37	1,616.303	108.886	1	0	0	0	1	0	1	1	0	0	1	12
2013/09/03-16:53:31	37	1,616.303	108.886	6	0	1	1	0	0	0	1	0	0	1	18
2013/09/03-16:54:49	37	1,616.303	108.886	7	0	1	0	0	0	0	1	0	0	1	7
2013/09/03-19:08:00	39	1,553.709	93.05	0	0	1	0	0	0	0	1	0	0	1	3
2013/09/03-19:08:38	39	1,553.709	93.05	2	0	0	0	0	0	1	1	0	0	1	5
2013/09/03-19:09:55	39	1,553.709	93.05	3	0	1	0	0	0	0	1	0	0	1	10
2013/09/03-19:10:25	39	1,553.709	93.05	7	0	0	0	0	0	1	1	0	0	1	7
2013/09/03-19:11:11	39	1,553.709	93.05	0	0	1	0	0	0	0	1	0	0	1	3
2013/09/03-19:11:40	39	1,553.709	93.05	2	0	0	0	2	0	0	1	1	0	0	7
2013/09/03-19:12:05	39	1,553.709	93.05	2	0	0	0	3	0	0	1	1	0	0	6
2013/09/03-19:12:30	39	1,553.709	93.05	8	0	0	0	1	0	1	1	0	0	1	7
2013/09/03-19:13:07	39	1,553.709	93.05	0	0	1	0	0	0	0	1	0	0	1	6
2013/09/03-19:13:49	44	1,495.699	81.739	4	0	0	0	0	0	1	1	0	0	1	12
2013/09/03-19:34:13	44	1,495.699	81.739	4	0	0	0	1	0	0	1	1	0	0	12
2013/09/03-19:34:44	44	1,495.699	81.739	0	0	1	0	0	0	0	1	0	0	1	3
2013/09/03-19:35:25	44	1,495.699	81.739	1	0	0	0	0	0	1	1	0	0	1	18
2013/09/03-19:36:02	44	1,495.699	81.739	5	0	1	0	1	0	0	1	0	0	1	14
2013/09/03-19:36:36	44	1,495.699	81.739	1	0	1	0	0	0	0	1	0	0	1	5
2013/09/03-23:46:17	42	1,519.36	80.248	2	0	1	0	0	0	0	1	0	0	1	8
2013/09/03-23:47:07	42	1,519.36	80.248	16	0	1	0	0	0	0	1	0	0	1	22
2013/09/03-23:47:51	42	1,519.36	80.248	4	0	0	1	2	0	0	1	1	0	0	21
2013/09/03-23:48:31	42	1,519.36	80.248	0	0	1	0	0	0	0	1	0	0	1	5
2013/09/03-23:48:55	42	1,519.36	80.248	1	0	1	0	0	0	0	1	0	0	1	3
2013/09/04-11:00:23	42	1,519.36	80.248	6	0	0	0	1	0	0	1	1	0	0	21
2013/09/04-11:01:04	42	1,519.36	80.248	4	0	0	1	0	0	1	1	0	0	1	11
2013/09/04-11:01:54	42	1,519.36	80.248	1	0	0	0	0	0	1	1	0	0	1	12
2013/09/04-11:02:35	42	1,519.36	80.248	2	0	0	0	0	0	1	1	0	0	1	6
2013/09/04-11:03:35	42	1,519.36	80.248	0	0	1	0	0	0	0	1	0	0	1	3
2013/09/04-11:13:12	43	1,517.604	71.074	9	0	0	0	0	0	1	1	0	0	1	13
2013/09/04-11:13:49	43	1,517.604	71.074	9	0	0	4	0	0	1	1	0	0	1	23
2013/09/04-11:15:00	43	1,517.604	71.074	3	0	0	0	0	0	1	1	0	0	1	5
2013/09/04-11:16:19	43	1,517.604	71.074	6	0	0	0	1	0	0	1	1	0	0	24
2013/09/04-11:17:01	43	1,517.604	71.074	1	0	1	0	0	0	0	1	0	0	1	6
2013/09/04-19:14:23	46	1,486.053	71.87	1	0	0	0	0	0	1	1	0	0	1	6
2013/09/04-19:15:42	46	1,486.053	71.87	14	0	1	0	0	0	0	1	0	0	1	17
2013/09/04-19:16:18	46	1,486.053	71.87	4	0	0	1	1	0	1	1	0	0	1	15
2013/09/04-19:17:38	46	1,486.053	71.87	12	0	0	4	0	0	1	1	0	0	1	32
2013/09/04-19:18:29	46	1,486.053	71.87	3	0	0	0	1	0	0	1	1	0	0	15
2013/09/04-19:45:07	45	1,510.286	67.308	6	0	1	0	0	0	0	1	0	0	1	8
2013/09/04-19:45:42	45	1,510.286	67.308	3	0	0	2	0	0	1	1	0	0	1	11
2013/09/04-19:47:01	45	1,510.286	67.308	1	0	1	0	1	0	0	1	1	0	0	6
2013/09/04-19:47:25	45	1,510.286	67.308	4	0	0	0	0	0	1	1	0	0	1	39
2013/09/04-19:48:24	45	1,510.286	67.308	1	0	0	0	0	0	1	1	0	0	1	14
2013/09/04-20:36:46	45	1,510.286	67.308	5	0	0	2	0	0	1	1	0	0	1	15
2013/09/04-20:38:05	45	1,510.286	67.308	16	0	0	0	0	0	1	1	0	0	1	25
2013/09/04-20:39:24	42	1,518.706	62.375	0	0	1	0	0	0	0	1	0	0	1	10
2013/09/04-20:40:05	42	1,518.706	62.375	2	0	0	0	0	0	1	1	0	0	1	6
2013/09/04-20:41:24	42	1,518.706	62.375	1	0	0	0	0	0	0	1	1	0	0	4
2013/09/05-01:59:58	42	1,519.833	66.241	22	0	0	4	1	0	1	1	0	0	1	58
2013/09/05-02:01:16	42	1,519.833	66.241	1	0	1	0	0	0	0	1	0	0	1	12
2013/09/05-02:01:47	42	1,519.833	66.241	2	0	0	1	0	0	1	1	0	0	1	16
2013/09/05-02:02:25	42	1,519.833	66.241	9	0	1	0	1	0	0	1	0	0	1	31
2013/09/05-02:03:15	42	1,519.833	66.241	0	0	1	0	0	0	0	1	0	0	1	11
2013/09/05-02:18:42	42	1,519.833	66.241	0	0	1	0	0	0	0	1	0	0	1	12
2013/09/05-02:20:01	42	1,519.833	66.241	16	0	0	5	1	0	1	1	0	0	1	34
2013/09/05-02:20:55	42	1,519.833	66.241	7	0	0	3	0	0	1	1	0	0	1	24
2013/09/05-02:21:46	42	1,519.833	66.241	4	0	1	0	0	0	0	1	0	0	1	19
2013/09/05-02:22:44	42	1,519.833	66.241	6	0	0	1	0	0	1	1	0	0	1	18
2013/09/05-02:31:50	42	1,525.919	59.854	19	0	0	6	1	0	1	1	0	0	1	46
2013/09/05-02:32:55	42	1,525.919	59.854	0	0	1	0	0	0	0	1	0	0	1	6
2013/09/05-02:33:21	42	1,525.919	59.854	3	0	1	0	1	0	0	1	0	0	1	9
2013/09/05-02:34:38	42	1,525.919	59.854	14	0	0	0	0	0	0	1	1	0	0	20
2013/09/05-02:35:16	42	1,525.919	59.854	2	0	0	0	1	0	1	1	0	0	1	8
2013/09/07-10:18:37	43	1,520.019	72.559	4	0	0	2	0	0	1	1	0	0	1	23
2013/09/07-10:19:38	43	1,520.019	72.559	4	0	1	2	0	0	0	1	0	0	1	20
2013/09/07-10:20:57	43	1,520.019	72.559	5	0	1	1	0	0	0	1	0	0	1	19
2013/09/07-10:22:16	43	1,520.019	72.559	3	0	1	1	0	0	0	1	0	0	1	17
2013/09/07-10:23:35	43	1,520.019	72.559	5	0	1	1	0	0	0	1	0	0	1	16
2013/09/07-10:36:35	45	1,495.909	67.692	7	0	0	1	0	0	1	1	0	0	1	14
2013/09/07-10:37:27	45	1,495.909	67.692	2	0	1	1	0	0	0	1	0	0	1	11
2013/09/07-10:38:45	45	1,495.909	67.692	5	0	0	2	0	0	1	1	0	0	1	18
2013/09/07-10:40:02	45	1,495.909	67.692	7	0	1	1	0	0	0	1	0	0	1	23
2013/09/07-10:41:13	45	1,495.909	67.692	10	0	1	0	0	0	0	1	0	0	1	33
2013/09/07-10:53:43	45	1,495.909	67.692	5	0	0	1	0	0	1	1	0	0	1	12
2013/09/07-10:55:02	45	1,495.909	67.692	3	0	1	0	0	0	0	1	0	0	1	8
2013/09/07-10:55:34	45	1,495.909	67.692	6	0	1	2	0	0	0	1	0	0	1	17
2013/09/07-10:56:52	45	1,495.909	67.692	9	0	0	1	0	0	0	1	1	0	0	22
2013/09/07-10:57:33	45	1,495.909	67.692	3	0	1	2	0	0	0	1	0	0	1	15
2013/09/09-00:06:21	47	1,454.336	66.098	5	0	0	1	0	0	1	1	0	0	1	12
2013/09/09-00:10:39	47	1,454.336	66.098	10	0	0	1	0	0	1	1	0	0	1	38
2013/09/09-00:12:37	47	1,454.336	66.098	4	0	0	1	0	0	1	1	0	0	1	13
2013/09/09-00:13:52	47	1,454.336	66.098	5	0	0	2	0	0	1	1	0	0	1	25
2013/09/09-00:14:36	47	1,454.336	66.098	4	0	0	2	0	0	1	1	0	0	1	13
2013/09/09-00:19:02	47	1,458.877	62.368	5	0	0	3	0	0	1	1	0	0	1	22
2013/09/09-00:20:21	47	1,458.877	62.368	6	0	0	1	0	0	1	1	0	0	1	16
2013/09/09-00:20:56	47	1,458.877	62.368	3	0	0	2	0	0	1	1	0	0	1	20
2013/09/09-00:22:15	47	1,458.877	62.368	4	0	0	2	0	0	1	1	0	0	1	14
2013/09/09-00:23:33	47	1,458.877	62.368	2	0	0	1	1	0	1	1	0	0	1	14
2013/09/09-00:54:42	47	1,458.877	62.368	4	0	1	0	0	0	0	1	0	0	1	13
2013/09/09-00:55:19	47	1,458.877	62.368	3	0	0	2	0	0	1	1	0	0	1	17
2013/09/09-00:56:30	47	1,458.877	62.368	4	0	0	0	0	0	1	1	0	0	1	13
2013/09/09-00:57:02	47	1,458.877	62.368	4	0	0	1	0	0	1	1	0	0	1	9
2013/09/09-00:57:35	47	1,458.877	62.368	5	0	0	3	0	0	1	1	0	0	1	17
2013/09/10-20:07:31	49	1,445.192	64.751	4	0	0	1	0	0	1	1	0	0	1	12
2013/09/10-20:08:34	49	1,445.192	64.751	2	0	0	0	0	0	1	1	0	0	1	4
2013/09/10-20:09:30	49	1,445.192	64.751	2	0	0	0	0	0	1	1	0	0	1	5
2013/09/10-20:09:56	49	1,445.192	64.751	7	0	1	2	0	0	0	1	0	0	1	29
2013/09/10-20:10:44	49	1,445.192	64.751	3	0	0	0	0	0	1	1	0	0	1	5
2013/09/10-20:44:05	51	1,397.969	61.23	4	0	0	1	0	0	1	1	0	0	1	9
2013/09/10-20:44:33	51	1,397.969	61.23	11	0	0	3	0	0	1	1	0	0	1	24
2013/09/10-20:45:16	51	1,397.969	61.23	6	0	0	1	0	0	0	1	1	0	0	10
2013/09/10-20:45:45	51	1,397.969	61.23	5	0	0	2	0	0	1	1	0	0	1	14
2013/09/10-20:46:18	51	1,397.969	61.23	5	0	0	1	0	0	0	1	1	0	0	10
2013/09/10-21:18:26	51	1,397.969	61.23	3	0	0	0	1	0	0	1	1	0	0	6
2013/09/10-21:18:53	51	1,397.969	61.23	3	0	0	0	0	0	1	1	0	0	1	5
2013/09/10-21:19:35	51	1,397.969	61.23	2	0	0	0	0	0	1	1	0	0	1	6
2013/09/10-21:20:01	54	1,405.093	56.783	11	0	0	4	0	0	1	1	0	0	1	28
2013/09/10-21:20:48	54	1,405.093	56.783	2	0	0	0	0	0	1	1	0	0	1	8
2013/09/11-00:08:10	54	1,400.365	56.836	4	0	0	0	0	0	1	1	0	0	1	9
2013/09/11-00:08:38	54	1,400.365	56.836	10	0	0	1	0	0	1	1	0	0	1	28
2013/09/11-00:09:25	54	1,400.365	56.836	8	0	1	3	0	0	0	1	0	0	1	39
2013/09/11-00:10:22	54	1,400.365	56.836	2	0	0	0	0	0	1	1	0	0	1	4
2013/09/11-00:10:45	54	1,400.365	56.836	1	0	0	0	0	0	1	1	0	0	1	3
2013/09/11-00:23:47	54	1,400.365	56.836	4	0	0	0	0	0	1	1	0	0	1	9
2013/09/11-00:25:00	54	1,400.365	56.836	4	0	0	1	0	0	1	1	0	0	1	15
2013/09/11-00:25:48	54	1,400.365	56.836	5	0	0	1	0	0	1	1	0	0	1	14
2013/09/11-00:26:51	54	1,400.365	56.836	2	0	0	1	0	0	1	1	0	0	1	11
2013/09/11-00:27:42	54	1,400.365	56.836	5	0	0	1	0	0	1	1	0	0	1	10
2013/09/11-00:37:10	57	1,357.332	53.981	5	0	0	3	0	0	1	1	0	0	1	26
2013/09/11-00:38:29	57	1,357.332	53.981	8	0	0	1	0	0	1	1	0	0	1	27
2013/09/11-00:39:14	57	1,357.332	53.981	4	0	0	1	0	0	1	1	0	0	1	15
2013/09/11-00:40:13	57	1,357.332	53.981	7	0	0	2	0	0	1	1	0	0	1	21
2013/09/11-00:41:05	57	1,357.332	53.981	3	0	0	0	0	0	1	1	0	0	1	9
2013/09/11-11:28:41	59	1,343.631	56.378	3	0	0	1	0	0	1	1	0	0	1	13
2013/09/11-11:29:51	59	1,343.631	56.378	2	0	0	1	0	0	0	1	1	0	0	9
2013/09/11-11:30:20	59	1,343.631	56.378	3	0	0	1	0	0	1	1	0	0	1	11
2013/09/11-11:30:50	59	1,343.631	56.378	2	0	0	0	0	0	1	1	0	0	1	4
2013/09/11-11:31:12	59	1,343.631	56.378	5	0	0	1	0	0	1	1	0	0	1	10
2013/09/11-11:51:35	59	1,339.753	53.913	4	0	0	1	0	0	1	1	0	0	1	11
2013/09/11-11:52:42	59	1,339.753	53.913	14	0	0	3	0	0	1	1	0	0	1	43
2013/09/11-11:53:44	59	1,339.753	53.913	7	0	0	2	1	0	1	1	0	0	1	23
2013/09/11-11:54:26	59	1,339.753	53.913	6	0	0	1	0	0	1	1	0	0	1	26
2013/09/11-11:55:25	59	1,339.753	53.913	2	0	1	1	0	0	0	1	0	0	1	19
2013/09/11-14:16:20	59	1,339.753	53.913	6	0	0	0	0	0	1	1	0	0	1	38
2013/09/11-14:17:18	59	1,339.753	53.913	3	0	0	1	0	0	1	1	0	0	1	10
2013/09/11-14:17:55	59	1,339.753	53.913	8	0	1	2	0	0	0	1	0	0	1	22
2013/09/11-14:18:36	59	1,339.753	53.913	6	0	0	3	0	0	0	1	1	0	0	35
2013/09/11-14:19:31	59	1,339.753	53.913	9	0	0	2	0	0	1	1	0	0	1	22
2013/09/12-07:27:59	59	1,340.759	58.47	3	0	0	1	0	0	1	1	0	0	1	9
2013/09/12-07:28:27	59	1,340.759	58.47	3	0	0	1	0	0	1	1	0	0	1	29
2013/09/12-07:29:46	59	1,340.759	58.47	9	0	1	2	1	0	0	1	0	0	1	25
2013/09/12-07:30:29	59	1,340.759	58.47	9	0	0	4	1	0	1	1	0	0	1	36
2013/09/12-07:31:24	59	1,340.759	58.47	15	0	0	4	0	0	1	1	0	0	1	27
2013/09/12-07:42:58	59	1,340.759	58.47	0	0	1	0	0	0	0	1	0	0	1	10
2013/09/12-07:43:27	59	1,340.759	58.47	2	0	0	0	1	0	1	1	0	0	1	12
2013/09/12-07:44:15	59	1,340.759	58.47	6	0	0	1	0	0	1	1	0	0	1	16
2013/09/12-07:45:34	59	1,340.759	58.47	4	0	0	1	0	0	1	1	0	0	1	14
2013/09/12-07:46:15	59	1,340.759	58.47	6	0	0	3	0	0	1	1	0	0	1	27
2013/09/12-07:56:20	60	1,326.541	53.692	4	0	0	0	0	0	1	1	0	0	1	6
2013/09/12-07:56:47	60	1,326.541	53.692	4	0	0	2	0	0	0	1	1	0	0	21
2013/09/12-07:57:27	60	1,326.541	53.692	6	0	0	1	0	0	1	1	0	0	1	18
2013/09/12-07:58:14	60	1,326.541	53.692	2	0	0	1	0	0	1	1	0	0	1	8
2013/09/12-07:58:40	60	1,326.541	53.692	11	0	0	1	0	0	0	1	1	0	0	22
2013/09/13-18:52:25	60	1,327.66	67.662	5	0	0	1	0	0	1	1	0	0	1	19
2013/09/13-18:53:44	60	1,327.66	67.662	4	0	1	1	0	0	0	1	0	0	1	14
2013/09/13-18:55:03	60	1,327.66	67.662	3	0	1	4	0	0	0	1	0	0	1	26
2013/09/13-20:18:45	60	1,332.853	68.167	8	0	0	3	0	0	1	1	0	0	1	28
2013/09/13-20:19:32	60	1,332.853	68.167	5	0	0	1	0	0	0	1	1	0	0	21
2013/09/13-20:20:12	60	1,332.853	68.167	4	0	0	2	0	0	1	1	0	0	1	14
2013/09/13-20:20:53	60	1,332.853	68.167	4	0	0	0	0	0	1	1	0	0	1	9
2013/09/13-20:21:27	60	1,332.853	68.167	2	0	0	2	0	0	1	1	0	0	1	16
2013/09/13-20:28:43	58	1,323.039	63.921	5	0	0	1	0	0	1	1	0	0	1	20
2013/09/13-20:29:24	58	1,323.039	63.921	3	0	0	2	0	0	1	1	0	0	1	18
2013/09/13-20:30:01	58	1,323.039	63.921	9	0	0	1	0	0	1	1	0	0	1	29
2013/09/13-20:30:48	58	1,323.039	63.921	2	0	0	0	0	0	1	1	0	0	1	10
2013/09/13-20:31:50	58	1,323.039	63.921	2	0	0	0	0	0	1	1	0	0	1	5
2013/09/13-20:47:31	58	1,323.039	63.921	0	0	1	0	0	0	0	1	0	0	1	36
2013/09/13-20:48:49	58	1,323.039	63.921	3	0	0	0	0	0	1	1	0	0	1	8
2013/09/13-20:50:09	58	1,323.039	63.921	2	0	0	1	0	0	1	1	0	0	1	21
2013/09/13-20:51:18	58	1,323.039	63.921	1	0	1	1	0	0	0	1	0	0	1	11
2013/09/13-20:52:27	58	1,323.039	63.921	2	0	0	0	0	0	1	1	0	0	1	6
2013/09/14-05:23:21	65	1,267.465	67.183	2	0	0	0	0	0	1	1	0	0	1	3
2013/09/14-05:24:39	65	1,267.465	67.183	2	0	0	0	0	0	1	1	0	0	1	3
2013/09/14-05:25:58	65	1,267.465	67.183	6	0	1	2	0	0	0	1	0	0	1	15
2013/09/14-05:27:17	65	1,267.465	67.183	6	0	1	0	0	0	0	1	0	0	1	10
2013/09/14-05:27:50	65	1,267.465	67.183	5	0	1	0	0	0	0	1	0	0	1	19
2013/09/14-05:41:36	65	1,267.465	67.183	4	0	0	0	0	0	1	1	0	0	1	11
2013/09/14-05:42:06	65	1,267.465	67.183	2	0	0	0	0	0	0	1	1	0	0	6
2013/09/14-05:42:30	65	1,267.465	67.183	2	0	0	0	0	0	0	1	1	0	0	7
2013/09/14-05:42:56	65	1,267.465	67.183	6	0	0	2	0	0	1	1	0	0	1	14
2013/09/14-05:43:29	65	1,267.465	67.183	3	0	0	0	0	0	0	1	1	0	0	6
2013/09/14-05:59:05	65	1,258.995	63.205	15	0	0	3	1	0	1	1	0	0	1	32
2013/09/14-05:59:56	65	1,258.995	63.205	11	0	0	2	0	0	1	1	0	0	1	37
2013/09/14-06:00:52	65	1,258.995	63.205	4	0	1	2	0	0	0	1	0	0	1	22
2013/09/14-06:01:36	65	1,258.995	63.205	4	0	0	1	0	0	1	1	0	0	1	16
2013/09/14-06:02:22	65	1,258.995	63.205	13	0	0	1	0	0	1	1	0	0	1	39
2013/09/14-10:32:40	65	1,260.054	63.079	2	0	0	0	0	0	1	1	0	0	1	4
2013/09/14-10:33:38	65	1,260.054	63.079	4	0	0	1	0	0	1	1	0	0	1	15
2013/09/14-10:34:52	65	1,260.054	63.079	3	0	0	0	0	0	1	1	0	0	1	4
2013/09/14-10:35:19	65	1,260.054	63.079	5	0	0	2	0	0	1	1	0	0	1	17
2013/09/14-10:36:11	65	1,260.054	63.079	1	0	1	1	0	0	0	1	0	0	1	22
2013/09/14-10:43:30	65	1,260.054	63.079	5	0	0	3	0	0	1	1	0	0	1	21
2013/09/14-10:44:10	65	1,260.054	63.079	7	0	0	1	1	0	0	1	1	0	0	16
2013/09/14-10:44:44	65	1,260.054	63.079	2	0	0	0	0	0	1	1	0	0	1	3
2013/09/14-10:45:09	65	1,260.054	63.079	6	0	0	2	0	0	1	1	0	0	1	18
2013/09/14-10:45:45	65	1,260.054	63.079	4	0	0	0	1	0	0	1	1	0	0	12
2013/09/14-10:59:05	66	1,252.334	60.202	7	0	0	1	0	0	1	1	0	0	1	15
2013/09/14-11:00:24	66	1,252.334	60.202	2	0	0	0	0	0	1	1	0	0	1	3
2013/09/14-11:01:43	66	1,252.334	60.202	4	0	0	3	0	0	1	1	0	0	1	20
2013/09/14-11:03:02	66	1,252.334	60.202	3	0	0	0	0	0	1	1	0	0	1	9
2013/09/14-11:05:44	66	1,252.334	60.202	5	0	0	0	0	0	1	1	0	0	1	9
2013/09/14-14:28:38	66	1,239.239	62.48	3	0	0	1	0	0	1	1	0	0	1	11
2013/09/14-14:29:58	66	1,239.239	62.48	4	0	0	1	0	0	1	1	0	0	1	21
2013/09/14-14:31:05	66	1,239.239	62.48	6	0	0	0	0	0	1	1	0	0	1	9
2013/09/14-14:32:24	66	1,242.931	62.223	4	0	1	1	0	0	0	1	0	0	1	15
2013/09/14-14:33:28	66	1,242.931	62.223	4	0	1	0	0	0	0	1	0	0	1	10
2013/09/14-14:44:00	66	1,242.931	62.223	7	0	0	3	0	0	1	1	0	0	1	21
2013/09/14-14:44:53	66	1,242.931	62.223	6	0	0	1	0	0	1	1	0	0	1	15
2013/09/14-14:46:12	66	1,242.931	62.223	4	0	0	2	0	0	1	1	0	0	1	22
2013/09/14-14:47:01	66	1,242.931	62.223	8	0	0	2	0	0	1	1	0	0	1	37
2013/09/14-14:47:57	66	1,242.931	62.223	6	0	0	2	0	0	1	1	0	0	1	13
2013/09/14-15:07:05	66	1,242.931	62.223	2	0	0	0	0	0	0	1	1	0	0	6
2013/09/14-15:07:30	66	1,242.931	62.223	3	0	0	0	0	0	0	1	1	0	0	6
2013/09/14-15:07:55	66	1,242.931	62.223	0	0	0	0	0	0	0	1	1	0	0	6
2013/09/14-15:08:20	66	1,242.931	62.223	2	0	0	1	0	0	0	1	1	0	0	6
2013/09/14-15:08:45	65	1,260.888	58.784	4	0	0	0	0	0	0	1	1	0	0	6
2013/09/14-19:21:53	65	1,263.509	64.35	6	0	0	1	0	0	1	1	0	0	1	15
2013/09/14-19:22:26	65	1,263.509	64.35	3	0	1	0	0	0	0	1	0	0	1	6
2013/09/14-19:22:51	65	1,263.509	64.35	2	0	0	0	0	0	1	1	0	0	1	9
2013/09/14-19:23:19	65	1,263.509	64.35	6	0	0	1	0	0	1	1	0	0	1	23
2013/09/14-19:24:01	65	1,263.509	64.35	2	0	0	1	0	0	1	1	0	0	1	30
2013/09/14-19:38:42	65	1,270.909	62.962	3	0	0	1	0	0	1	1	0	0	1	7
2013/09/14-19:39:34	65	1,270.909	62.962	6	0	0	1	0	0	1	1	0	0	1	14
2013/09/14-19:40:28	65	1,270.909	62.962	4	0	0	1	0	0	1	1	0	0	1	18
2013/09/14-19:41:47	65	1,270.909	62.962	5	0	0	1	0	0	1	1	0	0	1	10
2013/09/14-19:42:45	65	1,270.909	62.962	2	0	0	0	0	0	1	1	0	0	1	4
2013/09/14-19:48:18	65	1,270.909	62.962	4	0	1	2	0	0	0	1	0	0	1	25
2013/09/14-19:49:37	65	1,270.909	62.962	3	0	1	2	0	0	0	1	0	0	1	18
2013/09/14-19:50:56	65	1,270.909	62.962	4	0	0	1	0	0	1	1	0	0	1	23
2013/09/14-19:51:38	65	1,270.909	62.962	8	0	1	3	0	0	0	1	0	0	1	31
2013/09/14-19:52:57	65	1,270.909	62.962	2	0	0	2	0	0	1	1	0	0	1	35
2013/09/14-23:24:04	65	1,283.943	63.209	4	0	0	0	0	0	1	1	0	0	1	10
2013/09/14-23:25:05	65	1,283.943	63.209	0	0	1	1	0	0	0	1	0	0	1	29
2013/09/14-23:25:53	65	1,283.943	63.209	3	0	0	2	0	0	1	1	0	0	1	15
2013/09/14-23:27:03	65	1,295.664	62.981	4	0	1	3	0	0	0	1	0	0	1	30
2013/09/14-23:28:06	65	1,295.664	62.981	2	0	0	0	0	0	1	1	0	0	1	5
2013/09/14-23:40:00	65	1,295.664	62.981	7	0	0	2	1	0	1	1	1	0	0	24
2013/09/14-23:40:43	65	1,295.664	62.981	5	0	1	0	0	0	0	1	0	0	1	12
2013/09/14-23:41:23	65	1,295.664	62.981	5	0	0	2	0	0	1	1	0	0	1	37
2013/09/14-23:42:19	65	1,295.664	62.981	5	0	0	1	0	0	1	1	0	0	1	17
2013/09/14-23:42:54	65	1,295.664	62.981	7	0	0	3	0	0	1	1	0	0	1	32
2013/09/15-00:03:50	63	1,334.869	61.19	3	0	0	2	0	0	1	1	0	0	1	26
2013/09/15-00:04:51	63	1,334.869	61.19	1	0	0	2	0	0	1	1	0	0	1	18
2013/09/15-00:06:00	63	1,334.869	61.19	4	0	0	2	0	0	1	1	0	0	1	11
2013/09/15-00:07:05	63	1,334.869	61.19	9	0	0	1	0	0	1	1	0	0	1	24
2013/09/15-00:08:06	63	1,334.869	61.19	4	0	0	1	0	0	1	1	0	0	1	23
2013/09/15-13:59:34	65	1,333.692	66.157	1	0	1	1	0	0	0	1	0	0	1	12
2013/09/15-14:00:11	65	1,333.692	66.157	3	0	1	0	0	0	0	1	0	0	1	15
2013/09/15-14:00:45	65	1,333.692	66.157	11	0	0	3	0	0	1	1	0	0	1	44
2013/09/15-14:01:47	65	1,333.692	66.157	5	0	0	2	0	0	0	1	1	0	0	19
2013/09/15-14:02:25	65	1,333.692	66.157	8	0	0	1	0	0	1	1	0	0	1	34
2013/09/15-14:20:09	62	1,356.224	62.285	2	0	0	0	0	0	1	1	0	0	1	6
2013/09/15-14:21:02	62	1,356.224	62.285	6	0	0	2	0	0	1	1	0	0	1	19
2013/09/15-14:22:21	62	1,356.224	62.285	9	0	0	1	1	0	1	1	0	0	1	18
2013/09/15-14:22:57	62	1,356.224	62.285	3	0	0	2	0	0	1	1	0	0	1	16
2013/09/15-14:23:32	62	1,356.224	62.285	3	0	0	1	0	0	1	1	0	0	1	10
2013/09/15-15:34:15	62	1,356.224	62.285	6	0	1	2	0	0	0	1	0	0	1	25
2013/09/15-15:34:59	62	1,356.224	62.285	2	0	1	1	1	0	0	1	0	0	1	12
2013/09/15-15:35:31	62	1,356.224	62.285	6	0	0	0	0	0	0	1	1	0	0	9
2013/09/15-15:35:58	62	1,356.224	62.285	3	0	0	1	0	0	1	1	0	0	1	13
2013/09/15-15:36:39	62	1,356.224	62.285	8	0	0	1	0	0	1	1	0	0	1	16
2013/09/15-16:31:13	63	1,343.679	58.776	6	0	0	0	0	0	1	1	0	0	1	9
2013/09/15-16:31:48	63	1,343.679	58.776	10	0	0	1	0	0	1	1	0	0	1	22
2013/09/15-16:32:28	63	1,343.679	58.776	9	0	0	2	0	0	0	1	1	0	0	31
2013/09/15-16:33:18	63	1,343.679	58.776	9	0	0	3	0	0	1	1	0	0	1	22
2013/09/15-16:33:59	63	1,343.679	58.776	6	0	1	1	0	0	0	1	0	0	1	30
2013/09/15-16:39:34	63	1,343.679	58.776	7	0	0	4	0	0	1	1	0	0	1	27
2013/09/15-16:40:53	63	1,343.679	58.776	5	0	1	1	0	0	0	1	0	0	1	15
2013/09/15-16:41:40	63	1,343.679	58.776	4	0	0	2	0	0	1	1	0	0	1	35
2013/09/15-16:42:38	63	1,343.679	58.776	2	0	0	0	0	0	1	1	0	0	1	13
2013/09/15-16:43:15	63	1,343.679	58.776	5	0	1	1	0	0	0	1	0	0	1	10
2013/09/15-16:53:41	63	1,343.679	58.776	2	0	0	0	0	0	1	1	0	0	1	4
2013/09/15-16:54:22	63	1,343.679	58.776	8	0	0	1	0	0	1	1	0	0	1	16
2013/09/15-16:54:58	63	1,343.679	58.776	2	0	0	0	0	0	1	1	0	0	1	4
2013/09/15-16:55:50	63	1,343.679	58.776	4	0	0	1	0	0	1	1	0	0	1	13
2013/09/15-16:56:49	63	1,328.556	54.736	4	0	1	0	0	0	0	1	0	0	1	12
2013/09/15-20:47:11	63	1,326.094	58.715	1	0	1	0	0	0	0	1	0	0	1	7
2013/09/15-20:48:30	63	1,326.094	58.715	3	0	0	0	0	0	1	1	0	0	1	5
2013/09/15-20:49:49	63	1,326.094	58.715	11	0	0	1	0	0	1	1	0	0	1	22
2013/09/15-20:50:30	63	1,326.094	58.715	6	0	0	2	0	0	1	1	0	0	1	18
2013/09/15-20:51:17	63	1,326.094	58.715	11	0	0	5	0	0	1	1	0	0	1	33
2013/09/15-20:56:14	63	1,326.094	58.715	7	0	0	1	0	0	1	1	0	0	1	21
2013/09/15-20:57:33	63	1,326.094	58.715	4	0	1	1	0	0	0	1	0	0	1	13
2013/09/15-20:58:18	63	1,326.094	58.715	7	0	0	1	0	0	1	1	0	0	1	19
2013/09/15-20:59:08	63	1,326.094	58.715	5	0	0	1	0	0	1	1	0	0	1	17
2013/09/15-21:00:27	63	1,326.094	58.715	3	0	0	1	0	0	1	1	0	0	1	9
2013/09/15-21:11:36	64	1,292.473	53.927	1	0	0	0	0	0	1	1	0	0	1	4
2013/09/15-21:12:14	64	1,292.473	53.927	6	0	0	3	1	0	1	1	0	0	1	15
2013/09/15-21:12:49	64	1,292.473	53.927	7	0	0	2	0	0	1	1	0	0	1	40
2013/09/15-21:13:48	64	1,292.473	53.927	40	0	0	1	0	0	0	1	1	0	0	60
2013/09/15-21:15:07	64	1,292.473	53.927	4	0	0	1	0	0	1	1	0	0	1	9
2013/09/16-20:36:14	64	1,287.559	59.275	1	0	0	1	0	0	0	1	1	0	0	30
2013/09/16-20:37:05	64	1,287.559	59.275	3	0	1	3	0	0	0	1	0	0	1	23
2013/09/16-20:37:56	64	1,287.559	59.275	1	0	0	0	0	0	0	1	1	0	0	8
2013/09/16-20:38:23	64	1,313.117	57.666	6	0	0	1	1	0	1	1	0	0	1	16
2013/09/16-20:39:02	64	1,313.117	57.666	3	0	0	2	0	0	1	1	0	0	1	18
2013/09/16-21:04:46	64	1,313.117	57.666	4	0	0	0	1	0	0	1	1	0	0	9
2013/09/16-21:05:15	64	1,313.117	57.666	7	0	0	2	0	0	1	1	0	0	1	29
2013/09/16-21:06:33	64	1,313.117	57.666	2	0	0	0	0	0	1	1	0	0	1	3
2013/09/16-21:06:56	64	1,313.117	57.666	2	0	0	0	0	0	1	1	0	0	1	36
2013/09/16-21:08:15	64	1,313.117	57.666	3	0	0	2	0	0	1	1	0	0	1	11
2013/09/16-21:18:25	64	1,305.117	54.154	1	0	1	2	0	0	0	1	0	0	1	12
2013/09/16-21:19:44	64	1,305.117	54.154	8	0	0	1	0	0	1	1	0	0	1	11
2013/09/16-21:20:14	64	1,305.117	54.154	5	0	0	2	0	0	1	1	0	0	1	14
2013/09/16-21:20:46	64	1,305.117	54.154	7	0	0	1	1	0	1	1	0	0	1	28
2013/09/16-21:22:05	64	1,305.117	54.154	3	0	0	1	0	0	1	1	0	0	1	11
2013/09/18-00:54:15	64	1,302.586	66.338	2	0	1	0	0	0	0	1	0	0	1	9
2013/09/18-00:55:34	64	1,302.586	66.338	1	0	0	0	0	0	0	1	1	0	0	7
2013/09/18-00:55:59	64	1,302.586	66.338	0	0	1	0	0	0	0	1	0	0	1	5
2013/09/18-00:56:38	64	1,302.586	66.338	12	0	0	0	0	0	0	1	1	0	0	14
2013/09/18-00:57:10	64	1,302.586	66.338	2	0	0	0	0	0	0	1	1	0	0	6
2013/09/18-08:44:59	64	1,341.018	62.619	2	0	0	0	1	0	1	1	0	0	1	9
2013/09/18-08:45:27	64	1,341.018	62.619	26	0	0	0	2	0	0	1	1	0	0	49
2013/09/18-08:46:34	64	1,341.018	62.619	8	0	0	2	1	0	1	1	0	0	1	34
2013/09/18-08:47:26	64	1,341.018	62.619	2	0	0	0	0	0	1	1	0	0	1	4
2013/09/18-08:48:45	64	1,341.018	62.619	0	0	1	0	0	0	0	1	0	0	1	12
2013/09/18-08:57:30	64	1,341.018	62.619	8	0	0	2	0	0	1	1	0	0	1	27
2013/09/18-08:58:15	64	1,341.018	62.619	2	0	1	0	0	0	0	1	0	0	1	6
2013/09/18-08:58:59	64	1,341.018	62.619	1	0	0	0	0	0	0	1	1	0	0	5
2013/09/18-08:59:23	64	1,341.018	62.619	5	0	0	2	0	0	1	1	0	0	1	13
2013/09/18-09:00:12	64	1,341.018	62.619	2	0	0	0	0	0	0	1	1	0	0	7
2013/09/18-15:17:20	61	1,364.108	64.144	0	0	1	0	0	0	0	1	0	0	1	17
2013/09/18-15:18:04	61	1,364.108	64.144	3	0	1	0	1	0	0	1	0	0	1	14
2013/09/18-15:18:37	61	1,364.108	64.144	8	0	0	4	1	0	0	1	1	0	0	26
2013/09/18-15:19:22	61	1,364.108	64.144	5	0	0	1	0	0	1	1	0	0	1	14
2013/09/18-15:20:41	61	1,364.108	64.144	14	0	1	0	1	0	0	1	0	0	1	15
2013/09/18-15:31:04	61	1,357.467	60.524	3	0	0	0	1	0	0	1	1	0	0	9
2013/09/18-15:31:32	61	1,357.467	60.524	1	0	0	0	0	0	0	1	1	0	0	3
2013/09/18-15:31:54	61	1,357.467	60.524	0	0	1	0	0	0	0	1	0	0	1	4
2013/09/18-15:32:25	61	1,357.467	60.524	1	0	1	0	0	0	0	1	0	0	1	4
2013/09/18-15:32:54	61	1,357.467	60.524	4	0	0	1	0	0	1	1	0	0	1	9
2013/09/18-15:43:21	61	1,357.467	60.524	7	0	0	0	1	0	0	1	1	0	0	22
2013/09/18-15:44:02	60	1,359.955	56.955	0	0	1	0	0	0	0	1	0	0	1	7
2013/09/18-15:44:28	60	1,359.955	56.955	8	0	0	0	1	0	0	1	1	0	0	25
2013/09/18-15:45:11	60	1,359.955	56.955	16	0	0	6	1	0	1	1	0	0	1	35
2013/09/18-15:46:05	60	1,359.955	56.955	23	0	0	0	1	0	1	1	0	0	1	29
2013/09/18-19:24:43	59	1,379.323	61.189	32	0	0	0	0	0	1	1	0	0	1	41
2013/09/18-19:25:43	59	1,379.323	61.189	3	0	0	0	0	0	0	1	1	0	0	6
2013/09/18-19:26:08	59	1,379.323	61.189	1	0	0	0	0	0	1	1	0	0	1	3
2013/09/18-19:26:39	59	1,379.323	61.189	1	0	0	0	1	0	0	1	1	0	0	3
2013/09/18-19:27:01	59	1,379.323	61.189	0	0	1	0	0	0	0	1	0	0	1	6
2013/09/18-19:42:44	57	1,380.24	59.099	2	0	0	0	1	0	0	1	1	0	0	6
2013/09/18-19:43:09	57	1,380.24	59.099	1	0	0	0	0	0	0	1	1	0	0	0
2013/09/18-20:24:02	57	1,380.24	59.099	0	0	1	0	0	0	0	1	0	0	1	4
2013/09/18-20:24:29	57	1,380.24	59.099	11	0	0	5	1	0	0	1	1	0	0	31
2013/09/18-20:25:20	57	1,380.24	59.099	14	0	0	0	1	0	0	1	1	0	0	15
2013/09/18-20:34:25	57	1,380.24	59.099	6	0	1	0	0	0	0	1	0	0	1	6
2013/09/18-20:35:28	57	1,380.24	59.099	3	0	1	0	1	0	0	1	0	0	1	11
2013/09/18-20:36:01	57	1,380.24	59.099	3	0	0	1	0	0	1	1	0	0	1	10
2013/09/18-20:37:14	57	1,380.24	59.099	0	0	1	0	0	0	0	1	0	0	1	6
2013/09/19-00:05:46	57	1,380.24	59.099	27	0	0	4	0	0	1	1	0	0	1	59
2013/09/19-08:19:00	55	1,411.59	58.096	6	0	0	1	0	0	1	1	0	0	1	13
2013/09/19-08:19:32	55	1,411.59	58.096	4	0	1	2	2	0	0	1	0	0	1	19
2013/09/19-08:20:11	55	1,411.59	58.096	11	0	0	0	0	0	1	1	0	0	1	12
2013/09/19-08:20:53	55	1,411.59	58.096	29	0	0	7	0	0	0	1	1	0	0	54
2013/09/19-08:22:06	55	1,411.59	58.096	1	0	0	0	1	0	1	1	0	0	1	3
2013/09/19-08:34:23	55	1,411.59	58.096	1	0	0	0	1	0	0	1	1	0	0	4
2013/09/19-08:34:46	55	1,411.59	58.096	0	0	1	0	0	0	0	1	0	0	1	15
2013/09/19-08:35:20	55	1,411.59	58.096	4	0	0	0	1	0	1	1	0	0	1	13
2013/09/19-08:35:51	55	1,411.59	58.096	6	0	0	0	0	0	0	1	1	0	0	6
2013/09/19-08:36:16	55	1,411.59	58.096	1	0	0	0	0	0	1	1	0	0	1	3
2013/09/19-08:53:10	55	1,410.27	55.378	4	0	0	0	3	0	0	1	1	0	0	14
2013/09/19-08:53:43	55	1,410.27	55.378	2	0	0	0	0	0	1	1	0	0	1	3
2013/09/19-08:54:46	55	1,410.27	55.378	3	0	1	1	0	0	0	1	1	0	0	13
2013/09/19-08:55:18	55	1,410.27	55.378	2	0	0	0	2	0	1	1	0	0	1	6
2013/09/19-08:55:44	55	1,410.27	55.378	0	0	1	0	0	0	0	1	0	0	1	12
2013/09/19-11:24:04	57	1,403.377	57.475	1	0	0	0	0	0	1	1	0	0	1	13
2013/09/19-11:24:36	57	1,403.377	57.475	6	0	0	2	0	0	1	1	0	0	1	17
2013/09/19-11:25:13	57	1,403.377	57.475	3	0	1	0	0	0	0	1	0	0	1	11
2013/09/19-11:25:44	57	1,403.377	57.475	2	0	0	0	1	0	1	1	0	0	1	4
2013/09/19-11:26:13	57	1,403.377	57.475	5	0	0	0	0	0	1	1	0	0	1	6
2013/09/19-11:38:12	57	1,410.604	56.385	2	0	0	0	2	0	0	1	1	0	0	7
2013/09/19-11:38:37	57	1,410.604	56.385	2	0	0	1	0	0	0	1	1	0	0	6
2013/09/19-11:39:02	57	1,410.604	56.385	4	0	0	1	0	0	1	1	0	0	1	13
2013/09/19-11:39:34	57	1,410.604	56.385	0	0	1	0	0	0	0	1	0	0	1	6
2013/09/19-11:39:59	57	1,410.604	56.385	0	0	0	0	0	0	0	1	1	0	0	16
2013/09/19-11:54:59	57	1,413.621	54.901	14	0	0	4	2	0	0	1	1	0	0	29
2013/09/19-11:55:47	57	1,413.621	54.901	2	0	0	0	0	0	1	1	0	0	1	33
2013/09/19-11:56:54	57	1,413.621	54.901	0	0	1	0	0	0	0	1	0	0	1	12
2013/09/19-11:57:32	57	1,413.621	54.901	15	0	0	0	1	0	0	1	1	0	0	17
2013/09/19-11:58:07	57	1,413.621	54.901	5	0	0	1	0	0	1	1	0	0	1	14
2013/09/19-16:13:38	58	1,405.839	57.214	2	0	0	0	1	0	1	1	0	0	1	6
2013/09/19-16:14:03	58	1,405.839	57.214	2	0	0	0	0	0	1	1	0	0	1	11
2013/09/19-16:15:04	58	1,405.839	57.214	1	0	0	2	0	0	1	1	0	0	1	19
2013/09/19-16:15:42	58	1,405.839	57.214	7	0	0	0	0	0	1	1	0	0	1	7
2013/09/19-16:16:17	58	1,405.839	57.214	1	0	0	0	0	0	1	1	0	0	1	9
2013/09/19-16:29:47	55	1,430.618	55.815	0	0	1	0	0	0	0	1	0	0	1	6
2013/09/19-16:30:12	55	1,430.618	55.815	3	0	0	0	1	0	1	1	0	0	1	9
2013/09/19-16:30:40	55	1,430.618	55.815	6	0	0	2	1	0	0	1	1	0	0	16
2013/09/19-16:31:15	55	1,430.618	55.815	3	0	0	0	1	0	1	1	0	0	1	10
2013/09/19-16:31:43	55	1,430.618	55.815	2	0	0	0	1	0	0	1	1	0	0	7
2013/09/19-16:44:06	55	1,430.618	55.815	20	0	0	1	0	0	1	1	0	0	1	33
2013/09/19-16:45:25	55	1,430.618	55.815	1	0	0	0	0	0	0	1	1	0	0	3
2013/09/19-16:45:47	55	1,430.618	55.815	9	0	0	1	0	0	1	1	0	0	1	30
2013/09/19-16:46:36	55	1,430.618	55.815	0	0	1	0	0	0	0	1	0	0	1	11
2013/09/19-16:47:55	55	1,430.618	55.815	2	0	1	0	0	0	0	1	0	0	1	3
2013/09/19-20:37:44	57	1,422.313	60.143	0	0	1	0	0	0	0	1	0	0	1	6
2013/09/19-20:38:11	57	1,422.313	60.143	1	0	1	0	0	0	0	1	0	0	1	10
2013/09/19-20:38:41	57	1,422.313	60.143	6	0	1	0	0	0	0	1	0	0	1	7
2013/09/19-20:39:07	57	1,422.313	60.143	4	0	0	1	1	0	1	1	0	0	1	15
2013/09/19-20:40:01	57	1,422.313	60.143	2	0	1	0	1	0	0	1	1	0	0	5
2013/09/19-20:45:28	57	1,422.313	60.143	0	0	1	0	0	0	0	1	0	0	1	6
2013/09/19-20:45:53	57	1,422.313	60.143	2	0	0	0	0	0	1	1	0	0	1	7
2013/09/19-20:46:19	57	1,422.313	60.143	12	0	0	2	0	0	1	1	0	0	1	25
2013/09/19-20:47:03	57	1,422.313	60.143	1	0	1	0	2	0	0	1	0	0	1	8
2013/09/19-20:47:31	57	1,422.313	60.143	1	0	0	0	1	0	0	1	1	0	0	4
2013/09/19-20:59:20	58	1,422.23	57.38	0	0	1	0	0	0	0	1	0	0	1	6
2013/09/19-21:00:39	58	1,422.23	57.38	3	0	0	0	0	0	1	1	0	0	1	7
2013/09/19-21:01:11	58	1,422.23	57.38	0	0	0	0	0	0	0	1	1	0	0	3
2013/09/19-21:01:33	58	1,422.23	57.38	8	0	0	0	0	0	0	1	1	0	0	24
2013/09/19-21:02:17	58	1,422.23	57.38	3	0	0	1	0	0	1	1	0	0	1	19
2013/09/20-02:45:13	57	1,423.656	62.207	1	0	1	0	0	0	0	1	0	0	1	7
2013/09/20-02:45:39	57	1,423.656	62.207	2	0	0	1	0	0	1	1	0	0	1	9
2013/09/20-02:46:07	57	1,423.656	62.207	10	0	0	0	0	0	1	1	0	0	1	14
2013/09/20-02:46:39	57	1,423.656	62.207	1	0	1	0	0	0	0	1	0	0	1	15
2013/09/20-02:47:13	57	1,423.656	62.207	8	0	0	2	0	0	1	1	0	0	1	20
2013/09/20-03:00:36	56	1,445.006	60.664	1	0	0	0	2	0	0	1	1	0	0	3
2013/09/20-03:00:58	56	1,445.006	60.664	7	0	0	1	0	0	1	1	0	0	1	14
2013/09/20-03:01:31	56	1,445.006	60.664	0	0	1	0	0	0	0	1	0	0	1	10
2013/09/20-03:02:00	56	1,445.006	60.664	7	0	0	0	0	0	1	1	0	0	1	7
2013/09/20-03:02:26	56	1,445.006	60.664	3	0	1	0	0	0	0	1	0	0	1	9
2013/09/20-03:17:25	55	1,447.024	58.289	2	0	0	0	0	0	1	1	0	0	1	4
2013/09/20-03:18:28	55	1,447.024	58.289	1	0	0	0	1	0	1	1	0	0	1	3
2013/09/20-03:18:51	55	1,447.024	58.289	2	0	1	0	0	0	0	1	0	0	1	6
2013/09/20-03:19:18	55	1,447.024	58.289	2	0	1	0	0	0	0	1	0	0	1	9
2013/09/20-03:19:50	55	1,447.024	58.289	0	0	1	0	0	0	0	1	0	0	1	5
2013/09/20-06:51:57	56	1,425.84	62.625	0	0	1	0	0	0	0	1	0	0	1	6
2013/09/20-06:53:16	56	1,425.84	62.625	19	0	0	0	0	0	0	1	1	0	0	60
2013/09/20-06:54:35	56	1,425.84	62.625	14	0	1	0	0	0	0	1	0	0	1	19
2013/09/20-06:55:24	56	1,425.84	62.625	0	0	1	0	0	0	0	1	0	0	1	6
2013/09/20-06:56:43	56	1,425.84	62.625	2	0	0	0	1	0	0	1	1	0	0	6
2013/09/20-07:07:40	56	1,425.84	62.625	0	0	1	0	0	0	0	1	0	0	1	12
2013/09/20-07:08:11	56	1,425.84	62.625	2	0	0	0	0	0	0	1	1	0	0	6
2013/09/20-07:08:36	56	1,425.84	62.625	10	0	0	2	0	0	1	1	0	0	1	32
2013/09/20-07:09:27	56	1,425.84	62.625	2	0	0	0	1	0	0	1	1	0	0	11
2013/09/20-07:09:57	56	1,425.84	62.625	18	0	0	0	0	0	1	1	0	0	1	20
2013/09/20-07:23:56	56	1,445.974	59.501	1	0	1	0	0	0	0	1	0	0	1	3
2013/09/20-07:24:29	56	1,445.974	59.501	5	0	0	2	0	0	0	1	1	0	0	16
2013/09/20-07:25:04	56	1,445.974	59.501	14	0	0	0	1	0	0	1	1	0	0	20
2013/09/20-07:25:43	56	1,445.974	59.501	2	0	0	0	1	0	1	1	0	0	1	7
2013/09/20-07:26:08	56	1,445.974	59.501	15	0	0	1	1	0	0	1	1	0	0	60
2013/09/20-11:03:21	53	1,460.832	63.138	7	0	0	0	0	0	1	1	0	0	1	7
2013/09/20-11:04:18	53	1,460.832	63.138	1	0	1	0	0	0	0	1	0	0	1	3
2013/09/20-11:05:15	53	1,460.832	63.138	4	0	0	2	0	0	1	1	0	0	1	13
2013/09/20-11:06:34	53	1,460.832	63.138	8	0	1	0	1	0	0	1	0	0	1	28
2013/09/20-11:07:22	53	1,460.832	63.138	3	0	0	0	1	0	1	1	0	0	1	12
2013/09/20-11:22:25	54	1,452.665	61.26	0	0	1	0	0	0	0	1	0	0	1	12
2013/09/20-11:22:55	54	1,452.665	61.26	2	0	0	0	1	0	1	1	0	0	1	6
2013/09/20-11:23:20	54	1,452.665	61.26	2	0	0	0	0	0	1	1	0	0	1	7
2013/09/20-11:23:47	54	1,452.665	61.26	1	0	0	0	1	0	1	1	0	0	1	5
2013/09/20-11:24:12	54	1,452.665	61.26	21	0	0	0	1	0	0	1	1	0	0	21
2013/09/20-11:37:12	54	1,452.665	61.26	2	0	0	0	0	0	0	1	1	0	0	7
2013/09/20-11:37:38	54	1,452.665	61.26	2	0	0	0	0	0	1	1	0	0	1	4
2013/09/20-11:38:57	54	1,452.665	61.26	0	0	1	0	0	0	0	1	0	0	1	5
2013/09/20-11:39:33	54	1,452.665	61.26	3	0	1	1	0	0	0	1	0	0	1	18
2013/09/20-11:40:30	54	1,452.665	61.26	2	0	0	0	3	0	0	1	1	0	0	6
2013/09/20-18:05:33	55	1,440.748	65.158	6	0	0	0	1	0	1	1	0	0	1	17
2013/09/20-18:06:12	55	1,440.748	65.158	14	0	0	5	1	0	1	1	0	0	1	35
2013/09/20-18:07:06	55	1,440.748	65.158	4	0	0	0	0	0	1	1	0	0	1	15
2013/09/20-18:08:25	55	1,440.748	65.158	8	0	0	0	1	0	1	1	0	0	1	9
2013/09/20-18:08:57	55	1,440.748	65.158	0	0	1	0	0	0	0	1	0	0	1	6
2013/09/20-18:12:22	55	1,440.748	65.158	7	0	0	1	0	0	1	1	0	0	1	28
2013/09/20-18:13:09	55	1,438.353	62.06	6	0	0	4	1	0	0	1	1	0	0	18
2013/09/20-18:13:46	55	1,438.353	62.06	10	0	0	1	1	0	1	1	0	0	1	43
2013/09/20-18:14:50	55	1,438.353	62.06	0	0	1	0	0	0	0	1	0	0	1	4
2013/09/20-18:15:35	55	1,438.353	62.06	3	0	0	0	2	0	0	1	1	0	0	9
2013/09/20-18:31:22	55	1,438.353	62.06	5	0	0	3	0	0	1	1	0	0	1	19
2013/09/20-18:32:00	55	1,438.353	62.06	4	0	0	2	0	0	1	1	0	0	1	13
2013/09/20-18:33:20	55	1,438.353	62.06	2	0	0	0	2	0	1	1	0	0	1	6
2013/09/20-18:33:45	55	1,438.353	62.06	0	0	1	0	0	0	0	1	0	0	1	6
2013/09/20-18:34:20	55	1,438.353	62.06	1	0	1	0	0	0	0	1	0	0	1	4
2013/09/20-19:37:37	56	1,426.57	58.557	0	0	1	0	0	0	0	1	0	0	1	6
2013/09/20-19:38:12	56	1,426.57	58.557	7	0	0	0	1	0	0	1	1	0	0	21
2013/09/20-19:38:53	56	1,426.57	58.557	19	0	0	0	1	0	0	1	1	0	0	26
2013/09/20-19:39:37	56	1,426.57	58.557	3	0	0	0	0	0	1	1	0	0	1	19
2013/09/20-19:40:41	55	1,434.124	56.248	2	0	0	0	0	0	0	1	1	0	0	4
2013/09/20-20:02:35	55	1,434.124	56.248	3	0	0	1	0	0	0	1	1	0	0	16
2013/09/20-20:03:10	55	1,434.124	56.248	1	0	0	0	0	0	1	1	0	0	1	3
2013/09/20-20:03:32	55	1,434.124	56.248	1	0	0	0	1	0	1	1	0	0	1	3
2013/09/20-20:03:55	55	1,434.124	56.248	2	0	0	0	1	0	0	1	1	0	0	10
2013/09/20-20:04:24	55	1,434.124	56.248	0	0	1	0	0	0	0	1	0	0	1	6
2013/09/20-20:16:44	54	1,455.637	53.353	2	0	0	0	1	0	0	1	1	0	0	7
2013/09/20-20:17:10	54	1,455.637	53.353	9	0	1	0	0	0	0	1	0	0	1	11
2013/09/20-20:17:59	54	1,455.637	53.353	0	0	1	0	0	0	0	1	0	0	1	6
2013/09/20-20:18:56	54	1,455.637	53.353	3	0	1	0	0	0	0	1	0	0	1	15
2013/09/20-20:19:46	54	1,455.637	53.353	27	0	0	4	0	0	0	1	1	0	0	52
2013/12/27-13:30:19	65	1,452.773	74.999	21	0	0	0	1	0	0	1	1	0	0	21
2013/12/27-13:30:59	65	1,452.773	74.999	0	0	1	0	0	0	0	1	0	0	1	7
2013/12/27-13:31:36	65	1,452.773	74.999	0	0	1	0	0	0	0	1	0	0	1	4
2013/12/27-13:32:04	65	1,452.773	74.999	2	0	0	1	0	0	0	1	1	0	0	6
2013/12/27-13:32:28	65	1,452.773	74.999	3	0	0	0	1	0	0	1	1	0	0	6
2013/12/27-13:54:42	67	1,454.807	69.77	34	0	0	0	2	0	0	1	1	0	0	40
2013/12/27-13:55:40	67	1,454.807	69.77	1	0	1	0	0	0	0	1	0	0	1	11
2013/12/27-13:56:31	67	1,454.807	69.77	9	0	0	3	1	0	0	1	1	0	0	21
2013/12/27-13:57:10	67	1,454.807	69.77	4	0	0	0	0	0	1	1	0	0	1	9
2013/12/27-13:57:57	67	1,454.807	69.77	0	0	1	0	0	0	0	1	0	0	1	4
2013/12/27-14:18:32	67	1,434.527	65.548	1	0	0	0	3	0	0	1	1	0	0	3
2013/12/27-14:18:54	67	1,434.527	65.548	2	0	0	0	1	0	0	1	1	0	0	8
2013/12/27-14:19:21	67	1,434.527	65.548	2	0	0	0	0	0	1	1	0	0	1	6
2013/12/27-14:19:46	67	1,434.527	65.548	1	0	0	0	0	0	1	1	0	0	1	9
2013/12/27-14:21:05	67	1,434.527	65.548	6	0	0	0	0	0	1	1	0	0	1	9
2013/12/28-11:54:34	65	1,443.046	86.807	2	0	0	0	1	0	0	1	1	0	0	4
2013/12/28-11:54:58	65	1,443.046	86.807	8	0	0	0	0	0	1	1	0	0	1	15
2013/12/28-11:55:44	65	1,443.046	86.807	1	0	1	0	0	0	0	1	0	0	1	4
2013/12/28-11:57:02	65	1,443.046	86.807	3	0	0	0	0	0	1	1	0	0	1	33
2013/12/28-11:57:54	65	1,443.046	86.807	0	0	1	0	0	0	0	1	0	0	1	9
2013/12/28-12:13:09	65	1,443.046	86.807	4	0	1	0	0	0	0	1	0	0	1	15
2013/12/28-12:13:43	65	1,443.046	86.807	1	0	1	0	2	0	0	1	0	0	1	4
2013/12/28-12:14:06	65	1,443.046	86.807	10	0	0	3	1	0	0	1	1	0	0	26
2013/12/28-12:14:50	65	1,443.046	86.807	2	0	0	1	0	0	1	1	0	0	1	11
2013/12/28-12:15:20	65	1,443.046	86.807	1	0	0	0	0	0	1	1	0	0	1	7
2013/12/28-12:29:39	67	1,419.515	75.68	1	0	0	0	2	0	0	1	1	0	0	3
2013/12/28-12:30:02	67	1,419.515	75.68	3	0	0	0	0	0	0	1	1	0	0	17
2013/12/28-12:30:37	67	1,419.515	75.68	1	0	0	0	0	0	0	1	1	0	0	5
2013/12/28-12:31:01	67	1,419.515	75.68	17	0	1	0	0	0	0	1	0	0	1	20
2013/12/28-12:31:41	67	1,419.515	75.68	8	0	0	2	1	0	0	1	1	0	0	21
2013/12/28-17:00:15	64	1,461.357	75.293	12	0	1	0	0	0	0	1	0	0	1	13
2013/12/28-17:01:16	66	1,448.727	74.056	10	0	0	3	0	0	1	1	0	0	1	22
2013/12/28-17:01:57	66	1,448.727	74.056	0	0	1	0	0	0	0	1	0	0	1	7
2013/12/28-17:03:16	66	1,448.727	74.056	0	0	1	0	0	0	0	1	0	0	1	13
2013/12/28-17:03:59	66	1,448.727	74.056	2	0	0	0	0	0	0	1	1	0	0	4
2013/12/28-17:11:19	66	1,448.727	74.056	8	0	0	3	0	0	1	1	0	0	1	30
2013/12/28-17:12:08	66	1,448.727	74.056	4	0	0	0	1	0	1	1	0	0	1	36
2013/12/28-17:13:03	66	1,448.727	74.056	0	0	1	0	0	0	0	1	0	0	1	3
2013/12/28-17:13:31	66	1,448.727	74.056	2	0	0	0	0	0	1	1	0	0	1	6
2013/12/28-17:14:26	66	1,448.727	74.056	8	0	0	1	0	0	1	1	0	0	1	20
2013/12/28-17:23:05	66	1,448.727	74.056	8	0	0	2	0	0	1	1	0	0	1	20
2013/12/28-17:23:58	66	1,448.727	74.056	2	0	0	0	1	0	0	1	1	0	0	9
2013/12/28-17:24:26	66	1,448.727	74.056	0	0	1	0	0	0	0	1	0	0	1	6
2013/12/28-17:24:50	66	1,448.727	74.056	2	0	0	0	0	0	1	1	0	0	1	3
2013/12/28-17:25:48	66	1,448.727	74.056	7	0	0	0	0	0	1	1	0	0	1	9
2013/12/28-17:42:42	69	1,420.284	64.27	4	0	0	0	1	0	1	1	0	0	1	10
2013/12/28-17:43:11	69	1,420.284	64.27	2	0	1	0	0	0	0	1	0	0	1	3
2013/12/28-17:43:54	69	1,420.284	64.27	1	0	0	0	0	0	1	1	0	0	1	12
2013/12/28-17:44:31	69	1,420.284	64.27	15	0	0	4	0	0	0	1	1	0	0	23
2013/12/28-17:45:13	69	1,420.284	64.27	12	0	0	0	1	0	1	1	0	0	1	17
2013/12/28-18:00:26	69	1,420.284	64.27	5	0	0	2	0	0	1	1	0	0	1	12
2013/12/28-18:00:57	69	1,420.284	64.27	0	0	1	0	0	0	0	1	0	0	1	8
2013/12/28-18:01:33	69	1,420.284	64.27	2	0	0	0	1	0	0	1	1	0	0	6
2013/12/28-18:01:58	69	1,420.284	64.27	4	0	0	0	1	0	0	1	1	0	0	9
2013/12/28-18:02:26	69	1,420.284	64.27	1	0	0	0	0	0	0	1	1	0	0	3
2013/12/28-18:14:42	67	1,432.45	58.337	5	0	0	1	0	0	1	1	0	0	1	21
2013/12/28-18:16:02	67	1,432.45	58.337	15	0	0	4	3	0	0	1	1	0	0	31
2013/12/28-18:16:52	67	1,432.45	58.337	2	0	0	0	2	0	1	1	0	0	1	6
2013/12/28-18:17:17	67	1,432.45	58.337	2	0	0	0	3	0	0	1	1	0	0	7
2013/12/28-18:17:44	67	1,432.45	58.337	6	0	0	0	3	0	0	1	1	0	0	20
2013/12/29-09:37:01	65	1,447.892	78.78	3	0	0	0	0	0	1	1	0	0	1	6
2013/12/29-09:38:07	65	1,447.892	78.78	7	0	0	2	0	0	1	1	0	0	1	14
2013/12/29-09:39:17	65	1,447.892	78.78	2	0	0	0	0	0	1	1	0	0	1	6
2013/12/29-09:40:09	65	1,447.892	78.78	3	0	1	1	0	0	0	1	0	0	1	11
2013/12/29-09:40:45	65	1,447.892	78.78	4	0	0	1	0	0	1	1	0	0	1	12
2013/12/29-09:59:24	66	1,427.916	74.493	7	0	0	3	0	0	1	1	0	0	1	16
2013/12/29-10:00:09	66	1,427.916	74.493	4	0	0	0	0	0	1	1	0	0	1	7
2013/12/29-10:00:52	66	1,427.916	74.493	11	0	0	3	0	0	1	1	0	0	1	20
2013/12/29-10:01:35	66	1,427.916	74.493	5	0	0	1	1	0	1	1	0	0	1	16
2013/12/29-10:02:10	66	1,427.916	74.493	4	0	1	3	1	0	0	1	0	0	1	21
2013/12/29-10:12:49	66	1,427.916	74.493	8	0	1	1	0	0	0	1	0	0	1	34
2013/12/29-10:13:41	66	1,427.916	74.493	2	0	0	1	0	0	1	1	0	0	1	9
2013/12/29-10:14:09	66	1,427.916	74.493	15	0	0	2	0	0	1	1	0	0	1	25
2013/12/29-10:14:53	66	1,427.916	74.493	4	0	0	1	0	0	0	1	1	0	0	12
2013/12/29-10:15:23	66	1,427.916	74.493	7	0	0	0	0	0	1	1	0	0	1	16
2013/12/29-10:42:41	65	1,434.686	67.206	3	0	0	3	0	0	1	1	0	0	1	29
2013/12/29-10:43:30	65	1,434.686	67.206	4	0	0	0	0	0	1	1	0	0	1	10
2013/12/29-10:44:04	65	1,434.686	67.206	7	0	0	2	0	0	1	1	0	0	1	14
2013/12/29-10:45:00	65	1,434.686	67.206	4	0	0	1	1	0	0	1	1	0	0	19
2013/12/29-10:45:38	65	1,434.686	67.206	7	0	0	2	1	0	1	1	0	0	1	19
2013/12/29-10:49:57	65	1,434.686	67.206	2	0	0	0	0	0	0	1	1	0	0	8
2013/12/29-10:50:24	65	1,434.686	67.206	0	0	0	0	0	0	0	1	1	0	0	8
2013/12/29-10:50:51	65	1,434.686	67.206	2	0	0	0	0	0	1	1	0	0	1	4
2013/12/29-10:51:28	65	1,434.686	67.206	7	0	0	1	0	0	0	1	1	0	0	12
2013/12/29-10:51:59	65	1,434.686	67.206	5	0	0	2	0	0	1	1	0	0	1	11
2013/12/29-11:04:41	64	1,457.411	61.673	3	0	0	0	0	0	1	1	0	0	1	10
2013/12/29-11:05:20	64	1,457.411	61.673	8	0	0	1	0	0	1	1	0	0	1	25
2013/12/29-11:06:04	64	1,457.411	61.673	5	0	0	1	0	0	1	1	0	0	1	13
2013/12/29-11:06:49	64	1,457.411	61.673	3	0	0	0	0	0	1	1	0	0	1	5
2013/12/29-11:07:18	64	1,457.411	61.673	4	0	0	3	1	0	1	1	0	0	1	22
2013/12/29-13:10:22	65	1,453.928	60.566	8	0	1	2	0	0	0	1	0	0	1	19
2013/12/29-13:10:59	65	1,453.928	60.566	6	0	0	1	0	0	1	1	0	0	1	23
2013/12/29-13:11:41	65	1,453.928	60.566	8	0	0	2	0	0	1	1	0	0	1	20
2013/12/29-13:12:38	65	1,453.928	60.566	8	0	0	1	0	0	1	1	0	0	1	21
2013/12/29-13:13:18	65	1,453.928	60.566	3	0	1	2	0	0	0	1	0	0	1	17
2013/12/29-13:27:19	65	1,463.862	58.012	4	0	0	0	0	0	0	1	1	0	0	8
2013/12/29-13:27:46	65	1,463.862	58.012	3	0	0	0	0	0	1	1	0	0	1	6
2013/12/29-13:28:13	65	1,463.862	58.012	4	0	0	2	0	0	0	1	1	0	0	8
2013/12/29-13:28:40	65	1,463.862	58.012	3	0	0	0	0	0	1	1	0	0	1	5
2013/12/29-13:29:06	65	1,463.862	58.012	3	0	0	2	1	0	0	1	1	0	0	12
2013/12/29-13:43:14	65	1,463.862	58.012	2	0	0	0	0	0	1	1	0	0	1	3
2013/12/29-13:44:12	65	1,463.862	58.012	7	0	0	2	1	0	1	1	0	0	1	26
2013/12/29-13:44:58	65	1,463.862	58.012	9	0	1	3	0	0	0	1	0	0	1	24
2013/12/29-13:45:55	65	1,463.862	58.012	7	0	0	1	0	0	1	1	0	0	1	24
2013/12/29-13:46:38	65	1,463.862	58.012	12	0	0	2	0	0	1	1	0	0	1	27
2013/12/29-21:07:31	67	1,434.09	61.063	8	0	0	3	0	0	1	1	0	0	1	30
2013/12/29-21:08:31	67	1,434.09	61.063	8	0	0	2	0	0	1	1	0	0	1	24
2013/12/29-21:09:19	67	1,434.09	61.063	5	0	0	2	0	0	1	1	0	0	1	21
2013/12/29-21:10:29	67	1,434.09	61.063	3	0	0	2	0	0	1	1	0	0	1	14
2013/12/29-21:11:17	67	1,434.09	61.063	3	0	0	2	0	0	1	1	0	0	1	18
2013/12/29-21:23:25	67	1,434.09	61.063	2	0	0	0	1	0	0	1	1	0	0	11
2013/12/29-21:23:55	67	1,434.09	61.063	12	0	0	2	0	0	1	1	0	0	1	31
2013/12/29-21:24:45	67	1,434.09	61.063	3	0	0	0	0	0	1	1	0	0	1	5
2013/12/29-21:26:04	67	1,434.09	61.063	3	0	0	0	0	0	1	1	0	0	1	6
2013/12/29-21:26:31	67	1,434.09	61.063	8	0	0	2	0	0	1	1	0	0	1	27
2013/12/29-21:40:51	68	1,411.582	56.925	6	0	0	2	1	0	0	1	1	0	0	16
2013/12/29-21:41:26	68	1,411.582	56.925	2	0	0	0	0	0	1	1	0	0	1	3
2013/12/29-21:42:44	68	1,411.582	56.925	4	0	0	2	0	0	1	1	0	0	1	15
2013/12/29-21:44:03	68	1,411.582	56.925	1	0	0	0	0	0	1	1	0	0	1	4
2013/12/29-21:45:22	68	1,411.582	56.925	4	0	0	0	0	0	1	1	0	0	1	9
2013/12/30-03:46:52	72	1,391.144	61.375	4	0	0	0	0	0	1	1	0	0	1	8
2013/12/30-03:48:12	74	1,379.883	60.856	7	0	0	3	1	0	1	1	0	0	1	38
2013/12/30-03:49:09	74	1,379.883	60.856	4	0	0	1	1	0	1	1	0	0	1	18
2013/12/30-03:49:46	74	1,379.883	60.856	5	0	0	2	0	0	1	1	0	0	1	16
2013/12/30-03:51:05	74	1,379.883	60.856	1	0	0	0	0	0	1	1	0	0	1	4
2013/12/30-03:55:33	74	1,379.883	60.856	11	0	0	1	1	0	0	1	1	0	0	21
2013/12/30-03:56:14	74	1,379.883	60.856	4	0	0	2	0	0	1	1	0	0	1	16
2013/12/30-03:56:49	74	1,379.883	60.856	9	0	0	1	0	0	1	1	0	0	1	16
2013/12/30-03:58:08	74	1,379.883	60.856	3	0	0	1	0	0	1	1	0	0	1	7
2013/12/30-03:59:27	74	1,379.883	60.856	7	0	0	1	0	0	1	1	0	0	1	22
2013/12/30-04:15:19	74	1,379.883	60.856	4	0	0	1	0	0	1	1	0	0	1	9
2013/12/30-04:15:52	74	1,379.883	60.856	5	0	0	1	0	0	1	1	0	0	1	12
2013/12/30-04:16:24	74	1,379.883	60.856	2	0	0	0	0	0	1	1	0	0	1	3
2013/12/30-04:16:57	74	1,379.883	60.856	15	0	0	3	0	0	1	1	0	0	1	22
2013/12/30-04:17:38	74	1,379.883	60.856	7	0	0	3	0	0	1	1	0	0	1	34
2013/12/30-09:56:23	75	1,356.265	63.061	6	0	0	0	0	0	1	1	0	0	1	17
2013/12/30-09:56:59	75	1,356.265	63.061	5	0	1	1	0	0	0	1	0	0	1	20
2013/12/30-09:58:08	75	1,356.265	63.061	3	0	0	2	1	0	1	1	0	0	1	18
2013/12/30-09:58:45	75	1,356.265	63.061	5	0	0	0	0	0	1	1	0	0	1	40
2013/12/30-09:59:44	75	1,356.265	63.061	5	0	0	3	0	0	1	1	0	0	1	24
2013/12/30-10:16:07	75	1,393.124	60.88	3	0	0	0	0	0	1	1	0	0	1	5
2013/12/30-10:17:26	75	1,393.124	60.88	10	0	1	3	0	0	0	1	0	0	1	28
2013/12/30-10:18:45	75	1,393.124	60.88	6	0	0	2	1	0	1	1	1	0	0	20
2013/12/30-10:19:23	75	1,393.124	60.88	6	0	0	4	0	0	1	1	0	0	1	28
2013/12/30-10:20:14	75	1,393.124	60.88	5	0	0	3	0	0	1	1	0	0	1	19
2013/12/30-10:36:59	75	1,393.124	60.88	4	0	0	1	0	0	1	1	0	0	1	11
2013/12/30-10:38:18	75	1,393.124	60.88	8	0	0	1	0	0	1	1	0	0	1	21
2013/12/30-10:38:57	75	1,393.124	60.88	1	0	0	0	0	0	0	1	1	0	0	8
2013/12/30-10:39:24	75	1,393.124	60.88	12	0	0	1	0	0	1	1	0	0	1	24
2013/12/30-10:40:07	75	1,393.124	60.88	6	0	0	0	0	0	1	1	0	0	1	10
2013/12/30-14:59:49	74	1,397.349	62.726	4	0	1	3	0	0	0	1	0	0	1	25
2013/12/30-15:01:08	74	1,397.349	62.726	1	0	1	2	0	0	0	1	0	0	1	15
2013/12/30-15:02:11	74	1,397.349	62.726	5	0	1	0	0	0	0	1	0	0	1	15
2013/12/30-15:03:13	74	1,397.349	62.726	3	0	0	3	0	0	1	1	0	0	1	14
2013/12/30-15:04:06	74	1,397.349	62.726	4	0	0	2	0	0	1	1	0	0	1	8
2013/12/30-15:14:40	74	1,397.349	62.726	4	0	0	1	0	0	1	1	0	0	1	16
2013/12/30-15:15:23	74	1,397.349	62.726	15	0	0	2	0	0	0	1	1	0	0	35
2013/12/30-15:16:16	74	1,397.349	62.726	4	0	0	2	0	0	1	1	0	0	1	20
2013/12/30-15:16:55	74	1,397.349	62.726	5	0	0	1	0	0	1	1	0	0	1	11
2013/12/30-15:18:14	74	1,397.349	62.726	4	0	0	0	0	0	1	1	0	0	1	8
2013/12/30-15:35:08	74	1,397.349	62.726	1	0	0	1	0	0	0	1	1	0	0	8
2013/12/30-15:35:35	74	1,397.349	62.726	9	0	0	1	0	0	0	1	1	0	0	17
2013/12/30-15:36:11	74	1,397.349	62.726	0	0	1	0	0	0	0	1	0	0	1	8
2013/12/30-15:36:38	74	1,387.609	57.23	12	0	0	2	1	0	0	1	1	0	0	28
2013/12/30-15:37:25	74	1,387.609	57.23	3	0	0	0	0	0	0	1	1	0	0	8
2013/12/30-19:24:20	74	1,395.59	59.957	3	0	0	1	0	0	1	1	0	0	1	12
2013/12/30-19:25:04	74	1,395.59	59.957	1	0	1	1	0	0	0	1	0	0	1	9
2013/12/30-19:26:00	74	1,395.59	59.957	6	0	0	2	0	0	1	1	0	0	1	17
2013/12/30-19:27:15	74	1,374.088	58.099	4	0	0	2	0	0	1	1	0	0	1	12
2013/12/30-19:28:07	74	1,374.088	58.099	4	0	0	0	0	0	1	1	0	0	1	14
2013/12/30-19:39:28	74	1,374.088	58.099	6	0	1	2	0	0	0	1	0	0	1	22
2013/12/30-19:40:12	74	1,374.088	58.099	8	0	0	0	0	0	1	1	0	0	1	19
2013/12/30-19:40:50	74	1,374.088	58.099	4	0	0	1	0	0	1	1	0	0	1	8
2013/12/30-19:41:18	74	1,374.088	58.099	2	0	1	1	0	0	0	1	0	0	1	18
2013/12/30-19:41:55	74	1,374.088	58.099	5	0	0	2	0	0	1	1	0	0	1	18
2013/12/30-19:59:56	74	1,374.088	58.099	6	0	0	2	0	0	1	1	0	0	1	21
2013/12/30-20:00:36	74	1,374.088	58.099	3	0	0	1	0	0	0	1	1	0	0	19
2013/12/30-20:01:14	74	1,374.088	58.099	2	0	0	3	0	0	0	1	1	0	0	18
2013/12/30-20:01:52	74	1,374.088	58.099	2	0	0	0	0	0	1	1	0	0	1	6
2013/12/30-20:02:19	74	1,374.088	58.099	2	0	0	0	0	0	1	1	0	0	1	3
2013/12/31-12:00:10	75	1,352.589	75.266	4	0	0	0	0	0	1	1	0	0	1	12
2013/12/31-12:00:41	75	1,352.589	75.266	2	0	0	0	0	0	1	1	0	0	1	3
2013/12/31-12:01:55	75	1,352.589	75.266	2	0	1	0	0	0	0	1	0	0	1	6
2013/12/31-12:02:20	75	1,352.589	75.266	9	0	0	0	1	0	0	1	1	0	0	10
2013/12/31-12:02:48	75	1,352.589	75.266	0	0	1	0	0	0	0	1	0	0	1	5
2013/12/31-12:11:12	74	1,390.751	72.075	23	0	0	0	0	0	1	1	0	0	1	37
2013/12/31-12:12:08	74	1,390.751	72.075	3	0	1	0	0	0	0	1	0	0	1	15
2013/12/31-12:12:43	74	1,390.751	72.075	1	0	0	0	0	0	1	1	0	0	1	6
2013/12/31-12:13:29	74	1,390.751	72.075	1	0	1	0	0	0	0	1	0	0	1	6
2013/12/31-12:14:48	74	1,390.751	72.075	2	0	1	1	0	0	0	1	0	0	1	14
2013/12/31-12:25:09	74	1,390.751	72.075	3	0	1	0	1	0	0	1	0	0	1	7
2013/12/31-12:26:08	74	1,390.751	72.075	6	0	0	0	1	0	0	1	1	0	0	21
2013/12/31-12:26:49	74	1,390.751	72.075	21	0	1	0	0	0	0	1	0	0	1	24
2013/12/31-12:27:31	74	1,390.751	72.075	2	0	0	0	1	0	1	1	0	0	1	35
2013/12/31-12:28:25	74	1,390.751	72.075	9	0	0	2	1	0	1	1	0	0	1	27
2013/12/31-16:04:39	67	1,445.712	71.781	9	0	0	0	1	0	1	1	0	0	1	19
2013/12/31-16:05:17	67	1,445.712	71.781	3	0	0	0	0	0	1	1	0	0	1	9
2013/12/31-16:06:01	67	1,445.712	71.781	4	0	1	1	0	0	0	1	0	0	1	21
2013/12/31-16:06:59	67	1,445.712	71.781	3	0	0	0	2	0	0	1	1	0	0	11
2013/12/31-16:07:28	67	1,445.712	71.781	0	0	0	0	0	0	0	1	1	0	0	3
2013/12/31-16:31:49	60	1,503.608	68.628	0	0	1	0	0	0	0	1	0	0	1	7
2013/12/31-16:32:24	60	1,503.608	68.628	2	0	0	0	0	0	1	1	0	0	1	3
2013/12/31-16:33:13	60	1,503.608	68.628	13	0	0	0	1	0	0	1	1	0	0	16
2013/12/31-16:33:48	60	1,503.608	68.628	5	0	0	2	0	0	1	1	0	0	1	12
2013/12/31-16:35:07	60	1,503.608	68.628	9	0	1	0	1	0	0	1	0	0	1	34
2013/12/31-16:43:38	60	1,503.608	68.628	0	0	1	0	0	0	0	1	0	0	1	4
2013/12/31-16:44:05	60	1,503.608	68.628	6	0	1	0	0	0	0	1	0	0	1	25
2013/12/31-16:44:49	60	1,503.608	68.628	1	0	0	0	0	0	1	1	0	0	1	4
2013/12/31-16:45:17	60	1,503.608	68.628	3	0	1	2	0	0	0	1	0	0	1	10
2013/12/31-16:46:22	60	1,503.608	68.628	14	0	1	0	0	0	0	1	0	0	1	15
2013/12/31-21:02:21	59	1,502.971	70.108	3	0	0	2	0	0	1	1	0	0	1	20
2013/12/31-21:03:00	59	1,502.971	70.108	14	0	1	0	0	0	0	1	1	0	0	17
2013/12/31-21:03:35	59	1,502.971	70.108	7	0	1	2	0	0	0	1	0	0	1	24
2013/12/31-21:04:47	59	1,502.971	70.108	0	0	1	0	0	0	0	1	0	0	1	5
2013/12/31-21:05:12	59	1,502.971	70.108	3	0	1	0	0	0	0	1	0	0	1	16
2013/12/31-21:10:32	59	1,502.971	70.108	2	0	0	0	3	0	1	1	1	0	0	6
2013/12/31-21:10:57	59	1,502.971	70.108	25	0	0	4	2	0	0	1	1	0	0	49
2013/12/31-21:12:05	59	1,502.971	70.108	14	0	0	0	1	0	1	1	0	0	1	13
2013/12/31-21:12:38	58	1,511.096	64.583	0	0	1	0	0	0	0	1	0	0	1	8
2013/12/31-21:13:05	58	1,511.096	64.583	1	0	1	0	0	0	0	1	0	0	1	3
2013/12/31-21:28:50	58	1,511.096	64.583	1	0	0	0	1	0	1	1	0	0	1	7
2013/12/31-21:29:19	58	1,511.096	64.583	3	0	1	0	0	0	0	1	0	0	1	13
2013/12/31-21:30:38	58	1,511.096	64.583	8	0	0	0	0	0	1	1	0	0	1	10
2013/12/31-21:31:06	58	1,511.096	64.583	0	0	1	0	0	0	0	1	0	0	1	13
2013/12/31-21:31:44	58	1,511.096	64.583	8	0	0	3	1	0	0	1	1	0	0	24
2014/01/01-01:05:02	62	1,485.357	66.761	4	0	0	0	0	0	1	1	0	0	1	13
2014/01/01-01:05:34	62	1,485.357	66.761	6	0	0	1	0	0	1	1	0	0	1	30
2014/01/01-01:06:24	62	1,485.357	66.761	2	0	0	0	0	0	1	1	0	0	1	7
2014/01/01-01:07:42	62	1,485.357	66.761	8	0	0	0	0	0	1	1	0	0	1	8
2014/01/01-01:09:01	62	1,485.357	66.761	6	0	1	0	0	0	0	1	0	0	1	49
2014/01/01-01:13:55	62	1,485.357	66.761	10	0	0	0	0	0	1	1	0	0	1	9
2014/01/01-01:14:23	62	1,485.357	66.761	3	0	0	0	2	0	0	1	1	0	0	8
2014/01/01-01:14:50	62	1,485.357	66.761	6	0	0	1	0	0	1	1	0	0	1	11
2014/01/01-01:15:20	62	1,485.357	66.761	6	0	0	1	0	0	0	1	1	0	0	11
2014/01/01-01:15:50	62	1,485.357	66.761	0	0	1	0	0	0	0	1	0	0	1	8
2014/01/01-01:32:00	62	1,485.357	66.761	9	0	0	2	0	0	1	1	0	0	1	33
2014/01/01-01:32:52	62	1,485.357	66.761	1	0	0	0	0	0	0	1	1	0	0	4
2014/01/01-01:33:15	62	1,485.357	66.761	2	0	0	0	1	0	0	1	1	0	0	6
2014/01/01-01:33:40	62	1,485.357	66.761	0	0	1	0	0	0	0	1	0	0	1	6
2014/01/01-01:34:59	62	1,485.357	66.761	2	0	1	0	0	0	0	1	0	0	1	9
2014/01/01-05:09:42	59	1,512.586	65.964	4	0	0	0	0	0	0	1	1	0	0	14
2014/01/01-05:10:15	59	1,512.586	65.964	4	0	0	0	0	0	1	1	0	0	1	7
2014/01/01-05:11:28	59	1,512.586	65.964	1	0	1	0	0	0	0	1	0	0	1	7
2014/01/01-05:12:00	59	1,512.586	65.964	2	0	0	0	0	0	1	1	0	0	1	15
2014/01/01-05:13:19	59	1,512.586	65.964	7	0	1	5	0	0	0	1	0	0	1	19
2014/01/01-05:26:42	59	1,512.586	65.964	2	0	0	0	1	0	1	1	0	0	1	7
2014/01/01-05:27:11	59	1,512.586	65.964	7	0	0	3	0	0	1	1	0	0	1	39
2014/01/01-05:28:09	59	1,512.586	65.964	3	0	0	0	3	0	0	1	1	0	0	10
2014/01/01-05:28:38	59	1,512.586	65.964	4	0	0	2	0	0	1	1	0	0	1	9
2014/01/01-05:29:06	59	1,512.586	65.964	10	0	0	1	2	0	1	1	0	0	1	29
2014/01/01-05:40:28	61	1,495.078	60.961	0	0	1	0	0	0	0	1	0	0	1	6
2014/01/01-05:41:47	61	1,495.078	60.961	3	0	0	0	1	0	1	1	1	0	0	13
2014/01/01-05:42:19	61	1,495.078	60.961	8	0	1	0	0	0	0	1	0	0	1	12
2014/01/01-05:42:56	61	1,495.078	60.961	1	0	0	0	0	0	1	1	0	0	1	3
2014/01/01-05:43:31	61	1,495.078	60.961	5	0	0	1	0	0	1	1	0	0	1	17
2014/01/01-09:15:16	60	1,484.644	63.634	27	0	0	0	1	0	1	1	0	0	1	39
2014/01/01-09:16:14	60	1,484.644	63.634	2	0	0	0	1	0	1	1	0	0	1	9
2014/01/01-09:16:42	60	1,484.644	63.634	5	0	0	0	0	0	0	1	1	0	0	16
2014/01/01-09:17:17	60	1,484.644	63.634	0	0	1	0	0	0	0	1	0	0	1	3
2014/01/01-09:18:23	60	1,484.644	63.634	2	0	0	0	0	0	1	1	0	0	1	12
2014/01/01-09:28:39	59	1,489.716	61.37	5	0	0	0	2	0	0	1	1	0	0	16
2014/01/01-09:29:14	59	1,489.716	61.37	2	0	0	0	0	0	1	1	0	0	1	6
2014/01/01-09:29:41	59	1,489.716	61.37	0	0	1	0	0	0	0	1	0	0	1	4
2014/01/01-09:30:08	59	1,489.716	61.37	2	0	0	0	1	0	0	1	1	0	0	6
2014/01/01-09:30:33	59	1,489.716	61.37	11	0	0	0	1	0	0	1	1	0	0	13
2014/01/01-09:41:42	59	1,489.716	61.37	5	0	1	3	0	0	0	1	0	0	1	15
2014/01/01-09:42:17	59	1,489.716	61.37	2	0	1	0	1	0	0	1	0	0	1	9
2014/01/01-09:42:45	59	1,489.716	61.37	10	0	0	0	1	0	1	1	0	0	1	11
2014/01/01-09:43:16	59	1,489.716	61.37	1	0	1	1	0	0	0	1	0	0	1	18
2014/01/01-09:44:35	59	1,489.716	61.37	0	0	1	0	0	0	0	1	0	0	1	8
2014/01/01-13:18:22	60	1,486.644	62.775	0	0	1	0	0	0	0	1	0	0	1	3
2014/01/01-13:19:15	60	1,486.644	62.775	22	0	0	0	1	0	1	1	0	0	1	29
2014/01/01-13:20:06	60	1,486.644	62.775	7	0	0	0	0	0	0	1	1	0	0	24
2014/01/01-13:20:49	60	1,486.644	62.775	12	0	0	4	0	0	0	1	1	0	0	37
2014/01/01-13:21:45	60	1,486.644	62.775	4	0	1	2	0	0	0	1	0	0	1	23
2014/01/01-13:41:36	59	1,509.3	60.246	11	0	0	5	1	0	1	1	0	0	1	32
2014/01/01-13:42:27	59	1,509.3	60.246	10	0	1	0	0	0	0	1	0	0	1	34
2014/01/01-13:43:20	59	1,509.3	60.246	6	0	0	1	0	0	1	1	0	0	1	15
2014/01/01-13:44:39	59	1,509.3	60.246	0	0	1	0	0	0	0	1	0	0	1	3
2014/01/01-13:45:28	59	1,509.3	60.246	0	0	1	0	0	0	0	1	0	0	1	6
2014/01/01-13:59:19	59	1,509.3	60.246	1	0	0	0	1	0	1	1	0	0	1	4
2014/01/01-13:59:58	59	1,509.3	60.246	50	0	0	0	1	0	0	1	1	0	0	60
2014/01/01-14:01:17	59	1,509.3	60.246	2	0	0	0	0	0	1	1	0	0	1	3
2014/01/01-14:02:37	56	1,533.785	57.042	1	0	1	0	0	0	0	1	0	0	1	9
2014/01/01-14:03:56	56	1,533.785	57.042	0	0	1	0	0	0	0	1	0	0	1	5
