2013/09/02-14:38:52	32	1,500	350.155	6	0	0	0	1	0	0	1	1	0	0	22
2013/09/02-14:39:33	32	1,500	350.155	4	0	1	0	0	0	0	1	0	0	1	21
2013/09/02-14:40:19	10	1,610.869	293.904	0	0	1	0	0	0	0	1	0	0	1	3
2013/09/02-14:40:44	10	1,610.869	293.904	6	0	1	1	0	0	0	1	0	0	1	22
2013/09/02-14:41:26	10	1,610.869	293.904	3	0	1	0	0	0	0	1	0	0	1	26
2013/09/02-14:56:22	10	1,610.869	293.904	1	0	1	0	0	0	0	1	0	0	1	4
2013/09/02-14:57:22	10	1,610.869	293.904	1	0	0	0	0	0	1	1	0	0	1	3
2013/09/02-14:58:25	10	1,610.869	293.904	4	0	0	0	0	0	1	1	0	0	1	13
2013/09/02-14:59:43	10	1,610.869	293.904	3	0	0	0	0	0	1	1	0	0	1	12
2013/09/02-15:01:02	10	1,610.869	293.904	4	0	1	0	0	0	0	1	0	0	1	14
2013/09/02-15:07:15	79	1,153.26	230.47	3	0	0	0	0	0	1	1	0	0	1	7
2013/09/02-15:08:08	79	1,153.26	230.47	0	0	1	0	0	0	0	1	0	0	1	10
2013/09/02-15:09:26	79	1,153.26	230.47	1	0	0	0	0	0	1	1	0	0	1	5
2013/09/02-15:09:56	79	1,153.26	230.47	1	0	0	0	0	0	1	1	0	0	1	3
2013/09/02-15:10:51	79	1,153.26	230.47	2	0	0	0	0	0	0	1	1	0	0	8
2013/09/02-23:09:42	53	1,400.236	219.812	7	0	1	1	0	0	0	1	0	0	1	19
2013/09/02-23:10:27	53	1,400.236	219.812	1	0	1	0	0	0	0	1	0	0	1	6
2013/09/02-23:10:52	53	1,400.236	219.812	0	0	0	0	0	0	0	1	1	0	0	3
2013/09/02-23:11:13	53	1,400.236	219.812	1	0	0	0	1	0	0	1	1	0	0	6
2013/09/02-23:11:38	53	1,400.236	219.812	9	0	0	3	0	0	1	1	0	0	1	30
2013/09/02-23:33:50	53	1,400.236	219.812	1	0	0	0	0	0	1	1	0	0	1	3
2013/09/02-23:34:25	53	1,400.236	219.812	1	0	1	0	0	0	0	1	0	0	1	4
2013/09/02-23:34:52	53	1,400.236	219.812	1	0	1	0	1	0	0	1	0	0	1	4
2013/09/02-23:35:15	53	1,400.236	219.812	0	0	0	0	0	0	0	1	1	0	0	8
2013/09/02-23:35:41	53	1,400.236	219.812	7	0	1	0	0	0	0	1	0	0	1	24
2013/09/02-23:47:13	41	1,525.902	170.056	1	0	0	0	0	0	1	1	0	0	1	6
2013/09/02-23:48:28	41	1,525.902	170.056	0	0	0	0	0	0	0	1	1	0	0	60
2013/09/02-23:49:44	41	1,525.902	170.056	12	0	0	6	1	0	1	1	0	0	1	48
2013/09/02-23:50:51	41	1,525.902	170.056	2	0	0	0	0	0	1	1	0	0	1	4
2013/09/02-23:52:10	41	1,525.902	170.056	1	0	0	0	0	0	1	1	0	0	1	3
2013/09/03-10:42:18	37	1,545.863	145.795	4	0	0	0	0	0	1	1	0	0	1	10
2013/09/03-10:43:08	37	1,545.863	145.795	1	0	1	0	0	0	0	1	0	0	1	8
2013/09/03-10:44:27	37	1,545.863	145.795	2	0	1	0	0	0	0	1	0	0	1	6
2013/09/03-10:44:52	37	1,545.863	145.795	1	0	0	0	1	0	1	1	0	0	1	8
2013/09/03-10:45:19	37	1,545.863	145.795	1	0	0	0	0	0	1	1	0	0	1	3
2013/09/03-10:53:24	51	1,444.955	125.83	11	0	0	4	2	0	0	1	1	0	0	37
2013/09/03-10:54:20	51	1,444.955	125.83	5	0	0	0	1	0	0	1	1	0	0	31
2013/09/03-10:55:10	51	1,444.955	125.83	1	0	1	0	1	0	0	1	0	0	1	4
2013/09/03-10:55:35	51	1,444.955	125.83	11	0	0	2	1	0	1	1	0	0	1	27
2013/09/03-10:56:22	51	1,444.955	125.83	1	0	0	0	0	0	1	1	0	0	1	3
2013/09/03-15:02:08	51	1,444.955	125.83	1	0	1	0	0	0	0	1	0	0	1	6
2013/09/03-15:02:34	44	1,484.747	108.853	14	0	0	0	0	0	0	1	1	0	0	60
2013/09/03-15:03:53	44	1,484.747	108.853	1	0	0	0	0	0	1	1	0	0	1	3
2013/09/03-15:04:45	44	1,484.747	108.853	1	0	0	0	0	0	1	1	0	0	1	3
2013/09/03-15:05:27	44	1,484.747	108.853	0	0	0	0	0	0	0	1	1	0	0	22
2013/09/03-19:04:28	43	1,498.675	103.339	4	0	0	1	1	0	1	1	0	0	1	9
2013/09/03-19:05:05	43	1,498.675	103.339	1	0	0	0	0	0	1	1	0	0	1	3
2013/09/03-19:05:41	43	1,498.675	103.339	19	0	0	11	0	0	0	1	1	0	0	60
2013/09/03-19:06:59	43	1,498.675	103.339	1	0	0	0	1	0	1	1	0	0	1	4
2013/09/03-19:07:25	43	1,498.675	103.339	1	0	1	0	0	0	0	1	0	0	1	3
2013/09/03-19:14:31	51	1,440.356	92.464	22	0	0	5	0	0	0	1	0	1	0	60
2013/09/03-19:15:50	51	1,440.356	92.464	3	0	1	0	0	0	0	1	0	0	1	12
2013/09/03-19:16:21	51	1,440.356	92.464	2	0	0	0	0	0	1	1	0	0	1	6
2013/09/03-19:16:46	51	1,440.356	92.464	1	0	0	0	0	0	1	1	0	0	1	3
2013/09/03-19:18:05	51	1,440.356	92.464	4	0	1	0	0	0	0	1	0	0	1	14
2013/09/03-19:34:13	51	1,440.356	92.464	1	0	0	0	0	0	1	1	0	0	1	3
2013/09/03-19:34:44	51	1,440.356	92.464	1	0	1	0	0	0	0	1	0	0	1	3
2013/09/03-19:35:25	51	1,440.356	92.464	0	0	1	0	0	0	0	1	0	0	1	6
2013/09/03-19:36:02	51	1,440.356	92.464	2	0	0	0	1	0	0	1	1	0	0	14
2013/09/03-19:36:36	51	1,440.356	92.464	1	0	0	0	0	0	1	1	0	0	1	3
2013/09/03-20:12:15	52	1,420.127	80.252	1	0	0	0	1	0	1	1	0	0	1	3
2013/09/03-20:12:37	52	1,420.127	80.252	0	0	1	0	0	0	0	1	0	0	1	7
2013/09/03-20:13:03	52	1,420.127	80.252	1	0	0	0	2	0	0	1	1	0	0	4
2013/09/03-20:13:26	52	1,420.127	80.252	2	0	0	0	1	0	1	1	0	0	1	4
2013/09/03-20:13:48	52	1,420.127	80.252	9	0	0	11	0	0	0	1	1	0	0	60
2013/09/03-20:21:14	52	1,420.127	80.252	1	0	0	0	1	0	1	1	1	0	0	3
2013/09/03-20:21:36	52	1,420.127	80.252	3	0	1	0	1	0	0	1	1	0	0	10
2013/09/03-20:22:05	52	1,420.127	80.252	9	0	0	1	0	0	1	1	0	0	1	24
2013/09/03-20:23:23	52	1,420.127	80.252	1	0	0	0	0	0	1	1	0	0	1	7
2013/09/03-20:23:49	52	1,420.127	80.252	1	0	0	0	0	0	1	1	0	0	1	3
2013/09/03-20:40:11	55	1,404.713	70.845	1	0	1	0	0	0	0	1	0	0	1	5
2013/09/03-20:40:50	55	1,404.713	70.845	9	0	0	3	0	0	1	1	0	0	1	28
2013/09/03-20:41:37	55	1,404.713	70.845	1	0	1	0	0	0	0	1	0	0	1	3
2013/09/03-20:41:58	55	1,404.713	70.845	2	0	0	0	2	0	0	1	1	0	0	7
2013/09/03-20:42:24	55	1,404.713	70.845	1	0	0	0	0	0	1	1	0	0	1	3
2013/09/04-15:38:27	54	1,411.151	72.654	1	0	0	0	0	0	1	1	0	0	1	5
2013/09/04-15:38:51	54	1,411.151	72.654	1	0	0	0	0	0	0	1	1	0	0	6
2013/09/04-15:39:16	54	1,411.151	72.654	2	0	0	0	0	0	0	1	1	0	0	11
2013/09/04-15:39:46	54	1,411.151	72.654	3	0	1	1	0	0	0	1	0	0	1	13
2013/09/04-15:40:19	54	1,411.151	72.654	1	0	0	0	0	0	1	1	0	0	1	3
2013/09/04-15:53:19	54	1,411.151	72.654	1	0	0	0	0	0	1	1	0	0	1	3
2013/09/04-15:54:38	54	1,411.151	72.654	1	0	1	0	0	0	0	1	0	0	1	3
2013/09/04-15:54:59	54	1,411.151	72.654	8	0	0	0	1	0	0	1	1	0	0	34
2013/09/04-15:55:52	54	1,411.151	72.654	2	0	0	0	0	0	0	1	1	0	0	6
2013/09/04-15:56:16	54	1,411.151	72.654	22	0	0	4	0	0	0	1	1	0	0	60
2013/09/04-16:09:06	51	1,432.787	65.235	1	0	0	0	0	0	1	1	0	0	1	3
2013/09/04-16:09:36	51	1,432.787	65.235	7	0	0	0	1	0	0	1	1	0	0	24
2013/09/04-16:10:19	51	1,432.787	65.235	0	0	0	0	0	0	0	1	1	0	0	5
2013/09/04-16:10:43	51	1,432.787	65.235	13	0	0	13	0	0	0	1	1	0	0	60
2013/09/04-16:12:02	51	1,432.787	65.235	1	0	1	0	0	0	0	1	0	0	1	6
2013/09/04-20:55:38	52	1,442.473	67.393	3	0	0	0	3	0	0	1	1	0	0	11
2013/09/04-20:56:08	52	1,442.473	67.393	2	0	0	0	2	0	0	1	1	0	0	10
2013/09/04-20:56:37	52	1,442.473	67.393	0	0	0	0	0	0	0	1	0	1	0	60
2013/09/04-20:57:56	52	1,442.473	67.393	6	0	0	0	0	0	1	1	0	0	1	19
2013/09/04-20:59:15	52	1,442.473	67.393	4	0	0	0	3	0	0	1	1	0	0	13
2013/09/04-21:12:24	51	1,447.055	63.559	1	0	0	0	0	0	1	1	0	0	1	3
2013/09/04-21:12:52	51	1,447.055	63.559	3	0	0	1	1	0	0	1	1	0	0	10
2013/09/04-21:13:21	51	1,447.055	63.559	3	0	0	0	0	0	0	1	1	0	0	22
2013/09/04-21:14:02	51	1,447.055	63.559	3	0	0	0	0	0	0	1	1	0	0	10
2013/09/04-21:14:31	51	1,447.055	63.559	3	0	1	0	0	0	0	1	0	0	1	12
2013/09/04-21:25:53	51	1,447.055	63.559	0	0	1	0	0	0	0	1	0	0	1	7
2013/09/04-21:26:19	51	1,447.055	63.559	1	0	0	0	0	0	0	1	1	0	0	6
2013/09/04-21:26:43	51	1,447.055	63.559	2	0	0	0	1	0	0	1	1	0	0	11
2013/09/04-21:27:13	51	1,447.055	63.559	14	0	0	3	0	0	1	1	0	0	1	39
2013/09/04-21:28:33	51	1,447.055	63.559	1	0	0	0	0	0	1	1	0	0	1	6
2013/09/07-10:18:37	48	1,461.652	78.74	13	0	0	2	1	0	1	1	0	0	1	39
2013/09/07-10:19:38	48	1,461.652	78.74	13	0	0	2	0	0	0	1	1	0	0	60
2013/09/07-10:20:57	48	1,461.652	78.74	12	0	0	3	0	0	0	1	1	0	0	60
2013/09/07-10:22:16	48	1,461.652	78.74	2	0	0	0	0	0	1	1	0	0	1	3
2013/09/07-10:23:35	48	1,461.652	78.74	4	0	0	0	0	0	1	1	0	0	1	9
2013/09/07-10:47:54	47	1,478.762	73.01	12	0	0	4	0	0	0	1	0	0	1	60
2013/09/07-10:49:13	47	1,478.762	73.01	13	0	0	1	0	0	1	1	0	0	1	42
2013/09/07-10:50:32	47	1,478.762	73.01	12	0	0	1	1	0	0	1	1	0	0	60
2013/09/07-10:51:50	47	1,478.762	73.01	3	0	0	0	0	0	1	1	0	0	1	10
2013/09/07-10:52:51	47	1,478.762	73.01	11	0	0	4	0	0	0	1	1	0	0	27
2013/09/07-11:09:41	47	1,478.762	73.01	2	0	0	0	0	0	1	1	0	0	1	3
2013/09/07-11:10:41	46	1,498.862	67.762	2	0	0	0	0	0	1	1	0	0	1	3
2013/09/07-11:12:00	46	1,498.862	67.762	16	0	0	3	0	0	0	1	0	0	1	60
2013/09/07-11:13:19	46	1,498.862	67.762	17	0	0	2	0	0	0	1	0	0	1	60
2013/09/07-11:15:55	46	1,498.862	67.762	17	0	0	3	0	0	0	1	0	0	1	60
2013/09/09-00:06:21	44	1,511.994	68.42	2	0	0	0	0	0	1	1	0	0	1	3
2013/09/09-00:10:39	44	1,511.994	68.42	2	0	0	0	0	0	1	1	0	0	1	3
2013/09/09-00:12:37	44	1,511.994	68.42	20	0	0	3	0	0	0	1	1	0	0	59
2013/09/09-00:13:52	44	1,511.994	68.42	3	0	0	0	0	0	1	1	0	0	1	6
2013/09/09-00:14:36	44	1,511.994	68.42	4	0	1	0	0	0	0	1	0	0	1	12
2013/09/09-00:15:16	44	1,511.994	68.42	12	0	1	4	0	0	0	1	0	0	1	37
2013/09/09-00:16:12	44	1,511.994	68.42	2	0	0	0	0	0	1	1	0	0	1	3
2013/09/09-00:16:55	45	1,478.881	62.955	8	0	0	0	0	0	0	1	1	0	0	20
2013/09/09-00:17:34	45	1,478.881	62.955	5	0	1	0	0	0	0	1	0	0	1	16
2013/09/09-00:18:09	45	1,478.881	62.955	9	0	0	2	0	0	1	1	0	0	1	28
2013/09/09-00:54:42	45	1,478.881	62.955	8	0	1	1	1	0	0	1	0	0	1	17
2013/09/09-00:55:19	45	1,478.881	62.955	1	0	0	0	0	0	1	1	0	0	1	3
2013/09/09-00:56:30	45	1,478.881	62.955	2	0	0	0	0	0	1	1	0	0	1	3
2013/09/09-00:57:02	45	1,478.881	62.955	5	0	1	0	0	0	0	1	0	0	1	11
2013/09/09-00:57:35	45	1,478.881	62.955	14	0	0	4	0	0	0	1	1	0	0	60
2013/09/10-19:10:42	44	1,491.455	64.989	4	0	0	1	0	0	0	1	1	0	0	14
2013/09/10-19:11:33	44	1,491.455	64.989	10	0	0	0	1	0	1	1	0	0	1	25
2013/09/10-19:12:17	44	1,491.455	64.989	8	0	0	1	0	0	1	1	0	0	1	29
2013/09/10-19:13:10	44	1,491.455	64.989	20	0	0	4	0	0	0	1	1	0	0	60
2013/09/10-19:14:29	44	1,491.455	64.989	10	0	0	1	0	0	1	1	0	0	1	25
2013/09/10-19:32:58	44	1,491.455	64.989	2	0	0	0	0	0	1	1	0	0	1	3
2013/09/10-19:33:49	45	1,507.791	60.705	6	0	0	0	1	0	0	1	1	0	0	23
2013/09/10-19:34:31	45	1,507.791	60.705	9	0	0	1	0	0	0	1	0	0	1	60
2013/09/10-19:35:50	45	1,507.791	60.705	18	0	0	3	1	0	0	1	1	0	0	60
2013/09/10-19:37:10	45	1,507.791	60.705	23	0	0	4	0	0	0	1	0	0	1	60
2013/09/10-20:00:51	45	1,507.791	60.705	2	0	0	0	0	0	1	1	0	0	1	6
2013/09/10-20:02:10	45	1,507.791	60.705	2	0	0	0	0	0	1	1	0	0	1	3
2013/09/10-20:03:29	45	1,507.791	60.705	12	0	0	1	0	0	0	1	0	0	1	60
2013/09/10-20:04:48	45	1,507.791	60.705	4	0	0	1	0	0	1	1	0	0	1	12
2013/09/10-20:05:52	45	1,507.791	60.705	22	0	0	7	1	0	0	1	1	0	0	60
2013/09/11-09:16:12	43	1,527.622	62.186	10	0	0	1	0	0	1	1	0	0	1	24
2013/09/11-09:17:22	43	1,527.622	62.186	2	0	0	0	0	0	1	1	0	0	1	3
2013/09/11-09:18:41	43	1,527.622	62.186	8	0	0	1	0	0	1	1	0	0	1	18
2013/09/11-09:20:00	43	1,527.622	62.186	2	0	0	0	0	0	1	1	0	0	1	3
2013/09/11-09:21:18	45	1,495.677	59.416	9	0	0	1	1	0	1	1	0	0	1	20
2013/09/11-09:35:08	45	1,495.677	59.416	10	0	0	3	0	0	1	1	0	0	1	26
2013/09/11-09:35:53	45	1,495.677	59.416	13	0	0	2	0	0	0	1	1	0	0	56
2013/09/11-09:37:09	45	1,495.677	59.416	12	0	0	3	0	0	0	1	1	0	0	42
2013/09/11-09:38:09	45	1,495.677	59.416	10	0	0	2	0	0	1	1	0	0	1	30
2013/09/11-09:39:01	45	1,495.677	59.416	2	0	0	0	0	0	1	1	0	0	1	3
2013/09/11-09:57:41	45	1,495.677	59.416	2	0	0	0	0	0	1	1	0	0	1	3
2013/09/11-09:59:00	45	1,495.677	59.416	2	0	0	0	0	0	1	1	0	0	1	3
2013/09/11-09:59:58	45	1,495.677	59.416	2	0	0	0	0	0	1	1	0	0	1	4
2013/09/11-10:00:47	45	1,495.677	59.416	8	0	0	1	1	0	1	1	0	0	1	20
2013/09/11-10:01:43	45	1,495.677	59.416	5	0	1	2	0	0	0	1	0	0	1	15
2013/09/11-22:57:01	47	1,479.464	61.581	11	0	0	1	1	0	0	1	1	0	0	60
2013/09/11-22:58:20	47	1,479.464	61.581	4	0	1	0	1	0	0	1	0	0	1	11
2013/09/11-22:58:50	47	1,479.464	61.581	2	0	0	0	0	0	1	1	0	0	1	3
2013/09/11-22:59:50	47	1,479.464	61.581	6	0	0	0	0	0	1	1	0	0	1	16
2013/09/11-23:01:09	47	1,479.464	61.581	18	0	0	4	0	0	0	1	1	0	0	60
2013/09/11-23:17:59	47	1,493.276	58.395	6	0	0	0	0	0	1	1	0	0	1	13
2013/09/11-23:18:37	47	1,493.276	58.395	7	0	0	0	0	0	1	1	0	0	1	16
2013/09/11-23:19:56	47	1,493.276	58.395	16	0	0	2	1	0	1	1	0	0	1	48
2013/09/11-23:21:03	47	1,493.276	58.395	13	0	0	2	1	0	1	1	1	0	0	36
2013/09/11-23:52:58	47	1,493.276	58.395	16	0	0	4	0	0	0	1	1	0	0	60
2013/09/12-00:23:28	47	1,493.276	58.395	9	0	0	3	0	0	1	1	0	0	1	31
2013/09/12-00:24:28	47	1,493.276	58.395	8	0	0	0	0	0	1	1	0	0	1	20
2013/09/12-00:25:17	47	1,493.276	58.395	14	0	0	4	0	0	1	1	0	0	1	41
2013/09/12-00:26:17	47	1,493.276	58.395	14	0	0	2	0	0	0	1	0	0	1	60
2013/09/12-00:27:36	47	1,493.276	58.395	19	0	0	2	0	0	0	1	0	0	1	60
2013/09/13-19:16:28	47	1,513.23	70.922	6	0	0	2	0	0	1	1	0	0	1	21
2013/09/13-19:17:19	47	1,513.23	70.922	4	0	0	0	0	0	0	1	1	0	0	11
2013/09/13-19:17:50	47	1,513.23	70.922	11	0	0	0	0	0	0	1	1	0	0	33
2013/09/13-19:18:42	47	1,513.23	70.922	9	0	1	1	0	0	0	1	0	0	1	27
2013/09/13-19:19:46	47	1,513.23	70.922	5	0	0	0	0	0	1	1	0	0	1	21
2013/09/13-19:32:24	47	1,513.23	70.922	14	0	0	1	1	0	0	1	1	0	0	37
2013/09/13-19:33:19	47	1,513.23	70.922	16	0	0	3	0	0	0	1	1	0	0	60
2013/09/13-19:34:38	47	1,513.23	70.922	6	0	0	1	0	0	1	1	0	0	1	16
2013/09/13-19:35:57	47	1,513.23	70.922	6	0	0	0	0	0	0	1	1	0	0	16
2013/09/13-19:36:32	47	1,513.23	70.922	5	0	1	0	0	0	0	1	0	0	1	12
2013/09/13-19:59:17	44	1,549.233	63.382	13	0	1	5	0	0	0	1	0	0	1	41
2013/09/13-20:00:17	44	1,549.233	63.382	1	0	0	0	0	0	1	1	0	0	1	4
2013/09/13-20:01:34	44	1,549.233	63.382	7	0	1	3	0	0	0	1	0	0	1	41
2013/09/13-20:02:53	44	1,549.233	63.382	13	0	0	1	1	0	0	1	1	0	0	39
2013/09/13-20:03:52	44	1,549.233	63.382	2	0	0	0	0	0	1	1	0	0	1	3
2013/09/14-01:13:27	41	1,543.881	63.369	16	0	1	4	0	0	0	1	0	0	1	57
2013/09/14-01:14:45	41	1,543.881	63.369	4	0	0	0	0	0	1	1	0	0	1	9
2013/09/14-01:15:35	41	1,543.881	63.369	8	0	1	1	0	0	0	1	0	0	1	25
2013/09/14-01:16:19	41	1,543.881	63.369	2	0	0	0	0	0	1	1	0	0	1	3
2013/09/14-01:17:08	41	1,543.881	63.369	7	0	0	2	0	0	1	1	0	0	1	19
2013/09/14-01:23:40	47	1,529.416	61.562	19	0	0	3	1	0	0	1	1	0	0	60
2013/09/14-01:24:59	47	1,529.416	61.562	12	0	0	4	0	0	0	1	0	0	1	60
2013/09/14-01:26:18	47	1,529.416	61.562	6	0	0	1	0	0	1	1	0	0	1	18
2013/09/14-01:26:55	47	1,529.416	61.562	2	0	0	0	0	0	1	1	0	0	1	3
2013/09/14-01:27:29	47	1,529.416	61.562	15	0	0	2	0	0	0	1	0	0	1	60
2013/09/14-01:48:09	47	1,529.416	61.562	11	0	0	3	0	0	0	1	0	0	1	60
2013/09/14-01:49:28	47	1,529.416	61.562	15	0	1	1	1	0	0	1	0	0	1	47
2013/09/14-01:50:46	47	1,529.416	61.562	15	0	0	4	1	0	1	1	0	0	1	48
2013/09/14-01:51:54	47	1,529.416	61.562	9	0	0	4	0	0	0	1	1	0	0	60
2013/09/14-01:53:13	47	1,529.416	61.562	9	0	0	1	0	0	1	1	0	0	1	25
2013/09/14-02:11:27	45	1,531.882	57.226	15	0	0	2	0	0	1	1	0	0	1	47
2013/09/14-02:12:46	45	1,531.882	57.226	17	0	0	4	0	0	1	1	0	0	1	55
2013/09/14-02:13:59	45	1,531.882	57.226	8	0	0	2	1	0	1	1	0	0	1	22
2013/09/14-02:14:40	45	1,531.882	57.226	10	0	0	0	0	0	0	1	0	0	1	60
2013/09/14-02:15:59	45	1,531.882	57.226	7	0	1	1	0	0	0	1	0	0	1	18
2013/09/14-02:38:40	45	1,531.882	57.226	3	0	0	0	0	0	1	1	0	0	1	5
2013/09/14-02:39:34	45	1,531.882	57.226	2	0	0	0	0	0	1	1	0	0	1	3
2013/09/14-02:40:53	43	1,545.742	55.211	9	0	0	4	0	0	0	1	0	0	1	60
2013/09/14-02:42:12	43	1,545.742	55.211	2	0	0	0	0	0	1	1	0	0	1	3
2013/09/14-02:43:21	43	1,545.742	55.211	2	0	0	0	0	0	1	1	0	0	1	3
2013/09/14-03:02:04	43	1,545.742	55.211	12	0	0	1	0	0	1	1	0	0	1	30
2013/09/14-03:03:17	43	1,545.742	55.211	4	0	0	1	0	0	1	1	0	0	1	12
2013/09/14-03:04:36	43	1,545.742	55.211	2	0	0	0	0	0	1	1	0	0	1	3
2013/09/14-03:05:33	43	1,545.742	55.211	5	0	0	2	0	0	1	1	0	0	1	22
2013/09/14-03:06:42	43	1,545.742	55.211	4	0	1	0	0	0	0	1	0	0	1	16
2013/09/14-03:24:09	45	1,535.478	52.986	10	0	0	3	1	0	1	1	0	0	1	32
2013/09/14-03:25:01	45	1,535.478	52.986	2	0	0	0	0	0	1	1	0	0	1	7
2013/09/14-03:26:02	45	1,535.478	52.986	9	0	0	0	0	0	1	1	0	0	1	24
2013/09/14-03:27:20	45	1,535.478	52.986	2	0	0	0	0	0	1	1	0	0	1	3
2013/09/14-03:28:33	45	1,535.478	52.986	4	0	0	0	0	0	1	1	0	0	1	9
2013/09/14-03:33:46	45	1,535.478	52.986	5	0	0	0	0	0	1	1	0	0	1	12
2013/09/14-03:34:24	45	1,535.478	52.986	6	0	0	1	0	0	1	1	0	0	1	12
2013/09/14-03:34:55	45	1,535.478	52.986	10	0	0	4	0	0	0	1	1	0	0	45
2013/09/14-03:35:58	45	1,535.478	52.986	2	0	0	1	0	0	0	1	1	0	0	14
2013/09/14-03:36:30	45	1,535.478	52.986	4	0	0	0	0	0	1	1	0	0	1	9
2013/09/14-03:57:02	49	1,505.202	50.691	6	0	1	0	0	0	0	1	0	0	1	12
2013/09/14-03:57:47	49	1,505.202	50.691	2	0	0	0	0	0	1	1	0	0	1	4
2013/09/14-03:59:05	49	1,505.202	50.691	10	0	0	2	1	0	0	1	1	0	0	31
2013/09/14-03:59:55	49	1,505.202	50.691	7	0	1	2	1	0	0	1	0	0	1	27
2013/09/14-04:00:42	49	1,505.202	50.691	5	0	0	0	0	0	1	1	0	0	1	12
2013/09/14-06:26:47	50	1,502.026	52.363	7	0	0	1	0	0	1	1	0	0	1	16
2013/09/14-06:27:39	50	1,502.026	52.363	2	0	0	0	0	0	1	1	0	0	1	4
2013/09/14-06:28:55	50	1,502.026	52.363	15	0	0	6	0	0	0	1	1	0	0	60
2013/09/14-06:30:14	50	1,502.026	52.363	5	0	0	1	0	0	1	1	0	0	1	15
2013/09/14-06:31:11	50	1,502.026	52.363	2	0	0	0	0	0	1	1	0	0	1	4
2013/09/14-06:34:42	50	1,502.026	52.363	2	0	0	0	0	0	1	1	0	0	1	3
2013/09/14-06:35:07	50	1,502.026	52.363	8	0	0	1	0	0	1	1	0	0	1	21
2013/09/14-06:35:47	50	1,502.026	52.363	8	0	0	0	0	0	0	1	1	0	0	22
2013/09/14-06:36:27	50	1,502.026	52.363	5	0	0	0	0	0	0	1	1	0	0	9
2013/09/14-06:36:55	50	1,502.026	52.363	4	0	0	0	0	0	1	1	0	0	1	12
2013/09/14-06:54:19	50	1,479.76	50.893	8	0	0	0	1	0	0	1	1	0	0	20
2013/09/14-06:54:58	50	1,479.76	50.893	9	0	0	1	0	0	1	1	0	0	1	23
2013/09/14-06:55:39	50	1,479.76	50.893	7	0	1	1	0	0	0	1	0	0	1	27
2013/09/14-06:56:25	50	1,479.76	50.893	10	0	1	0	0	0	0	1	0	0	1	22
2013/09/14-06:57:05	50	1,479.76	50.893	4	0	1	1	0	0	0	1	0	0	1	12
2013/09/14-12:38:18	51	1,478.464	53.905	2	0	0	0	0	0	1	1	0	0	1	5
2013/09/14-12:39:13	51	1,478.464	53.905	7	0	0	1	0	0	1	1	0	0	1	25
2013/09/14-12:39:56	51	1,478.464	53.905	1	0	0	0	0	0	1	1	0	0	1	3
2013/09/14-12:40:21	51	1,478.464	53.905	2	0	0	0	0	0	1	1	0	0	1	3
2013/09/14-12:40:53	51	1,478.464	53.905	8	0	0	1	0	0	1	1	0	0	1	23
2013/09/14-12:44:40	52	1,447.351	53.176	2	0	0	0	0	0	1	1	0	0	1	3
2013/09/14-12:45:04	52	1,447.351	53.176	3	0	0	0	0	0	0	1	1	0	0	9
2013/09/14-12:45:32	52	1,447.351	53.176	6	0	0	0	0	0	1	1	0	0	1	15
2013/09/14-12:46:05	52	1,447.351	53.176	8	0	0	0	0	0	0	1	1	0	0	22
2013/09/14-12:46:45	52	1,447.351	53.176	4	0	0	1	0	0	0	1	1	0	0	10
2013/09/14-13:03:29	52	1,447.351	53.176	2	0	0	0	0	0	1	1	0	0	1	3
2013/09/14-13:04:14	52	1,447.351	53.176	14	0	0	5	0	0	0	1	1	0	0	55
2013/09/14-13:05:28	52	1,447.351	53.176	5	0	0	0	0	0	1	1	0	0	1	12
2013/09/14-13:06:00	52	1,447.351	53.176	3	0	1	1	0	0	0	1	0	0	1	10
2013/09/14-13:06:29	52	1,447.351	53.176	3	0	1	0	0	0	0	1	0	0	1	14
2013/09/14-17:26:04	55	1,422.052	58.189	2	0	0	0	0	0	1	1	0	0	1	3
2013/09/14-17:27:23	55	1,422.052	58.189	11	0	1	2	0	0	0	1	0	0	1	32
2013/09/14-17:28:19	55	1,422.052	58.189	3	0	1	0	0	0	0	1	0	0	1	9
2013/09/14-17:28:46	55	1,422.052	58.189	2	0	0	0	0	0	1	1	0	0	1	3
2013/09/14-17:29:25	55	1,422.052	58.189	2	0	0	0	0	0	1	1	0	0	1	3
2013/09/14-17:30:50	55	1,422.052	58.189	2	0	0	0	0	0	1	1	0	0	1	3
2013/09/14-17:31:27	55	1,422.052	58.189	10	0	1	1	0	0	0	1	0	0	1	35
2013/09/14-17:32:20	55	1,422.052	58.189	8	0	1	1	0	0	0	1	0	0	1	22
2013/09/14-17:33:01	55	1,422.052	58.189	1	0	0	0	0	0	1	1	0	0	1	3
2013/09/14-17:33:39	55	1,422.052	58.189	8	0	0	2	0	0	0	1	1	0	0	22
2013/09/14-17:47:29	55	1,422.052	58.189	11	0	0	4	0	0	0	1	1	0	0	60
2013/09/14-17:48:48	55	1,422.052	58.189	14	0	0	2	2	0	0	1	1	0	0	31
2013/09/14-17:49:37	55	1,422.052	58.189	4	0	0	1	0	0	0	1	1	0	0	10
2013/09/14-17:50:06	55	1,422.052	58.189	24	0	0	4	1	0	0	1	1	0	0	60
2013/09/14-17:51:25	55	1,414.873	52.817	4	0	0	1	0	0	0	1	1	0	0	11
2013/09/14-21:27:13	55	1,421.016	56.987	20	0	0	5	1	0	0	1	1	0	0	60
2013/09/14-21:28:32	55	1,421.016	56.987	15	0	0	2	0	0	0	1	0	0	1	60
2013/09/14-21:29:51	55	1,421.016	56.987	9	0	1	0	0	0	0	1	0	0	1	19
2013/09/14-21:30:48	55	1,421.016	56.987	12	0	1	2	0	0	0	1	0	0	1	35
2013/09/14-21:31:41	55	1,421.016	56.987	13	0	0	2	0	0	0	1	1	0	0	36
2013/09/14-21:54:54	54	1,433.037	55.179	6	0	1	3	0	0	0	1	0	0	1	11
2013/09/14-21:55:41	54	1,433.037	55.179	11	0	0	2	0	0	0	1	1	0	0	28
2013/09/14-21:56:28	54	1,433.037	55.179	2	0	0	0	0	0	1	1	0	0	1	3
2013/09/14-21:56:58	54	1,433.037	55.179	8	0	0	0	0	0	0	1	1	0	0	31
2013/09/14-21:57:48	54	1,433.037	55.179	13	0	0	2	0	0	1	1	0	0	1	33
2013/09/14-22:08:39	54	1,433.037	55.179	4	0	0	0	0	0	1	1	0	0	1	13
2013/09/14-22:09:28	54	1,433.951	52.63	9	0	0	2	0	0	1	1	0	0	1	19
2013/09/14-22:10:11	54	1,433.951	52.63	15	0	0	4	0	0	0	1	0	0	1	60
2013/09/14-22:11:30	54	1,433.951	52.63	10	0	1	4	0	0	0	1	0	0	1	40
2013/09/14-22:12:29	54	1,433.951	52.63	21	0	0	6	0	0	0	1	1	0	0	60
2013/09/15-10:10:36	52	1,450.031	57.795	2	0	0	0	0	0	1	1	0	0	1	3
2013/09/15-10:11:16	52	1,450.031	57.795	14	0	0	1	1	0	0	1	1	0	0	39
2013/09/15-10:12:13	52	1,450.031	57.795	5	0	0	2	1	0	0	1	1	0	0	15
2013/09/15-10:12:47	52	1,450.031	57.795	13	0	0	4	1	0	0	1	1	0	0	43
2013/09/15-10:13:49	52	1,450.031	57.795	8	0	0	2	0	0	1	1	0	0	1	25
2013/09/15-10:27:46	52	1,450.031	57.795	10	0	0	5	0	0	1	1	0	0	1	33
2013/09/15-10:28:38	52	1,450.031	57.795	5	0	0	0	0	0	1	1	0	0	1	15
2013/09/15-10:29:34	52	1,450.031	57.795	9	0	0	1	0	0	1	1	0	0	1	22
2013/09/15-10:30:17	52	1,450.031	57.795	5	0	1	0	0	0	0	1	0	0	1	11
2013/09/15-10:30:50	52	1,450.031	57.795	15	0	1	1	0	0	0	1	0	0	1	45
2013/09/15-10:45:51	52	1,460.161	53.79	9	0	0	1	0	0	1	1	0	0	1	25
2013/09/15-10:47:10	52	1,460.161	53.79	5	0	1	1	0	0	0	1	0	0	1	21
2013/09/15-10:47:50	52	1,460.161	53.79	2	0	0	0	0	0	1	1	0	0	1	3
2013/09/15-10:48:39	52	1,460.161	53.79	17	0	0	2	0	0	0	1	0	0	1	60
2013/09/15-10:49:58	52	1,460.161	53.79	2	0	0	0	0	0	1	1	0	0	1	3
2013/09/15-14:03:24	53	1,449.684	54.103	11	0	0	5	1	0	0	1	1	0	0	60
2013/09/15-14:04:45	53	1,449.684	54.103	9	0	0	3	0	0	0	1	1	0	0	60
2013/09/15-14:06:03	53	1,449.684	54.103	8	0	1	3	0	0	0	1	0	0	1	30
2013/09/15-14:06:52	53	1,449.684	54.103	8	0	0	1	0	0	1	1	0	0	1	30
2013/09/15-14:07:49	53	1,449.684	54.103	16	0	0	4	0	0	0	1	1	0	0	60
2013/09/15-15:23:42	53	1,459.778	51.942	16	0	0	2	1	0	1	1	0	0	1	44
2013/09/15-15:25:02	53	1,459.778	51.942	19	0	0	3	1	0	0	1	1	0	0	51
2013/09/15-15:26:11	53	1,459.778	51.942	9	0	0	1	0	0	1	1	0	0	1	27
2013/09/15-15:27:30	53	1,459.778	51.942	7	0	0	2	0	0	0	1	1	0	0	60
2013/09/15-15:28:48	53	1,459.778	51.942	6	0	1	1	0	0	0	1	0	0	1	13
2013/09/15-15:44:24	53	1,455.504	49.989	2	0	0	0	0	0	1	1	0	0	1	4
2013/09/15-15:45:42	53	1,455.504	49.989	8	0	1	1	0	0	0	1	0	0	1	26
2013/09/15-15:46:36	53	1,455.504	49.989	3	0	0	0	0	0	1	1	0	0	1	6
2013/09/15-15:47:55	53	1,455.504	49.989	4	0	0	1	1	0	0	1	1	0	0	11
2013/09/15-15:48:24	53	1,455.504	49.989	15	0	0	3	0	0	1	1	0	0	1	42
2013/09/15-20:38:47	53	1,445.573	56.173	10	0	0	0	0	0	0	1	1	0	0	35
2013/09/15-20:39:41	53	1,445.573	56.173	6	0	0	1	0	0	0	1	1	0	0	15
2013/09/15-20:40:15	53	1,445.573	56.173	5	0	0	0	0	0	1	1	0	0	1	9
2013/09/15-20:40:45	53	1,445.573	56.173	3	0	1	0	0	0	0	1	0	0	1	5
2013/09/15-20:41:13	53	1,445.573	56.173	8	0	1	1	1	0	0	1	0	0	1	22
2013/09/15-21:01:14	54	1,439.14	53.752	9	0	0	2	0	0	1	1	0	0	1	19
2013/09/15-21:01:56	54	1,439.14	53.752	21	0	0	4	0	0	0	1	1	0	0	60
2013/09/15-21:03:15	54	1,439.14	53.752	17	0	0	5	1	0	0	1	1	0	0	60
2013/09/15-21:04:34	54	1,439.14	53.752	2	0	0	0	0	0	1	1	0	0	1	7
2013/09/15-21:05:52	54	1,439.14	53.752	10	0	0	4	0	0	1	1	0	0	1	32
2013/09/15-21:52:01	54	1,439.14	53.752	6	0	0	0	0	0	1	1	0	0	1	18
2013/09/15-21:52:47	54	1,439.14	53.752	4	0	1	0	0	0	0	1	0	0	1	12
2013/09/15-21:54:05	54	1,439.14	53.752	19	0	0	6	0	0	0	1	1	0	0	60
2013/09/15-21:55:34	54	1,439.14	53.752	19	0	0	3	0	0	0	1	1	0	0	60
2013/09/15-21:56:53	54	1,439.14	53.752	13	0	0	2	0	0	0	1	1	0	0	40
2013/09/16-20:39:45	53	1,442.843	58.433	20	0	0	5	0	0	0	1	0	0	1	60
2013/09/16-20:41:05	53	1,442.843	58.433	16	0	0	4	0	0	0	1	1	0	0	60
2013/09/16-20:42:23	53	1,442.843	58.433	13	0	0	5	0	0	0	1	1	0	0	60
2013/09/16-20:43:42	53	1,442.843	58.433	3	0	0	0	0	0	1	1	0	0	1	17
2013/09/16-20:44:19	53	1,442.843	58.433	16	0	0	3	0	0	0	1	1	0	0	60
2013/09/16-20:58:52	53	1,442.843	58.433	6	0	0	0	1	0	1	1	0	0	1	14
2013/09/16-20:59:25	53	1,442.843	58.433	2	0	0	0	0	0	1	1	0	0	1	3
2013/09/16-21:00:43	53	1,442.843	58.433	12	0	0	4	0	0	0	1	1	0	0	60
2013/09/16-21:02:02	53	1,442.843	58.433	14	0	0	6	0	0	0	1	1	0	0	60
2013/09/16-21:03:21	53	1,442.843	58.433	8	0	0	0	0	0	1	1	0	0	1	23
2013/09/16-21:23:31	53	1,456.088	53.767	3	0	0	0	0	0	1	1	0	0	1	6
2013/09/16-21:24:39	53	1,456.088	53.767	14	0	0	3	0	0	0	1	1	0	0	60
2013/09/16-21:25:58	53	1,456.088	53.767	8	0	0	1	1	0	1	1	0	0	1	22
2013/09/16-21:26:39	53	1,456.088	53.767	12	0	0	2	0	0	1	1	0	0	1	34
2013/09/16-21:27:32	53	1,456.088	53.767	8	0	0	1	0	0	1	1	0	0	1	20
2013/09/18-00:50:41	52	1,458.369	65.468	1	0	0	0	0	0	1	1	0	0	1	3
2013/09/18-00:51:07	52	1,458.369	65.468	1	0	0	0	0	0	1	1	0	0	1	3
2013/09/18-00:52:02	52	1,458.369	65.468	15	0	0	0	1	0	0	1	1	0	0	38
2013/09/18-00:52:59	52	1,458.369	65.468	2	0	0	0	0	0	1	1	0	0	1	9
2013/09/18-00:53:31	52	1,458.369	65.468	5	0	0	0	0	0	0	1	1	0	0	19
2013/09/18-08:44:59	52	1,446.229	61.862	1	0	0	0	0	0	1	1	0	0	1	4
2013/09/18-08:45:27	52	1,446.229	61.862	1	0	0	0	0	0	1	1	0	0	1	3
2013/09/18-08:46:34	52	1,446.229	61.862	2	0	0	0	0	0	1	1	0	0	1	3
2013/09/18-08:47:26	52	1,446.229	61.862	18	0	0	10	0	0	0	1	0	0	1	60
2013/09/18-08:48:45	52	1,446.229	61.862	0	0	0	0	0	0	0	1	1	0	0	60
2013/09/18-08:57:30	52	1,446.229	61.862	2	0	0	0	0	0	1	1	0	0	1	4
2013/09/18-08:58:15	52	1,446.229	61.862	7	0	0	0	2	0	0	1	1	0	0	24
2013/09/18-08:58:59	52	1,446.229	61.862	1	0	0	0	0	0	1	1	0	0	1	4
2013/09/18-08:59:23	52	1,446.229	61.862	1	0	0	0	0	0	1	1	0	0	1	3
2013/09/18-09:00:12	52	1,446.229	61.862	1	0	0	0	1	0	1	1	0	0	1	3
2013/09/18-15:21:22	59	1,382.873	64.494	1	0	0	0	0	0	1	1	0	0	1	5
2013/09/18-15:21:47	59	1,382.873	64.494	6	0	0	1	0	0	0	1	1	0	0	27
2013/09/18-15:22:33	59	1,382.873	64.494	1	0	1	0	1	0	0	1	0	0	1	3
2013/09/18-15:22:55	59	1,382.873	64.494	14	0	0	6	0	0	0	1	1	0	0	60
2013/09/18-15:24:14	59	1,382.873	64.494	0	0	0	0	0	0	0	1	1	0	0	4
2013/09/18-15:33:36	59	1,382.873	64.494	3	0	0	0	1	0	0	1	1	0	0	26
2013/09/18-15:34:21	59	1,382.873	64.494	3	0	0	0	1	0	0	1	1	0	0	13
2013/09/18-15:34:52	59	1,382.873	64.494	1	0	0	0	1	0	1	1	0	0	1	4
2013/09/18-15:35:15	59	1,382.873	64.494	6	0	0	0	1	0	0	1	1	0	0	17
2013/09/18-15:35:51	59	1,382.873	64.494	1	0	0	0	0	0	1	1	0	0	1	3
2013/09/18-15:51:15	55	1,412.401	58.564	1	0	0	3	0	0	0	1	1	0	0	0
2013/09/18-15:55:32	55	1,412.401	58.564	1	0	0	0	0	0	1	1	0	0	1	3
2013/09/18-15:56:21	55	1,412.401	58.564	1	0	0	0	1	0	1	1	0	0	1	4
2013/09/18-15:57:12	55	1,412.401	58.564	5	0	0	1	0	0	0	1	1	0	0	15
2013/09/18-15:57:47	55	1,412.401	58.564	1	0	0	0	1	0	1	1	0	0	1	3
2013/09/18-19:19:50	55	1,401.77	62.034	2	0	0	0	0	0	1	1	0	0	1	3
2013/09/18-19:21:10	55	1,401.77	62.034	1	0	0	0	1	0	1	1	1	0	0	5
2013/09/18-19:21:34	55	1,401.77	62.034	1	0	0	0	0	0	1	1	0	0	1	3
2013/09/18-19:22:53	55	1,401.77	62.034	6	0	0	0	0	0	0	1	1	0	0	58
2013/09/18-19:24:10	55	1,401.77	62.034	1	0	0	0	0	0	1	1	0	0	1	3
2013/09/18-19:36:11	55	1,401.77	62.034	2	0	0	0	0	0	1	1	0	0	1	3
2013/09/18-19:36:33	55	1,401.77	62.034	25	0	0	5	0	0	0	1	1	0	0	60
2013/09/18-19:37:52	55	1,401.77	62.034	2	0	0	0	0	0	1	1	0	0	1	4
2013/09/18-19:38:18	55	1,401.77	62.034	0	0	0	0	0	0	0	1	1	0	0	4
2013/09/18-19:38:40	55	1,401.77	62.034	1	0	0	0	1	0	1	1	1	0	0	4
2013/09/18-20:28:06	58	1,373.276	58.341	1	0	0	0	1	0	1	1	0	0	1	4
2013/09/18-20:28:29	58	1,373.276	58.341	5	0	0	0	0	0	1	1	0	0	1	27
2013/09/18-20:29:22	58	1,373.276	58.341	1	0	0	0	0	0	1	1	0	0	1	5
2013/09/18-20:29:56	58	1,373.276	58.341	1	0	0	0	0	0	1	1	0	0	1	3
2013/09/18-20:30:27	58	1,373.276	58.341	1	0	0	0	2	0	0	1	1	0	0	3
2013/09/19-07:38:07	58	1,372.599	56.6	2	0	0	0	0	0	1	1	0	0	1	3
2013/09/19-07:38:45	58	1,372.599	56.6	2	0	0	0	0	0	0	1	1	0	0	9
2013/09/19-07:39:13	58	1,372.599	56.6	1	0	0	0	0	0	1	1	0	0	1	3
2013/09/19-07:40:32	58	1,372.599	56.6	1	0	1	0	0	0	0	1	0	0	1	3
2013/09/19-07:40:54	58	1,372.599	56.6	1	0	0	0	0	0	1	1	0	0	1	3
2013/09/19-07:46:24	58	1,372.599	56.6	1	0	1	0	1	0	0	1	0	0	1	3
2013/09/19-07:46:46	60	1,365.113	54.573	2	0	0	0	1	0	0	1	1	0	0	6
2013/09/19-07:47:11	60	1,365.113	54.573	4	0	0	0	1	0	0	1	1	0	0	60
2013/09/19-07:48:30	60	1,365.113	54.573	12	0	1	3	0	0	0	1	0	0	1	39
2013/09/19-07:49:49	60	1,365.113	54.573	3	0	0	0	0	0	0	1	1	0	0	11
2013/09/19-08:04:05	60	1,365.113	54.573	8	0	0	0	0	0	0	1	0	0	1	60
2013/09/19-08:05:24	60	1,365.113	54.573	1	0	0	0	0	0	1	1	0	0	1	3
2013/09/19-08:06:43	60	1,365.113	54.573	1	0	0	0	0	0	1	1	0	0	1	3
2013/09/19-08:07:58	60	1,365.113	54.573	1	0	0	0	1	0	1	1	0	0	1	6
2013/09/19-08:08:33	60	1,365.113	54.573	6	0	1	2	0	0	0	1	0	0	1	27
2013/09/19-10:43:30	61	1,355.862	56.708	2	0	1	0	1	0	0	1	0	0	1	10
2013/09/19-10:43:59	61	1,355.862	56.708	1	0	0	0	0	0	1	1	0	0	1	3
2013/09/19-10:44:50	61	1,355.862	56.708	4	0	1	2	0	0	0	1	0	0	1	15
2013/09/19-10:45:24	61	1,355.862	56.708	1	0	1	0	2	0	0	1	0	0	1	3
2013/09/19-10:45:46	61	1,355.862	56.708	6	0	0	0	1	0	0	1	1	0	0	42
2013/09/19-11:05:14	61	1,365.801	55.673	1	0	0	0	0	0	1	1	0	0	1	4
2013/09/19-11:05:55	61	1,365.801	55.673	1	0	0	0	0	0	1	1	0	0	1	3
2013/09/19-11:06:39	61	1,365.801	55.673	5	0	0	1	0	0	1	1	0	0	1	15
2013/09/19-11:07:34	61	1,365.801	55.673	7	0	1	0	0	0	0	1	0	0	1	25
2013/09/19-11:08:17	61	1,365.801	55.673	1	0	1	0	0	0	0	1	0	0	1	4
2013/09/19-11:16:14	61	1,365.801	55.673	0	0	1	0	0	0	0	1	0	0	1	10
2013/09/19-11:16:50	61	1,365.801	55.673	2	0	1	0	0	0	0	1	0	0	1	13
2013/09/19-11:17:21	61	1,365.801	55.673	6	0	1	1	0	0	0	1	0	0	1	16
2013/09/19-11:18:07	61	1,365.801	55.673	0	0	1	0	0	0	0	1	0	0	1	3
2013/09/19-11:19:04	61	1,365.801	55.673	2	0	1	0	0	0	0	1	0	0	1	4
2013/09/19-15:25:28	60	1,372.335	58.075	2	0	0	0	0	0	1	1	0	0	1	10
2013/09/19-15:25:59	60	1,372.335	58.075	12	0	0	8	1	0	0	1	1	0	0	60
2013/09/19-15:27:18	60	1,372.335	58.075	2	0	0	0	0	0	1	1	0	0	1	3
2013/09/19-15:28:37	60	1,372.335	58.075	5	0	0	0	0	0	0	1	1	0	0	60
2013/09/19-15:29:56	60	1,369.353	56.384	3	0	1	0	0	0	0	1	0	0	1	13
2013/09/19-15:43:29	60	1,369.353	56.384	1	0	1	0	0	0	0	1	0	0	1	5
2013/09/19-15:44:07	60	1,369.353	56.384	1	0	1	0	0	0	0	1	0	0	1	3
2013/09/19-15:44:58	60	1,369.353	56.384	1	0	0	0	0	0	1	1	0	0	1	3
2013/09/19-15:45:48	60	1,369.353	56.384	2	0	0	0	0	0	1	1	0	0	1	3
2013/09/19-15:46:39	60	1,369.353	56.384	1	0	1	0	0	0	0	1	0	0	1	8
2013/09/19-15:59:38	62	1,340.614	53.979	1	0	0	0	0	0	1	1	0	0	1	7
2013/09/19-16:00:05	62	1,340.614	53.979	1	0	0	0	0	0	1	1	0	0	1	4
2013/09/19-16:00:30	62	1,340.614	53.979	1	0	0	0	0	0	1	1	0	0	1	3
2013/09/19-16:00:58	62	1,340.614	53.979	1	0	0	0	0	0	1	1	0	0	1	3
2013/09/19-16:02:17	62	1,340.614	53.979	9	0	1	1	0	0	0	1	0	0	1	28
2013/09/19-19:46:12	65	1,312.538	58.685	1	0	0	0	0	0	1	1	0	0	1	6
2013/09/19-19:46:46	65	1,312.538	58.685	2	0	0	0	1	0	1	1	0	0	1	7
2013/09/19-19:47:12	65	1,312.538	58.685	1	0	0	0	0	0	1	1	0	0	1	3
2013/09/19-19:47:45	65	1,312.538	58.685	1	0	0	0	0	0	1	1	0	0	1	3
2013/09/19-19:48:33	65	1,312.538	58.685	0	0	1	0	0	0	0	1	0	0	1	4
2013/09/19-19:58:29	65	1,312.538	58.685	1	0	0	0	1	0	0	1	1	0	0	3
2013/09/19-19:58:51	65	1,312.538	58.685	0	0	1	0	0	0	0	1	0	0	1	3
2013/09/19-19:59:38	65	1,312.538	58.685	1	0	1	0	0	0	0	1	0	0	1	3
2013/09/19-20:00:00	65	1,312.538	58.685	1	0	0	0	0	0	1	1	0	0	1	6
2013/09/19-20:00:29	65	1,312.538	58.685	1	0	0	0	0	0	1	1	0	0	1	3
2013/09/19-20:15:03	64	1,311.522	54.251	1	0	0	0	0	0	1	1	0	0	1	3
2013/09/19-20:15:32	64	1,311.522	54.251	0	0	1	0	0	0	0	1	0	0	1	6
2013/09/19-20:15:58	64	1,311.522	54.251	0	0	0	0	0	0	0	1	1	0	0	3
2013/09/19-20:16:20	64	1,311.522	54.251	1	0	0	0	0	0	1	1	0	0	1	3
2013/09/19-20:16:45	64	1,311.522	54.251	1	0	1	0	1	0	0	1	0	0	1	3
2013/09/20-01:25:48	65	1,310.06	58.888	1	0	0	0	0	0	1	1	0	0	1	3
2013/09/20-01:26:18	65	1,310.06	58.888	3	0	0	0	0	0	0	1	1	0	0	9
2013/09/20-01:26:46	65	1,310.06	58.888	1	0	0	0	2	0	0	1	1	0	0	3
2013/09/20-01:27:08	65	1,310.06	58.888	1	0	0	0	0	0	1	1	0	0	1	4
2013/09/20-01:27:30	65	1,310.06	58.888	8	0	0	2	0	0	0	1	1	0	0	60
2013/09/20-01:38:05	65	1,322.916	56.349	2	0	0	0	1	0	0	1	1	0	0	10
2013/09/20-01:38:34	65	1,322.916	56.349	2	0	1	0	0	0	0	1	0	0	1	5
2013/09/20-01:39:01	65	1,322.916	56.349	1	0	0	0	0	0	1	1	0	0	1	3
2013/09/20-01:39:32	65	1,322.916	56.349	1	0	0	0	3	0	0	1	1	0	0	3
2013/09/20-01:39:54	65	1,322.916	56.349	3	0	0	0	1	0	0	1	1	0	0	60
2013/09/20-01:52:46	65	1,322.916	56.349	2	0	0	0	1	0	1	1	0	0	1	11
2013/09/20-01:53:29	65	1,322.916	56.349	2	0	1	0	0	0	0	1	0	0	1	9
2013/09/20-01:53:58	63	1,340.816	53.117	1	0	0	0	1	0	1	1	0	0	1	6
2013/09/20-01:54:23	63	1,340.816	53.117	5	0	0	0	0	0	1	1	0	0	1	45
2013/09/20-01:55:27	63	1,340.816	53.117	1	0	0	0	0	0	1	1	0	0	1	4
2013/09/20-05:58:44	64	1,345.379	60.012	9	0	1	2	0	0	0	1	0	0	1	23
2013/09/20-05:59:53	64	1,345.379	60.012	1	0	1	0	0	0	0	1	0	0	1	4
2013/09/20-06:00:38	64	1,345.379	60.012	1	0	0	0	0	0	1	1	0	0	1	3
2013/09/20-06:01:33	64	1,345.379	60.012	4	0	0	0	0	0	1	1	0	0	1	16
2013/09/20-06:02:08	64	1,345.379	60.012	1	0	1	0	0	0	0	1	0	0	1	4
2013/09/20-06:09:43	64	1,345.379	60.012	2	0	0	0	2	0	1	1	0	0	1	6
2013/09/20-06:10:08	62	1,361.814	57.998	2	0	0	0	0	0	1	1	0	0	1	3
2013/09/20-06:11:27	62	1,361.814	57.998	15	0	0	5	0	0	1	1	0	0	1	54
2013/09/20-06:12:46	62	1,361.814	57.998	2	0	1	0	0	0	0	1	0	0	1	48
2013/09/20-06:14:05	62	1,361.814	57.998	1	0	0	0	0	0	1	1	0	0	1	3
2013/09/20-06:29:15	62	1,361.814	57.998	5	0	0	8	0	0	0	1	1	0	0	60
2013/09/20-06:30:34	62	1,361.814	57.998	6	0	0	1	0	0	1	1	0	0	1	16
2013/09/20-06:31:53	62	1,361.814	57.998	1	0	1	0	0	0	0	1	0	0	1	3
2013/09/20-06:32:18	62	1,361.814	57.998	1	0	1	0	0	0	0	1	0	0	1	4
2013/09/20-06:32:43	62	1,361.814	57.998	1	0	0	0	0	0	1	1	0	0	1	3
2013/09/20-10:22:11	67	1,322.346	62.015	0	0	1	0	0	0	0	1	0	0	1	3
2013/09/20-10:22:33	67	1,322.346	62.015	1	0	0	0	0	0	1	1	0	0	1	3
2013/09/20-10:23:34	67	1,322.346	62.015	11	0	0	0	0	0	0	1	1	0	0	60
2013/09/20-10:24:52	67	1,322.346	62.015	7	0	1	3	0	0	0	1	0	0	1	19
2013/09/20-10:26:11	67	1,322.346	62.015	1	0	0	0	0	0	1	1	0	0	1	3
2013/09/20-10:29:40	67	1,322.346	62.015	1	0	0	0	0	0	1	1	0	0	1	3
2013/09/20-10:30:23	67	1,322.346	62.015	1	0	0	0	1	0	1	1	0	0	1	3
2013/09/20-10:30:45	67	1,322.346	62.015	2	0	0	0	0	0	1	1	0	0	1	3
2013/09/20-10:32:04	67	1,322.346	62.015	1	0	0	0	0	0	1	1	0	0	1	3
2013/09/20-10:32:29	67	1,322.346	62.015	1	0	0	0	0	0	0	1	1	0	0	3
2013/09/20-10:41:51	67	1,322.346	62.015	0	0	1	0	0	0	0	1	0	0	1	9
2013/09/20-10:42:19	67	1,322.346	62.015	1	0	0	0	0	0	0	1	1	0	0	7
2013/09/20-10:42:45	67	1,322.346	62.015	2	0	0	0	0	0	1	1	0	0	1	3
2013/09/20-10:43:46	67	1,322.346	62.015	1	0	1	0	0	0	0	1	0	0	1	3
2013/09/20-10:44:08	67	1,322.346	62.015	1	0	0	0	0	0	1	1	0	0	1	3
2013/09/20-16:21:31	68	1,318.385	63.118	10	0	0	0	0	0	1	1	0	0	1	33
2013/09/20-16:22:23	68	1,318.385	63.118	1	0	1	0	0	0	0	1	0	0	1	7
2013/09/20-16:22:48	68	1,318.385	63.118	1	0	1	0	0	0	0	1	0	0	1	9
2013/09/20-16:23:16	68	1,318.385	63.118	0	0	1	0	0	0	0	1	0	0	1	3
2013/09/20-16:23:41	68	1,318.385	63.118	1	0	0	0	0	0	1	1	0	0	1	3
2013/09/20-16:35:40	68	1,318.385	63.118	1	0	0	0	0	0	1	1	0	0	1	3
2013/09/20-16:36:38	68	1,318.385	63.118	13	0	0	2	1	0	0	1	1	0	0	35
2013/09/20-16:37:32	68	1,318.385	63.118	15	0	0	1	1	0	0	1	1	0	0	48
2013/09/20-16:38:39	68	1,318.385	63.118	0	0	0	0	0	0	0	1	1	0	0	13
2013/09/20-16:39:11	68	1,318.385	63.118	1	0	0	0	0	0	0	1	1	0	0	3
2013/09/20-16:50:09	65	1,364.291	57.99	1	0	0	0	0	0	1	1	0	0	1	3
2013/09/20-16:50:44	65	1,364.291	57.99	14	0	1	1	2	0	0	1	0	0	1	39
2013/09/20-16:51:45	65	1,364.291	57.99	1	0	0	0	0	0	0	1	1	0	0	3
2013/09/20-16:52:07	65	1,364.291	57.99	1	0	1	0	0	0	0	1	0	0	1	4
2013/09/20-16:52:32	65	1,364.291	57.99	1	0	1	0	0	0	0	1	0	0	1	3
2013/09/20-19:43:40	65	1,350.781	60.965	13	0	0	10	2	0	0	1	1	0	0	60
2013/09/20-19:44:59	65	1,350.781	60.965	1	0	0	0	1	0	0	1	1	0	0	60
2013/09/20-19:46:18	65	1,350.781	60.965	2	0	1	0	0	0	0	1	0	0	1	7
2013/09/20-19:46:45	65	1,350.781	60.965	14	0	0	0	1	0	0	1	1	0	0	47
2013/09/20-19:47:51	65	1,350.781	60.965	1	0	0	0	1	0	1	1	0	0	1	3
2013/09/20-20:02:35	65	1,350.781	60.965	2	0	0	0	0	0	1	1	0	0	1	3
2013/09/20-20:03:10	65	1,350.781	60.965	0	0	1	0	0	0	0	1	0	0	1	3
2013/09/20-20:03:32	65	1,350.781	60.965	0	0	0	0	0	0	0	1	1	0	0	3
2013/09/20-20:03:55	65	1,350.781	60.965	3	0	0	0	0	0	1	1	0	0	1	10
2013/09/20-20:04:24	65	1,350.781	60.965	1	0	0	0	1	0	0	1	1	0	0	6
2013/09/20-20:16:44	62	1,383.693	55.661	1	0	0	0	0	0	1	1	0	0	1	3
2013/09/20-20:17:10	62	1,383.693	55.661	1	0	0	0	0	0	1	1	0	0	1	3
2013/09/20-20:17:59	62	1,383.693	55.661	7	0	0	0	0	0	0	1	1	0	0	37
2013/09/20-20:18:56	62	1,383.693	55.661	10	0	0	3	0	0	1	1	0	0	1	32
2013/09/20-20:19:46	62	1,383.693	55.661	5	0	1	1	1	0	0	1	0	0	1	15
2013/12/27-13:30:19	70	1,385.88	77.895	1	0	0	0	0	0	1	1	0	0	1	3
2013/12/27-13:30:59	70	1,385.88	77.895	4	0	0	0	1	0	0	1	1	0	0	18
2013/12/27-13:31:36	70	1,385.88	77.895	2	0	1	0	2	0	0	1	1	0	0	8
2013/12/27-13:32:04	70	1,385.88	77.895	1	0	0	0	0	0	1	1	0	0	1	3
2013/12/27-13:32:28	70	1,385.88	77.895	0	0	1	0	0	0	0	1	0	0	1	3
2013/12/27-13:59:22	72	1,371.876	71.973	1	0	0	0	0	0	1	1	0	0	1	3
2013/12/27-14:00:24	72	1,371.876	71.973	20	0	0	11	1	0	0	1	1	0	0	60
2013/12/27-14:01:43	72	1,371.876	71.973	4	0	0	0	2	0	0	1	1	0	0	15
2013/12/27-14:02:17	72	1,371.876	71.973	16	0	0	6	1	0	0	1	1	0	0	60
2013/12/27-14:03:36	72	1,371.876	71.973	1	0	0	0	0	0	1	1	0	0	1	7
2013/12/27-14:18:32	69	1,408.648	67.177	1	0	1	0	0	0	0	1	0	0	1	3
2013/12/27-14:18:54	69	1,408.648	67.177	2	0	1	0	1	0	0	1	0	0	1	7
2013/12/27-14:19:21	69	1,408.648	67.177	0	0	1	0	0	0	0	1	0	0	1	3
2013/12/27-14:19:46	69	1,408.648	67.177	0	0	0	0	0	0	0	1	1	0	0	60
2013/12/27-14:21:05	69	1,408.648	67.177	1	0	0	0	0	0	1	1	0	0	1	3
2013/12/28-03:46:57	70	1,393.091	79.231	1	0	0	0	1	0	1	1	0	0	1	3
2013/12/28-03:47:23	70	1,393.091	79.231	0	0	1	0	0	0	0	1	0	0	1	6
2013/12/28-03:47:58	70	1,393.091	79.231	1	0	1	0	0	0	0	1	0	0	1	6
2013/12/28-03:48:23	70	1,393.091	79.231	1	0	0	0	0	0	1	1	0	0	1	3
2013/12/28-03:48:49	70	1,393.091	79.231	11	0	0	2	0	0	1	1	0	0	1	51
2013/12/28-03:56:38	70	1,393.091	79.231	1	0	0	0	0	0	1	1	0	0	1	3
2013/12/28-03:57:06	70	1,393.091	79.231	1	0	1	0	1	0	0	1	0	0	1	3
2013/12/28-03:57:29	70	1,393.091	79.231	1	0	0	0	0	0	1	1	0	0	1	3
2013/12/28-03:57:52	70	1,393.091	79.231	4	0	0	0	1	0	1	1	0	0	1	18
2013/12/28-03:58:29	70	1,393.091	79.231	1	0	0	0	0	0	1	1	0	0	1	6
2013/12/28-04:08:35	75	1,356.416	71.075	7	0	0	0	0	0	0	1	0	0	1	60
2013/12/28-04:09:54	75	1,356.416	71.075	1	0	0	0	0	0	1	1	0	0	1	3
2013/12/28-04:10:35	75	1,356.416	71.075	2	0	0	0	0	0	1	1	0	0	1	3
2013/12/28-04:11:05	75	1,356.416	71.075	1	0	0	0	0	0	1	1	0	0	1	3
2013/12/28-04:11:31	75	1,356.416	71.075	1	0	0	0	0	0	1	1	0	0	1	3
2013/12/28-12:09:36	79	1,321.422	76.792	26	0	0	3	0	0	0	1	1	0	0	60
2013/12/28-12:10:55	79	1,321.422	76.792	1	0	1	0	0	0	0	1	0	0	1	3
2013/12/28-12:11:19	79	1,321.422	76.792	3	0	0	0	0	0	1	1	0	0	1	8
2013/12/28-12:12:10	79	1,321.422	76.792	1	0	0	0	0	0	1	1	0	0	1	3
2013/12/28-12:12:37	79	1,321.422	76.792	1	0	0	0	1	0	1	1	0	0	1	3
2013/12/28-12:13:09	79	1,321.422	76.792	1	0	0	0	0	0	1	1	0	0	1	3
2013/12/28-12:13:43	79	1,321.422	76.792	1	0	1	0	1	0	0	1	0	0	1	4
2013/12/28-12:14:06	79	1,321.422	76.792	1	0	0	0	0	0	1	1	0	0	1	3
2013/12/28-12:14:50	79	1,321.422	76.792	2	0	0	0	0	0	1	1	0	0	1	3
2013/12/28-12:15:20	79	1,321.422	76.792	0	0	0	0	0	0	0	1	1	0	0	7
2013/12/28-12:26:16	79	1,290.601	68.179	6	0	0	0	2	0	0	1	1	0	0	18
2013/12/28-12:26:53	79	1,290.601	68.179	1	0	0	0	0	0	1	1	0	0	1	3
2013/12/28-12:27:19	79	1,290.601	68.179	2	0	0	0	0	0	0	1	1	0	0	8
2013/12/28-12:27:46	79	1,290.601	68.179	9	0	0	10	1	0	1	1	0	0	1	31
2013/12/28-12:28:36	79	1,290.601	68.179	12	0	0	1	1	0	0	1	1	0	0	38
2013/12/28-17:51:47	79	1,319.533	71.948	3	0	1	0	0	0	0	1	0	0	1	13
2013/12/28-17:52:20	79	1,319.533	71.948	1	0	0	0	2	0	1	1	0	0	1	4
2013/12/28-17:52:43	79	1,319.533	71.948	1	0	0	0	0	0	1	1	0	0	1	3
2013/12/28-17:53:15	79	1,319.533	71.948	3	0	0	0	0	0	0	1	1	0	0	17
2013/12/28-17:53:51	79	1,319.533	71.948	1	0	0	0	0	0	1	1	0	0	1	5
2013/12/28-18:08:40	77	1,340.081	67.169	17	0	0	3	0	0	0	1	1	0	0	60
2013/12/28-18:09:59	77	1,340.081	67.169	1	0	1	0	0	0	0	1	0	0	1	3
2013/12/28-18:10:22	77	1,340.081	67.169	1	0	0	0	1	0	0	1	1	0	0	3
2013/12/28-18:10:45	77	1,340.081	67.169	0	0	1	0	0	0	0	1	0	0	1	3
2013/12/28-18:11:13	77	1,340.081	67.169	1	0	0	0	0	0	1	1	0	0	1	3
2013/12/28-18:18:29	77	1,340.081	67.169	1	0	1	0	1	0	0	1	0	0	1	3
2013/12/28-18:18:56	77	1,340.081	67.169	11	0	0	2	1	0	1	1	0	0	1	37
2013/12/28-18:19:51	77	1,340.081	67.169	6	0	0	0	1	0	1	1	0	0	1	21
2013/12/28-18:20:31	77	1,340.081	67.169	1	0	0	0	0	0	1	1	0	0	1	6
2013/12/28-18:20:56	77	1,340.081	67.169	12	0	1	3	0	0	0	1	0	0	1	32
2013/12/29-01:54:04	77	1,344.354	71.832	3	0	0	0	1	0	1	1	0	0	1	8
2013/12/29-01:54:33	77	1,344.354	71.832	1	0	1	0	0	0	0	1	0	0	1	3
2013/12/29-01:54:55	77	1,344.354	71.832	1	0	0	0	0	0	1	1	0	0	1	3
2013/12/29-01:56:04	77	1,344.354	71.832	0	0	0	0	0	0	0	1	1	0	0	5
2013/12/29-01:56:28	77	1,344.354	71.832	10	0	0	1	0	0	1	1	0	0	1	30
2013/12/29-02:08:55	78	1,337.575	67.011	1	0	0	0	0	0	1	1	0	0	1	6
2013/12/29-02:09:21	78	1,337.575	67.011	4	0	0	0	2	0	0	1	1	0	0	9
2013/12/29-02:09:49	78	1,337.575	67.011	2	0	0	0	0	0	1	1	0	0	1	3
2013/12/29-02:10:15	78	1,337.575	67.011	14	0	0	13	2	0	0	1	1	0	0	48
2013/12/29-02:11:22	78	1,337.575	67.011	5	0	0	0	2	0	1	1	0	0	1	13
2013/12/29-02:24:05	78	1,337.575	67.011	1	0	0	0	0	0	0	1	1	0	0	4
2013/12/29-02:24:28	78	1,337.575	67.011	15	0	0	4	0	0	0	1	1	0	0	60
2013/12/29-02:25:48	78	1,337.575	67.011	13	0	0	0	1	0	0	1	1	0	0	38
2013/12/29-02:26:45	78	1,337.575	67.011	1	0	0	0	0	0	1	1	0	0	1	3
2013/12/29-02:27:20	78	1,337.575	67.011	1	0	1	0	0	0	0	1	0	0	1	3
2013/12/29-03:12:19	73	1,375.278	61.529	1	0	0	0	0	0	1	1	0	0	1	3
2013/12/29-03:12:44	73	1,375.278	61.529	1	0	0	0	0	0	1	1	0	0	1	3
2013/12/29-03:13:15	73	1,375.278	61.529	9	0	1	0	0	0	0	1	0	0	1	29
2013/12/29-03:14:34	73	1,375.278	61.529	0	0	1	0	0	0	0	1	0	0	1	6
2013/12/29-03:14:59	73	1,375.278	61.529	6	0	1	0	0	0	0	1	0	0	1	36
2013/12/29-03:25:58	74	1,372.241	59.623	3	0	0	0	0	0	0	1	1	0	0	18
2013/12/29-03:26:35	74	1,372.241	59.623	1	0	0	0	0	0	1	1	0	0	1	3
2013/12/29-03:26:57	74	1,372.241	59.623	1	0	0	0	2	0	1	1	1	0	0	4
2013/12/29-03:27:20	74	1,372.241	59.623	1	0	0	0	1	0	0	1	1	0	0	4
2013/12/29-03:27:43	74	1,372.241	59.623	3	0	0	0	0	0	0	1	1	0	0	8
2013/12/29-03:39:11	74	1,372.241	59.623	8	0	0	0	1	0	0	1	1	0	0	60
2013/12/29-03:40:30	74	1,372.241	59.623	2	0	1	0	1	0	0	1	0	0	1	7
2013/12/29-03:40:56	74	1,372.241	59.623	5	0	0	0	0	0	0	1	1	0	0	12
2013/12/29-03:41:27	74	1,372.241	59.623	1	0	0	0	0	0	1	1	0	0	1	4
2013/12/29-03:41:50	74	1,372.241	59.623	1	0	0	0	0	0	1	1	0	0	1	3
2013/12/29-07:33:05	73	1,386.461	60.92	1	0	1	0	2	0	0	1	0	0	1	4
2013/12/29-07:33:29	73	1,386.461	60.92	6	0	0	0	1	0	1	1	0	0	1	16
2013/12/29-07:34:16	73	1,386.461	60.92	0	0	0	0	0	0	0	1	1	0	0	60
2013/12/29-07:35:35	73	1,386.461	60.92	1	0	1	0	0	0	0	1	0	0	1	3
2013/12/29-07:35:57	73	1,386.461	60.92	12	0	0	3	0	0	1	1	0	0	1	41
2013/12/29-07:52:24	74	1,378.61	57.79	3	0	0	0	2	0	0	1	1	0	0	10
2013/12/29-07:52:53	74	1,378.61	57.79	1	0	0	0	0	0	1	1	0	0	1	3
2013/12/29-07:54:12	74	1,378.61	57.79	11	0	0	16	1	0	0	1	1	0	0	58
2013/12/29-07:55:29	74	1,378.61	57.79	1	0	0	0	0	0	1	1	0	0	1	6
2013/12/29-07:55:54	74	1,378.61	57.79	1	0	0	0	1	0	0	1	1	0	0	4
2013/12/29-08:10:23	74	1,378.61	57.79	3	0	0	4	1	0	0	1	1	0	0	21
2013/12/29-08:11:03	74	1,378.61	57.79	1	0	0	0	0	0	1	1	0	0	1	3
2013/12/29-08:11:37	74	1,378.61	57.79	16	0	0	2	0	0	0	1	1	0	0	60
2013/12/29-08:12:56	74	1,378.61	57.79	5	0	0	0	1	0	0	1	1	0	0	57
2013/12/29-08:14:12	74	1,378.61	57.79	1	0	0	0	2	0	0	1	1	0	0	3
2013/12/29-08:53:15	68	1,418.833	54.386	1	0	1	0	1	0	0	1	0	0	1	6
2013/12/29-08:53:40	68	1,418.833	54.386	1	0	0	0	0	0	1	1	0	0	1	3
2013/12/29-08:54:13	68	1,418.833	54.386	1	0	0	0	0	0	1	1	0	0	1	3
2013/12/29-08:55:00	68	1,418.833	54.386	2	0	0	0	0	0	1	1	0	0	1	3
2013/12/29-08:56:12	68	1,418.833	54.386	1	0	1	0	0	0	0	1	0	0	1	5
2013/12/29-09:07:11	68	1,418.833	54.386	2	0	0	0	2	0	0	1	1	0	0	6
2013/12/29-09:07:36	68	1,418.833	54.386	0	0	0	0	0	0	0	1	1	0	0	8
2013/12/29-09:08:03	68	1,418.833	54.386	1	0	0	0	0	0	1	1	0	0	1	3
2013/12/29-09:08:25	68	1,418.833	54.386	1	0	0	0	0	0	1	1	0	0	1	3
2013/12/29-09:08:47	70	1,405.762	52.631	5	0	0	0	0	0	0	1	1	0	0	10
2013/12/29-09:22:46	70	1,405.762	52.631	0	0	0	0	0	0	0	1	1	0	0	8
2013/12/29-09:23:13	70	1,405.762	52.631	1	0	0	0	0	0	1	1	0	0	1	3
2013/12/29-09:23:40	70	1,405.762	52.631	0	0	0	0	0	0	0	1	1	0	0	60
2013/12/29-09:24:59	70	1,405.762	52.631	13	0	0	2	0	0	0	1	1	0	0	48
2013/12/29-09:26:06	70	1,405.762	52.631	1	0	0	0	1	0	1	1	0	0	1	4
2013/12/30-03:37:17	70	1,396.486	74.204	9	0	0	2	1	0	0	1	1	0	0	60
2013/12/30-03:38:36	70	1,396.486	74.204	8	0	0	2	0	0	1	1	0	0	1	23
2013/12/30-03:39:37	70	1,396.486	74.204	7	0	0	1	0	0	0	1	1	0	0	24
2013/12/30-03:40:20	70	1,396.486	74.204	20	0	0	2	1	0	0	1	1	0	0	60
2013/12/30-03:41:39	70	1,396.486	74.204	2	0	0	0	0	0	1	1	0	0	1	3
2013/12/30-04:06:10	69	1,408.997	68.916	2	0	0	0	0	0	1	1	0	0	1	3
2013/12/30-04:07:29	69	1,408.997	68.916	5	0	0	1	0	0	0	1	1	0	0	60
2013/12/30-04:08:48	69	1,408.997	68.916	20	0	0	2	1	0	1	1	0	0	1	51
2013/12/30-04:09:58	69	1,408.997	68.916	2	0	0	0	0	0	1	1	0	0	1	3
2013/12/30-04:10:32	69	1,408.997	68.916	8	0	0	0	0	0	0	1	0	0	1	60
2013/12/30-04:24:45	69	1,408.997	68.916	13	0	0	4	0	0	0	1	1	0	0	60
2013/12/30-04:26:04	69	1,408.997	68.916	8	0	0	2	0	0	1	1	0	0	1	28
2013/12/30-04:27:10	70	1,405.588	63.313	6	0	0	1	0	0	1	1	0	0	1	18
2013/12/30-04:28:08	70	1,405.588	63.313	8	0	0	2	0	0	1	1	0	0	1	23
2013/12/30-04:29:27	70	1,405.588	63.313	4	0	0	1	0	0	1	1	0	0	1	15
2013/12/30-09:08:37	74	1,385.674	67.618	18	0	0	4	1	0	0	1	1	0	0	53
2013/12/30-09:09:49	74	1,385.674	67.618	3	0	1	0	1	0	0	1	0	0	1	5
2013/12/30-09:10:15	74	1,385.674	67.618	20	0	0	0	0	0	0	1	0	0	1	60
2013/12/30-09:11:34	74	1,385.674	67.618	13	0	0	3	0	0	1	1	0	0	1	45
2013/12/30-09:12:38	74	1,385.674	67.618	11	0	0	2	0	0	1	1	0	0	1	36
2013/12/30-09:31:45	71	1,410.468	64.318	12	0	1	2	0	0	0	1	0	0	1	36
2013/12/30-09:32:40	71	1,410.468	64.318	14	0	0	3	0	0	1	1	0	0	1	34
2013/12/30-09:33:41	71	1,410.468	64.318	2	0	0	0	0	0	1	1	0	0	1	3
2013/12/30-09:34:15	71	1,410.468	64.318	5	0	0	0	0	0	1	1	0	0	1	10
2013/12/30-09:35:25	71	1,410.468	64.318	7	0	0	1	0	0	1	1	0	0	1	22
2013/12/30-09:44:24	71	1,410.468	64.318	6	0	0	0	0	0	1	1	0	0	1	18
2013/12/30-09:45:43	71	1,410.468	64.318	14	0	0	2	0	0	0	1	0	0	1	60
2013/12/30-09:47:02	71	1,410.468	64.318	18	0	0	2	0	0	0	1	0	0	1	60
2013/12/30-09:48:21	71	1,410.468	64.318	7	0	0	1	0	0	1	1	0	0	1	22
2013/12/30-09:49:40	71	1,410.468	64.318	10	0	0	3	0	0	0	1	0	0	1	60
2013/12/30-13:16:20	71	1,414.903	63.625	20	0	0	4	0	0	0	1	1	0	0	60
2013/12/30-13:17:39	71	1,414.903	63.625	2	0	0	0	0	0	1	1	0	0	1	4
2013/12/30-13:18:19	71	1,414.903	63.625	10	0	0	1	0	0	1	1	0	0	1	31
2013/12/30-13:19:09	71	1,414.903	63.625	1	0	0	0	0	0	1	1	0	0	1	3
2013/12/30-13:19:32	71	1,414.903	63.625	2	0	0	0	0	0	1	1	0	0	1	7
2013/12/30-13:26:28	71	1,414.903	63.625	3	0	0	0	0	0	1	1	0	0	1	10
2013/12/30-13:27:09	71	1,414.903	63.625	6	0	1	1	0	0	0	1	0	0	1	16
2013/12/30-13:27:58	71	1,414.903	63.625	15	0	1	3	0	0	0	1	0	0	1	48
2013/12/30-13:29:05	71	1,414.903	63.625	6	0	1	0	0	0	0	1	0	0	1	19
2013/12/30-13:29:43	71	1,414.903	63.625	8	0	1	1	1	0	0	1	0	0	1	23
2013/12/30-13:39:45	74	1,392.42	58.608	21	0	0	1	0	0	0	1	1	0	0	60
2013/12/30-13:41:04	74	1,392.42	58.608	6	0	0	0	0	0	0	1	1	0	0	16
2013/12/30-13:41:40	74	1,392.42	58.608	20	0	0	2	0	0	0	1	1	0	0	59
2013/12/30-13:42:58	74	1,392.42	58.608	13	0	0	2	1	0	0	1	1	0	0	31
2013/12/30-13:43:47	74	1,392.42	58.608	2	0	0	0	0	0	1	1	0	0	1	3
2013/12/30-19:34:42	71	1,408.126	64.323	16	0	0	4	0	0	0	1	1	0	0	60
2013/12/30-19:36:01	71	1,408.126	64.323	9	0	0	3	1	0	0	1	1	0	0	25
2013/12/30-19:36:46	71	1,408.126	64.323	2	0	0	0	0	0	1	1	0	0	1	3
2013/12/30-19:37:13	71	1,408.126	64.323	2	0	0	0	0	0	1	1	0	0	1	3
2013/12/30-19:38:03	71	1,408.126	64.323	12	0	0	2	1	0	0	1	1	0	0	60
2013/12/30-19:54:10	71	1,408.126	64.323	7	0	0	1	0	0	1	1	0	0	1	17
2013/12/30-19:55:26	71	1,408.126	64.323	2	0	0	0	0	0	1	1	0	0	1	3
2013/12/30-19:56:34	71	1,408.126	64.323	2	0	0	0	0	0	1	1	0	0	1	3
2013/12/30-19:57:11	71	1,408.126	64.323	22	0	0	4	2	0	0	1	1	0	0	60
2013/12/30-19:58:30	71	1,408.126	64.323	14	0	0	5	1	0	0	1	1	0	0	60
2013/12/30-20:14:25	72	1,407.93	58.369	16	0	0	5	2	0	0	1	1	0	0	44
2013/12/30-20:15:28	72	1,407.93	58.369	23	0	0	5	0	0	0	1	1	0	0	60
2013/12/30-20:16:47	72	1,407.93	58.369	11	0	0	1	1	0	1	1	0	0	1	32
2013/12/30-20:17:39	72	1,407.93	58.369	2	0	0	0	0	0	1	1	0	0	1	3
2013/12/30-20:18:16	72	1,407.93	58.369	9	0	0	1	1	0	0	1	1	0	0	60
2013/12/31-11:04:13	71	1,427.205	76.674	4	0	1	0	1	0	0	1	0	0	1	17
2013/12/31-11:04:50	71	1,427.205	76.674	1	0	0	0	0	0	1	1	0	0	1	3
2013/12/31-11:05:17	71	1,427.205	76.674	1	0	1	0	0	0	0	1	0	0	1	10
2013/12/31-11:05:45	71	1,427.205	76.674	1	0	0	0	1	0	1	1	0	0	1	3
2013/12/31-11:06:08	71	1,427.205	76.674	1	0	0	0	2	0	1	1	0	0	1	4
2013/12/31-11:14:09	71	1,427.205	76.674	1	0	0	0	0	0	1	1	0	0	1	3
2013/12/31-11:14:42	71	1,427.205	76.674	1	0	0	0	0	0	1	1	0	0	1	8
2013/12/31-11:15:21	71	1,427.205	76.674	3	0	1	0	0	0	0	1	0	0	1	13
2013/12/31-11:15:54	71	1,427.205	76.674	7	0	0	1	1	0	0	1	1	0	0	24
2013/12/31-11:16:37	71	1,427.205	76.674	1	0	0	0	0	0	1	1	0	0	1	3
2013/12/31-11:35:15	71	1,427.205	76.674	1	0	0	0	1	0	1	1	0	0	1	4
2013/12/31-11:35:42	71	1,427.379	69.203	1	0	1	0	0	0	0	1	0	0	1	3
2013/12/31-11:36:14	71	1,427.379	69.203	1	0	0	0	0	0	1	1	0	0	1	6
2013/12/31-11:36:39	71	1,427.379	69.203	1	0	1	0	0	0	0	1	0	0	1	3
2013/12/31-11:37:13	71	1,427.379	69.203	17	0	0	0	0	0	1	1	0	0	1	55
2013/12/31-15:22:19	72	1,410.121	71.216	1	0	1	0	0	0	0	1	0	0	1	9
2013/12/31-15:23:03	72	1,410.121	71.216	1	0	0	0	0	0	1	1	0	0	1	3
2013/12/31-15:23:35	72	1,410.121	71.216	2	0	0	0	0	0	1	1	0	0	1	7
2013/12/31-15:24:01	72	1,410.121	71.216	1	0	0	0	0	0	1	1	0	0	1	3
2013/12/31-15:24:41	72	1,410.121	71.216	4	0	0	0	2	0	1	1	0	0	1	16
2013/12/31-15:28:34	72	1,410.121	71.216	17	0	0	5	0	0	1	1	0	0	1	57
2013/12/31-15:29:52	72	1,410.121	71.216	0	0	0	0	0	0	0	1	1	0	0	60
2013/12/31-15:31:11	72	1,410.121	71.216	1	0	0	0	0	0	1	1	0	0	1	3
2013/12/31-15:32:30	72	1,410.121	71.216	1	0	0	0	2	0	1	1	0	0	1	3
2013/12/31-15:32:52	72	1,410.121	71.216	17	0	0	0	2	0	0	1	1	0	0	60
2013/12/31-15:48:40	73	1,394.373	64.138	1	0	0	0	1	0	1	1	0	0	1	3
2013/12/31-15:49:02	73	1,394.373	64.138	1	0	0	0	0	0	1	1	0	0	1	3
2013/12/31-15:49:39	73	1,394.373	64.138	4	0	0	0	1	0	0	1	1	0	0	15
2013/12/31-15:50:14	73	1,394.373	64.138	1	0	1	0	0	0	0	1	0	0	1	6
2013/12/31-15:50:41	73	1,394.373	64.138	4	0	0	0	0	0	1	1	0	0	1	15
2013/12/31-19:23:11	73	1,396.93	65.971	4	0	0	0	1	0	1	1	0	0	1	20
2013/12/31-19:23:50	73	1,396.93	65.971	1	0	0	0	0	0	1	1	0	0	1	3
2013/12/31-19:24:27	73	1,396.93	65.971	1	0	0	0	0	0	1	1	0	0	1	3
2013/12/31-19:25:04	73	1,396.93	65.971	1	0	0	0	1	0	0	1	1	0	0	6
2013/12/31-19:25:28	73	1,396.93	65.971	16	0	0	5	0	0	0	1	1	0	0	60
2013/12/31-19:38:31	72	1,392.136	62.331	7	0	0	0	1	0	1	1	0	0	1	30
2013/12/31-19:39:20	72	1,392.136	62.331	2	0	0	0	1	0	1	1	0	0	1	7
2013/12/31-19:39:46	72	1,392.136	62.331	2	0	0	0	0	0	1	1	0	0	1	9
2013/12/31-19:40:17	72	1,392.136	62.331	11	0	0	3	0	0	0	1	0	0	1	60
2013/12/31-19:41:36	72	1,392.136	62.331	20	0	0	4	1	0	1	1	0	0	1	53
2013/12/31-19:49:43	72	1,392.136	62.331	2	0	0	0	0	0	0	1	1	0	0	5
2013/12/31-19:50:07	72	1,392.136	62.331	1	0	0	0	0	0	1	1	0	0	1	3
2013/12/31-19:50:52	72	1,392.136	62.331	2	0	0	0	0	0	0	1	0	0	1	60
2013/12/31-19:52:11	72	1,392.136	62.331	1	0	0	0	0	0	1	1	0	0	1	3
2013/12/31-19:52:45	72	1,392.136	62.331	2	0	0	0	1	0	0	1	1	0	0	9
2013/12/31-23:29:29	72	1,406.669	63.752	1	0	1	0	0	0	0	1	0	0	1	5
2013/12/31-23:29:52	72	1,406.669	63.752	1	0	0	0	0	0	1	1	0	0	1	6
2013/12/31-23:30:17	72	1,406.669	63.752	1	0	0	0	0	0	1	1	0	0	1	3
2013/12/31-23:30:46	72	1,406.669	63.752	1	0	0	0	0	0	1	1	0	0	1	3
2013/12/31-23:31:27	72	1,406.669	63.752	1	0	0	0	0	0	0	1	1	0	0	7
2013/12/31-23:37:50	72	1,406.669	63.752	16	0	0	4	1	0	1	1	0	0	1	49
2013/12/31-23:38:58	72	1,406.669	63.752	1	0	0	0	0	0	0	1	1	0	0	60
2013/12/31-23:40:17	72	1,406.669	63.752	1	0	0	0	0	0	1	1	0	0	1	3
2013/12/31-23:40:56	72	1,406.669	63.752	18	0	0	16	2	0	0	1	1	0	0	60
2013/12/31-23:42:15	72	1,406.669	63.752	4	0	0	0	2	0	0	1	1	0	0	14
2013/12/31-23:54:08	72	1,404.773	57.989	1	0	0	0	0	0	1	1	0	0	1	6
2013/12/31-23:54:35	72	1,404.773	57.989	18	0	0	12	0	0	0	1	0	0	1	60
2013/12/31-23:55:54	72	1,404.773	57.989	1	0	0	0	0	0	1	1	0	0	1	3
2013/12/31-23:56:26	72	1,404.773	57.989	4	0	0	0	1	0	0	1	1	0	0	41
2013/12/31-23:57:26	72	1,404.773	57.989	11	0	0	3	0	0	1	1	0	0	1	33
2014/01/01-04:10:05	70	1,414.319	62.118	0	0	1	0	0	0	0	1	0	0	1	9
2014/01/01-04:11:24	70	1,414.319	62.118	2	0	0	0	0	0	1	1	0	0	1	8
2014/01/01-04:12:42	70	1,414.319	62.118	2	0	0	0	0	0	1	1	0	0	1	4
2014/01/01-04:14:01	70	1,414.319	62.118	1	0	1	0	0	0	0	1	0	0	1	3
2014/01/01-04:15:03	70	1,414.319	62.118	1	0	1	0	0	0	0	1	0	0	1	4
2014/01/01-04:33:30	73	1,397.648	60.225	18	0	0	2	0	0	0	1	1	0	0	60
2014/01/01-04:34:49	73	1,397.648	60.225	1	0	1	0	0	0	0	1	0	0	1	3
2014/01/01-04:35:11	73	1,397.648	60.225	1	0	0	0	0	0	1	1	0	0	1	6
2014/01/01-04:35:38	73	1,397.648	60.225	1	0	1	0	1	0	0	1	0	0	1	6
2014/01/01-04:36:04	73	1,397.648	60.225	1	0	0	0	0	0	1	1	0	0	1	6
2014/01/01-04:47:24	73	1,397.648	60.225	3	0	0	0	1	0	0	1	1	0	0	11
2014/01/01-04:47:54	73	1,397.648	60.225	1	0	0	0	0	0	1	1	0	0	1	6
2014/01/01-04:48:38	73	1,397.648	60.225	7	0	0	0	1	0	1	1	0	0	1	28
2014/01/01-04:49:25	73	1,397.648	60.225	1	0	0	0	0	0	1	1	0	0	1	3
2014/01/01-04:50:13	73	1,397.648	60.225	4	0	1	0	1	0	0	1	0	0	1	22
2014/01/01-08:24:15	72	1,395.899	62.554	1	0	1	0	0	0	0	1	0	0	1	12
2014/01/01-08:25:17	72	1,395.899	62.554	1	0	0	0	0	0	1	1	0	0	1	4
2014/01/01-08:25:42	72	1,395.899	62.554	2	0	0	0	0	0	0	1	1	0	0	6
2014/01/01-08:26:07	72	1,395.899	62.554	1	0	0	0	0	0	1	1	0	0	1	3
2014/01/01-08:26:29	72	1,395.899	62.554	14	0	0	3	0	0	1	1	0	0	1	57
2014/01/01-08:38:42	72	1,395.899	62.554	6	0	0	0	1	0	0	1	1	0	0	39
2014/01/01-08:39:40	72	1,395.899	62.554	1	0	0	0	0	0	1	1	0	0	1	3
2014/01/01-08:40:08	72	1,395.899	62.554	4	0	0	0	0	0	1	1	0	0	1	12
2014/01/01-08:40:38	72	1,395.899	62.554	2	0	1	0	1	0	0	1	1	0	0	9
2014/01/01-08:41:06	72	1,395.899	62.554	1	0	0	0	1	0	1	1	1	0	0	3
2014/01/01-08:58:31	68	1,435.626	57.674	1	0	0	0	0	0	1	1	0	0	1	4
2014/01/01-08:58:54	68	1,435.626	57.674	15	0	0	4	0	0	0	1	1	0	0	47
2014/01/01-09:00:00	68	1,435.626	57.674	1	0	1	0	0	0	0	1	0	0	1	3
2014/01/01-09:00:32	68	1,435.626	57.674	1	0	0	0	0	0	0	1	1	0	0	3
2014/01/01-09:00:54	68	1,435.626	57.674	1	0	0	0	0	0	1	1	0	0	1	3
2014/01/01-12:36:20	68	1,439.566	60.843	1	0	0	0	0	0	1	1	0	0	1	3
2014/01/01-12:36:45	68	1,439.566	60.843	8	0	0	13	1	0	1	1	0	0	1	34
2014/01/01-12:37:38	68	1,439.566	60.843	4	0	1	0	0	0	0	1	0	0	1	13
2014/01/01-12:38:57	68	1,439.566	60.843	1	0	1	0	0	0	0	1	0	0	1	6
2014/01/01-12:39:52	68	1,439.566	60.843	1	0	1	0	1	0	0	1	0	0	1	3
2014/01/01-12:40:25	68	1,439.566	60.843	8	0	0	0	1	0	0	1	1	0	0	50
2014/01/01-12:41:34	68	1,439.566	60.843	1	0	0	0	0	0	1	1	0	0	1	3
2014/01/01-12:42:20	68	1,439.566	60.843	20	0	0	5	0	0	0	1	1	0	0	60
2014/01/01-12:43:39	68	1,439.566	60.843	1	0	1	0	0	0	0	1	0	0	1	3
2014/01/01-12:44:50	68	1,439.566	60.843	4	0	1	0	1	0	0	1	0	0	1	18
2014/01/01-13:01:11	70	1,426.94	55.802	1	0	1	0	0	0	0	1	0	0	1	3
2014/01/01-13:01:53	70	1,426.94	55.802	2	0	0	0	0	0	1	1	0	0	1	3
2014/01/01-13:02:41	70	1,426.94	55.802	1	0	0	0	1	0	0	1	1	0	0	3
2014/01/01-13:03:03	70	1,426.94	55.802	1	0	0	0	0	0	1	1	0	0	1	4
2014/01/01-13:03:25	70	1,426.94	55.802	1	0	0	0	0	0	1	1	0	0	1	3
2014/01/01-22:57:28	70	1,407.123	60.572	1	0	1	0	0	0	0	1	0	0	1	3
2014/01/01-22:58:47	70	1,407.123	60.572	2	0	1	0	0	0	0	1	0	0	1	9
2014/01/01-22:59:15	70	1,407.123	60.572	1	0	0	0	0	0	1	1	0	0	1	3
2014/01/01-22:59:37	70	1,407.123	60.572	11	0	0	0	1	0	0	1	1	0	0	60
2014/01/01-23:00:56	70	1,407.123	60.572	1	0	0	0	0	0	1	1	0	0	1	7
2014/01/01-23:02:01	70	1,407.123	60.572	4	0	0	0	0	0	0	1	1	0	0	17
2014/01/01-23:02:37	70	1,407.123	60.572	1	0	0	0	0	0	0	1	1	0	0	3
2014/01/01-23:02:58	70	1,407.123	60.572	1	0	0	0	0	0	1	1	0	0	1	3
2014/01/01-23:03:40	70	1,407.123	60.572	1	0	0	0	0	0	1	1	0	0	1	3
2014/01/01-23:04:17	70	1,407.123	60.572	1	0	0	0	0	0	1	1	0	0	1	3
2014/01/01-23:18:45	73	1,379.85	55.412	15	0	0	6	1	0	1	1	0	0	1	50
2014/01/01-23:19:54	73	1,379.85	55.412	1	0	0	0	0	0	1	1	0	0	1	3
2014/01/01-23:20:19	73	1,379.85	55.412	0	0	0	0	0	0	0	1	1	0	0	60
2014/01/01-23:21:38	73	1,379.85	55.412	1	0	1	0	1	0	0	1	0	0	1	3
2014/01/01-23:22:00	73	1,379.85	55.412	16	0	0	4	1	0	0	1	1	0	0	59
2014/01/02-03:05:30	73	1,383.751	59.139	1	0	1	0	2	0	0	1	0	0	1	4
2014/01/02-03:05:53	73	1,383.751	59.139	2	0	0	1	1	0	0	1	1	0	0	6
2014/01/02-03:06:18	73	1,383.751	59.139	1	0	1	0	1	0	0	1	0	0	1	12
2014/01/02-03:06:54	73	1,383.751	59.139	18	0	0	2	0	0	1	1	0	0	1	54
2014/01/02-03:08:12	73	1,383.751	59.139	1	0	0	0	0	0	1	1	0	0	1	3
2014/01/02-03:28:05	74	1,383.323	56.736	1	0	1	0	0	0	0	1	0	0	1	10
2014/01/02-03:29:03	74	1,383.323	56.736	2	0	0	0	0	0	1	1	0	0	1	4
2014/01/02-03:29:43	74	1,383.323	56.736	1	0	1	0	0	0	0	1	0	0	1	10
2014/01/02-03:30:11	74	1,383.323	56.736	4	0	0	0	1	0	1	1	0	0	1	19
2014/01/02-03:30:49	74	1,383.323	56.736	6	0	1	2	0	0	0	1	0	0	1	18
2014/01/02-03:37:10	74	1,383.323	56.736	1	0	0	0	0	0	1	1	0	0	1	4
2014/01/02-03:37:33	74	1,383.323	56.736	1	0	1	0	2	0	0	1	1	0	0	5
2014/01/02-03:37:57	74	1,383.323	56.736	4	0	0	0	0	0	0	1	1	0	0	47
2014/01/02-03:39:03	74	1,383.323	56.736	1	0	0	0	2	0	1	1	0	0	1	3
2014/01/02-03:39:26	74	1,383.323	56.736	1	0	0	0	0	0	1	1	0	0	1	3
2014/01/02-08:49:45	71	1,398.517	60.73	15	0	0	1	0	0	0	1	1	0	0	60
2014/01/02-08:51:10	71	1,398.517	60.73	1	0	1	0	0	0	0	1	0	0	1	6
2014/01/02-08:51:45	71	1,398.517	60.73	9	0	0	2	2	0	1	1	0	0	1	32
2014/01/02-08:52:39	71	1,398.517	60.73	1	0	1	0	0	0	0	1	0	0	1	3
2014/01/02-08:53:31	71	1,398.517	60.73	4	0	1	0	0	0	0	1	0	0	1	21
2014/01/02-09:12:45	71	1,398.517	60.73	1	0	1	0	0	0	0	1	1	0	0	4
2014/01/02-09:13:07	71	1,398.517	60.73	2	0	0	0	0	0	1	1	0	0	1	3
2014/01/02-09:14:26	71	1,398.517	60.73	7	0	1	0	0	0	0	1	0	0	1	27
2014/01/02-09:15:13	71	1,398.517	60.73	1	0	0	0	0	0	1	1	0	0	1	3
2014/01/02-09:16:31	69	1,433.354	57.551	11	0	0	0	1	0	1	1	0	0	1	57
2014/01/02-09:26:22	69	1,433.354	57.551	1	0	1	0	0	0	0	1	0	0	1	4
2014/01/02-09:26:45	69	1,433.354	57.551	2	0	0	0	0	0	1	1	0	0	1	9
2014/01/02-09:27:29	69	1,433.354	57.551	1	0	0	0	3	0	0	1	1	0	0	6
2014/01/02-09:27:54	69	1,433.354	57.551	10	0	0	1	0	0	0	1	1	0	0	42
2014/01/02-09:28:55	69	1,433.354	57.551	1	0	0	0	0	0	1	1	0	0	1	3
2014/01/02-13:09:31	62	1,479.641	62.348	3	0	0	0	0	0	1	1	0	0	1	10
2014/01/02-13:10:15	62	1,479.641	62.348	1	0	0	0	1	0	1	1	0	0	1	3
2014/01/02-13:10:37	62	1,479.641	62.348	0	0	0	0	0	0	0	1	0	0	1	60
2014/01/02-13:11:56	62	1,479.641	62.348	1	0	0	0	1	0	1	1	0	0	1	4
2014/01/02-13:12:19	62	1,479.641	62.348	1	0	0	0	0	0	1	1	0	0	1	3
2014/01/02-13:13:00	62	1,479.641	62.348	2	0	0	0	0	0	1	1	0	0	1	3
2014/01/02-13:13:35	62	1,479.641	62.348	1	0	1	0	1	0	0	1	0	0	1	3
2014/01/02-13:13:57	62	1,479.641	62.348	1	0	0	0	0	0	1	1	0	0	1	4
2014/01/02-13:14:20	62	1,479.641	62.348	13	0	0	2	0	0	1	1	0	0	1	40
2014/01/02-13:15:19	62	1,479.641	62.348	1	0	0	0	0	0	1	1	0	0	1	3
2014/01/02-13:28:35	71	1,410.91	57.223	1	0	0	0	1	0	1	1	0	0	1	3
2014/01/02-13:28:58	71	1,410.91	57.223	1	0	0	0	0	0	1	1	0	0	1	3
2014/01/02-13:29:23	71	1,410.91	57.223	18	0	0	3	0	0	0	1	1	0	0	60
2014/01/02-13:30:42	71	1,410.91	57.223	5	0	0	0	3	0	1	1	1	0	0	17
2014/01/02-13:31:19	71	1,410.91	57.223	1	0	0	4	0	0	0	1	1	0	0	15
2014/01/02-17:55:06	71	1,407.258	64.445	1	0	1	0	0	0	0	1	0	0	1	20
2014/01/02-17:55:45	71	1,407.258	64.445	1	0	0	0	0	0	1	1	0	0	1	3
2014/01/02-17:56:47	71	1,407.258	64.445	3	0	0	0	0	0	1	1	0	0	1	20
2014/01/02-17:57:49	71	1,407.258	64.445	1	0	1	0	0	0	0	1	0	0	1	6
2014/01/02-17:58:28	71	1,407.258	64.445	4	0	0	0	1	0	0	1	1	0	0	16
2014/01/02-18:08:16	71	1,407.258	64.445	1	0	1	0	0	0	0	1	0	0	1	4
2014/01/02-18:08:39	71	1,407.258	64.445	2	0	1	0	1	0	0	1	0	0	1	7
2014/01/02-18:09:05	71	1,407.258	64.445	1	0	0	0	0	0	1	1	0	0	1	3
2014/01/02-18:09:53	71	1,407.258	64.445	1	0	0	0	0	0	1	1	0	0	1	3
2014/01/02-18:10:15	71	1,407.258	64.445	1	0	0	0	0	0	1	1	0	0	1	3
2014/01/02-18:31:31	71	1,415.189	59.83	1	0	0	0	1	0	1	1	0	0	1	4
2014/01/02-18:31:56	71	1,415.189	59.83	1	0	1	0	0	0	0	1	0	0	1	3
2014/01/02-18:33:15	71	1,415.189	59.83	9	0	0	3	1	0	0	1	1	0	0	26
2014/01/02-18:33:59	71	1,415.189	59.83	2	0	0	0	0	0	0	1	0	0	1	60
2014/01/02-18:35:18	71	1,415.189	59.83	1	0	0	0	0	0	1	1	0	0	1	3
2014/01/03-01:20:39	72	1,420.061	64.205	2	0	0	0	0	0	0	1	1	0	0	18
2014/01/03-01:21:16	72	1,420.061	64.205	2	0	0	0	0	0	0	1	1	0	0	10
2014/01/03-01:21:45	72	1,420.061	64.205	13	0	0	6	0	0	0	1	1	0	0	60
2014/01/03-01:23:04	72	1,420.061	64.205	1	0	0	0	0	0	1	1	0	0	1	3
2014/01/03-01:23:46	72	1,420.061	64.205	1	0	1	0	0	0	0	1	0	0	1	6
2014/01/03-01:41:10	67	1,452.653	61.272	1	0	0	0	0	0	1	1	0	0	1	3
2014/01/03-01:41:58	67	1,452.653	61.272	1	0	0	0	1	0	1	1	0	0	1	4
2014/01/03-01:42:43	67	1,452.653	61.272	1	0	0	0	0	0	1	1	0	0	1	3
2014/01/03-01:43:48	67	1,452.653	61.272	2	0	0	0	0	0	1	1	0	0	1	31
2014/01/03-01:44:39	67	1,452.653	61.272	11	0	0	2	2	0	0	1	1	0	0	43
2014/01/03-01:56:36	67	1,452.653	61.272	1	0	0	0	0	0	1	1	0	0	1	3
2014/01/03-01:57:17	67	1,452.653	61.272	2	0	0	0	3	0	0	1	1	0	0	7
2014/01/03-01:57:43	67	1,452.653	61.272	12	0	0	3	0	0	0	1	1	0	0	31
2014/01/03-01:58:33	67	1,452.653	61.272	1	0	0	0	0	0	1	1	0	0	1	3
2014/01/03-01:59:05	67	1,452.653	61.272	8	0	0	3	1	0	1	1	0	0	1	25
2014/01/03-06:29:18	67	1,453.159	65.79	7	0	0	2	0	0	1	1	0	0	1	30
2014/01/03-06:30:07	67	1,453.159	65.79	2	0	1	0	0	0	0	1	0	0	1	10
2014/01/03-06:30:36	67	1,453.159	65.79	2	0	1	0	0	0	0	1	0	0	1	5
2014/01/03-06:31:55	67	1,453.159	65.79	3	0	0	13	0	0	1	1	0	0	1	19
2014/01/03-06:32:33	67	1,453.159	65.79	1	0	0	0	0	0	1	1	0	0	1	3
2014/01/03-06:39:26	67	1,453.159	65.79	1	0	0	0	0	0	1	1	0	0	1	6
2014/01/03-06:39:56	67	1,453.159	65.79	7	0	0	0	0	0	0	1	0	0	1	60
2014/01/03-06:41:15	67	1,453.159	65.79	13	0	1	3	2	0	0	1	0	0	1	38
2014/01/03-06:42:14	67	1,453.159	65.79	5	0	0	4	0	0	1	1	0	0	1	16
2014/01/03-06:43:22	67	1,453.159	65.79	1	0	0	0	0	0	1	1	0	0	1	3
2014/01/03-06:56:05	68	1,453.309	60.678	4	0	1	0	0	0	0	1	0	0	1	48
2014/01/03-06:57:24	68	1,453.309	60.678	1	0	0	0	0	0	1	1	0	0	1	3
2014/01/03-06:57:51	68	1,453.309	60.678	8	0	0	1	3	0	0	1	1	0	0	32
2014/01/03-06:58:42	68	1,453.309	60.678	1	0	0	0	0	0	1	1	0	0	1	3
2014/01/03-07:00:01	68	1,453.309	60.678	0	0	0	0	0	0	0	1	1	0	0	60
2014/01/04-14:27:56	69	1,426.755	72.06	1	0	1	0	1	0	0	1	0	0	1	3
2014/01/04-14:28:19	69	1,426.755	72.06	1	0	0	0	0	0	1	1	0	0	1	3
2014/01/04-14:28:41	69	1,426.755	72.06	2	0	0	0	0	0	1	1	0	0	1	3
2014/01/04-14:30:00	69	1,426.755	72.06	1	0	0	0	0	0	1	1	0	0	1	3
2014/01/04-14:30:54	69	1,426.755	72.06	0	0	0	0	0	0	0	1	1	0	0	60
2014/01/04-14:43:22	69	1,426.755	72.06	1	0	0	0	0	0	1	1	0	0	1	3
2014/01/04-14:44:41	69	1,426.755	72.06	6	0	0	0	1	0	1	1	0	0	1	33
2014/01/04-14:45:32	69	1,426.755	72.06	4	0	0	0	3	0	1	1	1	0	0	14
2014/01/04-14:46:05	69	1,426.755	72.06	6	0	0	0	2	0	0	1	1	0	0	17
2014/01/04-14:46:42	69	1,426.755	72.06	8	0	0	1	1	0	1	1	0	0	1	20
2014/01/04-15:04:16	73	1,393.589	64.294	1	0	1	0	0	0	0	1	0	0	1	11
2014/01/04-15:04:45	73	1,393.589	64.294	8	0	0	1	2	0	0	1	1	0	0	22
2014/01/04-15:05:26	73	1,393.589	64.294	1	0	0	0	0	0	1	1	0	0	1	3
2014/01/04-15:05:53	73	1,393.589	64.294	1	0	1	0	0	0	0	1	0	0	1	3
2014/01/04-15:06:19	73	1,393.589	64.294	3	0	0	0	0	0	0	1	1	0	0	17
2014/01/04-20:41:33	75	1,397.058	70.722	13	0	0	5	2	0	1	1	0	0	1	43
2014/01/04-20:42:35	75	1,397.058	70.722	12	0	0	0	1	0	0	1	1	0	0	60
2014/01/04-20:43:54	75	1,397.058	70.722	3	0	0	0	2	0	1	1	0	0	1	12
2014/01/04-20:44:25	75	1,397.058	70.722	6	0	1	0	2	0	0	1	0	0	1	21
2014/01/04-20:45:06	75	1,397.058	70.722	1	0	1	0	0	0	0	1	0	0	1	3
2014/01/04-20:56:18	75	1,397.058	70.722	6	0	0	1	0	0	0	1	1	0	0	60
2014/01/04-20:57:37	70	1,431.437	65.357	2	0	1	0	1	0	0	1	0	0	1	4
2014/01/04-20:58:00	70	1,431.437	65.357	1	0	0	0	0	0	1	1	0	0	1	3
2014/01/04-20:58:28	70	1,431.437	65.357	1	0	0	0	0	0	1	1	0	0	1	3
2014/01/04-20:58:55	70	1,431.437	65.357	4	0	0	0	1	0	0	1	1	0	0	60
2014/01/04-21:14:17	70	1,431.437	65.357	3	0	0	1	1	0	0	1	1	0	0	13
2014/01/04-21:14:49	70	1,431.437	65.357	2	0	0	0	1	0	1	1	0	0	1	3
2014/01/04-21:15:15	70	1,431.437	65.357	0	0	0	0	0	0	0	1	1	0	0	7
2014/01/04-21:15:41	70	1,431.437	65.357	3	0	1	0	0	0	0	1	0	0	1	10
2014/01/04-21:16:11	70	1,431.437	65.357	7	0	0	3	0	0	0	1	1	0	0	23
2014/01/05-00:27:39	66	1,454.621	66.11	0	0	1	0	0	0	0	1	0	0	1	3
2014/01/05-00:28:06	66	1,454.621	66.11	8	0	1	0	0	0	0	1	0	0	1	23
2014/01/05-00:29:21	66	1,454.621	66.11	11	0	1	0	0	0	0	1	0	0	1	44
2014/01/05-00:30:25	66	1,454.621	66.11	0	0	0	0	0	0	0	1	1	0	0	16
2014/01/05-00:31:00	66	1,454.621	66.11	1	0	0	0	0	0	1	1	0	0	1	3
2014/01/05-00:52:15	68	1,445.677	62.962	3	0	0	0	0	0	1	1	0	0	1	9
2014/01/05-00:53:23	68	1,445.677	62.962	1	0	0	0	0	0	1	1	0	0	1	3
2014/01/05-00:54:43	68	1,445.677	62.962	2	0	1	0	0	0	0	1	0	0	1	9
2014/01/05-00:55:27	68	1,445.677	62.962	1	0	1	0	0	0	0	1	0	0	1	3
2014/01/05-00:56:20	68	1,445.677	62.962	6	0	0	0	0	0	0	1	1	0	0	60
2014/01/05-01:04:15	68	1,445.677	62.962	1	0	1	0	0	0	0	1	0	0	1	2
2014/01/05-01:04:52	68	1,445.677	62.962	1	0	0	0	0	0	1	1	0	0	1	3
2014/01/05-01:05:27	68	1,445.677	62.962	1	0	0	0	0	0	1	1	0	0	1	5
2014/01/05-01:06:01	68	1,445.677	62.962	0	0	1	0	0	0	0	1	0	0	1	2
2014/01/05-01:06:31	68	1,445.677	62.962	6	0	0	0	0	0	1	1	0	0	1	18
