2013/09/02-21:57:12	39	1,500	352.012	2	0	0	0	0	0	0	1	1	0	0	7
2013/09/02-22:01:41	39	1,500	352.012	16	0	0	0	0	0	0	1	1	0	0	60
2013/09/02-22:02:56	39	1,500	352.012	1	0	1	1	0	0	0	1	0	0	1	56
2013/09/02-22:11:48	39	1,500	352.012	3	0	0	0	0	0	1	1	0	0	1	7
2013/09/02-22:15:44	39	1,500	352.012	17	0	0	2	0	0	1	1	0	0	1	41
2013/09/02-22:35:50	39	1,500	352.012	3	0	1	0	1	0	0	1	0	0	1	7
2013/09/02-22:36:38	39	1,500	352.012	10	0	0	4	0	0	1	1	0	0	1	33
2013/09/02-22:37:28	39	1,500	352.012	2	0	1	0	0	0	0	1	0	0	1	15
2013/09/02-22:38:17	29	1,730.834	268.606	5	0	0	0	0	0	0	1	1	0	0	60
2013/09/02-22:39:37	29	1,730.834	268.606	3	0	0	0	1	0	1	1	0	0	1	12
2013/09/02-22:50:58	29	1,730.834	268.606	3	0	0	0	0	0	1	1	0	0	1	14
2013/09/02-22:51:44	29	1,730.834	268.606	1	0	0	0	0	0	1	1	0	0	1	5
2013/09/02-22:52:27	29	1,730.834	268.606	2	0	0	0	2	0	1	1	0	0	1	6
2013/09/02-22:52:52	29	1,730.834	268.606	1	0	0	0	0	0	1	1	0	0	1	3
2013/09/02-22:53:14	29	1,730.834	268.606	2	0	0	0	0	0	1	1	0	0	1	6
2013/09/03-08:01:10	29	1,685.356	213.194	2	0	0	0	0	0	1	1	0	0	1	7
2013/09/03-08:01:33	29	1,685.356	213.194	2	0	0	0	1	0	0	1	1	0	0	7
2013/09/03-08:01:59	29	1,685.356	213.194	6	0	1	1	0	0	0	1	0	0	1	15
2013/09/03-08:02:47	29	1,685.356	213.194	4	0	0	0	0	0	1	1	0	0	1	8
2013/09/03-08:03:48	29	1,685.356	213.194	5	0	1	1	0	0	0	1	1	0	0	50
2013/09/03-08:27:55	21	1,808.799	173.241	2	0	1	0	0	0	0	1	0	0	1	9
2013/09/03-08:29:14	21	1,808.799	173.241	5	0	0	0	0	0	1	1	0	0	1	18
2013/09/03-08:30:17	21	1,808.799	173.241	4	0	1	1	0	0	0	1	0	0	1	25
2013/09/03-08:31:01	21	1,808.799	173.241	24	0	1	0	1	0	0	1	0	0	1	50
2013/09/03-08:32:10	21	1,808.799	173.241	9	0	0	0	0	0	1	1	0	0	1	17
2013/09/03-10:26:59	21	1,808.799	173.241	9	0	1	1	0	0	0	1	0	0	1	32
2013/09/03-10:28:18	21	1,808.799	173.241	5	0	0	1	1	0	1	1	0	0	1	20
2013/09/03-10:28:58	21	1,808.799	173.241	21	0	0	0	1	0	0	1	1	0	0	53
2013/09/03-10:30:09	21	1,808.799	173.241	1	0	1	0	0	0	0	1	0	0	1	3
2013/09/03-10:30:40	21	1,808.799	173.241	2	0	0	0	0	0	1	1	0	0	1	8
2013/09/03-18:06:13	32	1,654.185	139.673	2	0	0	0	0	0	1	1	0	0	1	8
2013/09/03-18:06:42	32	1,654.185	139.673	7	0	0	0	2	0	1	1	0	0	1	12
2013/09/03-18:07:12	31	1,688.486	128.41	9	0	0	0	1	0	1	1	0	0	1	24
2013/09/03-18:08:31	31	1,688.486	128.41	1	0	1	0	0	0	0	1	0	0	1	7
2013/09/03-18:09:24	31	1,688.486	128.41	10	0	0	0	0	0	1	1	0	0	1	20
2013/09/03-18:21:42	31	1,688.486	128.41	3	0	1	0	0	0	0	1	0	0	1	9
2013/09/03-18:23:01	31	1,688.486	128.41	1	0	1	0	0	0	0	1	0	0	1	6
2013/09/03-18:23:26	31	1,688.486	128.41	2	0	0	0	0	0	1	1	0	0	1	6
2013/09/03-18:24:15	31	1,688.486	128.41	2	0	0	0	1	0	1	1	0	0	1	12
2013/09/03-18:24:46	31	1,688.486	128.41	2	0	1	0	0	0	0	1	0	0	1	15
2013/09/03-18:36:35	31	1,688.486	128.41	2	0	1	0	0	0	0	1	0	0	1	10
2013/09/03-18:37:36	31	1,688.486	128.41	31	0	0	0	0	0	0	1	0	0	1	60
2013/09/03-18:38:55	31	1,688.486	128.41	8	0	0	0	0	0	1	1	0	0	1	19
2013/09/03-18:39:43	31	1,688.486	128.41	8	0	0	2	0	0	1	1	0	0	1	19
2013/09/03-18:40:26	31	1,688.486	128.41	5	0	0	0	0	0	1	1	0	0	1	19
2013/09/03-19:08:00	36	1,588.84	104.626	8	0	0	0	2	0	0	1	1	0	0	19
2013/09/03-19:08:38	36	1,588.84	104.626	4	0	0	1	0	0	1	1	0	0	1	38
2013/09/03-19:09:55	36	1,588.84	104.626	3	0	0	0	1	0	1	1	0	0	1	10
2013/09/03-19:10:25	36	1,588.84	104.626	16	0	0	0	1	0	0	1	1	0	0	28
2013/09/03-19:11:11	36	1,588.84	104.626	1	0	0	0	0	0	1	1	0	0	1	3
2013/09/03-19:19:30	33	1,620.891	93.872	13	0	0	0	2	0	1	1	0	0	1	25
2013/09/03-19:20:14	33	1,620.891	93.872	2	0	0	0	0	0	1	1	0	0	1	6
2013/09/03-19:21:03	33	1,620.891	93.872	1	0	0	0	1	0	1	1	0	0	1	4
2013/09/03-19:22:22	33	1,620.891	93.872	0	0	1	0	0	0	0	1	0	0	1	6
2013/09/03-19:23:41	33	1,620.891	93.872	3	0	1	0	1	0	0	1	0	0	1	15
2013/09/03-19:37:06	33	1,620.891	93.872	3	0	0	0	0	0	1	1	0	0	1	11
2013/09/03-19:38:25	33	1,620.891	93.872	1	0	0	0	1	0	1	1	0	0	1	3
2013/09/03-19:39:44	33	1,620.891	93.872	1	0	0	0	0	0	1	1	0	0	1	3
2013/09/03-19:41:03	33	1,620.891	93.872	3	0	1	0	1	0	0	1	0	0	1	14
2013/09/03-19:42:22	33	1,620.891	93.872	4	0	0	0	2	0	1	1	0	0	1	12
2013/09/03-23:43:16	41	1,529.003	85.544	1	0	0	0	0	0	0	1	1	0	0	5
2013/09/03-23:43:41	41	1,529.003	85.544	7	0	0	0	3	0	0	1	1	0	0	23
2013/09/03-23:44:22	39	1,571.125	82.266	1	0	1	0	0	0	0	1	0	0	1	7
2013/09/03-23:44:50	39	1,571.125	82.266	4	0	0	0	1	0	1	1	0	0	1	7
2013/09/03-23:45:22	39	1,571.125	82.266	18	0	0	2	0	0	1	1	0	0	1	30
2013/09/04-11:04:19	39	1,571.125	82.266	7	0	0	0	1	0	1	1	0	0	1	24
2013/09/04-11:05:02	39	1,571.125	82.266	4	0	0	0	0	0	1	1	0	0	1	10
2013/09/04-11:05:30	39	1,571.125	82.266	3	0	0	1	0	0	1	1	0	0	1	10
2013/09/04-11:06:49	39	1,571.125	82.266	1	0	0	0	0	0	1	1	0	0	1	3
2013/09/04-11:08:08	39	1,571.125	82.266	8	0	0	1	1	0	1	1	0	0	1	21
2013/09/04-11:22:20	40	1,551.442	73.521	2	0	0	7	0	0	0	1	1	0	0	60
2013/09/04-11:23:39	40	1,551.442	73.521	14	0	0	0	2	0	1	1	0	0	1	42
2013/09/04-11:24:40	40	1,551.442	73.521	2	0	0	0	0	0	1	1	0	0	1	9
2013/09/04-11:25:16	40	1,551.442	73.521	9	0	0	2	0	0	0	1	1	0	0	60
2013/09/04-11:26:35	40	1,551.442	73.521	1	0	0	0	0	0	1	1	0	0	1	3
2013/09/04-19:23:31	40	1,545.731	73.749	2	0	1	0	0	0	0	1	0	0	1	8
2013/09/04-19:23:58	40	1,545.731	73.749	1	0	1	0	0	0	0	1	0	0	1	8
2013/09/04-19:25:17	40	1,545.731	73.749	10	0	0	0	0	0	1	1	0	0	1	21
2013/09/04-19:26:29	40	1,545.731	73.749	5	0	1	0	0	0	0	1	0	0	1	5
2013/09/04-19:26:57	40	1,545.731	73.749	1	0	0	0	0	0	1	1	0	0	1	3
2013/09/04-19:36:05	46	1,506.122	68.663	0	0	1	0	0	0	0	1	0	0	1	3
2013/09/04-19:36:34	46	1,506.122	68.663	1	0	0	0	0	0	1	1	0	0	1	3
2013/09/04-19:37:53	46	1,506.122	68.663	7	0	0	0	1	0	0	1	1	0	0	21
2013/09/04-19:38:33	46	1,506.122	68.663	2	0	1	0	0	0	0	1	0	0	1	5
2013/09/04-19:39:07	46	1,506.122	68.663	1	0	0	0	0	0	1	1	0	0	1	3
2013/09/04-19:49:03	46	1,506.122	68.663	4	0	0	0	1	0	1	1	0	0	1	8
2013/09/04-19:49:34	46	1,506.122	68.663	21	0	0	5	0	0	0	1	1	0	0	60
2013/09/04-19:50:53	46	1,506.122	68.663	1	0	1	0	0	0	0	1	0	0	1	3
2013/09/04-19:52:12	46	1,506.122	68.663	1	0	0	0	0	0	1	1	0	0	1	3
2013/09/04-19:52:37	46	1,506.122	68.663	2	0	0	0	2	0	0	1	1	0	0	7
2013/09/05-02:04:40	48	1,465.329	68.5	3	0	0	0	0	0	1	1	0	0	1	12
2013/09/05-02:05:59	48	1,465.329	68.5	1	0	0	0	0	0	1	1	0	0	1	3
2013/09/05-02:07:13	48	1,465.329	68.5	3	0	0	0	1	0	0	1	1	0	0	20
2013/09/05-02:07:51	48	1,465.329	68.5	5	0	0	0	2	0	1	1	0	0	1	8
2013/09/05-02:08:17	48	1,465.329	68.5	0	0	0	0	0	0	0	1	1	0	0	60
2013/09/05-02:28:25	47	1,488.098	64.41	2	0	1	0	0	0	0	1	0	0	1	9
2013/09/05-02:28:53	47	1,488.098	64.41	2	0	0	0	0	0	1	1	0	0	1	7
2013/09/05-02:30:12	47	1,488.098	64.41	11	0	0	2	1	0	1	1	0	0	1	23
2013/09/05-02:30:53	47	1,488.098	64.41	6	0	0	0	0	0	1	1	0	0	1	9
2013/09/05-02:31:21	47	1,488.098	64.41	1	0	0	0	0	0	1	1	0	0	1	3
2013/09/05-02:41:19	47	1,488.098	64.41	1	0	1	0	0	0	0	1	0	0	1	7
2013/09/05-02:41:50	47	1,488.098	64.41	1	0	1	0	1	0	0	1	0	0	1	4
2013/09/05-02:42:12	47	1,488.098	64.41	8	0	0	2	0	0	1	1	0	0	1	33
2013/09/05-02:43:11	47	1,488.098	64.41	2	0	0	0	0	0	0	1	1	0	0	6
2013/09/05-02:43:37	47	1,488.098	64.41	1	0	0	0	0	0	1	1	0	0	1	3
2013/09/05-22:45:57	45	1,493.333	64.934	8	0	1	0	0	0	0	1	0	0	1	13
2013/09/07-10:12:41	45	1,484.542	73.105	7	0	0	1	0	0	1	1	0	0	1	22
2013/09/07-10:14:02	45	1,484.542	73.105	8	0	0	0	1	0	1	1	0	0	1	42
2013/09/07-10:15:03	45	1,484.542	73.105	9	0	0	1	0	0	1	1	0	0	1	17
2013/09/07-10:16:22	45	1,484.542	73.105	5	0	0	1	0	0	0	1	0	0	1	60
2013/09/07-10:17:41	45	1,484.542	73.105	4	0	0	2	0	0	0	1	1	0	0	30
2013/09/07-10:42:38	46	1,489.132	68.287	8	0	0	2	0	0	1	1	0	0	1	17
2013/09/07-10:43:20	46	1,489.132	68.287	2	0	0	1	0	0	0	1	1	0	0	60
2013/09/07-10:44:39	46	1,489.132	68.287	8	0	0	2	0	0	1	1	0	0	1	31
2013/09/07-10:45:58	46	1,489.132	68.287	7	0	1	0	0	0	0	1	0	0	1	12
2013/09/07-10:46:54	46	1,489.132	68.287	6	0	1	0	0	0	0	1	0	0	1	12
2013/09/07-11:05:04	46	1,489.132	68.287	10	0	1	1	1	0	0	1	0	0	1	35
2013/09/07-11:05:57	46	1,489.132	68.287	7	0	1	1	0	0	0	1	0	0	1	50
2013/09/07-11:07:06	46	1,489.132	68.287	0	0	1	0	0	0	0	1	0	0	1	23
2013/09/07-11:07:50	46	1,489.132	68.287	9	0	0	1	0	0	1	1	0	0	1	25
2013/09/07-11:08:34	46	1,489.132	68.287	2	0	0	0	0	0	1	1	0	0	1	4
2013/09/08-23:23:42	45	1,499.847	66.883	0	0	1	0	0	0	0	1	0	0	1	6
2013/09/08-23:30:32	45	1,499.847	66.883	2	0	0	0	0	0	1	1	0	0	1	5
2013/09/08-23:31:02	45	1,499.847	66.883	2	0	0	0	0	0	0	1	1	0	0	30
2013/09/08-23:31:44	45	1,499.847	66.883	18	0	0	2	0	0	1	1	0	0	1	37
2013/09/08-23:33:06	45	1,499.847	66.883	15	0	0	2	1	0	0	1	1	0	0	56
2013/09/09-00:34:31	43	1,515.834	62.914	17	0	0	0	1	0	1	1	0	0	1	46
2013/09/09-00:49:16	43	1,515.834	62.914	8	0	0	2	0	0	1	1	0	0	1	26
2013/09/09-00:50:42	43	1,515.834	62.914	24	0	0	0	0	0	0	1	0	0	1	60
2013/09/09-00:51:58	43	1,515.834	62.914	3	0	0	0	0	0	1	1	0	0	1	35
2013/09/09-00:53:17	43	1,515.834	62.914	24	0	0	3	1	0	0	1	1	0	0	60
2013/09/09-01:09:56	43	1,515.834	62.914	14	0	1	2	0	0	0	1	0	0	1	50
2013/09/09-01:11:15	43	1,515.834	62.914	1	0	0	0	0	0	1	1	0	0	1	5
2013/09/09-01:12:33	43	1,515.834	62.914	11	0	0	1	0	0	1	1	0	0	1	36
2013/09/09-01:13:52	44	1,495.201	58.04	7	0	0	0	0	0	1	1	0	0	1	27
2013/09/09-01:15:11	44	1,495.201	58.04	8	0	0	0	0	0	1	1	0	0	1	37
2013/09/10-18:17:40	45	1,483.236	63.47	9	0	0	1	0	0	1	1	0	0	1	33
2013/09/10-18:18:36	45	1,483.236	63.47	21	0	0	6	1	0	0	1	1	0	0	60
2013/09/10-18:19:54	45	1,483.236	63.47	3	0	1	0	0	0	0	1	0	0	1	8
2013/09/10-18:20:57	45	1,483.236	63.47	9	0	0	1	0	0	0	1	1	0	0	60
2013/09/10-18:22:16	45	1,483.236	63.47	7	0	0	1	1	0	0	1	1	0	0	60
2013/09/10-19:32:58	45	1,483.236	63.47	0	0	1	0	0	0	0	1	0	0	1	12
2013/09/10-19:33:49	44	1,511.959	59.545	1	0	0	0	0	0	1	1	0	0	1	4
2013/09/10-19:34:31	44	1,511.959	59.545	1	0	1	0	0	0	0	1	0	0	1	48
2013/09/10-19:35:50	44	1,511.959	59.545	1	0	0	0	0	0	1	1	0	0	1	3
2013/09/10-19:37:10	44	1,511.959	59.545	0	0	1	0	0	0	0	1	0	0	1	6
2013/09/10-19:46:50	44	1,511.959	59.545	0	0	1	0	0	0	0	1	0	0	1	6
2013/09/10-19:48:09	44	1,511.959	59.545	0	0	1	0	0	0	0	1	0	0	1	6
2013/09/10-19:49:25	44	1,511.959	59.545	0	0	1	0	0	0	0	1	0	0	1	6
2013/09/10-19:50:21	44	1,511.959	59.545	0	0	1	0	0	0	0	1	0	0	1	6
2013/09/10-19:51:40	44	1,511.959	59.545	0	0	1	0	0	0	0	1	0	0	1	14
2013/09/11-09:22:04	48	1,465.18	62.75	5	0	0	0	0	0	1	1	0	0	1	15
2013/09/11-09:23:23	48	1,465.18	62.75	3	0	1	0	0	0	0	1	0	0	1	18
2013/09/11-09:24:42	48	1,465.18	62.75	10	0	1	0	0	0	0	1	0	0	1	46
2013/09/11-09:25:55	48	1,465.18	62.75	1	0	0	0	0	0	1	1	0	0	1	4
2013/09/11-09:27:14	48	1,465.18	62.75	16	0	0	3	1	0	0	1	1	0	0	60
2013/09/11-09:35:08	48	1,465.18	62.75	14	0	0	1	1	0	0	1	1	0	0	26
2013/09/11-09:35:53	48	1,465.18	62.75	1	0	0	0	0	0	1	1	0	0	1	3
2013/09/11-09:37:09	48	1,465.18	62.75	2	0	0	0	0	0	1	1	0	0	1	4
2013/09/11-09:38:09	48	1,465.18	62.75	17	0	0	2	0	0	1	1	0	0	1	31
2013/09/11-09:39:01	48	1,465.18	62.75	2	0	0	0	0	0	1	1	0	0	1	6
2013/09/11-09:51:10	48	1,465.18	62.75	5	0	0	0	0	0	1	1	0	0	1	6
2013/09/11-09:52:19	48	1,465.18	62.75	24	0	0	5	1	0	0	1	1	0	0	60
2013/09/11-09:53:38	48	1,465.18	62.75	6	0	0	1	0	0	1	1	0	0	1	17
2013/09/11-09:54:57	48	1,465.18	62.75	8	0	0	2	0	0	0	1	1	0	0	60
2013/09/11-09:56:16	48	1,465.18	62.75	11	0	0	1	0	0	1	1	0	0	1	38
2013/09/11-22:52:11	48	1,453.565	63.253	13	0	1	1	1	0	0	1	0	0	1	22
2013/09/11-22:52:52	48	1,453.565	63.253	2	0	0	0	0	0	1	1	0	0	1	8
2013/09/11-22:54:10	48	1,453.565	63.253	3	0	0	0	0	0	1	1	0	0	1	8
2013/09/11-22:55:12	48	1,453.565	63.253	4	0	0	0	0	0	1	1	0	0	1	9
2013/09/11-22:55:40	48	1,453.565	63.253	3	0	0	0	0	0	1	1	0	0	1	26
2013/09/11-23:07:14	48	1,453.565	63.253	9	0	0	1	1	0	1	1	0	0	1	58
2013/09/11-23:08:31	48	1,453.565	63.253	10	0	0	1	0	0	1	1	0	0	1	20
2013/09/11-23:09:23	48	1,453.565	63.253	4	0	0	0	0	0	1	1	0	0	1	8
2013/09/11-23:09:57	50	1,432.153	58.527	7	0	0	0	0	0	1	1	0	0	1	12
2013/09/11-23:11:16	50	1,432.153	58.527	5	0	0	1	0	0	1	1	0	0	1	11
2013/09/11-23:54:29	50	1,432.153	58.527	4	0	0	1	0	0	1	1	0	0	1	19
2013/09/11-23:55:50	50	1,432.153	58.527	3	0	0	0	0	0	1	1	0	0	1	6
2013/09/11-23:56:39	50	1,432.153	58.527	5	0	0	2	0	0	1	1	0	0	1	27
2013/09/11-23:57:58	50	1,432.153	58.527	6	0	0	1	0	0	1	1	0	0	1	11
2013/09/12-00:10:56	50	1,432.153	58.527	12	0	0	1	0	0	1	1	0	0	1	40
2013/09/12-00:33:34	50	1,415.124	55.058	2	0	1	0	0	0	0	1	0	0	1	12
2013/09/12-00:34:24	50	1,415.124	55.058	14	0	0	1	1	0	0	1	1	0	0	60
2013/09/12-00:35:43	50	1,415.124	55.058	9	0	0	2	0	0	1	1	0	0	1	38
2013/09/12-00:36:42	50	1,415.124	55.058	8	0	0	1	1	0	1	1	1	0	0	28
2013/09/12-00:37:29	50	1,415.124	55.058	6	0	0	0	0	0	0	1	1	0	0	22
2013/09/12-07:52:05	50	1,415.124	55.058	13	0	0	0	0	0	1	1	0	0	1	25
2013/09/12-07:52:57	50	1,415.124	55.058	4	0	0	1	0	0	1	1	0	0	1	34
2013/09/12-07:53:50	50	1,415.124	55.058	3	0	0	0	0	0	0	1	1	0	0	49
2013/09/12-07:54:58	50	1,415.124	55.058	9	0	0	2	1	0	1	1	0	0	1	14
2013/09/12-07:55:34	50	1,415.124	55.058	0	0	1	0	0	0	0	1	0	0	1	13
2013/09/12-08:09:54	50	1,420.106	51.048	10	0	1	2	0	0	0	1	0	0	1	55
2013/09/12-08:27:15	50	1,420.106	51.048	2	0	1	1	0	0	0	1	0	0	1	15
2013/09/12-08:27:55	50	1,420.106	51.048	7	0	0	1	0	0	1	1	0	0	1	12
2013/09/12-08:28:54	50	1,420.106	51.048	17	0	0	1	0	0	0	1	0	0	1	61
2013/09/12-08:30:15	50	1,420.106	51.048	6	0	0	0	0	0	1	1	0	0	1	11
2013/09/12-09:16:42	54	1,407.696	50.29	0	0	0	0	0	0	0	1	1	0	0	6
2013/09/12-09:17:07	54	1,407.696	50.29	4	0	0	0	0	0	0	1	1	0	0	6
2013/09/12-09:17:32	54	1,407.696	50.29	0	0	0	0	0	0	0	1	1	0	0	9
2013/09/12-09:17:59	54	1,407.696	50.29	0	0	0	0	0	0	0	1	1	0	0	6
2013/09/12-09:18:24	54	1,407.696	50.29	4	0	0	0	0	0	0	1	1	0	0	6
2013/09/12-10:52:33	54	1,407.696	50.29	13	0	0	4	0	0	0	1	1	0	0	60
2013/09/12-10:53:52	54	1,407.696	50.29	2	0	0	1	0	0	0	1	1	0	0	25
2013/09/12-10:54:36	54	1,407.696	50.29	3	0	0	0	0	0	1	1	0	0	1	8
2013/09/12-10:55:02	52	1,411.765	49.531	6	0	0	0	0	0	0	1	0	0	1	60
2013/09/12-10:56:21	52	1,411.765	49.531	20	0	0	2	0	0	0	1	0	0	1	60
2013/09/12-11:04:42	52	1,411.765	49.531	9	0	1	1	0	0	0	1	0	0	1	42
2013/09/12-11:05:42	52	1,411.765	49.531	11	0	0	1	0	0	1	1	0	0	1	27
2013/09/12-11:45:26	52	1,411.765	49.531	1	0	0	0	0	0	1	1	0	0	1	4
2013/09/12-11:46:05	52	1,411.765	49.531	1	0	0	0	0	0	0	1	1	0	0	20
2013/09/12-11:46:44	52	1,411.765	49.531	2	0	1	0	0	0	0	1	0	0	1	21
2013/09/13-20:04:52	54	1,407.796	64.249	3	0	0	0	1	0	0	1	1	0	0	19
2013/09/13-20:05:31	54	1,407.796	64.249	0	0	1	0	0	0	0	1	0	0	1	15
2013/09/13-20:06:50	54	1,407.796	64.249	5	0	0	1	0	0	0	1	1	0	0	60
2013/09/13-20:08:09	54	1,407.796	64.249	1	0	0	0	0	0	0	1	0	0	1	60
2013/09/13-20:09:28	54	1,407.796	64.249	5	0	0	1	0	0	1	1	0	0	1	11
2013/09/13-20:37:32	51	1,418.696	60.694	9	0	0	0	0	0	1	1	0	0	1	26
2013/09/13-20:38:29	51	1,418.696	60.694	2	0	0	0	0	0	1	1	0	0	1	4
2013/09/13-20:39:48	51	1,418.696	60.694	10	0	0	0	0	0	1	1	0	0	1	39
2013/09/13-20:40:53	51	1,418.696	60.694	9	0	0	3	0	0	1	1	0	0	1	19
2013/09/13-20:41:34	51	1,418.696	60.694	3	0	1	1	0	0	0	1	0	0	1	15
2013/09/13-20:53:53	51	1,418.696	60.694	4	0	0	0	0	0	1	1	0	0	1	8
2013/09/13-20:54:50	51	1,418.696	60.694	14	0	0	1	2	0	0	1	1	0	0	31
2013/09/13-20:55:42	51	1,418.696	60.694	2	0	0	0	1	0	1	1	0	0	1	9
2013/09/13-20:56:11	51	1,418.696	60.694	8	0	1	1	1	0	0	1	0	0	1	19
2013/09/13-20:57:05	51	1,418.696	60.694	0	0	0	0	0	0	0	1	0	0	1	60
2013/09/14-04:27:43	57	1,368.565	63.266	8	0	0	0	0	0	0	1	1	0	0	28
2013/09/14-04:28:30	57	1,368.565	63.266	1	0	0	0	0	0	1	1	0	0	1	3
2013/09/14-04:29:28	57	1,368.565	63.266	12	0	0	0	0	0	0	1	1	0	0	57
2013/09/14-04:30:44	57	1,368.565	63.266	14	0	0	1	0	0	1	1	0	0	1	39
2013/09/14-04:31:42	57	1,368.565	63.266	12	0	0	3	0	0	1	1	0	0	1	28
2013/09/14-04:44:03	52	1,422.028	61.998	9	0	0	0	0	0	0	1	1	0	0	26
2013/09/14-04:44:47	52	1,422.028	61.998	3	0	1	0	0	0	0	1	0	0	1	34
2013/09/14-04:45:56	52	1,422.028	61.998	10	0	0	1	0	0	1	1	0	0	1	26
2013/09/14-04:46:48	52	1,422.028	61.998	3	0	0	1	0	0	1	1	0	0	1	33
2013/09/14-04:47:54	52	1,422.028	61.998	10	0	0	2	0	0	1	1	0	0	1	31
2013/09/14-05:05:18	52	1,422.028	61.998	8	0	1	0	0	0	0	1	0	0	1	24
2013/09/14-05:06:37	52	1,422.028	61.998	21	0	0	3	0	0	0	1	0	0	1	60
2013/09/14-05:07:56	52	1,422.028	61.998	6	0	1	0	0	0	0	1	0	0	1	40
2013/09/14-05:08:55	52	1,422.028	61.998	0	0	1	0	0	0	0	1	0	0	1	20
2013/09/14-05:10:13	52	1,422.028	61.998	14	0	0	3	1	0	1	1	0	0	1	24
2013/09/14-10:28:41	51	1,466.342	64.849	5	0	0	0	0	0	1	1	0	0	1	15
2013/09/14-10:29:27	51	1,466.342	64.849	3	0	1	0	0	0	0	1	0	0	1	37
2013/09/14-10:30:23	51	1,466.342	64.849	3	0	0	0	0	0	0	1	1	0	0	14
2013/09/14-10:30:55	51	1,466.342	64.849	3	0	0	0	0	0	1	1	0	0	1	19
2013/09/14-10:31:51	51	1,466.342	64.849	0	0	1	0	0	0	0	1	0	0	1	16
2013/09/14-10:51:40	51	1,476.851	63.233	5	0	0	1	0	0	1	1	0	0	1	14
2013/09/14-10:52:51	51	1,476.851	63.233	3	0	0	0	0	0	1	1	0	0	1	10
2013/09/14-10:53:33	51	1,476.851	63.233	13	0	1	1	0	0	0	1	0	0	1	55
2013/09/14-10:54:51	51	1,476.851	63.233	9	0	1	3	0	0	0	1	0	0	1	41
2013/09/14-10:55:51	51	1,476.851	63.233	10	0	1	2	0	0	0	1	0	0	1	22
2013/09/14-11:07:10	51	1,476.851	63.233	10	0	1	1	0	0	0	1	0	0	1	28
2013/09/14-11:08:09	51	1,476.851	63.233	8	0	0	3	0	0	1	1	0	0	1	21
2013/09/14-11:09:24	51	1,476.851	63.233	9	0	1	1	0	0	0	1	0	0	1	32
2013/09/14-11:10:26	51	1,476.851	63.233	9	0	0	1	0	0	0	1	1	0	0	20
2013/09/14-11:11:05	51	1,476.851	63.233	6	0	0	0	0	0	1	1	0	0	1	21
2013/09/14-14:34:23	49	1,520.151	65.681	7	0	0	0	0	0	1	1	0	0	1	25
2013/09/14-14:35:29	49	1,520.151	65.681	12	0	0	1	0	0	1	1	0	0	1	20
2013/09/14-14:36:08	49	1,520.151	65.681	10	0	0	1	0	0	1	1	0	0	1	30
2013/09/14-14:37:11	49	1,520.151	65.681	5	0	1	0	0	0	0	1	0	0	1	25
2013/09/14-14:38:07	49	1,520.151	65.681	4	0	0	0	0	0	1	1	0	0	1	13
2013/09/14-14:44:00	49	1,520.151	65.681	14	0	0	2	1	0	0	1	1	0	0	34
2013/09/14-14:44:53	49	1,520.151	65.681	0	0	0	0	0	0	0	1	0	0	1	60
2013/09/14-14:46:12	49	1,520.151	65.681	10	0	0	0	1	0	0	1	1	0	0	30
2013/09/14-14:47:01	49	1,520.151	65.681	4	0	0	0	0	0	1	1	0	0	1	28
2013/09/14-14:47:57	49	1,520.151	65.681	0	0	1	0	0	0	0	1	0	0	1	53
2013/09/14-15:09:47	49	1,512.879	61.792	14	0	0	5	0	0	0	1	1	0	0	60
2013/09/14-15:11:06	49	1,512.879	61.792	10	0	0	1	0	0	1	1	0	0	1	36
2013/09/14-15:12:01	49	1,512.879	61.792	6	0	0	0	0	0	1	1	0	0	1	14
2013/09/14-15:13:20	49	1,512.879	61.792	4	0	0	0	0	0	1	1	0	0	1	12
2013/09/14-15:14:39	49	1,512.879	61.792	13	0	0	2	1	0	1	1	0	0	1	58
2013/09/14-18:22:38	49	1,505.326	62.985	19	0	0	2	1	0	0	1	1	0	0	60
2013/09/14-18:23:56	49	1,505.326	62.985	9	0	0	1	0	0	1	1	0	0	1	18
2013/09/14-18:25:15	49	1,505.326	62.985	2	0	0	0	0	0	1	1	0	0	1	5
2013/09/14-18:26:34	49	1,505.326	62.985	16	0	0	4	0	0	1	1	0	0	1	45
2013/09/14-18:27:47	49	1,505.326	62.985	3	0	0	0	0	0	1	1	0	0	1	8
2013/09/14-18:39:34	49	1,520.051	61.07	3	0	1	0	0	0	0	1	0	0	1	34
2013/09/14-18:40:53	49	1,520.051	61.07	5	0	0	1	0	0	1	1	0	0	1	11
2013/09/14-18:42:05	49	1,520.051	61.07	15	0	0	0	0	0	0	1	0	0	1	60
2013/09/14-18:43:24	49	1,520.051	61.07	13	0	0	1	0	0	1	1	0	0	1	30
2013/09/14-18:44:42	49	1,520.051	61.07	2	0	0	0	0	0	1	1	0	0	1	17
2013/09/14-19:01:45	49	1,520.051	61.07	16	0	0	1	0	0	1	1	0	0	1	60
2013/09/14-19:03:04	49	1,520.051	61.07	9	0	0	1	1	0	1	1	0	0	1	34
2013/09/14-19:03:56	49	1,520.051	61.07	0	0	1	0	0	0	0	1	0	0	1	23
2013/09/14-19:04:38	49	1,520.051	61.07	5	0	1	0	0	0	0	1	0	0	1	46
2013/09/14-19:05:45	49	1,520.051	61.07	5	0	0	1	0	0	1	1	0	0	1	24
2013/09/14-23:33:58	46	1,554.269	65.461	3	0	1	1	0	0	0	1	0	0	1	48
2013/09/14-23:35:05	46	1,554.269	65.461	1	0	1	1	0	0	0	1	0	0	1	43
2013/09/14-23:36:07	46	1,554.269	65.461	10	0	0	0	0	0	1	1	0	0	1	57
2013/09/14-23:37:26	46	1,554.269	65.461	3	0	0	0	0	0	1	1	0	0	1	17
2013/09/14-23:38:36	46	1,554.269	65.461	25	0	0	2	0	0	1	1	0	0	1	59
2013/09/14-23:43:58	46	1,554.269	65.461	4	0	0	0	0	0	0	1	1	0	0	60
2013/09/14-23:45:17	46	1,554.269	65.461	6	0	0	0	0	0	0	1	1	0	0	60
2013/09/14-23:46:36	46	1,554.269	65.461	6	0	0	2	0	0	0	1	1	0	0	60
2013/09/14-23:47:55	46	1,554.269	65.461	4	0	0	0	0	0	0	1	1	0	0	25
2013/09/14-23:48:39	46	1,554.269	65.461	2	0	0	0	0	0	1	1	0	0	1	4
2013/09/15-00:03:50	46	1,572.725	62.115	10	0	1	1	0	0	0	1	0	0	1	42
2013/09/15-00:04:51	46	1,572.725	62.115	8	0	1	1	0	0	0	1	0	0	1	50
2013/09/15-00:06:00	46	1,572.725	62.115	9	0	0	0	0	0	0	1	1	0	0	46
2013/09/15-00:07:05	46	1,572.725	62.115	16	0	1	3	0	0	0	1	0	0	1	43
2013/09/15-00:08:06	46	1,572.725	62.115	2	0	0	0	0	0	1	1	0	0	1	13
2013/09/15-11:01:36	45	1,584.379	63.841	9	0	0	3	0	0	0	1	0	0	1	60
2013/09/15-11:02:55	45	1,584.379	63.841	21	0	1	2	0	0	0	1	0	0	1	36
2013/09/15-11:03:50	45	1,584.379	63.841	10	0	0	2	0	0	1	1	0	0	1	25
2013/09/15-11:05:09	45	1,584.379	63.841	9	0	1	1	0	0	0	1	0	0	1	23
2013/09/15-11:06:27	45	1,584.379	63.841	4	0	0	0	0	0	1	1	0	0	1	14
2013/09/15-11:18:03	45	1,599.926	61.76	0	0	1	0	0	0	0	1	0	0	1	6
2013/09/15-11:18:59	45	1,599.926	61.76	7	0	0	2	0	0	1	1	0	0	1	23
2013/09/15-11:20:18	45	1,599.926	61.76	4	0	0	0	0	0	1	1	0	0	1	24
2013/09/15-11:21:17	45	1,599.926	61.76	5	0	0	1	0	0	1	1	0	0	1	10
2013/09/15-11:22:14	45	1,599.926	61.76	4	0	0	0	0	0	1	1	0	0	1	25
2013/09/15-11:40:28	45	1,599.926	61.76	15	0	0	2	0	0	1	1	0	0	1	57
2013/09/15-11:41:44	45	1,599.926	61.76	6	0	1	0	0	0	0	1	0	0	1	17
2013/09/15-11:42:59	45	1,599.926	61.76	4	0	0	1	1	0	0	1	1	0	0	33
2013/09/15-11:43:51	45	1,599.926	61.76	2	0	0	0	0	0	1	1	0	0	1	3
2013/09/15-11:44:43	45	1,599.926	61.76	11	0	0	1	0	0	0	1	1	0	0	52
2013/09/15-13:05:46	46	1,585.414	56.476	10	0	0	5	1	0	0	1	1	0	0	52
2013/09/15-13:06:58	46	1,585.414	56.476	12	0	0	3	0	0	1	1	0	0	1	59
2013/09/15-13:08:16	46	1,585.414	56.476	12	0	0	1	0	0	0	1	1	0	0	60
2013/09/15-13:09:35	46	1,585.414	56.476	3	0	1	0	0	0	0	1	0	0	1	14
2013/09/15-13:10:17	46	1,585.414	56.476	0	0	0	0	0	0	0	1	0	0	1	60
2013/09/15-13:26:04	46	1,585.414	56.476	11	0	0	0	2	0	0	1	1	0	0	60
2013/09/15-13:27:23	46	1,585.414	56.476	6	0	1	0	0	0	0	1	0	0	1	45
2013/09/15-13:28:42	46	1,585.414	56.476	4	0	0	2	0	0	0	1	1	0	0	60
2013/09/15-13:30:01	46	1,585.414	56.476	8	0	0	0	0	0	1	1	0	0	1	36
2013/09/15-13:31:16	46	1,585.414	56.476	23	0	0	1	1	0	0	1	1	0	0	60
2013/09/15-13:54:16	44	1,607.959	52.071	12	0	0	1	2	0	1	1	0	0	1	32
2013/09/15-13:55:06	44	1,607.959	52.071	5	0	0	1	1	0	0	1	1	0	0	21
2013/09/15-13:55:46	44	1,607.959	52.071	4	0	0	0	0	0	1	1	0	0	1	30
2013/09/15-13:57:05	44	1,607.959	52.071	4	0	0	0	1	0	1	1	0	0	1	16
2013/09/15-13:57:55	44	1,607.959	52.071	3	0	0	0	0	0	0	1	0	0	1	60
2013/09/15-19:30:21	43	1,619.077	59.016	6	0	0	1	0	0	0	1	1	0	0	14
2013/09/15-19:30:54	43	1,619.077	59.016	7	0	0	0	0	0	1	1	0	0	1	21
2013/09/15-19:31:34	43	1,619.077	59.016	8	0	0	2	1	0	0	1	1	0	0	49
2013/09/15-19:32:41	43	1,619.077	59.016	12	0	0	1	0	0	0	1	1	0	0	31
2013/09/15-19:33:31	43	1,619.077	59.016	0	0	1	0	0	0	0	1	0	0	1	13
2013/09/15-20:00:48	36	1,644.428	56.15	7	0	0	1	0	0	1	1	0	0	1	28
2013/09/15-20:01:51	36	1,644.428	56.15	2	0	0	0	0	0	1	1	0	0	1	5
2013/09/15-20:03:10	36	1,644.428	56.15	2	0	1	0	0	0	0	1	0	0	1	36
2013/09/15-20:04:16	36	1,644.428	56.15	2	0	0	0	0	0	1	1	0	0	1	3
2013/09/15-20:05:08	36	1,644.428	56.15	17	0	1	2	2	0	0	1	0	0	1	44
2013/09/15-20:23:16	36	1,644.428	56.15	15	0	0	2	1	0	0	1	1	0	0	60
2013/09/15-20:24:35	36	1,644.428	56.15	11	0	0	2	0	0	1	1	0	0	1	24
2013/09/15-20:25:24	36	1,644.428	56.15	0	0	0	0	0	0	0	1	1	0	0	36
2013/09/15-20:26:20	36	1,644.428	56.15	7	0	0	1	0	0	1	1	0	0	1	12
2013/09/15-20:26:54	40	1,624.359	52.131	3	0	1	1	0	0	0	1	0	0	1	33
2013/09/16-01:47:40	39	1,625.54	60.796	8	0	0	0	0	0	1	1	0	0	1	48
2013/09/16-01:48:55	39	1,625.54	60.796	5	0	1	1	0	0	0	1	0	0	1	28
2013/09/16-01:50:12	39	1,625.54	60.796	8	0	0	1	0	0	0	1	1	0	0	60
2013/09/16-01:51:31	39	1,625.54	60.796	10	0	0	1	0	0	1	1	0	0	1	25
2013/09/16-01:52:45	39	1,625.54	60.796	8	0	0	0	0	0	1	1	0	0	1	30
2013/09/16-07:32:02	39	1,625.54	60.796	2	0	0	0	0	0	1	1	0	0	1	19
2013/09/16-07:33:21	39	1,625.54	60.796	1	0	0	0	0	0	0	1	0	0	1	60
2013/09/16-07:34:40	39	1,625.54	60.796	13	0	0	2	0	0	0	1	0	0	1	60
2013/09/16-07:35:59	39	1,625.54	60.796	11	0	0	0	0	0	1	1	0	0	1	25
2013/09/16-07:36:53	39	1,625.54	60.796	7	0	0	0	0	0	1	1	0	0	1	45
2013/09/16-20:07:37	42	1,594.801	55.505	3	0	0	1	0	0	1	1	0	0	1	13
2013/09/16-20:08:53	42	1,594.801	55.505	7	0	0	0	0	0	0	1	0	0	1	60
2013/09/16-20:10:12	42	1,594.801	55.505	10	0	0	2	0	0	1	1	0	0	1	54
2013/09/16-20:11:31	42	1,594.801	55.505	19	0	0	1	0	0	1	1	0	0	1	53
2013/09/16-20:12:49	42	1,594.801	55.505	0	0	1	0	0	0	0	1	0	0	1	13
2013/09/17-07:57:06	46	1,574.051	60.702	1	0	0	0	1	0	1	1	0	0	1	4
2013/09/17-07:57:35	46	1,574.051	60.702	1	0	0	0	1	0	1	1	0	0	1	1
2013/09/17-08:11:34	46	1,574.051	60.702	1	0	0	0	1	0	1	1	0	0	1	5
2013/09/17-08:11:58	47	1,569.371	58.754	5	0	0	0	0	0	1	1	0	0	1	20
2013/09/17-08:12:37	47	1,569.371	58.754	3	0	0	0	0	0	1	1	0	0	1	13
2013/09/17-08:13:23	47	1,569.371	58.754	30	0	0	0	2	0	0	1	1	0	0	60
2013/09/17-08:14:50	47	1,569.371	58.754	27	0	0	0	1	0	1	1	0	0	1	58
2013/09/17-08:16:10	47	1,569.371	58.754	1	0	0	0	0	0	1	1	0	0	1	4
2013/09/17-08:17:32	47	1,569.371	58.754	2	0	0	0	0	0	0	1	1	0	0	5
2013/09/17-08:17:57	47	1,569.371	58.754	2	0	0	0	2	0	0	1	1	0	0	10
2013/09/17-08:34:40	47	1,569.371	58.754	3	0	0	0	0	0	1	1	0	0	1	14
2013/09/17-08:35:20	47	1,569.371	58.754	29	0	0	0	2	0	1	1	0	0	1	47
2013/09/17-08:36:25	47	1,569.371	58.754	19	0	0	0	1	0	0	1	1	0	0	44
2013/09/17-08:37:28	47	1,569.371	58.754	7	0	0	1	1	0	1	1	0	0	1	18
2013/09/17-08:38:37	47	1,569.371	58.754	2	0	0	0	0	0	1	1	0	0	1	11
2013/09/18-00:08:12	46	1,577.861	60.709	4	0	0	0	0	0	1	1	0	0	1	8
2013/09/18-00:09:31	46	1,577.861	60.709	6	0	0	0	0	0	0	1	0	0	1	60
2013/09/18-00:10:50	46	1,577.861	60.709	1	0	0	0	0	0	1	1	0	0	1	6
2013/09/18-00:11:15	46	1,577.861	60.709	4	0	1	0	1	0	0	1	0	0	1	7
2013/09/18-00:11:45	46	1,577.861	60.709	6	0	1	0	0	0	0	1	0	0	1	32
2013/09/18-00:19:23	46	1,570.452	57.587	5	0	0	1	0	0	1	1	0	0	1	33
2013/09/18-00:20:41	46	1,570.452	57.587	5	0	0	0	0	0	0	1	1	0	0	15
2013/09/18-00:21:15	46	1,570.452	57.587	17	0	1	0	1	0	0	1	0	0	1	26
2013/09/18-00:22:00	46	1,570.452	57.587	11	0	0	0	2	0	0	1	1	0	0	26
2013/09/18-00:22:45	46	1,570.452	57.587	1	0	0	0	1	0	1	1	0	0	1	3
2013/09/18-00:35:00	46	1,570.452	57.587	1	0	0	0	0	0	1	1	0	0	1	3
2013/09/18-00:36:19	46	1,570.452	57.587	0	0	1	0	0	0	0	1	0	0	1	13
2013/09/18-00:37:33	46	1,570.452	57.587	5	0	0	0	1	0	1	1	0	0	1	13
2013/09/18-00:38:35	46	1,570.452	57.587	1	0	0	0	0	0	1	1	0	0	1	3
2013/09/18-00:39:54	46	1,570.452	57.587	1	0	1	0	0	0	0	1	0	0	1	3
2013/09/18-11:32:33	49	1,546.427	56.796	0	0	0	0	0	0	0	1	1	0	0	26
2013/09/18-11:33:18	49	1,546.427	56.796	1	0	1	0	0	0	0	1	0	0	1	3
2013/09/18-11:33:46	49	1,546.427	56.796	1	0	0	0	1	0	1	1	0	0	1	3
2013/09/18-11:34:08	49	1,546.427	56.796	2	0	0	0	0	0	1	1	0	0	1	7
2013/09/18-11:34:49	49	1,546.427	56.796	4	0	0	0	0	0	1	1	0	0	1	13
2013/09/18-11:39:03	49	1,546.427	56.796	3	0	1	0	0	0	0	1	0	0	1	18
2013/09/18-11:39:39	49	1,546.427	56.796	4	0	0	0	0	0	1	1	0	0	1	17
2013/09/18-11:40:21	49	1,546.427	56.796	3	0	0	0	0	0	1	1	0	0	1	8
2013/09/18-11:40:48	49	1,546.427	56.796	8	0	0	0	0	0	1	1	0	0	1	59
2013/09/18-11:42:06	49	1,546.427	56.796	2	0	0	0	0	0	1	1	0	0	1	9
2013/09/18-11:55:33	51	1,508.517	54.755	13	0	0	2	1	0	1	1	0	0	1	36
2013/09/18-11:56:28	51	1,508.517	54.755	1	0	0	0	0	0	1	1	0	0	1	4
2013/09/18-11:56:50	51	1,508.517	54.755	3	0	0	1	0	0	1	1	0	0	1	15
2013/09/18-11:57:25	51	1,508.517	54.755	1	0	0	0	0	0	1	1	0	0	1	6
2013/09/18-11:57:55	51	1,508.517	54.755	3	0	1	0	1	0	0	1	0	0	1	10
2013/09/18-14:11:13	51	1,503.64	57.473	6	0	0	1	0	0	1	1	0	0	1	25
2013/09/18-14:11:58	51	1,503.64	57.473	2	0	0	0	1	0	0	1	1	0	0	60
2013/09/18-14:13:17	51	1,503.64	57.473	15	0	0	0	2	0	0	1	1	0	0	36
2013/09/18-14:14:11	51	1,503.64	57.473	1	0	0	1	0	0	0	1	1	0	0	60
2013/09/18-14:15:30	51	1,503.64	57.473	1	0	0	0	0	0	1	1	0	0	1	3
2013/09/18-14:33:18	51	1,503.64	57.473	1	0	0	0	1	0	1	1	0	0	1	3
2013/09/18-14:33:40	51	1,503.64	57.473	11	0	0	0	1	0	1	1	0	0	1	31
2013/09/18-14:34:31	51	1,503.64	57.473	4	0	1	0	0	0	0	1	0	0	1	18
2013/09/18-14:35:09	51	1,503.64	57.473	2	0	1	0	0	0	0	1	0	0	1	12
2013/09/18-14:35:40	48	1,548.977	53.528	10	0	0	1	0	0	1	1	0	0	1	57
2013/09/18-14:55:35	48	1,548.977	53.528	1	0	1	0	0	0	0	1	0	0	1	2
2013/09/18-14:56:05	48	1,548.977	53.528	2	0	0	0	0	0	1	1	0	0	1	7
2013/09/18-14:56:59	48	1,548.977	53.528	0	0	1	0	0	0	0	1	0	0	1	2
2013/09/18-14:57:59	48	1,548.977	53.528	2	0	0	0	0	0	1	1	0	0	1	1
2013/09/18-15:00:52	48	1,548.977	53.528	1	0	1	0	0	0	0	1	0	0	1	3
2013/09/18-19:09:13	47	1,536.979	60.806	3	0	1	0	1	0	0	1	0	0	1	4
2013/09/18-19:09:38	47	1,536.979	60.806	2	0	0	0	2	0	0	1	1	0	0	7
2013/09/18-19:10:04	47	1,536.979	60.806	4	0	1	0	0	0	0	1	0	0	1	12
2013/09/18-19:10:35	47	1,536.979	60.806	9	0	0	0	0	0	1	1	0	0	1	16
2013/09/18-19:11:50	47	1,536.979	60.806	8	0	0	0	1	0	1	1	0	0	1	29
2013/09/19-12:13:11	45	1,558.563	73.259	5	0	0	0	0	0	1	1	0	0	1	25
2013/09/19-12:13:55	45	1,558.563	73.259	2	0	0	0	0	0	1	1	0	0	1	6
2013/09/19-12:15:14	45	1,558.563	73.259	23	0	0	0	1	0	1	1	0	0	1	41
2013/09/19-12:16:33	45	1,558.563	73.259	1	0	0	0	0	0	1	1	0	0	1	3
2013/09/19-12:17:19	45	1,558.563	73.259	11	0	1	0	0	0	0	1	0	0	1	35
2013/09/19-13:59:51	45	1,552.06	69.502	4	0	0	0	0	0	1	1	0	0	1	22
2013/09/19-14:00:32	45	1,552.06	69.502	1	0	0	0	0	0	1	1	0	0	1	3
2013/09/19-14:00:57	45	1,552.06	69.502	5	0	0	0	1	0	1	1	0	0	1	17
2013/09/19-14:01:33	45	1,552.06	69.502	5	0	0	0	2	0	0	1	1	0	0	8
2013/09/19-14:02:00	45	1,552.06	69.502	2	0	0	0	0	0	1	1	0	0	1	8
2013/09/19-14:14:45	45	1,552.06	69.502	12	0	0	4	1	0	1	1	0	0	1	49
2013/09/19-14:16:04	45	1,552.06	69.502	4	0	0	0	3	0	0	1	1	0	0	15
2013/09/19-14:16:39	45	1,552.06	69.502	4	0	0	0	0	0	1	1	0	0	1	10
2013/09/19-14:17:40	45	1,552.06	69.502	7	0	0	0	1	0	1	1	0	0	1	13
2013/09/19-14:18:59	45	1,552.06	69.502	8	0	0	0	2	0	0	1	1	0	0	6
2013/09/19-18:01:42	46	1,543.402	71.122	4	0	0	0	0	0	1	1	0	0	1	13
2013/09/19-18:02:49	46	1,543.402	71.122	1	0	0	0	0	0	1	1	0	0	1	3
2013/09/19-18:03:33	46	1,543.402	71.122	5	0	0	0	0	0	1	1	0	0	1	19
2013/09/19-18:04:36	46	1,543.402	71.122	0	0	1	0	0	0	0	1	0	0	1	6
2013/09/19-18:05:01	46	1,543.402	71.122	8	0	0	3	1	0	1	1	0	0	1	22
2013/09/19-18:09:54	46	1,543.402	71.122	2	0	0	0	0	0	1	1	0	0	1	8
2013/09/19-18:10:25	46	1,543.402	71.122	9	0	0	2	0	0	1	1	0	0	1	30
2013/09/19-18:11:44	46	1,543.402	71.122	1	0	0	0	0	0	1	1	0	0	1	4
2013/09/19-18:12:57	46	1,543.402	71.122	19	0	0	4	1	0	1	1	0	0	1	40
2013/09/19-18:14:16	46	1,543.402	71.122	10	0	0	0	1	0	1	1	0	0	1	42
2013/09/19-18:31:08	46	1,543.402	71.122	1	0	0	0	1	0	1	1	0	0	1	3
2013/09/19-18:31:33	46	1,543.402	71.122	5	0	0	1	0	0	0	1	1	0	0	6
2013/09/19-18:31:58	46	1,543.402	71.122	2	0	0	0	0	0	0	1	1	0	0	6
2013/09/19-18:32:23	46	1,543.402	71.122	2	0	0	0	0	0	1	1	0	0	1	8
2013/09/19-18:32:51	46	1,543.402	71.122	5	0	0	0	1	0	1	1	0	0	1	4
2013/09/19-23:45:27	55	1,464.488	73.504	2	0	0	0	2	0	0	1	1	0	0	7
2013/09/19-23:45:54	55	1,464.488	73.504	1	0	0	0	0	0	1	1	0	0	1	4
2013/09/19-23:46:58	55	1,464.488	73.504	2	0	0	0	0	0	1	1	0	0	1	4
2013/09/19-23:47:31	55	1,464.488	73.504	3	0	0	0	0	0	1	1	0	0	1	11
2013/09/19-23:48:50	55	1,464.488	73.504	22	0	0	0	1	0	1	1	0	0	1	59
2013/09/19-23:53:34	55	1,464.488	73.504	1	0	0	0	0	0	1	1	0	0	1	4
2013/09/19-23:53:59	55	1,464.488	73.504	7	0	0	1	1	0	0	1	1	0	0	60
2013/09/19-23:55:18	55	1,464.488	73.504	1	0	0	0	1	0	1	1	0	0	1	3
2013/09/19-23:55:43	55	1,464.488	73.504	4	0	0	0	1	0	0	1	1	0	0	15
2013/09/19-23:56:17	55	1,464.488	73.504	3	0	0	0	1	0	1	1	0	0	1	13
2013/09/20-00:09:29	55	1,449.951	68.441	5	0	0	0	2	0	1	1	0	0	1	17
2013/09/20-00:10:05	55	1,449.951	68.441	9	0	0	0	1	0	0	1	1	0	0	25
2013/09/20-00:10:49	55	1,449.951	68.441	2	0	0	0	0	0	0	1	1	0	0	5
2013/09/20-00:11:13	55	1,449.951	68.441	1	0	0	0	0	0	1	1	0	0	1	4
2013/09/20-00:12:03	55	1,449.951	68.441	1	0	0	0	0	0	1	1	0	0	1	3
2013/09/20-03:40:50	53	1,472.384	71.679	9	0	0	0	1	0	1	1	0	0	1	31
2013/09/20-03:41:40	53	1,472.384	71.679	16	0	0	3	0	0	1	1	0	0	1	56
2013/09/20-03:42:55	53	1,472.384	71.679	1	0	0	0	2	0	1	1	0	0	1	3
2013/09/20-03:43:18	53	1,472.384	71.679	1	0	0	0	0	0	1	1	0	0	1	4
2013/09/20-03:44:37	53	1,472.384	71.679	10	0	1	0	0	0	0	1	0	0	1	47
2013/09/20-03:50:06	53	1,468.869	68.099	2	0	0	0	0	0	1	1	0	0	1	7
2013/09/20-03:50:53	53	1,468.869	68.099	1	0	0	0	0	0	1	1	0	0	1	4
2013/09/20-03:51:59	53	1,468.869	68.099	1	0	0	0	0	0	1	1	0	0	1	8
2013/09/20-03:53:13	53	1,468.869	68.099	1	0	0	0	1	0	0	1	1	0	0	6
2013/09/20-03:53:38	53	1,468.869	68.099	3	0	0	0	0	0	1	1	0	0	1	36
2013/09/20-04:08:23	53	1,468.869	68.099	1	0	1	0	0	0	0	1	0	0	1	3
2013/09/20-04:08:46	53	1,468.869	68.099	1	0	1	0	0	0	0	1	0	0	1	9
2013/09/20-04:09:15	53	1,468.869	68.099	7	0	0	0	2	0	1	1	0	0	1	18
2013/09/20-04:09:52	53	1,468.869	68.099	2	0	0	0	0	0	1	1	0	0	1	5
2013/09/20-04:10:18	53	1,468.869	68.099	1	0	0	0	0	0	1	1	0	0	1	3
2013/09/20-07:42:45	52	1,461.538	69.802	14	0	1	0	1	0	0	1	0	0	1	49
2013/09/20-07:43:53	52	1,461.538	69.802	7	0	0	1	0	0	1	1	0	0	1	30
2013/09/20-07:45:12	52	1,461.538	69.802	2	0	0	0	0	0	1	1	0	0	1	6
2013/09/20-07:46:15	52	1,461.538	69.802	2	0	0	0	0	0	1	1	0	0	1	6
2013/09/20-07:47:34	55	1,447.486	66.422	1	0	1	0	0	0	0	1	0	0	1	7
2013/09/20-07:58:23	55	1,447.486	66.422	1	0	0	0	0	0	1	1	0	0	1	4
2013/09/20-07:58:50	55	1,447.486	66.422	1	0	0	0	0	0	1	1	0	0	1	3
2013/09/20-07:59:13	55	1,447.486	66.422	1	0	1	0	0	0	0	1	0	0	1	3
2013/09/20-07:59:53	55	1,447.486	66.422	6	0	1	0	0	0	0	1	0	0	1	23
2013/09/20-08:00:35	55	1,447.486	66.422	6	0	0	1	0	0	0	1	1	0	0	37
2013/09/20-08:16:00	55	1,447.486	66.422	2	0	0	0	1	0	0	1	1	0	0	6
2013/09/20-08:16:25	55	1,447.486	66.422	2	0	0	0	1	0	0	1	1	0	0	7
2013/09/20-08:16:51	55	1,447.486	66.422	1	0	0	0	1	0	1	1	0	0	1	3
2013/09/20-08:17:14	55	1,447.486	66.422	1	0	1	0	1	0	0	1	0	0	1	4
2013/09/20-08:17:37	55	1,447.486	66.422	4	0	0	0	0	0	0	1	1	0	0	6
2013/09/20-12:54:03	58	1,419.916	72.685	14	0	0	0	1	0	1	1	0	0	1	60
2013/09/20-12:55:22	58	1,419.916	72.685	5	0	1	0	1	0	0	1	0	0	1	11
2013/09/20-12:55:52	58	1,419.916	72.685	16	0	0	0	2	0	1	1	1	0	0	10
2013/09/20-14:54:25	58	1,419.916	72.685	2	0	1	0	0	0	0	1	0	0	1	8
2013/09/20-14:55:37	58	1,419.916	72.685	6	0	0	1	0	0	1	1	0	0	1	19
2013/09/20-14:59:17	58	1,419.916	72.685	0	0	0	0	0	0	0	1	0	0	1	60
2013/09/20-15:00:36	58	1,419.916	72.685	22	0	0	0	2	0	0	1	1	0	0	35
2013/09/20-15:01:30	58	1,419.916	72.685	2	0	0	0	2	0	0	1	1	0	0	6
2013/09/20-15:01:55	58	1,419.916	72.685	9	0	1	0	1	0	0	1	0	0	1	18
2013/09/20-15:02:32	58	1,419.916	72.685	3	0	0	0	0	0	1	1	0	0	1	10
2013/09/20-15:16:14	54	1,473.577	66.455	1	0	0	0	0	0	1	1	0	0	1	3
2013/09/20-15:17:21	54	1,473.577	66.455	1	0	1	0	0	0	0	1	0	0	1	6
2013/09/20-15:17:46	54	1,473.577	66.455	8	0	1	0	1	0	0	1	0	0	1	27
2013/09/20-15:18:32	54	1,473.577	66.455	10	0	0	2	1	0	0	1	1	0	0	37
2013/09/20-15:19:28	54	1,473.577	66.455	4	0	1	0	0	0	0	1	0	0	1	10
2013/09/20-18:51:23	52	1,487.935	70.54	8	0	0	0	3	0	1	1	1	0	0	8
2013/09/20-18:51:50	52	1,487.935	70.54	1	0	1	0	1	0	0	1	0	0	1	5
2013/09/20-18:52:16	52	1,487.935	70.54	6	0	0	0	0	0	1	1	0	0	1	13
2013/09/20-18:53:05	52	1,487.935	70.54	7	0	0	0	0	0	1	1	0	0	1	15
2013/09/20-18:54:05	52	1,487.935	70.54	1	0	1	0	1	0	0	1	0	0	1	23
2013/09/20-19:10:20	51	1,492.614	67.235	3	0	0	0	0	0	0	1	1	0	0	54
2013/09/20-19:11:33	51	1,492.614	67.235	9	0	0	3	0	0	1	1	0	0	1	32
2013/09/20-19:12:43	51	1,492.614	67.235	1	0	0	0	0	0	1	1	0	0	1	4
2013/09/20-19:14:02	51	1,492.614	67.235	3	0	0	0	1	0	0	1	1	0	0	6
2013/09/20-19:14:27	51	1,492.614	67.235	1	0	0	0	0	0	0	1	1	0	0	4
2013/09/20-19:29:43	51	1,492.614	67.235	4	0	0	0	0	0	0	1	1	0	0	26
2013/09/20-19:30:29	51	1,492.614	67.235	1	0	0	0	0	0	1	1	0	0	1	5
2013/09/20-19:31:13	51	1,492.614	67.235	3	0	0	0	0	0	1	1	0	0	1	13
2013/09/20-19:31:45	51	1,492.614	67.235	4	0	0	0	1	0	0	1	1	0	0	17
2013/09/20-19:32:23	51	1,492.614	67.235	4	0	0	0	0	0	0	1	1	0	0	22
2013/12/27-11:58:20	48	1,584.451	90.055	4	0	0	3	0	0	1	1	0	0	1	17
2013/12/27-11:59:15	49	1,579.782	87.875	6	0	0	0	2	0	1	1	0	0	1	23
2013/12/27-11:59:57	49	1,579.782	87.875	31	0	0	0	2	0	0	1	1	0	0	60
2013/12/27-12:01:16	49	1,579.782	87.875	19	0	0	0	1	0	0	1	1	0	0	46
2013/12/27-12:02:30	49	1,579.782	87.875	2	0	1	0	1	0	0	1	0	0	1	6
2013/12/27-12:15:44	49	1,579.782	87.875	4	0	0	0	0	0	1	1	0	0	1	14
2013/12/27-12:16:28	49	1,579.782	87.875	1	0	1	0	0	0	0	1	0	0	1	3
2013/12/27-12:16:50	49	1,579.782	87.875	1	0	0	0	0	0	1	1	0	0	1	3
2013/12/27-12:18:09	49	1,579.782	87.875	3	0	1	0	0	0	0	1	0	0	1	10
2013/12/27-12:18:41	49	1,579.782	87.875	2	0	0	0	0	0	1	1	0	0	1	10
2013/12/27-12:33:14	49	1,579.782	87.875	1	0	1	0	0	0	0	1	0	0	1	7
2013/12/27-12:34:33	49	1,579.782	87.875	12	0	0	0	0	0	1	1	0	0	1	24
2013/12/27-12:35:52	49	1,569.203	75.76	5	0	0	0	0	0	1	1	0	0	1	32
2013/12/27-12:37:02	49	1,569.203	75.76	1	0	0	0	1	0	1	1	0	0	1	3
2013/12/27-12:37:24	49	1,569.203	75.76	7	0	0	0	0	0	1	1	0	0	1	13
2013/12/27-12:42:44	49	1,569.203	75.76	1	0	1	0	0	0	0	1	0	0	1	3
2013/12/27-12:43:10	49	1,569.203	75.76	1	0	1	0	0	0	0	1	0	0	1	3
2013/12/27-12:43:38	49	1,569.203	75.76	1	0	1	0	0	0	0	1	0	0	1	3
2013/12/27-12:44:17	49	1,569.203	75.76	11	0	0	0	1	0	0	1	1	0	0	26
2013/12/27-12:45:02	49	1,569.203	75.76	2	0	0	0	0	0	1	1	0	0	1	7
2013/12/27-12:58:26	49	1,569.203	75.76	4	0	0	0	1	0	1	1	0	0	1	17
2013/12/27-12:59:35	49	1,569.203	75.76	7	0	0	1	0	0	1	1	0	0	1	35
2013/12/27-13:00:33	49	1,569.203	75.76	1	0	0	0	0	0	1	1	0	0	1	3
2013/12/27-13:00:58	49	1,569.203	75.76	9	0	0	0	0	0	0	1	1	0	0	60
2013/12/27-13:02:17	49	1,569.203	75.76	0	0	1	0	0	0	0	1	0	0	1	5
2013/12/27-13:13:13	60	1,502.052	65.894	6	0	0	0	3	0	0	1	1	0	0	16
2013/12/27-13:13:48	60	1,502.052	65.894	4	0	0	0	1	0	1	1	0	0	1	10
2013/12/27-13:14:21	60	1,502.052	65.894	1	0	1	0	0	0	0	1	0	0	1	3
2013/12/27-13:14:47	60	1,502.052	65.894	6	0	0	1	0	0	1	1	0	0	1	14
2013/12/27-13:15:36	60	1,502.052	65.894	1	0	0	0	0	0	1	1	0	0	1	3
