2013/09/02-21:51:42	43	1,500	352.012	14	0	0	4	0	0	0	1	1	0	0	60
2013/09/02-21:53:01	43	1,500	352.012	3	0	1	0	1	0	0	1	0	0	1	21
2013/09/02-21:54:15	43	1,500	352.012	6	0	0	1	1	0	0	1	1	0	0	22
2013/09/02-21:54:55	43	1,500	352.012	31	0	0	0	1	0	0	1	1	0	0	60
2013/09/02-21:56:14	43	1,500	352.012	14	0	0	0	0	0	0	1	1	0	0	32
2013/09/02-22:35:50	43	1,500	352.012	14	0	0	0	0	0	0	1	1	0	0	29
2013/09/02-22:36:38	43	1,500	352.012	2	0	0	0	0	0	1	1	0	0	1	9
2013/09/02-22:37:28	43	1,500	352.012	2	0	1	0	0	0	0	1	0	0	1	9
2013/09/02-22:38:17	20	1,869.335	268.606	15	0	0	1	0	0	0	1	1	0	0	60
2013/09/02-22:39:37	20	1,869.335	268.606	3	0	0	0	1	0	0	1	1	0	0	12
2013/09/02-22:53:52	20	1,869.335	268.606	6	0	0	1	1	0	0	1	1	0	0	19
2013/09/02-22:54:30	20	1,869.335	268.606	1	0	1	0	0	0	0	1	0	0	1	14
2013/09/02-22:55:02	20	1,869.335	268.606	22	0	0	3	0	0	0	1	1	0	0	60
2013/09/02-22:56:21	20	1,869.335	268.606	3	0	1	0	0	0	0	1	0	0	1	12
2013/09/02-22:56:53	20	1,869.335	268.606	22	0	0	15	1	0	0	1	1	0	0	60
2013/09/03-01:22:24	3	2,344.47	214.934	4	0	0	2	0	0	1	1	0	0	1	14
2013/09/03-01:23:11	3	2,344.47	214.934	1	0	1	0	0	0	0	1	0	0	1	5
2013/09/03-01:24:01	3	2,344.47	214.934	10	0	1	0	0	0	0	1	0	0	1	26
2013/09/03-01:24:46	3	2,344.47	214.934	11	0	1	0	0	0	0	1	0	0	1	14
2013/09/03-01:25:30	3	2,344.47	214.934	2	0	1	0	0	0	0	1	0	0	1	11
2013/09/03-07:06:33	3	2,344.47	214.934	35	0	1	0	0	0	0	1	0	0	1	40
2013/09/03-07:07:32	3	2,344.47	214.934	1	0	1	0	0	0	0	1	0	0	1	3
2013/09/03-07:07:58	27	1,718.244	175.987	10	0	0	4	1	0	0	1	1	0	0	43
2013/09/03-07:09:00	27	1,718.244	175.987	29	0	0	14	2	0	0	1	1	0	0	50
2013/09/03-07:10:09	27	1,718.244	175.987	16	0	0	5	1	0	0	1	1	0	0	43
2013/09/03-07:31:55	27	1,718.244	175.987	22	0	0	5	1	0	0	1	1	0	0	53
2013/09/03-07:33:07	27	1,718.244	175.987	3	0	1	0	1	0	0	1	0	0	1	10
2013/09/03-07:34:26	27	1,718.244	175.987	13	0	1	0	0	0	0	1	0	0	1	24
2013/09/03-07:35:09	27	1,718.244	175.987	0	0	1	0	0	0	0	1	0	0	1	6
2013/09/03-07:35:34	27	1,718.244	175.987	36	0	0	0	1	0	0	1	1	0	0	60
2013/09/03-17:00:20	2	2,281.846	150.934	10	0	0	0	0	0	0	1	1	0	0	60
2013/09/03-17:01:39	2	2,281.846	150.934	32	0	0	0	1	0	0	1	1	0	0	60
2013/09/03-17:02:58	2	2,281.846	150.934	18	0	0	2	1	0	0	1	1	0	0	50
2013/09/03-17:04:07	2	2,281.846	150.934	28	0	0	2	0	0	0	1	0	0	1	60
2013/09/03-17:05:25	2	2,281.846	150.934	11	0	0	11	0	0	1	1	0	0	1	37
2013/09/03-17:30:03	2	2,281.846	150.934	15	0	0	0	1	0	1	1	0	0	1	18
2013/09/03-17:30:40	1	2,308.83	128.195	15	0	0	0	1	0	0	1	1	0	0	60
2013/09/03-17:31:59	1	2,308.83	128.195	6	0	0	0	0	0	1	1	0	0	1	12
2013/09/03-17:33:02	1	2,308.83	128.195	15	0	0	2	2	0	0	1	1	0	0	34
2013/09/03-17:33:55	1	2,308.83	128.195	2	0	1	0	0	0	0	1	0	0	1	9
2013/09/03-17:51:24	1	2,308.83	128.195	1	0	1	0	0	0	0	1	0	0	1	12
2013/09/03-17:51:55	1	2,308.83	128.195	29	0	0	2	1	0	0	1	1	0	0	60
2013/09/03-17:53:14	1	2,308.83	128.195	33	0	1	11	0	0	0	1	0	0	1	47
2013/09/03-17:54:20	1	2,308.83	128.195	2	0	1	0	0	0	0	1	1	0	0	8
2013/09/03-17:54:47	1	2,308.83	128.195	1	0	1	0	0	0	0	1	0	0	1	6
2013/09/03-21:47:37	2	2,331.568	110.106	2	0	1	0	0	0	0	1	0	0	1	10
2013/09/03-21:48:44	2	2,331.568	110.106	27	0	0	0	0	0	1	1	0	0	1	31
2013/09/03-21:49:54	2	2,331.568	110.106	30	0	0	0	0	0	0	1	0	0	1	60
2013/09/03-21:51:13	2	2,331.568	110.106	1	0	0	0	0	0	0	1	1	0	0	7
2013/09/03-21:51:39	2	2,331.568	110.106	25	0	0	5	1	0	0	1	1	0	0	60
2013/09/03-22:13:25	2	2,278.992	99.442	25	0	0	0	0	0	0	1	0	0	1	60
2013/09/03-22:14:43	2	2,278.992	99.442	34	0	0	0	1	0	0	1	1	0	0	60
2013/09/03-22:16:02	2	2,278.992	99.442	12	0	0	7	0	0	1	1	0	0	1	34
2013/09/03-22:16:55	2	2,278.992	99.442	3	0	1	0	0	0	0	1	0	0	1	11
2013/09/03-22:17:37	2	2,278.992	99.442	17	0	0	3	0	0	0	1	1	0	0	60
2013/09/03-22:36:49	1	2,305.155	89.417	23	0	0	1	0	0	0	1	0	0	1	60
2013/09/03-22:38:08	1	2,305.155	89.417	1	0	1	0	0	0	0	1	0	0	1	6
2013/09/03-22:38:43	1	2,305.155	89.417	1	0	1	0	0	0	0	1	0	0	1	6
2013/09/03-22:40:02	1	2,305.155	89.417	25	0	0	1	0	0	0	1	1	0	0	60
2013/09/03-22:41:21	1	2,305.155	89.417	8	0	1	0	0	0	0	1	0	0	1	19
2013/09/04-17:25:12	3	2,242.936	86.311	9	0	0	0	2	0	0	1	1	0	0	33
2013/09/04-17:26:05	3	2,242.936	86.311	24	0	0	6	1	0	1	1	0	0	1	54
2013/09/04-17:27:17	3	2,242.936	86.311	9	0	0	0	0	0	1	1	0	0	1	14
2013/09/04-17:28:21	3	2,242.936	86.311	21	0	0	5	0	0	0	1	0	0	1	60
2013/09/04-17:29:40	3	2,242.936	86.311	32	0	0	0	2	0	1	1	1	0	0	27
2013/09/04-17:44:40	2	2,250.215	79.655	5	0	1	0	1	0	0	1	0	0	1	23
2013/09/04-17:45:22	2	2,250.215	79.655	0	0	1	0	0	0	0	1	0	0	1	3
2013/09/04-17:45:45	2	2,250.215	79.655	46	0	0	0	0	0	0	1	1	0	0	60
2013/09/04-17:47:03	2	2,250.215	79.655	32	0	0	3	0	0	0	1	1	0	0	60
2013/09/04-17:48:22	2	2,250.215	79.655	4	0	0	0	0	0	1	1	0	0	1	7
2013/09/04-18:02:54	2	2,250.215	79.655	11	0	1	0	2	0	0	1	0	0	1	16
2013/09/04-18:03:29	2	2,250.215	79.655	16	0	0	6	1	0	0	1	1	0	0	37
2013/09/04-18:04:24	2	2,250.215	79.655	2	0	0	0	0	0	1	1	0	0	1	6
2013/09/04-18:05:14	2	2,250.215	79.655	2	0	0	0	2	0	0	1	1	0	0	6
2013/09/04-18:05:39	2	2,250.215	79.655	13	0	0	0	1	0	0	1	1	0	0	21
2013/09/04-23:23:00	2	2,234.822	75.348	5	0	0	0	2	0	0	1	1	0	0	9
2013/09/04-23:23:28	2	2,234.822	75.348	6	0	0	22	1	0	0	1	1	0	0	21
2013/09/04-23:24:08	2	2,234.822	75.348	3	0	0	0	0	0	0	1	1	0	0	10
2013/09/04-23:24:36	2	2,234.822	75.348	9	0	0	0	1	0	0	1	1	0	0	24
2013/09/04-23:25:19	2	2,234.822	75.348	0	0	0	0	0	0	0	1	1	0	0	3
2013/09/04-23:37:38	2	2,235.645	75.419	8	0	0	0	2	0	0	1	1	0	0	29
2013/09/04-23:38:26	2	2,235.645	75.419	3	0	0	0	1	0	0	1	1	0	0	10
2013/09/04-23:38:55	2	2,235.645	75.419	24	0	0	5	2	0	0	1	1	0	0	50
2013/09/04-23:40:04	2	2,235.645	75.419	4	0	1	1	1	0	0	1	0	0	1	19
2013/09/04-23:40:41	2	2,235.645	75.419	18	0	0	0	1	0	0	1	1	0	0	60
2013/09/04-23:55:02	2	2,235.645	75.419	26	0	0	0	2	0	0	1	1	0	0	19
2013/09/04-23:55:40	2	2,235.645	75.419	7	0	1	0	1	0	0	1	0	0	1	13
2013/09/04-23:56:40	2	2,235.645	75.419	14	0	0	4	2	0	0	1	1	0	0	51
2013/09/04-23:57:50	2	2,235.645	75.419	3	0	0	0	1	0	0	1	1	0	0	12
2013/09/04-23:58:20	2	2,235.645	75.419	6	0	0	0	2	0	0	1	1	0	0	18
2013/09/05-00:04:19	2	2,235.645	75.419	2	0	1	0	0	0	0	1	0	0	1	9
2013/09/05-00:05:38	3	2,212.362	70.996	20	0	0	14	1	0	0	1	1	0	0	35
2013/09/05-00:06:31	3	2,212.362	70.996	21	0	0	4	1	0	0	1	1	0	0	54
2013/09/05-00:07:44	3	2,212.362	70.996	4	0	0	0	0	0	1	1	0	0	1	12
2013/09/05-00:08:23	3	2,212.362	70.996	46	0	0	0	1	0	1	1	0	0	1	45
2013/09/05-00:29:13	3	2,212.362	70.996	28	0	0	5	1	0	0	1	1	0	0	60
2013/09/05-00:30:32	3	2,212.362	70.996	15	0	0	0	0	0	0	1	0	0	1	60
2013/09/05-00:31:51	3	2,212.362	70.996	5	0	1	0	0	0	0	1	0	0	1	22
2013/09/05-00:32:32	3	2,212.362	70.996	2	0	0	0	1	0	1	1	0	0	1	10
2013/09/05-00:33:01	3	2,212.362	70.996	22	0	0	4	2	0	0	1	1	0	0	38
2013/09/05-00:51:28	1	2,234.222	64.069	26	0	0	1	0	0	0	1	1	0	0	60
2013/09/05-00:52:47	1	2,234.222	64.069	4	0	0	0	0	0	0	1	1	0	0	14
2013/09/05-00:53:21	1	2,234.222	64.069	14	0	0	7	1	0	0	1	1	0	0	26
2013/09/05-00:54:06	1	2,234.222	64.069	30	0	0	0	2	0	0	1	1	0	0	29
2013/09/05-00:54:54	1	2,234.222	64.069	6	0	0	0	1	0	0	1	1	0	0	12
2013/09/05-07:53:14	1	2,276.113	66.73	17	0	0	4	0	0	0	1	1	0	0	34
2013/09/05-07:54:08	1	2,276.113	66.73	23	0	0	1	1	0	0	1	1	0	0	47
2013/09/05-07:55:13	1	2,276.113	66.73	25	0	0	3	0	0	0	1	1	0	0	60
2013/09/05-07:56:32	1	2,276.113	66.73	6	0	0	0	0	0	1	1	0	0	1	16
2013/09/05-07:57:42	1	2,276.113	66.73	18	0	0	2	0	0	1	1	0	0	1	41
2013/09/05-08:28:22	1	2,286.474	63.219	26	0	0	3	0	0	0	1	1	0	0	60
2013/09/05-08:29:41	1	2,286.474	63.219	11	0	1	2	1	0	0	1	0	0	1	33
2013/09/05-08:30:32	1	2,286.474	63.219	20	0	0	4	2	0	0	1	1	0	0	48
2013/09/05-10:28:48	1	2,286.474	63.219	28	0	0	1	0	0	0	1	0	0	1	60
2013/09/05-10:30:46	1	2,286.474	63.219	15	0	0	2	1	0	1	1	0	0	1	41
2013/09/05-10:56:11	1	2,286.474	63.219	23	0	0	0	0	0	0	1	0	0	1	60
2013/09/05-10:57:30	1	2,285.875	59.53	18	0	0	3	0	0	0	1	0	0	1	60
2013/09/05-10:58:49	1	2,285.875	59.53	30	0	0	3	0	0	0	1	1	0	0	60
2013/09/05-11:00:08	1	2,285.875	59.53	16	0	0	0	1	0	1	1	0	0	1	50
2013/09/05-11:01:16	1	2,285.875	59.53	24	0	0	2	0	0	0	1	0	0	1	60
2013/09/06-23:37:11	1	2,298.957	65.447	36	0	0	5	0	0	0	1	1	0	0	60
2013/09/06-23:38:32	1	2,298.957	65.447	21	0	0	3	0	0	0	1	0	0	1	60
2013/09/06-23:39:50	1	2,298.957	65.447	20	0	0	3	1	0	0	1	1	0	0	60
2013/09/06-23:41:09	1	2,298.957	65.447	18	0	0	2	0	0	0	1	0	0	1	60
2013/09/06-23:42:27	1	2,298.957	65.447	27	0	0	4	2	0	0	1	1	0	0	59
2013/09/07-00:11:51	1	2,298.957	65.447	19	0	0	2	0	0	0	1	1	0	0	55
2013/09/07-00:13:06	1	2,298.957	65.447	24	0	0	4	0	0	0	1	0	0	1	60
2013/09/07-00:14:24	1	2,321.272	61.123	21	0	1	5	0	0	0	1	0	0	1	38
2013/09/07-00:15:43	1	2,321.272	61.123	22	0	0	4	0	0	1	1	0	0	1	54
2013/09/07-00:17:02	1	2,321.272	61.123	13	0	1	1	0	0	0	1	0	0	1	39
2013/09/07-00:34:41	1	2,321.272	61.123	30	0	0	4	1	0	0	1	1	0	0	60
2013/09/07-00:36:00	1	2,321.272	61.123	29	0	0	3	1	0	0	1	1	0	0	60
2013/09/07-00:37:18	1	2,321.272	61.123	15	0	0	3	1	0	0	1	1	0	0	26
2013/09/07-00:38:03	1	2,321.272	61.123	27	0	0	5	0	0	0	1	0	0	1	60
2013/09/07-00:39:22	1	2,321.272	61.123	12	0	0	1	0	0	1	1	0	0	1	29
2013/09/08-17:51:19	1	2,294.685	63.002	28	0	0	4	1	0	0	1	1	0	0	60
2013/09/08-17:52:39	1	2,294.685	63.002	26	0	0	3	0	0	0	1	0	0	1	60
2013/09/08-17:53:58	1	2,294.685	63.002	26	0	0	7	1	0	0	1	1	0	0	60
2013/09/08-17:55:16	1	2,294.685	63.002	20	0	0	2	0	0	0	1	1	0	0	60
2013/09/08-17:56:35	1	2,294.685	63.002	22	0	0	2	0	0	0	1	0	0	1	60
2013/09/08-19:12:35	1	2,294.685	63.002	27	0	0	3	0	0	0	1	0	0	1	60
2013/09/08-19:13:55	1	2,294.685	63.002	25	0	0	3	0	0	0	1	1	0	0	60
2013/09/08-19:27:17	1	2,294.685	63.002	9	0	0	1	0	0	1	1	0	0	1	21
2013/09/08-19:28:17	1	2,294.685	63.002	30	0	0	6	0	0	0	1	1	0	0	60
2013/09/08-19:29:36	1	2,304.92	58.313	11	0	0	3	1	0	0	1	1	0	0	24
2013/09/08-20:19:31	1	2,304.92	58.313	14	0	0	2	0	0	1	1	0	0	1	26
2013/09/08-20:20:47	1	2,304.92	58.313	23	0	0	1	0	0	0	1	0	0	1	60
2013/09/08-20:22:06	1	2,304.92	58.313	22	0	0	3	0	0	0	1	0	0	1	60
2013/09/08-20:23:24	1	2,304.92	58.313	30	0	0	1	0	0	0	1	0	0	1	60
2013/09/08-20:24:43	1	2,304.92	58.313	28	0	0	4	0	0	0	1	1	0	0	60
2013/09/10-00:22:39	2	2,300.741	62.117	14	0	1	1	1	0	0	1	0	0	1	36
2013/09/10-00:23:35	2	2,300.741	62.117	22	0	0	1	0	0	0	1	0	0	1	60
2013/09/10-00:24:54	2	2,300.741	62.117	22	0	0	4	0	0	0	1	1	0	0	60
2013/09/10-00:26:12	2	2,300.741	62.117	16	0	0	3	1	0	0	1	1	0	0	34
2013/09/10-00:27:05	2	2,300.741	62.117	17	0	1	3	1	0	0	1	0	0	1	43
2013/09/10-01:07:02	2	2,307.108	59.383	16	0	1	5	0	0	0	1	0	0	1	38
2013/09/10-01:08:00	2	2,307.108	59.383	27	0	0	5	0	0	0	1	1	0	0	60
2013/09/10-01:09:19	2	2,307.108	59.383	23	0	0	2	0	0	0	1	0	0	1	60
2013/09/10-01:10:37	2	2,307.108	59.383	18	0	0	2	0	0	0	1	0	0	1	60
2013/09/10-01:11:56	2	2,307.108	59.383	25	0	0	3	0	0	0	1	1	0	0	60
2013/09/10-01:31:41	2	2,306.619	56.981	28	0	0	3	1	0	0	1	1	0	0	60
2013/09/10-01:33:00	2	2,306.619	56.981	24	0	0	2	1	0	0	1	1	0	0	56
2013/09/10-01:34:15	2	2,306.619	56.981	7	0	0	2	0	0	1	1	0	0	1	18
2013/09/10-01:35:34	2	2,306.619	56.981	22	0	0	1	0	0	1	1	0	0	1	49
2013/09/10-01:36:42	2	2,306.619	56.981	10	0	0	0	1	0	0	1	1	0	0	22
2013/09/11-00:53:56	2	2,320.592	61.481	28	0	0	4	1	0	0	1	1	0	0	60
2013/09/11-00:55:16	2	2,320.592	61.481	29	0	0	4	0	0	0	1	1	0	0	60
2013/09/11-00:56:34	2	2,320.592	61.481	15	0	0	1	0	0	0	1	0	0	1	60
2013/09/11-00:57:53	2	2,320.592	61.481	32	0	0	5	0	0	0	1	1	0	0	60
2013/09/11-00:59:12	2	2,320.592	61.481	25	0	0	5	0	0	0	1	0	0	1	60
2013/09/11-01:28:00	2	2,331.573	58.933	11	0	0	3	0	0	0	1	1	0	0	29
2013/09/11-01:28:48	2	2,331.573	58.933	13	0	0	2	1	0	0	1	1	0	0	25
2013/09/11-01:29:31	2	2,331.573	58.933	24	0	0	5	0	0	0	1	0	0	1	60
2013/09/11-01:30:50	2	2,331.573	58.933	8	0	0	1	0	0	0	1	1	0	0	29
2013/09/11-01:31:38	2	2,331.573	58.933	20	0	0	2	0	0	0	1	1	0	0	60
2013/09/11-01:49:12	2	2,331.573	58.933	31	0	0	5	2	0	0	1	1	0	0	60
2013/09/11-01:50:31	2	2,331.573	58.933	13	0	1	2	0	0	0	1	0	0	1	32
2013/09/11-01:51:37	2	2,331.573	58.933	13	0	0	2	0	0	1	1	0	0	1	28
2013/09/11-01:52:56	2	2,331.573	58.933	8	0	0	1	0	0	1	1	0	0	1	18
2013/09/11-01:54:00	2	2,331.573	58.933	6	0	0	0	0	0	1	1	0	0	1	17
2013/09/11-17:07:53	2	2,316.314	62.338	28	0	0	3	0	0	0	1	1	0	0	60
2013/09/11-17:09:12	2	2,316.314	62.338	18	0	0	3	1	0	0	1	1	0	0	44
2013/09/11-17:10:15	2	2,316.314	62.338	22	0	0	1	1	0	0	1	1	0	0	60
2013/09/11-17:11:34	2	2,316.314	62.338	32	0	0	4	0	0	0	1	1	0	0	60
2013/09/11-17:12:53	2	2,316.314	62.338	12	0	0	3	0	0	1	1	0	0	1	20
2013/09/11-17:41:01	2	2,316.314	62.338	29	0	0	4	0	0	0	1	1	0	0	60
2013/09/11-17:42:20	2	2,316.314	62.338	20	0	0	1	0	0	0	1	0	0	1	60
2013/09/11-17:43:39	2	2,316.314	62.338	29	0	0	2	0	0	0	1	0	0	1	60
2013/09/11-17:44:58	2	2,316.314	62.338	22	0	0	1	0	0	0	1	0	0	1	60
2013/09/11-17:46:17	2	2,316.314	62.338	23	0	0	3	0	0	1	1	0	0	1	48
2013/09/11-18:04:35	2	2,314.564	57.597	21	0	0	3	0	0	0	1	0	0	1	60
2013/09/11-18:05:53	2	2,314.564	57.597	26	0	0	4	0	0	1	1	0	0	1	58
2013/09/11-18:07:12	2	2,314.564	57.597	5	0	1	0	0	0	0	1	0	0	1	13
2013/09/11-18:08:31	2	2,314.564	57.597	18	0	0	1	0	0	0	1	0	0	1	60
2013/09/11-18:09:50	2	2,314.564	57.597	16	0	0	0	0	0	1	1	0	0	1	39
2013/09/12-11:53:54	2	2,299.575	61.802	31	0	0	3	1	0	0	1	1	0	0	60
2013/09/12-11:55:13	2	2,299.575	61.802	20	0	0	2	0	0	0	1	1	0	0	45
2013/09/12-11:56:16	2	2,299.575	61.802	28	0	0	3	0	0	0	1	0	0	1	60
2013/09/12-11:57:35	2	2,299.575	61.802	31	0	0	6	0	0	0	1	1	0	0	60
2013/09/12-11:58:54	2	2,299.575	61.802	4	0	1	1	0	0	0	1	0	0	1	13
2013/09/12-12:28:53	2	2,305.528	59.121	29	0	0	5	0	0	0	1	1	0	0	60
2013/09/12-12:30:12	2	2,305.528	59.121	8	0	0	1	0	0	1	1	0	0	1	17
2013/09/12-12:30:56	2	2,305.528	59.121	27	0	0	5	1	0	0	1	1	0	0	60
2013/09/12-12:32:15	2	2,305.528	59.121	29	0	0	3	0	0	0	1	0	0	1	60
2013/09/12-12:33:34	2	2,305.528	59.121	21	0	0	3	1	0	1	1	1	0	0	45
2013/09/12-12:52:28	2	2,327.099	56.346	15	0	0	2	0	0	1	1	0	0	1	39
2013/09/12-12:53:26	2	2,327.099	56.346	33	0	0	4	1	0	0	1	1	0	0	60
2013/09/12-12:54:45	2	2,327.099	56.346	19	0	0	2	0	0	1	1	0	0	1	33
2013/09/12-12:56:04	2	2,327.099	56.346	27	0	0	2	0	0	0	1	0	0	1	60
2013/09/12-12:57:23	2	2,327.099	56.346	23	0	0	5	0	0	0	1	1	0	0	60
2013/09/13-16:13:33	2	2,325.884	63.041	25	0	0	5	0	0	0	1	1	0	0	60
2013/09/13-16:14:52	2	2,325.884	63.041	9	0	0	1	0	0	0	1	1	0	0	27
2013/09/13-16:15:38	2	2,325.884	63.041	22	0	0	5	0	0	0	1	1	0	0	60
2013/09/13-16:16:56	2	2,325.884	63.041	15	0	0	1	0	0	0	1	1	0	0	28
2013/09/13-16:17:43	2	2,325.884	63.041	38	0	0	3	2	0	0	1	1	0	0	60
2013/09/13-16:46:08	2	2,330.759	62.525	1	0	0	0	0	0	1	1	0	0	1	6
2013/09/13-16:47:27	2	2,330.759	62.525	24	0	0	1	1	0	0	1	1	0	0	57
2013/09/13-16:48:42	2	2,330.759	62.525	16	0	0	2	1	0	0	1	1	0	0	35
2013/09/13-16:49:36	2	2,330.759	62.525	24	0	0	2	0	0	0	1	0	0	1	60
2013/09/13-16:50:55	2	2,330.759	62.525	10	0	1	2	0	0	0	1	0	0	1	25
2013/09/13-17:14:43	2	2,330.759	62.525	34	0	0	4	1	0	0	1	1	0	0	60
2013/09/13-17:16:02	2	2,330.759	62.525	11	0	0	2	2	0	0	1	1	0	0	29
2013/09/13-17:16:50	2	2,330.759	62.525	24	0	0	6	1	0	0	1	1	0	0	60
2013/09/13-17:18:09	2	2,330.759	62.525	12	0	0	2	0	0	1	1	0	0	1	30
2013/09/13-17:19:28	2	2,285.111	60.345	22	0	0	4	0	0	0	1	1	0	0	60
2013/09/13-22:46:19	2	2,288.071	64.941	16	0	0	4	0	0	0	1	1	0	0	34
2013/09/13-22:47:23	2	2,288.071	64.941	27	0	0	3	0	0	0	1	0	0	1	60
2013/09/13-22:48:41	2	2,288.071	64.941	8	0	0	1	0	0	1	1	0	0	1	22
2013/09/13-22:50:00	2	2,288.071	64.941	30	0	0	4	1	0	0	1	1	0	0	60
2013/09/13-22:51:18	2	2,288.071	64.941	24	0	0	3	0	0	0	1	1	0	0	60
2013/09/13-23:20:54	2	2,268.18	64.613	22	0	0	2	0	0	0	1	1	0	0	60
2013/09/13-23:22:13	2	2,268.18	64.613	19	0	0	1	1	0	0	1	1	0	0	60
2013/09/13-23:23:32	2	2,268.18	64.613	20	0	0	3	1	0	0	1	1	0	0	42
2013/09/13-23:24:32	2	2,268.18	64.613	29	0	0	4	1	0	0	1	1	0	0	60
2013/09/13-23:25:51	2	2,268.18	64.613	18	0	0	5	2	0	0	1	1	0	0	60
2013/09/13-23:53:15	2	2,284.737	62.573	23	0	0	4	1	0	0	1	1	0	0	60
2013/09/13-23:54:34	2	2,284.737	62.573	24	0	0	3	0	0	0	1	1	0	0	60
2013/09/13-23:55:53	2	2,284.737	62.573	13	0	0	3	0	0	0	1	0	0	1	60
2013/09/13-23:57:12	2	2,284.737	62.573	35	0	0	4	0	0	0	1	1	0	0	60
2013/09/13-23:58:31	2	2,284.737	62.573	26	0	0	2	0	0	0	1	0	0	1	60
2013/09/14-10:16:49	1	2,287.824	70.605	25	0	0	4	0	0	0	1	1	0	0	60
2013/09/14-10:18:08	1	2,287.824	70.605	19	0	0	3	1	0	1	1	0	0	1	44
2013/09/14-10:19:10	1	2,287.824	70.605	28	0	0	5	2	0	0	1	1	0	0	47
2013/09/14-10:20:16	1	2,287.824	70.605	25	0	0	4	2	0	0	1	1	0	0	40
2013/09/14-10:21:14	1	2,287.824	70.605	22	0	0	4	1	0	0	1	1	0	0	60
2013/09/14-10:46:23	1	2,287.824	70.605	12	0	0	3	0	0	0	1	1	0	0	32
2013/09/14-10:47:14	1	2,287.824	70.605	13	0	0	2	2	0	0	1	1	0	0	25
2013/09/14-10:47:58	1	2,290.129	69.008	19	0	0	3	0	0	0	1	0	0	1	60
2013/09/14-10:49:17	1	2,290.129	69.008	14	0	0	2	0	0	0	1	1	0	0	38
2013/09/14-10:50:14	1	2,290.129	69.008	16	0	0	3	0	0	0	1	0	0	1	60
2013/09/14-11:11:53	1	2,290.129	69.008	25	0	0	4	0	0	0	1	0	0	1	60
2013/09/14-11:13:12	1	2,290.129	69.008	18	0	0	2	0	0	0	1	0	0	1	60
2013/09/14-11:14:31	1	2,290.129	69.008	17	0	0	3	0	0	0	1	0	0	1	60
2013/09/14-11:15:50	1	2,290.129	69.008	24	0	0	3	0	0	0	1	0	0	1	60
2013/09/14-11:17:09	1	2,290.129	69.008	6	0	0	1	0	0	1	1	0	0	1	18
2013/09/14-14:22:19	1	2,250.409	68.805	29	0	0	4	0	0	0	1	0	0	1	60
2013/09/14-14:23:38	1	2,250.409	68.805	32	0	0	3	1	0	0	1	1	0	0	60
2013/09/14-14:24:56	1	2,250.409	68.805	15	0	0	1	0	0	1	1	0	0	1	40
2013/09/14-14:25:55	1	2,250.409	68.805	28	0	0	4	1	0	1	1	0	0	1	59
2013/09/14-14:27:13	1	2,250.409	68.805	30	0	0	5	0	0	0	1	1	0	0	60
2013/09/14-15:01:15	1	2,229.056	68.43	27	0	0	3	1	0	0	1	1	0	0	60
2013/09/14-15:02:34	1	2,229.056	68.43	12	0	0	3	1	0	0	1	1	0	0	25
2013/09/14-15:03:18	1	2,229.056	68.43	29	0	0	3	0	0	0	1	0	0	1	60
2013/09/14-15:04:37	1	2,229.056	68.43	19	0	0	2	1	0	0	1	1	0	0	44
2013/09/14-15:05:39	1	2,229.056	68.43	21	0	0	2	0	0	0	1	0	0	1	60
2013/09/14-15:20:15	1	2,240.865	65.658	16	0	0	1	1	0	0	1	1	0	0	60
2013/09/14-15:21:34	1	2,240.865	65.658	4	0	0	1	0	0	1	1	0	0	1	10
2013/09/14-15:22:44	1	2,240.865	65.658	13	0	0	3	0	0	0	1	0	0	1	60
2013/09/14-15:24:03	1	2,240.865	65.658	23	0	0	2	0	0	0	1	0	0	1	60
2013/09/14-15:25:22	1	2,240.865	65.658	17	0	0	2	0	0	0	1	0	0	1	60
2013/09/14-18:05:24	1	2,216.018	66.652	20	0	0	3	0	0	0	1	0	0	1	60
2013/09/14-18:06:43	1	2,216.018	66.652	13	0	0	1	1	0	0	1	1	0	0	34
2013/09/14-18:07:36	1	2,216.018	66.652	9	0	0	1	1	0	0	1	1	0	0	23
2013/09/14-18:08:18	1	2,216.018	66.652	25	0	0	3	0	0	0	1	1	0	0	60
2013/09/14-18:09:37	1	2,216.018	66.652	23	0	0	3	1	0	0	1	1	0	0	60
2013/09/14-18:39:34	1	2,217.527	65.441	25	0	0	1	1	0	0	1	1	0	0	60
2013/09/14-18:40:53	1	2,217.527	65.441	27	0	0	2	0	0	1	1	0	0	1	53
2013/09/14-18:42:05	1	2,217.527	65.441	21	0	0	5	0	0	0	1	1	0	0	60
2013/09/14-18:43:24	1	2,217.527	65.441	23	0	0	4	0	0	0	1	1	0	0	60
2013/09/14-18:44:42	1	2,217.527	65.441	13	0	0	2	1	0	0	1	1	0	0	29
2013/09/14-19:06:46	1	2,217.527	65.441	13	0	0	2	0	0	0	1	0	0	1	60
2013/09/14-19:08:05	1	2,219.619	63.491	7	0	0	2	0	0	1	1	0	0	1	23
2013/09/14-19:09:15	1	2,219.619	63.491	16	0	0	2	0	0	0	1	0	0	1	60
2013/09/14-19:10:35	1	2,219.619	63.491	24	0	0	4	1	0	0	1	1	0	0	60
2013/09/14-19:11:55	1	2,219.619	63.491	22	0	0	3	2	0	0	1	1	0	0	53
2013/09/14-23:17:58	1	2,216.658	65.938	24	0	0	3	0	0	0	1	0	0	1	60
2013/09/14-23:19:17	1	2,216.658	65.938	23	0	0	5	2	0	0	1	1	0	0	60
2013/09/14-23:20:36	1	2,216.658	65.938	22	0	0	3	1	0	0	1	0	0	1	60
2013/09/14-23:21:55	1	2,216.658	65.938	17	0	0	2	0	0	0	1	0	0	1	60
2013/09/14-23:23:13	1	2,216.658	65.938	12	0	0	2	1	0	0	1	1	0	0	25
2013/09/14-23:54:59	1	2,199.548	65.118	17	0	0	3	0	0	1	1	0	0	1	29
2013/09/14-23:56:02	1	2,199.548	65.118	9	0	0	2	0	0	1	1	0	0	1	24
2013/09/14-23:57:20	1	2,199.548	65.118	26	0	0	5	0	0	0	1	0	0	1	60
2013/09/14-23:58:39	1	2,199.548	65.118	28	0	0	2	1	0	0	1	1	0	0	60
2013/09/14-23:59:58	1	2,199.548	65.118	21	0	0	3	1	0	0	1	0	0	1	60
2013/09/15-00:14:21	2	2,165.865	62.813	20	0	0	3	0	0	0	1	1	0	0	60
2013/09/15-00:15:40	2	2,165.865	62.813	13	0	1	2	0	0	0	1	0	0	1	34
2013/09/15-00:16:59	2	2,165.865	62.813	12	0	0	1	0	0	0	1	1	0	0	34
2013/09/15-00:17:52	2	2,165.865	62.813	22	0	0	2	1	0	0	1	1	0	0	60
2013/09/15-00:19:11	2	2,165.865	62.813	26	0	0	3	0	0	0	1	1	0	0	60
2013/09/15-11:01:36	2	2,175.34	64.328	26	0	0	6	1	0	0	1	1	0	0	60
2013/09/15-11:02:55	2	2,175.34	64.328	10	0	0	1	0	0	0	1	1	0	0	36
2013/09/15-11:03:50	2	2,175.34	64.328	22	0	0	3	0	0	0	1	0	0	1	60
2013/09/15-11:05:09	2	2,175.34	64.328	23	0	0	2	0	0	0	1	0	0	1	60
2013/09/15-11:06:27	2	2,175.34	64.328	18	0	0	2	1	0	0	1	1	0	0	44
2013/09/15-11:34:15	2	2,169.627	63.192	15	0	0	2	1	0	1	1	0	0	1	33
2013/09/15-11:35:06	2	2,169.627	63.192	27	0	0	3	1	0	0	1	1	0	0	60
2013/09/15-11:36:25	2	2,169.627	63.192	37	0	0	4	0	0	0	1	1	0	0	60
2013/09/15-11:37:44	2	2,169.627	63.192	27	0	0	5	0	0	0	1	1	0	0	60
2013/09/15-11:39:03	2	2,169.627	63.192	28	0	0	3	0	0	0	1	0	0	1	60
2013/09/15-17:04:30	1	2,169.902	67.33	25	0	0	5	1	0	0	1	1	0	0	60
2013/09/15-17:05:49	1	2,169.902	67.33	22	0	0	2	0	0	0	1	0	0	1	60
2013/09/15-17:07:08	1	2,169.902	67.33	21	0	0	2	2	0	1	1	1	0	0	39
2013/09/15-17:08:06	1	2,169.902	67.33	19	0	0	1	0	0	0	1	0	0	1	60
2013/09/15-17:09:25	1	2,169.902	67.33	11	0	0	2	1	0	1	1	0	0	1	22
2013/09/15-17:42:15	2	2,162.62	64.464	18	0	0	4	0	0	0	1	0	0	1	60
2013/09/15-17:43:33	2	2,162.62	64.464	25	0	0	4	0	0	0	1	1	0	0	60
2013/09/15-17:44:52	2	2,162.62	64.464	23	0	0	3	0	0	0	1	0	0	1	60
2013/09/15-17:46:11	2	2,162.62	64.464	29	0	0	4	0	0	0	1	1	0	0	60
2013/09/15-17:47:30	2	2,162.62	64.464	17	0	0	0	0	0	0	1	0	0	1	60
2013/09/15-18:14:44	2	2,162.62	64.464	21	0	0	3	0	0	0	1	0	0	1	60
2013/09/15-18:16:03	2	2,162.62	64.464	12	0	0	1	0	0	0	1	0	0	1	60
2013/09/15-18:17:22	2	2,162.62	64.464	20	0	0	0	0	0	0	1	0	0	1	60
2013/09/15-18:18:41	2	2,162.62	64.464	16	0	0	2	0	0	1	1	0	0	1	55
2013/09/15-18:19:55	2	2,162.62	64.464	13	0	0	1	0	0	1	1	0	0	1	32
2013/09/15-23:22:04	2	2,139.773	66.261	22	0	0	3	1	0	0	1	1	0	0	60
2013/09/15-23:23:23	2	2,139.773	66.261	26	0	0	1	0	0	0	1	0	0	1	60
2013/09/15-23:24:41	2	2,139.773	66.261	17	0	0	4	1	0	0	1	1	0	0	36
2013/09/15-23:25:36	1	2,147.987	64.404	4	0	0	0	0	0	1	1	0	0	1	8
2013/09/15-23:26:55	1	2,147.987	64.404	22	0	0	2	0	0	0	1	0	0	1	60
2013/09/15-23:53:35	1	2,147.987	64.404	20	0	0	4	0	0	0	1	1	0	0	60
2013/09/15-23:54:54	1	2,147.987	64.404	13	0	0	1	0	0	1	1	0	0	1	26
2013/09/15-23:56:11	1	2,147.987	64.404	29	0	0	1	0	0	0	1	0	0	1	60
2013/09/15-23:57:30	1	2,147.987	64.404	9	0	0	2	0	0	1	1	0	0	1	24
2013/09/15-23:58:48	1	2,147.987	64.404	5	0	0	0	0	0	1	1	0	0	1	10
2013/09/16-00:18:30	2	2,088.989	60.541	15	0	0	4	0	0	1	1	0	0	1	28
2013/09/16-00:19:34	2	2,088.989	60.541	25	0	0	2	0	0	0	1	0	0	1	60
2013/09/16-00:20:53	2	2,088.989	60.541	22	0	0	6	0	0	0	1	1	0	0	60
2013/09/16-00:22:12	2	2,088.989	60.541	20	0	0	5	1	0	0	1	1	0	0	43
2013/09/16-00:23:14	2	2,088.989	60.541	33	0	0	5	0	0	0	1	0	0	1	60
2013/09/16-23:43:19	2	2,090.559	64.383	5	0	1	0	0	0	0	1	0	0	1	26
2013/09/16-23:44:05	2	2,090.559	64.383	15	0	0	0	0	0	1	1	0	0	1	40
2013/09/16-23:45:11	2	2,090.559	64.383	32	0	0	6	0	0	0	1	1	0	0	60
2013/09/16-23:46:30	2	2,090.559	64.383	6	0	1	0	0	0	0	1	0	0	1	27
2013/09/16-23:47:15	2	2,090.559	64.383	24	0	0	1	0	0	0	1	0	0	1	60
2013/09/17-00:08:42	1	2,078.85	61.275	23	0	0	3	0	0	0	1	0	0	1	60
2013/09/17-00:10:01	1	2,078.85	61.275	8	0	1	0	0	0	0	1	0	0	1	25
2013/09/17-00:11:20	1	2,078.85	61.275	4	0	0	0	0	0	1	1	0	0	1	13
2013/09/17-00:11:58	1	2,078.85	61.275	12	0	0	0	0	0	0	1	1	0	0	60
2013/09/17-00:13:17	1	2,078.85	61.275	2	0	1	0	0	0	0	1	0	0	1	7
2013/09/17-00:30:24	1	2,078.85	61.275	14	0	0	0	2	0	0	1	1	0	0	32
2013/09/17-00:31:15	1	2,078.85	61.275	1	0	1	0	0	0	0	1	0	0	1	9
2013/09/17-00:31:44	1	2,078.85	61.275	17	0	0	3	3	0	0	1	1	0	0	34
2013/09/17-00:32:37	1	2,078.85	61.275	14	0	0	4	1	0	0	1	1	0	0	41
2013/09/17-00:33:36	1	2,078.85	61.275	46	0	0	0	2	0	0	1	1	0	0	53
2013/09/17-21:24:23	1	2,087.764	62.731	5	0	1	0	0	0	0	1	0	0	1	19
2013/09/17-21:25:42	1	2,087.764	62.731	26	0	0	3	0	0	0	1	1	0	0	60
2013/09/17-21:27:01	1	2,087.764	62.731	10	0	1	2	1	0	0	1	0	0	1	33
2013/09/17-21:27:53	1	2,087.764	62.731	22	0	0	0	2	0	0	1	1	0	0	27
2013/09/17-21:28:39	1	2,087.764	62.731	18	0	0	14	1	0	0	1	1	0	0	60
2013/09/17-21:56:57	1	2,087.764	62.731	4	0	1	0	0	0	0	1	0	0	1	20
2013/09/17-21:57:42	1	2,087.764	62.731	1	0	1	0	0	0	0	1	0	0	1	3
2013/09/17-21:59:01	1	2,066.05	58.832	11	0	1	0	0	0	0	1	0	0	1	49
2013/09/17-22:00:20	1	2,066.05	58.832	17	0	0	1	0	0	0	1	1	0	0	60
2013/09/17-22:01:39	1	2,066.05	58.832	12	0	0	0	0	0	1	1	0	0	1	21
2013/09/17-22:18:03	1	2,066.05	58.832	7	0	1	0	0	0	0	1	0	0	1	6
2013/09/17-22:18:36	1	2,066.05	58.832	4	0	1	0	0	0	0	1	0	0	1	8
2013/09/17-22:19:34	1	2,066.05	58.832	4	0	0	0	0	0	1	1	0	0	1	16
2013/09/17-22:20:53	1	2,066.05	58.832	29	0	0	2	0	0	0	1	1	0	0	60
2013/09/17-22:22:12	1	2,066.05	58.832	12	0	0	1	0	0	0	1	0	0	1	60
2013/09/18-12:12:45	2	2,023.076	63.042	10	0	0	0	0	0	1	1	0	0	1	44
2013/09/18-12:13:48	2	2,023.076	63.042	21	0	0	3	1	0	0	1	1	0	0	60
2013/09/18-12:15:07	2	2,023.076	63.042	28	0	0	0	0	0	0	1	0	0	1	60
2013/09/18-12:16:26	2	2,023.076	63.042	2	0	0	0	1	0	0	1	1	0	0	7
2013/09/18-12:16:51	2	2,023.076	63.042	1	0	1	0	0	0	0	1	0	0	1	6
2013/09/18-12:43:45	2	2,025.287	59.684	13	0	0	0	1	0	0	1	1	0	0	16
2013/09/18-12:44:20	2	2,025.287	59.684	28	0	0	7	1	0	0	1	1	0	0	58
2013/09/18-12:45:37	2	2,025.287	59.684	27	0	0	7	0	0	0	1	1	0	0	60
2013/09/18-12:46:56	2	2,025.287	59.684	14	0	1	0	1	0	0	1	0	0	1	35
2013/09/18-12:47:50	2	2,025.287	59.684	11	0	0	0	0	0	0	1	1	0	0	60
2013/09/18-13:03:15	2	2,046.63	56.853	1	0	1	0	0	0	0	1	0	0	1	9
2013/09/18-13:03:45	2	2,046.63	56.853	4	0	0	0	0	0	1	1	0	0	1	26
2013/09/18-13:04:37	2	2,046.63	56.853	8	0	0	0	0	0	0	1	1	0	0	19
2013/09/18-13:05:14	2	2,046.63	56.853	3	0	0	0	1	0	0	1	1	0	0	18
2013/09/18-13:05:51	2	2,046.63	56.853	2	0	0	0	0	0	1	1	0	0	1	2
2013/09/18-17:14:20	1	2,049.781	62.432	4	0	0	0	1	0	0	1	1	0	0	13
2013/09/18-17:14:52	1	2,049.781	62.432	3	0	1	0	0	0	0	1	0	0	1	15
2013/09/18-17:15:26	1	2,049.781	62.432	25	0	0	0	2	0	0	1	1	0	0	29
2013/09/18-17:16:13	1	2,049.781	62.432	20	0	0	4	1	0	0	1	1	0	0	41
2013/09/18-17:17:13	1	2,049.781	62.432	24	0	0	5	1	0	1	1	0	0	1	51
2013/09/18-17:41:34	1	2,062.826	59.38	8	0	0	0	0	0	1	1	0	0	1	11
2013/09/18-17:42:49	1	2,062.826	59.38	35	0	0	0	0	0	0	1	0	0	1	60
2013/09/18-17:44:08	1	2,062.826	59.38	1	0	1	0	0	0	0	1	0	0	1	3
2013/09/18-17:44:30	1	2,062.826	59.38	8	0	0	0	1	0	0	1	1	0	0	20
2013/09/18-17:45:10	1	2,062.826	59.38	2	0	0	0	0	0	1	1	0	0	1	7
2013/09/18-18:05:41	1	2,062.826	59.38	2	0	0	0	0	0	1	1	0	0	1	6
2013/09/18-18:06:10	1	2,062.826	59.38	5	0	0	0	0	0	1	1	0	0	1	7
2013/09/18-18:07:29	1	2,062.826	59.38	2	0	1	0	0	0	0	1	0	0	1	9
2013/09/18-18:08:05	1	2,062.826	59.38	1	0	1	0	0	0	0	1	0	0	1	6
2013/09/18-18:08:31	1	2,062.826	59.38	23	0	0	2	0	0	0	1	0	0	1	60
2013/09/19-00:07:33	2	2,020.232	58.223	8	0	0	0	1	0	0	1	1	0	0	14
2013/09/19-00:08:06	2	2,020.232	58.223	21	0	0	0	1	0	1	1	0	0	1	23
2013/09/19-00:08:49	2	2,020.232	58.223	18	0	0	2	0	0	0	1	1	0	0	51
2013/09/19-00:09:58	2	2,020.232	58.223	1	0	0	0	0	0	0	1	1	0	0	7
2013/09/19-00:10:24	2	2,020.232	58.223	2	0	0	0	0	0	0	1	1	0	0	7
2013/09/19-00:29:50	2	2,021.508	57.589	6	0	0	0	2	0	0	1	1	0	0	24
2013/09/19-00:30:34	2	2,021.508	57.589	15	0	0	0	0	0	0	1	1	0	0	60
2013/09/19-00:31:52	2	2,021.508	57.589	50	0	0	0	1	0	0	1	1	0	0	60
2013/09/19-00:33:11	2	2,021.508	57.589	24	0	0	2	2	0	0	1	1	0	0	60
2013/09/19-00:34:30	2	2,021.508	57.589	4	0	0	0	0	0	0	1	1	0	0	28
2013/09/19-07:27:42	2	2,044.248	55.411	9	0	1	1	1	0	0	1	0	0	1	34
2013/09/19-07:28:35	2	2,044.248	55.411	7	0	1	0	1	0	0	1	0	0	1	6
2013/09/19-07:29:00	2	2,044.248	55.411	2	0	1	0	0	0	0	1	0	0	1	13
2013/09/19-07:29:35	2	2,044.248	55.411	16	0	0	4	0	0	0	1	0	0	1	60
2013/09/19-07:30:54	2	2,044.248	55.411	8	0	0	0	0	0	0	1	1	0	0	20
2013/09/19-09:10:39	2	2,031.366	56.014	28	0	0	7	1	0	0	1	1	0	0	60
2013/09/19-09:11:58	2	2,031.366	56.014	8	0	1	0	1	0	0	1	0	0	1	32
2013/09/19-09:12:49	2	2,031.366	56.014	1	0	0	0	1	0	0	1	1	0	0	3
2013/09/19-09:13:11	2	2,031.366	56.014	15	0	0	2	1	0	0	1	1	0	0	42
2013/09/19-09:14:13	2	2,037.03	55.167	30	0	0	0	1	0	0	1	1	0	0	44
2013/09/19-09:35:17	2	2,037.03	55.167	20	0	1	4	0	0	0	1	0	0	1	49
2013/09/19-09:36:36	2	2,037.03	55.167	9	0	0	0	0	0	0	1	1	0	0	15
2013/09/19-09:37:10	2	2,037.03	55.167	24	0	0	0	0	0	0	1	1	0	0	60
2013/09/19-09:38:29	2	2,037.03	55.167	2	0	0	0	1	0	0	1	1	0	0	5
2013/09/19-09:38:53	2	2,037.03	55.167	3	0	1	0	0	0	0	1	0	0	1	13
2013/09/19-09:51:01	2	2,031.189	53.491	7	0	1	2	0	0	0	1	0	0	1	40
2013/09/19-09:52:25	2	2,031.189	53.491	10	0	0	4	1	0	0	1	1	0	0	43
2013/09/19-09:53:26	2	2,031.189	53.491	0	0	1	0	0	0	0	1	0	0	1	2
2013/09/19-09:54:03	2	2,031.189	53.491	7	0	0	0	1	0	0	1	1	0	0	22
2013/09/19-09:54:44	2	2,031.189	53.491	8	0	0	0	2	0	0	1	1	0	0	21
2013/09/19-14:33:33	2	2,027.137	59.479	24	0	0	2	1	0	0	1	1	0	0	60
2013/09/19-14:34:52	2	2,027.137	59.479	33	0	0	6	0	0	0	1	1	0	0	60
2013/09/19-14:36:11	2	2,027.137	59.479	7	0	0	2	0	0	1	1	0	0	1	13
2013/09/19-14:37:30	2	2,027.137	59.479	18	0	0	0	3	0	0	1	1	0	0	13
2013/09/19-14:38:02	2	2,027.137	59.479	6	0	0	0	0	0	1	1	0	0	1	20
2013/09/19-15:01:00	1	2,008.481	58.177	36	0	0	0	2	0	1	1	0	0	1	50
2013/09/19-15:02:08	1	2,008.481	58.177	21	0	0	6	0	0	0	1	0	0	1	60
2013/09/19-15:03:27	1	2,008.481	58.177	4	0	0	0	0	0	1	1	0	0	1	8
2013/09/19-15:04:37	1	2,008.481	58.177	1	0	1	0	0	0	0	1	0	0	1	3
2013/09/19-15:05:56	1	2,008.481	58.177	22	0	0	2	0	0	0	1	0	0	1	60
2013/09/19-15:17:49	1	2,008.481	58.177	5	0	0	0	2	0	1	1	0	0	1	10
2013/09/19-15:18:24	1	2,008.481	58.177	2	0	1	0	0	0	0	1	0	0	1	6
2013/09/19-15:19:44	1	2,008.481	58.177	21	0	0	4	0	0	0	1	0	0	1	60
2013/09/19-15:21:03	1	2,008.481	58.177	2	0	1	0	0	0	0	1	0	0	1	10
2013/09/19-15:21:38	1	2,008.481	58.177	3	0	1	0	0	0	0	1	1	0	0	15
2013/09/19-18:47:30	3	1,961.024	62.142	11	0	0	3	1	0	0	1	1	0	0	33
2013/09/19-18:48:23	3	1,961.024	62.142	24	0	0	12	2	0	0	1	1	0	0	51
2013/09/19-18:49:32	3	1,961.024	62.142	23	0	0	1	0	0	0	1	1	0	0	60
2013/09/19-18:50:51	3	1,961.024	62.142	1	0	1	0	0	0	0	1	0	0	1	6
2013/09/19-18:52:08	3	1,961.024	62.142	12	0	0	0	1	0	0	1	1	0	0	57
2013/09/19-19:15:32	3	1,952.766	60.515	2	0	1	0	1	0	0	1	0	0	1	9
2013/09/19-19:16:03	3	1,952.766	60.515	10	0	1	0	1	0	0	1	0	0	1	20
2013/09/19-19:17:00	3	1,952.766	60.515	7	0	0	0	1	0	0	1	1	0	0	12
2013/09/19-19:17:31	3	1,952.766	60.515	25	0	0	3	0	0	0	1	0	0	1	60
2013/09/19-19:18:51	3	1,952.766	60.515	30	0	0	4	1	0	0	1	1	0	0	60
2013/09/19-19:36:39	3	1,952.766	60.515	9	0	1	0	0	0	0	1	0	0	1	30
2013/09/19-19:37:29	3	1,952.766	60.515	9	0	0	2	0	0	0	1	0	1	0	75
2013/09/19-19:39:38	3	1,939.946	57.258	19	0	1	16	0	0	0	1	0	0	1	34
2013/09/19-19:40:32	3	1,939.946	57.258	1	0	1	0	0	0	0	1	1	0	0	11
2013/09/19-19:41:06	3	1,939.946	57.258	3	0	1	0	1	0	0	1	0	0	1	8
2013/09/20-00:25:06	4	1,941.271	62.05	10	0	0	13	0	0	0	1	1	0	0	33
2013/09/20-00:25:58	4	1,941.271	62.05	23	0	0	0	0	0	1	1	0	0	1	19
2013/09/20-00:27:16	4	1,941.271	62.05	15	0	0	0	0	0	0	1	1	0	0	35
2013/09/20-00:28:10	4	1,941.271	62.05	6	0	0	0	0	0	0	1	1	0	0	21
2013/09/20-00:28:49	4	1,941.271	62.05	21	0	0	5	1	0	0	1	1	0	0	56
2013/09/20-00:51:31	4	1,944.836	60.339	8	0	0	0	1	0	0	1	1	0	0	15
2013/09/20-00:52:05	4	1,944.836	60.339	7	0	1	0	0	0	0	1	0	0	1	30
2013/09/20-00:53:18	4	1,944.836	60.339	36	0	0	0	2	0	0	1	1	0	0	53
2013/09/20-00:54:30	4	1,944.836	60.339	3	0	0	1	1	0	0	1	1	0	0	10
2013/09/20-00:54:59	4	1,944.836	60.339	14	0	0	1	0	0	0	1	0	0	1	60
2013/09/20-01:14:53	4	1,962.271	57.44	1	0	0	0	0	0	1	1	0	0	1	6
2013/09/20-01:15:19	4	1,962.271	57.44	13	0	0	0	1	0	0	1	1	0	0	29
2013/09/20-01:16:07	4	1,962.271	57.44	24	0	0	3	0	0	0	1	1	0	0	60
2013/09/20-01:17:27	4	1,962.271	57.44	4	0	0	0	0	0	0	1	1	0	0	16
2013/09/20-01:18:01	4	1,962.271	57.44	8	0	1	2	0	0	0	1	0	0	1	31
2013/09/20-04:26:55	3	1,961.647	62.657	23	0	0	2	1	0	0	1	1	0	0	48
2013/09/20-04:28:02	3	1,961.647	62.657	14	0	1	0	1	0	0	1	0	0	1	31
2013/09/20-04:28:52	3	1,961.647	62.657	26	0	0	4	1	0	0	1	1	0	0	60
2013/09/20-04:30:11	3	1,961.647	62.657	2	0	0	0	1	0	0	1	1	0	0	7
2013/09/20-04:30:36	3	1,961.647	62.657	2	0	1	0	0	0	0	1	0	0	1	10
2013/09/20-04:46:47	3	1,961.647	62.657	18	0	0	3	0	0	0	1	1	0	0	60
2013/09/20-04:48:06	3	1,961.647	62.657	19	0	0	2	0	0	0	1	0	1	0	60
2013/09/20-04:49:25	3	1,961.647	62.657	18	0	0	2	0	0	0	1	0	0	1	60
2013/09/20-04:50:44	3	1,948.533	59.548	1	0	1	0	1	0	0	1	0	0	1	3
2013/09/20-04:51:06	3	1,948.533	59.548	13	0	0	0	1	0	0	1	1	0	0	26
2013/09/20-05:09:43	3	1,948.533	59.548	1	0	1	0	0	0	0	1	0	0	1	4
2013/09/20-05:10:23	3	1,948.533	59.548	2	0	1	0	0	0	0	1	0	0	1	16
2013/09/20-05:11:04	3	1,948.533	59.548	4	0	0	0	0	0	1	1	0	0	1	5
2013/09/20-05:11:46	3	1,948.533	59.548	7	0	0	0	0	0	1	1	0	0	1	40
2013/09/20-05:12:46	3	1,948.533	59.548	0	0	1	0	0	0	0	1	0	0	1	2
2013/09/20-08:40:36	3	1,921.721	63.766	25	0	0	8	1	0	0	1	1	0	0	60
2013/09/20-08:41:56	3	1,921.721	63.766	17	0	0	0	1	0	0	1	1	0	0	27
2013/09/20-08:42:42	3	1,921.721	63.766	13	0	0	4	0	0	0	1	0	0	1	60
2013/09/20-08:44:01	3	1,921.721	63.766	20	0	0	4	0	0	0	1	0	0	1	60
2013/09/20-08:45:20	3	1,921.721	63.766	20	0	1	22	1	0	0	1	0	0	1	44
2013/09/20-09:05:27	3	1,917.787	61.583	1	0	0	0	0	0	1	1	0	0	1	3
2013/09/20-09:06:46	3	1,917.787	61.583	10	0	0	0	2	0	0	1	1	0	0	11
2013/09/20-09:07:16	3	1,917.787	61.583	3	0	1	0	1	0	0	1	0	0	1	13
2013/09/20-09:07:48	3	1,917.787	61.583	10	0	0	1	2	0	0	1	1	0	0	30
2013/09/20-09:08:37	3	1,917.787	61.583	23	0	0	0	2	0	0	1	1	0	0	60
2013/09/20-09:21:31	3	1,917.787	61.583	2	0	0	0	0	0	1	1	0	0	1	4
2013/09/20-09:22:32	3	1,917.787	61.583	14	0	0	0	0	0	0	1	1	0	0	60
2013/09/20-09:23:52	3	1,922.477	57.692	1	0	1	0	0	0	0	1	0	0	1	6
2013/09/20-09:24:48	3	1,922.477	57.692	14	0	0	6	1	0	0	1	1	0	0	60
2013/09/20-09:26:08	3	1,922.477	57.692	1	0	0	0	0	0	1	1	0	0	1	2
2013/09/20-15:30:09	2	1,913.959	64.742	12	0	0	0	1	0	0	1	1	0	0	18
2013/09/20-15:30:46	2	1,913.959	64.742	8	0	1	1	1	0	0	1	0	0	1	36
2013/09/20-15:32:05	2	1,913.959	64.742	10	0	0	9	0	0	0	1	1	0	0	21
2013/09/20-15:32:45	2	1,913.959	64.742	36	0	0	0	2	0	0	1	1	0	0	60
2013/09/20-15:34:04	2	1,913.959	64.742	6	0	0	0	1	0	1	1	0	0	1	22
2013/09/20-15:54:37	2	1,901.115	62.845	1	0	0	0	0	0	1	1	0	0	1	3
2013/09/20-15:55:04	2	1,901.115	62.845	43	0	0	0	2	0	0	1	1	0	0	60
2013/09/20-15:56:23	2	1,901.115	62.845	1	0	1	0	1	0	0	1	0	0	1	4
2013/09/20-15:56:45	2	1,901.115	62.845	30	0	0	2	0	0	0	1	0	0	1	60
2013/09/20-15:58:05	2	1,901.115	62.845	5	0	1	0	0	0	0	1	0	0	1	8
2013/09/20-16:11:17	2	1,901.115	62.845	5	0	0	1	1	0	0	1	1	0	0	26
2013/09/20-16:12:02	2	1,901.115	62.845	2	0	1	0	0	0	0	1	0	0	1	9
2013/09/20-16:12:47	2	1,901.115	62.845	19	0	1	0	0	0	0	1	0	0	1	43
2013/09/20-16:14:06	2	1,901.115	62.845	3	0	0	0	1	0	1	1	0	0	1	15
2013/09/20-16:14:40	2	1,901.115	62.845	2	0	1	0	0	0	0	1	0	0	1	9
2013/09/20-21:48:07	3	1,866.941	70.412	11	0	1	4	1	0	0	1	0	0	1	37
2013/09/20-21:49:26	3	1,866.941	70.412	31	0	0	0	2	0	0	1	1	0	0	60
2013/09/20-21:50:44	3	1,866.941	70.412	1	0	1	0	0	0	0	1	0	0	1	9
2013/09/20-21:51:12	3	1,866.941	70.412	3	0	0	0	0	0	1	1	0	0	1	10
2013/09/20-21:51:42	3	1,866.941	70.412	33	0	0	3	0	0	1	1	0	0	1	56
2013/09/20-21:58:18	3	1,866.941	70.412	25	0	0	0	1	0	0	1	1	0	0	60
2013/09/20-21:59:34	3	1,866.941	70.412	2	0	1	0	0	0	0	1	0	0	1	6
2013/09/20-22:00:53	3	1,866.941	70.412	27	0	0	0	1	0	0	1	1	0	0	60
2013/09/20-22:02:14	5	1,850.196	64.068	22	0	0	6	1	0	0	1	1	0	0	60
2013/09/20-22:03:33	5	1,850.196	64.068	6	0	0	0	0	0	0	1	1	0	0	25
2013/09/20-22:25:03	5	1,850.196	64.068	2	0	1	0	0	0	0	1	0	0	1	11
2013/09/20-22:26:05	5	1,850.196	64.068	14	0	0	1	1	0	0	1	1	0	0	60
2013/09/20-22:27:25	5	1,850.196	64.068	3	0	0	0	2	0	1	1	0	0	1	10
2013/09/20-22:27:53	5	1,850.196	64.068	11	0	1	1	1	0	0	1	0	0	1	28
2013/09/20-22:28:54	5	1,850.196	64.068	22	0	0	0	0	0	0	1	1	0	0	40
2013/10/20-21:19:41	2	1,879.256	59.4	15	0	0	1	0	0	0	1	1	0	0	61
2013/10/20-21:21:09	2	1,879.256	59.4	5	0	1	1	0	0	0	1	0	0	1	14
2013/10/20-21:22:12	2	1,879.256	59.4	5	0	1	1	0	0	0	1	0	0	1	9
2013/10/20-21:23:33	2	1,879.256	59.4	25	0	1	0	1	0	0	1	0	0	1	52
2013/10/20-21:24:39	2	1,879.256	59.4	1	0	1	0	0	0	0	1	0	0	1	7
2013/10/20-21:25:00	2	1,879.256	59.4	11	0	1	3	0	0	0	1	0	0	1	41
2013/10/20-21:25:53	2	1,879.256	59.4	11	0	0	3	0	0	0	1	1	0	0	38
2013/10/20-21:26:41	2	1,879.256	59.4	1	0	1	0	1	0	0	1	0	0	1	3
2013/10/20-21:26:57	2	1,879.256	59.4	1	0	0	1	0	0	1	1	0	0	1	3
2013/10/20-21:27:23	2	1,879.256	59.4	2	0	1	0	0	0	0	1	0	0	1	4
2013/10/20-21:27:42	2	1,879.256	59.4	29	0	0	0	3	0	0	1	1	0	0	28
2013/10/20-21:28:26	2	1,879.256	59.4	7	0	0	0	0	0	0	1	1	0	0	23
2013/10/20-21:29:02	2	1,879.256	59.4	1	0	1	0	0	0	0	1	0	0	1	4
2013/10/20-21:30:00	2	1,879.256	59.4	18	0	0	0	0	0	0	1	1	0	0	60
2013/10/20-21:31:15	2	1,879.256	59.4	8	0	1	1	0	0	0	1	0	0	1	28
2013/10/20-22:04:29	2	1,879.256	59.4	4	0	0	0	0	0	1	1	0	0	1	8
2013/10/20-22:05:01	2	1,879.256	59.4	0	0	1	0	0	0	0	1	0	1	0	2
2013/12/27-09:59:58	2	1,880.044	68.656	26	0	0	0	1	0	0	1	1	0	0	54
2013/12/27-10:01:10	2	1,880.044	68.656	31	0	0	4	2	0	0	1	1	0	0	60
2013/12/27-10:02:29	2	1,880.044	68.656	4	0	0	0	0	0	1	1	0	0	1	16
2013/12/27-10:03:10	2	1,880.044	68.656	2	0	1	0	0	0	0	1	0	0	1	13
2013/12/27-10:04:16	2	1,880.044	68.656	6	0	1	1	0	0	0	1	0	0	1	24
2013/12/27-10:27:52	2	1,880.044	68.656	7	0	1	0	0	0	0	1	0	0	1	5
2013/12/27-10:28:26	2	1,880.044	68.656	30	0	0	3	0	0	0	1	0	0	1	60
2013/12/27-10:29:45	2	1,880.044	68.656	2	0	0	0	0	0	1	1	0	0	1	6
2013/12/27-10:30:23	2	1,880.044	68.656	20	0	0	6	2	0	1	1	0	0	1	45
2013/12/27-10:31:26	2	1,880.044	68.656	5	0	1	0	1	0	0	1	0	0	1	8
2013/12/27-10:42:29	8	1,845.233	61.887	2	0	0	0	1	0	0	1	1	0	0	7
2013/12/27-10:43:04	8	1,845.233	61.887	17	0	0	0	1	0	0	1	1	0	0	60
2013/12/27-10:44:23	8	1,845.233	61.887	25	0	0	2	0	0	0	1	1	0	0	60
2013/12/27-10:45:41	8	1,845.233	61.887	5	0	0	0	0	0	1	1	0	0	1	18
2013/12/27-10:46:18	8	1,845.233	61.887	24	0	0	0	1	0	0	1	1	0	0	60
2013/12/28-07:30:37	2	1,880.084	89.86	1	0	0	0	0	0	1	1	0	0	1	3
2013/12/28-07:31:21	2	1,880.084	89.86	5	0	0	0	0	0	1	1	0	0	1	19
2013/12/28-07:32:17	2	1,880.084	89.86	41	0	0	0	0	0	0	1	1	0	0	57
2013/12/28-07:33:34	2	1,880.084	89.86	4	0	1	0	0	0	0	1	0	0	1	8
2013/12/28-07:34:53	2	1,880.084	89.86	1	0	1	0	0	0	0	1	0	0	1	3
2013/12/28-07:46:06	2	1,880.084	89.86	14	0	0	3	1	0	0	1	1	0	0	28
2013/12/28-07:46:53	2	1,880.084	89.86	19	0	0	3	0	0	0	1	1	0	0	60
2013/12/28-07:48:12	2	1,880.084	89.86	19	0	0	0	0	0	0	1	1	0	0	60
2013/12/28-07:49:31	4	1,840.218	79.186	10	0	0	0	0	0	1	1	0	0	1	6
2013/12/28-07:50:50	4	1,840.218	79.186	11	0	1	0	0	0	0	1	0	0	1	20
2013/12/28-08:07:50	4	1,840.218	79.186	24	0	0	3	1	0	0	1	1	0	0	60
2013/12/28-08:09:10	4	1,840.218	79.186	46	0	0	0	1	0	0	1	1	0	0	60
2013/12/28-08:10:29	4	1,840.218	79.186	5	0	1	0	1	0	0	1	0	0	1	22
2013/12/28-08:11:10	4	1,840.218	79.186	8	0	0	0	0	0	0	1	1	0	0	21
2013/12/28-08:11:50	4	1,840.218	79.186	1	0	1	0	0	0	0	1	0	0	1	4
2013/12/28-14:24:24	4	1,849.345	79.712	2	0	0	0	0	0	1	1	0	0	1	7
2013/12/28-14:25:25	4	1,849.345	79.712	41	0	0	0	2	0	1	1	0	0	1	44
2013/12/28-14:26:27	4	1,849.345	79.712	5	0	0	1	1	0	0	1	1	0	0	16
2013/12/28-14:27:02	4	1,849.345	79.712	5	0	0	0	0	0	1	1	0	0	1	8
2013/12/28-14:28:21	4	1,849.345	79.712	1	0	1	0	0	0	0	1	0	0	1	6
2013/12/28-14:35:13	4	1,849.345	79.712	6	0	0	0	0	0	0	1	1	0	0	13
2013/12/28-14:35:45	4	1,849.345	79.712	39	0	0	0	0	0	0	1	1	0	0	32
2013/12/28-14:36:36	3	1,848.158	72.018	3	0	1	0	0	0	0	1	0	0	1	16
2013/12/28-14:37:55	3	1,848.158	72.018	2	0	1	0	0	0	0	1	0	0	1	13
2013/12/28-14:38:28	3	1,848.158	72.018	28	0	0	7	0	0	0	1	1	0	0	60
2013/12/28-14:51:59	3	1,848.158	72.018	26	0	0	0	0	0	0	1	0	0	1	60
2013/12/28-14:53:18	3	1,848.158	72.018	29	0	0	18	0	0	0	1	0	0	1	60
2013/12/28-14:54:37	3	1,848.158	72.018	1	0	0	0	0	0	0	1	1	0	0	4
2013/12/28-14:55:00	3	1,848.158	72.018	0	0	1	0	0	0	0	1	0	0	1	6
2013/12/28-14:56:19	3	1,848.158	72.018	2	0	1	0	0	0	0	1	0	0	1	6
2013/12/28-19:43:03	5	1,826.596	74.108	31	0	0	0	0	0	1	1	0	0	1	58
2013/12/28-19:44:21	5	1,826.596	74.108	10	0	1	1	0	0	0	1	0	0	1	23
2013/12/28-19:45:37	5	1,826.596	74.108	4	0	1	0	0	0	0	1	0	0	1	17
2013/12/28-19:46:29	5	1,826.596	74.108	8	0	0	0	1	0	0	1	1	0	0	12
2013/12/28-19:47:00	5	1,826.596	74.108	5	0	1	0	0	0	0	1	0	0	1	26
2013/12/28-20:08:17	5	1,826.596	74.108	3	0	1	0	1	0	0	1	0	0	1	17
2013/12/28-20:08:53	3	1,829.669	68.084	23	0	0	13	1	0	1	1	0	0	1	42
2013/12/28-20:09:54	3	1,829.669	68.084	25	0	0	6	1	0	0	1	1	0	0	49
2013/12/28-20:11:02	3	1,829.669	68.084	5	0	1	1	0	0	0	1	0	0	1	20
2013/12/28-20:12:21	3	1,829.669	68.084	6	0	1	0	0	0	0	1	0	0	1	6
2013/12/28-20:33:19	3	1,829.669	68.084	3	0	0	0	0	0	1	1	0	0	1	10
2013/12/28-20:33:57	3	1,829.669	68.084	8	0	1	0	0	0	0	1	0	0	1	5
2013/12/28-20:34:29	3	1,829.669	68.084	5	0	1	0	0	0	0	1	0	0	1	20
2013/12/28-20:35:08	3	1,829.669	68.084	6	0	1	0	0	0	0	1	0	0	1	16
2013/12/28-20:36:04	3	1,829.669	68.084	5	0	1	0	0	0	0	1	0	0	1	18
2013/12/28-22:05:13	6	1,808.739	62.774	6	0	0	0	0	0	0	1	1	0	0	25
2013/12/28-22:05:57	6	1,808.739	62.774	6	0	0	0	1	0	1	1	0	0	1	16
2013/12/28-22:06:44	6	1,808.739	62.774	2	0	1	0	1	0	0	1	0	0	1	9
2013/12/28-22:07:15	6	1,808.739	62.774	0	0	1	0	0	0	0	1	0	0	1	6
2013/12/28-22:08:48	6	1,808.739	62.774	15	0	0	0	1	0	1	1	0	0	1	18
2013/12/28-22:10:09	6	1,808.739	62.774	1	0	0	0	0	0	1	1	0	0	1	3
2013/12/28-22:11:19	6	1,808.739	62.774	2	0	1	0	0	0	0	1	0	0	1	9
2013/12/28-22:12:00	6	1,808.739	62.774	18	0	0	4	0	0	1	1	0	0	1	48
2013/12/28-22:13:08	6	1,808.739	62.774	18	0	1	0	1	0	0	1	0	0	1	29
2013/12/28-22:13:55	6	1,808.739	62.774	26	0	0	0	1	0	0	1	1	0	0	60
2013/12/28-22:16:17	6	1,808.739	62.774	5	0	1	0	0	0	0	1	0	0	1	19
2013/12/28-22:17:21	6	1,808.739	62.774	2	0	0	0	0	0	0	1	1	0	0	10
2013/12/28-22:17:49	6	1,808.739	62.774	35	0	0	0	0	0	0	1	0	0	1	60
2013/12/28-22:19:08	6	1,808.739	62.774	8	0	0	1	0	0	1	1	0	0	1	18
2013/12/28-22:19:58	6	1,818.452	56.416	1	0	1	0	0	0	0	1	0	0	1	6
2013/12/28-22:47:20	6	1,818.452	56.416	3	0	1	0	0	0	0	1	0	0	1	17
2013/12/28-22:48:06	6	1,818.452	56.416	30	0	0	14	0	0	1	1	0	0	1	59
2013/12/28-22:49:24	6	1,818.452	56.416	41	0	0	0	1	0	0	1	1	0	0	60
2013/12/28-22:50:44	6	1,818.452	56.416	29	0	0	3	0	0	0	1	1	0	0	60
2013/12/28-22:52:03	6	1,818.452	56.416	23	0	0	0	0	0	0	1	1	0	0	60
2013/12/28-23:07:56	2	1,834.928	53.447	5	0	0	0	0	0	0	1	1	0	0	22
2013/12/28-23:08:38	2	1,834.928	53.447	28	0	0	0	0	0	0	1	0	0	1	60
2013/12/28-23:09:57	2	1,834.928	53.447	14	0	0	2	1	0	0	1	1	0	0	54
2013/12/28-23:11:10	2	1,834.928	53.447	15	0	0	0	0	0	0	1	1	0	0	60
2013/12/28-23:12:29	2	1,834.928	53.447	36	0	0	0	0	0	0	1	0	0	1	60
2013/12/29-03:52:59	1	1,856.648	60.847	21	0	0	3	0	0	1	1	0	0	1	38
2013/12/29-03:53:57	1	1,856.648	60.847	61	0	0	0	0	0	0	1	1	0	0	60
2013/12/29-03:55:16	1	1,856.648	60.847	5	0	0	0	0	0	1	1	0	0	1	8
2013/12/29-03:56:09	1	1,856.648	60.847	2	0	0	0	1	0	0	1	1	0	0	11
2013/12/29-03:56:39	1	1,856.648	60.847	3	0	1	0	0	0	0	1	0	0	1	13
2013/12/29-04:22:19	1	1,855.325	57.76	27	0	0	0	1	0	0	1	1	0	0	60
2013/12/29-04:23:38	1	1,855.325	57.76	7	0	0	0	0	0	1	1	0	0	1	4
2013/12/29-04:24:07	1	1,855.325	57.76	17	0	0	3	1	0	0	1	1	0	0	40
2013/12/29-04:25:06	1	1,855.325	57.76	2	0	1	0	0	0	0	1	0	0	1	9
2013/12/29-04:25:54	1	1,855.325	57.76	3	0	1	0	0	0	0	1	0	0	1	10
2013/12/29-04:44:16	1	1,851.195	55.081	5	0	1	0	0	0	0	1	0	0	1	8
2013/12/29-04:45:35	1	1,851.195	55.081	7	0	0	0	0	0	1	1	0	0	1	19
2013/12/29-04:46:13	1	1,851.195	55.081	28	0	0	14	0	0	0	1	0	0	1	60
2013/12/29-04:47:32	1	1,851.195	55.081	2	0	1	0	0	0	0	1	0	0	1	6
2013/12/29-04:47:57	1	1,851.195	55.081	2	0	1	0	0	0	0	1	0	0	1	9
2013/12/29-23:16:50	3	1,845.164	79.885	10	0	0	2	0	0	1	1	0	0	1	22
2013/12/29-23:18:09	3	1,845.164	79.885	27	0	0	2	1	0	0	1	1	0	0	60
2013/12/29-23:19:27	3	1,845.164	79.885	30	0	0	3	2	0	0	1	1	0	0	60
2013/12/29-23:20:46	3	1,845.164	79.885	19	0	0	3	1	0	0	1	1	0	0	47
2013/12/29-23:21:52	3	1,845.164	79.885	16	0	0	1	2	0	1	1	0	0	1	28
2013/12/29-23:39:48	3	1,845.164	79.885	4	0	1	0	0	0	0	1	0	0	1	9
2013/12/29-23:40:29	3	1,845.164	79.885	23	0	0	5	1	0	0	1	1	0	0	60
2013/12/29-23:41:48	3	1,845.164	79.885	24	0	0	0	0	0	0	1	0	0	1	60
2013/12/29-23:43:07	3	1,845.164	79.885	20	0	0	2	0	0	0	1	0	0	1	60
2013/12/29-23:44:26	3	1,845.164	79.885	15	0	0	3	0	0	0	1	0	0	1	60
2013/12/30-00:03:56	1	1,861.298	70.382	14	0	0	4	2	0	0	1	1	0	0	40
2013/12/30-00:04:56	1	1,861.298	70.382	12	0	1	2	0	0	0	1	0	0	1	23
2013/12/30-00:05:37	1	1,861.298	70.382	21	0	0	2	0	0	1	1	0	0	1	36
2013/12/30-00:06:54	1	1,861.298	70.382	23	0	0	5	0	0	0	1	1	0	0	60
2013/12/30-00:08:13	1	1,861.298	70.382	9	0	0	0	0	0	1	1	0	0	1	19
2013/12/30-06:11:34	3	1,858.515	74.249	40	0	0	3	0	0	0	1	0	0	1	60
2013/12/30-06:12:53	3	1,858.515	74.249	23	0	0	4	0	0	1	1	0	0	1	50
2013/12/30-06:14:02	3	1,858.515	74.249	22	0	0	6	1	0	0	1	1	0	0	60
2013/12/30-06:15:21	3	1,858.515	74.249	13	0	1	2	0	0	0	1	0	0	1	29
2013/12/30-06:16:09	3	1,858.515	74.249	24	0	0	4	1	0	0	1	1	0	0	57
2013/12/30-06:33:40	3	1,858.515	74.249	26	0	0	3	0	0	0	1	0	0	1	60
2013/12/30-06:34:59	3	1,858.515	74.249	16	0	0	0	0	0	1	1	0	0	1	37
2013/12/30-06:36:16	3	1,858.515	74.249	11	0	0	0	0	0	1	1	0	0	1	27
2013/12/30-06:37:24	3	1,858.515	74.249	17	0	0	3	0	0	0	1	0	0	1	60
2013/12/30-06:38:43	3	1,858.515	74.249	21	0	0	4	0	0	1	1	0	0	1	56
2013/12/30-06:58:35	4	1,842.871	66.184	6	0	1	0	0	0	0	1	0	0	1	16
2013/12/30-06:59:55	4	1,842.871	66.184	19	0	0	4	0	0	0	1	1	0	0	47
2013/12/30-07:01:01	4	1,842.871	66.184	23	0	0	3	0	0	0	1	0	0	1	60
2013/12/30-07:02:20	4	1,842.871	66.184	22	0	0	3	1	0	0	1	1	0	0	51
2013/12/30-07:03:30	4	1,842.871	66.184	32	0	0	3	1	0	0	1	1	0	0	60
2013/12/30-11:05:08	3	1,859.154	67.946	11	0	1	3	0	0	0	1	0	0	1	26
2013/12/30-11:06:27	3	1,859.154	67.946	32	0	0	3	0	0	0	1	1	0	0	60
2013/12/30-11:07:46	3	1,859.154	67.946	15	0	0	3	1	0	0	1	1	0	0	42
2013/12/30-11:08:46	3	1,859.154	67.946	18	0	0	3	1	0	1	1	0	0	1	31
2013/12/30-11:09:37	3	1,859.154	67.946	8	0	1	3	1	0	0	1	0	0	1	17
2013/12/30-11:31:17	3	1,859.154	67.946	22	0	0	1	0	0	0	1	1	0	0	42
2013/12/30-11:32:18	3	1,859.154	67.946	22	0	0	3	1	0	0	1	1	0	0	60
2013/12/30-11:33:37	3	1,859.154	67.946	22	0	0	4	0	0	0	1	1	0	0	60
2013/12/30-11:34:56	3	1,859.154	67.946	28	0	0	6	0	0	0	1	1	0	0	60
2013/12/30-11:36:15	3	1,859.154	67.946	24	0	0	2	0	0	0	1	0	0	1	60
2013/12/30-11:59:03	2	1,868.902	62.002	26	0	0	4	0	0	0	1	0	0	1	60
2013/12/30-12:00:21	2	1,868.902	62.002	11	0	0	0	0	0	1	1	0	0	1	27
2013/12/30-12:01:18	2	1,868.902	62.002	5	0	1	1	0	0	0	1	0	0	1	15
2013/12/30-12:02:18	2	1,868.902	62.002	19	0	0	2	0	0	0	1	1	0	0	39
2013/12/30-12:03:16	2	1,868.902	62.002	31	0	0	5	0	0	1	1	0	0	1	56
2013/12/30-21:55:33	2	1,861.242	73.215	11	0	0	1	0	0	0	1	1	0	0	27
2013/12/30-21:56:18	2	1,873.551	72.112	10	0	1	1	0	0	0	1	0	0	1	20
2013/12/30-21:57:38	2	1,873.551	72.112	28	0	0	2	0	0	0	1	0	0	1	60
2013/12/30-21:58:57	2	1,873.551	72.112	8	0	0	0	0	0	0	1	1	0	0	18
2013/12/30-21:59:34	2	1,873.551	72.112	21	0	0	2	0	0	0	1	0	0	1	60
2013/12/31-08:32:40	2	1,871.831	79.878	17	0	0	1	0	0	0	1	1	0	0	39
2013/12/31-08:33:38	2	1,871.831	79.878	16	0	0	0	1	0	1	1	0	0	1	29
2013/12/31-08:34:25	2	1,871.831	79.878	1	0	1	0	0	0	0	1	0	0	1	3
2013/12/31-08:34:48	2	1,871.831	79.878	6	0	0	0	2	0	0	1	1	0	0	23
2013/12/31-08:35:30	2	1,871.831	79.878	0	0	1	0	0	0	0	1	0	0	1	3
2013/12/31-08:57:55	4	1,842.524	74.747	10	0	0	4	0	0	0	1	1	0	0	36
2013/12/31-08:58:50	4	1,842.524	74.747	27	0	0	0	0	0	0	1	1	0	0	60
2013/12/31-09:00:09	4	1,842.524	74.747	2	0	1	0	0	0	0	1	0	0	1	10
2013/12/31-09:00:48	4	1,842.524	74.747	12	0	1	0	0	0	0	1	0	0	1	13
2013/12/31-09:01:21	4	1,842.524	74.747	5	0	1	3	0	0	0	1	0	0	1	18
2013/12/31-09:17:46	4	1,842.524	74.747	22	0	0	0	0	0	1	1	0	0	1	48
2013/12/31-09:19:05	4	1,842.524	74.747	1	0	1	0	0	0	0	1	0	0	1	4
2013/12/31-09:20:10	4	1,842.524	74.747	18	0	0	0	0	0	0	1	1	0	0	60
2013/12/31-09:21:28	4	1,842.524	74.747	6	0	1	0	1	0	0	1	1	0	0	5
2013/12/31-09:21:52	4	1,842.524	74.747	4	0	0	0	0	0	1	1	0	0	1	9
2013/12/31-10:17:19	6	1,831.817	67.506	9	0	0	0	1	0	1	1	0	0	1	32
2013/12/31-10:18:10	6	1,831.817	67.506	13	0	0	12	2	0	0	1	1	0	0	42
2013/12/31-10:19:11	6	1,831.817	67.506	13	0	1	1	0	0	0	1	0	0	1	34
2013/12/31-10:20:04	6	1,831.817	67.506	9	0	0	0	1	0	0	1	1	0	0	22
2013/12/31-10:20:45	6	1,831.817	67.506	15	0	0	2	0	0	0	1	1	0	0	45
2013/12/31-10:41:09	6	1,834.384	65.404	1	0	0	0	0	0	1	1	0	0	1	5
2013/12/31-10:41:35	6	1,834.384	65.404	2	0	1	0	0	0	0	1	0	0	1	9
2013/12/31-10:42:02	6	1,834.384	65.404	22	0	0	6	0	0	0	1	1	0	0	60
2013/12/31-10:43:21	6	1,834.384	65.404	21	0	0	1	0	0	0	1	0	0	1	60
2013/12/31-10:44:40	6	1,834.384	65.404	13	0	0	0	1	0	1	1	0	0	1	13
2013/12/31-10:50:37	6	1,834.384	65.404	4	0	0	0	1	0	0	1	1	0	0	20
2013/12/31-10:51:16	6	1,834.384	65.404	14	0	0	0	0	0	1	1	0	0	1	21
2013/12/31-10:52:26	6	1,834.384	65.404	26	0	0	3	1	0	0	1	1	0	0	60
2013/12/31-10:53:45	6	1,834.384	65.404	12	0	0	16	1	0	0	1	1	0	0	36
2013/12/31-10:54:39	6	1,834.384	65.404	2	0	1	0	0	0	0	1	0	0	1	12
2013/12/31-14:14:31	5	1,816.975	65.757	18	0	0	5	0	0	0	1	1	0	0	55
2013/12/31-14:15:45	5	1,816.975	65.757	26	0	0	12	1	0	0	1	1	0	0	60
2013/12/31-14:17:04	5	1,816.975	65.757	14	0	0	3	1	0	0	1	1	0	0	47
2013/12/31-14:18:10	5	1,816.975	65.757	6	0	1	0	0	0	0	1	0	0	1	32
2013/12/31-14:19:01	5	1,816.975	65.757	11	0	0	0	1	0	0	1	1	0	0	34
2013/12/31-14:40:12	3	1,828.033	63.884	7	0	1	3	0	0	0	1	0	0	1	23
2013/12/31-14:40:55	3	1,828.033	63.884	13	0	0	0	0	0	1	1	0	0	1	26
2013/12/31-14:41:43	3	1,828.033	63.884	6	0	0	2	0	0	0	1	1	0	0	21
2013/12/31-14:42:22	3	1,828.033	63.884	15	0	0	0	1	0	0	1	1	0	0	60
2013/12/31-14:43:41	3	1,828.033	63.884	30	0	0	9	1	0	0	1	1	0	0	60
2013/12/31-15:06:59	3	1,835.182	61.147	2	0	1	0	0	0	0	1	0	0	1	14
2013/12/31-15:07:31	3	1,835.182	61.147	1	0	1	0	0	0	0	1	0	0	1	6
2013/12/31-15:08:50	3	1,835.182	61.147	11	0	0	0	0	0	1	1	0	0	1	16
2013/12/31-15:09:38	3	1,835.182	61.147	2	0	1	0	0	0	0	1	0	0	1	8
2013/12/31-15:10:57	3	1,835.182	61.147	1	0	1	1	0	0	0	1	0	0	1	12
2013/12/31-18:29:01	6	1,800.025	64.085	7	0	0	0	1	0	1	1	0	0	1	28
2013/12/31-18:30:20	6	1,800.025	64.085	13	0	0	0	1	0	0	1	1	0	0	60
2013/12/31-18:31:39	6	1,800.025	64.085	9	0	0	0	1	0	0	1	1	0	0	20
2013/12/31-18:32:18	6	1,800.025	64.085	24	0	0	5	0	0	0	1	1	0	0	60
2013/12/31-18:33:37	6	1,800.025	64.085	44	0	0	0	2	0	0	1	1	0	0	60
2013/12/31-18:55:02	6	1,800.025	64.085	12	0	1	2	0	0	0	1	0	0	1	22
2013/12/31-18:55:48	6	1,800.025	64.085	2	0	1	0	0	0	0	1	0	0	1	10
2013/12/31-18:57:07	6	1,800.025	64.085	3	0	0	14	1	0	0	1	1	0	0	15
2013/12/31-18:57:41	6	1,800.025	64.085	12	0	1	3	1	0	0	1	0	0	1	45
2013/12/31-18:58:45	11	1,774.353	60.376	1	0	1	0	0	0	0	1	0	0	1	8
2013/12/31-19:06:32	11	1,774.353	60.376	52	0	0	0	1	0	0	1	1	0	0	60
2013/12/31-19:07:51	11	1,774.353	60.376	3	0	0	0	0	0	1	1	0	0	1	8
2013/12/31-19:08:58	11	1,774.353	60.376	1	0	0	0	1	0	0	1	1	0	0	4
2013/12/31-19:09:21	11	1,774.353	60.376	1	0	0	0	0	0	1	1	0	0	1	3
2013/12/31-19:10:18	11	1,774.353	60.376	1	0	1	0	0	0	0	1	1	0	0	3
2013/12/31-22:43:58	15	1,753.798	63.66	12	0	0	1	1	0	0	1	1	0	0	31
2013/12/31-22:44:48	15	1,753.798	63.66	1	0	1	0	0	0	0	1	0	0	1	9
2013/12/31-22:45:20	15	1,753.798	63.66	1	0	1	0	0	0	0	1	0	0	1	8
2013/12/31-22:45:47	15	1,753.798	63.66	14	0	0	13	2	0	0	1	1	0	0	60
2013/12/31-22:47:06	15	1,753.798	63.66	11	0	0	0	2	0	0	1	1	0	0	8
2013/12/31-22:59:57	15	1,747.119	61.772	2	0	0	0	0	0	0	1	1	0	0	6
2013/12/31-23:00:21	15	1,747.119	61.772	3	0	1	0	0	0	0	1	0	0	1	14
2013/12/31-23:00:54	15	1,747.119	61.772	11	0	0	0	1	0	0	1	1	0	0	19
2013/12/31-23:01:32	15	1,747.119	61.772	21	0	0	0	1	0	1	1	0	0	1	24
2013/12/31-23:02:16	15	1,747.119	61.772	7	0	0	0	0	0	0	1	1	0	0	30
2013/12/31-23:15:31	15	1,747.119	61.772	6	0	0	0	1	0	1	1	0	0	1	22
2013/12/31-23:16:13	15	1,747.119	61.772	10	0	0	2	0	0	1	1	0	0	1	25
2013/12/31-23:17:32	15	1,747.119	61.772	5	0	1	0	0	0	0	1	0	0	1	5
2013/12/31-23:18:04	15	1,747.119	61.772	6	0	0	2	0	0	0	1	1	0	0	24
2013/12/31-23:18:47	15	1,747.119	61.772	3	0	1	0	0	0	0	1	0	0	1	11
2014/01/01-02:41:24	9	1,775.787	62.669	31	0	0	0	1	0	0	1	1	0	0	60
2014/01/01-02:42:43	9	1,775.787	62.669	14	0	0	0	2	0	0	1	1	0	0	24
2014/01/01-02:43:25	9	1,775.787	62.669	22	0	0	7	1	0	0	1	1	0	0	60
2014/01/01-02:44:44	9	1,775.787	62.669	9	0	0	0	1	0	1	1	0	0	1	30
2014/01/01-02:46:03	9	1,775.787	62.669	23	0	0	2	1	0	0	1	1	0	0	60
2014/01/01-03:05:47	8	1,780.302	60.742	2	0	1	0	0	0	0	1	0	0	1	8
2014/01/01-03:06:42	8	1,780.302	60.742	21	0	0	4	0	0	0	1	0	0	1	60
2014/01/01-03:08:01	8	1,780.302	60.742	29	0	0	5	0	0	0	1	1	0	0	60
2014/01/01-03:09:20	8	1,780.302	60.742	8	0	1	0	1	0	0	1	0	0	1	34
2014/01/01-03:10:12	8	1,780.302	60.742	30	0	0	0	2	0	0	1	1	0	0	38
2014/01/01-03:27:08	7	1,786.045	57.826	35	0	0	0	2	0	0	1	1	0	0	60
2014/01/01-03:28:27	7	1,786.045	57.826	19	0	0	10	1	0	0	1	1	0	0	42
2014/01/01-03:29:29	7	1,786.045	57.826	6	0	1	0	0	0	0	1	0	0	1	15
2014/01/01-03:30:34	7	1,786.045	57.826	5	0	1	1	0	0	0	1	0	0	1	17
2014/01/01-03:31:50	7	1,786.045	57.826	8	0	0	0	0	0	1	1	0	0	1	28
2014/01/01-06:46:37	5	1,783.192	61.699	8	0	0	3	2	0	0	1	1	0	0	18
2014/01/01-06:47:14	5	1,783.192	61.699	9	0	0	0	2	0	0	1	1	0	0	8
2014/01/01-06:47:40	5	1,783.192	61.699	1	0	1	0	0	0	0	1	0	0	1	4
2014/01/01-06:48:07	5	1,783.192	61.699	12	0	0	1	3	0	0	1	1	0	0	46
2014/01/01-06:49:12	5	1,783.192	61.699	8	0	0	1	0	0	0	1	1	0	0	22
2014/01/01-07:09:11	5	1,783.192	61.699	42	0	0	0	1	0	0	1	1	0	0	60
2014/01/01-07:10:30	5	1,783.192	61.699	5	0	0	0	0	0	1	1	0	0	1	19
2014/01/01-07:11:08	5	1,783.192	61.699	11	0	0	2	0	0	0	1	1	0	0	44
2014/01/01-07:12:11	5	1,783.192	61.699	26	0	1	11	0	0	0	1	0	0	1	53
2014/01/01-07:13:23	5	1,783.192	61.699	17	0	0	0	3	0	0	1	1	0	0	32
2014/01/01-07:29:44	5	1,788.092	57.95	13	0	0	2	0	0	1	1	0	0	1	32
2014/01/01-07:30:54	5	1,788.092	57.95	9	0	1	0	0	0	0	1	0	0	1	6
2014/01/01-07:31:31	5	1,788.092	57.95	22	0	0	0	0	0	0	1	0	0	1	60
2014/01/01-07:32:49	5	1,788.092	57.95	16	0	0	1	0	0	0	1	1	0	0	60
2014/01/01-07:34:08	5	1,788.092	57.95	6	0	1	0	0	0	0	1	0	0	1	21
2014/01/01-11:35:19	8	1,776.176	62.935	13	0	0	0	2	0	0	1	1	0	0	8
2014/01/01-11:35:46	8	1,776.176	62.935	12	0	0	2	0	0	0	1	1	0	0	57
2014/01/01-11:37:02	8	1,776.176	62.935	24	0	0	4	1	0	0	1	1	0	0	58
2014/01/01-11:38:19	8	1,776.176	62.935	12	0	0	0	1	0	1	1	0	0	1	24
2014/01/01-11:39:02	8	1,776.176	62.935	1	0	0	0	0	0	0	1	1	0	0	8
2014/01/01-11:59:27	5	1,788.467	61.182	15	0	0	0	1	0	0	1	1	0	0	60
2014/01/01-12:00:46	5	1,788.467	61.182	28	0	0	0	0	0	0	1	0	0	1	60
2014/01/01-12:02:05	5	1,788.467	61.182	30	0	0	5	0	0	0	1	1	0	0	60
2014/01/01-12:03:24	5	1,788.467	61.182	11	0	0	0	0	0	0	1	1	0	0	8
2014/01/01-12:03:51	5	1,788.467	61.182	21	0	0	12	2	0	0	1	1	0	0	52
2014/01/01-12:18:43	2	1,806.742	58.529	5	0	1	0	0	0	0	1	0	0	1	19
2014/01/01-12:19:21	2	1,806.742	58.529	29	0	0	5	0	0	0	1	1	0	0	60
2014/01/01-12:20:40	2	1,806.742	58.529	27	0	0	5	0	0	0	1	0	0	1	60
2014/01/01-12:21:59	2	1,806.742	58.529	10	0	0	12	0	0	0	1	1	0	0	31
2014/01/01-12:22:49	2	1,806.742	58.529	6	0	0	0	0	0	1	1	0	0	1	31
2014/01/01-21:58:56	3	1,811.886	62.094	28	0	0	0	0	0	0	1	0	0	1	60
2014/01/01-22:00:20	3	1,811.886	62.094	47	0	0	0	1	0	0	1	1	0	0	60
2014/01/01-22:01:39	3	1,811.886	62.094	22	0	0	6	0	0	0	1	0	0	1	60
2014/01/01-22:02:57	3	1,811.886	62.094	1	0	0	0	1	0	0	1	1	0	0	4
2014/01/01-22:03:20	3	1,811.886	62.094	25	0	0	3	0	0	0	1	1	0	0	60
2014/01/01-22:23:07	3	1,812.073	60.39	1	0	1	0	1	0	0	1	0	0	1	7
2014/01/01-22:23:33	3	1,812.073	60.39	18	0	0	0	0	0	0	1	1	0	0	19
2014/01/01-22:24:11	3	1,812.073	60.39	3	0	1	1	0	0	0	1	0	0	1	15
2014/01/01-22:24:44	3	1,812.073	60.39	1	0	0	0	0	0	1	1	0	0	1	3
2014/01/01-22:25:10	3	1,812.073	60.39	14	0	0	0	1	0	0	1	1	0	0	28
2014/01/01-22:41:25	3	1,812.073	60.39	6	0	0	0	0	0	1	1	0	0	1	29
2014/01/01-22:42:45	3	1,812.073	60.39	3	0	1	0	0	0	0	1	0	0	1	13
2014/01/01-22:43:17	3	1,812.073	60.39	24	0	1	0	0	0	0	1	0	0	1	43
2014/01/01-22:44:18	3	1,812.073	60.39	4	0	0	0	0	0	1	1	0	0	1	12
2014/01/01-22:44:49	3	1,812.073	60.39	6	0	1	1	0	0	0	1	0	0	1	15
2014/01/02-02:06:11	4	1,798.531	61.642	8	0	1	0	1	0	0	1	0	0	1	29
2014/01/02-02:06:59	4	1,798.531	61.642	40	0	0	0	0	0	0	1	1	0	0	60
2014/01/02-02:08:18	4	1,798.531	61.642	33	0	0	3	0	0	0	1	1	0	0	60
2014/01/02-02:09:36	4	1,798.531	61.642	1	0	1	0	0	0	0	1	0	0	1	6
2014/01/02-02:10:02	4	1,798.531	61.642	5	0	1	0	0	0	0	1	0	0	1	9
2014/01/02-02:26:22	5	1,787.746	59.426	41	0	0	0	2	0	0	1	1	0	0	60
2014/01/02-02:27:41	5	1,787.746	59.426	17	0	0	4	2	0	0	1	1	0	0	43
2014/01/02-02:28:43	5	1,787.746	59.426	16	0	0	0	2	0	0	1	1	0	0	27
2014/01/02-02:29:28	5	1,787.746	59.426	1	0	0	0	0	0	0	1	1	0	0	3
2014/01/02-02:29:51	5	1,787.746	59.426	10	0	0	0	0	0	0	1	1	0	0	60
2014/01/02-02:50:06	5	1,787.746	59.426	17	0	0	8	1	0	0	1	1	0	0	34
2014/01/02-02:50:58	5	1,787.746	59.426	2	0	0	0	0	0	0	1	0	0	1	60
2014/01/02-02:52:17	5	1,787.746	59.426	3	0	1	0	0	0	0	1	0	0	1	16
2014/01/02-02:53:07	5	1,787.746	59.426	14	0	0	4	0	0	0	1	1	0	0	47
2014/01/02-02:54:13	5	1,788.713	56.692	31	0	0	0	0	0	0	1	1	0	0	60
2014/01/02-06:24:34	4	1,788.47	62.812	14	0	0	0	0	0	0	1	1	0	0	60
2014/01/02-06:25:53	4	1,788.47	62.812	14	0	0	1	2	0	0	1	1	0	0	60
2014/01/02-06:27:12	4	1,788.47	62.812	33	0	0	3	0	0	0	1	1	0	0	60
2014/01/02-06:28:31	4	1,788.47	62.812	4	0	1	0	1	0	0	1	0	0	1	3
2014/01/02-06:28:53	4	1,788.47	62.812	8	0	0	0	0	0	0	1	1	0	0	17
2014/01/02-06:49:21	4	1,788.47	62.812	30	0	0	8	1	0	0	1	1	0	0	60
2014/01/02-06:50:40	4	1,788.47	62.812	16	0	1	0	0	0	0	1	0	0	1	33
2014/01/02-06:51:31	4	1,788.47	62.812	18	0	0	0	1	0	0	1	1	0	0	20
2014/01/02-06:52:11	4	1,788.47	62.812	33	0	0	10	1	0	0	1	1	0	0	60
2014/01/02-06:53:30	4	1,788.47	62.812	2	0	0	0	1	0	0	1	1	0	0	6
2014/01/02-07:09:51	3	1,822.305	58.19	2	0	0	0	0	0	0	1	1	0	0	13
2014/01/02-07:10:23	3	1,822.305	58.19	3	0	1	1	0	0	0	1	0	0	1	12
2014/01/02-07:11:17	3	1,822.305	58.19	23	0	0	4	1	0	0	1	1	0	0	53
2014/01/02-08:01:31	3	1,822.305	58.19	2	0	1	0	0	0	0	1	0	0	1	10
2014/01/02-08:02:13	3	1,822.305	58.19	24	0	0	5	1	0	0	1	1	0	0	54
2014/01/02-12:10:30	3	1,823.374	63.123	8	0	0	18	1	0	0	1	1	0	0	26
2014/01/02-12:11:15	3	1,823.374	63.123	3	0	0	1	0	0	1	1	0	0	1	16
2014/01/02-12:11:51	3	1,823.374	63.123	18	0	0	0	1	0	0	1	1	0	0	60
2014/01/02-12:13:10	3	1,823.374	63.123	3	0	0	0	1	0	0	1	1	0	0	5
2014/01/02-12:13:34	2	1,823.652	61.582	27	0	0	0	0	0	1	1	0	0	1	48
2014/01/02-12:33:03	2	1,823.652	61.582	1	0	1	1	0	0	0	1	0	0	1	15
2014/01/02-12:34:02	2	1,823.652	61.582	5	0	1	0	1	0	0	1	0	0	1	24
2014/01/02-12:34:45	2	1,823.652	61.582	6	0	1	0	0	0	0	1	0	0	1	15
2014/01/02-12:35:50	2	1,823.652	61.582	30	0	0	0	0	0	1	1	0	0	1	30
2014/01/02-12:36:59	2	1,823.652	61.582	18	0	0	19	1	0	0	1	1	0	0	42
2014/01/02-12:49:22	3	1,802.687	58.237	5	0	0	0	0	0	1	1	0	0	1	23
2014/01/02-12:50:05	3	1,802.687	58.237	13	0	0	0	1	0	0	1	1	0	0	30
2014/01/02-12:50:53	3	1,802.687	58.237	6	0	0	0	1	0	0	1	1	0	0	20
2014/01/02-12:51:33	3	1,802.687	58.237	28	0	0	3	0	0	0	1	1	0	0	60
2014/01/02-12:52:52	3	1,802.687	58.237	38	0	0	0	1	0	0	1	1	0	0	60
2014/01/02-16:20:34	3	1,822.384	61.993	3	0	0	0	0	0	0	1	1	0	0	10
2014/01/02-16:21:03	3	1,822.384	61.993	3	0	0	0	0	0	1	1	0	0	1	8
2014/01/02-16:21:30	3	1,822.384	61.993	22	0	1	4	0	0	0	1	0	0	1	50
2014/01/02-16:22:49	3	1,822.384	61.993	13	0	1	4	1	0	0	1	0	0	1	38
2014/01/02-16:23:46	3	1,822.384	61.993	6	0	0	8	1	0	0	1	1	0	0	32
2014/01/02-16:51:56	4	1,796.81	60.352	4	0	1	0	1	0	0	1	0	0	1	16
2014/01/02-16:53:16	4	1,796.81	60.352	25	0	0	6	0	0	0	1	0	0	1	60
2014/01/02-16:54:35	4	1,796.81	60.352	14	0	0	4	1	0	0	1	1	0	0	44
2014/01/02-16:55:38	4	1,796.81	60.352	1	0	1	0	0	0	0	1	0	0	1	4
2014/01/02-16:56:06	4	1,796.81	60.352	44	0	0	0	2	0	0	1	1	0	0	60
2014/01/02-17:08:37	4	1,796.81	60.352	2	0	0	0	0	0	0	1	1	0	0	8
2014/01/02-17:09:04	4	1,796.81	60.352	19	0	0	0	1	0	1	1	0	0	1	21
2014/01/02-17:09:44	4	1,796.81	60.352	4	0	1	0	0	0	0	1	0	0	1	20
2014/01/02-17:10:42	4	1,796.81	60.352	2	0	1	1	0	0	0	1	0	0	1	15
2014/01/02-17:11:42	4	1,796.81	60.352	3	0	0	0	0	0	1	1	0	0	1	8
2014/01/02-23:37:43	8	1,767.641	62.071	13	0	0	0	1	0	0	1	1	0	0	60
2014/01/02-23:39:02	8	1,767.641	62.071	37	0	0	0	0	0	0	1	1	0	0	60
2014/01/02-23:40:21	8	1,767.641	62.071	5	0	0	1	1	0	0	1	1	0	0	15
2014/01/02-23:40:54	8	1,767.641	62.071	9	0	0	0	2	0	0	1	1	0	0	16
2014/01/02-23:41:29	8	1,767.641	62.071	22	0	0	6	0	0	0	1	1	0	0	60
2014/01/03-00:03:53	8	1,780.148	60.101	24	0	0	4	0	0	0	1	1	0	0	60
2014/01/03-00:05:12	8	1,780.148	60.101	1	0	1	0	0	0	0	1	0	0	1	3
2014/01/03-00:06:31	8	1,780.148	60.101	6	0	1	2	0	0	0	1	0	0	1	19
2014/01/03-00:07:15	8	1,780.148	60.101	27	0	0	0	2	0	0	1	1	0	0	60
2014/01/03-00:08:34	8	1,780.148	60.101	36	0	0	0	2	0	0	1	1	0	0	60
2014/01/03-00:27:47	8	1,780.148	60.101	18	0	0	0	1	0	0	1	1	0	0	22
2014/01/03-00:28:28	8	1,780.148	60.101	5	0	0	0	0	0	0	1	1	0	0	17
2014/01/03-00:29:05	8	1,780.148	60.101	13	0	0	4	0	0	0	1	1	0	0	37
2014/01/03-00:30:01	8	1,780.148	60.101	28	0	0	4	0	0	0	1	1	0	0	60
2014/01/03-00:31:20	8	1,780.148	60.101	5	0	0	0	0	0	1	1	0	0	1	16
2014/01/03-04:42:52	8	1,780.611	64.539	17	0	0	4	1	0	0	1	1	0	0	60
2014/01/03-04:44:11	8	1,780.611	64.539	32	0	0	0	1	0	0	1	1	0	0	60
2014/01/03-04:45:30	8	1,780.611	64.539	23	0	0	3	0	0	0	1	1	0	0	60
2014/01/03-04:46:49	8	1,780.611	64.539	19	0	0	17	1	0	0	1	1	0	0	60
2014/01/03-04:48:08	8	1,780.611	64.539	1	0	1	0	1	0	0	1	0	0	1	6
2014/01/03-05:09:48	8	1,781.01	62.241	1	0	1	0	0	0	0	1	0	0	1	7
2014/01/03-05:10:28	8	1,781.01	62.241	29	0	0	0	0	0	0	1	1	0	0	60
2014/01/03-05:11:46	8	1,781.01	62.241	2	0	0	0	1	0	0	1	1	0	0	8
2014/01/03-05:12:13	8	1,781.01	62.241	35	0	0	12	1	0	0	1	1	0	0	60
2014/01/03-05:13:32	8	1,781.01	62.241	14	0	0	0	0	0	0	1	1	0	0	42
2014/01/03-05:33:55	8	1,781.01	62.241	13	0	0	0	0	0	0	1	0	0	1	60
2014/01/03-05:35:14	8	1,781.01	62.241	1	0	1	0	0	0	0	1	0	0	1	17
2014/01/03-05:35:54	8	1,781.01	62.241	3	0	1	0	0	0	0	1	0	0	1	15
2014/01/03-05:37:14	8	1,781.01	62.241	25	0	0	4	1	0	0	1	1	0	0	60
2014/01/03-05:38:33	8	1,781.01	62.241	17	0	0	5	1	0	0	1	1	0	0	60
2014/01/03-15:44:12	6	1,795.159	66.506	16	0	0	4	0	0	1	1	0	0	1	32
2014/01/03-15:45:32	6	1,795.159	66.506	28	0	0	0	1	0	0	1	1	0	0	60
2014/01/03-15:46:57	6	1,795.159	66.506	1	0	0	0	0	0	1	1	0	0	1	3
2014/01/03-15:47:26	6	1,795.159	66.506	23	0	0	1	0	0	0	1	0	0	1	60
2014/01/03-15:48:51	6	1,795.159	66.506	3	0	1	0	0	0	0	1	0	0	1	15
2014/01/03-15:49:31	6	1,795.159	66.506	19	0	0	0	2	0	0	1	1	0	0	23
