2013/09/02-21:57:12	44	1,500	352.012	2	0	0	0	1	0	1	1	0	0	1	6
2013/09/02-22:01:41	44	1,500	352.012	4	0	0	0	0	0	1	1	0	0	1	14
2013/09/02-22:02:56	44	1,500	352.012	10	0	0	3	0	0	0	1	1	0	0	59
2013/09/02-22:11:48	44	1,500	352.012	0	0	1	0	0	0	0	1	0	0	1	6
2013/09/02-22:15:44	44	1,500	352.012	0	0	1	0	0	0	0	1	0	0	1	25
2013/09/02-22:31:18	44	1,500	352.012	4	0	1	2	0	0	0	1	0	0	1	36
2013/09/02-22:32:37	44	1,500	352.012	3	0	0	20	2	0	0	1	1	0	0	27
2013/09/02-22:33:23	44	1,500	352.012	3	0	1	0	0	0	0	1	0	0	1	8
2013/09/02-22:33:50	44	1,500	352.012	6	0	1	0	0	0	0	1	0	0	1	16
2013/09/02-22:34:25	44	1,500	352.012	13	0	0	5	1	0	0	1	1	0	0	60
2013/09/02-22:47:21	30	1,725.154	265.281	1	0	1	0	0	0	0	1	0	0	1	3
2013/09/02-22:48:01	30	1,725.154	265.281	0	0	1	0	0	0	0	1	0	0	1	4
2013/09/02-22:48:52	30	1,725.154	265.281	3	0	1	0	0	0	0	1	0	0	1	9
2013/09/02-22:49:53	30	1,725.154	265.281	2	0	1	0	0	0	0	1	0	0	1	13
2013/09/02-22:50:28	30	1,725.154	265.281	1	0	0	0	1	0	1	1	0	0	1	5
2013/09/03-10:37:28	41	1,523.126	218.665	10	0	0	8	0	0	0	1	0	1	0	60
2013/09/03-10:38:47	41	1,523.126	218.665	3	0	1	0	0	0	0	1	0	0	1	9
2013/09/03-10:39:20	41	1,523.126	218.665	11	0	0	22	0	0	0	1	1	0	0	60
2013/09/03-10:40:39	41	1,523.126	218.665	0	0	1	0	0	0	0	1	0	0	1	7
2013/09/03-10:41:46	41	1,523.126	218.665	3	0	1	0	0	0	0	1	0	0	1	7
2013/09/03-10:57:47	53	1,437.618	179.178	4	0	0	0	1	0	1	1	0	0	1	13
2013/09/03-10:58:19	53	1,437.618	179.178	5	0	0	3	1	0	0	1	1	0	0	50
2013/09/03-10:59:28	53	1,437.618	179.178	2	0	1	1	0	0	0	1	0	0	1	14
2013/09/03-11:00:13	53	1,437.618	179.178	7	0	1	0	1	0	0	1	0	0	1	44
2013/09/03-11:01:16	53	1,437.618	179.178	0	0	1	0	0	0	0	1	0	0	1	6
2013/09/03-15:02:08	53	1,437.618	179.178	1	0	0	0	1	0	1	1	0	0	1	6
2013/09/03-15:02:34	46	1,478.174	149.741	12	0	0	22	0	0	0	1	1	0	0	60
2013/09/03-15:03:53	46	1,478.174	149.741	2	0	1	0	0	0	0	1	0	0	1	12
2013/09/03-15:04:45	46	1,478.174	149.741	5	0	1	0	0	0	0	1	0	0	1	14
2013/09/03-15:05:27	46	1,478.174	149.741	0	0	1	0	0	0	0	1	0	0	1	4
2013/09/03-19:08:00	44	1,495.36	133.756	0	0	1	0	0	0	0	1	0	0	1	6
2013/09/03-19:08:38	44	1,495.36	133.756	11	0	0	6	1	0	0	1	1	0	0	59
2013/09/03-19:09:55	44	1,495.36	133.756	1	0	0	11	0	0	0	1	1	0	0	10
2013/09/03-19:10:25	44	1,495.36	133.756	6	0	0	0	0	0	1	1	0	0	1	18
2013/09/03-19:11:11	44	1,495.36	133.756	1	0	0	0	0	0	0	1	1	0	0	3
2013/09/03-19:24:22	35	1,603.599	115.565	7	0	1	0	1	0	0	1	0	0	1	37
2013/09/03-19:25:18	35	1,603.599	115.565	2	0	0	0	0	0	1	1	0	0	1	7
2013/09/03-19:25:49	35	1,603.599	115.565	0	0	1	0	0	0	0	1	0	0	1	6
2013/09/03-19:26:26	35	1,603.599	115.565	13	0	0	5	1	0	0	1	1	0	0	60
2013/09/03-19:27:45	35	1,603.599	115.565	3	0	1	0	0	0	0	1	0	0	1	7
2013/09/03-19:37:06	35	1,603.599	115.565	12	0	0	11	0	0	0	1	0	0	1	60
2013/09/03-19:38:25	35	1,603.599	115.565	13	0	0	5	0	0	0	1	1	0	0	60
2013/09/03-19:39:44	35	1,603.599	115.565	12	0	0	4	0	0	0	1	1	0	0	60
2013/09/03-19:41:03	35	1,603.599	115.565	12	0	0	18	0	0	0	1	0	0	1	60
2013/09/03-19:42:22	35	1,603.599	115.565	3	0	0	1	0	0	0	1	1	0	0	12
2013/09/03-23:49:29	34	1,644.681	100.761	1	0	0	1	0	0	0	1	1	0	0	60
2013/09/03-23:50:48	34	1,644.681	100.761	1	0	0	0	0	0	0	1	1	0	0	3
2013/09/03-23:51:10	34	1,644.681	100.761	2	0	1	0	1	0	0	1	0	0	1	7
2013/09/03-23:52:29	34	1,644.681	100.761	4	0	0	0	0	0	1	1	0	0	1	12
2013/09/03-23:53:47	34	1,644.681	100.761	13	0	0	7	0	0	0	1	1	0	0	54
2013/09/04-11:04:19	34	1,644.681	100.761	3	0	1	0	0	0	0	1	0	0	1	19
2013/09/04-11:05:02	34	1,644.681	100.761	0	0	1	0	0	0	0	1	0	0	1	5
2013/09/04-11:05:30	34	1,644.681	100.761	4	0	0	2	0	0	0	1	1	0	0	60
2013/09/04-11:06:49	34	1,644.681	100.761	7	0	0	1	0	0	0	1	1	0	0	60
2013/09/04-11:08:08	34	1,644.681	100.761	8	0	0	8	0	0	0	1	1	0	0	60
2013/09/04-11:27:06	35	1,635.392	86.18	2	0	1	0	0	0	0	1	0	0	1	7
2013/09/04-11:27:32	35	1,635.392	86.18	9	0	0	21	0	0	0	1	0	0	1	60
2013/09/04-11:28:51	35	1,635.392	86.18	1	0	1	0	0	0	0	1	0	0	1	6
2013/09/04-15:26:57	35	1,635.392	86.18	0	0	1	0	0	0	0	1	0	0	1	6
2013/09/04-15:27:29	35	1,635.392	86.18	2	0	0	1	1	0	0	1	1	0	0	30
2013/09/04-19:23:31	35	1,641.04	83.329	2	0	0	0	2	0	0	1	1	0	0	8
2013/09/04-19:23:58	35	1,641.04	83.329	0	0	0	0	0	0	0	1	0	0	1	60
2013/09/04-19:25:17	35	1,641.04	83.329	6	0	0	4	0	0	0	1	1	0	0	53
2013/09/04-19:26:29	35	1,641.04	83.329	0	0	1	0	0	0	0	1	0	0	1	6
2013/09/04-19:26:57	35	1,641.04	83.329	0	0	1	0	0	0	0	1	0	0	1	3
2013/09/04-19:45:07	34	1,640.588	76.861	3	0	1	0	0	0	0	1	0	0	1	8
2013/09/04-19:45:42	34	1,640.588	76.861	10	0	0	7	0	0	0	1	1	0	0	60
2013/09/04-19:47:01	34	1,640.588	76.861	1	0	1	0	2	0	0	1	0	0	1	4
2013/09/04-19:47:25	34	1,640.588	76.861	7	0	0	0	1	0	0	1	1	0	0	39
2013/09/04-19:48:24	34	1,640.588	76.861	0	0	1	0	0	0	0	1	0	0	1	6
2013/09/04-20:41:52	34	1,640.973	71.222	0	0	1	0	0	0	0	1	0	0	1	6
2013/09/04-20:42:29	34	1,640.973	71.222	1	0	1	0	0	0	0	1	0	0	1	6
2013/09/04-20:42:53	34	1,640.973	71.222	3	0	1	0	0	0	0	1	0	0	1	7
2013/09/04-20:44:12	34	1,640.973	71.222	11	0	0	8	0	0	0	1	1	0	0	60
2013/09/04-20:45:31	34	1,640.973	71.222	7	0	0	22	0	0	0	1	1	0	0	38
2013/09/05-02:04:40	35	1,637.111	71.905	12	0	0	13	0	0	0	1	1	0	0	60
2013/09/05-02:05:59	35	1,637.111	71.905	9	0	0	22	1	0	0	1	1	0	0	54
2013/09/05-02:07:13	35	1,637.111	71.905	5	0	1	0	1	0	0	1	0	0	1	19
2013/09/05-02:07:51	35	1,637.111	71.905	0	0	1	0	0	0	0	1	0	0	1	6
2013/09/05-02:08:17	35	1,637.111	71.905	12	0	0	6	0	0	0	1	1	0	0	60
2013/09/05-02:23:27	35	1,631.527	67.43	1	0	1	0	0	0	0	1	0	0	1	3
2013/09/05-02:24:01	35	1,631.527	67.43	0	0	1	0	0	0	0	1	0	0	1	3
2013/09/05-02:25:05	35	1,631.527	67.43	1	0	1	0	0	0	0	1	0	0	1	3
2013/09/05-02:25:40	35	1,631.527	67.43	14	0	0	5	0	0	0	1	1	0	0	60
2013/09/05-02:26:59	35	1,631.527	67.43	7	0	0	20	1	0	0	1	1	0	0	60
2013/09/05-02:41:19	35	1,631.527	67.43	1	0	0	0	0	0	0	1	1	0	0	12
2013/09/05-02:41:50	35	1,631.527	67.43	1	0	0	0	1	0	1	1	0	0	1	4
2013/09/05-02:42:12	35	1,631.527	67.43	5	0	0	2	0	0	0	1	1	0	0	40
2013/09/05-02:43:11	35	1,631.527	67.43	1	0	1	0	0	0	0	1	0	0	1	4
2013/09/05-02:43:37	35	1,631.527	67.43	1	0	1	0	0	0	0	1	0	0	1	3
2013/09/05-04:10:48	36	1,614.212	63.402	1	0	0	0	0	0	1	1	0	0	1	3
2013/09/05-04:11:13	36	1,614.212	63.402	1	0	0	0	0	0	0	1	1	0	0	6
2013/09/05-04:11:38	36	1,614.212	63.402	3	0	0	1	0	0	0	1	1	0	0	10
2013/09/05-04:12:06	36	1,614.212	63.402	2	0	0	0	0	0	0	1	1	0	0	10
2013/09/05-04:12:36	36	1,614.212	63.402	0	0	0	0	0	0	0	1	1	0	0	6
2013/09/05-04:23:06	36	1,614.212	63.402	4	0	1	0	0	0	0	1	0	0	1	10
2013/09/05-04:23:35	36	1,614.212	63.402	12	0	0	6	0	0	0	1	1	0	0	60
2013/09/05-04:24:54	36	1,614.212	63.402	3	0	1	0	0	0	0	1	0	0	1	7
2013/09/05-04:25:20	36	1,614.212	63.402	9	0	0	22	0	0	0	1	1	0	0	60
2013/09/05-04:26:39	36	1,614.212	63.402	2	0	0	0	2	0	0	1	1	0	0	6
2013/09/05-04:33:36	36	1,616.505	62.616	0	0	1	0	0	0	0	1	0	0	1	3
2013/09/05-07:49:12	36	1,616.505	62.616	3	0	1	0	0	0	0	1	0	0	1	10
2013/09/05-07:49:47	36	1,616.505	62.616	3	0	1	0	0	0	0	1	0	0	1	10
2013/09/05-07:50:59	36	1,616.505	62.616	1	0	0	0	3	0	1	1	1	0	0	3
2013/09/05-07:51:21	36	1,616.505	62.616	8	0	0	19	0	0	0	1	0	0	1	60
2013/09/07-10:12:41	34	1,643.769	72.177	6	0	0	5	0	0	0	1	1	0	0	60
2013/09/07-10:14:02	34	1,643.769	72.177	5	0	0	4	0	0	0	1	1	0	0	42
2013/09/07-10:15:03	34	1,643.769	72.177	12	0	0	6	0	0	0	1	1	0	0	60
2013/09/07-10:16:22	34	1,643.769	72.177	11	0	0	4	0	0	0	1	1	0	0	60
2013/09/07-10:17:41	34	1,643.769	72.177	4	0	1	2	0	0	0	1	0	0	1	15
2013/09/07-10:47:54	33	1,663.012	67.56	8	0	0	6	0	0	0	1	1	0	0	60
2013/09/07-10:49:13	33	1,663.012	67.56	7	0	0	5	0	0	0	1	1	0	0	60
2013/09/07-10:50:32	33	1,663.012	67.56	8	0	0	2	0	0	0	1	0	0	1	60
2013/09/07-10:51:50	33	1,663.012	67.56	3	0	1	4	0	0	0	1	0	0	1	42
2013/09/07-10:52:51	33	1,663.012	67.56	4	0	1	1	0	0	0	1	0	0	1	17
2013/09/07-11:09:41	33	1,663.012	67.56	5	0	0	3	0	0	1	1	0	0	1	17
2013/09/07-11:10:41	33	1,659.281	63.088	10	0	0	5	0	0	0	1	0	0	1	60
2013/09/07-11:12:00	33	1,659.281	63.088	10	0	0	5	0	0	0	1	1	0	0	60
2013/09/07-11:13:19	33	1,659.281	63.088	13	0	0	7	0	0	0	1	1	0	0	60
2013/09/07-11:15:55	33	1,659.281	63.088	8	0	1	5	0	0	0	1	0	0	1	46
2013/09/08-23:06:15	33	1,660.72	64.638	10	0	0	7	0	0	0	1	0	0	1	60
2013/09/08-23:07:34	33	1,660.72	64.638	7	0	1	2	0	0	0	1	0	0	1	20
2013/09/08-23:08:53	33	1,660.72	64.638	8	0	0	5	0	0	0	1	1	0	0	43
2013/09/08-23:09:55	33	1,660.72	64.638	11	0	0	5	0	0	0	1	1	0	0	60
2013/09/08-23:11:13	33	1,660.72	64.638	12	0	0	2	0	0	0	1	1	0	0	60
2013/09/09-00:25:05	33	1,674.142	61.256	9	0	0	6	1	0	0	1	1	0	0	60
2013/09/09-00:26:25	33	1,674.142	61.256	4	0	0	3	0	0	0	1	1	0	0	31
2013/09/09-00:27:15	33	1,674.142	61.256	3	0	0	1	0	0	1	1	0	0	1	9
2013/09/09-00:32:06	33	1,674.142	61.256	9	0	0	6	0	0	0	1	1	0	0	60
2013/09/09-00:33:25	33	1,674.142	61.256	6	0	0	2	1	0	0	1	1	0	0	40
2013/09/09-01:09:56	33	1,674.142	61.256	11	0	0	5	0	0	0	1	0	0	1	60
2013/09/09-01:11:15	33	1,674.142	61.256	10	0	0	7	0	0	0	1	1	0	0	60
2013/09/09-01:12:33	33	1,674.142	61.256	11	0	0	7	0	0	0	1	1	0	0	60
2013/09/09-01:13:52	31	1,702.24	56.83	12	0	0	4	0	0	0	1	0	0	1	60
2013/09/09-01:15:11	31	1,702.24	56.83	7	0	0	5	0	0	0	1	1	0	0	60
2013/09/10-01:37:43	30	1,707.37	60.546	7	0	1	4	0	0	0	1	0	0	1	33
2013/09/10-01:39:02	30	1,707.37	60.546	16	0	0	6	0	0	1	1	0	0	1	59
2013/09/10-01:40:19	30	1,707.37	60.546	8	0	1	2	0	0	0	1	0	0	1	38
2013/09/10-01:41:38	30	1,707.37	60.546	3	0	1	0	0	0	0	1	0	0	1	18
2013/09/10-01:42:57	30	1,707.37	60.546	5	0	1	3	0	0	0	1	0	0	1	44
2013/09/10-08:50:35	30	1,707.37	60.546	9	0	0	8	0	0	0	1	1	0	0	60
2013/09/10-08:51:54	30	1,707.37	60.546	10	0	0	8	0	0	0	1	1	0	0	60
2013/09/10-08:53:12	30	1,707.37	60.546	12	0	0	7	0	0	0	1	1	0	0	60
2013/09/10-08:54:31	30	1,707.37	60.546	10	0	0	4	0	0	0	1	1	0	0	60
2013/09/10-08:55:50	26	1,734.857	55.777	10	0	0	7	0	0	0	1	1	0	0	60
2013/09/10-17:54:43	26	1,734.857	55.777	8	0	1	7	0	0	0	1	0	0	1	58
2013/09/10-17:56:19	26	1,734.857	55.777	8	0	0	4	0	0	0	1	1	0	0	42
2013/09/10-17:57:20	26	1,734.857	55.777	6	0	0	1	0	0	0	1	0	0	1	60
2013/09/10-17:58:38	26	1,734.857	55.777	7	0	1	6	0	0	0	1	0	0	1	57
2013/09/10-17:59:54	26	1,734.857	55.777	3	0	0	1	0	0	1	1	0	0	1	14
2013/09/11-07:09:28	23	1,753.58	60.434	10	0	0	4	0	0	0	1	1	0	0	60
2013/09/11-07:10:48	23	1,753.58	60.434	9	0	0	10	0	0	0	1	1	0	0	58
2013/09/11-07:12:05	23	1,753.58	60.434	4	0	1	2	0	0	0	1	0	0	1	27
2013/09/11-07:15:35	23	1,753.58	60.434	8	0	0	2	1	0	0	1	1	0	0	60
2013/09/11-07:17:00	23	1,753.58	60.434	10	0	0	7	0	0	1	1	0	0	1	52
2013/09/11-08:27:18	23	1,753.58	60.434	6	0	0	1	0	0	0	1	0	0	1	60
2013/09/11-08:28:37	23	1,753.58	60.434	6	0	1	1	0	0	0	1	0	0	1	28
2013/09/11-08:29:24	23	1,753.58	60.434	4	0	1	3	0	0	0	1	0	0	1	22
2013/09/11-08:30:42	24	1,769.926	56.013	5	0	0	3	0	0	0	1	0	0	1	60
2013/09/11-08:32:01	24	1,769.926	56.013	6	0	1	2	0	0	0	1	0	0	1	21
2013/09/11-08:51:33	24	1,769.926	56.013	5	0	1	1	0	0	0	1	0	0	1	27
2013/09/11-08:52:52	24	1,769.926	56.013	8	0	0	2	0	0	0	1	0	0	1	60
2013/09/11-08:54:11	24	1,769.926	56.013	4	0	0	0	0	0	1	1	0	0	1	18
2013/09/11-08:55:06	24	1,769.926	56.013	7	0	0	3	0	0	0	1	1	0	0	60
2013/09/11-08:56:25	24	1,769.926	56.013	8	0	0	6	0	0	0	1	1	0	0	60
2013/09/11-18:23:06	24	1,763.634	59.376	10	0	0	4	0	0	0	1	0	0	1	60
2013/09/11-20:31:18	24	1,763.634	59.376	13	0	0	4	1	0	0	1	1	0	0	60
2013/09/11-20:32:42	24	1,763.634	59.376	6	0	0	3	0	0	0	1	0	0	1	60
2013/09/11-20:34:00	24	1,763.634	59.376	9	0	0	2	0	0	0	1	0	0	1	60
2013/09/11-20:35:19	24	1,763.634	59.376	9	0	0	4	0	0	0	1	0	0	1	60
2013/09/11-22:06:47	23	1,775.609	56.496	4	0	1	1	0	0	0	1	0	0	1	43
2013/09/11-22:08:06	23	1,775.609	56.496	3	0	1	1	0	0	0	1	0	0	1	19
2013/09/11-22:08:56	23	1,775.609	56.496	4	0	0	1	0	0	1	1	0	0	1	23
2013/09/11-22:10:15	23	1,775.609	56.496	6	0	1	5	0	0	0	1	0	0	1	56
2013/09/11-22:11:34	23	1,775.609	56.496	7	0	1	2	0	0	0	1	0	0	1	49
2013/09/11-22:26:55	23	1,775.609	56.496	6	0	1	3	0	0	0	1	0	0	1	52
2013/09/11-22:28:14	23	1,775.609	56.496	8	0	1	1	0	0	0	1	0	0	1	51
2013/09/11-22:29:33	25	1,734.881	53.177	8	0	1	4	0	0	0	1	0	0	1	53
2013/09/11-22:30:45	25	1,734.881	53.177	7	0	1	3	0	0	0	1	0	0	1	46
2013/09/11-22:32:03	25	1,734.881	53.177	11	0	1	3	0	0	0	1	0	0	1	51
2013/09/12-13:04:30	26	1,731.213	58.947	6	0	0	1	0	0	0	1	0	0	1	60
2013/09/12-13:05:49	26	1,731.213	58.947	6	0	0	3	0	0	0	1	0	0	1	60
2013/09/12-13:07:08	26	1,731.213	58.947	9	0	0	1	0	0	0	1	0	0	1	60
2013/09/12-13:08:27	26	1,731.213	58.947	8	0	1	2	0	0	0	1	0	0	1	38
2013/09/12-13:09:24	26	1,731.213	58.947	7	0	1	2	0	0	0	1	0	0	1	43
2013/09/13-09:01:33	25	1,751.183	57.293	12	0	0	4	0	0	0	1	1	0	0	60
2013/09/13-09:02:53	25	1,751.183	57.293	8	0	0	1	0	0	0	1	1	0	0	50
2013/09/13-09:04:02	25	1,751.183	57.293	12	0	0	3	0	0	0	1	0	0	1	60
2013/09/13-09:05:20	25	1,751.183	57.293	4	0	0	3	0	0	0	1	1	0	0	23
2013/09/13-09:06:02	25	1,751.183	57.293	9	0	0	2	1	0	1	1	0	0	1	38
2013/09/13-09:25:18	25	1,751.183	57.293	4	0	0	4	0	0	0	1	0	0	1	60
2013/09/13-09:26:36	25	1,751.183	57.293	4	0	0	3	0	0	0	1	0	0	1	60
2013/09/13-09:27:55	25	1,751.183	57.293	7	0	0	4	0	0	0	1	1	0	0	60
2013/09/13-09:34:59	25	1,751.183	57.293	4	0	0	1	0	0	1	1	0	0	1	41
2013/09/13-09:36:19	25	1,751.183	57.293	12	0	0	5	0	0	0	1	1	0	0	60
2013/09/13-10:01:08	23	1,808.143	54.459	4	0	1	0	0	0	0	1	0	0	1	31
2013/09/13-10:01:58	23	1,808.143	54.459	6	0	1	2	0	0	0	1	0	0	1	33
2013/09/13-10:03:16	23	1,808.143	54.459	4	0	1	3	0	0	0	1	0	0	1	38
2013/09/13-10:04:35	23	1,808.143	54.459	4	0	1	4	0	0	0	1	0	0	1	31
2013/09/13-10:05:43	23	1,808.143	54.459	2	0	1	0	0	0	0	1	0	0	1	11
2013/09/13-23:05:43	23	1,798.814	67.793	13	0	0	9	0	0	0	1	1	0	0	60
2013/09/13-23:07:02	23	1,798.814	67.793	6	0	0	1	0	0	0	1	1	0	0	29
2013/09/13-23:07:50	23	1,798.814	67.793	13	0	0	5	0	0	0	1	1	0	0	60
2013/09/13-23:09:08	23	1,798.814	67.793	4	0	1	2	0	0	0	1	0	0	1	26
2013/09/13-23:10:01	23	1,798.814	67.793	11	0	0	5	0	0	0	1	1	0	0	60
2013/09/13-23:27:17	23	1,798.814	67.793	4	0	1	5	0	0	0	1	0	0	1	22
2013/09/13-23:28:35	23	1,798.814	67.793	4	0	1	0	0	0	0	1	0	0	1	51
2013/09/13-23:29:54	23	1,798.814	67.793	8	0	1	5	0	0	0	1	0	0	1	45
2013/09/13-23:31:13	23	1,798.814	67.793	4	0	1	5	0	0	0	1	0	0	1	39
2013/09/13-23:32:32	23	1,798.814	67.793	10	0	0	4	0	0	0	1	0	0	1	60
2013/09/13-23:42:12	23	1,791.325	63.085	6	0	0	6	0	0	0	1	1	0	0	60
2013/09/13-23:43:31	23	1,791.325	63.085	11	0	0	1	0	0	1	1	0	0	1	50
2013/09/13-23:49:12	23	1,791.325	63.085	10	0	0	4	0	0	1	1	0	0	1	56
2013/09/13-23:50:31	23	1,791.325	63.085	10	0	0	5	1	0	1	1	0	0	1	51
2013/09/13-23:51:50	23	1,791.325	63.085	9	0	0	4	0	0	0	1	0	0	1	60
2013/09/14-02:22:02	24	1,786.949	60.757	11	0	0	3	1	0	0	1	1	0	0	48
2013/09/14-02:23:09	24	1,786.949	60.757	4	0	0	2	1	0	0	1	1	0	0	18
2013/09/14-02:23:46	24	1,786.949	60.757	8	0	1	1	0	0	0	1	0	0	1	36
2013/09/14-02:24:40	24	1,786.949	60.757	10	0	0	4	1	0	0	1	1	0	0	60
2013/09/14-02:25:59	24	1,786.949	60.757	8	0	0	6	0	0	0	1	1	0	0	60
2013/09/14-02:44:29	23	1,796.865	59.038	9	0	0	6	0	0	0	1	0	0	1	60
2013/09/14-02:45:48	23	1,796.865	59.038	8	0	0	7	0	0	0	1	0	0	1	60
2013/09/14-02:47:06	23	1,796.865	59.038	13	0	0	5	0	0	0	1	1	0	0	60
2013/09/14-02:48:25	23	1,796.865	59.038	9	0	0	3	0	0	0	1	0	0	1	60
2013/09/14-02:49:44	23	1,796.865	59.038	5	0	0	1	0	0	1	1	0	0	1	16
2013/09/14-03:02:04	23	1,796.865	59.038	11	0	0	4	1	0	1	1	0	0	1	54
2013/09/14-03:03:17	23	1,796.865	59.038	6	0	0	5	0	0	0	1	1	0	0	60
2013/09/14-03:04:36	23	1,796.865	59.038	4	0	1	1	0	0	0	1	0	0	1	25
2013/09/14-03:05:33	23	1,796.865	59.038	8	0	1	5	0	0	0	1	0	0	1	45
2013/09/14-03:06:42	23	1,796.865	59.038	10	0	0	6	0	0	0	1	0	0	1	60
2013/09/14-05:23:21	22	1,803.395	58.313	9	0	0	5	0	0	0	1	1	0	0	60
2013/09/14-05:24:39	22	1,803.395	58.313	7	0	0	5	0	0	0	1	1	0	0	60
2013/09/14-05:25:58	22	1,803.395	58.313	12	0	0	4	1	0	0	1	1	0	0	60
2013/09/14-05:27:17	22	1,803.395	58.313	3	0	0	1	1	0	0	1	1	0	0	15
2013/09/14-05:27:50	22	1,803.395	58.313	8	0	0	2	0	0	0	1	1	0	0	36
2013/09/14-05:50:15	22	1,813.904	57.37	11	0	0	4	0	0	0	1	0	0	1	60
2013/09/14-05:51:34	22	1,813.904	57.37	13	0	0	5	0	0	0	1	1	0	0	60
2013/09/14-05:52:52	22	1,813.904	57.37	8	0	0	7	0	0	0	1	1	0	0	60
2013/09/14-05:54:11	22	1,813.904	57.37	11	0	0	4	0	0	0	1	1	0	0	60
2013/09/14-05:55:30	22	1,813.904	57.37	9	0	0	8	0	0	0	1	1	0	0	60
2013/09/14-06:09:07	22	1,813.904	57.37	11	0	0	4	0	0	0	1	0	0	1	60
2013/09/14-06:10:26	22	1,813.904	57.37	13	0	1	4	0	0	0	1	0	0	1	52
2013/09/14-06:11:37	22	1,813.904	57.37	8	0	0	6	0	0	0	1	1	0	0	60
2013/09/14-06:12:56	22	1,813.904	57.37	6	0	0	5	0	0	0	1	1	0	0	60
2013/09/14-06:14:14	22	1,813.904	57.37	12	0	0	4	0	0	0	1	0	0	1	60
2013/09/14-11:29:52	20	1,834.612	59.233	10	0	1	2	0	0	0	1	0	0	1	41
2013/09/14-11:30:53	20	1,834.612	59.233	1	0	0	1	0	0	0	1	1	0	0	16
2013/09/14-11:31:27	20	1,834.612	59.233	2	0	1	0	0	0	0	1	0	0	1	18
2013/09/14-11:32:04	20	1,834.612	59.233	5	0	1	2	0	0	0	1	0	0	1	21
2013/09/14-11:32:44	20	1,834.612	59.233	2	0	1	1	0	0	0	1	0	0	1	19
2013/09/14-11:59:21	20	1,834.612	59.233	1	0	1	0	0	0	0	1	0	0	1	7
2013/09/14-12:00:16	20	1,834.612	59.233	13	0	1	2	0	0	0	1	0	0	1	48
2013/09/14-12:01:35	20	1,834.612	59.233	5	0	1	1	0	0	0	1	0	0	1	29
2013/09/14-12:02:54	20	1,834.612	59.233	12	0	0	4	0	0	0	1	1	0	0	60
2013/09/14-12:04:13	20	1,834.612	59.233	8	0	0	4	0	0	0	1	1	0	0	60
2013/09/14-12:17:16	22	1,812.818	55.956	13	0	0	3	0	0	0	1	0	0	1	60
2013/09/14-12:18:35	22	1,812.818	55.956	11	0	0	4	0	0	0	1	1	0	0	60
2013/09/14-12:19:53	22	1,812.818	55.956	9	0	0	4	0	0	0	1	0	0	1	60
2013/09/14-12:21:12	22	1,812.818	55.956	14	0	0	5	0	0	0	1	0	0	1	60
2013/09/14-12:22:31	22	1,812.818	55.956	8	0	0	1	0	0	0	1	0	0	1	60
2013/09/14-15:39:41	22	1,812.085	58.071	2	0	0	0	0	0	0	1	1	0	0	8
2013/09/14-15:40:08	22	1,812.085	58.071	11	0	0	5	0	0	0	1	1	0	0	60
2013/09/14-15:41:27	22	1,812.085	58.071	12	0	0	5	0	0	0	1	1	0	0	60
2013/09/14-15:42:45	22	1,812.085	58.071	9	0	0	3	1	0	0	1	1	0	0	36
2013/09/14-15:43:41	22	1,812.085	58.071	12	0	0	2	0	0	0	1	1	0	0	60
2013/09/14-15:54:37	22	1,818.449	57.531	6	0	1	1	0	0	0	1	0	0	1	37
2013/09/14-15:55:56	22	1,818.449	57.531	9	0	0	2	0	0	0	1	0	0	1	60
2013/09/14-15:57:15	22	1,818.449	57.531	7	0	0	7	0	0	0	1	0	0	1	60
2013/09/14-15:58:33	22	1,818.449	57.531	4	0	0	0	0	0	0	1	1	0	0	23
2013/09/14-15:59:15	22	1,818.449	57.531	5	0	0	1	0	0	1	1	0	0	1	14
2013/09/14-16:11:59	22	1,818.449	57.531	4	0	1	1	0	0	0	1	0	0	1	15
2013/09/14-16:13:17	22	1,818.449	57.531	4	0	0	3	0	0	1	1	0	0	1	41
2013/09/14-16:14:36	22	1,818.449	57.531	1	0	1	0	0	0	0	1	0	0	1	9
2013/09/14-16:15:29	22	1,818.449	57.531	2	0	1	3	0	0	0	1	0	0	1	20
2013/09/14-16:16:18	22	1,818.449	57.531	9	0	0	4	1	0	0	1	1	0	0	60
2013/09/14-19:21:53	22	1,782.771	58.981	4	0	0	1	0	0	0	1	1	0	0	15
2013/09/14-19:22:26	22	1,782.771	58.981	3	0	0	0	0	0	0	1	1	0	0	6
2013/09/14-19:22:51	22	1,782.771	58.981	3	0	0	2	0	0	0	1	1	0	0	9
2013/09/14-19:23:19	22	1,782.771	58.981	5	0	0	2	0	0	0	1	1	0	0	23
2013/09/14-19:24:01	22	1,782.771	58.981	8	0	0	5	0	0	0	1	1	0	0	30
2013/09/14-19:32:23	22	1,782.771	58.981	3	0	0	0	0	0	1	1	0	0	1	12
2013/09/14-19:33:21	22	1,782.771	58.981	6	0	0	5	0	0	0	1	1	0	0	60
2013/09/14-19:34:39	22	1,781.904	57.917	4	0	1	1	0	0	0	1	0	0	1	48
2013/09/14-19:35:58	22	1,781.904	57.917	4	0	1	1	1	0	0	1	0	0	1	22
2013/09/14-19:37:17	22	1,781.904	57.917	6	0	1	2	0	0	0	1	0	0	1	27
2013/09/14-19:48:18	22	1,781.904	57.917	9	0	0	7	0	0	0	1	1	0	0	60
2013/09/14-19:49:37	22	1,781.904	57.917	13	0	0	6	1	0	0	1	1	0	0	60
2013/09/14-19:50:56	22	1,781.904	57.917	3	0	0	2	0	0	0	1	1	0	0	23
2013/09/14-19:51:38	22	1,781.904	57.917	11	0	0	7	0	0	0	1	1	0	0	60
2013/09/14-19:52:57	22	1,781.904	57.917	7	0	0	2	0	0	0	1	1	0	0	43
2013/09/15-00:24:24	24	1,777.993	61.956	7	0	1	2	0	0	0	1	0	0	1	45
2013/09/15-00:25:29	24	1,777.993	61.956	6	0	1	2	0	0	0	1	0	0	1	45
2013/09/15-00:26:32	24	1,777.993	61.956	10	0	0	5	0	0	0	1	1	0	0	60
2013/09/15-00:27:51	24	1,777.993	61.956	5	0	0	1	0	0	1	1	0	0	1	23
2013/09/15-00:28:32	24	1,777.993	61.956	4	0	0	1	0	0	1	1	0	0	1	12
2013/09/15-00:44:49	26	1,758.742	60.63	5	0	0	6	0	0	0	1	1	0	0	60
2013/09/15-00:46:08	26	1,758.742	60.63	13	0	0	3	0	0	0	1	1	0	0	60
2013/09/15-00:47:27	26	1,758.742	60.63	15	0	0	4	0	0	1	1	0	0	1	53
2013/09/15-08:45:42	26	1,758.742	60.63	8	0	0	8	0	0	0	1	0	0	1	60
2013/09/15-08:47:10	26	1,758.742	60.63	7	0	0	0	1	0	0	1	1	0	0	60
2013/09/15-09:05:58	26	1,758.742	60.63	2	0	1	0	0	0	0	1	0	0	1	7
2013/09/15-09:06:33	24	1,776.183	57.627	3	0	1	0	0	0	0	1	0	0	1	43
2013/09/15-09:07:52	24	1,776.183	57.627	11	0	1	4	0	0	0	1	0	0	1	56
2013/09/15-09:09:06	24	1,776.183	57.627	4	0	1	4	0	0	0	1	0	0	1	25
2013/09/15-09:10:25	24	1,776.183	57.627	1	0	1	0	0	0	0	1	0	0	1	5
2013/09/15-18:21:25	26	1,758.605	66.739	9	0	0	5	0	0	0	1	0	0	1	60
2013/09/15-18:22:44	26	1,758.605	66.739	5	0	0	0	0	0	1	1	0	0	1	20
2013/09/15-18:23:48	26	1,758.605	66.739	9	0	0	7	0	0	0	1	1	0	0	60
2013/09/15-18:25:07	26	1,758.605	66.739	13	0	0	9	0	0	0	1	0	0	1	60
2013/09/15-18:26:25	26	1,758.605	66.739	6	0	1	5	0	0	0	1	0	0	1	37
2013/09/15-19:00:54	23	1,773.689	62.796	6	0	1	0	0	0	0	1	0	0	1	22
2013/09/15-19:02:13	23	1,773.689	62.796	9	0	0	2	0	0	0	1	0	0	1	60
2013/09/15-19:03:32	23	1,773.689	62.796	5	0	1	3	0	0	0	1	0	0	1	40
2013/09/15-19:04:51	23	1,773.689	62.796	8	0	1	5	0	0	0	1	0	0	1	45
2013/09/15-19:05:55	23	1,773.689	62.796	4	0	1	1	0	0	0	1	0	0	1	29
2013/09/15-19:18:50	24	1,776.035	59.406	8	0	1	3	0	0	0	1	0	0	1	38
2013/09/15-19:20:09	24	1,776.035	59.406	7	0	1	1	1	0	0	1	0	0	1	49
2013/09/15-19:21:28	24	1,776.035	59.406	11	0	0	4	1	0	0	1	1	0	0	60
2013/09/15-19:22:47	24	1,776.035	59.406	7	0	0	6	0	0	1	1	0	0	1	35
2013/09/15-19:23:41	24	1,776.035	59.406	10	0	0	5	0	0	0	1	1	0	0	60
2013/09/16-00:36:26	22	1,785.508	63.695	5	0	0	4	0	0	0	1	1	0	0	60
2013/09/16-00:37:45	22	1,785.508	63.695	11	0	0	4	0	0	0	1	1	0	0	60
2013/09/16-00:39:04	22	1,785.508	63.695	5	0	0	6	0	0	0	1	1	0	0	60
2013/09/16-00:40:22	22	1,785.508	63.695	2	0	1	1	0	0	0	1	0	0	1	33
2013/09/16-00:41:41	22	1,785.508	63.695	12	0	0	3	0	0	0	1	1	0	0	60
2013/09/16-01:10:09	19	1,814.011	60.172	5	0	1	1	0	0	0	1	0	0	1	19
2013/09/16-01:11:22	19	1,814.011	60.172	3	0	1	1	0	0	0	1	0	0	1	39
2013/09/16-01:12:40	19	1,814.011	60.172	6	0	0	3	2	0	0	1	1	0	0	44
2013/09/16-01:13:43	19	1,814.011	60.172	3	0	1	6	0	0	0	1	0	0	1	46
2013/09/16-01:14:48	19	1,814.011	60.172	2	0	0	0	0	0	1	1	0	0	1	8
2013/09/16-01:28:26	19	1,814.011	60.172	8	0	1	3	0	0	0	1	0	0	1	42
2013/09/16-01:29:45	19	1,814.011	60.172	7	0	0	6	0	0	0	1	1	0	0	60
2013/09/16-01:31:04	19	1,814.011	60.172	5	0	0	9	0	0	0	1	0	0	1	60
2013/09/16-01:32:23	19	1,814.011	60.172	5	0	0	6	0	0	0	1	0	0	1	60
2013/09/16-01:33:42	19	1,814.011	60.172	11	0	0	8	0	0	0	1	0	0	1	60
2013/09/17-06:58:10	20	1,801.371	62.49	1	0	1	0	0	0	0	1	0	0	1	13
2013/09/17-06:59:08	20	1,801.371	62.49	10	0	0	3	1	0	0	1	1	0	0	60
2013/09/17-07:00:27	20	1,801.371	62.49	3	0	1	0	0	0	0	1	0	0	1	14
2013/09/17-07:01:05	20	1,801.371	62.49	12	0	0	6	0	0	0	1	1	0	0	60
2013/09/17-07:02:24	20	1,801.371	62.49	8	0	1	12	0	0	0	1	0	0	1	49
2013/09/17-07:13:08	20	1,801.371	62.49	4	0	1	0	0	0	0	1	0	0	1	14
2013/09/17-07:14:27	20	1,801.371	62.49	2	0	1	0	0	0	0	1	0	0	1	7
2013/09/17-07:14:52	20	1,801.371	62.49	0	0	1	0	0	0	0	1	0	0	1	7
2013/09/17-07:16:01	20	1,801.371	62.49	0	0	1	0	0	0	0	1	0	0	1	8
2013/09/17-07:16:48	20	1,801.371	62.49	1	0	1	0	0	0	0	1	0	0	1	4
2013/09/17-07:30:46	27	1,760.379	56.89	3	0	0	0	0	0	1	1	0	0	1	10
2013/09/17-07:31:26	27	1,760.379	56.89	7	0	1	0	1	0	0	1	0	0	1	19
2013/09/17-07:32:45	27	1,760.379	56.89	7	0	1	3	0	0	0	1	0	0	1	41
2013/09/17-07:34:04	27	1,760.379	56.89	0	0	1	0	0	0	0	1	0	0	1	4
2013/09/17-07:34:27	27	1,760.379	56.89	13	0	0	4	0	0	0	1	1	0	0	60
2013/09/17-22:32:59	30	1,741.14	59.863	3	0	0	2	1	0	1	1	0	0	1	13
2013/09/17-22:33:31	30	1,741.14	59.863	2	0	1	0	0	0	0	1	0	0	1	16
2013/09/17-22:34:20	30	1,741.14	59.863	0	0	1	0	0	0	0	1	0	0	1	3
2013/09/17-22:35:10	30	1,733.397	58.017	4	0	1	0	0	0	0	1	0	0	1	28
2013/09/17-22:36:10	30	1,733.397	58.017	0	0	1	0	0	0	0	1	0	0	1	8
2013/09/17-22:45:11	30	1,733.397	58.017	3	0	1	0	0	0	0	1	0	0	1	14
2013/09/17-22:45:43	30	1,733.397	58.017	8	0	0	22	0	0	0	1	1	0	0	60
2013/09/17-22:47:02	30	1,733.397	58.017	2	0	1	0	0	0	0	1	0	0	1	18
2013/09/17-22:48:21	30	1,733.397	58.017	9	0	1	3	0	0	0	1	0	0	1	59
2013/09/17-22:49:40	30	1,733.397	58.017	0	0	1	0	0	0	0	1	0	0	1	5
2013/09/17-23:03:55	30	1,733.397	58.017	0	0	1	0	0	0	0	1	0	0	1	3
2013/09/17-23:04:25	30	1,733.397	58.017	3	0	1	0	0	0	0	1	0	0	1	12
2013/09/17-23:05:02	30	1,733.397	58.017	9	0	0	7	0	0	0	1	1	0	0	60
2013/09/17-23:06:21	30	1,733.397	58.017	12	0	0	4	0	0	0	1	0	0	1	60
2013/09/17-23:07:40	31	1,724.161	53.024	1	0	0	0	1	0	1	1	0	0	1	3
2013/09/18-13:07:04	32	1,727.61	60.66	8	0	0	5	0	0	0	1	0	0	1	60
2013/09/18-13:08:24	32	1,727.61	60.66	4	0	1	10	1	0	0	1	0	0	1	21
2013/09/18-13:09:04	32	1,727.61	60.66	5	0	0	0	0	0	1	1	0	0	1	17
2013/09/18-13:10:18	32	1,727.61	60.66	0	0	1	0	0	0	0	1	0	0	1	9
2013/09/18-13:10:52	32	1,727.61	60.66	4	0	1	0	0	0	0	1	0	0	1	20
2013/09/18-13:25:26	32	1,727.61	60.66	0	0	1	0	0	0	0	1	0	0	1	6
2013/09/18-13:26:08	32	1,727.61	60.66	4	0	0	0	0	0	1	1	0	0	1	12
2013/09/18-13:27:21	33	1,711.405	56.629	4	0	0	0	2	0	0	1	1	0	0	11
2013/09/18-13:27:51	33	1,711.405	56.629	2	0	0	0	0	0	1	1	0	0	1	7
2013/09/18-13:28:42	33	1,711.405	56.629	1	0	0	0	1	0	1	1	0	0	1	5
2013/09/18-13:44:21	33	1,711.405	56.629	2	0	0	14	0	0	0	1	1	0	0	18
2013/09/18-13:44:58	33	1,711.405	56.629	1	0	0	0	0	0	1	1	0	0	1	6
2013/09/18-13:46:00	33	1,711.405	56.629	6	0	0	2	0	0	0	1	1	0	0	60
2013/09/18-13:47:19	33	1,711.405	56.629	10	0	0	5	0	0	0	1	1	0	0	61
2013/09/18-13:48:39	33	1,711.405	56.629	0	0	1	0	0	0	0	1	0	0	1	6
2013/09/18-18:15:40	31	1,714.853	61.655	3	0	0	0	0	0	1	1	0	0	1	9
2013/09/18-18:16:18	31	1,714.853	61.655	0	0	1	0	0	0	0	1	0	0	1	7
2013/09/18-18:16:44	31	1,714.853	61.655	3	0	1	0	0	0	0	1	0	0	1	9
2013/09/18-18:18:03	31	1,714.853	61.655	1	0	1	0	0	0	0	1	0	0	1	3
2013/09/18-18:18:24	31	1,714.853	61.655	1	0	1	0	0	0	0	1	0	0	1	25
2013/09/18-18:28:45	31	1,714.853	61.655	0	0	1	0	0	0	0	1	0	0	1	3
2013/09/18-18:29:30	31	1,714.853	61.655	1	0	0	0	0	0	0	1	1	0	0	3
2013/09/18-18:29:52	31	1,714.853	61.655	5	0	0	3	0	0	1	1	0	0	1	32
2013/09/18-18:30:52	31	1,714.853	61.655	9	0	0	2	1	0	0	1	1	0	0	60
2013/09/18-18:32:11	31	1,714.853	61.655	2	0	0	0	0	0	0	1	1	0	0	6
2013/09/18-18:50:51	31	1,717.057	56.23	2	0	0	0	0	0	1	1	0	0	1	8
2013/09/18-18:51:25	31	1,717.057	56.23	7	0	0	5	0	0	0	1	0	0	1	60
2013/09/18-18:52:44	31	1,717.057	56.23	1	0	0	0	1	0	0	1	1	0	0	4
2013/09/18-18:53:07	31	1,717.057	56.23	0	0	1	0	0	0	0	1	0	0	1	6
2013/09/18-18:53:42	31	1,717.057	56.23	1	0	1	0	0	0	0	1	0	0	1	3
2013/09/19-00:18:29	31	1,707.988	55.977	9	0	0	14	0	0	0	1	1	0	0	51
2013/09/19-00:19:40	31	1,707.988	55.977	0	0	1	0	0	0	0	1	0	0	1	3
2013/09/19-00:20:02	31	1,707.988	55.977	12	0	0	17	0	0	0	1	1	0	0	60
2013/09/19-00:21:21	31	1,707.988	55.977	10	0	1	6	0	0	0	1	0	0	1	48
2013/09/19-00:22:28	31	1,707.988	55.977	6	0	1	0	0	0	0	1	0	0	1	58
2013/09/19-00:29:50	31	1,707.988	55.977	3	0	1	0	0	0	0	1	0	0	1	8
2013/09/19-00:30:34	31	1,707.988	55.977	11	0	0	22	0	0	0	1	1	0	0	60
2013/09/19-00:31:52	31	1,707.988	55.977	0	0	1	0	0	0	0	1	0	0	1	3
2013/09/19-00:33:11	31	1,707.988	55.977	5	0	1	3	0	0	0	1	0	0	1	25
2013/09/19-00:34:30	31	1,707.988	55.977	2	0	1	0	0	0	0	1	0	0	1	10
2013/09/19-07:22:32	31	1,702.856	53.648	1	0	1	0	0	0	0	1	0	0	1	4
2013/09/19-07:23:51	31	1,702.856	53.648	4	0	1	0	0	0	0	1	0	0	1	12
2013/09/19-07:25:10	31	1,702.856	53.648	8	0	0	7	0	0	0	1	1	0	0	60
2013/09/19-07:26:29	31	1,702.856	53.648	1	0	0	0	0	0	0	1	1	0	0	3
2013/09/19-07:26:51	31	1,702.856	53.648	4	0	1	0	1	0	0	1	0	0	1	23
2013/09/19-09:15:21	31	1,710.245	55.266	1	0	0	0	1	0	1	1	0	0	1	4
2013/09/19-09:15:47	31	1,710.245	55.266	4	0	0	0	0	0	1	1	0	0	1	12
2013/09/19-09:16:21	31	1,710.245	55.266	0	0	1	0	0	0	0	1	0	0	1	4
2013/09/19-09:16:53	31	1,710.245	55.266	1	0	0	0	0	0	1	1	0	0	1	3
2013/09/19-09:17:48	31	1,710.245	55.266	0	0	1	0	0	0	0	1	0	0	1	6
2013/09/19-09:25:57	31	1,710.245	55.266	9	0	1	1	0	0	0	1	0	0	1	37
2013/09/19-09:27:00	31	1,710.245	55.266	0	0	1	0	0	0	0	1	0	0	1	6
2013/09/19-09:27:49	31	1,710.245	55.266	4	0	0	0	0	0	1	1	0	0	1	12
2013/09/19-09:28:30	31	1,710.245	55.266	0	0	1	0	0	0	0	1	0	0	1	4
2013/09/19-09:29:12	31	1,710.245	55.266	3	0	1	0	0	0	0	1	0	0	1	31
2013/09/19-09:39:31	31	1,710.245	55.266	2	0	0	0	0	0	0	1	1	0	0	6
2013/09/19-09:39:56	31	1,710.245	55.266	0	0	0	0	0	0	0	1	1	0	0	6
2013/09/19-09:40:21	31	1,710.245	55.266	1	0	1	0	0	0	0	1	0	0	1	6
2013/09/19-09:40:47	31	1,710.245	55.266	1	0	0	0	0	0	0	1	1	0	0	6
2013/09/19-09:41:12	31	1,710.245	55.266	2	0	0	1	0	0	0	1	1	0	0	6
2013/09/19-13:47:10	40	1,641.784	59.084	0	0	1	0	0	0	0	1	0	0	1	6
2013/09/19-13:47:47	40	1,641.784	59.084	11	0	0	4	1	0	0	1	1	0	0	60
2013/09/19-13:49:06	40	1,641.784	59.084	3	0	0	0	0	0	0	1	0	0	1	60
2013/09/19-13:50:25	40	1,641.784	59.084	3	0	1	0	0	0	0	1	0	0	1	11
2013/09/19-13:51:43	40	1,641.784	59.084	9	0	1	14	0	0	0	1	0	0	1	44
2013/09/19-13:56:28	40	1,641.784	59.084	1	0	0	0	1	0	0	1	1	0	0	6
2013/09/19-13:56:53	39	1,632.435	57.17	9	0	0	0	1	0	0	1	1	0	0	23
2013/09/19-13:57:36	39	1,632.435	57.17	14	0	0	6	0	0	0	1	1	0	0	60
2013/09/19-13:58:54	39	1,632.435	57.17	0	0	1	0	0	0	0	1	0	0	1	6
2013/09/19-13:59:20	39	1,632.435	57.17	3	0	0	0	2	0	0	1	1	0	0	6
2013/09/19-14:14:45	39	1,632.435	57.17	6	0	0	7	0	0	0	1	1	0	0	60
2013/09/19-14:16:04	39	1,632.435	57.17	4	0	1	0	0	0	0	1	0	0	1	11
2013/09/19-14:16:39	39	1,632.435	57.17	9	0	0	1	2	0	0	1	1	0	0	42
2013/09/19-14:17:40	39	1,632.435	57.17	5	0	0	0	0	0	0	1	1	0	0	60
2013/09/19-14:18:59	39	1,632.435	57.17	0	0	1	0	0	0	0	1	0	0	1	6
2013/09/19-17:51:58	38	1,624.464	61.793	7	0	1	2	0	0	0	1	0	0	1	27
2013/09/19-17:52:44	38	1,624.464	61.793	0	0	1	0	0	0	0	1	0	0	1	6
2013/09/19-17:53:14	38	1,624.464	61.793	8	0	0	15	1	0	0	1	1	0	0	60
2013/09/19-17:54:33	38	1,624.464	61.793	4	0	1	0	0	0	0	1	0	0	1	10
2013/09/19-17:55:52	38	1,624.464	61.793	1	0	0	0	0	0	1	1	0	0	1	5
2013/09/19-18:09:54	39	1,623.774	60.107	4	0	0	0	0	0	1	1	0	0	1	12
2013/09/19-18:10:25	39	1,623.774	60.107	13	0	0	9	0	0	0	1	1	0	0	60
2013/09/19-18:11:44	39	1,623.774	60.107	5	0	0	6	0	0	0	1	1	0	0	54
2013/09/19-18:12:57	39	1,623.774	60.107	8	0	0	17	0	0	0	1	1	0	0	60
2013/09/19-18:14:16	39	1,623.774	60.107	0	0	1	0	0	0	0	1	0	0	1	6
2013/09/19-18:33:22	39	1,618.818	58.236	10	0	1	0	0	0	0	1	0	0	1	29
2013/09/19-18:34:16	39	1,618.818	58.236	14	0	0	0	0	0	0	1	1	0	0	60
2013/09/19-18:35:36	39	1,618.818	58.236	0	0	1	0	0	0	0	1	0	0	1	6
2013/09/19-18:36:13	39	1,618.818	58.236	9	0	0	7	0	0	0	1	0	0	1	60
2013/09/19-18:37:32	39	1,618.818	58.236	9	0	0	5	2	0	1	1	0	0	1	54
2013/09/19-21:58:52	41	1,603.594	62.993	1	0	1	0	0	0	0	1	0	0	1	17
2013/09/19-21:59:29	41	1,603.594	62.993	0	0	1	0	0	0	0	1	0	0	1	6
2013/09/19-21:59:54	41	1,603.594	62.993	7	0	1	0	1	0	0	1	0	0	1	19
2013/09/19-22:00:32	41	1,603.594	62.993	10	0	1	7	0	0	0	1	0	0	1	56
2013/09/19-22:01:48	41	1,603.594	62.993	4	0	0	0	1	0	1	1	0	0	1	12
2013/09/19-23:50:14	41	1,603.594	62.993	9	0	0	17	0	0	0	1	0	0	1	60
2013/09/19-23:51:33	41	1,603.594	62.993	0	0	1	0	0	0	0	1	0	0	1	6
2013/09/19-23:52:03	41	1,603.594	62.993	6	0	0	0	2	0	0	1	1	0	0	15
2013/09/19-23:52:37	41	1,603.594	62.993	1	0	0	0	0	0	1	1	0	0	1	4
2013/09/19-23:53:02	41	1,603.594	62.993	1	0	0	0	0	0	0	1	1	0	0	6
2013/09/20-00:09:29	41	1,590.36	59.139	0	0	1	0	0	0	0	1	0	0	1	5
2013/09/20-00:10:05	41	1,590.36	59.139	2	0	0	0	0	0	1	1	0	0	1	6
2013/09/20-00:10:49	41	1,590.36	59.139	1	0	0	0	0	0	1	1	0	0	1	4
2013/09/20-00:11:13	41	1,590.36	59.139	6	0	0	2	1	0	0	1	1	0	0	31
2013/09/20-00:12:03	41	1,590.36	59.139	11	0	0	22	1	0	0	1	1	0	0	60
2013/09/20-03:40:50	41	1,578.715	63.548	0	0	1	0	0	0	0	1	0	0	1	4
2013/09/20-03:41:40	41	1,578.715	63.548	11	0	0	8	0	0	0	1	1	0	0	56
2013/09/20-03:42:55	41	1,578.715	63.548	1	0	1	0	0	0	0	1	0	0	1	3
2013/09/20-03:43:18	41	1,578.715	63.548	15	0	0	9	0	0	0	1	1	0	0	60
2013/09/20-03:44:37	41	1,578.715	63.548	2	0	0	0	0	0	1	1	0	0	1	9
2013/09/20-03:54:40	41	1,570.279	60.96	4	0	0	0	0	0	1	1	0	0	1	12
2013/09/20-03:55:24	41	1,570.279	60.96	11	0	0	3	0	0	0	1	1	0	0	60
2013/09/20-03:56:43	41	1,570.279	60.96	2	0	0	0	0	0	0	1	1	0	0	60
2013/09/20-03:58:03	41	1,570.279	60.96	1	0	0	0	1	0	1	1	0	0	1	6
2013/09/20-03:58:27	41	1,570.279	60.96	0	0	1	0	0	0	0	1	0	0	1	7
2013/09/20-04:11:03	41	1,570.279	60.96	5	0	0	4	2	0	0	1	1	0	0	55
2013/09/20-04:12:17	41	1,570.279	60.96	3	0	1	0	0	0	0	1	0	0	1	14
2013/09/20-04:12:54	41	1,570.279	60.96	1	0	0	0	0	0	0	1	1	0	0	7
2013/09/20-04:13:19	41	1,570.279	60.96	1	0	0	0	1	0	0	1	1	0	0	11
2013/09/20-04:13:49	41	1,570.279	60.96	0	0	0	0	0	0	0	1	1	0	0	6
2013/09/20-07:42:45	41	1,589.06	63.171	4	0	1	0	0	0	0	1	0	0	1	16
2013/09/20-07:43:53	41	1,589.06	63.171	4	0	0	2	0	0	0	1	1	0	0	60
2013/09/20-07:45:12	41	1,589.06	63.171	11	0	0	1	0	0	0	1	1	0	0	44
2013/09/20-07:46:15	41	1,589.06	63.171	11	0	0	6	0	0	0	1	1	0	0	60
2013/09/20-07:47:34	40	1,600.748	60.632	10	0	0	19	0	0	0	1	0	0	1	60
2013/09/20-08:04:31	40	1,600.748	60.632	2	0	0	1	1	0	0	1	1	0	0	60
2013/09/20-08:05:50	40	1,600.748	60.632	13	0	0	1	1	0	0	1	1	0	0	60
2013/09/20-08:07:09	40	1,600.748	60.632	4	0	0	0	0	0	1	1	0	0	1	10
2013/09/20-08:08:28	40	1,600.748	60.632	0	0	1	0	0	0	0	1	0	0	1	6
2013/09/20-08:09:46	40	1,600.748	60.632	12	0	0	22	1	0	0	1	1	0	0	60
2013/09/20-08:27:20	41	1,595.738	57.216	11	0	0	2	0	0	0	1	1	0	0	60
2013/09/20-08:28:40	41	1,595.738	57.216	1	0	0	0	0	0	0	1	1	0	0	7
2013/09/20-08:29:06	41	1,595.738	57.216	1	0	1	0	0	0	0	1	0	0	1	3
2013/09/20-08:29:28	41	1,595.738	57.216	0	0	1	0	0	0	0	1	0	0	1	3
2013/09/20-08:29:55	41	1,595.738	57.216	7	0	0	0	1	0	0	1	1	0	0	30
2013/09/20-11:51:25	41	1,606.522	61.915	5	0	0	0	0	0	1	1	0	0	1	15
2013/09/20-11:52:44	41	1,606.522	61.915	0	0	1	0	0	0	0	1	0	0	1	3
2013/09/20-11:53:34	41	1,606.522	61.915	12	0	0	9	0	0	0	1	0	0	1	60
2013/09/20-11:54:53	41	1,606.522	61.915	8	0	0	2	0	0	0	1	1	0	0	60
2013/09/20-11:56:12	41	1,606.522	61.915	3	0	1	1	0	0	0	1	0	0	1	28
2013/09/20-12:11:12	41	1,606.522	61.915	3	0	0	0	3	0	0	1	1	0	0	11
2013/09/20-12:11:42	41	1,606.522	61.915	3	0	0	22	1	0	0	1	1	0	0	22
2013/09/20-12:12:23	41	1,606.522	61.915	4	0	1	0	0	0	0	1	0	0	1	10
2013/09/20-12:12:52	41	1,606.522	61.915	7	0	0	4	0	0	0	1	1	0	0	60
2013/09/20-12:14:10	41	1,606.522	61.915	0	0	1	0	0	0	0	1	0	0	1	6
2013/09/20-12:29:25	43	1,597.912	57.684	4	0	0	2	1	0	1	1	0	0	1	28
2013/09/20-12:30:13	43	1,597.912	57.684	6	0	0	4	0	0	0	1	1	0	0	60
2013/09/20-12:31:32	43	1,597.912	57.684	0	0	1	0	0	0	0	1	0	0	1	4
2013/09/20-12:32:02	43	1,597.912	57.684	4	0	1	0	1	0	0	1	0	0	1	11
2013/09/20-12:32:40	43	1,597.912	57.684	8	0	0	21	1	0	0	1	1	0	0	60
2013/09/20-18:54:53	43	1,582.394	64.539	1	0	0	0	1	0	0	1	1	0	0	11
2013/09/20-18:55:24	43	1,582.394	64.539	3	0	0	2	0	0	0	1	1	0	0	17
2013/09/20-18:56:00	43	1,582.394	64.539	0	0	1	0	0	0	0	1	0	0	1	6
2013/09/20-18:56:25	43	1,582.394	64.539	3	0	1	0	0	0	0	1	1	0	0	16
2013/09/20-18:57:00	43	1,582.394	64.539	11	0	0	6	1	0	0	1	1	0	0	60
2013/09/20-19:10:20	43	1,605.098	62.08	9	0	0	22	0	0	1	1	0	0	1	54
2013/09/20-19:11:33	43	1,605.098	62.08	9	0	0	5	0	0	0	1	1	0	0	51
2013/09/20-19:12:43	43	1,605.098	62.08	5	0	0	1	0	0	0	1	0	0	1	60
2013/09/20-19:14:02	43	1,605.098	62.08	0	0	1	0	0	0	0	1	0	0	1	6
2013/09/20-19:14:27	43	1,605.098	62.08	1	0	0	0	1	0	1	1	0	0	1	4
2013/09/20-19:29:43	43	1,605.098	62.08	1	0	0	0	0	0	1	1	0	0	1	12
2013/09/20-19:30:29	43	1,605.098	62.08	0	0	1	1	0	0	0	1	0	0	1	24
2013/09/20-19:31:13	43	1,605.098	62.08	2	0	0	0	0	0	0	1	1	0	0	13
2013/09/20-19:31:45	43	1,605.098	62.08	0	0	1	0	0	0	0	1	0	0	1	4
2013/09/20-19:32:23	43	1,605.098	62.08	3	0	1	0	0	0	0	1	0	0	1	9
2013/12/27-11:58:20	40	1,622.266	80.726	5	0	0	16	1	0	0	1	1	0	0	36
2013/12/27-11:59:15	39	1,639.278	79.15	0	0	1	0	0	0	0	1	0	0	1	9
2013/12/27-11:59:57	39	1,639.278	79.15	0	0	1	0	0	0	0	1	0	0	1	23
2013/12/27-12:01:16	39	1,639.278	79.15	2	0	0	0	0	0	1	1	0	0	1	6
2013/12/27-12:02:30	39	1,639.278	79.15	2	0	1	0	0	0	0	1	0	0	1	4
2013/12/27-12:09:53	39	1,639.278	79.15	4	0	0	1	0	0	1	1	0	0	1	24
2013/12/27-12:11:12	39	1,639.278	79.15	2	0	1	0	0	0	0	1	0	0	1	6
2013/12/27-12:11:41	39	1,639.278	79.15	6	0	0	7	0	0	0	1	0	0	1	60
2013/12/27-12:13:00	39	1,639.278	79.15	1	0	1	0	1	0	0	1	0	0	1	6
2013/12/27-12:14:19	39	1,639.278	79.15	6	0	0	0	0	0	0	1	1	0	0	60
2013/12/27-12:25:22	39	1,639.278	79.15	12	0	0	2	0	0	0	1	1	0	0	60
2013/12/27-12:26:41	39	1,639.278	79.15	3	0	1	0	0	0	0	1	0	0	1	9
2013/12/27-12:27:17	39	1,639.278	79.15	1	0	1	0	0	0	0	1	0	0	1	3
2013/12/27-12:27:42	39	1,639.278	79.15	0	0	1	0	0	0	0	1	0	0	1	7
2013/12/27-12:28:08	39	1,639.278	79.15	0	0	1	0	0	0	0	1	0	0	1	3
2013/12/27-12:45:35	53	1,539.691	68.031	0	0	1	0	0	0	0	1	0	0	1	10
2013/12/27-12:46:13	53	1,539.691	68.031	6	0	0	0	0	0	1	1	0	0	1	22
2013/12/27-12:47:32	53	1,539.691	68.031	0	0	1	0	0	0	0	1	0	0	1	52
2013/12/27-12:48:51	53	1,539.691	68.031	11	0	0	22	0	0	0	1	0	0	1	60
2013/12/27-12:50:10	53	1,539.691	68.031	10	0	0	5	0	0	0	1	1	0	0	60
2013/12/27-12:58:26	53	1,539.691	68.031	2	0	0	1	0	0	0	1	1	0	0	50
2013/12/27-12:59:35	53	1,539.691	68.031	3	0	0	0	0	0	1	1	0	0	1	12
2013/12/27-13:00:33	53	1,539.691	68.031	0	0	0	0	0	0	0	1	1	0	0	5
2013/12/27-13:00:58	53	1,539.691	68.031	2	0	0	22	0	0	1	1	0	0	1	24
2013/12/27-13:02:17	53	1,539.691	68.031	0	0	1	0	0	0	0	1	0	0	1	13
2013/12/27-13:16:17	55	1,521.675	61.167	16	0	0	0	0	0	0	1	1	0	0	60
2013/12/27-13:17:36	55	1,521.675	61.167	10	0	0	3	1	0	0	1	1	0	0	60
2013/12/27-13:18:55	55	1,521.675	61.167	0	0	0	0	0	0	0	1	1	0	0	60
2013/12/27-13:20:14	55	1,521.675	61.167	12	0	0	22	0	0	0	1	1	0	0	60
2013/12/27-13:21:33	55	1,521.675	61.167	5	0	1	0	0	0	0	1	0	0	1	17
2013/12/28-11:13:09	56	1,542.723	88.869	1	0	0	0	1	0	1	1	0	0	1	4
2013/12/28-11:13:34	56	1,542.723	88.869	13	0	0	6	1	0	0	1	1	0	0	60
2013/12/28-11:14:53	56	1,542.723	88.869	5	0	1	4	0	0	0	1	0	0	1	32
2013/12/28-11:15:43	56	1,542.723	88.869	4	0	0	0	0	0	1	1	0	0	1	12
2013/12/28-11:16:27	56	1,542.723	88.869	4	0	1	1	0	0	0	1	0	0	1	14
2013/12/28-11:25:32	56	1,542.723	88.869	11	0	0	7	1	0	0	1	1	0	0	60
2013/12/28-11:26:52	56	1,542.723	88.869	11	0	0	0	0	0	1	1	0	0	1	40
2013/12/28-11:28:09	56	1,542.723	88.869	0	0	1	0	0	0	0	1	0	0	1	6
2013/12/28-11:28:34	56	1,542.723	88.869	15	0	0	7	1	0	0	1	1	0	0	60
2013/12/28-11:29:53	56	1,542.723	88.869	10	0	0	16	0	0	0	1	1	0	0	60
2013/12/28-11:49:37	51	1,575.03	77.012	5	0	0	3	1	0	0	1	1	0	0	35
2013/12/28-11:50:30	51	1,575.03	77.012	8	0	0	16	0	0	0	1	1	0	0	50
2013/12/28-11:51:40	51	1,575.03	77.012	0	0	1	0	0	0	0	1	0	0	1	8
2013/12/28-11:52:19	51	1,575.03	77.012	3	0	1	0	1	0	0	1	0	0	1	10
2013/12/28-11:52:54	51	1,575.03	77.012	11	0	0	5	0	0	0	1	1	0	0	60
2013/12/28-13:24:22	45	1,589.864	73.201	4	0	0	21	0	0	0	1	0	0	1	60
2013/12/28-13:25:42	45	1,589.864	73.201	0	0	1	0	0	0	0	1	0	0	1	3
2013/12/28-13:26:43	45	1,589.864	73.201	13	0	1	5	0	0	0	1	0	0	1	50
2013/12/28-13:27:52	45	1,589.864	73.201	1	0	1	0	0	0	0	1	0	0	1	3
2013/12/28-13:28:14	45	1,589.864	73.201	4	0	1	0	0	0	0	1	0	0	1	10
2013/12/28-13:39:25	45	1,589.864	73.201	0	0	1	0	0	0	0	1	0	0	1	8
2013/12/28-13:39:52	45	1,589.864	73.201	1	0	0	0	0	0	0	1	1	0	0	13
2013/12/28-13:40:24	45	1,589.864	73.201	2	0	0	1	0	0	0	1	1	0	0	10
2013/12/28-13:40:53	45	1,589.864	73.201	1	0	0	0	1	0	0	1	1	0	0	3
2013/12/28-13:41:15	45	1,589.864	73.201	3	0	0	0	0	0	0	1	1	0	0	9
2013/12/28-13:52:26	45	1,589.864	73.201	1	0	0	0	0	0	0	1	1	0	0	4
2013/12/28-13:52:49	54	1,544.649	67.556	2	0	0	2	0	0	0	1	1	0	0	60
2013/12/28-13:54:08	54	1,544.649	67.556	1	0	0	0	1	0	1	1	0	0	1	3
2013/12/28-13:54:30	54	1,544.649	67.556	4	0	1	0	0	0	0	1	0	0	1	13
2013/12/28-13:55:33	54	1,544.649	67.556	0	0	1	0	0	0	0	1	0	0	1	8
2013/12/28-17:04:29	56	1,529.203	69.119	8	0	0	1	0	0	1	1	0	0	1	41
2013/12/28-17:05:48	56	1,529.203	69.119	2	0	0	0	1	0	0	1	1	0	0	6
2013/12/28-17:06:13	56	1,529.203	69.119	4	0	1	0	0	0	0	1	0	0	1	11
2013/12/28-17:06:45	56	1,529.203	69.119	0	0	0	0	0	0	0	1	1	0	0	8
2013/12/28-17:07:12	56	1,529.203	69.119	0	0	1	0	0	0	0	1	0	0	1	10
2013/12/28-17:15:23	56	1,529.203	69.119	6	0	0	0	0	0	1	1	0	0	1	18
2013/12/28-17:16:07	56	1,529.203	69.119	0	0	1	0	0	0	0	1	0	0	1	6
2013/12/28-17:17:26	56	1,529.203	69.119	10	0	0	2	0	0	0	1	0	0	1	60
2013/12/28-17:18:45	56	1,529.203	69.119	2	0	0	0	0	0	1	1	0	0	1	14
2013/12/28-17:19:29	56	1,529.203	69.119	3	0	1	0	2	0	0	1	0	0	1	7
2013/12/28-17:29:30	56	1,529.203	69.119	0	0	1	0	0	0	0	1	0	0	1	6
2013/12/28-17:29:56	56	1,529.203	69.119	10	0	0	0	1	0	1	1	0	0	1	31
2013/12/28-17:30:45	57	1,507.751	61.234	10	0	0	11	0	0	0	1	1	0	0	60
2013/12/28-17:32:04	57	1,507.751	61.234	9	0	0	6	1	0	0	1	1	0	0	54
2013/12/28-17:33:17	57	1,507.751	61.234	9	0	0	18	0	0	0	1	1	0	0	60
2013/12/29-01:12:39	55	1,529.328	71.717	2	0	0	0	0	0	0	1	0	0	1	60
2013/12/29-01:13:58	55	1,529.328	71.717	0	0	1	0	0	0	0	1	0	0	1	8
2013/12/29-01:14:38	55	1,529.328	71.717	11	0	0	7	1	0	0	1	1	0	0	60
2013/12/29-01:15:57	55	1,529.328	71.717	8	0	0	12	0	0	0	1	1	0	0	46
2013/12/29-01:17:02	55	1,529.328	71.717	7	0	0	0	0	0	0	1	1	0	0	40
2013/12/29-01:30:08	53	1,557.941	66.872	1	0	0	0	2	0	0	1	1	0	0	4
2013/12/29-01:30:30	53	1,557.941	66.872	1	0	0	2	0	0	0	1	1	0	0	9
2013/12/29-01:30:59	53	1,557.941	66.872	0	0	1	0	0	0	0	1	0	0	1	9
2013/12/29-01:31:27	53	1,557.941	66.872	12	0	0	17	0	0	0	1	1	0	0	60
2013/12/29-01:32:46	53	1,557.941	66.872	1	0	0	0	0	0	0	1	1	0	0	3
2013/12/29-01:46:49	53	1,557.941	66.872	3	0	0	0	0	0	1	1	0	0	1	10
2013/12/29-01:47:32	53	1,557.941	66.872	1	0	1	1	0	0	0	1	0	0	1	18
2013/12/29-01:48:15	53	1,557.941	66.872	4	0	1	0	1	0	0	1	0	0	1	19
2013/12/29-01:48:53	53	1,557.941	66.872	0	0	1	0	0	0	0	1	0	0	1	9
2013/12/29-01:49:22	53	1,557.941	66.872	9	0	1	4	1	0	0	1	0	0	1	51
2013/12/29-06:38:50	49	1,571.123	69.459	1	0	0	0	0	0	1	1	0	0	1	6
2013/12/29-06:40:09	49	1,571.123	69.459	4	0	1	1	0	0	0	1	0	0	1	25
2013/12/29-06:41:10	49	1,571.123	69.459	1	0	0	0	0	0	0	1	1	0	0	3
2013/12/29-06:41:32	49	1,571.123	69.459	3	0	0	0	0	0	0	1	1	0	0	8
2013/12/29-06:41:59	49	1,571.123	69.459	4	0	1	0	0	0	0	1	0	0	1	45
2013/12/29-07:07:02	49	1,571.123	69.459	7	0	0	7	0	0	0	1	1	0	0	60
2013/12/29-07:08:21	49	1,571.123	69.459	18	0	0	6	0	0	0	1	1	0	0	60
2013/12/29-07:09:40	49	1,571.123	69.459	17	0	0	13	0	0	0	1	1	0	0	60
2013/12/29-07:10:59	45	1,597.083	63.326	0	0	1	0	0	0	0	1	0	0	1	4
2013/12/29-07:11:38	45	1,597.083	63.326	0	0	0	0	0	0	0	1	1	0	0	3
2013/12/29-07:29:54	45	1,597.083	63.326	4	0	0	0	0	0	1	1	0	0	1	12
2013/12/29-07:30:38	45	1,597.083	63.326	2	0	1	0	1	0	0	1	0	0	1	8
2013/12/29-07:31:08	45	1,597.083	63.326	1	0	1	0	0	0	0	1	0	0	1	3
2013/12/29-07:31:31	45	1,597.083	63.326	0	0	0	0	0	0	0	1	1	0	0	11
2013/12/29-07:32:01	45	1,597.083	63.326	7	0	0	1	0	0	1	1	0	0	1	25
2013/12/29-14:54:19	45	1,591.56	72.327	9	0	0	4	0	0	1	1	0	0	1	42
2013/12/29-14:55:19	45	1,591.56	72.327	2	0	1	0	0	0	0	1	0	0	1	12
2013/12/29-14:56:00	45	1,591.56	72.327	5	0	1	1	0	0	0	1	0	0	1	46
2013/12/29-14:57:05	45	1,591.56	72.327	6	0	1	2	0	0	0	1	0	0	1	37
2013/12/29-14:58:01	45	1,591.56	72.327	3	0	1	1	0	0	0	1	0	0	1	24
2013/12/29-15:11:20	43	1,608.391	67.438	2	0	0	2	0	0	0	1	1	0	0	10
2013/12/29-15:11:48	43	1,608.391	67.438	3	0	0	1	0	0	0	1	1	0	0	9
2013/12/29-15:12:16	43	1,608.391	67.438	9	0	0	2	0	0	1	1	0	0	1	35
2013/12/29-15:13:10	43	1,608.391	67.438	6	0	0	2	1	0	0	1	1	0	0	37
2013/12/29-15:14:05	43	1,608.391	67.438	6	0	1	2	0	0	0	1	0	0	1	18
2013/12/29-15:27:48	43	1,608.391	67.438	7	0	0	2	0	0	1	1	0	0	1	26
2013/12/29-15:28:34	43	1,608.391	67.438	8	0	0	1	0	0	1	1	0	0	1	29
2013/12/29-15:29:30	43	1,608.391	67.438	14	0	0	5	0	0	0	1	1	0	0	60
2013/12/29-15:30:49	43	1,608.391	67.438	11	0	0	7	0	0	0	1	0	0	1	60
2013/12/29-15:32:08	43	1,608.391	67.438	7	0	0	7	0	0	0	1	1	0	0	60
2013/12/29-21:58:44	39	1,630.545	66.226	13	0	0	2	0	0	0	1	1	0	0	60
2013/12/29-22:00:03	39	1,630.545	66.226	12	0	0	3	0	0	0	1	1	0	0	60
2013/12/29-22:01:22	39	1,630.545	66.226	3	0	0	0	0	0	1	1	0	0	1	15
2013/12/29-22:02:14	39	1,630.545	66.226	4	0	1	0	0	0	0	1	0	0	1	17
2013/12/29-22:03:05	39	1,630.545	66.226	2	0	0	1	0	0	0	1	1	0	0	8
2013/12/29-22:30:09	38	1,635.182	62.494	3	0	1	2	0	0	0	1	0	0	1	25
2013/12/29-22:30:53	38	1,635.182	62.494	8	0	0	4	0	0	0	1	0	0	1	60
2013/12/29-22:32:12	38	1,635.182	62.494	10	0	0	5	1	0	0	1	1	0	0	60
2013/12/29-22:33:32	38	1,635.182	62.494	11	0	0	8	0	0	0	1	1	0	0	60
2013/12/29-22:34:51	38	1,635.182	62.494	11	0	0	4	0	0	0	1	1	0	0	60
2013/12/29-22:58:07	38	1,635.182	62.494	2	0	1	3	0	0	0	1	0	0	1	30
2013/12/29-22:58:56	38	1,635.182	62.494	10	0	0	5	0	0	0	1	0	0	1	60
2013/12/29-23:00:15	38	1,635.182	62.494	11	0	0	5	0	0	0	1	0	0	1	60
2013/12/29-23:01:34	38	1,635.182	62.494	9	0	0	4	0	0	0	1	0	0	1	60
2013/12/29-23:02:53	38	1,635.182	62.494	3	0	1	1	0	0	0	1	0	0	1	19
2013/12/30-07:30:03	31	1,667.273	69.679	14	0	0	7	0	0	0	1	1	0	0	60
2013/12/30-07:31:22	31	1,667.273	69.679	8	0	0	6	0	0	0	1	1	0	0	60
2013/12/30-07:32:41	31	1,667.273	69.679	9	0	0	4	0	0	0	1	1	0	0	40
2013/12/30-07:33:40	31	1,667.273	69.679	13	0	0	5	0	0	0	1	1	0	0	60
2013/12/30-07:34:59	31	1,667.273	69.679	7	0	0	5	0	0	0	1	1	0	0	32
2013/12/30-07:51:02	27	1,689.32	67.184	13	0	0	7	0	0	0	1	0	0	1	60
2013/12/30-07:52:21	27	1,689.32	67.184	8	0	0	1	0	0	0	1	0	0	1	60
2013/12/30-07:53:40	27	1,689.32	67.184	4	0	1	2	0	0	0	1	0	0	1	16
2013/12/30-07:54:37	27	1,689.32	67.184	15	0	0	2	0	0	0	1	0	0	1	60
2013/12/30-07:55:56	27	1,689.32	67.184	6	0	1	1	0	0	0	1	0	0	1	26
2013/12/30-08:09:36	27	1,689.32	67.184	4	0	0	1	0	0	1	1	0	0	1	14
2013/12/30-08:10:55	27	1,689.32	67.184	9	0	1	2	0	0	0	1	0	0	1	49
2013/12/30-08:12:14	27	1,689.32	67.184	9	0	0	4	0	0	0	1	0	0	1	60
2013/12/30-08:13:32	27	1,689.32	67.184	1	0	1	1	0	0	0	1	0	0	1	8
2013/12/30-08:14:49	27	1,689.32	67.184	10	0	0	2	0	0	1	1	0	0	1	39
2013/12/30-10:11:50	34	1,656.915	64.224	6	0	0	3	0	0	1	1	0	0	1	23
2013/12/30-10:12:39	34	1,656.915	64.224	10	0	1	5	0	0	0	1	0	0	1	38
2013/12/30-10:13:35	34	1,656.915	64.224	7	0	1	3	0	0	0	1	0	0	1	27
2013/12/30-10:14:24	34	1,656.915	64.224	10	0	0	2	0	0	0	1	1	0	0	38
2013/12/30-10:15:20	34	1,656.915	64.224	3	0	1	1	0	0	0	1	0	0	1	22
2013/12/30-10:27:15	34	1,656.915	64.224	13	0	0	4	0	0	0	1	0	0	1	60
2013/12/30-10:28:34	34	1,656.915	64.224	11	0	0	3	0	0	0	1	1	0	0	57
2013/12/30-10:29:50	34	1,656.915	64.224	6	0	0	7	0	0	1	1	0	0	1	48
2013/12/30-10:30:57	34	1,656.915	64.224	5	0	1	1	0	0	0	1	0	0	1	25
2013/12/30-10:31:45	34	1,656.915	64.224	5	0	0	0	1	0	1	1	0	0	1	18
2013/12/30-10:52:41	34	1,656.915	64.224	2	0	1	0	0	0	0	1	0	0	1	15
2013/12/30-10:53:41	37	1,645.17	58.318	9	0	0	5	0	0	0	1	1	0	0	60
2013/12/30-10:55:00	37	1,645.17	58.318	6	0	0	4	0	0	1	1	0	0	1	46
2013/12/30-10:56:06	37	1,645.17	58.318	8	0	1	3	0	0	0	1	0	0	1	60
2013/12/30-10:57:25	37	1,645.17	58.318	4	0	1	2	0	0	0	1	0	0	1	25
2013/12/31-08:36:23	37	1,653.606	85.319	2	0	1	1	0	0	0	1	0	0	1	12
2013/12/31-08:36:59	37	1,653.606	85.319	0	0	1	0	0	0	0	1	0	0	1	3
2013/12/31-08:37:24	37	1,653.606	85.319	8	0	0	4	0	0	0	1	1	0	0	60
2013/12/31-08:38:43	37	1,653.606	85.319	8	0	1	2	0	0	0	1	0	0	1	56
2013/12/31-08:39:57	37	1,653.606	85.319	0	0	1	0	0	0	0	1	0	0	1	4
2013/12/31-08:44:56	37	1,653.606	85.319	12	0	0	7	0	0	0	1	1	0	0	60
2013/12/31-08:46:15	37	1,639.378	79.302	7	0	0	1	0	0	0	1	1	0	0	60
2013/12/31-08:47:34	37	1,639.378	79.302	4	0	0	0	0	0	0	1	1	0	0	24
2013/12/31-08:48:17	37	1,639.378	79.302	2	0	0	0	1	0	1	1	0	0	1	6
2013/12/31-08:49:03	37	1,639.378	79.302	0	0	1	0	0	0	0	1	0	0	1	8
2013/12/31-09:07:17	37	1,639.378	79.302	12	0	0	22	0	0	0	1	1	0	0	60
2013/12/31-09:08:36	37	1,639.378	79.302	0	0	1	0	0	0	0	1	0	0	1	5
2013/12/31-09:09:00	37	1,639.378	79.302	7	0	1	1	0	0	0	1	0	0	1	46
2013/12/31-09:10:19	37	1,639.378	79.302	8	0	0	1	0	0	1	1	0	0	1	41
2013/12/31-09:11:19	37	1,639.378	79.302	1	0	0	0	1	0	1	1	1	0	0	3
2013/12/31-09:36:14	35	1,659.07	70.93	0	0	1	0	0	0	0	1	0	0	1	9
2013/12/31-09:36:42	35	1,659.07	70.93	4	0	1	0	0	0	0	1	1	0	0	17
2013/12/31-09:37:18	35	1,659.07	70.93	5	0	0	2	0	0	0	1	1	0	0	30
2013/12/31-09:38:07	35	1,659.07	70.93	5	0	1	0	0	0	0	1	0	0	1	16
2013/12/31-09:39:05	35	1,659.07	70.93	1	0	0	0	0	0	1	1	0	0	1	4
2013/12/31-09:47:43	35	1,659.07	70.93	1	0	1	0	0	0	0	1	0	0	1	3
2013/12/31-09:48:08	35	1,659.07	70.93	13	0	0	6	0	0	1	1	0	0	1	58
2013/12/31-09:49:27	35	1,659.07	70.93	4	0	0	14	0	0	1	1	0	0	1	30
2013/12/31-09:50:46	35	1,659.07	70.93	3	0	0	0	0	0	1	1	0	0	1	11
2013/12/31-09:51:21	35	1,659.07	70.93	0	0	1	0	0	0	0	1	0	0	1	3
2013/12/31-10:04:19	39	1,627.948	64.23	8	0	0	5	0	0	0	1	1	0	0	54
2013/12/31-10:05:31	39	1,627.948	64.23	4	0	1	0	0	0	0	1	0	0	1	17
2013/12/31-10:06:50	39	1,627.948	64.23	0	0	1	0	0	0	0	1	0	0	1	3
2013/12/31-10:08:09	39	1,627.948	64.23	1	0	1	0	1	0	0	1	0	0	1	3
2013/12/31-10:08:31	39	1,627.948	64.23	2	0	1	0	0	0	0	1	0	0	1	23
2013/12/31-12:41:02	40	1,628	65.362	6	0	0	1	0	0	0	1	1	0	0	19
2013/12/31-12:41:40	40	1,628	65.362	4	0	0	0	0	0	1	1	0	0	1	12
2013/12/31-12:42:18	40	1,628	65.362	3	0	0	1	1	0	0	1	1	0	0	60
2013/12/31-12:43:37	40	1,628	65.362	3	0	1	1	0	0	0	1	0	0	1	18
2013/12/31-12:44:18	40	1,628	65.362	7	0	0	0	0	0	0	1	1	0	0	48
2013/12/31-13:06:29	40	1,628	65.362	3	0	1	2	0	0	0	1	0	0	1	19
2013/12/31-13:07:26	40	1,628	65.362	3	0	1	0	0	0	0	1	0	0	1	41
2013/12/31-13:08:27	40	1,628	65.362	2	0	0	0	0	0	1	1	0	0	1	6
2013/12/31-13:08:53	40	1,628	65.362	1	0	1	0	0	0	0	1	0	0	1	3
2013/12/31-13:09:19	40	1,628	65.362	0	0	1	0	0	0	0	1	0	0	1	6
2013/12/31-13:18:23	43	1,607.341	59.482	2	0	0	0	0	0	1	1	0	0	1	6
2013/12/31-13:18:49	43	1,607.341	59.482	0	0	1	0	0	0	0	1	0	0	1	8
2013/12/31-13:19:33	43	1,607.341	59.482	1	0	1	0	0	0	0	1	0	0	1	3
2013/12/31-13:20:25	43	1,607.341	59.482	5	0	1	0	1	0	0	1	0	0	1	21
2013/12/31-13:21:05	43	1,607.341	59.482	1	0	0	0	1	0	1	1	0	0	1	7
2013/12/31-17:04:37	45	1,588.88	62.698	1	0	0	0	0	0	1	1	0	0	1	3
2013/12/31-17:04:59	45	1,588.88	62.698	0	0	1	0	0	0	0	1	0	0	1	6
2013/12/31-17:05:27	45	1,588.88	62.698	3	0	0	0	0	0	1	1	0	0	1	7
2013/12/31-17:05:58	45	1,588.88	62.698	5	0	1	3	0	0	0	1	0	0	1	54
2013/12/31-17:07:11	45	1,588.88	62.698	0	0	1	0	0	0	0	1	0	0	1	4
2013/12/31-17:11:13	45	1,588.88	62.698	2	0	0	0	0	0	0	1	1	0	0	10
2013/12/31-17:11:42	45	1,588.88	62.698	5	0	0	0	1	0	1	1	0	0	1	15
2013/12/31-17:12:16	45	1,588.88	62.698	2	0	1	0	0	0	0	1	1	0	0	6
2013/12/31-17:12:41	45	1,588.88	62.698	1	0	1	0	0	0	0	1	0	0	1	3
2013/12/31-17:13:03	45	1,588.88	62.698	0	0	1	0	0	0	0	1	0	0	1	4
2013/12/31-17:28:09	53	1,555.509	57.948	7	0	0	0	0	0	0	1	0	0	1	60
2013/12/31-17:29:28	53	1,555.509	57.948	6	0	0	18	1	0	0	1	1	0	0	29
2013/12/31-17:30:16	53	1,555.509	57.948	13	0	0	5	0	0	0	1	0	1	0	60
2013/12/31-17:31:35	53	1,555.509	57.948	0	0	1	0	0	0	0	1	0	0	1	8
2013/12/31-17:32:54	53	1,555.509	57.948	5	0	0	0	0	0	1	1	0	0	1	15
2013/12/31-21:48:20	56	1,550.04	64.001	1	0	0	0	1	0	0	1	1	0	0	9
2013/12/31-21:48:48	56	1,550.04	64.001	1	0	0	0	1	0	1	1	1	0	0	7
2013/12/31-21:49:14	56	1,550.04	64.001	0	0	0	0	0	0	0	1	1	0	0	8
2013/12/31-21:49:41	56	1,550.04	64.001	11	0	0	9	0	0	0	1	0	0	1	60
2013/12/31-21:50:59	56	1,550.04	64.001	9	0	0	12	0	0	0	1	1	0	0	60
2013/12/31-22:03:23	56	1,550.04	64.001	9	0	0	14	1	0	0	1	1	0	0	60
2013/12/31-22:04:41	56	1,550.04	64.001	9	0	1	3	0	0	0	1	0	0	1	59
2013/12/31-22:06:00	56	1,550.04	64.001	4	0	0	1	0	0	1	1	0	0	1	32
2013/12/31-22:06:52	56	1,550.04	64.001	1	0	0	0	0	0	0	1	1	0	0	3
2013/12/31-22:07:14	56	1,550.04	64.001	6	0	0	0	0	0	1	1	0	0	1	17
2013/12/31-22:23:26	44	1,608.518	59.071	5	0	1	0	1	0	0	1	0	0	1	25
2013/12/31-22:24:10	44	1,608.518	59.071	4	0	1	1	0	0	0	1	0	0	1	29
2013/12/31-22:25:29	44	1,608.518	59.071	7	0	0	0	1	0	0	1	1	0	0	60
2013/12/31-22:26:48	44	1,608.518	59.071	3	0	1	0	0	0	0	1	0	0	1	8
2013/12/31-22:27:44	44	1,608.518	59.071	7	0	0	4	0	0	0	1	1	0	0	60
2014/01/01-01:50:27	43	1,611.871	62.798	7	0	0	0	0	0	1	1	0	0	1	42
2014/01/01-01:51:28	43	1,611.871	62.798	12	0	0	5	0	0	0	1	0	0	1	60
2014/01/01-01:52:47	43	1,611.871	62.798	0	0	1	0	0	0	0	1	0	0	1	5
2014/01/01-01:54:06	43	1,611.871	62.798	5	0	1	20	0	0	0	1	0	0	1	43
2014/01/01-01:55:08	43	1,611.871	62.798	4	0	0	0	0	0	1	1	0	0	1	12
2014/01/01-02:10:05	43	1,611.871	62.798	11	0	0	4	0	0	1	1	0	0	1	50
2014/01/01-02:11:13	43	1,611.871	62.798	16	0	0	8	0	0	0	1	1	0	0	58
2014/01/01-02:12:30	43	1,611.871	62.798	0	0	1	0	0	0	0	1	0	0	1	9
2014/01/01-02:13:12	43	1,611.871	62.798	1	0	0	13	1	0	0	1	1	0	0	12
2014/01/01-02:13:42	43	1,611.871	62.798	1	0	0	0	2	0	0	1	1	0	0	9
2014/01/01-02:26:29	45	1,603.785	58.066	0	0	1	0	0	0	0	1	0	0	1	6
2014/01/01-02:27:48	45	1,603.785	58.066	1	0	1	0	1	0	0	1	0	0	1	3
2014/01/01-02:28:10	45	1,603.785	58.066	1	0	0	0	0	0	1	1	0	0	1	4
2014/01/01-02:29:29	45	1,603.785	58.066	4	0	1	0	0	0	0	1	0	0	1	15
2014/01/01-02:30:48	45	1,603.785	58.066	1	0	0	0	0	0	0	1	1	0	0	4
2014/01/01-06:02:55	48	1,579.396	62.097	3	0	0	1	0	0	0	1	1	0	0	29
2014/01/01-06:03:43	48	1,579.396	62.097	1	0	0	0	1	0	1	1	1	0	0	5
2014/01/01-06:04:07	48	1,579.396	62.097	0	0	1	0	0	0	0	1	0	0	1	8
2014/01/01-06:04:51	48	1,579.396	62.097	5	0	1	0	0	0	0	1	0	0	1	15
2014/01/01-06:06:10	48	1,579.396	62.097	12	0	0	18	1	0	0	1	1	0	0	60
2014/01/01-06:17:42	44	1,589.813	59.493	0	0	1	0	0	0	0	1	0	0	1	8
2014/01/01-06:18:13	44	1,589.813	59.493	0	0	1	0	0	0	0	1	0	0	1	3
2014/01/01-06:19:12	44	1,589.813	59.493	8	0	1	3	0	0	0	1	0	0	1	34
2014/01/01-06:20:23	44	1,589.813	59.493	1	0	1	0	0	0	0	1	0	0	1	4
2014/01/01-06:21:24	44	1,589.813	59.493	1	0	1	0	0	0	0	1	0	0	1	15
2014/01/01-06:37:00	44	1,589.813	59.493	9	0	0	0	2	0	0	1	1	0	0	60
2014/01/01-06:38:19	44	1,589.813	59.493	0	0	1	0	0	0	0	1	0	0	1	5
2014/01/01-06:38:57	44	1,589.813	59.493	0	0	1	0	0	0	0	1	0	0	1	8
2014/01/01-06:39:47	44	1,589.813	59.493	1	0	0	0	0	0	1	1	0	0	1	3
2014/01/01-06:40:20	44	1,589.813	59.493	3	0	1	0	0	0	0	1	0	0	1	16
2014/01/01-10:01:26	49	1,570.004	62.682	1	0	1	0	0	0	0	1	0	0	1	3
2014/01/01-10:01:49	49	1,570.004	62.682	1	0	0	0	0	0	0	1	1	0	0	3
2014/01/01-10:02:11	49	1,570.004	62.682	5	0	0	0	0	0	1	1	0	0	1	15
2014/01/01-10:02:59	49	1,570.004	62.682	4	0	1	3	0	0	0	1	0	0	1	29
2014/01/01-10:04:17	49	1,570.004	62.682	5	0	0	5	1	0	1	1	0	0	1	26
2014/01/01-10:10:34	49	1,570.004	62.682	0	0	1	0	0	0	0	1	0	0	1	8
2014/01/01-10:11:53	49	1,570.004	62.682	0	0	1	0	0	0	0	1	0	0	1	3
2014/01/01-10:12:15	49	1,570.004	62.682	1	0	0	0	0	0	1	1	0	0	1	6
2014/01/01-10:12:41	49	1,570.004	62.682	13	0	0	4	0	0	0	1	0	0	1	60
2014/01/01-10:14:00	49	1,570.004	62.682	14	0	0	6	1	0	0	1	1	0	0	60
2014/01/01-10:35:19	49	1,570.004	62.682	5	0	1	0	0	0	0	1	0	0	1	16
2014/01/01-10:36:38	49	1,570.004	62.682	2	0	1	1	0	0	0	1	0	0	1	16
2014/01/01-10:37:16	49	1,570.09	56.542	9	0	0	13	0	0	0	1	1	0	0	60
2014/01/01-10:38:34	49	1,570.09	56.542	7	0	0	5	0	0	0	1	1	0	0	60
2014/01/01-10:39:54	49	1,570.09	56.542	8	0	1	0	0	0	0	1	0	0	1	27
2014/01/01-15:03:54	45	1,585.539	63.023	0	0	1	0	0	0	0	1	0	0	1	7
2014/01/01-15:04:21	45	1,585.539	63.023	1	0	0	0	0	0	0	1	1	0	0	3
2014/01/01-15:04:47	45	1,585.539	63.023	5	0	0	0	0	0	1	1	0	0	1	15
2014/01/01-15:05:53	45	1,585.539	63.023	3	0	0	0	0	0	0	1	1	0	0	18
2014/01/01-15:06:30	45	1,585.539	63.023	2	0	1	13	1	0	0	1	0	0	1	17
2014/01/01-18:28:52	42	1,611.691	60.238	1	0	0	0	0	0	0	1	1	0	0	12
2014/01/01-18:30:03	42	1,611.691	60.238	3	0	1	0	0	0	0	1	0	0	1	12
2014/01/01-18:30:36	42	1,611.691	60.238	1	0	0	0	1	0	1	1	1	0	0	5
2014/01/01-18:31:02	42	1,611.691	60.238	0	0	1	0	0	0	0	1	0	0	1	4
2014/01/01-18:31:46	42	1,611.691	60.238	4	0	1	0	0	0	0	1	0	0	1	14
2014/01/01-18:58:02	42	1,611.691	60.238	3	0	1	0	0	0	0	1	0	0	1	10
2014/01/01-18:58:45	42	1,611.691	60.238	1	0	1	0	2	0	0	1	0	0	1	3
2014/01/01-18:59:07	42	1,611.691	60.238	3	0	1	1	0	0	0	1	0	0	1	23
2014/01/01-19:00:12	42	1,611.691	60.238	6	0	0	4	0	0	0	1	1	0	0	60
2014/01/01-19:01:31	42	1,611.691	60.238	0	0	1	0	0	0	0	1	0	0	1	8
2014/01/01-19:08:48	42	1,596.427	55.653	13	0	0	18	1	0	0	1	1	0	0	60
2014/01/01-19:10:07	42	1,596.427	55.653	1	0	1	0	0	0	0	1	0	0	1	7
2014/01/01-19:10:32	42	1,596.427	55.653	13	0	0	7	0	0	0	1	1	0	0	60
2014/01/01-19:11:51	42	1,596.427	55.653	9	0	0	7	0	0	0	1	1	0	0	60
2014/01/01-19:13:10	42	1,596.427	55.653	3	0	1	0	0	0	0	1	0	0	1	8
2014/01/02-01:27:17	42	1,610.89	60.251	1	0	0	0	0	0	1	1	0	0	1	6
2014/01/02-01:28:36	42	1,610.89	60.251	12	0	0	4	0	0	0	1	1	0	0	60
2014/01/02-01:29:55	42	1,610.89	60.251	8	0	0	14	0	0	0	1	1	0	0	60
2014/01/02-01:31:14	42	1,610.89	60.251	1	0	1	0	1	0	0	1	1	0	0	3
2014/01/02-01:31:36	42	1,610.89	60.251	5	0	0	0	0	0	1	1	0	0	1	15
2014/01/02-01:40:47	42	1,610.495	57.965	1	0	1	0	0	0	0	1	0	0	1	7
2014/01/02-01:41:28	42	1,610.495	57.965	1	0	1	0	0	0	0	1	0	1	0	3
2014/01/02-01:41:50	42	1,610.495	57.965	0	0	1	0	0	0	0	1	0	0	1	10
2014/01/02-01:42:19	42	1,610.495	57.965	5	0	0	6	1	0	0	1	1	0	0	44
2014/01/02-01:43:22	42	1,610.495	57.965	2	0	0	0	0	0	1	1	0	0	1	6
2014/01/02-01:56:28	42	1,610.495	57.965	1	0	0	0	0	0	0	1	1	0	0	4
2014/01/02-01:56:50	42	1,610.495	57.965	1	0	0	0	0	0	1	1	0	0	1	5
2014/01/02-01:57:16	42	1,610.495	57.965	13	0	0	22	0	0	0	1	0	0	1	60
2014/01/02-01:58:35	42	1,610.495	57.965	0	0	1	0	0	0	0	1	0	0	1	6
2014/01/02-01:59:54	42	1,610.495	57.965	9	0	0	5	0	0	1	1	0	0	1	57
2014/01/02-05:40:50	43	1,616.593	60.171	12	0	0	6	0	0	0	1	0	0	1	60
2014/01/02-05:42:09	43	1,616.593	60.171	4	0	1	2	0	0	0	1	0	0	1	24
2014/01/02-05:42:51	43	1,616.593	60.171	9	0	0	22	0	0	0	1	0	0	1	60
2014/01/02-05:44:10	43	1,616.593	60.171	0	0	1	0	0	0	0	1	0	0	1	8
2014/01/02-05:44:47	43	1,610.671	58.188	2	0	0	0	1	0	1	1	0	0	1	6
2014/01/02-05:50:09	43	1,610.671	58.188	1	0	0	0	1	0	1	1	0	0	1	4
2014/01/02-05:50:31	43	1,610.671	58.188	0	0	1	0	0	0	0	1	0	0	1	8
2014/01/02-05:50:58	43	1,610.671	58.188	3	0	1	0	1	0	0	1	0	0	1	6
2014/01/02-05:51:23	43	1,610.671	58.188	11	0	0	4	0	0	0	1	1	0	0	60
2014/01/02-05:52:42	43	1,610.671	58.188	3	0	1	0	0	0	0	1	0	0	1	9
2014/01/02-06:09:44	43	1,610.671	58.188	10	0	0	18	0	0	0	1	1	0	0	60
2014/01/02-06:11:03	43	1,610.671	58.188	0	0	1	0	0	0	0	1	0	0	1	7
2014/01/02-06:11:28	43	1,610.671	58.188	9	0	0	4	0	0	0	1	1	0	0	28
2014/01/02-06:12:15	43	1,610.671	58.188	5	0	0	5	0	0	0	1	1	0	0	60
2014/01/02-06:13:34	43	1,610.671	58.188	2	0	1	0	0	0	0	1	0	0	1	8
2014/01/02-11:17:05	43	1,612.325	62.542	5	0	0	0	0	0	0	1	1	0	0	60
2014/01/02-11:18:25	43	1,612.325	62.542	12	0	0	3	0	0	0	1	1	0	0	60
2014/01/02-11:19:44	43	1,612.325	62.542	8	0	1	2	1	0	0	1	0	0	1	49
2014/01/02-11:21:03	43	1,612.325	62.542	0	0	1	0	0	0	0	1	0	0	1	8
2014/01/02-11:22:22	43	1,612.325	62.542	7	0	0	17	0	0	0	1	1	0	0	60
2014/01/02-11:48:37	42	1,610.578	59.983	1	0	0	0	0	0	0	1	1	0	0	3
2014/01/02-11:48:59	42	1,610.578	59.983	1	0	0	0	0	0	1	1	0	0	1	5
2014/01/02-11:50:18	42	1,610.578	59.983	1	0	1	0	0	0	0	1	0	0	1	3
2014/01/02-11:51:31	42	1,610.578	59.983	0	0	1	0	0	0	0	1	0	0	1	6
2014/01/02-11:51:56	42	1,610.578	59.983	5	0	1	0	0	0	0	1	0	0	1	15
2014/01/02-11:59:51	42	1,610.578	59.983	0	0	1	0	0	0	0	1	0	0	1	19
2014/01/02-12:00:30	42	1,610.578	59.983	0	0	1	0	0	0	0	1	0	0	1	10
2014/01/02-12:01:49	42	1,610.578	59.983	1	0	0	0	0	0	0	1	1	0	0	3
2014/01/02-12:02:12	42	1,610.578	59.983	7	0	0	3	0	0	0	1	1	0	0	60
2014/01/02-12:03:31	42	1,610.578	59.983	1	0	0	0	1	0	1	1	0	0	1	4
2014/01/02-15:41:34	41	1,620.526	62.605	0	0	1	0	0	0	0	1	0	0	1	28
2014/01/02-15:42:22	41	1,620.526	62.605	14	0	0	6	0	0	0	1	1	0	0	60
2014/01/02-15:43:41	41	1,620.526	62.605	0	0	1	0	0	0	0	1	0	0	1	4
2014/01/02-15:45:00	41	1,620.526	62.605	2	0	1	0	0	0	0	1	0	0	1	7
2014/01/02-15:45:29	41	1,620.526	62.605	10	0	0	1	0	0	0	1	0	0	1	60
2014/01/02-15:51:12	41	1,620.526	62.605	11	0	0	6	0	0	0	1	1	0	0	60
2014/01/02-15:52:31	41	1,620.526	62.605	2	0	0	0	1	0	0	1	1	0	0	6
2014/01/02-15:52:56	41	1,620.526	62.605	0	0	0	0	0	0	0	1	1	0	0	8
2014/01/02-15:53:23	41	1,620.526	62.605	2	0	0	0	1	0	0	1	1	0	0	6
2014/01/02-15:53:48	41	1,620.526	62.605	1	0	0	0	0	0	1	1	0	0	1	3
2014/01/02-16:06:37	41	1,620.526	62.605	1	0	0	0	0	0	1	1	0	0	1	10
2014/01/02-16:07:09	41	1,620.526	62.605	6	0	0	3	0	0	0	1	1	0	0	47
2014/01/02-16:08:15	41	1,620.526	62.605	1	0	1	0	0	0	0	1	0	0	1	6
2014/01/02-16:08:43	41	1,620.526	62.605	0	0	1	0	0	0	0	1	0	0	1	6
2014/01/02-16:09:10	41	1,620.526	62.605	3	0	0	0	0	0	1	1	0	0	1	9
2014/01/02-23:51:21	45	1,597.386	65.545	10	0	1	5	0	0	0	1	0	0	1	43
2014/01/02-23:52:41	45	1,597.386	65.545	11	0	0	0	0	0	0	1	0	0	1	60
2014/01/02-23:54:00	45	1,597.386	65.545	4	0	0	2	0	0	0	1	0	0	1	60
2014/01/02-23:55:19	45	1,597.386	65.545	0	0	1	0	0	0	0	1	0	0	1	8
2014/01/02-23:55:45	47	1,588.676	63.214	2	0	0	0	0	0	0	1	0	0	1	60
2014/01/03-00:03:53	47	1,588.676	63.214	8	0	0	9	0	0	0	1	1	0	0	60
2014/01/03-00:05:12	47	1,588.676	63.214	1	0	0	0	1	0	1	1	0	0	1	3
2014/01/03-00:06:31	47	1,588.676	63.214	6	0	1	2	0	0	0	1	0	0	1	24
2014/01/03-00:07:15	47	1,588.676	63.214	3	0	1	0	0	0	0	1	0	0	1	8
2014/01/03-00:08:34	47	1,588.676	63.214	0	0	1	0	0	0	0	1	0	0	1	5
2014/01/03-00:21:24	47	1,588.676	63.214	5	0	0	0	0	0	1	1	0	0	1	16
2014/01/03-00:22:44	47	1,588.676	63.214	0	0	1	0	0	0	0	1	0	0	1	5
2014/01/03-00:23:43	47	1,588.676	63.214	16	0	0	18	0	0	0	1	1	0	0	60
2014/01/03-00:25:03	47	1,588.676	63.214	10	0	0	5	0	0	0	1	1	0	0	60
2014/01/03-00:26:22	47	1,588.676	63.214	3	0	1	0	0	0	0	1	0	0	1	10
2014/01/03-03:58:05	52	1,557.184	64.845	2	0	1	0	0	0	0	1	0	0	1	9
2014/01/03-03:58:47	52	1,557.184	64.845	8	0	0	22	0	0	0	1	0	0	1	60
2014/01/03-04:00:06	52	1,557.184	64.845	5	0	1	4	0	0	0	1	0	0	1	41
2014/01/03-04:01:11	52	1,557.184	64.845	0	0	1	0	0	0	0	1	0	0	1	3
2014/01/03-04:01:45	52	1,557.184	64.845	4	0	1	0	0	0	0	1	0	0	1	23
2014/01/03-04:06:11	52	1,557.184	64.845	15	0	0	7	0	0	0	1	1	0	0	60
2014/01/03-04:07:30	52	1,557.184	64.845	5	0	0	21	0	0	0	1	1	0	0	38
2014/01/03-04:08:28	52	1,557.184	64.845	0	0	1	0	0	0	0	1	0	0	1	9
2014/01/03-04:09:14	52	1,557.184	64.845	3	0	1	2	0	0	0	1	0	0	1	14
2014/01/03-04:09:53	52	1,557.184	64.845	1	0	1	0	0	0	0	1	0	0	1	3
2014/01/03-04:26:19	52	1,557.184	64.845	4	0	1	0	0	0	0	1	0	0	1	10
2014/01/03-04:27:37	52	1,557.184	64.845	8	0	0	10	0	0	0	1	1	0	0	60
2014/01/03-04:28:57	52	1,540.811	58.807	11	0	0	7	0	0	0	1	1	0	0	53
2014/01/03-04:30:09	52	1,540.811	58.807	0	0	1	0	0	0	0	1	0	0	1	5
2014/01/03-04:31:28	52	1,540.811	58.807	2	0	0	0	0	0	1	1	0	0	1	9
2014/01/03-09:02:03	52	1,538.639	64.593	0	0	1	0	0	0	0	1	0	0	1	8
2014/01/03-09:03:18	52	1,538.639	64.593	4	0	1	1	0	0	0	1	0	0	1	23
2014/01/03-09:04:37	52	1,538.639	64.593	10	0	0	4	1	0	0	1	1	0	0	37
2014/01/03-09:05:33	52	1,538.639	64.593	9	0	0	17	0	0	0	1	1	0	0	60
2014/01/03-09:06:52	52	1,538.639	64.593	5	0	0	3	0	0	1	1	0	0	1	25
