2013/09/02-15:21:21	34	1,500	350.465	5	0	0	1	1	0	0	1	1	0	0	21
2013/09/02-15:22:01	34	1,500	350.465	2	0	0	0	0	0	1	1	0	0	1	3
2013/09/02-15:22:29	34	1,500	350.465	5	0	1	11	0	0	0	1	0	0	1	31
2013/09/02-15:23:19	34	1,500	350.465	2	0	0	0	2	0	1	1	1	0	0	7
2013/09/02-15:23:44	34	1,500	350.465	21	0	0	0	1	0	0	1	1	0	0	60
2013/09/02-15:45:35	12	1,840.588	275.415	4	0	1	1	0	0	0	1	0	0	1	20
2013/09/02-15:46:40	12	1,840.588	275.415	0	0	1	0	0	0	0	1	0	0	1	4
2013/09/02-15:47:33	12	1,840.588	275.415	4	0	0	0	0	0	0	1	1	0	0	60
2013/09/02-15:48:52	12	1,840.588	275.415	8	0	0	3	0	0	0	1	0	0	1	60
2013/09/02-15:50:10	12	1,840.588	275.415	0	0	1	0	0	0	0	1	0	0	1	10
2013/09/02-15:57:26	12	1,840.588	275.415	8	0	1	0	0	0	0	1	0	0	1	40
2013/09/02-15:58:25	12	1,840.588	275.415	5	0	1	3	0	0	0	1	0	0	1	58
2013/09/02-15:59:42	12	1,840.588	275.415	6	0	0	0	0	0	1	1	0	0	1	7
2013/09/02-16:00:28	12	1,840.588	275.415	1	0	1	0	0	0	0	1	0	0	1	4
2013/09/02-16:01:47	12	1,840.588	275.415	1	0	1	0	0	0	0	1	0	0	1	9
2013/09/02-16:43:23	64	1,499.949	211.164	17	0	0	4	0	0	0	1	1	0	0	60
2013/09/02-16:44:43	64	1,499.949	211.164	3	0	0	0	1	0	0	1	1	0	0	12
2013/09/02-16:45:14	64	1,499.949	211.164	2	0	0	6	0	0	1	1	0	0	1	21
2013/09/02-16:46:05	64	1,499.949	211.164	13	0	0	0	0	0	0	1	0	0	1	60
2013/09/02-16:47:24	64	1,499.949	211.164	9	0	0	5	0	0	1	1	0	0	1	41
2013/09/02-17:07:44	64	1,499.949	211.164	0	0	1	0	0	0	0	1	0	0	1	6
2013/09/02-17:08:42	27	1,599.414	176.117	19	0	0	11	0	0	1	1	0	0	1	40
2013/09/02-17:09:47	27	1,599.414	176.117	1	0	1	0	0	0	0	1	0	0	1	3
2013/09/02-17:10:10	27	1,599.414	176.117	3	0	0	0	0	0	0	1	1	0	0	34
2013/09/02-17:11:03	27	1,599.414	176.117	12	0	1	4	0	0	0	1	0	0	1	37
2013/09/02-17:31:16	27	1,599.414	176.117	32	0	0	1	1	0	0	1	1	0	0	60
2013/09/02-17:32:35	27	1,599.414	176.117	12	0	0	0	1	0	0	1	1	0	0	60
2013/09/02-17:33:54	27	1,599.414	176.117	2	0	1	0	0	0	0	1	0	0	1	11
2013/09/02-17:34:40	27	1,599.414	176.117	2	0	0	0	0	0	1	1	0	0	1	22
2013/09/02-17:35:30	27	1,599.414	176.117	11	0	0	0	0	0	0	1	1	0	0	60
2013/09/02-19:22:25	7	2,013.823	151.994	1	0	1	0	0	0	0	1	0	0	1	9
2013/09/02-19:23:08	7	2,013.823	151.994	1	0	0	0	0	0	1	1	0	0	1	2
2013/09/02-19:23:38	7	2,013.823	151.994	1	0	1	0	0	0	0	1	0	0	1	2
2013/09/02-19:26:12	7	2,013.823	151.994	3	0	0	1	0	0	0	1	0	1	0	73
2013/09/02-19:28:16	7	2,013.823	151.994	10	0	0	0	1	0	1	1	0	0	1	28
2013/09/02-19:29:31	7	2,013.823	151.994	1	0	1	0	0	0	0	1	0	0	1	4
2013/09/02-19:30:05	7	2,013.823	151.994	6	0	1	0	0	0	0	1	0	0	1	12
2013/09/02-19:30:44	7	2,013.823	151.994	6	0	0	14	1	0	1	1	0	0	1	27
2013/09/02-19:31:31	7	2,013.823	151.994	4	0	0	0	0	0	1	1	0	0	1	16
2013/09/02-19:32:17	7	2,013.823	151.994	3	0	1	0	0	0	0	1	0	0	1	19
2013/09/02-20:16:23	7	2,013.823	151.994	1	0	1	0	1	0	0	1	0	0	1	3
2013/09/02-20:18:33	7	2,013.823	151.994	3	0	0	0	0	0	1	1	0	0	1	20
2013/09/02-20:30:43	7	2,013.823	151.994	6	0	1	0	0	0	0	1	0	0	1	28
2013/09/02-20:31:36	7	2,013.823	151.994	2	0	1	2	0	0	0	1	0	0	1	21
2013/09/02-20:32:21	7	2,013.823	151.994	10	0	0	0	0	0	0	1	1	0	0	60
2013/09/02-21:01:50	20	1,675.961	120.963	1	0	0	0	0	0	0	1	1	0	0	9
2013/09/02-21:02:18	20	1,675.961	120.963	1	0	0	0	0	0	1	1	0	0	1	6
2013/09/02-21:02:44	20	1,675.961	120.963	0	0	1	0	0	0	0	1	0	0	1	3
2013/09/02-21:03:06	20	1,675.961	120.963	8	0	0	4	0	0	0	1	0	0	1	60
2013/09/02-21:04:24	20	1,675.961	120.963	12	0	0	0	0	0	1	1	0	0	1	13
2013/09/02-21:12:52	23	1,666.992	107.493	1	0	0	0	0	0	1	1	0	0	1	7
2013/09/02-21:14:11	23	1,666.992	107.493	0	0	0	0	0	0	0	1	1	0	0	19
2013/09/02-21:14:49	23	1,666.992	107.493	46	0	0	0	0	0	0	1	1	0	0	60
2013/09/02-21:16:08	23	1,666.992	107.493	14	0	0	13	0	0	0	1	1	0	0	60
2013/09/02-21:17:27	23	1,666.992	107.493	23	0	0	7	0	0	0	1	1	0	0	60
2013/09/02-21:36:04	23	1,666.992	107.493	4	0	0	17	0	0	1	1	0	0	1	32
2013/09/02-21:37:09	23	1,666.992	107.493	7	0	0	0	0	0	1	1	0	0	1	11
2013/09/02-21:37:59	22	1,713.198	94.832	2	0	1	0	0	0	0	1	0	0	1	58
2013/09/02-21:39:18	22	1,713.198	94.832	39	0	0	4	0	0	0	1	1	0	0	60
2013/09/02-21:40:37	22	1,713.198	94.832	18	0	0	1	0	0	0	1	1	0	0	60
2013/09/03-07:45:38	25	1,736.935	93.33	6	0	1	0	0	0	0	1	0	0	1	8
2013/09/03-07:46:36	25	1,736.935	93.33	23	0	0	3	0	0	0	1	0	0	1	60
2013/09/03-07:47:55	25	1,736.935	93.33	1	0	0	0	0	0	1	1	0	0	1	3
2013/09/03-07:48:28	25	1,736.935	93.33	2	0	0	0	0	0	1	1	0	0	1	16
2013/09/03-07:49:28	25	1,736.935	93.33	1	0	1	0	0	0	0	1	0	0	1	4
2013/09/03-08:18:04	25	1,736.935	93.33	1	0	0	0	1	0	1	1	0	0	1	6
2013/09/03-08:18:29	25	1,736.935	93.33	1	0	0	14	0	0	0	1	1	0	0	20
2013/09/03-08:19:09	25	1,736.935	93.33	15	0	0	9	1	0	0	1	1	0	0	47
2013/09/03-08:20:15	25	1,736.935	93.33	7	0	0	0	1	0	0	1	1	0	0	34
2013/09/03-08:21:08	25	1,736.935	93.33	6	0	0	0	1	0	0	1	1	0	0	17
2013/09/03-10:21:16	26	1,758.675	81.626	1	0	1	0	1	0	0	1	0	0	1	5
2013/09/03-10:22:07	26	1,758.675	81.626	5	0	1	1	0	0	0	1	0	0	1	26
2013/09/03-10:22:56	26	1,758.675	81.626	9	0	0	1	0	0	1	1	0	0	1	40
2013/09/03-10:24:15	26	1,758.675	81.626	18	0	0	0	0	0	0	1	1	0	0	60
2013/09/03-10:25:33	26	1,758.675	81.626	9	0	0	0	0	0	0	1	1	0	0	60
2013/09/03-18:06:13	27	1,756.991	80.531	2	0	0	0	0	0	0	1	1	0	0	10
2013/09/03-18:06:42	27	1,756.991	80.531	7	0	0	0	0	0	0	1	1	0	0	12
2013/09/03-18:07:12	24	1,791.047	77.69	6	0	1	1	0	0	0	1	0	0	1	24
2013/09/03-18:08:31	24	1,791.047	77.69	11	0	1	9	0	0	0	1	0	0	1	34
2013/09/03-18:09:24	24	1,791.047	77.69	7	0	0	0	0	0	0	1	1	0	0	60
2013/09/03-18:26:11	24	1,791.047	77.69	7	0	0	4	0	0	0	1	0	0	1	60
2013/09/03-18:27:30	24	1,791.047	77.69	1	0	1	0	0	0	0	1	0	0	1	14
2013/09/03-18:28:03	24	1,791.047	77.69	0	0	1	0	0	0	0	1	0	0	1	6
2013/09/03-18:29:22	24	1,791.047	77.69	1	0	0	0	1	0	1	1	0	0	1	3
2013/09/03-18:29:50	24	1,791.047	77.69	8	0	1	0	1	0	0	1	0	0	1	14
2013/09/03-18:45:38	26	1,750.379	69.887	4	0	0	2	0	0	0	1	0	0	1	60
2013/09/03-18:46:57	26	1,750.379	69.887	2	0	1	0	0	0	0	1	0	0	1	20
2013/09/03-18:47:36	26	1,750.379	69.887	30	0	0	11	1	0	0	1	1	0	0	60
2013/09/03-18:48:55	26	1,750.379	69.887	0	0	0	0	0	0	0	1	1	0	0	7
2013/09/03-18:49:21	26	1,750.379	69.887	0	0	1	0	0	0	0	1	0	0	1	8
2013/09/03-22:52:58	27	1,760.244	71.321	15	0	0	3	0	0	0	1	0	1	0	60
2013/09/03-22:54:17	27	1,760.244	71.321	6	0	0	5	0	0	0	1	0	0	1	60
2013/09/03-22:55:36	27	1,760.244	71.321	16	0	0	0	1	0	0	1	1	0	0	60
2013/09/03-22:56:55	27	1,760.244	71.321	1	0	1	0	0	0	0	1	0	0	1	12
2013/09/03-22:58:14	27	1,760.244	71.321	5	0	0	0	0	0	0	1	1	0	0	60
2013/09/03-23:18:35	24	1,762.948	66.662	2	0	1	0	1	0	0	1	0	0	1	10
2013/09/03-23:19:04	24	1,762.948	66.662	3	0	0	0	0	0	0	1	0	0	1	60
2013/09/03-23:20:23	24	1,762.948	66.662	2	0	1	0	0	0	0	1	0	0	1	16
2013/09/03-23:21:42	24	1,762.948	66.662	1	0	1	2	0	0	0	1	0	0	1	18
2013/09/03-23:22:19	24	1,762.948	66.662	18	0	0	2	0	0	0	1	1	0	0	60
2013/09/03-23:33:59	24	1,762.948	66.662	8	0	0	0	1	0	0	1	1	0	0	15
2013/09/03-23:34:43	24	1,762.948	66.662	1	0	0	0	0	0	0	1	1	0	0	3
2013/09/03-23:35:02	24	1,762.948	66.662	2	0	0	0	0	0	1	1	0	0	1	6
2013/09/03-23:35:44	24	1,762.948	66.662	19	0	0	7	0	0	0	1	1	0	0	58
2013/09/03-23:37:01	24	1,762.948	66.662	2	0	0	0	1	0	0	1	1	0	0	6
2013/09/04-18:16:35	22	1,813.472	67.315	1	0	1	0	0	0	0	1	0	0	1	11
2013/09/04-18:17:05	22	1,813.472	67.315	1	0	1	0	0	0	0	1	0	0	1	4
2013/09/04-18:18:17	22	1,813.472	67.315	2	0	0	0	0	0	1	1	0	0	1	15
2013/09/04-18:19:19	22	1,813.472	67.315	4	0	0	0	0	0	0	1	0	0	1	60
2013/09/04-18:20:38	22	1,813.472	67.315	7	0	1	5	0	0	0	1	0	0	1	28
2013/09/04-18:31:15	22	1,813.472	67.315	7	0	0	0	0	0	1	1	0	0	1	34
2013/09/04-18:32:10	22	1,813.472	67.315	8	0	1	5	0	0	0	1	0	0	1	29
2013/09/04-18:33:29	22	1,813.472	67.315	8	0	1	0	0	0	0	1	0	0	1	27
2013/09/04-18:34:48	22	1,813.472	67.315	6	0	1	17	0	0	0	1	0	0	1	23
2013/09/04-18:36:07	22	1,813.472	67.315	3	0	1	0	0	0	0	1	1	0	0	42
2013/09/04-18:52:36	24	1,757.587	60.702	4	0	1	0	0	0	0	1	0	0	1	15
2013/09/04-18:53:55	24	1,757.587	60.702	3	0	0	0	0	0	1	1	0	0	1	14
2013/09/04-18:54:27	24	1,757.587	60.702	3	0	0	0	0	0	1	1	0	0	1	16
2013/09/04-18:55:08	24	1,757.587	60.702	1	0	0	0	0	0	0	1	1	0	0	60
2013/09/04-18:56:27	24	1,757.587	60.702	23	0	0	0	0	0	0	1	1	0	0	60
2013/09/05-01:05:04	24	1,751	64.14	7	0	1	3	0	0	0	1	0	0	1	23
2013/09/05-01:05:47	24	1,751	64.14	9	0	0	0	1	0	0	1	1	0	0	41
2013/09/05-01:06:47	24	1,751	64.14	27	0	0	9	0	0	0	1	0	0	1	60
2013/09/05-01:08:06	24	1,751	64.14	12	0	0	0	0	0	0	1	0	0	1	60
2013/09/05-01:09:24	24	1,751	64.14	2	0	0	0	0	0	1	1	0	0	1	6
2013/09/05-01:32:21	25	1,747.073	60.511	1	0	0	0	1	0	1	1	0	0	1	9
2013/09/05-01:32:49	25	1,747.073	60.511	1	0	0	0	0	0	1	1	0	0	1	3
2013/09/05-01:33:18	25	1,747.073	60.511	12	0	0	6	1	0	0	1	1	0	0	60
2013/09/05-01:34:37	25	1,747.073	60.511	16	0	1	0	0	0	0	1	0	0	1	52
2013/09/05-01:35:56	25	1,747.073	60.511	0	0	1	0	0	0	0	1	0	0	1	21
2013/09/05-01:46:58	25	1,747.073	60.511	0	0	1	0	0	0	0	1	0	0	1	9
2013/09/05-01:47:47	25	1,747.073	60.511	9	0	0	22	2	0	0	1	1	0	0	40
2013/09/05-01:48:46	25	1,747.073	60.511	0	0	1	0	0	0	0	1	0	0	1	4
2013/09/05-01:49:22	25	1,747.073	60.511	1	0	0	0	1	0	1	1	0	0	1	10
2013/09/05-01:49:51	26	1,749.16	55.653	19	0	1	0	0	0	0	1	0	0	1	44
2013/09/05-11:02:56	25	1,752.31	62.031	7	0	1	1	0	0	0	1	0	0	1	38
2013/09/05-11:04:15	25	1,752.31	62.031	20	0	0	3	1	0	0	1	1	0	0	60
2013/09/05-11:05:34	25	1,752.31	62.031	21	0	0	6	0	0	0	1	0	0	1	60
2013/09/05-11:06:52	25	1,752.31	62.031	18	0	0	0	0	0	0	1	0	0	1	60
2013/09/05-11:08:11	25	1,752.31	62.031	21	0	0	5	0	0	0	1	0	0	1	60
2013/09/07-01:02:52	24	1,765.808	68.494	17	0	0	7	1	0	0	1	1	0	0	60
2013/09/07-01:04:11	24	1,765.808	68.494	11	0	0	6	0	0	0	1	0	0	1	60
2013/09/07-01:05:30	24	1,765.808	68.494	19	0	0	3	1	0	0	1	1	0	0	60
2013/09/07-01:06:48	24	1,765.808	68.494	24	0	0	1	0	0	0	1	0	0	1	60
2013/09/07-01:08:07	24	1,765.808	68.494	2	0	1	0	0	0	0	1	0	0	1	12
2013/09/07-09:26:51	24	1,765.808	68.494	17	0	0	4	0	0	0	1	0	0	1	60
2013/09/07-09:28:12	24	1,765.808	68.494	22	0	0	5	0	0	0	1	1	0	0	60
2013/09/07-09:29:30	24	1,765.808	68.494	5	0	1	0	0	0	0	1	0	0	1	11
2013/09/07-09:30:18	24	1,765.808	68.494	14	0	0	1	0	0	0	1	0	0	1	60
2013/09/07-09:31:37	24	1,765.808	68.494	22	0	0	1	0	0	1	1	0	0	1	45
2013/09/07-09:53:04	21	1,792.854	61.495	13	0	0	2	1	0	0	1	1	0	0	32
2013/09/07-09:53:55	21	1,792.854	61.495	4	0	1	1	0	0	0	1	0	0	1	23
2013/09/07-09:55:14	21	1,792.854	61.495	13	0	0	7	0	0	0	1	0	0	1	60
2013/09/07-09:56:33	21	1,792.854	61.495	7	0	1	1	0	0	0	1	0	0	1	17
2013/09/07-09:57:28	21	1,792.854	61.495	4	0	1	0	0	0	0	1	0	0	1	19
2013/09/08-20:26:23	22	1,782.622	62.825	6	0	1	3	0	0	0	1	0	0	1	34
2013/09/08-21:46:57	22	1,782.622	62.825	20	0	0	4	1	0	0	1	1	0	0	60
2013/09/08-21:48:17	22	1,782.622	62.825	2	0	0	0	0	0	1	1	0	0	1	3
2013/09/08-21:49:36	22	1,782.622	62.825	17	0	0	5	0	0	0	1	0	0	1	60
2013/09/08-21:50:55	22	1,782.622	62.825	11	0	0	5	0	0	0	1	0	0	1	60
2013/09/08-22:37:00	21	1,785.64	59.436	5	0	1	2	0	0	0	1	0	0	1	23
2013/09/08-22:37:52	21	1,785.64	59.436	3	0	1	1	0	0	0	1	0	0	1	11
2013/09/08-22:38:28	21	1,785.64	59.436	17	0	1	4	0	0	0	1	0	0	1	53
2013/09/08-22:39:40	21	1,785.64	59.436	22	0	0	5	0	0	0	1	0	0	1	60
2013/09/08-22:40:58	21	1,785.64	59.436	8	0	0	2	0	0	0	1	0	0	1	60
2013/09/08-22:54:21	21	1,786.884	56.481	14	0	0	6	0	0	0	1	1	0	0	60
2013/09/08-22:55:40	21	1,786.884	56.481	11	0	0	6	0	0	1	1	0	0	1	44
2013/09/08-22:56:55	21	1,786.884	56.481	9	0	1	3	1	0	0	1	0	0	1	27
2013/09/08-22:57:49	21	1,786.884	56.481	7	0	1	0	0	0	0	1	0	0	1	19
2013/09/08-22:58:40	21	1,786.884	56.481	7	0	1	3	0	0	0	1	0	0	1	43
2013/09/10-01:37:43	22	1,776.678	60.713	28	0	0	3	0	0	0	1	0	0	1	60
2013/09/10-01:39:02	22	1,776.678	60.713	11	0	1	2	0	0	0	1	0	0	1	36
2013/09/10-01:40:19	22	1,776.678	60.713	11	0	0	3	0	0	1	1	0	0	1	27
2013/09/10-01:41:38	22	1,776.678	60.713	10	0	0	4	0	0	0	1	0	0	1	60
2013/09/10-01:42:57	22	1,776.678	60.713	2	0	0	0	0	0	1	1	0	0	1	3
2013/09/10-08:57:15	25	1,743.428	57.688	18	0	0	9	0	0	0	1	1	0	0	60
2013/09/10-08:58:34	25	1,743.428	57.688	11	0	0	2	0	0	1	1	0	0	1	31
2013/09/10-08:59:44	25	1,743.428	57.688	23	0	0	3	0	0	0	1	0	0	1	60
2013/09/10-09:01:03	25	1,743.428	57.688	25	0	0	4	0	0	0	1	0	0	1	60
2013/09/10-09:02:21	25	1,743.428	57.688	8	0	1	5	0	0	0	1	0	0	1	34
2013/09/10-09:15:35	25	1,743.428	57.688	10	0	0	2	0	0	1	1	0	0	1	54
2013/09/10-09:16:48	25	1,743.428	57.688	16	0	0	7	0	0	0	1	1	0	0	60
2013/09/10-09:18:07	25	1,743.428	57.688	20	0	0	8	0	0	0	1	1	0	0	60
2013/09/10-09:19:26	25	1,743.428	57.688	12	0	0	4	1	0	0	1	1	0	0	60
2013/09/10-09:20:44	25	1,743.428	57.688	7	0	1	1	0	0	0	1	0	0	1	20
2013/09/11-02:07:48	24	1,752.41	60.936	6	0	0	7	0	0	0	1	1	0	0	38
2013/09/11-02:08:44	24	1,752.41	60.936	19	0	0	5	0	0	0	1	1	0	0	60
2013/09/11-02:10:03	24	1,752.41	60.936	9	0	0	0	0	0	1	1	0	0	1	16
2013/09/11-02:11:22	24	1,752.41	60.936	22	0	0	7	0	0	0	1	1	0	0	60
2013/09/11-02:12:41	24	1,752.41	60.936	2	0	1	1	0	0	0	1	0	0	1	18
2013/09/11-08:21:16	24	1,752.41	60.936	19	0	0	7	0	0	1	1	0	0	1	57
2013/09/11-08:22:33	24	1,752.41	60.936	25	0	0	4	0	0	0	1	0	0	1	60
2013/09/11-08:23:52	24	1,752.41	60.936	7	0	0	3	0	0	1	1	0	0	1	13
2013/09/11-08:25:11	24	1,752.41	60.936	26	0	0	2	1	0	0	1	1	0	0	60
2013/09/11-08:26:29	24	1,752.41	60.936	4	0	1	1	0	0	0	1	0	0	1	23
2013/09/11-08:57:50	23	1,786.351	55.668	3	0	0	0	0	0	1	1	0	0	1	6
2013/09/11-08:59:09	23	1,786.351	55.668	16	0	0	1	0	0	0	1	0	0	1	60
2013/09/11-09:00:28	23	1,786.351	55.668	11	0	0	1	0	0	0	1	0	0	1	60
2013/09/11-09:01:46	23	1,786.351	55.668	7	0	1	2	0	0	0	1	0	0	1	34
2013/09/11-09:03:05	23	1,786.351	55.668	22	0	0	5	0	0	0	1	1	0	0	60
2013/09/11-20:36:44	23	1,776.136	60.281	6	0	0	1	0	0	1	1	0	0	1	15
2013/09/11-20:38:04	24	1,771.607	59.783	13	0	0	5	0	0	0	1	0	0	1	60
2013/09/11-20:39:23	24	1,771.607	59.783	20	0	1	2	0	0	0	1	0	0	1	48
2013/09/11-20:40:41	24	1,771.607	59.783	2	0	0	0	0	0	1	1	0	0	1	3
2013/09/11-20:42:00	24	1,771.607	59.783	2	0	0	0	0	0	1	1	0	0	1	3
2013/09/11-20:43:01	24	1,771.607	59.783	7	0	0	3	0	0	0	1	1	0	0	60
2013/09/11-20:44:20	24	1,771.607	59.783	3	0	1	1	0	0	0	1	0	0	1	22
2013/09/11-21:37:36	24	1,771.607	59.783	6	0	1	3	0	0	0	1	0	0	1	19
2013/09/11-21:50:45	24	1,771.607	59.783	18	0	0	4	1	0	0	1	1	0	0	42
2013/09/11-21:51:50	24	1,771.607	59.783	15	0	1	1	0	0	0	1	0	0	1	49
2013/09/11-22:20:38	24	1,771.607	59.783	8	0	0	4	0	0	0	1	1	0	0	60
2013/09/11-22:21:57	24	1,771.607	59.783	16	0	0	5	1	0	0	1	1	0	0	60
2013/09/11-22:23:16	24	1,771.607	59.783	4	0	0	0	0	0	1	1	0	0	1	7
2013/09/11-22:24:11	24	1,771.607	59.783	1	0	1	0	0	0	0	1	0	0	1	8
2013/09/11-22:25:29	24	1,771.607	59.783	9	0	0	2	1	0	0	1	1	0	0	60
2013/09/12-13:10:32	24	1,738.141	61.507	8	0	0	3	1	0	1	1	0	0	1	26
2013/09/12-14:31:05	24	1,738.141	61.507	24	0	0	0	0	0	0	1	0	0	1	60
2013/09/12-14:32:25	24	1,738.141	61.507	17	0	0	3	0	0	0	1	0	0	1	60
2013/09/12-14:33:44	24	1,738.141	61.507	23	0	0	1	0	0	0	1	0	0	1	60
2013/09/12-14:35:02	24	1,738.141	61.507	29	0	0	5	0	0	0	1	1	0	0	60
2013/09/13-09:07:06	24	1,755.093	59.372	19	0	0	2	1	0	0	1	1	0	0	60
2013/09/13-09:08:25	24	1,755.093	59.372	6	0	0	1	0	0	0	1	1	0	0	26
2013/09/13-09:09:09	24	1,755.093	59.372	5	0	0	0	0	0	1	1	0	0	1	25
2013/09/13-09:10:27	24	1,755.093	59.372	6	0	1	2	0	0	0	1	0	0	1	27
2013/09/13-09:11:29	24	1,755.093	59.372	17	0	0	2	0	0	0	1	0	0	1	60
2013/09/13-09:25:18	24	1,755.093	59.372	27	0	0	1	0	0	0	1	0	0	1	60
2013/09/13-09:26:36	24	1,755.093	59.372	14	0	0	5	0	0	0	1	0	0	1	60
2013/09/13-09:27:55	24	1,755.093	59.372	5	0	0	2	0	0	0	1	0	0	1	60
2013/09/13-09:34:59	24	1,755.093	59.372	11	0	0	1	0	0	0	1	0	0	1	60
2013/09/13-09:36:19	24	1,755.093	59.372	14	0	0	2	0	0	0	1	0	0	1	60
2013/09/13-09:54:38	24	1,771.955	55.905	8	0	0	2	0	0	1	1	0	0	1	18
2013/09/13-09:55:57	24	1,771.955	55.905	15	0	0	1	0	0	0	1	0	0	1	60
2013/09/13-09:57:15	24	1,771.955	55.905	7	0	1	1	0	0	0	1	0	0	1	41
2013/09/13-09:58:24	24	1,771.955	55.905	7	0	1	3	0	0	0	1	0	0	1	48
2013/09/13-09:59:42	24	1,771.955	55.905	8	0	0	2	0	0	1	1	0	0	1	17
2013/09/14-06:20:16	26	1,757.765	75.835	24	0	0	1	0	0	1	1	0	0	1	51
2013/09/14-06:21:26	26	1,757.765	75.835	18	0	0	5	0	0	0	1	0	0	1	60
2013/09/14-06:22:45	26	1,757.765	75.835	35	0	0	7	0	0	0	1	1	0	0	60
2013/09/14-06:24:03	25	1,766.384	74.696	22	0	0	1	0	0	0	1	0	0	1	60
2013/09/14-06:25:22	25	1,766.384	74.696	26	0	0	7	1	0	0	1	1	0	0	60
2013/09/14-06:39:57	25	1,766.384	74.696	39	0	0	2	0	0	0	1	0	0	1	60
2013/09/14-06:41:16	25	1,766.384	74.696	20	0	0	5	0	0	1	1	0	0	1	59
2013/09/14-06:42:34	25	1,766.384	74.696	15	0	1	1	0	0	0	1	0	0	1	49
2013/09/14-06:43:53	25	1,766.384	74.696	26	0	0	2	0	0	0	1	0	0	1	60
2013/09/14-06:45:12	25	1,766.384	74.696	19	0	0	5	0	0	0	1	0	0	1	60
2013/09/14-06:57:43	23	1,800.834	70.179	9	0	0	3	0	0	0	1	1	0	0	37
2013/09/14-06:58:38	23	1,800.834	70.179	3	0	1	0	0	0	0	1	0	0	1	13
2013/09/14-06:59:34	23	1,800.834	70.179	19	0	0	4	0	0	0	1	1	0	0	52
2013/09/14-07:00:44	23	1,800.834	70.179	14	0	0	0	0	0	0	1	1	0	0	24
2013/09/14-07:01:27	23	1,800.834	70.179	8	0	0	0	0	0	0	1	1	0	0	19
2013/09/14-12:38:18	23	1,797.522	71.508	20	0	0	4	0	0	0	1	1	0	0	36
2013/09/14-12:39:13	23	1,797.522	71.508	8	0	0	1	0	0	0	1	1	0	0	25
2013/09/14-12:39:56	23	1,797.522	71.508	4	0	0	0	0	0	0	1	1	0	0	6
2013/09/14-12:40:21	23	1,797.522	71.508	7	0	0	1	0	0	0	1	1	0	0	14
2013/09/14-12:40:53	23	1,797.522	71.508	13	0	0	4	1	0	0	1	1	0	0	30
2013/09/14-12:52:23	23	1,805.515	70.386	9	0	1	1	0	0	0	1	0	0	1	25
2013/09/14-12:53:20	23	1,805.515	70.386	24	0	0	1	0	0	0	1	0	0	1	60
2013/09/14-12:54:39	23	1,805.515	70.386	40	0	0	3	0	0	0	1	0	0	1	60
2013/09/14-12:55:58	23	1,805.515	70.386	21	0	0	5	0	0	0	1	0	0	1	60
2013/09/14-12:57:16	23	1,805.515	70.386	5	0	0	3	0	0	0	1	1	0	0	176
2013/09/14-13:10:53	23	1,805.515	70.386	24	0	0	3	0	0	0	1	0	0	1	60
2013/09/14-13:12:12	23	1,808.046	66.764	5	0	1	2	0	0	0	1	0	0	1	31
2013/09/14-13:13:19	23	1,808.046	66.764	8	0	0	0	0	0	0	1	0	0	1	60
2013/09/14-13:14:38	23	1,808.046	66.764	10	0	1	5	0	0	0	1	0	0	1	37
2013/09/14-13:15:57	23	1,808.046	66.764	5	0	0	2	0	0	0	1	0	0	1	60
2013/09/14-16:27:57	23	1,809.349	67.251	10	0	0	3	0	0	1	1	0	0	1	21
2013/09/14-16:28:56	23	1,809.349	67.251	4	0	0	0	0	0	1	1	0	0	1	7
2013/09/14-16:29:35	23	1,809.349	67.251	4	0	0	5	0	0	0	1	1	0	0	60
2013/09/14-16:30:53	23	1,809.349	67.251	23	0	0	8	0	0	0	1	1	0	0	60
2013/09/14-16:32:12	23	1,809.349	67.251	4	0	0	0	0	0	1	1	0	0	1	6
2013/09/14-16:45:25	23	1,809.349	67.251	6	0	1	3	0	0	0	1	0	0	1	28
2013/09/14-16:46:44	23	1,809.349	67.251	13	0	0	2	0	0	0	1	0	0	1	60
2013/09/14-16:48:03	22	1,796.199	64.097	2	0	0	0	0	0	1	1	0	0	1	3
2013/09/14-16:48:32	22	1,796.199	64.097	2	0	0	0	0	0	1	1	0	0	1	8
2013/09/14-16:49:19	22	1,796.199	64.097	2	0	0	0	0	0	1	1	0	0	1	3
2013/09/14-16:59:35	22	1,796.199	64.097	26	0	0	3	0	0	0	1	0	0	1	60
2013/09/14-17:00:55	22	1,796.199	64.097	21	0	0	2	1	0	1	1	0	0	1	50
2013/09/14-17:02:04	22	1,796.199	64.097	27	0	0	4	0	0	0	1	0	0	1	60
2013/09/14-17:03:23	22	1,796.199	64.097	23	0	0	2	1	0	0	1	1	0	0	60
2013/09/14-17:04:42	22	1,796.199	64.097	16	0	0	1	1	0	0	1	1	0	0	60
2013/09/14-20:03:20	23	1,778.648	64.064	2	0	0	0	0	0	1	1	0	0	1	3
2013/09/14-20:03:47	23	1,778.648	64.064	17	0	0	4	0	0	0	1	1	0	0	60
2013/09/14-20:05:06	23	1,778.648	64.064	11	0	0	6	0	0	0	1	1	0	0	43
2013/09/14-20:06:08	25	1,773.928	63.117	11	0	0	6	0	0	0	1	1	0	0	60
2013/09/14-20:07:26	25	1,773.928	63.117	20	0	0	5	0	0	1	1	0	0	1	54
2013/09/14-20:59:50	25	1,773.928	63.117	2	0	0	0	0	0	1	1	0	0	1	3
2013/09/14-21:01:09	25	1,773.928	63.117	20	0	0	4	1	0	0	1	1	0	0	60
2013/09/14-21:02:28	25	1,773.928	63.117	19	0	1	5	0	0	0	1	0	0	1	58
2013/09/14-21:03:45	25	1,773.928	63.117	17	0	0	4	0	0	0	1	0	0	1	60
2013/09/14-21:05:03	25	1,773.928	63.117	15	0	0	1	0	0	0	1	0	0	1	60
2013/09/14-21:20:19	21	1,793.112	59.511	20	0	0	2	1	0	0	1	1	0	0	60
2013/09/14-21:21:37	21	1,793.112	59.511	20	0	0	3	0	0	0	1	0	0	1	60
2013/09/14-21:22:56	21	1,793.112	59.511	15	0	0	2	0	0	0	1	0	0	1	60
2013/09/14-21:24:15	21	1,793.112	59.511	12	0	0	2	0	0	0	1	0	0	1	60
2013/09/14-21:25:33	21	1,793.112	59.511	14	0	0	7	1	0	0	1	1	0	0	60
2013/09/15-09:25:48	20	1,833.481	62.981	1	0	0	0	0	0	0	1	1	0	0	9
2013/09/15-09:26:16	20	1,833.481	62.981	6	0	0	1	0	0	1	1	0	0	1	16
2013/09/15-09:26:51	20	1,833.481	62.981	28	0	0	4	0	0	0	1	0	0	1	60
2013/09/15-09:28:09	20	1,833.481	62.981	10	0	0	3	0	0	0	1	1	0	0	34
2013/09/15-09:29:02	20	1,833.481	62.981	26	0	0	1	0	0	0	1	0	0	1	60
2013/09/15-09:35:19	20	1,833.481	62.981	10	0	0	3	0	0	0	1	0	0	1	60
2013/09/15-09:36:38	20	1,833.481	62.981	10	0	1	4	0	0	0	1	0	0	1	46
2013/09/15-09:37:57	22	1,806.507	61.218	22	0	0	5	0	0	0	1	0	0	1	60
2013/09/15-09:39:16	22	1,806.507	61.218	9	0	1	1	0	0	0	1	0	0	1	21
2013/09/15-09:40:35	22	1,806.507	61.218	29	0	0	2	0	0	0	1	0	0	1	60
2013/09/15-09:51:24	22	1,806.507	61.218	19	0	0	0	0	0	0	1	0	0	1	60
2013/09/15-09:52:43	22	1,806.507	61.218	6	0	0	0	0	0	1	1	0	0	1	12
2013/09/15-09:53:15	22	1,806.507	61.218	4	0	0	0	0	0	1	1	0	0	1	7
2013/09/15-09:53:40	22	1,806.507	61.218	2	0	0	0	0	0	1	1	0	0	1	3
2013/09/15-09:54:23	22	1,806.507	61.218	38	0	0	2	0	0	0	1	0	0	1	60
2013/09/15-18:21:25	22	1,791.027	67.671	14	0	0	2	0	0	0	1	0	0	1	60
2013/09/15-18:22:44	22	1,791.027	67.671	26	0	0	4	0	0	1	1	0	0	1	45
2013/09/15-18:23:48	22	1,791.027	67.671	2	0	0	0	0	0	1	1	0	0	1	3
2013/09/15-18:25:07	22	1,791.027	67.671	6	0	1	0	0	0	0	1	0	0	1	11
2013/09/15-18:26:25	22	1,791.027	67.671	2	0	0	0	0	0	1	1	0	0	1	3
2013/09/15-18:43:37	27	1,754.414	63.574	4	0	1	0	0	0	0	1	0	0	1	16
2013/09/15-18:44:34	27	1,754.414	63.574	16	0	0	7	1	0	0	1	1	0	0	60
2013/09/15-18:45:53	27	1,754.414	63.574	2	0	0	0	0	0	1	1	0	0	1	3
2013/09/15-18:46:41	27	1,754.414	63.574	8	0	0	8	0	0	0	1	1	0	0	58
2013/09/15-18:47:58	27	1,754.414	63.574	12	0	0	5	0	0	0	1	1	0	0	33
2013/09/15-19:12:13	25	1,763.146	60.074	4	0	1	1	0	0	0	1	0	0	1	36
2013/09/15-19:13:31	25	1,763.146	60.074	23	0	0	8	0	0	0	1	0	0	1	60
2013/09/15-19:14:50	25	1,763.146	60.074	6	0	1	0	0	0	0	1	0	0	1	21
2013/09/15-19:16:09	25	1,763.146	60.074	2	0	0	0	0	0	1	1	0	0	1	3
2013/09/15-19:17:25	25	1,763.146	60.074	8	0	0	3	0	0	0	1	0	0	1	60
2013/09/15-22:32:29	28	1,740.271	61.248	3	0	1	0	0	0	0	1	0	0	1	20
2013/09/15-22:33:19	28	1,740.271	61.248	5	0	0	3	0	0	0	1	1	0	0	22
2013/09/15-22:34:01	28	1,740.271	61.248	31	0	0	1	0	0	0	1	1	0	0	60
2013/09/15-22:35:19	28	1,740.271	61.248	7	0	0	3	0	0	0	1	1	0	0	25
2013/09/15-22:36:03	28	1,740.271	61.248	23	0	0	5	0	0	1	1	0	0	1	50
2013/09/15-22:54:09	26	1,747.321	59.942	6	0	1	0	0	0	0	1	0	0	1	16
2013/09/15-22:55:07	26	1,747.321	59.942	13	0	0	4	0	0	0	1	1	0	0	39
2013/09/15-22:56:05	26	1,747.321	59.942	8	0	1	3	1	0	0	1	0	0	1	34
2013/09/15-22:56:59	26	1,747.321	59.942	6	0	0	2	0	0	0	1	0	0	1	60
2013/09/15-22:58:17	26	1,747.321	59.942	11	0	0	2	0	0	0	1	0	0	1	60
2013/09/15-23:09:42	26	1,747.321	59.942	18	0	0	5	0	0	0	1	1	0	0	60
2013/09/15-23:11:01	26	1,747.321	59.942	30	0	0	0	0	0	0	1	0	0	1	60
2013/09/15-23:12:20	26	1,747.321	59.942	5	0	1	2	0	0	0	1	0	0	1	16
2013/09/15-23:12:56	26	1,747.321	59.942	31	0	0	3	0	0	0	1	0	0	1	60
2013/09/15-23:14:15	26	1,747.321	59.942	21	0	0	5	0	0	0	1	1	0	0	60
2013/09/16-00:43:06	25	1,779.351	56.64	7	0	1	1	0	0	0	1	0	0	1	46
2013/09/16-00:44:25	25	1,779.351	56.64	11	0	0	2	1	0	1	1	0	0	1	20
2013/09/16-00:45:04	25	1,779.351	56.64	25	0	0	2	0	0	0	1	0	0	1	60
2013/09/16-00:46:23	25	1,779.351	56.64	3	0	0	0	0	0	1	1	0	0	1	4
2013/09/16-00:47:41	25	1,779.351	56.64	7	0	0	1	1	0	1	1	0	0	1	41
2013/09/16-00:54:27	25	1,773.21	54.092	30	0	1	0	0	0	0	1	0	0	1	49
2013/09/16-00:55:35	25	1,773.21	54.092	24	0	0	6	0	0	0	1	1	0	0	60
2013/09/16-00:56:54	25	1,773.21	54.092	14	0	0	4	1	0	0	1	1	0	0	60
2013/09/16-00:58:13	25	1,773.21	54.092	11	0	1	2	0	0	0	1	0	0	1	32
2013/09/16-00:59:32	25	1,773.21	54.092	3	0	0	0	0	0	1	1	0	0	1	4
2013/09/16-01:22:12	25	1,773.21	54.092	9	0	1	2	0	0	0	1	0	0	1	36
2013/09/16-01:23:31	25	1,773.21	54.092	7	0	0	6	0	0	1	1	0	0	1	42
2013/09/16-01:24:31	25	1,773.21	54.092	6	0	0	4	0	0	0	1	0	0	1	60
2013/09/16-01:25:50	25	1,773.21	54.092	5	0	1	2	0	0	0	1	0	0	1	23
2013/09/16-01:27:01	25	1,773.21	54.092	26	0	0	7	0	0	0	1	1	0	0	60
2013/09/17-00:39:54	26	1,780.615	57.13	3	0	1	0	0	0	0	1	0	0	1	12
2013/09/17-00:40:25	26	1,780.615	57.13	7	0	1	0	0	0	0	1	0	0	1	26
2013/09/17-00:41:10	26	1,780.615	57.13	2	0	0	0	0	0	1	1	0	0	1	3
2013/09/17-00:42:02	26	1,780.615	57.13	3	0	0	0	0	0	0	1	0	0	1	60
2013/09/17-00:43:21	26	1,780.615	57.13	10	0	1	0	0	0	0	1	0	0	1	20
2013/09/17-07:03:49	28	1,768.925	54.52	2	0	0	0	1	0	0	1	1	0	0	14
2013/09/17-07:04:22	28	1,768.925	54.52	4	0	0	0	0	0	1	1	0	0	1	14
2013/09/17-07:05:41	28	1,768.925	54.52	28	0	0	10	0	0	1	1	0	0	1	53
2013/09/17-07:06:54	28	1,768.925	54.52	15	0	0	0	1	0	0	1	1	0	0	60
2013/09/17-07:08:12	28	1,768.925	54.52	4	0	0	2	0	0	1	1	0	0	1	19
2013/09/17-07:26:41	23	1,785.032	52.227	3	0	0	0	0	0	0	1	1	0	0	60
2013/09/17-07:28:00	23	1,785.032	52.227	7	0	0	5	0	0	0	1	1	0	0	60
2013/09/17-07:29:19	23	1,785.032	52.227	6	0	1	0	0	0	0	1	0	0	1	7
2013/09/17-07:29:51	23	1,785.032	52.227	1	0	1	0	0	0	0	1	0	0	1	4
2013/09/17-07:30:14	23	1,785.032	52.227	1	0	0	0	0	0	0	1	1	0	0	7
2013/09/17-22:32:59	21	1,797.948	56.169	2	0	0	0	0	0	1	1	0	0	1	3
2013/09/17-22:33:31	21	1,797.948	56.169	1	0	0	0	0	0	1	1	0	0	1	6
2013/09/17-22:34:20	21	1,797.948	56.169	11	0	0	18	1	0	1	1	0	0	1	31
2013/09/17-22:35:10	24	1,782.919	54.646	11	0	0	1	1	0	0	1	1	0	0	42
2013/09/17-22:36:10	24	1,782.919	54.646	11	0	0	0	1	0	0	1	1	0	0	60
2013/09/17-22:54:17	24	1,782.919	54.646	6	0	0	0	0	0	0	1	0	0	1	60
2013/09/17-22:55:36	24	1,782.919	54.646	1	0	0	0	0	0	0	1	1	0	0	10
2013/09/17-22:56:05	24	1,782.919	54.646	9	0	1	4	0	0	0	1	0	0	1	29
2013/09/17-22:56:52	24	1,782.919	54.646	8	0	1	0	0	0	0	1	0	0	1	31
2013/09/17-22:57:42	24	1,782.919	54.646	11	0	0	7	0	0	0	1	1	0	0	60
2013/09/17-23:17:31	19	1,818.669	51.52	2	0	0	0	0	0	1	1	0	0	1	11
2013/09/17-23:18:02	19	1,818.669	51.52	6	0	0	0	0	0	1	1	0	0	1	7
2013/09/17-23:18:33	19	1,818.669	51.52	2	0	1	0	1	0	0	1	0	0	1	24
2013/09/17-23:19:17	19	1,818.669	51.52	11	0	0	20	0	0	1	1	0	0	1	47
2013/09/17-23:20:23	19	1,818.669	51.52	5	0	0	0	1	0	0	1	1	0	0	15
2013/09/18-11:32:33	19	1,823.902	54.588	7	0	1	3	0	0	0	1	0	0	1	26
2013/09/18-11:33:18	19	1,823.902	54.588	2	0	0	0	1	0	0	1	1	0	0	9
2013/09/18-11:33:46	19	1,823.902	54.588	1	0	1	0	0	0	0	1	0	0	1	3
2013/09/18-11:34:08	19	1,823.902	54.588	5	0	0	3	1	0	0	1	1	0	0	22
2013/09/18-11:34:49	19	1,823.902	54.588	9	0	0	0	0	0	0	1	1	0	0	13
2013/09/18-11:44:45	19	1,810.555	54.196	2	0	1	0	0	0	0	1	0	0	1	6
2013/09/18-11:45:43	19	1,810.555	54.196	1	0	0	3	0	0	0	1	1	0	0	25
2013/09/18-11:46:26	19	1,810.555	54.196	1	0	1	0	0	0	0	1	0	0	1	7
2013/09/18-11:46:53	19	1,810.555	54.196	1	0	1	0	0	0	0	1	0	0	1	23
2013/09/18-11:47:51	19	1,810.555	54.196	4	0	0	0	0	0	1	1	0	0	1	29
2013/09/18-11:58:31	19	1,810.555	54.196	11	0	0	3	0	0	1	1	0	0	1	45
2013/09/18-11:59:36	19	1,810.555	54.196	11	0	0	1	0	0	0	1	0	0	1	60
2013/09/18-12:00:54	19	1,810.555	54.196	9	0	0	10	1	0	0	1	1	0	0	29
2013/09/18-12:01:43	19	1,810.555	54.196	7	0	0	0	0	0	1	1	0	0	1	15
2013/09/18-12:02:16	19	1,810.555	54.196	2	0	0	0	0	0	1	1	0	0	1	3
2013/09/18-13:20:53	24	1,786.551	52.257	17	0	0	7	0	0	0	1	1	0	0	60
2013/09/18-13:22:12	24	1,786.551	52.257	2	0	1	0	0	0	0	1	0	0	1	19
2013/09/18-13:22:50	24	1,786.551	52.257	12	0	0	16	0	0	0	1	1	0	0	45
2013/09/18-13:23:54	24	1,786.551	52.257	8	0	1	0	0	0	0	1	0	0	1	19
2013/09/18-13:24:35	24	1,786.551	52.257	0	0	1	0	0	0	0	1	0	0	1	16
2013/09/18-13:34:21	22	1,783.184	50.268	11	0	0	0	2	0	0	1	1	0	0	54
2013/09/18-13:35:33	22	1,783.184	50.268	9	0	0	3	0	0	0	1	1	0	0	60
2013/09/18-13:36:52	22	1,783.184	50.268	8	0	0	0	0	0	0	1	1	0	0	60
2013/09/18-13:38:11	22	1,783.184	50.268	8	0	0	4	0	0	1	1	0	0	1	46
2013/09/18-13:39:15	22	1,783.184	50.268	1	0	0	0	1	0	1	1	0	0	1	6
2013/09/18-13:58:37	22	1,783.184	50.268	6	0	1	0	1	0	0	1	0	0	1	21
2013/09/18-13:59:38	22	1,783.184	50.268	3	0	0	2	0	0	1	1	0	0	1	19
2013/09/18-14:00:32	22	1,783.184	50.268	0	0	1	0	0	0	0	1	0	0	1	4
2013/09/18-14:01:22	24	1,788.458	47.51	8	0	1	0	0	0	0	1	0	0	1	22
2013/09/18-14:02:09	24	1,788.458	47.51	6	0	0	0	1	0	0	1	1	0	0	40
2013/09/18-18:15:40	21	1,794.293	56.023	2	0	1	0	0	0	0	1	0	0	1	19
2013/09/18-18:16:18	21	1,794.293	56.023	0	0	1	0	0	0	0	1	0	0	1	7
2013/09/18-18:16:44	21	1,794.293	56.023	7	0	0	0	0	0	1	1	0	0	1	10
2013/09/18-18:18:03	21	1,794.293	56.023	1	0	0	0	0	0	0	1	1	0	0	3
2013/09/18-18:18:24	21	1,794.293	56.023	22	0	0	7	1	0	0	1	1	0	0	60
2013/09/18-18:36:31	21	1,794.293	56.023	6	0	0	3	1	0	0	1	1	0	0	37
2013/09/18-18:37:27	21	1,794.293	56.023	9	0	1	0	0	0	0	1	0	0	1	19
2013/09/18-18:38:45	21	1,794.293	56.023	1	0	1	0	0	0	0	1	0	0	1	3
2013/09/18-18:39:38	21	1,794.293	56.023	4	0	1	0	0	0	0	1	0	0	1	21
2013/09/18-18:40:18	21	1,794.293	56.023	4	0	0	0	0	0	0	1	0	0	1	60
2013/09/18-18:59:26	19	1,802.03	51.679	10	0	0	0	1	0	0	1	1	0	0	35
2013/09/18-19:00:20	19	1,802.03	51.679	4	0	1	0	0	0	0	1	0	0	1	19
2013/09/18-19:01:07	19	1,802.03	51.679	3	0	0	0	0	0	1	1	0	0	1	11
2013/09/18-19:01:39	19	1,802.03	51.679	4	0	0	3	0	0	1	1	0	0	1	20
2013/09/18-19:02:25	19	1,802.03	51.679	19	0	0	4	0	0	0	1	0	0	1	60
2013/09/19-13:47:10	19	1,804.925	64.524	3	0	0	0	1	0	0	1	1	0	0	18
2013/09/19-13:47:47	19	1,804.925	64.524	22	0	0	2	0	0	0	1	0	0	1	60
2013/09/19-13:49:06	19	1,804.925	64.524	21	0	0	4	1	0	0	1	1	0	0	60
2013/09/19-13:50:25	19	1,804.925	64.524	49	0	0	0	0	0	0	1	1	0	0	60
2013/09/19-13:51:43	19	1,804.925	64.524	21	0	0	4	2	0	0	1	1	0	0	44
2013/09/19-14:02:38	19	1,806.583	62.684	2	0	0	0	1	0	0	1	1	0	0	9
2013/09/19-14:03:06	19	1,806.583	62.684	0	0	1	0	0	0	0	1	0	0	1	22
2013/09/19-14:04:25	19	1,806.583	62.684	15	0	0	1	0	0	0	1	1	0	0	60
2013/09/19-14:05:44	19	1,806.583	62.684	2	0	0	1	0	0	1	1	0	0	1	9
2013/09/19-14:06:54	19	1,806.583	62.684	7	0	0	0	0	0	1	1	0	0	1	11
2013/09/19-14:19:31	19	1,806.583	62.684	3	0	0	0	0	0	1	1	0	0	1	10
2013/09/19-14:19:59	19	1,806.583	62.684	9	0	0	4	0	0	1	1	0	0	1	37
2013/09/19-14:21:18	19	1,806.583	62.684	12	0	0	0	0	0	0	1	0	0	1	60
2013/09/19-14:22:37	19	1,806.583	62.684	44	0	0	0	0	0	0	1	1	0	0	60
2013/09/19-14:23:56	19	1,806.583	62.684	4	0	0	0	0	0	1	1	0	0	1	12
2013/09/19-17:56:49	22	1,789.015	64.488	4	0	0	0	0	0	1	1	0	0	1	15
2013/09/19-17:57:25	22	1,789.015	64.488	11	0	1	0	0	0	0	1	0	0	1	21
2013/09/19-17:58:09	22	1,789.015	64.488	3	0	0	0	1	0	0	1	1	0	0	30
2013/09/19-17:58:58	22	1,789.015	64.488	4	0	1	0	1	0	0	1	0	0	1	15
2013/09/19-18:00:17	23	1,776.182	62.486	24	0	0	7	0	0	0	1	0	0	1	60
2013/09/19-18:19:32	23	1,776.182	62.486	19	0	0	4	0	0	0	1	1	0	0	60
2013/09/19-18:20:51	23	1,776.182	62.486	2	0	0	2	0	0	1	1	0	0	1	25
2013/09/19-18:21:38	23	1,776.182	62.486	8	0	0	0	0	0	0	1	1	0	0	60
2013/09/19-18:22:58	23	1,776.182	62.486	3	0	1	0	0	0	0	1	0	0	1	12
2013/09/19-18:23:28	23	1,776.182	62.486	11	0	1	0	0	0	0	1	0	0	1	53
2013/09/19-18:42:08	21	1,796.726	59.158	10	0	0	1	0	0	0	1	1	0	0	26
2013/09/19-18:42:53	21	1,796.726	59.158	6	0	1	8	0	0	0	1	0	0	1	39
2013/09/19-18:43:52	21	1,796.726	59.158	4	0	0	0	1	0	1	1	0	0	1	18
2013/09/19-18:44:45	21	1,796.726	59.158	0	0	1	0	0	0	0	1	0	0	1	13
2013/09/19-18:46:04	21	1,796.726	59.158	6	0	0	0	0	0	1	1	0	0	1	45
2013/09/19-22:02:25	18	1,807.575	63.043	11	0	0	0	1	0	1	1	0	0	1	38
2013/09/19-22:03:29	18	1,807.575	63.043	13	0	0	0	0	0	0	1	0	0	1	60
2013/09/19-22:04:47	18	1,807.575	63.043	9	0	0	2	0	0	1	1	0	0	1	34
2013/09/19-22:05:40	18	1,807.575	63.043	10	0	0	4	0	0	0	1	1	0	0	60
2013/09/19-22:06:59	18	1,807.575	63.043	2	0	0	0	1	0	1	1	0	0	1	6
2013/09/19-23:56:55	18	1,807.575	63.043	9	0	1	0	0	0	0	1	0	0	1	34
2013/09/19-23:57:48	18	1,807.575	63.043	20	0	0	0	0	0	0	1	1	0	0	60
2013/09/19-23:59:06	18	1,807.575	63.043	2	0	1	0	0	0	0	1	0	0	1	12
2013/09/19-23:59:45	18	1,809.899	59.065	0	0	1	0	0	0	0	1	0	0	1	7
2013/09/20-00:01:03	18	1,809.899	59.065	1	0	0	0	1	0	1	1	0	0	1	12
2013/09/20-00:13:29	18	1,809.899	59.065	8	0	0	3	1	0	0	1	1	0	0	48
2013/09/20-00:14:36	18	1,809.899	59.065	1	0	1	0	1	0	0	1	0	0	1	13
2013/09/20-00:15:08	18	1,809.899	59.065	21	0	0	3	0	0	0	1	0	0	1	60
2013/09/20-00:16:27	18	1,809.899	59.065	13	0	0	0	1	0	1	1	1	0	0	39
2013/09/20-00:17:25	18	1,809.899	59.065	11	0	1	0	0	0	0	1	0	0	1	17
2013/09/20-04:31:32	15	1,812.106	63.945	4	0	1	0	0	0	0	1	0	0	1	10
2013/09/20-04:32:51	15	1,812.106	63.945	17	0	0	8	0	0	0	1	0	0	1	60
2013/09/20-04:34:09	15	1,812.106	63.945	3	0	0	0	0	0	0	1	1	0	0	60
2013/09/20-04:35:28	15	1,812.106	63.945	37	0	0	0	0	0	0	1	0	0	1	60
2013/09/20-04:36:47	15	1,812.106	63.945	2	0	1	0	0	0	0	1	0	0	1	10
2013/09/20-04:40:52	15	1,812.106	63.945	3	0	0	0	1	0	1	1	0	0	1	14
2013/09/20-04:41:25	15	1,812.106	63.945	0	0	1	0	0	0	0	1	0	0	1	4
2013/09/20-04:42:43	15	1,812.106	63.945	11	0	0	0	0	0	1	1	0	0	1	16
2013/09/20-04:44:02	15	1,812.106	63.945	16	0	0	0	0	0	0	1	1	0	0	60
2013/09/20-04:45:21	15	1,812.106	63.945	14	0	0	0	0	0	0	1	0	0	1	60
2013/09/20-04:57:07	22	1,777.965	59.469	0	0	0	0	0	0	0	1	1	0	0	9
2013/09/20-04:57:35	22	1,777.965	59.469	2	0	0	1	0	0	1	1	0	0	1	7
2013/09/20-04:58:03	22	1,777.965	59.469	2	0	0	0	1	0	0	1	1	0	0	13
2013/09/20-04:58:35	22	1,777.965	59.469	21	0	0	0	1	0	0	1	1	0	0	23
2013/09/20-04:59:17	22	1,777.965	59.469	5	0	0	1	0	0	0	1	1	0	0	13
2013/09/20-08:35:23	22	1,769.066	65.426	0	0	0	0	0	0	0	1	0	0	1	60
2013/09/20-08:36:42	22	1,769.066	65.426	11	0	0	2	0	0	0	1	0	1	0	60
2013/09/20-08:38:01	22	1,769.066	65.426	4	0	0	1	0	0	1	1	0	0	1	15
2013/09/20-08:38:55	22	1,769.066	65.426	15	0	1	13	0	0	0	1	0	0	1	42
2013/09/20-08:39:55	22	1,769.066	65.426	1	0	0	0	1	0	1	1	0	0	1	16
2013/09/20-08:51:03	22	1,769.066	65.426	12	0	0	2	0	0	0	1	1	0	0	60
2013/09/20-08:52:22	21	1,773.963	61.631	0	0	0	0	0	0	0	1	1	0	0	3
2013/09/20-08:52:44	21	1,773.963	61.631	4	0	0	0	0	0	0	1	0	0	1	60
2013/09/20-08:54:03	21	1,773.963	61.631	14	0	0	0	1	0	0	1	1	0	0	27
2013/09/20-08:54:49	21	1,773.963	61.631	1	0	1	0	0	0	0	1	0	0	1	4
2013/09/20-09:13:42	21	1,773.963	61.631	1	0	1	0	0	0	0	1	0	0	1	4
2013/09/20-09:14:20	21	1,773.963	61.631	8	0	1	0	0	0	0	1	0	0	1	13
2013/09/20-09:15:04	21	1,773.963	61.631	2	0	0	1	0	0	1	1	0	0	1	7
2013/09/20-09:15:45	21	1,773.963	61.631	9	0	0	11	1	0	1	1	0	0	1	34
2013/09/20-09:16:39	21	1,773.963	61.631	0	0	1	0	0	0	0	1	0	0	1	22
2013/09/20-12:54:03	22	1,758.11	64.484	14	0	0	22	0	0	0	1	1	0	0	60
2013/09/20-12:55:22	22	1,758.11	64.484	7	0	1	0	1	0	0	1	0	0	1	11
2013/09/20-12:55:52	22	1,758.11	64.484	0	0	1	0	0	0	0	1	0	0	1	10
2013/09/20-14:54:25	22	1,758.11	64.484	10	0	1	0	1	0	0	1	0	0	1	44
2013/09/20-14:55:37	22	1,758.11	64.484	12	0	0	7	0	0	0	1	0	0	1	60
2013/09/20-15:03:10	22	1,758.11	64.484	16	0	0	0	0	0	0	1	1	0	0	60
2013/09/20-15:04:29	22	1,758.11	64.484	9	0	1	5	1	0	0	1	0	0	1	36
2013/09/20-15:05:30	22	1,758.11	64.484	2	0	1	0	0	0	0	1	0	0	1	16
2013/09/20-15:06:38	22	1,758.11	64.484	2	0	0	0	0	0	1	1	0	0	1	6
2013/09/20-15:07:35	22	1,758.11	64.484	8	0	0	0	0	0	1	1	0	0	1	28
2013/09/20-15:20:04	22	1,748.737	59.713	0	0	1	0	0	0	0	1	0	0	1	9
2013/09/20-15:20:32	22	1,748.737	59.713	1	0	1	0	0	0	0	1	0	0	1	4
2013/09/20-15:21:10	22	1,748.737	59.713	37	0	0	2	0	0	0	1	0	0	1	60
2013/09/20-15:22:29	22	1,748.737	59.713	2	0	1	0	0	0	0	1	0	0	1	10
2013/09/20-15:23:43	22	1,748.737	59.713	5	0	1	0	1	0	0	1	0	0	1	37
2013/09/20-18:54:53	26	1,733.245	63.144	2	0	0	0	0	0	1	1	0	0	1	9
2013/09/20-18:55:24	26	1,733.245	63.144	5	0	0	1	0	0	1	1	0	0	1	17
2013/09/20-18:56:00	26	1,733.245	63.144	1	0	0	0	0	0	0	1	1	0	0	6
2013/09/20-18:56:25	26	1,733.245	63.144	3	0	0	0	1	0	1	1	1	0	0	16
2013/09/20-18:57:00	26	1,733.245	63.144	16	0	0	2	0	0	0	1	0	0	1	60
2013/09/20-19:06:03	26	1,733.245	63.144	29	0	0	5	0	0	0	1	1	0	0	60
2013/09/20-19:07:23	26	1,733.245	63.144	2	0	0	0	0	0	0	1	1	0	0	9
2013/09/20-19:07:51	26	1,733.245	63.144	3	0	1	0	0	0	0	1	0	0	1	9
2013/09/20-19:08:19	24	1,742.999	59.468	4	0	0	0	1	0	0	1	1	0	0	51
2013/09/20-19:09:29	24	1,742.999	59.468	8	0	1	0	0	0	0	1	0	0	1	14
2013/09/20-19:29:43	24	1,742.999	59.468	7	0	1	1	0	0	0	1	0	0	1	25
2013/09/20-19:30:29	24	1,742.999	59.468	4	0	1	0	0	0	0	1	0	0	1	17
2013/09/20-19:31:13	24	1,742.999	59.468	1	0	0	0	1	0	1	1	0	0	1	7
2013/09/20-19:31:45	24	1,742.999	59.468	2	0	1	0	0	0	0	1	0	0	1	14
2013/09/20-19:32:23	24	1,742.999	59.468	11	0	0	0	2	0	1	1	0	0	1	21
2013/09/20-22:38:59	25	1,724.867	62.494	1	0	1	0	0	0	0	1	0	0	1	6
2013/09/20-22:39:42	25	1,724.867	62.494	1	0	0	0	1	0	0	1	1	0	0	14
2013/09/20-22:40:17	25	1,724.867	62.494	4	0	1	0	0	0	0	1	0	0	1	15
2013/09/20-22:41:36	25	1,724.867	62.494	6	0	0	0	0	0	0	1	1	0	0	13
2013/09/20-22:42:08	25	1,724.867	62.494	11	0	1	0	0	0	0	1	0	0	1	50
2013/12/27-10:51:20	25	1,729.32	73.568	16	0	0	0	0	0	0	1	1	0	0	60
2013/12/27-10:52:40	25	1,729.32	73.568	18	0	0	17	0	0	0	1	0	1	0	60
2013/12/27-10:53:59	25	1,729.32	73.568	6	0	1	3	0	0	0	1	0	0	1	35
2013/12/27-10:55:17	25	1,729.32	73.568	8	0	0	0	1	0	0	1	1	0	0	55
2013/12/27-10:56:31	25	1,729.32	73.568	1	0	1	0	0	0	0	1	0	0	1	6
2013/12/27-11:24:55	22	1,739.672	68.401	2	0	1	0	0	0	0	1	0	0	1	12
2013/12/27-11:25:27	22	1,739.672	68.401	8	0	1	0	1	0	0	1	0	0	1	10
2013/12/27-11:26:00	22	1,739.672	68.401	11	0	0	18	0	0	1	1	0	0	1	49
2013/12/27-11:27:08	22	1,739.672	68.401	5	0	0	0	0	0	0	1	1	0	0	60
2013/12/27-11:28:27	22	1,739.672	68.401	1	0	1	0	0	0	0	1	0	0	1	7
2013/12/27-11:45:32	22	1,739.672	68.401	6	0	0	2	0	0	0	1	1	0	0	15
2013/12/27-11:46:06	22	1,739.672	68.401	1	0	1	3	0	0	0	1	0	0	1	12
2013/12/27-11:46:46	22	1,739.672	68.401	0	0	0	0	0	0	0	1	1	0	0	11
2013/12/27-11:47:16	22	1,739.672	68.401	1	0	1	0	0	0	0	1	0	0	1	4
2013/12/27-11:48:35	22	1,739.672	68.401	19	0	1	0	0	0	0	1	0	0	1	33
2013/12/28-04:26:33	15	1,754.069	81.744	1	0	0	0	1	0	1	1	0	0	1	10
2013/12/28-04:27:02	15	1,754.069	81.744	7	0	0	22	0	0	1	1	0	0	1	26
2013/12/28-04:27:47	15	1,754.069	81.744	5	0	1	0	0	0	0	1	0	0	1	18
2013/12/28-04:28:35	15	1,754.069	81.744	11	0	0	0	0	0	1	1	0	0	1	16
2013/12/28-04:29:10	15	1,754.069	81.744	2	0	1	0	0	0	0	1	0	0	1	18
2013/12/28-04:42:43	19	1,741.109	75.312	7	0	0	0	0	0	1	1	0	0	1	10
2013/12/28-04:43:14	19	1,741.109	75.312	0	0	1	0	0	0	0	1	0	0	1	10
2013/12/28-04:43:58	19	1,741.109	75.312	6	0	0	0	0	0	1	1	0	0	1	18
2013/12/28-04:44:35	19	1,741.109	75.312	2	0	0	0	1	0	1	1	0	0	1	13
2013/12/28-04:45:07	19	1,741.109	75.312	6	0	1	0	0	0	0	1	0	0	1	38
2013/12/28-04:58:06	19	1,741.109	75.312	7	0	1	0	1	0	0	1	0	0	1	12
2013/12/28-04:58:39	19	1,741.109	75.312	6	0	0	0	1	0	0	1	1	0	0	60
2013/12/28-04:59:58	19	1,741.109	75.312	6	0	1	2	0	0	0	1	0	0	1	48
2013/12/28-05:01:17	19	1,741.109	75.312	4	0	0	0	1	0	1	1	0	0	1	18
2013/12/28-05:01:55	19	1,741.109	75.312	4	0	1	22	0	0	0	1	0	0	1	30
2013/12/28-08:22:40	22	1,713.64	71.418	16	0	0	0	2	0	0	1	1	0	0	60
2013/12/28-08:24:10	22	1,713.64	71.418	1	0	1	1	0	0	0	1	0	0	1	7
2013/12/28-08:24:41	22	1,713.64	71.418	30	0	0	5	0	0	0	1	0	0	1	60
2013/12/28-08:26:00	22	1,713.64	71.418	1	0	0	0	0	0	1	1	0	0	1	6
2013/12/28-08:29:50	22	1,707.577	67.373	27	0	0	22	0	0	0	1	1	0	0	60
2013/12/28-09:01:28	22	1,707.577	67.373	1	0	1	0	0	0	0	1	0	0	1	10
2013/12/28-09:02:02	22	1,707.577	67.373	0	0	1	0	0	0	0	1	0	0	1	6
2013/12/28-09:03:21	22	1,707.577	67.373	3	0	0	0	0	0	0	1	1	0	0	20
2013/12/28-09:04:00	22	1,707.577	67.373	7	0	1	0	0	0	0	1	0	0	1	11
2013/12/28-09:05:19	22	1,707.577	67.373	3	0	0	0	0	0	1	1	0	0	1	4
2013/12/28-09:17:08	28	1,677.48	62.615	1	0	0	0	0	0	1	1	0	0	1	3
2013/12/28-09:18:27	28	1,677.48	62.615	25	0	0	16	0	0	0	1	1	0	0	60
2013/12/28-09:19:46	28	1,677.48	62.615	8	0	0	1	0	0	1	1	0	0	1	24
2013/12/28-09:20:29	28	1,677.48	62.615	8	0	0	0	0	0	0	1	1	0	0	30
2013/12/28-09:21:18	28	1,677.48	62.615	2	0	0	0	0	0	0	1	1	0	0	44
2013/12/28-15:16:24	24	1,693.875	67.22	12	0	1	0	0	0	0	1	0	0	1	25
2013/12/28-15:17:43	24	1,693.875	67.22	8	0	1	2	0	0	0	1	0	0	1	28
2013/12/28-15:19:03	24	1,693.875	67.22	0	0	0	0	0	0	0	1	0	0	1	60
2013/12/28-15:20:21	24	1,693.875	67.22	4	0	0	0	1	0	0	1	1	0	0	18
2013/12/28-15:20:58	24	1,693.875	67.22	1	0	0	15	0	0	1	1	0	0	1	15
2013/12/28-15:30:59	24	1,693.875	67.22	8	0	1	0	0	0	0	1	0	0	1	23
2013/12/28-15:31:41	24	1,693.875	67.22	2	0	0	0	0	0	1	1	0	0	1	3
2013/12/28-15:32:13	24	1,693.875	67.22	9	0	0	7	0	0	0	1	0	0	1	60
2013/12/28-15:33:32	24	1,693.875	67.22	4	0	0	0	0	0	1	1	0	0	1	15
2013/12/28-15:34:51	24	1,693.875	67.22	1	0	0	0	0	0	0	1	1	0	0	60
2013/12/28-15:45:37	24	1,693.875	67.22	9	0	0	0	0	0	0	1	1	0	0	60
2013/12/28-15:46:56	24	1,693.875	67.22	3	0	1	0	0	0	0	1	0	0	1	11
2013/12/28-15:47:25	24	1,693.875	67.22	12	0	1	3	0	0	0	1	0	0	1	31
2013/12/28-15:48:19	24	1,693.875	67.22	3	0	1	0	0	0	0	1	0	0	1	48
2013/12/28-15:49:27	24	1,693.875	67.22	6	0	1	19	1	0	0	1	1	0	0	37
2013/12/28-20:51:13	30	1,662.477	67.796	9	0	0	0	0	0	1	1	0	0	1	25
2013/12/28-20:51:57	30	1,662.477	67.796	1	0	0	0	1	0	0	1	1	0	0	16
2013/12/28-20:52:32	30	1,662.477	67.796	10	0	1	0	0	0	0	1	0	0	1	21
2013/12/28-20:53:29	30	1,662.477	67.796	0	0	1	0	0	0	0	1	0	0	1	3
2013/12/28-20:53:51	30	1,662.477	67.796	2	0	0	1	0	0	1	1	0	0	1	7
2013/12/28-20:55:16	30	1,662.477	67.796	1	0	0	0	1	0	1	1	1	0	0	10
2013/12/28-20:55:45	30	1,662.477	67.796	1	0	1	0	0	0	0	1	0	0	1	3
2013/12/28-20:56:08	30	1,662.477	67.796	3	0	1	2	0	0	0	1	0	0	1	16
2013/12/28-20:56:43	30	1,662.477	67.796	9	0	0	7	0	0	0	1	1	0	0	45
2013/12/28-20:57:46	30	1,662.477	67.796	8	0	0	17	1	0	0	1	1	0	0	43
2013/12/28-21:16:02	30	1,662.477	67.796	1	0	1	0	0	0	0	1	0	0	1	6
2013/12/28-21:16:27	30	1,662.477	67.796	10	0	1	2	0	0	0	1	0	0	1	58
2013/12/28-21:19:51	30	1,662.477	67.796	16	0	0	0	0	0	0	1	1	0	0	60
2013/12/28-21:37:06	30	1,662.477	67.796	2	0	0	0	0	0	0	1	1	0	0	60
2013/12/28-21:38:21	30	1,662.477	67.796	1	0	0	0	0	0	1	1	0	0	1	3
2013/12/28-23:14:09	22	1,704.36	61.328	19	0	0	6	0	0	0	1	1	0	0	60
2013/12/28-23:15:28	22	1,704.36	61.328	2	0	0	0	0	0	0	1	1	0	0	11
2013/12/28-23:15:59	22	1,704.36	61.328	33	0	0	7	0	0	0	1	0	0	1	60
2013/12/28-23:17:18	22	1,704.36	61.328	5	0	1	14	0	0	0	1	0	0	1	31
2013/12/28-23:18:08	22	1,704.36	61.328	15	0	1	0	0	0	0	1	0	0	1	15
2013/12/28-23:40:52	21	1,716.609	58.052	1	0	1	0	0	0	0	1	0	0	1	4
2013/12/28-23:41:27	21	1,716.609	58.052	7	0	0	0	2	0	0	1	1	0	0	46
2013/12/28-23:42:32	21	1,716.609	58.052	0	0	1	0	0	0	0	1	0	0	1	13
2013/12/28-23:43:08	21	1,716.609	58.052	6	0	1	0	1	0	0	1	0	0	1	8
2013/12/28-23:43:38	21	1,716.609	58.052	2	0	0	0	0	0	1	1	0	0	1	3
2013/12/28-23:59:09	21	1,716.609	58.052	2	0	0	0	0	0	1	1	0	0	1	3
2013/12/29-00:00:27	21	1,716.609	58.052	31	0	0	7	0	0	0	1	1	0	0	60
2013/12/29-00:01:46	21	1,716.609	58.052	7	0	0	7	1	0	0	1	1	0	0	60
2013/12/29-00:03:05	21	1,716.609	58.052	8	0	0	1	1	0	0	1	1	0	0	24
2013/12/29-00:03:49	21	1,716.609	58.052	7	0	1	0	0	0	0	1	0	0	1	43
2013/12/29-04:48:54	22	1,704.929	61.996	1	0	1	0	0	0	0	1	0	0	1	3
2013/12/29-04:49:59	22	1,704.929	61.996	7	0	0	0	0	0	0	1	1	0	0	31
2013/12/29-04:50:49	22	1,704.929	61.996	13	0	0	5	0	0	0	1	1	0	0	60
2013/12/29-04:52:08	22	1,704.929	61.996	1	0	0	0	0	0	0	1	1	0	0	4
2013/12/29-04:52:31	22	1,704.929	61.996	7	0	1	0	0	0	0	1	0	0	1	13
2013/12/29-05:22:30	21	1,707.916	58.636	2	0	1	0	1	0	0	1	0	0	1	9
2013/12/29-05:22:58	21	1,707.916	58.636	11	0	0	0	0	0	0	1	1	0	0	27
2013/12/29-05:23:43	21	1,707.916	58.636	10	0	0	4	0	0	1	1	0	0	1	45
2013/12/29-05:24:47	21	1,707.916	58.636	0	0	0	0	0	0	0	1	1	0	0	22
2013/12/29-05:25:28	21	1,707.916	58.636	5	0	0	1	0	0	1	1	0	0	1	14
2013/12/29-05:42:35	21	1,707.916	58.636	16	0	0	0	0	0	0	1	1	0	0	60
2013/12/29-05:43:55	21	1,707.916	58.636	11	0	0	0	0	0	0	1	0	0	1	60
2013/12/29-05:45:14	21	1,707.916	58.636	12	0	0	0	1	0	0	1	1	0	0	57
2013/12/29-05:46:30	21	1,707.916	58.636	21	0	0	4	1	0	0	1	1	0	0	60
2013/12/29-05:47:50	21	1,707.916	58.636	1	0	1	0	1	0	0	1	0	0	1	4
2013/12/29-18:04:04	17	1,740.011	71.903	30	0	0	10	0	0	0	1	1	0	0	60
2013/12/29-18:05:23	17	1,740.011	71.903	2	0	0	0	0	0	1	1	0	0	1	3
2013/12/29-18:06:13	17	1,740.011	71.903	26	0	0	9	0	0	0	1	0	0	1	60
2013/12/29-18:07:32	17	1,740.011	71.903	37	0	0	8	0	0	0	1	1	0	0	60
2013/12/29-18:08:50	17	1,740.011	71.903	25	0	0	8	0	0	0	1	1	0	0	60
2013/12/29-20:37:00	19	1,719.602	69.578	41	0	0	2	0	0	0	1	0	0	1	60
2013/12/29-20:38:19	19	1,719.602	69.578	32	0	0	1	0	0	0	1	0	0	1	60
2013/12/29-20:39:38	19	1,719.602	69.578	2	0	0	0	0	0	1	1	0	0	1	3
2013/12/29-20:40:36	19	1,719.602	69.578	9	0	0	1	0	0	1	1	0	0	1	25
2013/12/29-20:41:55	19	1,719.602	69.578	23	0	0	4	0	0	0	1	0	0	1	60
2013/12/29-20:56:40	19	1,719.602	69.578	14	0	0	0	0	0	1	1	0	0	1	33
2013/12/29-20:57:32	19	1,719.602	69.578	17	0	0	6	0	0	0	1	1	0	0	60
2013/12/29-20:58:50	19	1,719.602	69.578	11	0	0	4	0	0	1	1	0	0	1	49
2013/12/29-20:59:58	19	1,719.602	69.578	5	0	0	1	0	0	1	1	0	0	1	20
2013/12/29-21:00:37	19	1,719.602	69.578	8	0	1	3	1	0	0	1	0	0	1	41
2013/12/30-00:27:13	24	1,687.33	67.708	2	0	0	0	0	0	1	1	0	0	1	3
2013/12/30-00:28:32	24	1,687.33	67.708	4	0	0	5	0	0	0	1	0	0	1	60
2013/12/30-00:29:51	24	1,687.33	67.708	7	0	0	2	0	0	1	1	0	0	1	33
2013/12/30-00:30:46	24	1,687.33	67.708	13	0	1	4	0	0	0	1	0	0	1	44
2013/12/30-00:32:05	24	1,687.33	67.708	12	0	1	0	0	0	0	1	0	0	1	26
2013/12/30-00:45:09	24	1,687.33	67.708	2	0	0	0	0	0	1	1	0	0	1	3
2013/12/30-00:45:50	24	1,687.33	67.708	8	0	0	3	0	0	0	1	1	0	0	60
2013/12/30-00:47:09	33	1,662.231	62.282	10	0	1	3	0	0	0	1	0	0	1	49
2013/12/30-00:48:17	33	1,662.231	62.282	11	0	1	2	0	0	0	1	0	0	1	43
2013/12/30-00:49:36	33	1,662.231	62.282	11	0	1	6	0	0	0	1	0	0	1	38
2013/12/30-01:02:28	33	1,662.231	62.282	26	0	0	3	0	0	0	1	1	0	0	60
2013/12/30-01:03:47	33	1,662.231	62.282	11	0	0	4	0	0	0	1	1	0	0	60
2013/12/30-01:05:06	33	1,662.231	62.282	12	0	0	4	0	0	0	1	1	0	0	60
2013/12/30-01:06:25	33	1,662.231	62.282	6	0	0	0	0	0	1	1	0	0	1	10
2013/12/30-01:07:18	33	1,662.231	62.282	9	0	0	5	0	0	0	1	1	0	0	60
2013/12/30-01:25:17	33	1,662.231	62.282	5	0	0	0	0	0	0	1	1	0	0	24
2013/12/30-01:26:00	33	1,662.231	62.282	2	0	0	0	0	0	1	1	0	0	1	3
2013/12/30-01:27:19	33	1,662.231	62.282	18	0	0	3	2	0	1	1	1	0	0	52
2013/12/30-01:28:30	33	1,662.231	62.282	23	0	0	8	0	0	0	1	1	0	0	60
2013/12/30-01:29:49	33	1,662.231	62.282	21	0	0	8	0	0	0	1	0	0	1	60
2013/12/30-01:58:25	24	1,694.243	55.642	13	0	0	3	1	0	1	1	0	0	1	45
2013/12/30-01:59:30	24	1,694.243	55.642	20	0	0	0	0	0	0	1	0	0	1	60
2013/12/30-02:00:49	24	1,694.243	55.642	10	0	0	1	0	0	1	1	0	0	1	33
2013/12/30-02:02:08	24	1,694.243	55.642	19	0	0	6	1	0	0	1	1	0	0	60
2013/12/30-02:03:27	24	1,694.243	55.642	5	0	1	0	0	0	0	1	0	0	1	14
2013/12/30-02:22:02	29	1,681.731	53.33	13	0	1	5	0	0	0	1	0	0	1	55
2013/12/30-02:23:21	29	1,681.731	53.33	5	0	0	5	0	0	0	1	1	0	0	60
2013/12/30-02:24:40	29	1,681.731	53.33	21	0	0	6	0	0	0	1	1	0	0	60
2013/12/30-02:25:59	29	1,681.731	53.33	4	0	1	1	0	0	0	1	0	0	1	20
2013/12/30-02:27:19	29	1,681.731	53.33	13	0	0	5	0	0	0	1	1	0	0	60
2013/12/30-14:05:25	24	1,691.275	68.468	6	0	0	0	0	0	1	1	0	0	1	11
2013/12/30-14:06:15	24	1,691.275	68.468	15	0	0	6	0	0	0	1	1	0	0	60
2013/12/30-14:07:34	24	1,691.275	68.468	29	0	0	8	0	0	0	1	0	0	1	60
2013/12/30-14:08:53	24	1,691.275	68.468	12	0	0	4	1	0	0	1	1	0	0	43
2013/12/30-14:09:55	24	1,691.275	68.468	20	0	0	9	1	0	0	1	1	0	0	57
2013/12/30-14:25:12	26	1,690.313	65.74	23	0	0	6	0	0	0	1	1	0	0	60
2013/12/30-14:26:31	26	1,690.313	65.74	8	0	1	1	0	0	0	1	0	0	1	34
2013/12/30-14:27:41	26	1,690.313	65.74	24	0	0	5	0	0	0	1	0	0	1	60
2013/12/30-14:29:00	26	1,690.313	65.74	10	0	1	3	0	0	0	1	0	0	1	49
2013/12/30-14:30:19	26	1,690.313	65.74	12	0	0	2	0	0	0	1	0	0	1	60
2013/12/30-14:46:49	26	1,690.313	65.74	6	0	1	3	0	0	0	1	0	0	1	34
2013/12/30-14:48:08	26	1,690.313	65.74	22	0	0	5	0	0	0	1	0	0	1	60
2013/12/30-14:49:27	26	1,690.313	65.74	20	0	0	7	0	0	0	1	0	0	1	60
2013/12/30-14:50:46	26	1,690.313	65.74	15	0	0	4	0	0	0	1	1	0	0	60
2013/12/30-14:52:05	26	1,690.313	65.74	8	0	0	0	0	0	1	1	0	0	1	15
2013/12/30-15:55:31	25	1,709.908	60.909	25	0	0	7	0	0	0	1	0	0	1	60
2013/12/30-15:56:51	25	1,709.908	60.909	24	0	0	6	0	0	0	1	0	0	1	60
2013/12/30-15:58:10	25	1,709.908	60.909	18	0	0	6	0	0	0	1	1	0	0	60
2013/12/30-15:59:30	25	1,709.908	60.909	25	0	0	6	0	0	0	1	1	0	0	60
2013/12/30-16:00:49	25	1,709.908	60.909	26	0	0	3	0	0	0	1	1	0	0	60
2013/12/30-16:30:19	19	1,744.046	57.802	9	0	1	5	1	0	0	1	0	0	1	33
2013/12/30-16:31:38	19	1,744.046	57.802	12	0	0	5	0	0	1	1	0	0	1	48
2013/12/30-16:32:57	19	1,744.046	57.802	13	0	1	5	0	0	0	1	0	0	1	57
2013/12/30-16:34:13	19	1,744.046	57.802	28	0	0	5	0	0	0	1	1	0	0	60
2013/12/30-16:35:32	19	1,744.046	57.802	2	0	0	0	0	0	1	1	0	0	1	3
2013/12/30-16:54:28	19	1,744.046	57.802	29	0	0	5	0	0	0	1	1	0	0	60
2013/12/30-16:55:47	19	1,744.046	57.802	21	0	0	8	0	0	0	1	1	0	0	60
2013/12/30-16:57:06	19	1,744.046	57.802	5	0	1	1	0	0	0	1	0	0	1	16
2013/12/30-16:58:25	19	1,744.046	57.802	6	0	0	2	1	0	1	1	0	0	1	19
2013/12/30-16:59:44	19	1,744.046	57.802	17	0	0	12	0	0	0	1	0	0	1	60
2013/12/31-11:06:37	18	1,744.745	77.911	11	0	0	0	1	0	0	1	1	0	0	60
2013/12/31-11:07:56	18	1,744.745	77.911	7	0	0	1	0	0	0	1	1	0	0	16
2013/12/31-11:08:31	18	1,744.745	77.911	3	0	1	0	0	0	0	1	0	0	1	8
2013/12/31-11:08:58	18	1,744.745	77.911	3	0	0	0	1	0	0	1	1	0	0	9
2013/12/31-11:09:26	18	1,744.745	77.911	10	0	0	0	1	0	0	1	1	0	0	45
2013/12/31-11:21:30	18	1,744.745	77.911	11	0	1	0	0	0	0	1	0	0	1	44
2013/12/31-11:22:49	18	1,744.745	77.911	25	0	0	18	0	0	0	1	0	0	1	60
2013/12/31-11:24:08	18	1,744.745	77.911	2	0	0	1	0	0	1	1	0	0	1	7
2013/12/31-11:24:40	18	1,744.745	77.911	5	0	0	3	0	0	0	1	0	0	1	60
2013/12/31-11:25:59	18	1,744.745	77.911	1	0	1	0	0	0	0	1	0	0	1	18
2013/12/31-11:38:34	21	1,726.241	70.694	8	0	0	5	0	0	0	1	1	0	0	37
2013/12/31-11:39:30	21	1,726.241	70.694	44	0	0	2	0	0	0	1	1	0	0	60
2013/12/31-11:40:49	21	1,726.241	70.694	1	0	0	0	2	0	0	1	1	0	0	3
2013/12/31-11:41:11	21	1,726.241	70.694	11	0	0	0	0	0	0	1	1	0	0	37
2013/12/31-11:42:07	21	1,726.241	70.694	1	0	1	0	0	0	0	1	0	0	1	4
2013/12/31-15:17:01	17	1,725.82	72.069	3	0	1	0	0	0	0	1	0	0	1	13
2013/12/31-15:17:55	17	1,725.82	72.069	10	0	0	0	0	0	0	1	0	0	1	60
2013/12/31-15:19:14	17	1,725.82	72.069	6	0	0	0	1	0	1	1	0	0	1	32
2013/12/31-15:20:05	17	1,725.82	72.069	6	0	0	1	0	0	0	1	1	0	0	30
2013/12/31-15:20:53	17	1,725.82	72.069	1	0	1	0	0	0	0	1	0	0	1	5
2013/12/31-15:36:49	17	1,725.82	72.069	0	0	1	0	0	0	0	1	0	0	1	5
2013/12/31-15:37:13	17	1,725.82	72.069	10	0	1	2	0	0	0	1	0	0	1	33
2013/12/31-15:38:32	17	1,725.82	72.069	18	0	0	4	0	0	0	1	1	0	0	60
2013/12/31-15:39:51	24	1,686.205	66.706	6	0	0	0	0	0	0	1	1	0	0	60
2013/12/31-15:41:09	24	1,686.205	66.706	0	0	1	0	0	0	0	1	0	0	1	6
2013/12/31-15:55:36	24	1,686.205	66.706	0	0	1	0	0	0	0	1	0	0	1	13
2013/12/31-15:56:48	24	1,686.205	66.706	9	0	1	0	0	0	0	1	0	0	1	33
2013/12/31-15:58:01	24	1,686.205	66.706	2	0	0	1	0	0	1	1	0	0	1	10
2013/12/31-15:58:40	24	1,686.205	66.706	2	0	1	0	0	0	0	1	0	0	1	14
2013/12/31-15:59:30	24	1,686.205	66.706	4	0	1	0	1	0	0	1	0	0	1	13
2013/12/31-19:56:27	33	1,658.894	67.726	5	0	1	9	0	0	0	1	0	0	1	34
2013/12/31-19:57:25	33	1,656.183	67.041	0	0	1	0	0	0	0	1	0	0	1	4
2013/12/31-19:58:17	33	1,656.183	67.041	0	0	1	0	0	0	0	1	0	0	1	3
2013/12/31-19:58:39	33	1,656.183	67.041	10	0	1	1	0	0	0	1	0	0	1	19
2013/12/31-19:59:43	33	1,656.183	67.041	4	0	0	0	0	0	1	1	0	0	1	33
2013/12/31-20:17:36	33	1,656.183	67.041	1	0	0	0	0	0	0	1	0	0	1	60
2013/12/31-20:18:55	33	1,656.183	67.041	8	0	0	0	0	0	1	1	0	0	1	26
2013/12/31-20:19:39	33	1,656.183	67.041	5	0	1	2	0	0	0	1	0	0	1	29
2013/12/31-20:20:36	33	1,656.183	67.041	30	0	0	22	0	0	0	1	0	0	1	60
2013/12/31-20:21:55	33	1,656.183	67.041	2	0	0	0	0	0	1	1	0	0	1	11
2013/12/31-20:31:55	33	1,656.183	67.041	40	0	0	0	0	0	0	1	1	0	0	60
2013/12/31-20:33:14	33	1,656.183	67.041	8	0	0	17	1	0	0	1	1	0	0	38
2013/12/31-20:34:11	45	1,606.459	61.256	9	0	0	0	1	0	0	1	1	0	0	29
2013/12/31-20:34:59	45	1,606.459	61.256	12	0	0	0	0	0	0	1	1	0	0	60
2013/12/31-20:36:17	45	1,606.459	61.256	1	0	1	0	0	0	0	1	0	0	1	6
2014/01/01-00:14:06	47	1,596.376	65.352	1	0	0	0	0	0	1	1	0	0	1	6
2014/01/01-00:14:31	47	1,596.376	65.352	14	0	1	0	0	0	0	1	0	0	1	37
2014/01/01-00:15:49	47	1,596.376	65.352	4	0	1	0	0	0	0	1	0	0	1	13
2014/01/01-00:16:32	47	1,596.376	65.352	4	0	1	0	0	0	0	1	0	0	1	33
2014/01/01-00:17:51	47	1,596.376	65.352	2	0	0	6	0	0	1	1	0	0	1	39
2014/01/01-00:23:47	47	1,596.376	65.352	15	0	0	1	0	0	0	1	1	0	0	60
2014/01/01-00:25:06	47	1,596.376	65.352	11	0	0	0	0	0	0	1	1	0	0	60
2014/01/01-00:26:25	47	1,596.376	65.352	13	0	0	6	0	0	1	1	0	0	1	47
2014/01/01-00:27:31	47	1,596.376	65.352	8	0	1	0	0	0	0	1	0	0	1	13
2014/01/01-00:28:50	40	1,617.462	60.82	12	0	1	2	0	0	0	1	0	0	1	44
2014/01/01-00:39:03	40	1,617.462	60.82	4	0	0	0	0	0	1	1	0	0	1	15
2014/01/01-00:39:38	40	1,617.462	60.82	22	0	0	4	1	0	0	1	1	0	0	60
2014/01/01-00:40:57	40	1,617.462	60.82	5	0	0	22	2	0	0	1	1	0	0	29
2014/01/01-00:41:45	40	1,617.462	60.82	11	0	0	6	0	0	0	1	0	0	1	60
2014/01/01-00:43:04	40	1,617.462	60.82	12	0	0	0	1	0	0	1	1	0	0	60
2014/01/01-04:10:05	42	1,622.38	63.821	14	0	0	7	0	0	0	1	0	0	1	60
2014/01/01-04:11:24	42	1,622.38	63.821	2	0	1	0	0	0	0	1	0	0	1	52
2014/01/01-04:12:42	42	1,622.38	63.821	19	0	0	0	0	0	0	1	1	0	0	60
2014/01/01-04:14:01	42	1,622.38	63.821	9	0	1	2	0	0	0	1	0	0	1	43
2014/01/01-04:15:03	42	1,622.38	63.821	2	0	0	0	0	0	0	1	1	0	0	4
2014/01/01-04:40:59	37	1,636.308	60.773	4	0	0	1	0	0	0	1	1	0	0	44
2014/01/01-04:42:02	37	1,636.308	60.773	10	0	1	0	0	0	0	1	0	0	1	18
2014/01/01-04:43:21	37	1,636.308	60.773	2	0	0	0	0	0	0	1	0	0	1	60
2014/01/01-04:44:40	37	1,636.308	60.773	1	0	1	0	0	0	0	1	0	0	1	11
2014/01/01-04:45:59	37	1,636.308	60.773	1	0	1	0	1	0	0	1	0	0	1	4
2014/01/01-04:54:48	37	1,636.308	60.773	1	0	0	0	0	0	1	1	0	0	1	6
2014/01/01-04:56:07	37	1,636.308	60.773	10	0	0	0	0	0	0	1	0	0	1	60
2014/01/01-04:57:26	37	1,636.308	60.773	15	0	0	2	0	0	0	1	0	1	0	60
2014/01/01-04:58:45	37	1,636.308	60.773	1	0	1	0	0	0	0	1	0	0	1	3
2014/01/01-04:59:24	37	1,636.308	60.773	0	0	1	0	0	0	0	1	0	0	1	6
2014/01/01-08:27:54	38	1,639.498	62.609	1	0	1	0	0	0	0	1	0	0	1	5
2014/01/01-08:28:22	38	1,639.498	62.609	0	0	1	0	0	0	0	1	0	0	1	3
2014/01/01-08:28:45	38	1,639.498	62.609	9	0	0	5	0	0	0	1	0	0	1	60
2014/01/01-08:30:04	38	1,639.498	62.609	28	0	0	1	0	0	0	1	1	0	0	60
2014/01/01-08:31:22	38	1,639.498	62.609	2	0	0	0	0	0	0	1	1	0	0	6
2014/01/01-08:47:37	38	1,639.498	62.609	4	0	1	5	0	0	0	1	0	0	1	26
2014/01/01-08:48:37	38	1,639.498	62.609	1	0	1	0	0	0	0	1	0	0	1	4
2014/01/01-08:49:34	38	1,639.498	62.609	1	0	1	0	1	0	0	1	0	0	1	16
2014/01/01-08:50:54	38	1,639.498	62.609	9	0	0	3	0	0	0	1	0	0	1	60
2014/01/01-08:52:12	38	1,639.498	62.609	2	0	1	0	0	0	0	1	0	0	1	14
2014/01/01-09:01:51	40	1,624.874	57.592	2	0	0	0	0	0	1	1	0	0	1	10
2014/01/01-09:02:24	40	1,624.874	57.592	2	0	1	0	0	0	0	1	0	0	1	18
2014/01/01-09:03:43	40	1,624.874	57.592	21	0	0	3	0	0	0	1	1	0	0	60
2014/01/01-09:05:02	40	1,624.874	57.592	2	0	1	0	0	0	0	1	0	0	1	35
2014/01/01-09:06:20	40	1,624.874	57.592	9	0	0	0	0	0	1	1	0	0	1	23
2014/01/01-13:13:06	41	1,625.501	61.813	11	0	0	0	0	0	1	1	0	0	1	50
2014/01/01-13:14:15	41	1,625.501	61.813	0	0	1	0	0	0	0	1	0	0	1	18
2014/01/01-13:14:52	41	1,625.501	61.813	8	0	0	0	1	0	0	1	1	0	0	27
2014/01/01-13:15:38	41	1,625.501	61.813	15	0	0	7	0	0	0	1	0	0	1	60
2014/01/01-13:16:57	41	1,625.501	61.813	4	0	1	4	1	0	0	1	0	0	1	35
2014/01/01-13:32:29	38	1,643.915	59.147	4	0	0	2	0	0	0	1	0	0	1	60
2014/01/01-13:33:48	38	1,643.915	59.147	0	0	1	0	0	0	0	1	0	0	1	5
2014/01/01-13:34:11	38	1,643.915	59.147	13	0	0	0	0	0	0	1	1	0	0	60
2014/01/01-13:35:30	38	1,643.915	59.147	51	0	0	0	0	0	0	1	1	0	0	60
2014/01/01-13:36:49	38	1,643.915	59.147	1	0	1	0	1	0	0	1	0	0	1	7
2014/01/01-13:54:50	38	1,643.915	59.147	4	0	0	0	0	0	1	1	0	0	1	16
2014/01/01-13:55:25	38	1,643.915	59.147	7	0	0	3	0	0	0	1	1	0	0	60
2014/01/01-13:56:44	38	1,643.915	59.147	0	0	1	0	0	0	0	1	0	0	1	9
2014/01/01-13:57:13	38	1,643.915	59.147	10	0	0	0	0	0	0	1	1	0	0	27
2014/01/01-13:57:59	38	1,643.915	59.147	7	0	1	1	0	0	0	1	0	0	1	31
2014/01/01-23:37:22	39	1,641.414	61.578	1	0	1	0	0	0	0	1	0	0	1	7
2014/01/01-23:37:49	39	1,641.414	61.578	3	0	1	0	0	0	0	1	0	0	1	15
2014/01/01-23:38:23	39	1,641.414	61.578	1	0	1	0	0	0	0	1	0	0	1	20
2014/01/01-23:39:40	39	1,641.414	61.578	4	0	1	0	0	0	0	1	0	0	1	8
2014/01/01-23:40:33	39	1,641.414	61.578	6	0	0	2	0	0	1	1	0	0	1	26
2014/01/01-23:50:38	39	1,641.414	61.578	1	0	1	0	0	0	0	1	0	0	1	6
2014/01/01-23:51:07	39	1,641.414	61.578	1	0	0	0	0	0	1	1	0	0	1	3
2014/01/01-23:51:46	39	1,641.414	61.578	11	0	0	6	1	0	0	1	1	0	0	40
2014/01/01-23:52:44	39	1,641.414	61.578	11	0	0	0	1	0	0	1	1	0	0	60
2014/01/01-23:54:03	39	1,635.803	57.182	7	0	1	0	0	0	0	1	0	0	1	19
2014/01/02-00:12:02	39	1,635.803	57.182	2	0	0	0	0	0	1	1	0	0	1	12
2014/01/02-00:13:08	39	1,635.803	57.182	32	0	0	3	0	0	0	1	1	0	0	60
2014/01/02-00:14:27	39	1,635.803	57.182	7	0	0	0	0	0	0	1	1	0	0	24
2014/01/02-00:15:10	39	1,635.803	57.182	4	0	0	0	0	0	0	1	1	0	0	60
2014/01/02-00:16:29	39	1,635.803	57.182	16	0	0	4	1	0	0	1	1	0	0	60
2014/01/02-03:49:15	40	1,643.345	60.589	3	0	1	0	0	0	0	1	0	0	1	15
2014/01/02-03:49:49	40	1,643.345	60.589	1	0	1	0	0	0	0	1	0	0	1	4
2014/01/02-03:50:11	40	1,643.345	60.589	14	0	0	1	0	0	1	1	0	0	1	40
2014/01/02-03:51:30	40	1,643.345	60.589	1	0	0	0	0	0	1	1	0	0	1	3
2014/01/02-03:51:58	40	1,643.345	60.589	8	0	1	3	1	0	0	1	0	0	1	47
2014/01/02-04:06:24	40	1,640.043	57.88	12	0	0	0	1	0	0	1	1	0	0	48
2014/01/02-04:07:31	40	1,640.043	57.88	15	0	0	0	1	0	0	1	1	0	0	60
2014/01/02-04:08:50	40	1,640.043	57.88	3	0	0	0	1	0	0	1	1	0	0	13
2014/01/02-04:09:21	40	1,640.043	57.88	17	0	0	8	0	0	0	1	1	0	0	60
2014/01/02-04:10:40	40	1,640.043	57.88	5	0	0	18	1	0	1	1	0	0	1	24
2014/01/02-04:24:02	40	1,640.043	57.88	1	0	0	0	1	0	1	1	0	0	1	8
2014/01/02-04:24:29	40	1,640.043	57.88	4	0	0	0	0	0	0	1	1	0	0	18
2014/01/02-04:25:06	40	1,640.043	57.88	8	0	1	1	0	0	0	1	0	0	1	50
2014/01/02-04:26:21	40	1,640.043	57.88	18	0	0	5	0	0	0	1	0	0	1	60
2014/01/02-04:27:40	40	1,640.043	57.88	2	0	0	0	0	0	0	1	0	0	1	60
2014/01/02-08:49:45	36	1,651.783	60.634	29	0	0	2	0	0	0	1	1	0	0	60
2014/01/02-08:51:10	36	1,651.783	60.634	1	0	1	0	0	0	0	1	0	0	1	11
2014/01/02-08:51:45	36	1,651.783	60.634	2	0	1	1	0	0	0	1	0	0	1	9
2014/01/02-08:52:39	36	1,651.783	60.634	10	0	0	0	0	0	1	1	0	0	1	33
2014/01/02-08:53:31	36	1,651.783	60.634	1	0	0	0	0	0	1	1	0	0	1	5
2014/01/02-08:59:15	36	1,651.783	60.634	5	0	0	15	2	0	0	1	1	0	0	20
2014/01/02-08:59:54	36	1,651.783	60.634	21	0	0	0	0	0	0	1	0	0	1	60
2014/01/02-09:01:13	36	1,651.783	60.634	2	0	0	0	0	0	0	1	1	0	0	5
2014/01/02-09:01:36	36	1,651.783	60.634	14	0	0	6	0	0	0	1	1	0	0	44
2014/01/02-09:02:39	36	1,651.783	60.634	3	0	0	0	0	0	1	1	0	0	1	15
2014/01/02-09:21:41	36	1,644.475	56.455	3	0	0	0	0	0	1	1	0	0	1	4
2014/01/02-09:22:10	36	1,644.475	56.455	10	0	0	0	1	0	0	1	1	0	0	60
2014/01/02-09:23:29	36	1,644.475	56.455	0	0	1	0	0	0	0	1	0	0	1	3
2014/01/02-09:23:55	36	1,644.475	56.455	19	0	0	0	1	0	0	1	1	0	0	60
2014/01/02-09:25:14	36	1,644.475	56.455	15	0	0	8	0	0	0	1	1	0	0	42
2014/01/02-13:53:38	39	1,628.806	62.427	0	0	1	0	0	0	0	1	0	0	1	36
2014/01/02-13:54:33	39	1,628.806	62.427	0	0	1	0	0	0	0	1	0	0	1	6
2014/01/02-13:55:52	39	1,628.806	62.427	7	0	0	2	1	0	1	1	0	0	1	17
2014/01/02-13:56:27	39	1,628.806	62.427	6	0	1	0	0	0	0	1	0	0	1	20
2014/01/02-13:57:07	39	1,628.806	62.427	9	0	0	3	0	0	0	1	1	0	0	60
2014/01/02-14:18:56	39	1,628.806	62.427	8	0	0	0	0	0	0	1	1	0	0	29
2014/01/02-14:19:44	39	1,628.806	62.427	2	0	1	0	0	0	0	1	0	0	1	9
2014/01/02-14:20:30	39	1,628.806	62.427	0	0	1	0	0	0	0	1	0	0	1	10
2014/01/02-14:21:24	39	1,628.806	62.427	2	0	1	0	0	0	0	1	0	0	1	14
2014/01/02-14:21:58	39	1,628.806	62.427	0	0	1	0	0	0	0	1	0	0	1	26
2014/01/02-14:31:14	36	1,643.355	57.668	8	0	1	0	0	0	0	1	0	0	1	55
2014/01/02-14:32:33	36	1,643.355	57.668	2	0	0	0	0	0	0	1	0	0	1	60
2014/01/02-14:33:52	36	1,643.355	57.668	5	0	1	1	0	0	0	1	0	0	1	15
2014/01/02-14:34:57	36	1,643.355	57.668	6	0	1	2	0	0	0	1	0	0	1	26
2014/01/02-14:36:16	36	1,643.355	57.668	0	0	1	0	0	0	0	1	0	0	1	6
2014/01/02-17:55:06	39	1,629.924	60.61	2	0	1	0	1	0	0	1	0	0	1	20
2014/01/02-17:55:45	39	1,629.924	60.61	1	0	0	0	0	0	1	1	0	0	1	3
2014/01/02-17:56:47	39	1,629.924	60.61	4	0	1	0	0	0	0	1	0	0	1	20
2014/01/02-17:57:49	39	1,629.924	60.61	2	0	0	1	0	0	0	1	1	0	0	20
2014/01/02-17:58:28	39	1,629.924	60.61	2	0	0	0	0	0	1	1	0	0	1	14
2014/01/02-18:10:47	39	1,629.924	60.61	23	0	0	22	1	0	0	1	1	0	0	49
2014/01/02-18:11:55	39	1,629.924	60.61	17	0	0	0	1	0	0	1	1	0	0	60
2014/01/02-18:13:14	39	1,629.924	60.61	11	0	0	7	1	0	0	1	1	0	0	60
2014/01/02-18:14:33	39	1,629.924	60.61	13	0	0	0	0	0	0	1	1	0	0	60
2014/01/02-18:15:51	39	1,629.924	60.61	52	0	0	0	0	0	0	1	1	0	0	60
2014/01/02-18:31:31	37	1,641.707	56.61	1	0	1	0	0	0	0	1	0	0	1	4
2014/01/02-18:31:56	37	1,641.707	56.61	14	0	0	4	1	0	0	1	1	0	0	60
2014/01/02-18:33:15	37	1,641.707	56.61	4	0	1	0	0	0	0	1	0	0	1	17
2014/01/02-18:33:59	37	1,641.707	56.61	14	0	0	0	0	0	0	1	0	0	1	60
2014/01/02-18:35:18	37	1,641.707	56.61	24	0	0	0	1	0	0	1	1	0	0	33
2014/01/03-02:05:13	41	1,629	61.163	11	0	0	4	0	0	0	1	0	0	1	60
2014/01/03-02:06:32	41	1,629	61.163	11	0	0	1	0	0	1	1	0	0	1	28
2014/01/03-02:07:19	41	1,629	61.163	11	0	0	0	0	0	0	1	0	0	1	60
2014/01/03-02:08:37	39	1,633.817	59.58	4	0	0	0	0	0	1	1	0	0	1	24
2014/01/03-02:09:20	39	1,633.817	59.58	3	0	1	4	0	0	0	1	0	0	1	39
2014/01/03-02:25:28	39	1,633.817	59.58	5	0	0	0	1	0	0	1	1	0	0	24
2014/01/03-02:26:11	39	1,633.817	59.58	1	0	0	0	0	0	0	1	1	0	0	6
2014/01/03-02:26:35	39	1,633.817	59.58	53	0	0	0	1	0	0	1	1	0	0	60
2014/01/03-02:27:54	39	1,633.817	59.58	8	0	0	3	1	0	0	1	1	0	0	26
2014/01/03-02:28:39	39	1,633.817	59.58	12	0	0	12	1	0	0	1	1	0	0	41
2014/01/03-02:46:37	30	1,661.285	56.651	1	0	0	0	0	0	1	1	0	0	1	3
2014/01/03-02:47:12	30	1,661.285	56.651	9	0	0	3	0	0	0	1	0	1	0	60
2014/01/03-02:48:31	30	1,661.285	56.651	4	0	1	2	0	0	0	1	0	0	1	23
2014/01/03-02:49:13	30	1,661.285	56.651	15	0	0	0	0	0	0	1	1	0	0	60
2014/01/03-02:50:32	30	1,661.285	56.651	12	0	0	0	0	0	0	1	1	0	0	27
2014/01/03-06:20:14	34	1,660.72	60.047	2	0	0	0	0	0	1	1	0	0	1	16
2014/01/03-06:20:49	34	1,660.72	60.047	3	0	0	2	0	0	1	1	0	0	1	12
2014/01/03-06:22:08	34	1,660.72	60.047	2	0	1	0	0	0	0	1	0	0	1	19
2014/01/03-06:22:46	34	1,660.72	60.047	1	0	1	0	1	0	0	1	0	0	1	4
2014/01/03-06:23:36	34	1,660.72	60.047	28	0	0	22	1	0	0	1	1	0	0	60
2014/01/03-06:39:26	34	1,660.72	60.047	1	0	1	0	0	0	0	1	0	0	1	5
2014/01/03-06:39:56	34	1,660.72	60.047	5	0	0	0	0	0	0	1	0	0	1	60
2014/01/03-06:41:15	34	1,660.72	60.047	7	0	0	4	0	0	0	1	1	0	0	40
2014/01/03-06:42:14	34	1,660.72	60.047	12	0	0	12	1	0	0	1	1	0	0	50
2014/01/03-06:43:22	34	1,660.72	60.047	19	0	0	0	1	0	0	1	1	0	0	60
2014/01/03-07:01:26	33	1,663.285	55.711	4	0	0	0	0	0	1	1	0	0	1	24
2014/01/03-07:02:09	33	1,663.285	55.711	1	0	0	0	0	0	1	1	0	0	1	3
2014/01/03-07:02:56	33	1,663.285	55.711	11	0	0	2	2	0	0	1	1	0	0	55
2014/01/03-07:04:10	33	1,663.285	55.711	18	0	0	21	1	0	0	1	1	0	0	51
2014/01/03-07:05:20	33	1,663.285	55.711	4	0	0	0	1	0	0	1	1	0	0	60
2014/01/04-17:43:34	31	1,664.379	71.246	3	0	1	0	0	0	0	1	0	0	1	23
2014/01/04-17:44:53	31	1,664.379	71.246	16	0	0	8	0	0	0	1	1	0	0	60
2014/01/04-17:46:13	31	1,664.379	71.246	15	0	0	0	0	0	0	1	1	0	0	36
2014/01/04-17:47:08	31	1,664.379	71.246	0	0	1	0	0	0	0	1	0	0	1	3
2014/01/04-17:48:27	31	1,664.379	71.246	1	0	1	0	0	0	0	1	0	0	1	5
2014/01/04-17:55:32	31	1,664.379	71.246	7	0	0	6	0	0	0	1	1	0	0	60
2014/01/04-17:56:51	31	1,664.379	71.246	3	0	1	11	2	0	0	1	0	0	1	23
2014/01/04-17:57:33	31	1,664.379	71.246	0	0	1	0	0	0	0	1	0	0	1	5
2014/01/04-17:58:52	31	1,664.379	71.246	3	0	0	0	0	0	1	1	0	0	1	13
2014/01/04-18:00:11	31	1,664.379	71.246	1	0	1	0	0	0	0	1	0	0	1	4
2014/01/04-18:09:27	31	1,664.379	71.246	2	0	1	0	0	0	0	1	0	0	1	13
2014/01/04-18:10:01	31	1,664.379	71.246	6	0	0	0	0	0	1	1	0	0	1	18
2014/01/04-18:11:09	31	1,664.379	71.246	10	0	0	0	0	0	0	1	1	0	0	23
2014/01/04-18:11:51	31	1,664.379	71.246	19	0	0	6	0	0	0	1	1	0	0	60
2014/01/04-18:13:10	31	1,664.379	71.246	2	0	0	18	1	0	1	1	0	0	1	17
2014/01/04-18:46:43	33	1,651.169	61.724	1	0	0	0	0	0	1	1	0	0	1	13
2014/01/04-18:47:25	33	1,651.169	61.724	1	0	1	0	0	0	0	1	0	0	1	6
2014/01/04-18:48:16	33	1,651.169	61.724	3	0	1	0	2	0	0	1	0	0	1	25
2014/01/04-18:49:00	33	1,651.169	61.724	7	0	0	0	0	0	0	1	1	0	0	60
2014/01/04-18:50:19	33	1,651.169	61.724	3	0	1	1	0	0	0	1	0	0	1	27
2014/01/04-19:07:11	33	1,651.169	61.724	2	0	0	0	1	0	1	1	0	0	1	10
2014/01/04-19:07:45	33	1,651.169	61.724	7	0	1	0	1	0	0	1	0	0	1	18
2014/01/04-19:08:22	33	1,651.169	61.724	9	0	0	2	0	0	0	1	1	0	0	60
2014/01/04-19:09:41	37	1,645.343	56.971	8	0	0	0	0	0	0	1	0	0	1	60
2014/01/04-19:11:00	37	1,645.343	56.971	15	0	0	2	1	0	0	1	1	0	0	44
2014/01/04-19:24:06	37	1,645.343	56.971	12	0	0	0	0	0	0	1	1	0	0	60
2014/01/04-19:25:25	37	1,645.343	56.971	6	0	0	0	0	0	0	1	1	0	0	60
2014/01/04-19:26:45	37	1,645.343	56.971	2	0	1	0	0	0	0	1	0	0	1	7
2014/01/04-19:28:04	37	1,645.343	56.971	3	0	1	18	0	0	0	1	0	0	1	27
2014/01/04-19:28:50	37	1,645.343	56.971	18	0	0	2	1	0	0	1	1	0	0	60
2014/01/05-00:27:39	31	1,666.105	62.245	2	0	0	0	1	0	0	1	1	0	0	8
2014/01/05-00:28:06	31	1,666.105	62.245	18	0	0	7	2	0	0	1	1	0	0	55
2014/01/05-00:29:21	31	1,666.105	62.245	10	0	0	22	2	0	0	1	1	0	0	44
2014/01/05-00:30:25	31	1,666.105	62.245	4	0	0	0	0	0	1	1	0	0	1	15
2014/01/05-00:31:00	31	1,666.105	62.245	17	0	0	0	0	0	0	1	1	0	0	25
2014/01/05-00:47:52	28	1,680.153	60.063	3	0	0	0	0	0	1	1	0	0	1	18
2014/01/05-00:48:34	28	1,680.153	60.063	13	0	1	0	0	0	0	1	0	0	1	16
2014/01/05-00:49:16	28	1,680.153	60.063	3	0	0	1	1	0	0	1	1	0	0	11
2014/01/05-00:49:47	28	1,680.153	60.063	13	0	0	4	0	0	0	1	1	0	0	60
2014/01/05-00:51:07	28	1,680.153	60.063	8	0	0	0	1	0	0	1	1	0	0	42
2014/01/05-01:07:32	28	1,680.153	60.063	1	0	0	0	0	0	1	1	0	0	1	16
2014/01/05-05:40:01	28	1,680.153	60.063	0	0	1	0	0	0	0	1	0	0	1	9
2014/01/05-08:59:29	28	1,680.153	60.063	0	0	1	0	0	0	0	1	0	0	1	5
2014/01/05-09:00:54	28	1,680.153	60.063	8	0	0	1	0	0	0	1	1	0	0	60
2014/01/05-09:02:13	28	1,680.153	60.063	17	0	0	2	1	0	0	1	1	0	0	60
