2013/09/02-15:25:09	35	1,500	350.465	0	0	1	0	0	0	0	1	0	0	1	3
2013/09/02-15:25:45	35	1,500	350.465	0	0	1	0	0	0	0	1	0	0	1	6
2013/09/02-15:26:10	35	1,500	350.465	0	0	1	0	0	0	0	1	0	0	1	6
2013/09/02-15:27:27	35	1,500	350.465	0	0	1	0	0	0	0	1	0	0	1	4
2013/09/02-15:28:17	35	1,500	350.465	0	0	1	0	0	0	0	1	0	0	1	6
2013/09/02-15:36:25	82	964.79	275.415	0	0	1	0	0	0	0	1	0	0	1	6
2013/09/02-15:36:52	82	964.79	275.415	0	0	1	0	0	0	0	1	0	0	1	6
2013/09/02-15:37:17	82	964.79	275.415	0	0	1	0	0	0	0	1	0	0	1	9
2013/09/02-15:38:12	82	964.79	275.415	0	0	1	0	0	0	0	1	0	0	1	3
2013/09/02-15:38:35	82	964.79	275.415	0	0	1	0	0	0	0	1	0	0	1	3
2013/09/02-15:50:54	82	964.79	275.415	0	0	1	0	0	0	0	1	0	0	1	6
2013/09/02-15:51:52	82	964.79	275.415	0	0	1	0	0	0	0	1	0	0	1	3
2013/09/02-15:52:22	82	964.79	275.415	0	0	1	0	0	0	0	1	0	0	1	6
2013/09/02-15:53:10	82	964.79	275.415	0	0	1	0	0	0	0	1	0	0	1	6
2013/09/02-15:53:34	82	964.79	275.415	0	0	1	0	0	0	0	1	0	0	1	6
2013/09/02-18:38:37	84	675.176	217.365	0	0	1	0	0	0	0	1	0	0	1	6
2013/09/02-18:39:34	84	675.176	217.365	0	0	1	0	0	0	0	1	0	0	1	6
2013/09/02-18:40:10	84	675.176	217.365	0	0	1	0	0	0	0	1	0	0	1	6
2013/09/02-18:41:30	84	675.176	217.365	0	0	1	0	0	0	0	1	0	0	1	8
2013/09/02-18:42:49	84	675.176	217.365	0	0	1	0	0	0	0	1	0	0	1	6
2013/09/02-18:45:58	84	675.176	217.365	0	0	0	0	0	0	0	1	1	0	0	6
2013/09/02-18:46:23	84	675.176	217.365	0	0	0	0	0	0	0	1	1	0	0	6
2013/09/02-18:46:48	84	675.176	217.365	0	0	1	0	0	0	0	1	0	0	1	6
2013/09/02-18:47:13	78	908.3	172.19	0	0	0	0	0	0	0	1	1	0	0	6
2013/09/02-18:47:37	78	908.3	172.19	0	0	1	0	0	0	0	1	0	0	1	6
2013/09/02-18:59:37	78	908.3	172.19	0	0	1	0	0	0	0	1	0	0	1	6
2013/09/02-19:00:02	78	908.3	172.19	0	0	1	0	0	0	0	1	0	0	1	6
2013/09/02-19:00:27	78	908.3	172.19	0	0	1	0	0	0	0	1	0	0	1	6
2013/09/02-19:00:52	78	908.3	172.19	0	0	0	0	0	0	0	1	1	0	0	6
2013/09/02-19:01:17	78	908.3	172.19	0	0	1	0	0	0	0	1	1	0	0	6
2013/09/03-00:12:59	74	962.486	143.542	0	0	1	0	0	0	0	1	0	0	1	6
2013/09/03-00:13:25	74	962.486	143.542	0	0	1	0	0	0	0	1	0	0	1	6
2013/09/03-00:13:50	74	962.486	143.542	0	0	1	0	0	0	0	1	0	0	1	4
2013/09/03-00:14:15	74	962.486	143.542	0	0	1	0	0	0	0	1	0	0	1	6
2013/09/03-00:14:40	74	962.486	143.542	0	0	1	0	0	0	0	1	0	0	1	6
2013/09/03-00:21:52	74	991.063	125.344	0	0	1	0	0	0	0	1	0	0	1	6
2013/09/03-00:22:17	74	991.063	125.344	0	0	1	0	0	0	0	1	0	0	1	6
2013/09/03-00:22:42	74	991.063	125.344	0	0	0	0	0	0	0	1	1	0	0	6
2013/09/03-00:23:07	74	991.063	125.344	0	0	1	0	0	0	0	1	1	0	0	6
2013/09/03-00:23:32	74	991.063	125.344	0	0	1	0	0	0	0	1	1	0	0	6
2013/09/03-00:33:02	74	991.063	125.344	0	0	1	0	0	0	0	1	0	0	1	6
2013/09/03-00:33:27	74	991.063	125.344	0	0	1	0	0	0	0	1	0	0	1	6
2013/09/03-00:33:52	74	991.063	125.344	0	0	1	0	0	0	0	1	0	0	1	6
2013/09/03-00:34:18	74	991.063	125.344	0	0	1	0	0	0	0	1	0	0	1	6
2013/09/03-00:34:42	74	991.063	125.344	0	0	1	0	0	0	0	1	0	0	1	6
2013/09/03-15:54:55	78	888.541	108.722	0	0	1	0	0	0	0	1	0	0	1	6
2013/09/03-15:55:21	78	888.541	108.722	0	0	1	0	0	0	0	1	0	0	1	6
2013/09/03-15:55:46	78	888.541	108.722	0	0	1	0	0	0	0	1	0	0	1	3
2013/09/03-15:56:11	78	888.541	108.722	0	0	1	0	0	0	0	1	0	0	1	6
2013/09/03-15:56:36	78	888.541	108.722	0	0	1	0	0	0	0	1	0	0	1	4
2013/09/03-16:03:54	78	888.541	108.722	0	0	1	0	0	0	0	1	0	0	1	6
2013/09/03-16:04:19	78	888.541	108.722	0	0	1	0	0	0	0	1	0	0	1	6
2013/09/03-16:04:45	78	888.541	108.722	0	0	1	0	0	0	0	1	0	0	1	6
2013/09/03-16:05:10	78	888.541	108.722	0	0	1	0	0	0	0	1	0	0	1	6
2013/09/03-16:05:35	78	888.541	108.722	0	0	1	0	0	0	0	1	0	0	1	6
2013/09/03-16:13:40	78	906.109	94.094	0	0	1	0	0	0	0	1	0	0	1	6
2013/09/03-16:14:05	78	906.109	94.094	0	0	1	0	0	0	0	1	1	0	0	6
2013/09/03-16:14:30	78	906.109	94.094	0	0	1	0	0	0	0	1	0	0	1	6
2013/09/03-16:14:55	78	906.109	94.094	0	0	1	0	0	0	0	1	0	0	1	6
2013/09/03-16:15:20	78	906.109	94.094	0	0	1	0	0	0	0	1	0	0	1	6
2013/09/03-20:50:47	79	899.247	90.176	0	0	1	0	0	0	0	1	0	0	1	6
2013/09/03-20:51:12	79	899.247	90.176	0	0	1	0	0	0	0	1	0	0	1	6
2013/09/03-20:51:36	79	899.247	90.176	0	0	1	0	0	0	0	1	1	0	0	6
2013/09/03-20:52:01	79	899.247	90.176	0	0	1	0	0	0	0	1	0	0	1	6
2013/09/03-20:52:26	79	899.247	90.176	0	0	1	0	0	0	0	1	0	0	1	6
2013/09/03-20:52:57	79	899.247	90.176	0	0	1	0	0	0	0	1	0	0	1	6
2013/09/03-20:53:28	79	899.247	90.176	0	0	1	0	0	0	0	1	0	0	1	3
2013/09/03-20:54:05	79	899.247	90.176	0	0	1	0	0	0	0	1	0	0	1	6
2013/09/03-20:54:29	79	899.247	90.176	0	0	1	0	0	0	0	1	0	0	1	6
2013/09/03-20:54:54	79	899.247	90.176	0	0	1	0	0	0	0	1	0	0	1	6
2013/09/03-20:55:19	79	899.247	90.176	0	0	1	0	0	0	0	1	1	0	0	6
2013/09/03-21:03:27	79	899.247	90.176	0	0	1	0	0	0	0	1	0	0	1	6
2013/09/03-21:03:51	79	899.247	90.176	0	0	1	0	0	0	0	1	0	0	1	6
2013/09/03-21:04:16	79	899.247	90.176	0	0	1	0	0	0	0	1	0	0	1	6
2013/09/03-21:04:41	79	899.247	90.176	0	0	1	0	0	0	0	1	0	0	1	6
2013/09/03-21:05:06	79	899.247	90.176	0	0	1	0	0	0	0	1	0	0	1	6
2013/09/03-21:05:38	79	899.247	90.176	0	0	1	0	0	0	0	1	0	1	0	6
2013/09/03-21:06:09	79	899.247	90.176	0	0	0	0	0	0	0	1	1	0	0	6
2013/09/04-16:12:54	73	1,025.881	79.992	0	0	1	0	0	0	0	1	0	0	1	6
2013/09/04-16:13:19	73	1,025.881	79.992	0	0	1	0	0	0	0	1	0	0	1	3
2013/09/04-16:13:46	73	1,025.881	79.992	0	0	1	0	0	0	0	1	0	0	1	6
2013/09/04-16:14:11	73	1,025.881	79.992	0	0	1	0	0	0	0	1	0	0	1	6
2013/09/04-16:14:35	73	1,025.881	79.992	0	0	1	0	0	0	0	1	0	0	1	6
2013/09/04-16:24:32	73	1,025.881	79.992	0	0	1	0	0	0	0	1	0	0	1	6
2013/09/04-16:24:57	76	1,002.205	73.197	0	0	1	0	0	0	0	1	0	0	1	6
2013/09/04-16:25:22	76	1,002.205	73.197	0	0	1	0	0	0	0	1	0	0	1	6
2013/09/04-16:25:47	76	1,002.205	73.197	0	0	1	0	0	0	0	1	0	0	1	6
2013/09/04-16:26:12	76	1,002.205	73.197	0	0	0	0	0	0	0	1	1	0	0	6
2013/09/04-16:35:30	76	1,002.205	73.197	0	0	1	0	0	0	0	1	0	0	1	6
2013/09/04-16:35:55	76	1,002.205	73.197	0	0	1	0	0	0	0	1	0	0	1	3
2013/09/04-16:36:20	76	1,002.205	73.197	0	0	1	0	0	0	0	1	0	0	1	6
2013/09/04-16:36:48	76	1,002.205	73.197	0	0	1	0	0	0	0	1	0	0	1	6
2013/09/04-16:37:20	76	1,002.205	73.197	0	0	1	0	0	0	0	1	0	0	1	6
2013/09/04-22:52:42	74	988.953	72.168	0	0	1	0	0	0	0	1	0	0	1	6
2013/09/04-22:53:08	74	988.953	72.168	0	0	1	0	0	0	0	1	0	0	1	6
2013/09/04-22:53:44	74	988.953	72.168	0	0	1	0	0	0	0	1	1	0	0	6
2013/09/04-22:54:09	74	988.953	72.168	0	0	1	0	0	0	0	1	0	0	1	3
2013/09/04-22:54:34	74	988.953	72.168	0	0	1	0	0	0	0	1	0	0	1	6
2013/09/04-23:03:28	74	988.953	72.168	0	0	1	0	0	0	0	1	0	0	1	6
2013/09/04-23:03:53	74	988.953	72.168	0	0	1	0	0	0	0	1	0	0	1	6
2013/09/04-23:04:18	74	988.953	72.168	0	0	1	0	0	0	0	1	0	0	1	6
2013/09/04-23:04:42	74	988.953	72.168	0	0	1	0	0	0	0	1	0	0	1	3
2013/09/04-23:05:07	74	988.953	72.168	0	0	0	0	0	0	0	1	1	0	0	6
2013/09/04-23:13:48	74	995.112	64.635	0	0	0	0	0	0	0	1	1	0	0	6
2013/09/04-23:14:13	74	995.112	64.635	0	0	1	0	0	0	0	1	0	0	1	6
2013/09/04-23:14:38	74	995.112	64.635	0	0	1	0	0	0	0	1	0	0	1	3
2013/09/04-23:15:03	74	995.112	64.635	0	0	1	0	0	0	0	1	0	0	1	6
2013/09/04-23:15:28	74	995.112	64.635	0	0	0	0	0	0	0	1	1	0	0	6
2013/09/05-03:31:24	73	1,005.52	66.753	0	0	1	0	0	0	0	1	0	0	1	5
2013/09/05-03:31:49	73	1,005.52	66.753	0	0	1	0	0	0	0	1	0	0	1	6
2013/09/05-03:32:18	73	1,005.52	66.753	0	0	1	0	0	0	0	1	0	0	1	6
2013/09/05-03:32:43	73	1,005.52	66.753	0	0	1	0	0	0	0	1	0	0	1	6
2013/09/05-03:33:08	73	1,005.52	66.753	0	0	1	0	0	0	0	1	0	0	1	6
2013/09/05-03:45:14	73	992.68	62.923	0	0	1	0	0	0	0	1	0	0	1	6
2013/09/05-03:45:39	73	992.68	62.923	0	0	1	0	0	0	0	1	0	0	1	6
2013/09/05-03:46:04	73	992.68	62.923	0	0	1	0	0	0	0	1	0	0	1	6
2013/09/05-03:46:29	73	992.68	62.923	0	0	1	0	0	0	0	1	0	0	1	6
2013/09/05-03:46:54	73	992.68	62.923	0	0	1	0	0	0	0	1	0	0	1	6
2013/09/05-03:52:25	73	992.68	62.923	0	0	1	0	0	0	0	1	0	0	1	6
2013/09/05-03:52:50	73	992.68	62.923	0	0	0	0	0	0	0	1	1	0	0	6
2013/09/05-03:53:15	73	992.68	62.923	0	0	1	0	0	0	0	1	0	0	1	6
2013/09/05-03:53:40	73	992.68	62.923	0	0	1	0	0	0	0	1	1	0	0	6
2013/09/05-03:54:05	73	992.68	62.923	0	0	1	0	0	0	0	1	0	0	1	6
2013/09/06-01:12:51	77	982.542	63.345	0	0	1	0	0	0	0	1	0	0	1	6
2013/09/06-01:13:15	77	982.542	63.345	0	0	1	0	0	0	0	1	0	0	1	6
2013/09/06-01:13:40	77	982.542	63.345	0	0	1	0	0	0	0	1	0	0	1	6
2013/09/06-01:14:08	77	982.542	63.345	0	0	1	0	0	0	0	1	0	0	1	6
2013/09/06-01:14:33	77	982.542	63.345	0	0	1	0	0	0	0	1	0	0	1	6
2013/09/06-01:19:34	80	958.425	60.046	0	0	1	0	0	0	0	1	0	0	1	6
2013/09/06-01:19:59	80	958.425	60.046	0	0	1	0	0	0	0	1	0	0	1	6
2013/09/06-01:20:24	80	958.425	60.046	0	0	1	0	0	0	0	1	0	0	1	6
2013/09/06-01:20:48	80	958.425	60.046	0	0	0	0	0	0	0	1	1	0	0	6
2013/09/06-01:21:13	80	958.425	60.046	0	0	1	0	0	0	0	1	0	0	1	6
2013/09/06-01:30:08	80	958.425	60.046	0	0	0	0	0	0	0	1	1	0	0	6
2013/09/06-01:30:33	80	958.425	60.046	0	0	1	0	0	0	0	1	0	0	1	6
2013/09/06-01:30:58	80	958.425	60.046	0	0	1	0	0	0	0	1	0	0	1	6
2013/09/06-01:31:22	80	958.425	60.046	0	0	1	0	0	0	0	1	0	0	1	6
2013/09/06-01:31:47	80	958.425	60.046	0	0	1	0	0	0	0	1	0	0	1	6
2013/09/09-08:40:29	78	971.978	71.014	0	0	1	0	0	0	0	1	0	1	0	0
2013/09/09-08:45:57	78	971.978	71.014	0	0	1	0	0	0	0	1	0	0	1	6
2013/09/09-08:46:24	78	971.978	71.014	0	0	1	0	0	0	0	1	0	0	1	6
2013/09/09-08:46:54	78	971.978	71.014	0	0	1	0	0	0	0	1	0	0	1	6
2013/09/09-08:47:24	78	971.978	71.014	0	0	1	0	0	0	0	1	0	0	1	6
2013/09/09-08:47:56	78	971.978	71.014	0	0	0	0	0	0	0	1	1	0	0	6
2013/09/09-08:51:12	78	971.978	71.014	0	0	1	0	0	0	0	1	0	0	1	6
2013/09/09-08:51:37	78	971.978	71.014	0	0	1	0	0	0	0	1	0	0	1	6
2013/09/09-08:52:02	78	971.978	71.014	0	0	1	0	0	0	0	1	0	0	1	6
2013/09/09-08:52:27	78	971.978	71.014	0	0	1	0	0	0	0	1	0	0	1	6
2013/09/09-09:09:45	78	971.978	71.014	0	0	1	0	0	0	0	1	0	0	1	6
2013/09/09-20:30:45	78	971.978	71.014	0	0	1	0	0	0	0	1	0	0	1	6
2013/09/09-20:31:11	78	971.978	71.014	0	0	1	0	0	0	0	1	0	0	1	6
2013/09/09-20:31:36	78	971.978	71.014	0	0	1	0	0	0	0	1	0	0	1	6
2013/09/09-20:32:01	78	971.978	71.014	0	0	1	0	0	0	0	1	0	0	1	6
2013/09/09-20:32:25	78	971.978	71.014	0	0	1	0	0	0	0	1	0	0	1	6
2013/09/09-22:05:12	82	931.573	61.249	0	0	1	0	0	0	0	1	0	0	1	6
2013/09/09-22:05:55	82	931.573	61.249	0	0	1	0	0	0	0	1	0	0	1	6
2013/09/09-22:07:01	82	931.573	61.249	0	0	1	0	0	0	0	1	0	0	1	6
2013/09/09-22:07:29	82	931.573	61.249	0	0	1	0	0	0	0	1	0	0	1	6
2013/09/09-22:07:55	82	931.573	61.249	0	0	1	0	0	0	0	1	0	0	1	6
2013/09/09-22:16:22	82	931.573	61.249	0	0	0	0	0	0	0	1	1	0	0	6
2013/09/09-22:16:46	82	931.573	61.249	0	0	0	0	0	0	0	1	1	0	0	6
2013/09/09-22:17:11	82	931.573	61.249	0	0	1	0	0	0	0	1	0	0	1	6
2013/09/09-22:17:36	82	931.573	61.249	0	0	1	0	0	0	0	1	0	0	1	6
2013/09/09-22:18:01	82	931.573	61.249	0	0	1	0	0	0	0	1	0	0	1	6
2013/09/09-22:30:40	82	936.935	56.917	0	0	1	0	0	0	0	1	0	0	1	6
2013/09/09-22:31:05	82	936.935	56.917	0	0	1	0	0	0	0	1	0	0	1	6
2013/09/09-22:31:30	82	936.935	56.917	0	0	1	0	0	0	0	1	0	0	1	6
2013/09/09-22:31:55	82	936.935	56.917	0	0	1	0	0	0	0	1	0	0	1	6
2013/09/09-22:32:20	82	936.935	56.917	0	0	1	0	0	0	0	1	0	0	1	6
2013/09/11-14:30:49	80	923.85	68.482	0	0	1	0	0	0	0	1	0	0	1	6
2013/09/11-14:31:20	80	923.85	68.482	0	0	1	0	0	0	0	1	0	0	1	6
2013/09/11-14:31:51	80	923.85	68.482	0	0	1	0	0	0	0	1	0	0	1	6
2013/09/11-14:32:16	80	923.85	68.482	0	0	1	0	0	0	0	1	0	0	1	6
2013/09/11-14:32:42	80	923.85	68.482	0	0	1	0	0	0	0	1	0	0	1	6
2013/09/11-14:38:31	80	923.85	68.482	0	0	1	0	0	0	0	1	0	0	1	6
2013/09/11-14:38:57	80	923.85	68.482	0	0	1	0	0	0	0	1	0	0	1	6
2013/09/11-14:39:23	80	923.85	68.482	0	0	1	0	0	0	0	1	0	0	1	6
2013/09/11-14:39:53	80	923.85	68.482	0	0	1	0	0	0	0	1	0	0	1	6
2013/09/11-14:41:12	80	923.85	68.482	0	0	0	0	0	0	0	1	1	0	0	6
2013/09/11-14:50:59	82	901.486	62.306	0	0	1	0	0	0	0	1	0	0	1	6
2013/09/11-14:51:24	82	901.486	62.306	0	0	1	0	0	0	0	1	0	0	1	6
2013/09/11-14:51:49	82	901.486	62.306	0	0	1	0	0	0	0	1	0	0	1	6
2013/09/11-14:52:13	82	901.486	62.306	0	0	0	0	0	0	0	1	1	0	0	6
2013/09/11-14:52:38	82	901.486	62.306	0	0	1	0	0	0	0	1	0	0	1	6
2013/09/11-16:20:22	82	901.486	62.306	0	0	1	0	0	0	0	1	0	0	1	6
2013/09/11-16:20:47	82	901.486	62.306	0	0	1	0	0	0	0	1	0	0	1	6
2013/09/11-16:22:06	82	901.486	62.306	0	0	1	0	0	0	0	1	0	0	1	6
2013/09/11-16:24:02	82	901.486	62.306	0	0	1	0	0	0	0	1	0	0	1	6
2013/09/11-16:25:21	82	901.486	62.306	0	0	1	0	0	0	0	1	0	0	1	6
2013/09/11-16:33:54	80	918.324	58.171	0	0	1	0	0	0	0	1	0	0	1	6
2013/09/11-16:34:19	80	918.324	58.171	0	0	1	0	0	0	0	1	0	0	1	6
2013/09/11-16:34:44	80	918.324	58.171	0	0	0	0	0	0	0	1	1	0	0	6
2013/09/11-16:35:09	80	918.324	58.171	0	0	1	0	0	0	0	1	0	0	1	6
2013/09/11-16:35:33	80	918.324	58.171	0	0	1	0	0	0	0	1	0	0	1	6
2013/09/11-16:48:24	80	918.324	58.171	0	0	1	0	0	0	0	1	0	0	1	6
2013/09/11-16:48:49	80	918.324	58.171	0	0	0	0	0	0	0	1	1	0	0	6
2013/09/11-16:49:14	80	918.324	58.171	0	0	0	0	0	0	0	1	1	0	0	6
2013/09/11-16:49:39	80	918.324	58.171	0	0	1	0	0	0	0	1	1	0	0	6
2013/09/11-16:50:04	80	918.324	58.171	0	0	1	0	0	0	0	1	0	0	1	6
2013/09/12-08:36:36	80	927.445	58.838	0	0	1	0	0	0	0	1	0	0	1	6
2013/09/12-08:37:55	80	927.445	58.838	0	0	1	0	0	0	0	1	0	0	1	6
2013/09/12-08:38:27	80	927.445	58.838	0	0	1	0	0	0	0	1	0	0	1	6
2013/09/12-08:39:37	80	927.445	58.838	0	0	1	0	0	0	0	1	0	0	1	6
2013/09/12-08:40:02	80	927.445	58.838	0	0	1	0	0	0	0	1	0	0	1	8
2013/09/12-08:47:32	82	908.518	56.445	0	0	1	0	0	0	0	1	0	0	1	6
2013/09/12-08:47:57	82	908.518	56.445	0	0	1	0	0	0	0	1	0	0	1	6
2013/09/12-08:48:23	82	908.518	56.445	0	0	1	0	0	0	0	1	0	0	1	6
2013/09/12-08:48:49	82	908.518	56.445	0	0	1	0	0	0	0	1	0	0	1	6
2013/09/12-08:50:55	82	908.518	56.445	0	0	0	0	0	0	0	1	1	0	0	6
2013/09/12-09:00:14	82	908.518	56.445	0	0	1	0	0	0	0	1	0	0	1	6
2013/09/12-09:00:42	82	908.518	56.445	0	0	1	0	0	0	0	1	0	0	1	6
2013/09/12-09:01:07	82	908.518	56.445	0	0	1	0	0	0	0	1	0	0	1	6
2013/09/12-09:01:32	82	908.518	56.445	0	0	1	0	0	0	0	1	0	0	1	6
2013/09/12-09:01:57	82	908.518	56.445	0	0	1	0	0	0	0	1	0	0	1	8
2013/09/13-23:05:43	82	914.641	71.228	0	0	1	0	0	0	0	1	0	0	1	6
2013/09/13-23:07:02	82	914.641	71.228	0	0	1	0	0	0	0	1	0	0	1	6
2013/09/13-23:07:50	82	914.641	71.228	0	0	1	0	0	0	0	1	0	0	1	6
2013/09/13-23:09:08	82	914.641	71.228	0	0	1	0	0	0	0	1	0	0	1	6
2013/09/13-23:10:01	82	914.641	71.228	0	0	1	0	0	0	0	1	0	0	1	6
2013/09/13-23:11:26	82	914.641	71.228	0	0	1	0	0	0	0	1	0	0	1	6
2013/09/13-23:11:54	82	914.641	71.228	0	0	1	0	0	0	0	1	0	0	1	6
2013/09/13-23:13:13	82	914.641	71.228	0	0	1	0	0	0	0	1	0	0	1	6
2013/09/13-23:14:04	82	914.641	71.228	0	0	1	0	0	0	0	1	0	0	1	6
2013/09/13-23:15:23	82	914.641	71.228	0	0	1	0	0	0	0	1	0	0	1	6
2013/09/13-23:33:57	82	914.641	71.228	0	0	1	0	0	0	0	1	0	0	1	6
2013/09/13-23:34:22	82	914.641	71.228	0	0	1	0	0	0	0	1	0	0	1	6
2013/09/13-23:34:47	82	914.641	71.228	0	0	1	0	0	0	0	1	0	0	1	6
2013/09/13-23:35:12	82	914.641	71.228	0	0	1	0	0	0	0	1	0	0	1	6
2013/09/13-23:35:37	82	867.838	65.022	0	0	1	0	0	0	0	1	0	0	1	6
2013/09/14-05:32:40	82	866.2	69.156	0	0	1	0	0	0	0	1	0	0	1	6
2013/09/14-05:33:59	82	866.2	69.156	0	0	1	0	0	0	0	1	0	0	1	6
2013/09/14-05:35:00	82	866.2	69.156	0	0	1	0	0	0	0	1	0	0	1	6
2013/09/14-05:36:19	82	866.2	69.156	0	0	1	0	0	0	0	1	0	0	1	6
2013/09/14-05:37:37	82	866.2	69.156	0	0	1	0	0	0	0	1	0	0	1	6
2013/09/14-05:38:42	82	866.2	69.156	0	0	1	0	0	0	0	1	0	0	1	6
2013/09/14-05:39:26	82	866.2	69.156	0	0	1	0	0	0	0	1	0	0	1	6
2013/09/14-05:39:55	82	866.2	69.156	0	0	1	0	0	0	0	1	0	0	1	6
2013/09/14-05:40:34	82	866.2	69.156	0	0	1	0	0	0	0	1	0	0	1	6
2013/09/14-05:41:02	82	866.2	69.156	0	0	1	0	0	0	0	1	0	0	1	6
2013/09/14-05:56:55	82	866.623	65.701	0	0	1	0	0	0	0	1	0	0	1	6
2013/09/14-05:57:20	82	866.623	65.701	0	0	1	0	0	0	0	1	1	0	0	6
2013/09/14-05:57:45	82	866.623	65.701	0	0	0	0	0	0	0	1	1	0	0	6
2013/09/14-05:58:09	82	866.623	65.701	0	0	1	0	0	0	0	1	0	0	1	6
2013/09/14-05:58:34	82	866.623	65.701	0	0	0	0	0	0	0	1	1	0	0	6
2013/09/14-10:28:41	81	905.263	64.45	0	0	1	0	0	0	0	1	0	0	1	6
2013/09/14-10:29:27	81	905.263	64.45	0	0	1	0	0	0	0	1	0	0	1	6
2013/09/14-10:30:23	81	905.263	64.45	0	0	1	0	0	0	0	1	0	0	1	6
2013/09/14-10:30:55	81	905.263	64.45	0	0	1	0	0	0	0	1	0	0	1	6
2013/09/14-10:31:51	81	905.263	64.45	0	0	1	0	0	0	0	1	0	0	1	6
2013/09/14-10:43:30	81	905.263	64.45	0	0	1	0	0	0	0	1	0	0	1	6
2013/09/14-10:44:10	81	905.263	64.45	0	0	1	0	0	0	0	1	0	0	1	6
2013/09/14-10:44:44	81	905.263	64.45	0	0	1	0	0	0	0	1	0	0	1	6
2013/09/14-10:45:09	81	905.263	64.45	0	0	1	0	0	0	0	1	0	0	1	6
2013/09/14-10:45:45	81	905.263	64.45	0	0	1	0	0	0	0	1	0	0	1	6
2013/09/14-10:56:55	81	909.635	62.161	0	0	1	0	0	0	0	1	0	0	1	6
2013/09/14-10:57:19	81	909.635	62.161	0	0	1	0	0	0	0	1	0	0	1	6
2013/09/14-10:57:44	81	909.635	62.161	0	0	1	0	0	0	0	1	0	0	1	6
2013/09/14-10:58:09	81	909.635	62.161	0	0	0	0	0	0	0	1	1	0	0	6
2013/09/14-10:58:34	81	909.635	62.161	0	0	1	0	0	0	0	1	0	0	1	6
2013/09/14-14:34:23	81	930.238	63.573	0	0	1	0	0	0	0	1	0	0	1	6
2013/09/14-14:35:29	81	930.238	63.573	0	0	1	0	0	0	0	1	0	0	1	6
2013/09/14-14:36:08	81	930.238	63.573	0	0	1	0	0	0	0	1	0	0	1	6
2013/09/14-14:37:11	81	930.238	63.573	0	0	1	0	0	0	0	1	0	0	1	6
2013/09/14-14:38:07	81	930.238	63.573	0	0	1	0	0	0	0	1	0	0	1	6
2013/09/14-14:49:15	81	930.238	63.573	0	0	1	0	0	0	0	1	0	0	1	6
2013/09/14-14:50:34	81	930.238	63.573	0	0	1	0	0	0	0	1	0	0	1	6
2013/09/14-14:51:06	81	930.238	63.573	0	0	1	0	0	0	0	1	0	0	1	6
2013/09/14-14:52:25	81	930.238	63.573	0	0	1	0	0	0	0	1	0	0	1	6
2013/09/14-14:53:44	81	930.238	63.573	0	0	1	0	0	0	0	1	0	0	1	6
2013/09/14-14:55:09	81	930.238	63.573	0	0	0	0	0	0	0	1	1	0	0	6
2013/09/14-15:07:05	81	930.238	63.573	0	0	1	0	0	0	0	1	0	0	1	6
2013/09/14-15:07:30	81	930.238	63.573	0	0	1	0	0	0	0	1	0	0	1	6
2013/09/14-15:07:55	81	930.238	63.573	0	0	1	0	0	0	0	1	0	0	1	6
2013/09/14-15:08:20	81	930.238	63.573	0	0	1	0	0	0	0	1	0	0	1	6
2013/09/14-15:08:45	80	928.192	59.083	0	0	1	0	0	0	0	1	0	0	1	6
2013/09/14-19:18:11	80	933.901	64.023	0	0	1	0	0	0	0	1	0	0	1	6
2013/09/14-19:18:42	80	933.901	64.023	0	0	1	0	0	0	0	1	0	0	1	6
2013/09/14-19:19:13	80	933.901	64.023	0	0	1	0	0	0	0	1	0	0	1	6
2013/09/14-19:20:02	80	933.901	64.023	0	0	1	0	0	0	0	1	0	0	1	6
2013/09/14-19:20:27	80	933.901	64.023	0	0	1	0	0	0	0	1	0	0	1	6
2013/09/14-19:30:12	80	933.901	64.023	0	0	1	0	0	0	0	1	0	0	1	6
2013/09/14-19:30:37	80	933.901	64.023	0	0	1	0	0	0	0	1	0	0	1	6
2013/09/14-19:31:02	80	933.901	64.023	0	0	1	0	0	0	0	1	0	0	1	6
2013/09/14-19:31:27	80	933.901	64.023	0	0	1	0	0	0	0	1	0	0	1	6
2013/09/14-19:31:52	80	933.901	64.023	0	0	0	0	0	0	0	1	1	0	0	6
2013/09/14-19:43:48	79	941.959	59.644	0	0	1	0	0	0	0	1	1	0	0	6
2013/09/14-19:44:13	79	941.959	59.644	0	0	1	0	0	0	0	1	0	0	1	11
2013/09/14-19:44:42	79	941.959	59.644	0	0	1	0	0	0	0	1	0	0	1	6
2013/09/14-19:45:07	79	941.959	59.644	0	0	0	0	0	0	0	1	1	0	0	6
2013/09/14-19:45:32	79	941.959	59.644	0	0	0	0	0	0	0	1	1	0	0	6
2013/09/15-00:29:31	77	959.428	62.201	0	0	1	0	0	0	0	1	0	0	1	6
2013/09/15-00:29:57	77	959.428	62.201	0	0	1	0	0	0	0	1	0	0	1	6
2013/09/15-00:30:23	77	959.428	62.201	0	0	1	0	0	0	0	1	0	0	1	6
2013/09/15-00:31:42	77	959.428	62.201	0	0	1	0	0	0	0	1	0	0	1	6
2013/09/15-00:32:18	77	959.428	62.201	0	0	1	0	0	0	0	1	0	0	1	6
2013/09/15-00:42:38	77	952.225	60.7	0	0	1	0	0	0	0	1	0	0	1	6
2013/09/15-00:43:03	77	952.225	60.7	0	0	1	0	0	0	0	1	0	0	1	6
2013/09/15-00:43:28	77	952.225	60.7	0	0	1	0	0	0	0	1	0	0	1	6
2013/09/15-00:43:53	77	952.225	60.7	0	0	1	0	0	0	0	1	0	0	1	6
2013/09/15-00:44:18	77	952.225	60.7	0	0	1	0	0	0	0	1	0	0	1	6
2013/09/15-08:54:37	77	952.225	60.7	0	0	1	0	0	0	0	1	0	0	1	6
2013/09/15-08:55:03	77	952.225	60.7	0	0	1	0	0	0	0	1	0	0	1	6
2013/09/15-08:55:28	77	952.225	60.7	0	0	0	0	0	0	0	1	1	0	0	6
2013/09/15-08:55:53	77	952.225	60.7	0	0	1	0	0	0	0	1	0	0	1	6
2013/09/15-08:56:18	77	952.225	60.7	0	0	0	0	0	0	0	1	1	0	0	6
2013/09/15-15:54:17	79	951.797	62.985	0	0	1	0	0	0	0	1	0	0	1	6
2013/09/15-15:54:42	79	951.797	62.985	0	0	1	0	0	0	0	1	0	0	1	6
2013/09/15-15:55:11	79	951.797	62.985	0	0	1	0	0	0	0	1	0	0	1	6
2013/09/15-15:55:36	79	951.797	62.985	0	0	1	0	0	0	0	1	0	0	1	6
2013/09/15-15:56:05	79	951.797	62.985	0	0	0	0	0	0	0	1	1	0	0	6
2013/09/15-16:07:10	79	960.038	59.833	0	0	1	0	0	0	0	1	0	0	1	6
2013/09/15-16:07:35	79	960.038	59.833	0	0	1	0	0	0	0	1	0	0	1	6
2013/09/15-16:08:01	79	960.038	59.833	0	0	1	0	0	0	0	1	0	0	1	6
2013/09/15-16:08:27	79	960.038	59.833	0	0	1	0	0	0	0	1	0	0	1	6
2013/09/15-16:08:53	79	960.038	59.833	0	0	1	0	0	0	0	1	0	0	1	6
2013/09/15-16:14:11	79	960.038	59.833	0	0	1	0	0	0	0	1	0	0	1	6
2013/09/15-16:14:36	79	960.038	59.833	0	0	1	0	0	0	0	1	1	0	0	6
2013/09/15-16:15:01	79	960.038	59.833	0	0	1	0	0	0	0	1	0	0	1	6
2013/09/15-16:15:26	79	960.038	59.833	0	0	0	0	0	0	0	1	1	0	0	6
2013/09/15-16:15:51	79	960.038	59.833	0	0	1	0	0	0	0	1	0	0	1	6
2013/09/15-22:03:25	78	974.894	62.418	0	0	1	0	0	0	0	1	0	0	1	6
2013/09/15-22:03:51	78	974.894	62.418	0	0	1	0	0	0	0	1	0	0	1	6
2013/09/15-22:04:16	78	974.894	62.418	0	0	1	0	0	0	0	1	0	0	1	6
2013/09/15-22:04:41	78	974.894	62.418	0	0	1	0	0	0	0	1	0	0	1	6
2013/09/15-22:05:06	78	974.894	62.418	0	0	1	0	0	0	0	1	0	0	1	6
2013/09/15-22:08:05	78	974.894	62.418	0	0	1	0	0	0	0	1	0	0	1	6
2013/09/15-22:08:30	78	974.894	62.418	0	0	1	0	0	0	0	1	0	0	1	6
2013/09/15-22:08:55	78	974.894	62.418	0	0	1	0	0	0	0	1	0	0	1	6
2013/09/15-22:09:20	78	974.894	62.418	0	0	1	0	0	0	0	1	0	0	1	6
2013/09/15-22:09:45	78	974.894	62.418	0	0	1	0	0	0	0	1	0	0	1	6
2013/09/15-22:17:27	78	974.894	62.418	0	0	0	0	0	0	0	1	1	0	0	6
2013/09/15-22:17:52	78	974.894	62.418	0	0	1	0	0	0	0	1	0	0	1	6
2013/09/15-22:18:17	79	968.026	56.325	0	0	1	0	0	0	0	1	1	0	0	6
2013/09/15-22:18:42	79	968.026	56.325	0	0	1	0	0	0	0	1	0	0	1	6
2013/09/15-22:19:07	79	968.026	56.325	0	0	1	0	0	0	0	1	0	0	1	6
2013/09/16-21:30:51	80	967.669	61.161	0	0	1	0	0	0	0	1	0	0	1	6
2013/09/16-21:31:16	80	967.669	61.161	0	0	1	0	0	0	0	1	0	0	1	6
2013/09/16-21:31:42	80	967.669	61.161	0	0	1	0	0	0	0	1	0	0	1	6
2013/09/16-21:32:09	80	967.669	61.161	0	0	1	0	0	0	0	1	0	0	1	6
2013/09/16-21:32:34	80	967.669	61.161	0	0	1	0	0	0	0	1	0	0	1	6
2013/09/16-21:37:29	81	963.076	58.381	0	0	0	0	0	0	0	1	1	0	0	6
2013/09/16-21:37:54	81	963.076	58.381	0	0	1	0	0	0	0	1	0	0	1	6
2013/09/16-21:38:19	81	963.076	58.381	0	0	1	0	0	0	0	1	0	0	1	6
2013/09/16-21:38:44	81	963.076	58.381	0	0	1	0	0	0	0	1	0	0	1	6
2013/09/16-21:39:09	81	963.076	58.381	0	0	1	0	0	0	0	1	0	0	1	6
2013/09/16-21:49:32	81	963.076	58.381	0	0	1	0	0	0	0	1	0	0	1	6
2013/09/16-21:49:57	81	963.076	58.381	0	0	0	0	0	0	0	1	1	0	0	6
2013/09/16-21:50:22	81	963.076	58.381	0	0	1	0	0	0	0	1	0	0	1	6
2013/09/16-21:50:47	81	963.076	58.381	0	0	0	0	0	0	0	1	1	0	0	6
2013/09/16-21:51:12	81	963.076	58.381	0	0	1	0	0	0	0	1	0	0	1	6
2013/09/17-18:41:46	77	992.05	58.427	0	0	1	0	0	0	0	1	0	0	1	6
2013/09/17-18:42:32	77	992.05	58.427	0	0	1	0	0	0	0	1	0	1	0	3
2013/09/17-18:45:13	77	992.05	58.427	0	0	1	0	0	0	0	1	1	0	0	1
2013/09/17-18:48:42	77	992.05	58.427	0	0	1	0	0	0	0	1	0	0	1	6
2013/09/17-18:49:07	77	992.05	58.427	0	0	1	0	0	0	0	1	0	0	1	6
2013/09/17-20:16:26	77	992.05	58.427	0	0	1	0	0	0	0	1	0	0	1	6
2013/09/17-20:16:51	77	992.05	58.427	0	0	0	0	0	0	0	1	1	0	0	6
2013/09/17-20:17:16	77	992.05	58.427	0	0	1	0	0	0	0	1	0	0	1	6
2013/09/17-20:17:41	77	992.05	58.427	0	0	1	0	0	0	0	1	0	0	1	6
2013/09/17-20:18:09	77	992.05	58.427	0	0	1	0	0	0	0	1	0	0	1	6
2013/09/17-20:28:29	77	992.892	53.764	0	0	1	0	0	0	0	1	0	0	1	6
2013/09/17-20:28:54	77	992.892	53.764	0	0	0	0	0	0	0	1	1	0	0	6
2013/09/17-20:29:19	77	992.892	53.764	0	0	1	0	0	0	0	1	0	0	1	6
2013/09/17-20:29:44	77	992.892	53.764	0	0	0	0	0	0	0	1	1	0	0	6
2013/09/17-20:30:09	77	992.892	53.764	0	0	1	0	0	0	0	1	0	0	1	6
2013/09/18-09:09:00	77	1,008.774	58.271	0	0	1	0	0	0	0	1	0	0	1	6
2013/09/18-09:09:27	77	1,008.774	58.271	0	0	1	0	0	0	0	1	0	0	1	6
2013/09/18-09:09:52	77	1,008.774	58.271	0	0	1	0	0	0	0	1	0	0	1	6
2013/09/18-09:10:17	78	1,000.22	56.673	0	0	1	0	0	0	0	1	0	0	1	6
2013/09/18-09:10:42	78	1,000.22	56.673	0	0	1	0	0	0	0	1	0	0	1	6
2013/09/18-09:16:23	78	1,000.22	56.673	0	0	1	0	0	0	0	1	0	0	1	6
2013/09/18-09:16:48	78	1,000.22	56.673	0	0	0	0	0	0	0	1	1	0	0	6
2013/09/18-09:17:13	78	1,000.22	56.673	0	0	0	0	0	0	0	1	1	0	0	6
2013/09/18-09:17:38	78	1,000.22	56.673	0	0	1	0	0	0	0	1	0	0	1	4
2013/09/18-09:18:03	78	1,000.22	56.673	0	0	1	0	0	0	0	1	0	0	1	6
2013/09/18-11:15:18	79	995.252	53.284	0	0	1	0	0	0	0	1	0	0	1	6
2013/09/18-11:15:43	79	995.252	53.284	0	0	1	0	0	0	0	1	0	0	1	6
2013/09/18-11:16:08	79	995.252	53.284	0	0	1	0	0	0	0	1	0	0	1	6
2013/09/18-11:16:33	79	995.252	53.284	0	0	1	0	0	0	0	1	0	0	1	3
2013/09/18-11:16:58	79	995.252	53.284	0	0	1	0	0	0	0	1	0	0	1	6
2013/09/18-16:06:17	80	985.007	57.957	0	0	1	0	0	0	0	1	0	0	1	6
2013/09/18-16:06:42	80	985.007	57.957	0	0	1	0	0	0	0	1	0	0	1	6
2013/09/18-16:07:07	80	985.007	57.957	0	0	1	0	0	0	0	1	0	0	1	6
2013/09/18-16:07:32	80	985.007	57.957	0	0	1	0	0	0	0	1	0	0	1	6
2013/09/18-16:07:57	80	985.007	57.957	0	0	1	0	0	0	0	1	0	0	1	6
2013/09/18-16:10:38	78	992.554	55.391	0	0	1	0	0	0	0	1	0	0	1	6
2013/09/18-16:11:03	78	992.554	55.391	0	0	1	0	0	0	0	1	0	0	1	6
2013/09/18-16:11:28	78	992.554	55.391	0	0	1	0	0	0	0	1	0	0	1	6
2013/09/18-16:11:53	78	992.554	55.391	0	0	1	0	0	0	0	1	0	0	1	6
2013/09/18-16:12:17	78	992.554	55.391	0	0	1	0	0	0	0	1	0	0	1	6
2013/09/18-16:17:20	78	992.554	55.391	0	0	1	0	0	0	0	1	0	0	1	3
2013/09/18-16:17:45	78	992.554	55.391	0	0	0	0	0	0	0	1	1	0	0	6
2013/09/18-16:18:10	78	992.554	55.391	0	0	1	0	0	0	0	1	0	0	1	6
2013/09/18-16:18:34	78	992.554	55.391	0	0	1	0	0	0	0	1	0	0	1	6
2013/09/18-16:19:00	78	992.554	55.391	0	0	0	0	0	0	0	1	1	0	0	6
2013/09/19-00:10:56	78	997.176	57.042	0	0	1	0	0	0	0	1	0	0	1	6
2013/09/19-00:11:30	78	997.176	57.042	0	0	1	0	0	0	0	1	0	0	1	3
2013/09/19-00:12:06	78	997.176	57.042	0	0	1	0	0	0	0	1	0	0	1	3
2013/09/19-00:12:52	78	997.176	57.042	0	0	1	0	0	0	0	1	0	0	1	6
2013/09/19-00:14:11	79	1,003.23	56.891	0	0	1	0	0	0	0	1	0	0	1	6
2013/09/19-00:23:52	79	1,003.23	56.891	0	0	1	0	0	0	0	1	0	0	1	3
2013/09/19-00:24:29	79	1,003.23	56.891	0	0	1	0	0	0	0	1	0	0	1	6
2013/09/19-00:24:57	79	1,003.23	56.891	0	0	1	0	0	0	0	1	0	0	1	6
2013/09/19-00:25:29	79	1,003.23	56.891	0	0	1	0	0	0	0	1	0	0	1	6
2013/09/19-00:26:08	79	1,003.23	56.891	0	0	1	0	0	0	0	1	0	0	1	6
2013/09/19-00:38:19	79	1,003.23	56.891	0	0	1	0	0	0	0	1	0	0	1	6
2013/09/19-00:38:44	79	1,003.23	56.891	0	0	1	0	0	0	0	1	0	0	1	6
2013/09/19-00:39:09	79	1,003.23	56.891	0	0	1	0	0	0	0	1	0	0	1	9
2013/09/19-07:17:36	79	1,003.23	56.891	0	0	1	0	0	0	0	1	0	0	1	6
2013/09/19-07:18:01	79	1,003.23	56.891	0	0	1	0	0	0	0	1	0	0	1	6
2013/09/19-08:23:24	78	1,002.775	54.991	0	0	1	0	0	0	0	1	0	0	1	6
2013/09/19-08:24:42	78	1,002.775	54.991	0	0	1	0	0	0	0	1	0	0	1	3
2013/09/19-08:25:04	78	1,002.775	54.991	0	0	1	0	0	0	0	1	0	0	1	3
2013/09/19-08:25:43	78	1,002.775	54.991	0	0	1	0	0	0	0	1	0	0	1	6
2013/09/19-08:26:37	78	1,002.775	54.991	0	0	1	0	0	0	0	1	0	0	1	6
2013/09/19-08:34:23	78	1,002.775	54.991	0	0	1	0	0	0	0	1	0	0	1	3
2013/09/19-08:34:46	78	1,002.775	54.991	0	0	1	0	0	0	0	1	0	0	1	6
2013/09/19-08:35:20	78	1,002.775	54.991	0	0	1	0	0	0	0	1	0	0	1	4
2013/09/19-08:35:51	78	1,002.775	54.991	0	0	1	0	0	0	0	1	0	0	1	6
2013/09/19-08:36:16	78	1,002.775	54.991	0	0	1	0	0	0	0	1	0	0	1	6
2013/09/19-08:50:58	78	1,014.202	53.052	0	0	1	0	0	0	0	1	0	0	1	6
2013/09/19-08:51:23	78	1,014.202	53.052	0	0	0	0	0	0	0	1	1	0	0	6
2013/09/19-08:51:48	78	1,014.202	53.052	0	0	1	0	0	0	0	1	0	0	1	6
2013/09/19-08:52:13	78	1,014.202	53.052	0	0	0	0	0	0	0	1	1	0	0	6
2013/09/19-08:52:38	78	1,014.202	53.052	0	0	1	0	0	0	0	1	0	0	1	6
2013/09/19-11:24:04	78	1,023.094	54.94	0	0	1	0	0	0	0	1	0	0	1	5
2013/09/19-11:24:36	78	1,023.094	54.94	0	0	1	0	0	0	0	1	0	0	1	6
2013/09/19-11:25:13	78	1,023.094	54.94	0	0	1	0	0	0	0	1	0	0	1	3
2013/09/19-11:25:44	78	1,023.094	54.94	0	0	1	0	0	0	0	1	0	0	1	3
2013/09/19-11:26:13	78	1,023.094	54.94	0	0	1	0	0	0	0	1	0	0	1	6
2013/09/19-11:40:40	78	1,024.73	54.685	0	0	1	0	0	0	0	1	0	0	1	6
2013/09/19-11:41:19	78	1,024.73	54.685	0	0	1	0	0	0	0	1	0	0	1	6
2013/09/19-11:41:44	78	1,024.73	54.685	0	0	1	0	0	0	0	1	0	0	1	6
2013/09/19-11:42:09	78	1,024.73	54.685	0	0	1	0	0	0	0	1	0	0	1	6
2013/09/19-11:43:28	78	1,024.73	54.685	0	0	1	0	0	0	0	1	0	0	1	6
2013/09/19-11:52:47	78	1,024.73	54.685	0	0	1	0	0	0	0	1	0	0	1	4
2013/09/19-11:53:12	78	1,024.73	54.685	0	0	1	0	0	0	0	1	0	0	1	6
2013/09/19-11:53:37	78	1,024.73	54.685	0	0	1	0	0	0	0	1	0	0	1	6
2013/09/19-11:54:02	78	1,024.73	54.685	0	0	1	0	0	0	0	1	0	0	1	6
2013/09/19-11:54:27	78	1,024.73	54.685	0	0	1	0	0	0	0	1	1	0	0	6
2013/09/19-16:59:32	80	1,022.11	57.699	0	0	1	0	0	0	0	1	0	0	1	6
2013/09/19-17:00:51	80	1,022.11	57.699	0	0	1	0	0	0	0	1	0	0	1	6
2013/09/19-17:02:10	80	1,022.11	57.699	0	0	1	0	0	0	0	1	0	0	1	6
2013/09/19-17:02:46	80	1,022.11	57.699	0	0	1	0	0	0	0	1	0	0	1	3
2013/09/19-17:03:12	80	1,022.11	57.699	0	0	1	0	0	0	0	1	0	0	1	3
2013/09/19-17:24:12	80	1,022.11	57.699	0	0	1	0	0	0	0	1	0	0	1	6
2013/09/19-17:24:40	80	1,022.11	57.699	0	0	1	0	0	0	0	1	0	0	1	6
2013/09/19-17:25:05	80	1,022.11	57.699	0	0	1	0	0	0	0	1	0	0	1	3
2013/09/19-17:25:27	80	1,022.11	57.699	0	0	1	0	0	0	0	1	0	0	1	6
2013/09/19-17:26:02	80	1,022.11	57.699	0	0	1	0	0	0	0	1	0	0	1	5
2013/09/19-17:36:47	80	1,029.404	55.723	0	0	0	0	0	0	0	1	1	0	0	6
2013/09/19-17:37:12	80	1,029.404	55.723	0	0	1	0	0	0	0	1	0	0	1	3
2013/09/19-17:37:37	80	1,029.404	55.723	0	0	1	0	0	0	0	1	1	0	0	6
2013/09/19-17:38:02	80	1,029.404	55.723	0	0	1	0	0	0	0	1	0	0	1	6
2013/09/19-17:38:27	80	1,029.404	55.723	0	0	1	0	0	0	0	1	0	0	1	6
2013/09/19-21:12:21	79	1,042.785	58.934	0	0	1	0	0	0	0	1	0	0	1	6
2013/09/19-21:12:49	79	1,042.785	58.934	0	0	1	0	0	0	0	1	0	0	1	6
2013/09/19-21:14:01	79	1,042.785	58.934	0	0	1	0	0	0	0	1	0	0	1	4
2013/09/19-21:14:36	79	1,042.785	58.934	0	0	1	0	0	0	0	1	0	0	1	6
2013/09/19-21:15:50	79	1,042.785	58.934	0	0	1	0	0	0	0	1	0	0	1	6
2013/09/19-21:32:55	78	1,046.123	58.719	0	0	1	0	0	0	0	1	0	0	1	3
2013/09/19-21:33:18	78	1,046.123	58.719	0	0	1	0	0	0	0	1	0	0	1	6
2013/09/19-21:33:50	78	1,046.123	58.719	0	0	1	0	0	0	0	1	0	0	1	6
2013/09/19-21:34:15	78	1,046.123	58.719	0	0	1	0	0	0	0	1	0	0	1	6
2013/09/19-21:34:45	78	1,046.123	58.719	0	0	1	0	0	0	0	1	0	0	1	6
2013/09/19-21:43:20	78	1,046.123	58.719	0	0	1	0	0	0	0	1	1	0	0	6
2013/09/19-21:43:45	78	1,046.123	58.719	0	0	0	0	0	0	0	1	1	0	0	6
2013/09/19-21:44:10	78	1,046.123	58.719	0	0	1	0	0	0	0	1	0	0	1	6
2013/09/19-21:44:35	78	1,046.123	58.719	0	0	1	0	0	0	0	1	0	0	1	6
2013/09/19-21:45:00	78	1,046.123	58.719	0	0	1	0	0	0	0	1	0	0	1	6
2013/09/20-02:48:38	79	1,056.98	60.045	0	0	1	0	0	0	0	1	0	0	1	3
2013/09/20-02:49:14	79	1,056.98	60.045	0	0	1	0	0	0	0	1	0	0	1	6
2013/09/20-02:50:07	79	1,056.98	60.045	0	0	1	0	0	0	0	1	0	0	1	4
2013/09/20-02:50:30	79	1,056.98	60.045	0	0	1	0	0	0	0	1	0	0	1	5
2013/09/20-02:50:56	79	1,061.864	59.579	0	0	1	0	0	0	0	1	0	0	1	3
2013/09/20-03:00:36	79	1,061.864	59.579	0	0	1	0	0	0	0	1	0	0	1	3
2013/09/20-03:00:58	79	1,061.864	59.579	0	0	1	0	0	0	0	1	0	0	1	6
2013/09/20-03:01:31	79	1,061.864	59.579	0	0	1	0	0	0	0	1	0	0	1	6
2013/09/20-03:02:00	79	1,061.864	59.579	0	0	1	0	0	0	0	1	0	0	1	6
2013/09/20-03:02:26	79	1,061.864	59.579	0	0	1	0	0	0	0	1	0	0	1	3
2013/09/20-03:15:10	79	1,061.864	59.579	0	0	1	0	0	0	0	1	0	0	1	6
2013/09/20-03:15:38	79	1,061.864	59.579	0	0	1	0	0	0	0	1	1	0	0	6
2013/09/20-03:16:04	79	1,061.864	59.579	0	0	1	0	0	0	0	1	0	0	1	3
2013/09/20-03:16:29	79	1,061.864	59.579	0	0	1	0	0	0	0	1	0	0	1	6
2013/09/20-03:16:54	79	1,061.864	59.579	0	0	1	0	0	0	0	1	0	0	1	3
2013/09/20-06:48:53	82	1,065.081	61.778	0	0	1	0	0	0	0	1	0	0	1	6
2013/09/20-06:50:12	82	1,065.081	61.778	0	0	1	0	0	0	0	1	0	0	1	3
2013/09/20-06:50:35	82	1,065.081	61.778	0	0	1	0	0	0	0	1	0	0	1	6
2013/09/20-06:51:00	82	1,065.081	61.778	0	0	1	0	0	0	0	1	0	0	1	6
2013/09/20-06:51:26	82	1,065.081	61.778	0	0	1	0	0	0	0	1	0	0	1	6
2013/09/20-07:04:34	82	1,065.081	61.778	0	0	1	0	0	0	0	1	0	0	1	6
2013/09/20-07:04:59	82	1,065.081	61.778	0	0	1	0	0	0	0	1	0	0	1	6
2013/09/20-07:05:24	82	1,065.081	61.778	0	0	1	0	0	0	0	1	0	0	1	6
2013/09/20-07:05:50	82	1,065.081	61.778	0	0	1	0	0	0	0	1	0	0	1	6
2013/09/20-07:06:15	82	1,065.081	61.778	0	0	1	0	0	0	0	1	0	0	1	6
2013/09/20-07:21:44	80	1,097.051	58.716	0	0	1	0	0	0	0	1	0	0	1	6
2013/09/20-07:22:09	80	1,097.051	58.716	0	0	0	0	0	0	0	1	1	0	0	6
2013/09/20-07:22:34	80	1,097.051	58.716	0	0	0	0	0	0	0	1	1	0	0	6
2013/09/20-07:22:59	80	1,097.051	58.716	0	0	1	0	0	0	0	1	0	0	1	6
2013/09/20-07:23:24	80	1,097.051	58.716	0	0	1	0	0	0	0	1	0	0	1	6
2013/09/20-12:06:19	80	1,091.731	62.991	0	0	1	0	0	0	0	1	0	0	1	6
2013/09/20-12:06:55	80	1,091.731	62.991	0	0	1	0	0	0	0	1	0	0	1	6
2013/09/20-12:08:14	80	1,091.731	62.991	0	0	1	0	0	0	0	1	0	0	1	6
2013/09/20-12:09:09	80	1,091.731	62.991	0	0	1	0	0	0	0	1	0	0	1	3
2013/09/20-12:10:15	80	1,091.731	62.991	0	0	1	0	0	0	0	1	0	0	1	6
2013/09/20-12:11:12	80	1,091.731	62.991	0	0	1	0	0	0	0	1	0	0	1	4
2013/09/20-12:11:42	80	1,091.731	62.991	0	0	1	0	0	0	0	1	0	0	1	6
2013/09/20-12:12:23	80	1,091.731	62.991	0	0	1	0	0	0	0	1	0	0	1	6
2013/09/20-12:12:52	80	1,091.731	62.991	0	0	1	0	0	0	0	1	0	0	1	6
2013/09/20-12:14:10	80	1,091.731	62.991	0	0	1	0	0	0	0	1	0	0	1	6
2013/09/20-12:27:09	80	1,107.535	60.929	0	0	1	0	0	0	0	1	1	0	0	6
2013/09/20-12:27:34	80	1,107.535	60.929	0	0	1	0	0	0	0	1	0	0	1	6
2013/09/20-12:28:00	80	1,107.535	60.929	0	0	0	0	0	0	0	1	1	0	0	6
2013/09/20-12:28:25	80	1,107.535	60.929	0	0	1	0	0	0	0	1	0	0	1	6
2013/09/20-12:28:51	80	1,107.535	60.929	0	0	1	0	0	0	0	1	0	1	0	6
2013/09/20-17:53:54	77	1,127.871	63.342	0	0	1	0	0	0	0	1	0	0	1	6
2013/09/20-17:55:13	77	1,127.871	63.342	0	0	1	0	0	0	0	1	0	0	1	6
2013/09/20-17:56:32	77	1,127.871	63.342	0	0	1	0	0	0	0	1	0	0	1	6
2013/09/20-17:57:01	77	1,127.871	63.342	0	0	1	0	0	0	0	1	0	0	1	6
2013/09/20-17:58:01	77	1,127.871	63.342	0	0	1	0	0	0	0	1	0	0	1	6
2013/09/20-18:16:10	78	1,121.795	62.614	0	0	1	0	0	0	0	1	0	0	1	6
2013/09/20-18:16:44	78	1,121.795	62.614	0	0	1	0	0	0	0	1	0	0	1	6
2013/09/20-18:17:09	78	1,121.795	62.614	0	0	1	0	0	0	0	1	0	0	1	6
2013/09/20-18:17:41	78	1,121.795	62.614	0	0	1	0	0	0	0	1	0	0	1	6
2013/09/20-18:18:10	78	1,121.795	62.614	0	0	1	0	0	0	0	1	0	0	1	6
2013/09/20-18:18:41	78	1,121.795	62.614	0	0	1	0	0	0	0	1	0	1	0	6
2013/09/20-18:19:12	78	1,121.795	62.614	0	0	1	0	0	0	0	1	0	0	1	6
2013/09/20-18:28:34	78	1,121.795	62.614	0	0	1	0	0	0	0	1	0	0	1	3
2013/09/20-18:29:00	78	1,121.795	62.614	0	0	1	0	0	0	0	1	0	0	1	6
2013/09/20-18:29:25	78	1,121.795	62.614	0	0	1	0	0	0	0	1	0	0	1	6
2013/09/20-18:29:50	78	1,121.795	62.614	0	0	1	0	0	0	0	1	1	0	0	6
2013/09/20-18:30:16	78	1,121.795	62.614	0	0	1	0	0	0	0	1	0	0	1	6
2013/09/20-20:26:32	78	1,120.489	59.436	0	0	1	0	0	0	0	1	0	0	1	6
2013/09/20-20:26:57	78	1,120.489	59.436	0	0	1	0	0	0	0	1	0	0	1	6
2013/09/20-20:27:22	78	1,120.489	59.436	0	0	1	0	0	0	0	1	0	0	1	11
2013/09/20-20:27:52	78	1,120.489	59.436	0	0	1	0	0	0	0	1	0	0	1	6
2013/09/20-20:28:17	78	1,120.489	59.436	0	0	1	0	0	0	0	1	0	0	1	6
2013/09/20-20:31:07	78	1,120.489	59.436	0	0	1	0	0	0	0	1	0	0	1	6
2013/09/20-20:31:32	78	1,123.516	56.181	0	0	1	0	0	0	0	1	0	0	1	6
2013/09/20-20:31:57	78	1,123.516	56.181	0	0	1	0	0	0	0	1	0	0	1	6
2013/09/20-20:32:22	78	1,123.516	56.181	0	0	1	0	0	0	0	1	0	0	1	6
2013/09/20-20:32:47	78	1,123.516	56.181	0	0	1	0	0	0	0	1	0	0	1	6
2013/09/20-20:42:49	78	1,123.516	56.181	0	0	1	0	0	0	0	1	0	0	1	6
2013/09/20-20:43:14	78	1,123.516	56.181	0	0	1	0	0	0	0	1	0	0	1	6
2013/09/20-20:43:39	78	1,123.516	56.181	0	0	1	0	0	0	0	1	0	0	1	4
2013/09/20-20:44:04	78	1,123.516	56.181	0	0	1	0	0	0	0	1	0	0	1	6
2013/09/20-20:44:28	78	1,123.516	56.181	0	0	1	0	0	0	0	1	0	0	1	6
