2013/09/02-15:29:36	36	1,500	350.465	7	0	1	2	1	0	0	1	0	0	1	32
2013/09/02-15:30:27	36	1,500	350.465	2	0	0	0	0	0	0	1	1	0	0	6
2013/09/02-15:30:52	36	1,500	350.465	6	0	0	2	0	0	1	1	0	0	1	31
2013/09/02-15:31:42	36	1,500	350.465	2	0	0	0	0	0	1	1	0	0	1	11
2013/09/02-15:32:12	36	1,500	350.465	1	0	1	0	1	0	0	1	1	0	0	7
2013/09/02-15:45:35	9	1,937.899	275.415	12	0	1	3	0	0	0	1	0	0	1	47
2013/09/02-15:46:40	9	1,937.899	275.415	4	0	1	5	0	0	0	1	0	0	1	33
2013/09/02-15:47:33	9	1,937.899	275.415	14	0	0	0	0	0	0	1	1	0	0	60
2013/09/02-15:48:52	9	1,937.899	275.415	4	0	1	1	0	0	0	1	0	0	1	31
2013/09/02-15:50:10	9	1,937.899	275.415	3	0	0	0	1	0	0	1	1	0	0	18
2013/09/02-16:02:36	9	1,937.899	275.415	1	0	1	0	0	0	0	1	0	0	1	8
2013/09/02-16:03:06	9	1,937.899	275.415	2	0	0	0	0	0	0	1	1	0	0	10
2013/09/02-16:03:35	9	1,937.899	275.415	3	0	1	0	0	0	0	1	0	0	1	12
2013/09/02-16:31:43	9	1,937.899	275.415	6	0	1	0	0	0	0	1	0	0	1	43
2013/09/02-16:32:55	9	1,937.899	275.415	3	0	1	0	0	0	0	1	0	0	1	27
2013/09/02-19:19:13	15	1,810.087	214.66	1	0	1	0	0	0	0	1	0	0	1	13
2013/09/02-19:19:49	15	1,810.087	214.66	2	0	0	0	1	0	1	1	0	0	1	3
2013/09/02-19:20:17	15	1,810.087	214.66	5	0	1	6	1	0	0	1	0	0	1	18
2013/09/02-19:21:05	15	1,810.087	214.66	1	0	1	0	0	0	0	1	0	0	1	5
2013/09/02-19:21:35	15	1,810.087	214.66	5	0	0	1	0	0	1	1	1	0	0	20
2013/09/02-19:29:31	15	1,810.087	214.66	2	0	0	0	0	0	1	1	0	0	1	4
2013/09/02-19:30:05	15	1,810.087	214.66	4	0	1	0	2	0	0	1	1	0	0	12
2013/09/02-19:30:44	15	1,810.087	214.66	0	0	1	0	0	0	0	1	0	0	1	3
2013/09/02-19:31:31	15	1,810.087	214.66	5	0	0	0	0	0	0	1	1	0	0	27
2013/09/02-19:32:17	15	1,810.087	214.66	8	0	0	2	1	0	0	1	1	0	0	62
2013/09/02-20:33:46	6	2,138.711	169.401	5	0	0	0	1	0	0	1	1	0	0	25
2013/09/02-20:34:31	6	2,138.711	169.401	1	0	1	0	0	0	0	1	0	0	1	27
2013/09/02-20:35:27	6	2,138.711	169.401	3	0	0	0	0	0	1	1	0	0	1	11
2013/09/02-20:35:57	6	2,138.711	169.401	10	0	1	0	0	0	0	1	0	0	1	51
2013/09/02-20:37:06	6	2,138.711	169.401	0	0	1	0	0	0	0	1	0	0	1	7
2013/09/03-01:27:23	7	2,115.576	146.078	1	0	1	0	0	0	0	1	0	0	1	11
2013/09/03-01:28:31	7	2,115.576	146.078	5	0	0	0	1	0	0	1	1	0	0	39
2013/09/03-07:01:35	7	2,115.576	146.078	2	0	0	0	0	0	1	1	0	0	1	6
2013/09/03-07:03:03	7	2,115.576	146.078	5	0	1	1	0	0	0	1	0	0	1	23
2013/09/03-07:04:22	7	2,115.576	146.078	10	0	1	8	0	0	0	1	0	0	1	51
2013/09/03-07:05:32	7	2,115.576	146.078	4	0	0	0	0	0	1	1	0	0	1	35
2013/09/03-07:11:18	9	2,070.303	124.649	2	0	1	0	0	0	0	1	0	0	1	8
2013/09/03-07:12:06	9	2,070.303	124.649	2	0	1	0	1	0	0	1	0	0	1	17
2013/09/03-07:12:42	9	2,070.303	124.649	2	0	1	0	0	0	0	1	0	0	1	17
2013/09/03-07:13:17	9	2,070.303	124.649	4	0	1	1	0	0	0	1	0	0	1	32
2013/09/03-07:14:13	9	2,070.303	124.649	1	0	1	0	0	0	0	1	0	0	1	6
2013/09/03-07:26:16	9	2,070.303	124.649	4	0	1	0	1	0	0	1	0	0	1	15
2013/09/03-07:27:26	9	2,070.303	124.649	3	0	1	0	0	0	0	1	0	0	1	14
2013/09/03-07:28:23	9	2,070.303	124.649	4	0	1	0	0	0	0	1	0	0	1	18
2013/09/03-07:29:10	9	2,070.303	124.649	9	0	0	1	0	0	0	1	1	0	0	60
2013/09/03-07:30:29	9	2,070.303	124.649	2	0	1	0	0	0	0	1	0	0	1	9
2013/09/03-17:12:14	15	1,985.427	107.822	2	0	1	1	0	0	0	1	0	0	1	13
2013/09/03-17:12:50	15	1,985.427	107.822	3	0	1	0	0	0	0	1	0	0	1	24
2013/09/03-17:14:09	15	1,985.427	107.822	9	0	0	0	0	0	1	1	0	0	1	31
2013/09/03-17:15:28	15	1,985.427	107.822	5	0	0	9	0	0	0	1	1	0	0	27
2013/09/03-17:16:14	15	1,985.427	107.822	1	0	1	0	0	0	0	1	0	0	1	6
2013/09/03-17:16:49	15	1,985.427	107.822	1	0	1	0	0	0	0	1	0	0	1	7
2013/09/03-17:17:54	15	1,985.427	107.822	7	0	0	0	0	0	1	1	0	0	1	27
2013/09/03-17:19:03	15	1,985.427	107.822	5	0	1	2	0	0	0	1	0	0	1	18
2013/09/03-17:20:22	15	1,985.427	107.822	4	0	1	10	0	0	0	1	0	0	1	33
2013/09/03-17:21:14	15	1,985.427	107.822	1	0	1	0	0	0	0	1	0	0	1	27
2013/09/03-17:34:35	14	1,990.497	92.529	5	0	1	10	0	0	0	1	0	0	1	44
2013/09/03-17:35:54	14	1,990.497	92.529	11	0	1	0	1	0	0	1	0	0	1	43
2013/09/03-17:37:13	14	1,990.497	92.529	5	0	1	2	0	0	0	1	0	0	1	23
2013/09/03-17:38:32	14	1,990.497	92.529	2	0	1	1	0	0	0	1	0	0	1	15
2013/09/03-17:39:41	14	1,990.497	92.529	1	0	0	0	0	0	0	1	1	0	0	10
2013/09/03-21:56:18	15	1,959.357	88.99	12	0	0	1	0	0	1	1	0	0	1	56
2013/09/03-21:57:37	15	1,959.357	88.99	2	0	0	0	0	0	1	1	0	0	1	5
2013/09/03-21:58:25	15	1,959.357	88.99	3	0	0	0	2	0	0	1	1	0	0	13
2013/09/03-21:58:58	15	1,959.357	88.99	0	0	1	0	0	0	0	1	0	0	1	6
2013/09/03-22:00:16	15	1,959.357	88.99	2	0	1	0	0	0	0	1	0	0	1	13
2013/09/03-22:04:54	15	1,959.357	88.99	3	0	1	0	0	0	0	1	0	0	1	21
2013/09/03-22:06:02	15	1,959.357	88.99	3	0	1	0	1	0	0	1	0	0	1	13
2013/09/03-22:06:35	15	1,959.357	88.99	12	0	1	9	0	0	0	1	0	0	1	55
2013/09/03-22:07:48	15	1,959.357	88.99	11	0	0	2	1	0	1	1	0	0	1	32
2013/09/03-22:09:07	15	1,959.357	88.99	6	0	1	0	1	0	0	1	0	0	1	26
2013/09/03-22:28:02	15	1,959.357	88.99	3	0	0	0	1	0	0	1	1	0	0	39
2013/09/03-22:29:00	15	1,959.357	88.99	0	0	1	0	0	0	0	1	0	0	1	3
2013/09/03-22:29:40	15	1,959.357	88.99	3	0	0	0	0	0	0	1	1	0	0	15
2013/09/03-22:30:14	15	1,959.357	88.99	3	0	1	0	0	0	0	1	0	0	1	14
2013/09/03-22:31:30	15	1,959.357	88.99	8	0	1	3	0	0	0	1	0	0	1	40
2013/09/04-17:14:39	14	2,018.411	81.38	2	0	1	0	0	0	0	1	0	0	1	10
2013/09/04-17:15:59	14	2,018.411	81.38	4	0	1	0	0	0	0	1	0	0	1	15
2013/09/04-17:17:17	14	2,018.411	81.38	5	0	0	1	1	0	0	1	1	0	0	46
2013/09/04-17:18:22	14	2,018.411	81.38	2	0	1	0	0	0	0	1	0	0	1	9
2013/09/04-17:19:41	14	2,018.411	81.38	12	0	0	18	1	0	0	1	1	0	0	49
2013/09/04-17:35:52	14	2,018.411	81.38	8	0	0	2	0	0	0	1	1	0	0	33
2013/09/04-17:36:44	14	2,018.411	81.38	6	0	0	0	1	0	0	1	1	0	0	21
2013/09/04-17:37:23	14	2,018.411	81.38	11	0	0	0	0	0	0	1	0	0	1	60
2013/09/04-17:38:42	14	2,018.411	81.38	2	0	0	6	1	0	0	1	1	0	0	12
2013/09/04-17:39:13	14	2,018.411	81.38	2	0	0	0	1	0	1	1	0	0	1	10
2013/09/04-17:57:57	12	2,100.211	72.219	1	0	1	0	0	0	0	1	0	0	1	35
2013/09/04-17:58:50	12	2,100.211	72.219	7	0	1	0	0	0	0	1	0	0	1	29
2013/09/04-18:00:09	12	2,100.211	72.219	2	0	1	0	0	0	0	1	0	0	1	7
2013/09/04-18:00:35	12	2,100.211	72.219	2	0	1	0	0	0	0	1	0	0	1	14
2013/09/04-18:01:41	12	2,100.211	72.219	2	0	1	0	0	0	0	1	0	0	1	12
2013/09/04-23:59:17	14	2,082.954	72.78	1	0	1	0	0	0	0	1	0	0	1	6
2013/09/05-00:00:04	14	2,082.954	72.78	1	0	0	0	0	0	1	1	0	0	1	3
2013/09/05-00:01:13	14	2,082.954	72.78	0	0	1	0	0	0	0	1	0	0	1	14
2013/09/05-00:02:32	14	2,082.954	72.78	5	0	0	0	0	0	0	1	1	0	0	20
2013/09/05-00:03:10	14	2,082.954	72.78	3	0	1	1	0	0	0	1	0	0	1	14
2013/09/05-00:22:48	14	2,078.993	67.994	0	0	1	0	0	0	0	1	0	0	1	9
2013/09/05-00:24:51	14	2,078.993	67.994	2	0	1	0	0	0	0	1	0	0	1	8
2013/09/05-00:26:03	14	2,078.993	67.994	1	0	0	0	1	0	0	1	1	0	0	7
2013/09/05-00:26:29	14	2,078.993	67.994	5	0	1	17	0	0	0	1	0	0	1	22
2013/09/05-00:27:48	14	2,078.993	67.994	14	0	0	0	1	0	0	1	1	0	0	60
2013/09/05-00:37:05	14	2,078.993	67.994	1	0	1	0	0	0	0	1	0	0	1	11
2013/09/05-00:37:35	14	2,078.993	67.994	6	0	1	0	0	0	0	1	0	0	1	22
2013/09/05-00:38:27	14	2,083.449	62.652	5	0	0	0	0	0	1	1	0	0	1	22
2013/09/05-00:39:07	14	2,083.449	62.652	5	0	1	4	0	0	0	1	0	0	1	23
2013/09/05-00:40:06	14	2,083.449	62.652	2	0	1	0	0	0	0	1	0	0	1	9
2013/09/05-08:11:38	15	2,074.42	66.437	0	0	1	0	0	0	0	1	0	0	1	6
2013/09/05-08:12:57	15	2,074.42	66.437	10	0	1	2	0	0	0	1	0	0	1	55
2013/09/05-08:14:10	15	2,074.42	66.437	6	0	0	2	0	0	1	1	0	0	1	16
2013/09/05-08:14:54	15	2,074.42	66.437	7	0	1	2	0	0	0	1	0	0	1	41
2013/09/05-08:15:53	15	2,074.42	66.437	5	0	1	0	0	0	0	1	0	0	1	35
2013/09/05-08:16:54	15	2,066.361	62.526	4	0	1	2	0	0	0	1	0	0	1	17
2013/09/05-08:18:12	15	2,066.361	62.526	3	0	1	1	0	0	0	1	0	0	1	12
2013/09/05-08:18:59	15	2,066.361	62.526	11	0	1	1	0	0	0	1	0	0	1	44
2013/09/05-08:20:18	15	2,066.361	62.526	10	0	1	2	0	0	0	1	0	0	1	48
2013/09/05-08:21:25	15	2,066.361	62.526	5	0	1	1	0	0	0	1	0	0	1	34
2013/09/05-10:39:00	15	2,066.361	62.526	7	0	1	1	0	0	0	1	0	0	1	39
2013/09/05-10:39:58	15	2,066.361	62.526	12	0	1	2	0	0	0	1	0	0	1	56
2013/09/05-10:41:17	15	2,066.361	62.526	6	0	1	1	0	0	0	1	0	0	1	46
2013/09/05-10:42:36	15	2,066.361	62.526	1	0	1	0	0	0	0	1	0	0	1	11
2013/09/05-10:43:35	15	2,066.361	62.526	4	0	1	1	0	0	0	1	0	0	1	14
2013/09/06-23:49:41	16	2,025.094	65.85	9	0	0	1	0	0	1	1	0	0	1	40
2013/09/06-23:50:40	16	2,025.094	65.85	6	0	0	1	1	0	0	1	1	0	0	39
2013/09/06-23:51:38	16	2,025.094	65.85	3	0	1	0	0	0	0	1	0	0	1	12
2013/09/06-23:52:38	16	2,025.094	65.85	14	0	0	2	0	0	0	1	0	0	1	60
2013/09/06-23:53:56	16	2,025.094	65.85	6	0	1	1	0	0	0	1	0	0	1	28
2013/09/07-00:18:22	16	2,039.563	62.261	8	0	1	0	1	0	0	1	0	0	1	48
2013/09/07-00:19:41	16	2,039.563	62.261	1	0	1	0	0	0	0	1	0	0	1	11
2013/09/07-00:20:59	16	2,039.563	62.261	2	0	1	1	0	0	0	1	0	0	1	15
2013/09/07-00:22:18	16	2,039.563	62.261	8	0	0	1	0	0	1	1	0	0	1	38
2013/09/07-00:23:37	16	2,039.563	62.261	13	0	0	1	0	0	1	1	0	0	1	58
2013/09/07-00:34:41	16	2,039.563	62.261	4	0	1	1	0	0	0	1	0	0	1	42
2013/09/07-00:36:00	16	2,039.563	62.261	9	0	1	2	0	0	0	1	0	0	1	43
2013/09/07-00:37:18	16	2,039.563	62.261	6	0	1	1	0	0	0	1	0	0	1	23
2013/09/07-00:38:03	16	2,039.563	62.261	12	0	1	1	0	0	0	1	0	0	1	53
2013/09/07-00:39:22	16	2,039.563	62.261	3	0	1	2	0	0	0	1	0	0	1	17
2013/09/08-18:03:45	16	2,015.557	62.681	3	0	0	1	2	0	0	1	1	0	0	10
2013/09/08-18:24:47	16	2,015.557	62.681	4	0	1	0	0	0	0	1	0	0	1	23
2013/09/08-18:26:30	16	2,015.557	62.681	4	0	1	0	0	0	0	1	0	0	1	17
2013/09/08-18:29:43	16	2,015.557	62.681	5	0	1	1	0	0	0	1	0	0	1	18
2013/09/08-18:47:59	16	2,015.557	62.681	7	0	1	2	0	0	0	1	0	0	1	27
2013/09/08-19:01:30	16	2,015.557	62.681	7	0	1	1	0	0	0	1	0	0	1	24
2013/09/08-19:02:17	16	2,015.557	62.681	6	0	1	1	0	0	0	1	0	0	1	44
2013/09/08-19:03:20	16	2,015.557	62.681	14	0	1	1	0	0	0	1	0	0	1	52
2013/09/08-19:07:41	16	2,015.557	62.681	3	0	1	1	0	0	0	1	0	0	1	23
2013/09/08-19:09:00	16	2,015.557	62.681	3	0	1	0	0	0	0	1	0	0	1	16
2013/09/08-20:03:37	16	2,001.001	57.316	2	0	1	2	0	0	0	1	0	0	1	14
2013/09/08-20:04:28	16	2,001.001	57.316	3	0	1	1	0	0	0	1	0	0	1	19
2013/09/08-20:05:38	16	2,001.001	57.316	6	0	0	1	0	0	1	1	0	0	1	19
2013/09/08-20:06:16	16	2,001.001	57.316	2	0	1	1	0	0	0	1	0	0	1	14
2013/09/08-20:07:10	16	2,001.001	57.316	4	0	1	0	0	0	0	1	0	0	1	15
2013/09/10-00:28:14	16	1,974.361	61.437	5	0	1	0	0	0	0	1	0	0	1	19
2013/09/10-00:29:17	16	1,974.361	61.437	15	0	1	1	0	0	0	1	0	0	1	56
2013/09/10-00:30:31	16	1,976.608	60.346	6	0	1	0	0	0	0	1	0	0	1	24
2013/09/10-00:31:26	16	1,976.608	60.346	4	0	1	1	0	0	0	1	0	0	1	23
2013/09/10-00:32:45	16	1,976.608	60.346	10	0	0	3	1	0	0	1	0	0	1	60
2013/09/10-00:56:22	16	1,976.608	60.346	3	0	1	0	0	0	0	1	0	0	1	14
2013/09/10-00:57:25	16	1,976.608	60.346	3	0	1	0	0	0	0	1	0	0	1	13
2013/09/10-00:58:30	16	1,976.608	60.346	2	0	1	1	0	0	0	1	0	0	1	12
2013/09/10-00:59:31	16	1,976.608	60.346	8	0	1	1	0	0	0	1	0	0	1	29
2013/09/10-01:00:31	16	1,976.608	60.346	2	0	1	0	0	0	0	1	0	0	1	15
2013/09/10-01:13:21	16	1,976.608	60.346	2	0	0	1	0	0	1	1	0	0	1	15
2013/09/10-01:14:29	16	1,976.608	60.346	15	0	0	4	0	0	0	1	1	0	0	52
2013/09/10-01:15:40	16	1,976.608	60.346	9	0	0	3	0	0	1	1	0	0	1	55
2013/09/10-01:16:54	16	1,976.608	60.346	3	0	0	0	0	0	1	1	0	0	1	10
2013/09/10-01:17:56	16	1,976.608	60.346	7	0	1	1	0	0	0	1	0	0	1	60
2013/09/11-01:00:37	16	1,962.184	62.22	5	0	0	1	0	0	1	1	0	0	1	23
2013/09/11-01:01:23	16	1,962.184	62.22	7	0	1	1	0	0	0	1	0	0	1	28
2013/09/11-01:02:11	16	1,962.184	62.22	2	0	1	0	0	0	0	1	0	0	1	12
2013/09/11-01:03:07	16	1,962.184	62.22	0	0	1	0	0	0	0	1	0	0	1	13
2013/09/11-01:04:06	16	1,962.184	62.22	8	0	1	1	0	0	0	1	0	0	1	32
2013/09/11-01:15:52	16	1,962.184	62.22	1	0	1	0	0	0	0	1	0	0	1	8
2013/09/11-01:16:58	16	1,955.469	58.904	7	0	1	2	0	0	0	1	0	0	1	30
2013/09/11-01:18:11	16	1,955.469	58.904	4	0	1	1	0	0	0	1	0	0	1	17
2013/09/11-01:19:30	16	1,955.469	58.904	4	0	1	0	0	0	0	1	0	0	1	31
2013/09/11-01:20:29	16	1,955.469	58.904	2	0	0	1	0	0	1	1	0	0	1	12
2013/09/11-01:33:03	16	1,955.469	58.904	3	0	1	1	0	0	0	1	0	0	1	18
2013/09/11-01:33:40	16	1,955.469	58.904	2	0	1	0	0	0	0	1	0	0	1	8
2013/09/11-01:34:44	16	1,955.469	58.904	3	0	0	1	1	0	0	1	1	0	0	27
2013/09/11-01:35:31	16	1,955.469	58.904	4	0	1	1	0	0	0	1	0	0	1	17
2013/09/11-01:36:34	16	1,955.469	58.904	6	0	0	2	2	0	0	1	1	0	0	29
2013/09/11-17:13:59	16	1,958.916	62.081	1	0	0	0	0	0	1	1	0	0	1	6
2013/09/11-17:15:16	16	1,958.916	62.081	5	0	0	1	0	0	1	1	0	0	1	49
2013/09/11-17:16:35	16	1,958.916	62.081	4	0	1	2	0	0	0	1	0	0	1	20
2013/09/11-17:17:54	16	1,958.916	62.081	4	0	1	0	0	0	0	1	0	0	1	21
2013/09/11-17:18:47	16	1,958.916	62.081	6	0	1	4	0	0	0	1	0	0	1	21
2013/09/11-17:30:40	16	1,958.916	62.081	7	0	1	2	1	0	0	1	0	0	1	34
2013/09/11-17:31:33	16	1,958.916	62.081	6	0	1	1	0	0	0	1	0	0	1	17
2013/09/11-17:32:09	16	1,958.916	62.081	1	0	1	0	0	0	0	1	0	0	1	12
2013/09/11-17:32:56	16	1,958.916	62.081	8	0	0	3	1	0	0	1	1	0	0	32
2013/09/11-17:33:48	16	1,958.916	62.081	4	0	1	1	1	0	0	1	0	0	1	41
2013/09/11-17:47:42	16	1,962.715	57.009	4	0	1	1	0	0	0	1	0	0	1	25
2013/09/11-17:48:34	16	1,962.715	57.009	3	0	0	0	0	0	1	1	0	0	1	4
2013/09/11-17:49:11	16	1,962.715	57.009	4	0	1	2	0	0	0	1	0	0	1	35
2013/09/11-17:50:05	16	1,962.715	57.009	13	0	0	2	0	0	1	1	0	0	1	42
2013/09/11-17:51:06	16	1,962.715	57.009	0	0	1	0	0	0	0	1	0	0	1	8
2013/09/12-12:59:01	17	1,958.99	62.81	1	0	1	0	0	0	0	1	0	0	1	16
2013/09/12-12:59:47	17	1,958.99	62.81	6	0	1	1	0	0	0	1	0	0	1	47
2013/09/12-13:00:55	17	1,958.99	62.81	2	0	0	0	0	0	1	1	0	0	1	5
2013/09/12-13:01:50	17	1,958.99	62.81	5	0	0	2	0	0	0	1	0	0	1	60
2013/09/12-13:03:09	17	1,958.99	62.81	4	0	1	0	1	0	0	1	0	0	1	14
2013/09/13-23:05:43	18	1,912.959	75.328	10	0	0	3	0	0	1	1	0	0	1	36
2013/09/13-23:07:02	18	1,912.959	75.328	6	0	0	1	0	0	1	1	0	0	1	29
2013/09/13-23:07:50	18	1,912.959	75.328	13	0	0	1	0	0	0	1	0	0	1	60
2013/09/13-23:09:08	18	1,912.959	75.328	6	0	0	2	2	0	0	1	1	0	0	34
2013/09/13-23:10:01	18	1,912.959	75.328	14	0	0	0	0	0	0	1	0	0	1	60
2013/09/13-23:20:54	18	1,912.959	75.328	8	0	0	1	0	0	0	1	0	0	1	60
2013/09/13-23:22:13	18	1,912.959	75.328	9	0	1	1	0	0	0	1	0	0	1	57
2013/09/13-23:23:32	18	1,912.959	75.328	8	0	1	1	0	0	0	1	0	0	1	36
2013/09/13-23:24:32	18	1,912.959	75.328	10	0	1	3	0	0	0	1	0	0	1	43
2013/09/13-23:25:51	18	1,912.959	75.328	3	0	1	1	0	0	0	1	0	0	1	21
2013/09/13-23:42:12	20	1,867.692	69.408	6	0	0	1	0	0	1	1	0	0	1	43
2013/09/13-23:43:31	20	1,867.692	69.408	15	0	0	2	0	0	0	1	0	0	1	60
2013/09/13-23:49:12	20	1,867.692	69.408	14	0	0	2	0	0	0	1	0	0	1	60
2013/09/13-23:50:31	20	1,867.692	69.408	12	0	1	2	0	0	0	1	0	0	1	51
2013/09/13-23:51:50	20	1,867.692	69.408	14	0	0	1	0	0	0	1	0	0	1	60
2013/09/14-03:29:13	22	1,814.361	67.778	8	0	0	1	1	0	0	1	1	0	0	31
2013/09/14-03:30:03	22	1,814.361	67.778	12	0	1	1	0	0	0	1	0	0	1	38
2013/09/14-03:31:22	22	1,814.361	67.778	4	0	0	1	1	0	0	1	1	0	0	20
2013/09/14-03:32:00	22	1,814.361	67.778	9	0	1	1	1	0	0	1	0	0	1	37
2013/09/14-03:32:55	22	1,814.361	67.778	6	0	0	1	0	0	0	1	1	0	0	26
2013/09/14-03:48:44	22	1,814.361	67.778	1	0	1	0	0	0	0	1	0	0	1	7
2013/09/14-03:49:31	22	1,814.361	67.778	12	0	0	3	1	0	0	1	1	0	0	54
2013/09/14-03:50:44	22	1,814.361	67.778	13	0	0	2	0	0	0	1	0	0	1	60
2013/09/14-03:52:03	22	1,814.361	67.778	10	0	0	1	0	0	0	1	0	0	1	60
2013/09/14-03:53:22	22	1,814.361	67.778	8	0	1	2	0	0	0	1	0	0	1	37
2013/09/14-04:01:20	23	1,797.538	63.415	7	0	1	1	0	0	0	1	0	0	1	37
2013/09/14-04:02:15	23	1,797.538	63.415	13	0	0	2	2	0	0	1	1	0	0	49
2013/09/14-04:03:23	23	1,797.538	63.415	4	0	1	1	1	0	0	1	0	0	1	31
2013/09/14-04:04:13	23	1,797.538	63.415	4	0	1	3	0	0	0	1	0	0	1	24
2013/09/14-04:05:06	23	1,797.538	63.415	3	0	1	1	0	0	0	1	0	0	1	15
2013/09/14-05:28:51	25	1,761.974	62.6	7	0	0	0	2	0	0	1	1	0	0	33
2013/09/14-05:29:42	25	1,761.974	62.6	4	0	0	1	0	0	0	1	1	0	0	16
2013/09/14-05:30:17	25	1,761.974	62.6	3	0	0	0	0	0	0	1	1	0	0	21
2013/09/14-05:30:56	25	1,761.974	62.6	5	0	0	1	0	0	0	1	1	0	0	30
2013/09/14-05:31:44	25	1,761.974	62.6	7	0	1	1	0	0	0	1	0	0	1	30
2013/09/14-05:44:00	25	1,761.974	62.6	9	0	1	1	0	0	0	1	0	0	1	49
2013/09/14-05:45:09	25	1,761.974	62.6	14	0	0	1	0	0	0	1	1	0	0	60
2013/09/14-05:46:28	24	1,763.385	61.056	9	0	0	1	1	0	0	1	1	0	0	60
2013/09/14-05:47:47	24	1,763.385	61.056	1	0	1	0	0	0	0	1	0	0	1	4
2013/09/14-05:48:50	24	1,763.385	61.056	12	0	0	3	0	0	0	1	0	0	1	60
2013/09/14-06:09:07	24	1,763.385	61.056	12	0	0	1	0	0	0	1	0	0	1	60
2013/09/14-06:10:26	24	1,763.385	61.056	11	0	0	1	2	0	0	1	1	0	0	52
2013/09/14-06:11:37	24	1,763.385	61.056	12	0	0	0	0	0	0	1	0	0	1	60
2013/09/14-06:12:56	24	1,763.385	61.056	15	0	0	1	0	0	0	1	0	0	1	60
2013/09/14-06:14:14	24	1,763.385	61.056	10	0	0	2	1	0	0	1	1	0	0	60
2013/09/14-11:33:28	25	1,767.731	61.897	2	0	0	0	0	0	0	1	1	0	0	6
2013/09/14-11:33:54	25	1,767.731	61.897	4	0	0	2	1	0	0	1	1	0	0	30
2013/09/14-11:34:42	25	1,767.731	61.897	1	0	1	0	0	0	0	1	0	0	1	7
2013/09/14-11:35:08	25	1,767.731	61.897	5	0	1	1	0	0	0	1	0	0	1	21
2013/09/14-11:35:48	25	1,767.731	61.897	3	0	0	0	0	0	0	1	1	0	0	10
2013/09/14-11:59:21	25	1,767.731	61.897	7	0	0	1	1	0	0	1	1	0	0	35
2013/09/14-12:00:16	25	1,767.731	61.897	2	0	0	0	0	0	1	1	0	0	1	3
2013/09/14-12:01:35	25	1,767.731	61.897	9	0	0	1	1	0	1	1	0	0	1	36
2013/09/14-12:02:54	25	1,767.731	61.897	10	0	0	1	0	0	0	1	0	0	1	60
2013/09/14-12:04:13	25	1,767.731	61.897	5	0	1	2	0	0	0	1	0	0	1	20
2013/09/14-12:11:00	25	1,763.391	58.058	11	0	0	2	1	0	1	1	0	0	1	48
2013/09/14-12:12:19	25	1,763.391	58.058	17	0	0	3	1	0	0	1	1	0	0	60
2013/09/14-12:13:38	25	1,763.391	58.058	6	0	1	1	0	0	0	1	0	0	1	19
2013/09/14-12:14:57	25	1,763.391	58.058	6	0	1	1	0	0	0	1	0	0	1	28
2013/09/14-12:15:59	25	1,763.391	58.058	3	0	1	1	0	0	0	1	0	0	1	14
2013/09/14-15:45:06	27	1,757.443	59.945	6	0	0	3	1	0	0	1	1	0	0	31
2013/09/14-15:45:55	27	1,757.443	59.945	5	0	1	0	0	0	0	1	0	0	1	43
2013/09/14-15:46:57	27	1,757.443	59.945	5	0	0	0	0	0	1	1	0	0	1	19
2013/09/14-15:47:35	27	1,757.443	59.945	5	0	0	1	0	0	0	1	1	0	0	23
2013/09/14-15:48:17	27	1,757.443	59.945	4	0	1	2	0	0	0	1	0	0	1	31
2013/09/14-16:00:32	27	1,750.435	58.87	7	0	1	1	0	0	0	1	0	0	1	25
2013/09/14-16:01:51	27	1,750.435	58.87	7	0	1	1	0	0	0	1	0	0	1	41
2013/09/14-16:03:10	27	1,750.435	58.87	2	0	1	0	0	0	0	1	0	0	1	28
2013/09/14-16:04:28	27	1,750.435	58.87	14	0	1	1	0	0	0	1	0	0	1	56
2013/09/14-16:05:47	27	1,750.435	58.87	9	0	1	3	1	0	0	1	0	0	1	37
2013/09/14-16:11:59	27	1,750.435	58.87	5	0	1	1	0	0	0	1	0	0	1	24
2013/09/14-16:13:17	27	1,750.435	58.87	12	0	0	2	0	0	0	1	0	0	1	60
2013/09/14-16:14:36	27	1,750.435	58.87	5	0	0	0	0	0	1	1	0	0	1	28
2013/09/14-16:15:29	27	1,750.435	58.87	7	0	1	0	1	0	0	1	0	0	1	31
2013/09/14-16:16:18	27	1,750.435	58.87	10	0	0	2	0	0	0	1	0	0	1	60
2013/09/14-20:08:46	32	1,718.792	61.622	14	0	0	1	0	0	0	1	0	0	1	60
2013/09/14-20:10:05	32	1,718.792	61.622	13	0	0	3	1	0	0	1	1	0	0	60
2013/09/14-20:37:34	32	1,718.792	61.622	13	0	0	2	0	0	0	1	0	0	1	60
2013/09/14-20:38:57	32	1,718.792	61.622	3	0	0	1	2	0	0	1	1	0	0	21
2013/09/14-20:39:36	32	1,718.792	61.622	6	0	0	1	0	0	1	1	0	0	1	35
2013/09/14-20:59:50	32	1,718.792	61.622	3	0	0	0	0	0	1	1	0	0	1	7
2013/09/14-21:01:09	32	1,718.792	61.622	1	0	1	0	0	0	0	1	0	0	1	14
2013/09/14-21:02:28	32	1,718.792	61.622	9	0	0	1	1	0	1	1	0	0	1	33
2013/09/14-21:03:45	32	1,718.792	61.622	9	0	0	1	0	0	0	1	0	0	1	60
2013/09/14-21:05:03	32	1,718.792	61.622	3	0	1	1	0	0	0	1	0	0	1	14
2013/09/14-21:13:57	33	1,705.305	57.922	5	0	1	1	0	0	0	1	0	0	1	35
2013/09/14-21:15:10	33	1,705.305	57.922	9	0	1	1	0	0	0	1	0	0	1	60
2013/09/14-21:16:29	33	1,705.305	57.922	6	0	1	1	0	0	0	1	0	0	1	47
2013/09/14-21:17:35	33	1,705.305	57.922	16	0	0	2	1	0	0	1	1	0	0	60
2013/09/14-21:18:53	33	1,705.305	57.922	10	0	0	1	0	0	0	1	0	0	1	60
2013/09/15-00:24:24	32	1,707.417	59.511	13	0	0	1	1	0	0	1	1	0	0	46
2013/09/15-00:25:29	32	1,707.417	59.511	12	0	0	1	1	0	0	1	1	0	0	45
2013/09/15-00:26:32	32	1,707.417	59.511	10	0	0	1	0	0	0	1	0	0	1	60
2013/09/15-00:27:51	32	1,707.417	59.511	3	0	0	1	1	0	0	1	1	0	0	23
2013/09/15-00:28:32	32	1,707.417	59.511	9	0	0	3	1	0	0	1	1	0	0	33
2013/09/15-08:48:35	28	1,722.181	58.276	13	0	0	1	0	0	0	1	0	0	1	60
2013/09/15-08:49:55	28	1,722.181	58.276	11	0	0	3	1	0	0	1	1	0	0	49
2013/09/15-08:51:03	28	1,722.181	58.276	11	0	0	1	0	0	0	1	0	0	1	60
2013/09/15-08:52:21	28	1,722.181	58.276	6	0	1	1	0	0	0	1	0	0	1	32
2013/09/15-08:53:12	28	1,722.181	58.276	15	0	0	1	0	0	0	1	0	0	1	60
2013/09/15-09:05:58	28	1,722.181	58.276	2	0	0	1	1	0	1	1	0	0	1	17
2013/09/15-09:06:33	30	1,726.31	55.785	10	0	1	2	0	0	0	1	0	0	1	43
2013/09/15-09:07:52	30	1,726.31	55.785	12	0	1	2	0	0	0	1	0	0	1	42
2013/09/15-09:09:06	30	1,726.31	55.785	10	0	0	1	0	0	0	1	0	0	1	60
2013/09/15-09:10:25	30	1,726.31	55.785	4	0	1	1	1	0	0	1	0	0	1	24
2013/09/15-18:38:44	30	1,721.224	65.837	2	0	0	1	0	0	1	1	0	0	1	13
2013/09/15-18:39:36	30	1,721.224	65.837	12	0	0	1	0	0	1	1	0	0	1	46
2013/09/15-18:40:54	30	1,721.224	65.837	6	0	1	0	0	0	0	1	0	0	1	27
2013/09/15-18:41:55	30	1,721.224	65.837	12	0	1	3	0	0	0	1	0	0	1	38
2013/09/15-18:42:51	30	1,721.224	65.837	4	0	1	1	0	0	0	1	0	0	1	16
2013/09/15-18:43:37	30	1,721.224	65.837	8	0	1	2	0	0	0	1	0	0	1	38
2013/09/15-18:44:34	30	1,721.224	65.837	8	0	1	1	0	0	0	1	0	0	1	46
2013/09/15-18:45:53	30	1,721.224	65.837	4	0	1	1	0	0	0	1	0	0	1	23
2013/09/15-18:46:41	30	1,721.224	65.837	4	0	1	0	0	0	0	1	0	0	1	29
2013/09/15-18:47:58	30	1,721.224	65.837	3	0	1	1	0	0	0	1	0	0	1	29
2013/09/15-19:07:20	30	1,721.224	65.837	10	0	0	0	0	0	1	1	0	0	1	39
2013/09/15-19:08:18	30	1,721.224	65.837	5	0	1	0	0	0	0	1	0	0	1	13
2013/09/15-19:09:13	34	1,681.661	58.84	7	0	1	1	0	0	0	1	0	0	1	27
2013/09/15-19:09:59	34	1,681.661	58.84	8	0	1	2	1	0	0	1	0	0	1	43
2013/09/15-19:11:02	34	1,681.661	58.84	6	0	1	0	0	0	0	1	0	0	1	45
2013/09/16-00:43:06	34	1,696.249	64.086	7	0	1	0	0	0	0	1	0	0	1	46
2013/09/16-00:44:25	34	1,696.249	64.086	3	0	1	1	0	0	0	1	0	0	1	14
2013/09/16-00:45:04	34	1,696.249	64.086	13	0	0	1	0	0	0	1	0	0	1	60
2013/09/16-00:46:23	34	1,696.249	64.086	2	0	0	0	0	0	1	1	0	0	1	4
2013/09/16-00:47:41	34	1,696.249	64.086	10	0	0	1	0	0	1	1	0	0	1	41
2013/09/16-01:00:30	35	1,676.789	60.552	3	0	1	1	0	0	0	1	0	0	1	18
2013/09/16-01:01:13	35	1,676.789	60.552	11	0	0	2	0	0	0	1	1	0	0	60
2013/09/16-01:02:32	35	1,676.789	60.552	5	0	1	0	0	0	0	1	0	0	1	25
2013/09/16-01:03:18	35	1,676.789	60.552	1	0	1	1	0	0	0	1	0	0	1	12
2013/09/16-01:04:37	35	1,676.789	60.552	0	0	1	0	0	0	0	1	0	0	1	5
2013/09/16-01:16:03	35	1,676.789	60.552	4	0	0	0	0	0	1	1	0	0	1	14
2013/09/16-01:17:22	35	1,676.789	60.552	13	0	1	1	0	0	0	1	0	0	1	55
2013/09/16-01:18:41	35	1,676.789	60.552	6	0	1	1	1	0	0	1	0	0	1	32
2013/09/16-01:19:44	35	1,676.789	60.552	5	0	0	2	0	0	1	1	0	0	1	21
2013/09/16-01:21:03	35	1,676.789	60.552	3	0	1	1	1	0	0	1	0	0	1	27
2013/09/16-01:41:28	35	1,657.098	55.475	11	0	0	1	2	0	0	1	1	0	0	51
2013/09/16-01:42:39	35	1,657.098	55.475	6	0	0	4	0	0	0	1	1	0	0	60
2013/09/16-01:43:57	35	1,657.098	55.475	13	0	0	2	1	0	0	1	1	0	0	60
2013/09/16-01:45:16	35	1,657.098	55.475	13	0	0	2	1	0	0	1	1	0	0	60
2013/09/16-01:46:35	35	1,657.098	55.475	5	0	1	1	0	0	0	1	0	0	1	19
2013/09/16-07:44:27	35	1,657.098	55.475	6	0	0	2	0	0	0	1	1	0	0	26
2013/09/16-07:45:12	35	1,657.098	55.475	7	0	0	1	0	0	0	1	1	0	0	25
2013/09/16-07:45:56	35	1,687.618	52.273	5	0	1	2	0	0	0	1	0	0	1	36
2013/09/16-07:46:51	35	1,687.618	52.273	3	0	1	1	1	0	0	1	0	0	1	18
2013/09/16-07:47:28	35	1,687.618	52.273	11	0	0	3	1	0	0	1	1	0	0	56
2013/09/16-20:23:51	35	1,687.618	52.273	10	0	0	2	0	0	0	1	1	0	0	60
2013/09/16-20:25:10	35	1,687.618	52.273	1	0	1	0	0	0	0	1	0	0	1	7
2013/09/16-20:26:29	35	1,687.618	52.273	9	0	0	4	1	0	0	1	1	0	0	36
2013/09/16-20:27:23	35	1,687.618	52.273	4	0	1	1	0	0	0	1	0	0	1	35
2013/09/16-20:28:17	35	1,687.618	52.273	8	0	1	0	1	0	0	1	0	0	1	37
2013/09/17-00:39:54	32	1,700.519	54.054	0	0	1	0	0	0	0	1	0	0	1	3
2013/09/17-00:40:25	32	1,700.519	54.054	0	0	1	0	0	0	0	1	0	0	1	3
2013/09/17-00:41:10	32	1,700.519	54.054	4	0	1	1	0	0	0	1	0	0	1	33
2013/09/17-00:42:02	32	1,700.519	54.054	7	0	1	0	0	0	0	1	0	0	1	25
2013/09/17-00:43:21	32	1,700.519	54.054	6	0	1	0	0	0	0	1	0	0	1	30
2013/09/17-07:08:57	32	1,698.559	51.965	1	0	1	2	0	0	0	1	0	0	1	12
2013/09/17-07:10:00	32	1,698.559	51.965	3	0	1	2	0	0	0	1	0	0	1	26
2013/09/17-07:10:45	32	1,698.559	51.965	6	0	1	0	0	0	0	1	0	0	1	31
2013/09/17-07:11:35	32	1,698.559	51.965	4	0	1	1	1	0	0	1	0	0	1	23
2013/09/17-07:12:17	32	1,698.559	51.965	0	0	1	0	0	0	0	1	0	0	1	6
2013/09/17-07:26:41	34	1,698.284	50.075	21	0	0	0	0	0	0	1	1	0	0	60
2013/09/17-07:28:00	34	1,698.284	50.075	14	0	0	2	0	0	0	1	1	0	0	60
2013/09/17-07:29:19	34	1,698.284	50.075	2	0	1	0	0	0	0	1	0	0	1	7
2013/09/17-07:29:51	34	1,698.284	50.075	1	0	0	0	1	0	0	1	1	0	0	4
2013/09/17-07:30:14	34	1,698.284	50.075	1	0	1	0	0	0	0	1	0	0	1	7
2013/09/17-20:36:45	33	1,716.357	50.91	6	0	1	0	0	0	0	1	0	0	1	37
2013/09/17-20:38:04	33	1,716.357	50.91	5	0	0	0	0	0	1	1	0	0	1	26
2013/09/17-20:39:11	33	1,716.357	50.91	5	0	1	0	0	0	0	1	0	0	1	22
2013/09/17-20:39:52	33	1,716.357	50.91	4	0	1	0	0	0	0	1	0	0	1	16
2013/09/17-20:40:27	33	1,716.357	50.91	2	0	1	0	0	0	0	1	0	0	1	15
2013/09/17-20:54:17	33	1,713.805	50.233	5	0	0	0	1	0	0	1	1	0	0	26
2013/09/17-20:55:01	33	1,713.805	50.233	2	0	0	0	1	0	0	1	1	0	0	7
2013/09/17-20:55:27	33	1,713.805	50.233	2	0	0	0	0	0	0	1	1	0	0	7
2013/09/17-20:55:53	33	1,713.805	50.233	3	0	0	0	1	0	0	1	1	0	0	12
2013/09/17-20:56:23	33	1,713.805	50.233	3	0	0	0	1	0	0	1	1	0	0	28
2013/09/17-21:10:57	33	1,713.805	50.233	4	0	0	1	2	0	0	1	1	0	0	18
2013/09/17-21:11:34	33	1,713.805	50.233	1	0	1	0	1	0	0	1	0	0	1	7
2013/09/17-21:12:00	33	1,713.805	50.233	1	0	0	0	1	0	0	1	1	0	0	3
2013/09/17-21:12:22	33	1,713.805	50.233	3	0	0	3	2	0	0	1	1	0	0	24
2013/09/17-21:13:05	33	1,713.805	50.233	2	0	0	0	1	0	0	1	1	0	0	16
2013/09/17-22:41:32	33	1,715.206	52.233	10	0	1	1	0	0	0	1	0	0	1	33
2013/09/17-22:42:24	33	1,715.206	52.233	1	0	0	0	1	0	1	1	0	0	1	4
2013/09/17-22:42:47	33	1,715.206	52.233	3	0	1	15	0	0	0	1	0	0	1	23
2013/09/17-22:43:29	33	1,715.206	52.233	4	0	1	1	1	0	0	1	0	0	1	26
2013/09/17-22:44:14	33	1,715.206	52.233	1	0	1	0	0	0	0	1	0	0	1	8
2013/09/17-22:50:21	33	1,715.206	52.233	1	0	1	0	0	0	0	1	0	0	1	12
2013/09/17-22:51:01	33	1,715.206	52.233	3	0	0	0	1	0	0	1	1	0	0	26
2013/09/17-22:51:45	33	1,715.206	52.233	1	0	1	0	0	0	0	1	0	0	1	7
2013/09/17-22:52:38	33	1,715.206	52.233	2	0	1	0	0	0	0	1	0	0	1	12
2013/09/17-22:53:09	33	1,715.206	52.233	10	0	1	2	0	0	0	1	0	0	1	43
2013/09/17-23:08:09	32	1,722.622	48.656	6	0	0	0	0	0	0	1	0	0	1	60
2013/09/17-23:09:28	32	1,722.622	48.656	13	0	0	4	0	0	1	1	0	0	1	55
2013/09/17-23:10:42	32	1,722.622	48.656	2	0	0	14	0	0	0	1	1	0	0	20
2013/09/17-23:11:21	32	1,722.622	48.656	3	0	1	0	0	0	0	1	0	0	1	17
2013/09/17-23:12:05	32	1,722.622	48.656	9	0	1	1	1	0	0	1	0	0	1	41
2013/09/18-11:28:09	29	1,736.875	52.102	1	0	1	0	0	0	0	1	0	0	1	11
2013/09/18-11:29:12	29	1,736.875	52.102	4	0	1	0	1	0	0	1	0	0	1	24
2013/09/18-11:29:55	29	1,736.875	52.102	3	0	1	0	0	0	0	1	0	0	1	12
2013/09/18-11:30:46	29	1,736.875	52.102	4	0	1	0	1	0	0	1	0	0	1	26
2013/09/18-11:31:31	29	1,736.875	52.102	0	0	1	0	0	0	0	1	0	0	1	5
2013/09/18-11:44:45	33	1,715.249	51.314	5	0	1	1	0	0	0	1	0	0	1	26
2013/09/18-11:45:43	33	1,715.249	51.314	1	0	1	8	0	0	0	1	0	0	1	23
2013/09/18-11:46:26	33	1,715.249	51.314	2	0	0	0	1	0	0	1	1	0	0	8
2013/09/18-11:46:53	33	1,715.249	51.314	10	0	1	0	0	0	0	1	0	0	1	40
2013/09/18-11:47:51	33	1,715.249	51.314	2	0	1	0	0	0	0	1	0	0	1	12
2013/09/18-11:58:31	33	1,715.249	51.314	9	0	0	2	1	0	0	1	1	0	0	45
2013/09/18-11:59:36	33	1,715.249	51.314	9	0	0	1	1	0	0	1	1	0	0	60
2013/09/18-12:00:54	33	1,715.249	51.314	3	0	1	12	0	0	0	1	0	0	1	29
2013/09/18-12:01:43	33	1,715.249	51.314	1	0	1	0	0	0	0	1	0	0	1	8
2013/09/18-12:02:16	33	1,715.249	51.314	5	0	0	2	0	0	1	1	0	0	1	32
2013/09/18-13:11:41	31	1,728.578	49.843	2	0	1	0	0	0	0	1	0	0	1	9
2013/09/18-13:12:28	31	1,728.578	49.843	1	0	1	1	0	0	0	1	0	0	1	19
2013/09/18-13:13:38	31	1,728.578	49.843	12	0	1	2	1	0	0	1	0	0	1	39
2013/09/18-13:14:57	31	1,728.578	49.843	2	0	1	3	0	0	0	1	0	0	1	33
2013/09/18-13:16:16	31	1,728.578	49.843	2	0	1	0	0	0	0	1	0	0	1	6
2013/09/18-13:25:26	31	1,728.578	49.843	7	0	1	0	2	0	0	1	0	0	1	23
2013/09/18-13:26:08	31	1,728.578	49.843	15	0	0	0	0	0	1	1	0	0	1	54
2013/09/18-13:27:21	32	1,711.741	47.505	3	0	1	0	0	0	0	1	0	0	1	11
2013/09/18-13:27:51	32	1,711.741	47.505	6	0	0	1	0	0	1	1	0	0	1	31
2013/09/18-13:28:42	32	1,711.741	47.505	1	0	1	0	1	0	0	1	0	0	1	5
2013/09/18-13:49:18	32	1,711.741	47.505	2	0	0	0	0	0	1	1	0	0	1	8
2013/09/18-13:50:04	32	1,711.741	47.505	8	0	1	0	0	0	0	1	0	0	1	37
2013/09/18-13:51:24	32	1,711.741	47.505	5	0	1	1	0	0	0	1	0	0	1	31
2013/09/18-13:52:15	32	1,711.741	47.505	12	0	0	7	0	0	1	1	0	0	1	58
2013/09/18-13:53:32	32	1,711.741	47.505	1	0	0	0	0	0	1	1	0	0	1	6
2013/09/18-18:10:12	32	1,713.509	55.324	3	0	1	0	0	0	0	1	0	0	1	23
2013/09/18-18:10:54	32	1,713.509	55.324	11	0	1	2	0	0	0	1	0	0	1	46
2013/09/18-18:12:13	32	1,713.509	55.324	3	0	1	0	0	0	0	1	0	0	1	12
2013/09/18-18:13:17	32	1,713.509	55.324	15	0	0	7	0	0	0	1	0	0	1	60
2013/09/18-18:14:36	32	1,713.509	55.324	1	0	1	0	0	0	0	1	0	0	1	8
2013/09/18-18:32:41	32	1,713.509	55.324	7	0	1	2	0	0	0	1	0	0	1	34
2013/09/18-18:34:00	32	1,713.509	55.324	4	0	1	0	0	0	0	1	0	0	1	24
2013/09/18-18:34:44	32	1,713.509	55.324	0	0	1	0	0	0	0	1	0	0	1	6
2013/09/18-18:35:09	32	1,713.509	55.324	2	0	0	0	0	0	1	1	0	0	1	8
2013/09/18-18:35:47	32	1,713.509	55.324	2	0	1	0	0	0	0	1	0	0	1	13
2013/09/18-18:46:20	32	1,697.773	51.179	1	0	1	0	0	0	0	1	1	0	0	12
2013/09/18-18:46:51	32	1,697.773	51.179	5	0	0	0	1	0	0	1	1	0	0	30
2013/09/18-18:47:40	32	1,697.773	51.179	5	0	1	13	1	0	0	1	0	0	1	31
2013/09/18-18:48:29	32	1,697.773	51.179	4	0	1	1	0	0	0	1	0	0	1	16
2013/09/18-18:49:26	32	1,697.773	51.179	13	0	0	1	1	0	0	1	1	0	0	60
2013/09/19-18:01:42	32	1,715.015	72.507	10	0	1	2	0	0	0	1	0	0	1	47
2013/09/19-18:02:49	32	1,715.015	72.507	2	0	1	0	0	0	0	1	0	0	1	25
2013/09/19-18:03:33	32	1,715.015	72.507	11	0	1	0	0	0	0	1	0	0	1	44
2013/09/19-18:04:36	32	1,715.015	72.507	2	0	1	0	0	0	0	1	0	0	1	5
2013/09/19-18:05:01	32	1,715.015	72.507	2	0	1	6	0	0	0	1	0	0	1	21
2013/09/19-18:24:54	32	1,715.015	72.507	10	0	1	0	1	0	0	1	0	0	1	51
2013/09/19-18:26:04	32	1,715.015	72.507	0	0	1	0	0	0	0	1	0	0	1	7
2013/09/19-18:27:23	32	1,715.015	72.507	3	0	1	10	0	0	0	1	0	0	1	19
2013/09/19-18:28:23	32	1,715.015	72.507	6	0	1	0	0	0	0	1	0	0	1	34
2013/09/19-18:29:42	32	1,715.015	72.507	4	0	1	0	0	0	0	1	0	0	1	24
2013/09/19-18:38:52	32	1,704.791	66.381	0	0	1	0	0	0	0	1	0	0	1	7
2013/09/19-18:39:33	32	1,704.791	66.381	0	0	1	0	0	0	0	1	0	0	1	2
2013/09/19-18:39:56	32	1,704.791	66.381	4	0	0	11	1	0	1	1	0	0	1	21
2013/09/19-18:40:36	32	1,704.791	66.381	5	0	0	0	0	0	0	1	1	0	0	21
2013/09/19-18:41:16	32	1,704.791	66.381	1	0	0	0	1	0	1	1	0	0	1	3
2013/09/19-22:07:36	30	1,726.111	68.815	2	0	0	0	0	0	0	1	1	0	0	8
2013/09/19-22:08:03	30	1,726.111	68.815	9	0	0	7	1	0	0	1	1	0	0	43
2013/09/19-22:09:04	30	1,726.111	68.815	5	0	1	0	0	0	0	1	0	0	1	42
2013/09/19-22:10:05	30	1,726.111	68.815	0	0	1	0	0	0	0	1	0	0	1	5
2013/09/19-23:44:25	30	1,726.111	68.815	1	0	1	0	0	0	0	1	0	0	1	3
2013/09/20-00:02:13	30	1,719.754	66.177	3	0	1	1	0	0	0	1	0	0	1	18
2013/09/20-00:03:05	30	1,719.754	66.177	10	0	0	0	0	0	0	1	1	0	0	57
2013/09/20-00:04:21	30	1,719.754	66.177	1	0	1	0	0	0	0	1	0	0	1	8
2013/09/20-00:05:04	30	1,719.754	66.177	4	0	1	0	0	0	0	1	0	0	1	30
2013/09/20-00:05:53	30	1,719.754	66.177	14	0	1	13	0	0	0	1	0	0	1	54
2013/09/20-00:18:46	30	1,719.754	66.177	8	0	1	9	0	0	0	1	0	0	1	47
2013/09/20-00:19:52	30	1,719.754	66.177	1	0	1	0	0	0	0	1	0	0	1	6
2013/09/20-00:21:00	30	1,719.754	66.177	0	0	1	0	0	0	0	1	0	0	1	7
2013/09/20-00:22:06	30	1,719.754	66.177	1	0	1	0	0	0	0	1	0	0	1	8
2013/09/20-00:23:25	30	1,719.754	66.177	1	0	1	0	0	0	0	1	0	0	1	10
2013/09/20-03:29:47	29	1,729.615	66.605	6	0	0	0	2	0	0	1	1	0	0	21
2013/09/20-03:30:27	29	1,729.615	66.605	3	0	0	0	0	0	1	1	0	0	1	6
2013/09/20-03:31:21	29	1,729.615	66.605	8	0	0	1	3	0	0	1	1	0	0	44
2013/09/20-03:32:24	29	1,729.615	66.605	1	0	1	0	0	0	0	1	0	0	1	3
2013/09/20-03:32:46	29	1,729.615	66.605	2	0	0	9	1	0	0	1	1	0	0	17
2013/09/20-03:54:40	29	1,711.331	63.892	6	0	1	0	0	0	0	1	0	0	1	26
2013/09/20-03:55:24	29	1,711.331	63.892	13	0	0	1	0	0	0	1	1	0	0	60
2013/09/20-03:56:43	29	1,711.331	63.892	1	0	1	0	0	0	0	1	0	0	1	5
2013/09/20-03:58:03	29	1,711.331	63.892	0	0	0	0	0	0	0	1	1	0	0	6
2013/09/20-03:58:27	29	1,711.331	63.892	6	0	0	0	1	0	0	1	1	0	0	27
2013/09/20-04:14:21	29	1,711.331	63.892	6	0	0	1	0	0	0	1	1	0	0	26
2013/09/20-04:15:06	29	1,711.331	63.892	9	0	0	4	1	0	0	1	1	0	0	43
2013/09/20-04:16:09	29	1,728.41	59.606	5	0	1	0	0	0	0	1	0	0	1	29
2013/09/20-04:16:57	29	1,728.41	59.606	1	0	1	0	0	0	0	1	0	0	1	3
2013/09/20-04:17:20	29	1,728.41	59.606	5	0	0	0	0	0	0	1	1	0	0	16
2013/09/20-08:40:36	25	1,734.719	65.098	14	0	0	4	1	0	0	1	1	0	0	60
2013/09/20-08:41:56	25	1,734.719	65.098	6	0	1	0	0	0	0	1	0	0	1	24
2013/09/20-08:42:42	25	1,734.719	65.098	4	0	1	0	0	0	0	1	0	0	1	34
2013/09/20-08:44:01	25	1,734.719	65.098	9	0	1	3	0	0	0	1	0	0	1	40
2013/09/20-08:45:20	25	1,734.719	65.098	4	0	1	0	0	0	0	1	0	0	1	37
2013/09/20-08:51:03	25	1,734.719	65.098	13	0	0	3	0	0	0	1	1	0	0	60
2013/09/20-08:52:22	28	1,725.669	61.885	1	0	1	0	1	0	0	1	0	0	1	3
2013/09/20-08:52:44	28	1,725.669	61.885	20	0	0	0	1	0	0	1	1	0	0	60
2013/09/20-08:54:03	28	1,725.669	61.885	3	0	1	0	0	0	0	1	0	0	1	20
2013/09/20-08:54:49	28	1,725.669	61.885	13	0	0	3	2	0	0	1	1	0	0	38
2013/09/20-09:13:42	28	1,725.669	61.885	0	0	1	0	0	0	0	1	0	0	1	3
2013/09/20-09:14:20	28	1,725.669	61.885	7	0	1	0	1	0	0	1	0	0	1	25
2013/09/20-09:15:04	28	1,725.669	61.885	4	0	0	1	0	0	1	1	0	0	1	15
2013/09/20-09:15:45	28	1,725.669	61.885	4	0	1	8	0	0	0	1	0	0	1	34
2013/09/20-09:16:39	28	1,725.669	61.885	0	0	1	0	0	0	0	1	0	0	1	5
2013/09/20-12:50:48	28	1,717.002	64.485	4	0	0	3	0	0	0	1	1	0	0	16
2013/09/20-12:51:22	28	1,717.002	64.485	2	0	0	0	2	0	0	1	1	0	0	6
2013/09/20-12:51:47	28	1,717.002	64.485	10	0	1	0	0	0	0	1	0	0	1	45
2013/09/20-12:52:51	28	1,717.002	64.485	2	0	1	0	0	0	0	1	0	0	1	12
2013/09/20-12:53:22	28	1,717.002	64.485	1	0	1	0	0	0	0	1	0	0	1	8
2013/09/20-15:09:00	28	1,717.002	64.485	7	0	1	0	1	0	0	1	0	0	1	32
2013/09/20-15:09:51	28	1,717.002	64.485	2	0	1	0	0	0	0	1	0	0	1	6
2013/09/20-15:11:10	28	1,717.002	64.485	2	0	1	0	0	0	0	1	0	0	1	13
2013/09/20-15:11:42	28	1,717.002	64.485	2	0	1	0	0	0	0	1	0	0	1	12
2013/09/20-15:13:00	28	1,717.002	64.485	3	0	0	0	0	0	0	1	1	0	0	13
2013/09/20-15:20:04	24	1,733.574	59.753	1	0	0	0	0	0	0	1	1	0	0	9
2013/09/20-15:20:32	24	1,733.574	59.753	0	0	1	0	0	0	0	1	0	0	1	7
2013/09/20-15:21:10	24	1,733.574	59.753	4	0	1	0	0	0	0	1	0	0	1	22
2013/09/20-15:22:29	24	1,733.574	59.753	15	0	0	4	1	0	0	1	1	0	0	54
2013/09/20-15:23:43	24	1,733.574	59.753	7	0	0	0	1	0	1	1	0	0	1	37
2013/09/20-18:51:23	24	1,741.895	63.04	2	0	1	0	0	0	0	1	0	0	1	8
2013/09/20-18:51:50	24	1,741.895	63.04	1	0	0	0	0	0	0	1	1	0	0	7
2013/09/20-18:52:16	24	1,741.895	63.04	9	0	0	0	0	0	0	1	1	0	0	30
2013/09/20-18:53:05	24	1,741.895	63.04	9	0	0	2	0	0	0	1	1	0	0	41
2013/09/20-18:54:05	24	1,741.895	63.04	6	0	0	1	0	0	0	1	1	0	0	23
2013/09/20-19:06:03	24	1,741.895	63.04	4	0	0	2	0	0	1	1	0	0	1	12
2013/09/20-19:07:23	24	1,741.895	63.04	2	0	1	0	0	0	0	1	0	0	1	9
2013/09/20-19:07:51	24	1,741.895	63.04	0	0	1	0	0	0	0	1	0	0	1	6
2013/09/20-19:08:19	26	1,721.738	59.286	3	0	0	0	0	0	1	1	0	0	1	6
2013/09/20-19:09:29	26	1,721.738	59.286	8	0	1	0	0	0	0	1	0	0	1	26
2013/09/20-19:26:27	26	1,721.738	59.286	1	0	1	0	0	0	0	1	0	0	1	6
2013/09/20-19:26:58	26	1,721.738	59.286	2	0	0	0	2	0	0	1	1	0	0	18
2013/09/20-19:27:36	26	1,721.738	59.286	3	0	0	0	1	0	0	1	1	0	0	18
2013/09/20-19:28:14	26	1,721.738	59.286	1	0	1	0	0	0	0	1	0	0	1	8
2013/09/20-19:28:46	26	1,721.738	59.286	4	0	0	1	0	0	0	1	1	0	0	31
2013/09/20-22:38:59	22	1,737.913	61.977	2	0	1	0	1	0	0	1	0	0	1	14
2013/09/20-22:39:42	22	1,737.913	61.977	2	0	0	0	0	0	1	1	0	0	1	10
2013/09/20-22:40:17	22	1,737.913	61.977	5	0	1	1	1	0	0	1	0	0	1	39
2013/09/20-22:41:36	22	1,737.913	61.977	2	0	1	0	0	0	0	1	0	0	1	13
2013/09/20-22:42:08	22	1,737.913	61.977	0	0	1	0	0	0	0	1	0	0	1	6
2013/12/27-10:57:02	26	1,717.288	73.063	8	0	1	8	0	0	0	1	0	0	1	50
2013/12/27-10:58:16	26	1,717.288	73.063	6	0	1	0	0	0	0	1	0	0	1	24
2013/12/27-10:59:17	26	1,717.288	73.063	1	0	0	3	0	0	0	1	1	0	0	6
2013/12/27-10:59:42	26	1,717.288	73.063	3	0	1	1	0	0	0	1	0	0	1	21
2013/12/27-11:00:37	26	1,717.288	73.063	4	0	1	0	0	0	0	1	0	0	1	20
2013/12/27-11:11:09	26	1,717.288	73.063	1	0	0	0	0	0	0	1	1	0	0	3
2013/12/27-11:11:30	26	1,717.288	73.063	5	0	0	1	0	0	1	1	0	0	1	16
2013/12/27-11:12:49	26	1,717.288	73.063	2	0	0	0	2	0	0	1	1	0	0	17
2013/12/27-11:13:25	26	1,717.288	73.063	16	0	0	3	0	0	0	1	1	0	0	60
2013/12/27-11:14:44	26	1,717.288	73.063	1	0	1	0	0	0	0	1	0	0	1	4
2013/12/27-11:35:37	25	1,714.045	65.059	0	0	1	0	0	0	0	1	0	0	1	7
2013/12/27-11:36:38	25	1,714.045	65.059	13	0	0	5	1	0	0	1	1	0	0	60
2013/12/27-11:37:57	25	1,714.045	65.059	3	0	0	0	1	0	0	1	1	0	0	14
2013/12/27-11:38:31	25	1,714.045	65.059	5	0	1	5	2	0	0	1	1	0	0	42
2013/12/27-11:39:32	25	1,714.045	65.059	2	0	1	0	0	0	0	1	0	0	1	4
