2013/09/02-15:17:24	38	1,500	350.465	4	0	0	0	1	0	1	1	0	0	1	14
2013/09/02-15:18:22	38	1,500	350.465	4	0	0	0	0	0	0	1	1	0	0	21
2013/09/02-15:19:02	38	1,500	350.465	2	0	0	0	1	0	1	1	0	0	1	4
2013/09/02-15:19:25	38	1,500	350.465	14	0	0	2	0	0	0	1	1	0	0	60
2013/09/02-15:20:44	38	1,500	350.465	2	0	0	0	1	0	1	1	0	0	1	13
2013/09/02-15:45:35	17	1,694.622	275.415	3	0	1	0	0	0	0	1	0	0	1	13
2013/09/02-15:46:40	17	1,694.622	275.415	5	0	1	2	0	0	0	1	0	0	1	22
2013/09/02-15:47:33	17	1,694.622	275.415	14	0	0	0	1	0	1	1	0	0	1	26
2013/09/02-15:48:52	17	1,694.622	275.415	14	0	0	4	1	0	0	1	1	0	0	60
2013/09/02-15:50:10	17	1,694.622	275.415	5	0	1	0	2	0	0	1	0	0	1	18
2013/09/02-15:57:26	17	1,694.622	275.415	5	0	0	0	0	0	1	1	0	0	1	27
2013/09/02-15:58:25	17	1,694.622	275.415	8	0	1	3	0	0	0	1	0	0	1	21
2013/09/02-15:59:42	17	1,694.622	275.415	12	0	0	0	1	0	0	1	1	0	0	28
2013/09/02-16:00:28	17	1,694.622	275.415	1	0	0	0	0	0	1	1	0	0	1	3
2013/09/02-16:01:47	17	1,694.622	275.415	7	0	0	0	1	0	0	1	1	0	0	23
2013/09/02-19:15:22	13	1,841.092	212.812	3	0	0	0	1	0	1	1	0	0	1	9
2013/09/02-19:15:51	13	1,841.092	212.812	3	0	0	0	2	0	1	1	0	0	1	10
2013/09/02-19:16:19	13	1,841.092	212.812	5	0	1	0	0	0	0	1	0	0	1	8
2013/09/02-19:17:38	13	1,841.092	212.812	18	0	0	0	0	0	1	1	0	0	1	35
2013/09/02-19:18:32	10	1,987.016	181.962	2	0	1	0	0	0	0	1	0	0	1	6
2013/09/02-19:29:31	10	1,987.016	181.962	3	0	0	0	1	0	1	1	0	0	1	12
2013/09/02-19:30:05	10	1,987.016	181.962	1	0	0	0	1	0	1	1	0	0	1	12
2013/09/02-19:30:44	10	1,987.016	181.962	2	0	0	0	0	0	1	1	0	0	1	3
2013/09/02-19:31:31	10	1,987.016	181.962	5	0	0	0	1	0	1	1	0	0	1	27
2013/09/02-19:32:17	10	1,987.016	181.962	6	0	0	1	0	0	1	1	0	0	1	31
2013/09/02-20:16:23	10	1,987.016	181.962	3	0	0	0	1	0	1	1	1	0	0	12
2013/09/02-20:18:33	10	1,987.016	181.962	2	0	0	0	1	0	1	1	0	0	1	20
2013/09/02-20:30:43	10	1,987.016	181.962	10	0	0	2	0	0	1	1	0	0	1	30
2013/09/02-20:31:36	10	1,987.016	181.962	9	0	0	2	1	0	0	1	1	0	0	21
2013/09/02-20:32:21	10	1,987.016	181.962	6	0	0	0	1	0	1	1	0	0	1	11
2013/09/03-01:14:18	14	1,963.304	146.739	26	0	0	0	0	0	0	1	0	0	1	60
2013/09/03-01:15:37	14	1,963.304	146.739	1	0	0	0	0	0	1	1	0	0	1	4
2013/09/03-01:16:09	14	1,963.304	146.739	2	0	0	0	0	0	1	1	0	0	1	6
2013/09/03-01:17:09	14	1,963.304	146.739	3	0	0	0	1	0	1	1	0	0	1	10
2013/09/03-01:17:38	14	1,963.304	146.739	3	0	1	0	0	0	0	1	0	0	1	13
2013/09/03-07:11:18	12	2,037.896	129.786	1	0	0	0	0	0	1	1	0	0	1	3
2013/09/03-07:12:06	12	2,037.896	129.786	1	0	0	0	0	0	1	1	0	0	1	4
2013/09/03-07:12:42	12	2,037.896	129.786	9	0	0	0	3	0	0	1	1	0	0	17
2013/09/03-07:13:17	12	2,037.896	129.786	6	0	0	3	0	0	0	1	1	0	0	37
2013/09/03-07:14:13	12	2,037.896	129.786	1	0	1	0	0	0	0	1	0	0	1	4
2013/09/03-07:31:55	12	2,037.896	129.786	9	0	0	3	0	0	1	1	0	0	1	27
2013/09/03-07:33:07	12	2,037.896	129.786	3	0	1	0	0	0	0	1	0	0	1	10
2013/09/03-07:34:26	12	2,037.896	129.786	4	0	1	0	0	0	0	1	0	0	1	10
2013/09/03-07:35:09	12	2,037.896	129.786	1	0	0	0	1	0	0	1	1	0	0	7
2013/09/03-07:35:34	12	2,037.896	129.786	5	0	1	0	0	0	0	1	0	0	1	16
2013/09/03-21:53:04	16	1,919.375	115.938	7	0	0	0	1	0	1	1	0	0	1	11
2013/09/03-21:53:50	16	1,919.375	115.938	1	0	0	0	0	0	1	1	0	0	1	3
2013/09/03-21:54:15	16	1,919.375	115.938	8	0	0	0	0	0	1	1	0	0	1	19
2013/09/03-21:55:01	16	1,919.375	115.938	2	0	0	0	0	0	1	1	0	0	1	4
2013/09/03-21:55:26	16	1,927.966	106.096	2	0	1	0	0	0	0	1	0	0	1	14
2013/09/03-22:09:58	16	1,927.966	106.096	10	0	0	0	0	0	1	1	0	0	1	22
2013/09/03-22:10:45	16	1,927.966	106.096	4	0	1	0	1	0	0	1	0	0	1	17
2013/09/03-22:11:21	16	1,927.966	106.096	4	0	1	0	0	0	0	1	0	0	1	18
2013/09/03-22:11:58	16	1,927.966	106.096	10	0	0	1	0	0	1	1	0	0	1	21
2013/09/03-22:12:38	16	1,927.966	106.096	2	0	0	0	0	0	1	1	0	0	1	11
2013/09/03-22:24:13	16	1,927.966	106.096	21	0	0	5	0	0	0	1	0	0	1	60
2013/09/03-22:25:32	16	1,927.966	106.096	16	0	0	0	1	0	1	1	0	0	1	24
2013/09/03-22:26:14	16	1,927.966	106.096	4	0	1	0	0	0	0	1	0	0	1	17
2013/09/03-22:26:50	16	1,927.966	106.096	6	0	0	0	0	0	0	1	1	0	0	18
2013/09/03-22:27:27	16	1,927.966	106.096	1	0	0	0	1	0	1	1	0	0	1	3
2013/09/04-17:20:56	13	2,074.66	95.806	33	0	0	0	0	0	0	1	1	0	0	60
2013/09/04-17:22:14	13	2,074.66	95.806	1	0	0	0	0	0	1	1	0	0	1	4
2013/09/04-17:22:48	13	2,074.66	95.806	7	0	0	1	0	0	1	1	0	0	1	21
2013/09/04-17:24:07	13	2,074.66	95.806	4	0	1	0	1	0	0	1	0	0	1	14
2013/09/04-17:24:41	13	2,074.66	95.806	2	0	1	0	0	0	0	1	0	0	1	6
2013/09/04-17:35:52	13	2,074.66	95.806	1	0	0	0	0	0	1	1	0	0	1	7
2013/09/04-17:36:44	13	2,074.66	95.806	4	0	1	0	0	0	0	1	0	0	1	8
2013/09/04-17:37:23	13	2,074.66	95.806	2	0	1	0	0	0	0	1	0	0	1	11
2013/09/04-17:38:42	13	2,074.66	95.806	1	0	0	0	0	0	1	1	0	0	1	3
2013/09/04-17:39:13	13	2,074.66	95.806	2	0	0	0	0	0	0	1	1	0	0	11
2013/09/04-17:54:34	15	2,032.316	82.467	2	0	0	0	1	0	1	1	0	0	1	9
2013/09/04-17:55:12	15	2,032.316	82.467	13	0	0	0	0	0	1	1	0	0	1	20
2013/09/04-17:55:51	15	2,032.316	82.467	0	0	1	0	0	0	0	1	0	0	1	3
2013/09/04-17:56:33	15	2,032.316	82.467	2	0	1	0	0	0	0	1	0	0	1	8
2013/09/04-17:57:01	15	2,032.316	82.467	1	0	1	0	0	0	0	1	0	0	1	8
2013/09/04-23:25:47	16	2,024.588	80.421	2	0	0	0	1	0	0	1	1	0	0	6
2013/09/04-23:26:12	16	2,024.588	80.421	4	0	0	1	1	0	0	1	1	0	0	20
2013/09/04-23:26:51	16	2,024.588	80.421	2	0	0	0	0	0	0	1	1	0	0	6
2013/09/04-23:27:15	16	2,024.588	80.421	2	0	0	0	0	0	0	1	1	0	0	9
2013/09/04-23:27:43	16	2,024.588	80.421	4	0	0	0	0	0	0	1	1	0	0	12
2013/09/04-23:42:07	16	2,027.68	79.982	1	0	0	0	0	0	0	1	1	0	0	3
2013/09/04-23:42:28	16	2,027.68	79.982	13	0	0	3	2	0	0	1	1	0	0	35
2013/09/04-23:43:22	16	2,027.68	79.982	3	0	1	0	0	0	0	1	1	0	0	14
2013/09/04-23:43:55	16	2,027.68	79.982	8	0	0	0	0	0	1	1	0	0	1	16
2013/09/04-23:44:52	16	2,027.68	79.982	3	0	0	0	0	0	0	1	1	0	0	19
2013/09/04-23:55:02	16	2,027.68	79.982	6	0	0	0	0	0	1	1	0	0	1	19
2013/09/04-23:55:40	16	2,027.68	79.982	16	0	0	0	1	0	0	1	1	0	0	41
2013/09/04-23:56:40	16	2,027.68	79.982	11	0	0	2	0	0	1	1	0	0	1	50
2013/09/04-23:57:50	16	2,027.68	79.982	3	0	1	0	2	0	0	1	0	0	1	12
2013/09/04-23:58:20	16	2,027.68	79.982	5	0	1	0	0	0	0	1	0	0	1	18
2013/09/05-00:09:33	16	2,019.342	74.104	1	0	0	0	0	0	1	1	0	0	1	3
2013/09/05-00:10:02	16	2,019.342	74.104	3	0	0	0	1	0	1	1	0	0	1	14
2013/09/05-00:10:35	16	2,019.342	74.104	11	0	1	2	0	0	0	1	0	0	1	44
2013/09/05-00:11:37	16	2,019.342	74.104	9	0	0	1	0	0	1	1	0	0	1	45
2013/09/05-00:12:56	16	2,019.342	74.104	1	0	0	0	2	0	0	1	1	0	0	7
2013/09/05-00:34:05	16	2,019.342	74.104	14	0	0	3	0	0	1	1	0	0	1	48
2013/09/05-00:35:11	16	2,019.342	74.104	5	0	0	0	0	0	1	1	0	0	1	12
2013/09/05-00:35:42	16	2,019.342	74.104	4	0	0	0	0	0	1	1	0	0	1	8
2013/09/05-00:36:13	16	2,019.342	74.104	1	0	1	0	0	0	0	1	0	0	1	3
2013/09/05-00:36:36	16	2,019.342	74.104	1	0	1	0	0	0	0	1	0	0	1	4
2013/09/05-00:46:20	15	2,064.77	66.739	4	0	1	0	0	0	0	1	0	0	1	13
2013/09/05-00:46:52	15	2,064.77	66.739	5	0	1	0	0	0	0	1	0	0	1	16
2013/09/05-00:48:11	15	2,064.77	66.739	8	0	1	2	0	0	0	1	0	0	1	50
2013/09/05-00:49:20	15	2,064.77	66.739	2	0	0	0	0	0	1	1	0	0	1	6
2013/09/05-00:50:39	15	2,064.77	66.739	4	0	1	0	0	0	0	1	0	0	1	10
2013/09/05-08:05:00	16	2,060.932	68.67	17	0	0	2	0	0	0	1	0	0	1	60
2013/09/05-08:06:18	16	2,060.932	68.67	22	0	0	1	1	0	0	1	1	0	0	60
2013/09/05-08:07:37	16	2,060.932	68.67	18	0	0	3	0	0	0	1	0	0	1	60
2013/09/05-08:08:56	16	2,060.932	68.67	5	0	0	1	0	0	1	1	0	0	1	12
2013/09/05-08:10:14	16	2,060.932	68.67	19	0	0	2	1	0	0	1	1	0	0	58
2013/09/05-08:28:22	12	2,095.558	64.498	13	0	0	1	0	0	0	1	0	0	1	60
2013/09/05-08:29:41	12	2,095.558	64.498	5	0	0	1	0	0	0	1	1	0	0	33
2013/09/05-08:30:32	12	2,095.558	64.498	5	0	0	0	0	0	1	1	0	0	1	11
2013/09/05-10:28:48	12	2,095.558	64.498	16	0	0	1	0	0	0	1	0	0	1	60
2013/09/05-10:30:46	12	2,095.558	64.498	4	0	1	0	0	0	0	1	0	0	1	12
2013/09/05-10:50:16	12	2,095.558	64.498	7	0	0	2	0	0	0	1	1	0	0	26
2013/09/05-10:51:01	12	2,095.558	64.498	14	0	0	2	0	0	0	1	0	0	1	60
2013/09/05-10:52:20	12	2,095.558	64.498	19	0	0	2	0	0	0	1	0	0	1	60
2013/09/05-10:53:39	12	2,095.558	64.498	1	0	1	0	0	0	0	1	0	0	1	7
2013/09/05-10:54:46	12	2,095.558	64.498	15	0	0	1	0	0	0	1	0	0	1	60
2013/09/06-23:55:17	12	2,094.603	67.274	9	0	0	2	1	0	1	1	0	0	1	27
2013/09/06-23:56:37	12	2,094.603	67.274	19	0	1	4	1	0	0	1	0	0	1	45
2013/09/06-23:57:56	12	2,094.603	67.274	5	0	0	0	0	0	1	1	0	0	1	12
2013/09/06-23:59:13	12	2,094.603	67.274	12	0	0	3	1	0	0	1	1	0	0	60
2013/09/07-00:00:32	12	2,094.603	67.274	15	0	1	2	0	0	0	1	0	0	1	42
2013/09/07-00:07:47	12	2,094.603	67.274	3	0	0	0	0	0	1	1	0	0	1	12
2013/09/07-00:08:36	12	2,094.603	67.274	11	0	0	1	0	0	1	1	0	0	1	33
2013/09/07-00:09:28	12	2,094.603	67.274	5	0	1	1	0	0	0	1	0	0	1	25
2013/09/07-00:10:17	12	2,094.603	67.274	7	0	0	2	0	0	1	1	0	0	1	28
2013/09/07-00:11:09	12	2,094.603	67.274	7	0	0	3	0	0	1	1	0	0	1	17
2013/09/07-00:25:02	12	2,085.666	60.561	10	0	0	1	0	0	1	1	0	0	1	33
2013/09/07-00:25:54	12	2,085.666	60.561	17	0	0	2	1	0	0	1	1	0	0	46
2013/09/07-00:26:58	12	2,085.666	60.561	15	0	0	3	1	0	0	1	1	0	0	44
2013/09/07-00:28:01	12	2,085.666	60.561	16	0	0	2	0	0	1	1	0	0	1	46
2013/09/07-00:29:06	12	2,085.666	60.561	5	0	0	0	0	0	0	1	1	0	0	28
2013/09/08-18:03:45	11	2,118.8	62.921	5	0	1	0	0	0	0	1	0	0	1	10
2013/09/08-18:24:47	11	2,118.8	62.921	0	0	1	0	0	0	0	1	0	0	1	10
2013/09/08-18:26:30	11	2,118.8	62.921	7	0	0	3	1	0	1	1	1	0	0	28
2013/09/08-18:29:43	11	2,118.8	62.921	7	0	0	2	1	0	0	1	1	0	0	28
2013/09/08-18:47:59	11	2,118.8	62.921	3	0	1	0	0	0	0	1	0	0	1	12
2013/09/08-19:12:35	11	2,118.8	62.921	10	0	1	4	0	0	0	1	0	0	1	28
2013/09/08-19:13:55	11	2,118.8	62.921	14	0	0	3	0	0	0	1	0	0	1	60
2013/09/08-19:27:17	11	2,118.8	62.921	10	0	1	2	0	0	0	1	0	0	1	40
2013/09/08-19:28:17	11	2,118.8	62.921	9	0	1	4	0	0	0	1	0	0	1	28
2013/09/08-19:29:36	9	2,117.937	57.695	5	0	0	1	0	0	1	1	0	0	1	16
2013/09/08-20:12:55	9	2,117.937	57.695	10	0	0	3	0	0	0	1	0	0	1	60
2013/09/08-20:14:14	9	2,117.937	57.695	7	0	0	1	0	0	1	1	0	0	1	17
2013/09/08-20:15:19	9	2,117.937	57.695	7	0	0	2	1	0	0	1	1	0	0	60
2013/09/08-20:16:38	9	2,117.937	57.695	2	0	0	0	0	0	1	1	0	0	1	3
2013/09/08-20:17:57	9	2,117.937	57.695	16	0	0	3	0	0	1	1	0	0	1	40
2013/09/10-00:16:06	9	2,117.096	61.219	12	0	1	1	0	0	0	1	0	0	1	32
2013/09/10-00:17:22	9	2,117.096	61.219	17	0	1	1	0	0	0	1	0	0	1	57
2013/09/10-00:18:41	9	2,117.096	61.219	15	0	0	3	0	0	0	1	1	0	0	60
2013/09/10-00:19:59	9	2,117.096	61.219	12	0	0	1	0	0	1	1	0	0	1	39
2013/09/10-00:20:58	9	2,117.096	61.219	19	0	0	2	0	0	0	1	0	0	1	60
2013/09/10-01:07:02	9	2,121.917	58.227	13	0	0	2	1	0	0	1	1	0	0	39
2013/09/10-01:08:00	9	2,121.917	58.227	18	0	0	1	0	0	0	1	0	0	1	60
2013/09/10-01:09:19	9	2,121.917	58.227	4	0	0	0	0	0	1	1	0	0	1	13
2013/09/10-01:10:37	9	2,121.917	58.227	8	0	1	1	0	0	0	1	0	0	1	22
2013/09/10-01:11:56	9	2,121.917	58.227	4	0	0	2	0	0	1	1	0	0	1	19
2013/09/10-01:25:13	12	2,102.906	55.564	19	0	1	2	1	0	0	1	0	0	1	57
2013/09/10-01:26:32	12	2,102.906	55.564	14	0	0	2	1	0	0	1	1	0	0	48
2013/09/10-01:27:38	12	2,102.906	55.564	19	0	0	1	0	0	0	1	0	0	1	60
2013/09/10-01:28:57	12	2,102.906	55.564	17	0	0	3	0	0	1	1	0	0	1	55
2013/09/10-01:30:16	12	2,102.906	55.564	14	0	0	3	1	0	1	1	0	0	1	35
2013/09/11-01:05:03	12	2,106.885	59.868	13	0	0	2	0	0	0	1	1	0	0	46
2013/09/11-01:06:08	12	2,106.885	59.868	3	0	0	0	0	0	1	1	0	0	1	4
2013/09/11-01:07:27	12	2,106.885	59.868	16	0	0	4	0	0	0	1	0	0	1	60
2013/09/11-01:08:46	12	2,106.885	59.868	17	0	0	4	0	0	1	1	0	0	1	54
2013/09/11-01:09:58	12	2,106.885	59.868	11	0	1	2	0	0	0	1	0	0	1	26
2013/09/11-01:15:52	12	2,106.885	59.868	16	0	0	1	1	0	0	1	1	0	0	47
2013/09/11-01:16:58	9	2,117.845	56.371	13	0	1	1	1	0	0	1	0	0	1	53
2013/09/11-01:18:11	9	2,117.845	56.371	7	0	0	1	0	0	1	1	0	0	1	19
2013/09/11-01:19:30	9	2,117.845	56.371	13	0	0	2	0	0	0	1	1	0	0	40
2013/09/11-01:20:29	9	2,117.845	56.371	10	0	0	3	2	0	0	1	1	0	0	36
2013/09/11-01:37:28	9	2,117.845	56.371	10	0	0	1	0	0	1	1	0	0	1	32
2013/09/11-01:38:47	9	2,117.845	56.371	11	0	0	3	0	0	0	1	0	0	1	60
2013/09/11-01:40:06	9	2,117.845	56.371	6	0	1	2	0	0	0	1	0	0	1	23
2013/09/11-01:41:25	9	2,117.845	56.371	16	0	0	1	1	0	0	1	1	0	0	60
2013/09/11-01:42:44	9	2,117.845	56.371	7	0	0	1	0	0	1	1	0	0	1	29
2013/09/11-17:01:52	9	2,116.521	59.119	10	0	0	1	0	0	0	1	0	0	1	60
2013/09/11-17:03:11	9	2,116.521	59.119	9	0	0	1	0	0	1	1	0	0	1	51
2013/09/11-17:04:21	9	2,116.521	59.119	12	0	1	2	0	0	0	1	0	0	1	58
2013/09/11-17:05:37	9	2,116.521	59.119	8	0	0	1	1	0	1	1	0	0	1	23
2013/09/11-17:06:28	9	2,123.079	57.014	10	0	0	2	1	0	0	1	0	0	1	60
2013/09/11-17:41:01	9	2,123.079	57.014	21	0	0	2	0	0	0	1	0	0	1	60
2013/09/11-17:42:20	9	2,123.079	57.014	15	0	0	1	0	0	0	1	0	0	1	60
2013/09/11-17:43:39	9	2,123.079	57.014	18	0	0	5	0	0	1	1	0	0	1	55
2013/09/11-17:44:58	9	2,123.079	57.014	9	0	1	2	0	0	0	1	0	0	1	44
2013/09/11-17:46:17	9	2,123.079	57.014	18	0	0	2	0	0	0	1	0	0	1	60
2013/09/11-17:58:01	9	2,111.511	54.145	16	0	1	1	1	0	0	1	0	0	1	59
2013/09/11-17:59:20	9	2,111.511	54.145	14	0	0	1	0	0	0	1	0	0	1	60
2013/09/11-18:00:39	9	2,111.511	54.145	15	0	0	3	0	0	0	1	1	0	0	53
2013/09/11-18:01:50	9	2,111.511	54.145	17	0	0	1	0	0	0	1	0	0	1	60
2013/09/11-18:03:09	9	2,111.511	54.145	14	0	1	2	0	0	0	1	0	0	1	48
2013/09/12-11:59:41	8	2,109.764	58.655	4	0	0	0	0	0	1	1	0	0	1	7
2013/09/12-12:01:00	8	2,109.764	58.655	13	0	0	2	0	0	1	1	0	0	1	28
2013/09/12-12:02:19	8	2,109.764	58.655	2	0	0	0	0	0	1	1	0	0	1	12
2013/09/12-12:03:37	8	2,109.764	58.655	11	0	0	1	0	0	1	1	0	0	1	33
2013/09/12-12:04:55	8	2,109.764	58.655	8	0	1	3	0	0	0	1	0	0	1	17
2013/09/12-12:16:43	13	2,069.017	55.932	2	0	0	1	0	0	1	1	0	0	1	8
2013/09/12-12:18:02	13	2,069.017	55.932	17	0	0	2	0	0	0	1	0	0	1	60
2013/09/12-12:19:21	13	2,069.017	55.932	12	0	0	1	1	0	0	1	1	0	0	60
2013/09/12-12:20:39	13	2,069.017	55.932	3	0	0	0	0	0	1	1	0	0	1	6
2013/09/12-12:21:58	13	2,069.017	55.932	11	0	0	1	0	0	1	1	0	0	1	43
2013/09/12-12:35:16	13	2,069.017	55.932	9	0	0	3	0	0	0	1	1	0	0	30
2013/09/12-12:36:02	13	2,069.017	55.932	9	0	0	2	0	0	1	1	0	0	1	41
2013/09/12-12:37:14	13	2,069.017	55.932	6	0	1	1	0	0	0	1	0	0	1	18
2013/09/12-12:38:33	13	2,069.017	55.932	22	0	0	1	0	0	0	1	0	0	1	60
2013/09/12-12:39:52	13	2,069.017	55.932	0	0	1	0	0	0	0	1	0	0	1	5
2013/09/14-01:13:27	10	2,057.286	69.924	14	0	0	1	2	0	0	1	1	0	0	57
2013/09/14-01:14:45	10	2,057.286	69.924	8	0	0	2	1	0	0	1	1	0	0	32
2013/09/14-01:15:35	10	2,057.286	69.924	6	0	0	1	2	0	0	1	1	0	0	25
2013/09/14-01:16:19	10	2,057.286	69.924	5	0	0	1	1	0	0	1	1	0	0	30
2013/09/14-01:17:08	10	2,057.286	69.924	2	0	0	1	0	0	1	1	0	0	1	12
2013/09/14-01:33:05	10	2,043.202	69.426	10	0	0	2	0	0	0	1	0	0	1	60
2013/09/14-01:34:24	10	2,043.202	69.426	11	0	0	1	0	0	1	1	0	0	1	24
2013/09/14-01:35:43	10	2,043.202	69.426	21	0	0	3	2	0	0	1	1	0	0	60
2013/09/14-01:37:01	10	2,043.202	69.426	20	0	0	2	1	0	0	1	1	0	0	60
2013/09/14-01:38:20	10	2,043.202	69.426	18	0	0	3	0	0	0	1	1	0	0	60
2013/09/14-01:59:06	10	2,043.202	69.426	18	0	0	3	0	0	0	1	0	0	1	60
2013/09/14-02:00:25	10	2,031.389	66.204	12	0	0	2	0	0	0	1	0	0	1	60
2013/09/14-02:01:43	10	2,031.389	66.204	11	0	0	2	0	0	0	1	0	0	1	60
2013/09/14-02:03:02	10	2,031.389	66.204	14	0	0	2	0	0	0	1	0	0	1	60
2013/09/14-02:04:21	10	2,031.389	66.204	1	0	0	0	0	0	1	1	0	0	1	6
2013/09/14-04:16:42	10	2,013.787	64.778	14	0	0	2	0	0	1	1	0	0	1	52
2013/09/14-04:17:54	10	2,013.787	64.778	15	0	0	3	1	0	0	1	1	0	0	57
2013/09/14-04:19:10	10	2,013.787	64.778	12	0	0	3	0	0	0	1	1	0	0	60
2013/09/14-04:20:28	10	2,013.787	64.778	9	0	0	2	1	0	0	1	1	0	0	43
2013/09/14-04:21:30	10	2,013.787	64.778	10	0	0	1	1	0	1	1	0	0	1	27
2013/09/14-04:49:09	8	2,021.031	62.649	23	0	0	1	1	0	0	1	1	0	0	60
2013/09/14-04:50:28	8	2,021.031	62.649	14	0	0	1	0	0	1	1	0	0	1	51
2013/09/14-04:51:47	8	2,021.031	62.649	7	0	0	1	0	0	0	1	1	0	0	28
2013/09/14-04:52:33	8	2,021.031	62.649	21	0	0	3	2	0	0	1	1	0	0	60
2013/09/14-04:53:51	8	2,021.031	62.649	11	0	0	2	0	0	0	1	1	0	0	58
2013/09/14-05:11:07	8	2,021.031	62.649	9	0	0	2	1	0	1	1	0	0	1	26
2013/09/14-05:12:16	9	2,016.387	60.025	17	0	0	2	0	0	0	1	0	0	1	60
2013/09/14-05:13:35	9	2,016.387	60.025	2	0	0	0	0	0	1	1	0	0	1	5
2013/09/14-05:14:34	9	2,016.387	60.025	17	0	0	1	0	0	0	1	0	0	1	60
2013/09/14-05:15:53	9	2,016.387	60.025	13	0	0	3	0	0	0	1	1	0	0	60
2013/09/14-07:19:29	9	2,006.004	60.133	12	0	0	2	1	0	1	1	0	0	1	35
2013/09/14-07:20:22	9	2,006.004	60.133	8	0	0	2	1	0	1	1	0	0	1	35
2013/09/14-07:21:31	9	2,006.004	60.133	6	0	0	1	1	0	0	1	1	0	0	37
2013/09/14-07:22:26	9	2,006.004	60.133	10	0	0	1	0	0	0	1	1	0	0	39
2013/09/14-07:23:24	9	2,006.004	60.133	9	0	0	1	0	0	0	1	1	0	0	37
2013/09/14-09:43:53	8	1,991.533	59.574	14	0	0	1	0	0	0	1	0	0	1	60
2013/09/14-09:45:12	8	1,991.533	59.574	10	0	1	2	0	0	0	1	0	0	1	40
2013/09/14-09:46:22	8	1,991.533	59.574	16	0	0	1	0	0	0	1	0	0	1	60
2013/09/14-09:47:40	8	1,991.533	59.574	20	0	0	2	0	0	0	1	0	0	1	60
2013/09/14-09:48:59	8	1,991.533	59.574	5	0	0	1	0	0	1	1	0	0	1	16
2013/09/14-10:07:16	8	1,991.533	59.574	5	0	0	3	0	0	0	1	1	0	0	23
2013/09/14-10:07:57	8	1,991.533	59.574	4	0	0	1	0	0	1	1	0	0	1	17
2013/09/14-10:08:33	8	1,991.533	59.574	7	0	0	1	1	0	0	1	1	0	0	22
2013/09/14-10:09:13	8	1,991.533	59.574	3	0	0	1	0	0	1	1	0	0	1	10
2013/09/14-10:09:51	8	1,991.533	59.574	5	0	1	1	0	0	0	1	0	0	1	15
2013/09/14-13:31:31	11	1,970.318	60.189	13	0	0	4	2	0	0	1	1	0	0	60
2013/09/14-13:32:50	11	1,970.318	60.189	6	0	0	1	1	0	0	1	1	0	0	23
2013/09/14-13:33:32	11	1,970.318	60.189	9	0	0	2	2	0	0	1	1	0	0	43
2013/09/14-13:34:34	11	1,970.318	60.189	16	0	0	2	1	0	0	1	1	0	0	60
2013/09/14-13:35:52	11	1,970.318	60.189	16	0	0	1	0	0	0	1	0	0	1	60
2013/09/14-13:52:56	11	1,970.318	60.189	9	0	0	1	0	0	0	1	1	0	0	23
2013/09/14-13:53:38	11	1,970.318	60.189	7	0	0	1	1	0	1	1	0	0	1	18
2013/09/14-13:54:16	10	1,967.749	58.311	14	0	0	2	0	0	0	1	1	0	0	56
2013/09/14-13:55:30	10	1,967.749	58.311	7	0	0	1	0	0	1	1	0	0	1	34
2013/09/14-13:56:23	10	1,967.749	58.311	13	0	0	1	2	0	0	1	1	0	0	34
2013/09/14-14:17:34	10	1,967.749	58.311	16	0	0	1	1	0	0	1	1	0	0	54
2013/09/14-14:18:47	10	1,967.749	58.311	8	0	0	2	1	0	0	1	1	0	0	33
2013/09/14-14:19:38	10	1,967.749	58.311	7	0	0	1	1	0	0	1	1	0	0	17
2013/09/14-14:20:14	10	1,967.749	58.311	7	0	0	1	1	0	1	1	0	0	1	23
2013/09/14-14:20:56	10	1,967.749	58.311	15	0	1	4	0	0	0	1	0	0	1	44
2013/09/14-18:16:36	5	1,997.085	60.592	7	0	0	1	0	0	1	1	0	0	1	28
2013/09/14-18:17:49	5	1,997.085	60.592	8	0	0	2	0	0	1	1	0	0	1	40
2013/09/14-18:18:55	5	1,997.085	60.592	13	0	0	3	2	0	0	1	1	0	0	50
2013/09/14-18:20:04	5	1,997.085	60.592	8	0	0	2	2	0	0	1	1	0	0	49
2013/09/14-18:21:12	5	1,997.085	60.592	12	0	0	3	1	0	0	1	1	0	0	60
2013/09/14-18:39:34	6	1,981.646	59.334	13	0	0	4	0	0	0	1	0	0	1	60
2013/09/14-18:40:53	6	1,981.646	59.334	11	0	0	2	0	0	0	1	1	0	0	53
2013/09/14-18:42:05	6	1,981.646	59.334	5	0	0	1	0	0	1	1	0	0	1	13
2013/09/14-18:43:24	6	1,981.646	59.334	3	0	0	0	0	0	1	1	0	0	1	11
2013/09/14-18:44:42	6	1,981.646	59.334	8	0	1	2	0	0	0	1	0	0	1	29
2013/09/14-19:06:46	6	1,981.646	59.334	3	0	0	0	0	0	1	1	0	0	1	8
2013/09/14-19:08:05	8	1,957.619	57.359	1	0	0	0	0	0	1	1	0	0	1	5
2013/09/14-19:09:15	8	1,957.619	57.359	3	0	0	1	0	0	1	1	0	0	1	12
2013/09/14-19:10:35	8	1,957.619	57.359	7	0	0	1	0	0	1	1	0	0	1	20
2013/09/14-19:11:55	8	1,957.619	57.359	6	0	1	1	0	0	0	1	0	0	1	27
2013/09/14-22:14:08	8	1,944.333	59.719	8	0	0	1	0	0	0	1	1	0	0	30
2013/09/14-22:14:58	8	1,944.333	59.719	6	0	0	2	1	0	0	1	1	0	0	40
2013/09/14-22:15:57	8	1,944.333	59.719	13	0	0	3	1	0	0	1	1	0	0	58
2013/09/14-22:17:13	8	1,944.333	59.719	7	0	1	1	0	0	0	1	0	0	1	19
2013/09/14-22:17:55	8	1,944.333	59.719	10	0	0	3	1	0	1	1	0	0	1	39
2013/09/14-22:44:31	8	1,944.333	59.719	15	0	1	2	1	0	0	1	0	0	1	40
2013/09/14-22:45:30	8	1,944.333	59.719	12	0	0	2	0	0	0	1	0	0	1	60
2013/09/14-22:46:49	8	1,935.155	57.417	13	0	0	2	1	0	0	1	1	0	0	46
2013/09/14-22:47:53	8	1,935.155	57.417	12	0	0	1	0	0	0	1	0	0	1	60
2013/09/14-22:49:12	8	1,935.155	57.417	12	0	0	1	1	0	1	1	0	0	1	57
2013/09/14-23:12:25	8	1,935.155	57.417	9	0	0	2	1	0	0	1	1	0	0	32
2013/09/14-23:13:16	8	1,935.155	57.417	18	0	0	2	0	0	0	1	1	0	0	60
2013/09/14-23:14:35	8	1,935.155	57.417	7	0	0	1	2	0	0	1	1	0	0	29
2013/09/14-23:15:23	8	1,935.155	57.417	13	0	0	3	2	0	0	1	1	0	0	60
2013/09/14-23:16:42	8	1,935.155	57.417	10	0	0	1	0	0	0	1	1	0	0	37
2013/09/15-11:12:30	8	1,971.163	60.167	6	0	0	3	1	0	0	1	1	0	0	35
2013/09/15-11:13:25	8	1,971.163	60.167	19	0	0	3	2	0	0	1	1	0	0	55
2013/09/15-11:14:39	8	1,971.163	60.167	14	0	0	1	1	0	0	1	1	0	0	45
2013/09/15-11:15:43	8	1,971.163	60.167	9	0	0	0	0	0	1	1	0	0	1	28
2013/09/15-11:16:51	8	1,971.163	60.167	5	0	0	0	0	0	1	1	0	0	1	17
2013/09/15-11:34:15	7	1,957.593	58.349	9	0	0	3	0	0	0	1	1	0	0	33
2013/09/15-11:35:06	7	1,957.593	58.349	12	0	0	3	0	0	0	1	0	0	1	60
2013/09/15-11:36:25	7	1,957.593	58.349	14	0	0	2	0	0	0	1	0	0	1	60
2013/09/15-11:37:44	7	1,957.593	58.349	10	0	0	2	0	0	0	1	0	0	1	60
2013/09/15-11:39:03	7	1,957.593	58.349	14	0	0	3	1	0	0	1	1	0	0	60
