2013/09/02-15:29:36	39	1,500	350.465	0	0	1	0	0	0	0	1	0	0	1	6
2013/09/02-15:30:27	39	1,500	350.465	0	0	1	0	0	0	0	1	0	0	1	3
2013/09/02-15:30:52	39	1,500	350.465	0	0	1	0	0	0	0	1	0	0	1	6
2013/09/02-15:31:42	39	1,500	350.465	0	0	1	0	0	0	0	1	0	0	1	3
2013/09/02-15:32:12	39	1,500	350.465	0	0	1	0	0	0	0	1	0	0	1	6
2013/09/02-15:32:44	39	1,500	350.465	0	0	1	0	0	0	0	1	0	0	1	3
2013/09/02-15:33:08	39	1,500	350.465	0	0	1	0	0	0	0	1	0	0	1	6
2013/09/02-15:34:27	39	1,500	350.465	0	0	1	0	0	0	0	1	0	0	1	6
2013/09/02-15:34:54	39	1,500	350.465	0	0	1	0	0	0	0	1	0	0	1	6
2013/09/02-15:35:54	85	458.469	265.701	0	0	1	0	0	0	0	1	0	0	1	3
2013/09/02-15:50:54	85	458.469	265.701	0	0	1	0	0	0	0	1	0	0	1	6
2013/09/02-15:51:52	85	458.469	265.701	0	0	1	0	0	0	0	1	0	0	1	6
2013/09/02-15:52:22	85	458.469	265.701	0	0	1	0	0	0	0	1	0	0	1	4
2013/09/02-15:53:10	85	458.469	265.701	0	0	0	0	0	0	0	1	1	0	0	6
2013/09/02-15:53:34	85	458.469	265.701	0	0	1	0	0	0	0	1	0	0	1	6
2013/09/03-00:10:16	78	782.771	238.914	0	0	1	0	0	0	0	1	0	0	1	6
2013/09/03-00:10:53	78	782.771	238.914	0	0	1	0	0	0	0	1	0	0	1	6
2013/09/03-00:11:18	78	782.771	238.914	0	0	1	0	0	0	0	1	0	0	1	6
2013/09/03-00:12:05	78	782.771	238.914	0	0	1	0	0	0	0	1	0	0	1	3
2013/09/03-00:12:27	78	782.771	238.914	0	0	1	0	0	0	0	1	0	0	1	6
2013/09/03-00:21:52	75	941.293	197.786	0	0	0	0	0	0	0	1	1	0	0	6
2013/09/03-00:22:17	75	941.293	197.786	0	0	1	0	0	0	0	1	0	0	1	6
2013/09/03-00:22:42	75	941.293	197.786	0	0	1	0	0	0	0	1	0	0	1	6
2013/09/03-00:23:07	75	941.293	197.786	0	0	1	0	0	0	0	1	1	0	0	6
2013/09/03-00:23:32	75	941.293	197.786	0	0	1	0	0	0	0	1	0	0	1	6
2013/09/03-00:33:02	75	941.293	197.786	0	0	1	0	0	0	0	1	0	0	1	6
2013/09/03-00:33:27	75	941.293	197.786	0	0	0	0	0	0	0	1	1	0	0	6
2013/09/03-00:33:52	75	941.293	197.786	0	0	0	0	0	0	0	1	1	0	0	6
2013/09/03-00:34:18	75	941.293	197.786	0	0	1	0	0	0	0	1	0	0	1	6
2013/09/03-00:34:42	75	941.293	197.786	0	0	1	0	0	0	0	1	0	0	1	6
2013/09/03-16:01:42	71	1,112.714	156.764	0	0	1	0	0	0	0	1	0	0	1	6
2013/09/03-16:02:08	71	1,112.714	156.764	0	0	1	0	0	0	0	1	0	0	1	6
2013/09/03-16:02:33	71	1,112.714	156.764	0	0	1	0	0	0	0	1	0	0	1	6
2013/09/03-16:02:58	71	1,112.714	156.764	0	0	1	0	0	0	0	1	0	0	1	6
2013/09/03-16:03:22	71	1,112.714	156.764	0	0	0	0	0	0	0	1	1	0	0	6
2013/09/03-16:06:06	71	1,112.714	156.764	0	0	1	0	0	0	0	1	0	0	1	6
2013/09/03-16:06:31	71	1,112.714	156.764	0	0	1	0	0	0	0	1	0	0	1	6
2013/09/03-16:06:56	71	1,112.714	156.764	0	0	1	0	0	0	0	1	0	0	1	6
2013/09/03-16:07:21	71	1,112.714	156.764	0	0	1	0	0	0	0	1	0	0	1	6
2013/09/03-16:07:46	71	1,112.714	156.764	0	0	1	0	0	0	0	1	0	0	1	6
2013/09/03-16:13:40	79	904.201	126.802	0	0	1	0	0	0	0	1	0	0	1	6
2013/09/03-16:14:05	79	904.201	126.802	0	0	1	0	0	0	0	1	0	0	1	6
2013/09/03-16:14:30	79	904.201	126.802	0	0	1	0	0	0	0	1	0	0	1	6
2013/09/03-16:14:55	79	904.201	126.802	0	0	1	0	0	0	0	1	0	0	1	6
2013/09/03-16:15:20	79	904.201	126.802	0	0	1	0	0	0	0	1	0	0	1	6
2013/09/03-20:48:34	80	850.172	113.405	0	0	1	0	0	0	0	1	0	0	1	6
2013/09/03-20:48:59	80	850.172	113.405	0	0	1	0	0	0	0	1	0	0	1	6
2013/09/03-20:49:24	80	881.438	107.383	0	0	1	0	0	0	0	1	0	0	1	6
2013/09/03-20:49:49	80	881.438	107.383	0	0	1	0	0	0	0	1	0	0	1	6
2013/09/03-20:50:15	80	881.438	107.383	0	0	1	0	0	0	0	1	0	0	1	6
2013/09/03-20:55:50	80	881.438	107.383	0	0	1	0	0	0	0	1	0	0	1	6
2013/09/03-20:56:15	80	881.438	107.383	0	0	1	0	0	0	0	1	0	0	1	6
2013/09/03-20:56:40	80	881.438	107.383	0	0	1	0	0	0	0	1	0	0	1	6
2013/09/03-20:57:05	80	881.438	107.383	0	0	0	0	0	0	0	1	1	0	0	6
2013/09/03-20:57:30	80	881.438	107.383	0	0	1	0	0	0	0	1	0	0	1	6
2013/09/03-21:03:27	80	881.438	107.383	0	0	1	0	0	0	0	1	0	0	1	6
2013/09/03-21:03:51	80	881.438	107.383	0	0	0	0	0	0	0	1	1	0	0	6
2013/09/03-21:04:16	80	881.438	107.383	0	0	1	0	0	0	0	1	0	0	1	6
2013/09/03-21:04:41	80	881.438	107.383	0	0	1	0	0	0	0	1	0	0	1	6
2013/09/03-21:05:06	80	881.438	107.383	0	0	1	0	0	0	0	1	0	0	1	6
2013/09/04-16:20:11	79	917.158	94.816	0	0	0	0	0	0	0	1	1	0	0	6
2013/09/04-16:20:36	79	917.158	94.816	0	0	1	0	0	0	0	1	0	0	1	6
2013/09/04-16:21:01	79	917.158	94.816	0	0	1	0	0	0	0	1	0	0	1	6
2013/09/04-16:21:26	79	917.158	94.816	0	0	1	0	0	0	0	1	0	0	1	6
2013/09/04-16:21:51	79	917.158	94.816	0	0	1	0	0	0	0	1	0	0	1	3
2013/09/04-16:26:44	79	931.226	86.093	0	0	1	0	0	0	0	1	0	0	1	6
2013/09/04-16:27:09	79	931.226	86.093	0	0	1	0	0	0	0	1	0	0	1	6
2013/09/04-16:27:34	79	931.226	86.093	0	0	1	0	0	0	0	1	0	0	1	6
2013/09/04-16:27:58	79	931.226	86.093	0	0	1	0	0	0	0	1	0	0	1	6
2013/09/04-16:28:42	79	931.226	86.093	0	0	1	0	0	0	0	1	0	0	1	6
2013/09/04-16:37:52	79	931.226	86.093	0	0	1	0	0	0	0	1	0	0	1	6
2013/09/04-16:38:17	79	931.226	86.093	0	0	0	0	0	0	0	1	1	0	0	6
2013/09/04-16:38:42	79	931.226	86.093	0	0	1	0	0	0	0	1	0	0	1	6
2013/09/04-16:39:07	79	931.226	86.093	0	0	1	0	0	0	0	1	0	0	1	6
2013/09/04-16:39:32	79	931.226	86.093	0	0	1	0	0	0	0	1	0	0	1	6
2013/09/04-21:29:20	78	954.669	80.218	0	0	1	0	0	0	0	1	1	0	0	6
2013/09/04-21:29:48	78	954.669	80.218	0	0	1	0	0	0	0	1	0	0	1	6
2013/09/04-21:30:14	78	954.669	80.218	0	0	1	0	0	0	0	1	0	0	1	6
2013/09/04-21:30:40	78	954.669	80.218	0	0	1	0	0	0	0	1	0	0	1	6
2013/09/04-21:31:06	76	969.774	75.269	0	0	1	0	0	0	0	1	0	0	1	3
2013/09/04-23:08:07	76	969.774	75.269	0	0	1	0	0	0	0	1	0	0	1	3
2013/09/04-23:08:29	76	969.774	75.269	0	0	1	0	0	0	0	1	0	0	1	6
2013/09/04-23:09:09	76	969.774	75.269	0	0	1	0	0	0	0	1	1	0	0	6
2013/09/04-23:09:34	76	969.774	75.269	0	0	1	0	0	0	0	1	0	0	1	6
2013/09/04-23:10:12	76	969.774	75.269	0	0	1	0	0	0	0	1	0	0	1	6
2013/09/04-23:15:59	77	976.89	70.053	0	0	1	0	0	0	0	1	0	0	1	8
2013/09/04-23:16:26	77	976.89	70.053	0	0	1	0	0	0	0	1	0	0	1	6
2013/09/04-23:16:59	77	976.89	70.053	0	0	1	0	0	0	0	1	0	0	1	6
2013/09/04-23:18:18	77	976.89	70.053	0	0	1	0	0	0	0	1	0	0	1	6
2013/09/04-23:18:42	77	976.89	70.053	0	0	1	0	0	0	0	1	0	0	1	6
2013/09/05-03:31:24	78	969.586	71.262	0	0	1	0	0	0	0	1	0	0	1	6
2013/09/05-03:31:49	78	969.586	71.262	0	0	1	0	0	0	0	1	0	0	1	11
2013/09/05-03:32:18	78	969.586	71.262	0	0	1	0	0	0	0	1	0	0	1	6
2013/09/05-03:32:43	78	969.586	71.262	0	0	1	0	0	0	0	1	0	0	1	6
2013/09/05-03:33:08	78	969.586	71.262	0	0	1	0	0	0	0	1	0	0	1	6
2013/09/05-03:42:26	78	967.11	66.85	0	0	1	0	0	0	0	1	0	0	1	6
2013/09/05-03:42:51	78	967.11	66.85	0	0	1	0	0	0	0	1	0	0	1	6
2013/09/05-03:43:16	78	967.11	66.85	0	0	1	0	0	0	0	1	0	0	1	6
2013/09/05-03:44:18	78	967.11	66.85	0	0	1	0	0	0	0	1	0	0	1	6
2013/09/05-03:44:42	78	967.11	66.85	0	0	1	0	0	0	0	1	0	0	1	6
2013/09/05-03:52:25	78	967.11	66.85	0	0	1	0	0	0	0	1	0	0	1	6
2013/09/05-03:52:50	78	967.11	66.85	0	0	1	0	0	0	0	1	0	0	1	4
2013/09/05-03:53:15	78	967.11	66.85	0	0	1	0	0	0	0	1	0	0	1	6
2013/09/05-03:53:40	78	967.11	66.85	0	0	1	0	0	0	0	1	1	0	0	6
2013/09/05-03:54:05	78	967.11	66.85	0	0	1	0	0	0	0	1	0	0	1	8
2013/09/06-01:15:04	80	969.253	66.104	0	0	1	0	0	0	0	1	0	0	1	6
2013/09/06-01:15:29	80	969.253	66.104	0	0	1	0	0	0	0	1	0	0	1	6
2013/09/06-01:15:53	80	969.253	66.104	0	0	1	0	0	0	0	1	0	0	1	6
2013/09/06-01:16:18	80	969.253	66.104	0	0	1	0	0	0	0	1	0	0	1	6
2013/09/06-01:16:43	80	969.253	66.104	0	0	1	0	0	0	0	1	0	0	1	6
2013/09/06-01:27:47	74	989.141	62.372	0	0	1	0	0	0	0	1	0	0	1	6
2013/09/06-01:28:16	74	989.141	62.372	0	0	1	0	0	0	0	1	0	0	1	6
2013/09/06-01:28:40	74	989.141	62.372	0	0	1	0	0	0	0	1	0	0	1	6
2013/09/06-01:29:05	74	989.141	62.372	0	0	1	0	0	0	0	1	0	0	1	6
2013/09/06-01:29:30	74	989.141	62.372	0	0	1	0	0	0	0	1	0	0	1	6
2013/09/06-01:35:03	74	989.141	62.372	0	0	1	0	0	0	0	1	0	0	1	6
2013/09/06-01:35:27	74	989.141	62.372	0	0	1	0	0	0	0	1	0	0	1	6
2013/09/06-01:35:52	74	989.141	62.372	0	0	1	0	0	0	0	1	0	0	1	6
2013/09/06-01:36:18	74	989.141	62.372	0	0	1	0	0	0	0	1	0	0	1	6
2013/09/06-01:36:43	75	991.524	57.557	0	0	0	0	0	0	0	1	1	0	0	6
2013/09/06-01:50:07	75	991.524	57.557	0	0	1	0	0	0	0	1	0	0	1	6
2013/09/06-01:50:32	75	991.524	57.557	0	0	1	0	0	0	0	1	0	0	1	6
2013/09/06-01:50:57	75	991.524	57.557	0	0	1	0	0	0	0	1	0	0	1	6
2013/09/06-01:51:21	75	991.524	57.557	0	0	1	0	0	0	0	1	0	0	1	6
2013/09/06-01:51:46	75	991.524	57.557	0	0	0	0	0	0	0	1	1	0	0	6
2013/09/09-08:02:47	74	1,009.648	69.913	0	0	1	0	0	0	0	1	0	0	1	0
2013/09/09-08:05:11	74	1,009.648	69.913	0	0	1	0	0	0	0	1	0	0	1	4
2013/09/09-08:35:06	74	1,009.648	69.913	0	0	1	0	0	0	0	1	0	0	1	34
2013/09/09-08:35:59	74	1,009.648	69.913	0	0	1	0	0	0	0	1	0	0	1	16
2013/09/09-08:36:34	74	1,009.648	69.913	0	0	1	0	0	0	0	1	0	0	1	6
2013/09/09-08:51:12	75	1,012.384	65.629	0	0	0	0	0	0	0	1	1	0	0	6
2013/09/09-08:51:37	75	1,012.384	65.629	0	0	0	0	0	0	0	1	1	0	0	6
2013/09/09-08:52:02	75	1,012.384	65.629	0	0	0	0	0	0	0	1	1	0	0	6
2013/09/09-08:52:27	75	1,012.384	65.629	0	0	0	0	0	0	0	1	1	0	0	6
2013/09/09-09:09:45	75	1,012.384	65.629	0	0	1	0	0	0	0	1	0	0	1	6
2013/09/09-20:32:57	75	1,012.384	65.629	0	0	1	0	0	0	0	1	0	0	1	6
2013/09/09-20:33:31	74	1,039.024	61.203	0	0	1	0	0	0	0	1	0	0	1	6
2013/09/09-20:33:56	74	1,039.024	61.203	0	0	1	0	0	0	0	1	0	0	1	12
2013/09/09-20:34:26	74	1,039.024	61.203	0	0	0	0	0	0	0	1	1	0	0	9
2013/09/09-20:34:54	74	1,039.024	61.203	0	0	1	0	0	0	0	1	0	0	1	13
2013/09/10-21:31:06	73	1,055.188	64.651	0	0	1	0	0	0	0	1	0	0	1	14
2013/09/10-21:31:40	73	1,055.188	64.651	0	0	1	0	0	0	0	1	0	0	1	21
2013/09/10-21:32:20	73	1,055.188	64.651	0	0	1	0	0	0	0	1	0	0	1	10
2013/09/10-21:32:49	73	1,055.188	64.651	0	0	1	0	0	0	0	1	0	0	1	6
2013/09/10-21:33:14	73	1,055.188	64.651	0	0	0	0	0	0	0	1	1	0	0	8
2013/09/10-23:45:49	73	1,077.336	61.082	0	0	1	0	0	0	0	1	0	0	1	6
2013/09/10-23:46:22	73	1,077.336	61.082	0	0	1	0	0	0	0	1	0	0	1	6
2013/09/10-23:47:31	73	1,077.336	61.082	0	0	1	0	0	0	0	1	0	0	1	7
2013/09/10-23:48:18	73	1,077.336	61.082	0	0	1	0	0	0	0	1	0	0	1	35
2013/09/10-23:49:37	73	1,077.336	61.082	0	0	1	0	0	0	0	1	0	0	1	20
2013/09/10-23:54:57	73	1,077.336	61.082	0	0	0	1	0	0	0	1	1	0	0	47
2013/09/10-23:56:03	73	1,077.336	61.082	0	0	1	0	0	0	0	1	0	0	1	6
2013/09/10-23:56:46	73	1,077.336	61.082	0	0	1	0	0	0	0	1	0	0	1	14
2013/09/10-23:57:26	73	1,077.336	61.082	0	0	1	0	0	0	0	1	0	0	1	6
2013/09/10-23:58:04	73	1,077.336	61.082	0	0	0	1	0	0	0	1	1	0	0	46
2013/09/11-14:24:53	73	1,067.655	62.126	0	0	0	0	0	0	0	1	1	0	0	21
2013/09/11-14:25:33	73	1,067.655	62.126	0	0	1	0	0	0	0	1	0	0	1	9
2013/09/11-14:26:01	73	1,083.24	60.768	0	0	1	0	0	0	0	1	0	0	1	6
2013/09/11-14:26:29	73	1,083.24	60.768	0	0	1	0	0	0	0	1	0	0	1	11
2013/09/11-14:26:59	73	1,083.24	60.768	0	0	0	0	0	0	0	1	1	0	0	6
2013/09/11-14:45:00	73	1,083.24	60.768	0	0	1	0	0	0	0	1	0	0	1	6
2013/09/11-14:46:02	73	1,083.24	60.768	0	0	1	0	0	0	0	1	0	0	1	9
2013/09/11-14:47:17	73	1,083.24	60.768	0	0	1	1	0	0	0	1	0	0	1	39
2013/09/11-14:48:15	71	1,083.214	57.196	0	0	1	0	0	0	0	1	0	0	1	24
2013/09/11-14:49:34	71	1,083.214	57.196	0	0	1	0	0	0	0	1	0	0	1	10
2013/09/11-14:55:44	71	1,083.214	57.196	0	0	0	0	0	0	0	1	1	0	0	36
2013/09/11-14:56:39	71	1,083.214	57.196	0	0	1	0	0	0	0	1	0	0	1	10
2013/09/11-14:57:08	71	1,083.214	57.196	0	0	1	0	0	0	0	1	0	0	1	6
2013/09/11-14:57:57	71	1,083.214	57.196	0	0	1	0	0	0	0	1	0	0	1	12
2013/09/11-14:58:27	71	1,083.214	57.196	0	0	1	0	0	0	0	1	0	0	1	20
2013/09/12-08:36:36	72	1,077.644	60.247	0	0	1	0	0	0	0	1	0	0	1	6
2013/09/12-08:37:55	72	1,077.644	60.247	0	0	1	0	0	0	0	1	0	0	1	14
2013/09/12-08:38:27	72	1,077.644	60.247	0	0	1	0	0	0	0	1	0	0	1	51
2013/09/12-08:39:37	72	1,077.644	60.247	0	0	0	0	0	0	0	1	1	0	0	6
2013/09/12-08:40:02	72	1,077.644	60.247	0	0	1	0	0	0	0	1	0	0	1	51
2013/09/12-08:54:30	72	1,089.825	57.303	0	0	1	0	0	0	0	1	0	0	1	7
2013/09/12-08:55:19	72	1,089.825	57.303	0	0	1	0	0	0	0	1	0	0	1	7
2013/09/12-08:55:58	72	1,089.825	57.303	0	0	1	0	0	0	0	1	0	0	1	13
2013/09/12-08:56:30	72	1,089.825	57.303	0	0	1	0	0	0	0	1	0	0	1	6
2013/09/12-08:57:22	72	1,089.825	57.303	0	0	1	0	0	0	0	1	0	0	1	6
2013/09/12-09:02:30	72	1,089.825	57.303	0	0	1	0	0	0	0	1	0	0	1	11
2013/09/12-09:03:00	72	1,089.825	57.303	0	0	1	0	0	0	0	1	0	0	1	6
2013/09/12-09:03:25	72	1,076.019	53.776	0	0	1	0	0	0	0	1	0	0	1	11
2013/09/12-09:03:54	72	1,076.019	53.776	0	0	0	0	0	0	0	1	1	0	0	6
2013/09/12-09:04:19	72	1,076.019	53.776	0	0	1	0	0	0	0	1	0	0	1	7
2013/09/13-21:08:48	72	1,085.101	68.933	0	0	1	0	0	0	0	1	0	0	1	6
2013/09/13-21:09:14	72	1,085.101	68.933	0	0	0	0	0	0	0	1	1	0	0	11
2013/09/13-21:09:43	72	1,085.101	68.933	0	0	0	0	0	0	0	1	1	0	0	21
2013/09/13-21:10:23	72	1,085.101	68.933	0	0	0	0	0	0	0	1	1	0	0	8
2013/09/13-21:10:49	72	1,085.101	68.933	0	0	1	0	0	0	0	1	0	0	1	9
2013/09/13-21:19:51	72	1,085.101	68.933	0	0	1	0	0	0	0	1	0	0	1	7
2013/09/13-21:20:20	72	1,085.101	68.933	0	0	1	0	0	0	0	1	0	0	1	6
2013/09/13-21:20:46	72	1,108.749	63.531	0	0	1	0	0	0	0	1	0	0	1	6
2013/09/13-21:21:15	72	1,108.749	63.531	0	0	0	0	0	0	0	1	1	0	0	7
2013/09/13-21:21:41	72	1,108.749	63.531	0	0	0	0	0	0	0	1	1	0	0	15
2013/09/13-21:33:11	72	1,108.749	63.531	0	0	1	0	0	0	0	1	0	0	1	8
2013/09/13-21:33:51	72	1,108.749	63.531	0	0	1	0	0	0	0	1	0	0	1	10
2013/09/13-21:34:20	72	1,108.749	63.531	0	0	1	3	0	0	0	1	0	0	1	39
2013/09/13-21:35:18	72	1,108.749	63.531	0	0	1	0	0	0	0	1	0	0	1	6
2013/09/13-21:36:05	72	1,108.749	63.531	0	0	1	0	0	0	0	1	0	0	1	9
2013/09/14-01:17:52	73	1,111.456	59.505	0	0	1	0	0	0	0	1	0	0	1	6
2013/09/14-01:18:39	73	1,111.456	59.505	0	0	0	0	0	0	0	1	1	0	0	48
2013/09/14-01:19:45	73	1,111.456	59.505	0	0	1	0	0	0	0	1	0	0	1	7
2013/09/14-01:20:56	73	1,111.456	59.505	0	0	1	0	0	0	0	1	0	0	1	7
2013/09/14-01:22:15	73	1,111.456	59.505	0	0	1	0	0	0	0	1	0	0	1	6
2013/09/14-01:23:40	72	1,122.575	58.648	0	0	1	0	0	0	0	1	0	0	1	43
2013/09/14-01:24:59	72	1,122.575	58.648	0	0	1	0	0	0	0	1	0	0	1	14
2013/09/14-01:26:18	72	1,122.575	58.648	0	0	1	0	0	0	0	1	0	0	1	11
2013/09/14-01:26:55	72	1,122.575	58.648	0	0	1	0	0	0	0	1	0	0	1	6
2013/09/14-01:27:29	72	1,122.575	58.648	0	0	1	0	0	0	0	1	0	0	1	6
2013/09/14-01:45:36	72	1,122.575	58.648	0	0	1	0	0	0	0	1	0	0	1	6
2013/09/14-01:46:02	72	1,122.575	58.648	0	0	0	0	0	0	0	1	1	0	0	9
2013/09/14-01:46:30	72	1,122.575	58.648	0	0	0	0	0	0	0	1	1	0	0	16
2013/09/14-01:47:05	72	1,122.575	58.648	0	0	0	0	0	0	0	1	1	0	0	10
2013/09/14-01:47:33	72	1,122.575	58.648	0	0	1	0	0	0	0	1	0	0	1	10
2013/09/14-02:22:02	69	1,164.822	55.077	0	0	1	0	0	0	0	1	0	0	1	6
2013/09/14-02:23:09	69	1,164.822	55.077	0	0	1	0	0	0	0	1	0	0	1	12
2013/09/14-02:23:46	69	1,164.822	55.077	0	0	1	0	0	0	0	1	0	0	1	10
2013/09/14-02:24:40	69	1,164.822	55.077	0	0	1	0	0	0	0	1	0	0	1	50
2013/09/14-02:25:59	69	1,164.822	55.077	0	0	1	0	0	0	0	1	0	0	1	6
2013/09/14-02:27:24	69	1,164.822	55.077	0	0	1	0	0	0	0	1	0	0	1	9
2013/09/14-02:28:43	69	1,164.822	55.077	0	0	0	0	0	0	0	1	1	0	0	43
2013/09/14-02:29:45	69	1,164.822	55.077	0	0	1	0	0	0	0	1	0	0	1	9
2013/09/14-02:30:22	69	1,164.822	55.077	0	0	1	0	0	0	0	1	0	0	1	15
2013/09/14-02:31:41	69	1,164.822	55.077	0	0	1	0	0	0	0	1	0	0	1	22
2013/09/14-02:51:09	68	1,173.759	53.067	0	0	1	0	0	0	0	1	0	0	1	9
2013/09/14-02:51:46	68	1,173.759	53.067	0	0	1	0	0	0	0	1	0	0	1	35
2013/09/14-02:52:40	68	1,173.759	53.067	0	0	0	0	0	0	0	1	1	0	0	44
2013/09/14-02:53:43	68	1,173.759	53.067	0	0	1	0	0	0	0	1	0	0	1	6
2013/09/14-02:54:34	68	1,173.759	53.067	0	0	1	0	0	0	0	1	0	0	1	9
2013/09/14-05:28:51	68	1,173.239	54.085	0	0	1	0	0	0	0	1	0	0	1	6
2013/09/14-05:29:42	68	1,173.239	54.085	0	0	1	0	0	0	0	1	0	0	1	11
2013/09/14-05:30:17	68	1,173.239	54.085	0	0	1	0	0	0	0	1	0	0	1	17
2013/09/14-05:30:56	68	1,173.239	54.085	0	0	1	0	0	0	0	1	0	0	1	11
2013/09/14-05:31:44	68	1,173.239	54.085	0	0	0	0	0	0	0	1	1	0	0	30
2013/09/14-05:38:42	68	1,173.239	54.085	0	0	1	0	0	0	0	1	0	0	1	26
2013/09/14-05:39:26	68	1,173.239	54.085	0	0	1	0	0	0	0	1	0	0	1	10
2013/09/14-05:39:55	68	1,173.239	54.085	0	0	1	0	0	0	0	1	0	0	1	20
2013/09/14-05:40:34	68	1,173.239	54.085	0	0	1	0	0	0	0	1	0	0	1	9
2013/09/14-05:41:02	68	1,173.239	54.085	0	0	1	0	0	0	0	1	0	0	1	9
2013/09/14-05:59:05	68	1,185.637	51.709	0	0	1	0	0	0	0	1	0	0	1	15
2013/09/14-05:59:56	68	1,185.637	51.709	0	0	1	0	0	0	0	1	0	0	1	9
2013/09/14-06:00:52	68	1,185.637	51.709	0	0	1	0	0	0	0	1	0	0	1	25
2013/09/14-06:01:36	68	1,185.637	51.709	0	0	1	0	0	0	0	1	0	0	1	7
2013/09/14-06:02:22	68	1,185.637	51.709	0	0	0	0	0	0	0	1	0	0	1	60
2013/09/14-11:29:52	68	1,185.093	55.284	0	0	1	0	0	0	0	1	0	0	1	6
2013/09/14-11:30:53	68	1,185.093	55.284	0	0	1	0	0	0	0	1	0	0	1	16
2013/09/14-11:31:27	68	1,185.093	55.284	0	0	1	0	0	0	0	1	0	0	1	6
2013/09/14-11:32:04	68	1,185.093	55.284	0	0	1	0	0	0	0	1	0	0	1	13
2013/09/14-11:32:44	68	1,185.093	55.284	0	0	1	0	0	0	0	1	0	0	1	7
2013/09/14-11:36:23	68	1,185.093	55.284	0	0	1	0	0	0	0	1	0	0	1	8
2013/09/14-11:36:50	68	1,185.093	55.284	0	0	0	0	0	0	0	1	1	0	0	60
2013/09/14-11:38:09	68	1,185.093	55.284	1	0	0	2	0	0	1	1	0	0	1	17
2013/09/14-11:38:44	68	1,185.093	55.284	0	0	1	0	0	0	0	1	0	0	1	6
2013/09/14-11:39:13	68	1,185.093	55.284	0	0	0	0	0	0	0	1	1	0	0	6
2013/09/14-12:07:49	68	1,185.842	53.22	0	0	1	0	0	0	0	1	0	0	1	6
2013/09/14-12:08:14	68	1,185.842	53.22	0	0	1	0	0	0	0	1	0	0	1	6
2013/09/14-12:08:42	68	1,185.842	53.22	0	0	1	0	0	0	0	1	0	0	1	6
2013/09/14-12:09:19	68	1,185.842	53.22	0	0	1	0	0	0	0	1	0	0	1	10
2013/09/14-12:10:00	68	1,185.842	53.22	0	0	1	0	0	0	0	1	0	0	1	13
2013/09/14-15:39:41	70	1,166.546	55.51	0	0	1	0	0	0	0	1	0	0	1	6
2013/09/14-15:40:08	70	1,166.546	55.51	0	0	1	0	0	0	0	1	0	0	1	13
2013/09/14-15:41:27	70	1,166.546	55.51	0	0	1	0	0	0	0	1	0	0	1	7
2013/09/14-15:42:45	70	1,166.546	55.51	0	0	1	0	0	0	0	1	0	0	1	6
2013/09/14-15:43:41	70	1,166.546	55.51	0	0	1	0	0	0	0	1	0	0	1	8
2013/09/14-15:49:13	71	1,159.484	54.952	0	0	1	0	0	0	0	1	0	0	1	9
2013/09/14-15:49:41	71	1,159.484	54.952	0	0	0	0	0	0	0	1	1	0	0	7
2013/09/14-15:50:07	71	1,159.484	54.952	0	0	1	0	0	0	0	1	0	0	1	7
2013/09/14-15:50:33	71	1,159.484	54.952	0	0	1	0	0	0	0	1	0	0	1	17
2013/09/14-15:51:09	71	1,159.484	54.952	0	0	1	0	0	0	0	1	0	0	1	13
2013/09/14-16:09:01	71	1,159.484	54.952	0	0	1	0	0	0	0	1	0	0	1	9
2013/09/14-16:09:29	71	1,159.484	54.952	0	0	1	0	0	0	0	1	0	0	1	8
2013/09/14-16:09:56	71	1,159.484	54.952	0	0	0	0	0	0	0	1	1	0	0	9
2013/09/14-16:10:24	71	1,159.484	54.952	0	0	1	0	0	0	0	1	0	0	1	9
2013/09/14-16:10:52	71	1,159.484	54.952	0	0	1	0	0	0	0	1	0	0	1	16
2013/09/14-19:13:28	71	1,196.029	56.781	0	0	1	0	0	0	0	1	0	0	1	52
2013/09/14-19:14:39	71	1,196.029	56.781	0	0	1	1	0	0	0	1	0	0	1	31
2013/09/14-19:15:37	71	1,196.029	56.781	0	0	1	0	0	0	0	1	0	0	1	30
2013/09/14-19:16:31	71	1,196.029	56.781	0	0	1	0	0	0	0	1	0	0	1	6
2013/09/14-19:17:33	71	1,196.029	56.781	0	0	1	0	0	0	0	1	0	0	1	13
2013/09/14-19:27:57	71	1,196.029	56.781	0	0	1	0	0	0	0	1	0	0	1	6
2013/09/14-19:28:24	71	1,196.029	56.781	0	0	1	0	0	0	0	1	0	0	1	6
2013/09/14-19:28:48	71	1,196.029	56.781	0	0	0	0	0	0	0	1	1	0	0	6
2013/09/14-19:29:13	71	1,196.029	56.781	0	0	0	0	0	0	0	1	1	0	0	6
2013/09/14-19:29:38	71	1,196.029	56.781	0	0	0	0	0	0	0	1	1	0	0	9
2013/09/14-19:46:03	71	1,198.898	54.174	0	0	0	0	0	0	0	1	1	0	0	6
2013/09/14-19:46:28	71	1,198.898	54.174	0	0	1	0	0	0	0	1	0	0	1	6
2013/09/14-19:46:53	71	1,198.898	54.174	0	0	1	0	0	0	0	1	0	0	1	6
2013/09/14-19:47:18	71	1,198.898	54.174	0	0	1	0	0	0	0	1	0	0	1	9
2013/09/14-19:47:47	71	1,198.898	54.174	0	0	0	0	0	0	0	1	1	0	0	6
2013/09/15-00:24:24	70	1,188.619	58.487	0	0	1	0	0	0	0	1	0	0	1	6
2013/09/15-00:25:29	70	1,188.619	58.487	0	0	1	0	0	0	0	1	0	0	1	10
2013/09/15-00:26:32	70	1,188.619	58.487	0	0	1	0	0	0	0	1	0	0	1	7
2013/09/15-00:27:51	70	1,188.619	58.487	0	0	1	0	0	0	0	1	0	0	1	15
2013/09/15-00:28:32	70	1,188.619	58.487	0	0	1	0	0	0	0	1	0	0	1	33
2013/09/15-00:42:38	70	1,192.106	57.59	0	0	0	0	0	0	0	1	1	0	0	6
2013/09/15-00:43:03	70	1,192.106	57.59	0	0	0	0	0	0	0	1	1	0	0	6
2013/09/15-00:43:28	70	1,192.106	57.59	0	0	0	0	0	0	0	1	1	0	0	6
2013/09/15-00:43:53	70	1,192.106	57.59	0	0	0	0	0	0	0	1	1	0	0	6
2013/09/15-00:44:18	70	1,192.106	57.59	0	0	1	0	0	0	0	1	0	0	1	6
2013/09/15-08:56:49	70	1,192.106	57.59	0	0	1	0	0	0	0	1	0	0	1	9
2013/09/15-08:57:17	70	1,192.106	57.59	0	0	1	0	0	0	0	1	0	0	1	9
2013/09/15-08:57:45	70	1,192.106	57.59	0	0	1	0	0	0	0	1	0	0	1	15
2013/09/15-08:58:19	70	1,192.106	57.59	0	0	0	0	0	0	0	1	1	0	0	9
2013/09/15-08:58:46	70	1,192.106	57.59	0	0	0	0	0	0	0	1	1	0	0	6
2013/09/15-14:09:14	67	1,212.897	60.182	0	0	1	0	0	0	0	1	0	0	1	6
2013/09/15-14:10:19	67	1,212.897	60.182	0	0	1	0	0	0	0	1	0	0	1	7
2013/09/15-14:11:30	67	1,212.897	60.182	0	0	1	0	0	0	0	1	0	0	1	8
2013/09/15-14:12:48	67	1,212.897	60.182	0	0	1	0	0	0	0	1	0	0	1	9
2013/09/15-14:13:26	67	1,212.897	60.182	0	0	0	0	0	0	0	1	0	0	1	60
2013/09/15-14:24:14	67	1,213.02	57.671	0	0	1	0	0	0	0	1	0	0	1	53
2013/09/15-14:25:26	67	1,213.02	57.671	0	0	1	0	0	0	0	1	0	0	1	14
2013/09/15-14:26:01	67	1,213.02	57.671	0	0	1	0	0	0	0	1	0	0	1	37
2013/09/15-14:26:57	67	1,213.02	57.671	0	0	1	0	0	0	0	1	0	0	1	6
2013/09/15-14:27:42	67	1,213.02	57.671	0	0	1	0	0	0	0	1	0	0	1	26
2013/09/15-15:34:15	67	1,213.02	57.671	0	0	1	0	0	0	0	1	0	0	1	7
2013/09/15-15:34:59	67	1,213.02	57.671	0	0	0	0	0	0	0	1	1	0	0	12
2013/09/15-15:35:31	67	1,213.02	57.671	0	0	1	0	0	0	0	1	0	0	1	6
2013/09/15-15:35:58	67	1,213.02	57.671	0	0	1	0	0	0	0	1	0	0	1	6
2013/09/15-15:36:39	67	1,213.02	57.671	0	0	1	0	0	0	0	1	0	0	1	40
2013/09/15-20:42:01	67	1,232.462	61.306	0	0	1	0	0	0	0	1	0	0	1	10
2013/09/15-20:42:30	67	1,232.462	61.306	0	0	1	0	0	0	0	1	0	0	1	6
2013/09/15-20:43:49	67	1,232.462	61.306	0	0	1	0	0	0	0	1	0	0	1	9
2013/09/15-20:44:27	67	1,232.462	61.306	0	0	0	0	0	0	0	1	0	0	1	60
2013/09/15-20:45:45	67	1,232.462	61.306	0	0	1	0	0	0	0	1	0	0	1	21
2013/09/15-20:52:42	67	1,232.462	61.306	0	0	1	0	0	0	0	1	0	0	1	8
2013/09/15-20:53:24	67	1,232.462	61.306	0	0	0	0	0	0	0	1	1	0	0	12
2013/09/15-20:53:54	67	1,232.462	61.306	0	0	0	0	0	0	0	1	1	0	0	11
2013/09/15-20:54:24	67	1,232.462	61.306	0	0	1	0	0	0	0	1	0	0	1	20
2013/09/15-20:55:03	67	1,232.462	61.306	0	0	1	0	0	0	0	1	0	0	1	31
2013/09/15-21:16:32	65	1,264.622	56.25	0	0	1	0	0	0	0	1	0	0	1	6
2013/09/15-21:17:13	65	1,264.622	56.25	0	0	1	0	0	0	0	1	0	0	1	12
2013/09/15-21:17:48	65	1,264.622	56.25	2	0	0	1	1	0	1	1	0	0	1	28
2013/09/15-21:18:35	65	1,264.622	56.25	0	0	1	0	0	0	0	1	0	0	1	13
2013/09/15-21:19:42	65	1,264.622	56.25	0	0	0	0	0	0	0	1	0	0	1	60
2013/09/16-20:45:45	66	1,253.934	61.752	0	0	1	0	0	0	0	1	0	0	1	28
2013/09/16-20:46:38	66	1,253.934	61.752	0	0	1	0	0	0	0	1	0	0	1	7
2013/09/16-20:47:57	66	1,253.934	61.752	0	0	0	0	0	0	0	1	1	0	0	15
2013/09/16-20:48:31	66	1,253.934	61.752	0	0	1	0	0	0	0	1	0	0	1	11
2013/09/16-20:49:20	66	1,253.934	61.752	0	0	1	0	0	0	0	1	0	0	1	21
2013/09/16-20:53:41	66	1,253.934	61.752	0	0	1	1	0	0	0	1	0	0	1	21
2013/09/16-20:54:21	66	1,253.934	61.752	0	0	1	0	0	0	0	1	0	0	1	11
2013/09/16-20:55:40	66	1,253.934	61.752	0	0	1	0	0	0	0	1	0	0	1	11
2013/09/16-20:56:58	66	1,253.934	61.752	0	0	1	0	0	0	0	1	0	0	1	43
2013/09/16-20:58:00	66	1,253.934	61.752	0	0	1	0	0	0	0	1	0	0	1	16
2013/09/16-21:08:56	66	1,253.934	61.752	0	0	0	0	0	0	0	1	1	0	0	15
2013/09/16-21:09:30	66	1,253.934	61.752	0	0	1	0	0	0	0	1	0	0	1	13
2013/09/16-21:10:13	66	1,253.934	61.752	0	0	1	0	0	0	0	1	0	0	1	55
2013/09/16-21:11:27	66	1,253.934	61.752	0	0	0	0	0	0	0	1	1	0	0	60
2013/09/16-21:12:45	66	1,287.333	55.321	0	0	1	0	0	0	0	1	0	0	1	10
2013/09/18-07:25:56	66	1,278.654	67.971	0	0	1	0	0	0	0	1	0	0	1	6
2013/09/18-07:32:32	66	1,278.654	67.971	0	0	1	0	0	0	0	1	0	0	1	0
2013/09/18-07:34:08	66	1,278.654	67.971	1	0	0	0	1	0	1	1	0	0	1	4
2013/09/18-07:36:17	66	1,278.654	67.971	1	0	0	0	1	0	1	1	0	0	1	0
2013/09/18-07:47:18	66	1,278.654	67.971	1	0	1	0	1	0	0	1	1	0	0	3
2013/09/18-08:17:03	66	1,278.654	67.971	1	0	0	0	1	0	1	1	0	0	1	9
2013/09/18-08:17:32	66	1,278.654	67.971	0	0	0	0	0	0	0	1	1	0	0	10
2013/09/18-08:18:00	66	1,278.654	67.971	0	0	1	0	0	0	0	1	0	0	1	22
2013/09/18-08:18:40	66	1,278.654	67.971	0	0	1	0	0	0	0	1	0	0	1	6
2013/09/18-08:19:14	66	1,278.654	67.971	2	0	0	0	1	0	1	1	1	0	0	11
2013/09/18-08:53:22	65	1,317.415	61.581	1	0	1	0	0	0	0	1	0	0	1	17
2013/09/18-08:53:57	65	1,317.415	61.581	0	0	1	0	0	0	0	1	0	0	1	10
2013/09/18-08:54:59	65	1,317.415	61.581	1	0	0	0	0	0	1	1	0	0	1	6
2013/09/18-08:55:24	65	1,317.415	61.581	0	0	1	0	0	0	0	1	0	0	1	6
2013/09/18-08:56:43	65	1,317.415	61.581	4	0	1	0	0	0	0	1	0	0	1	21
2013/09/18-15:01:43	65	1,306.521	64.834	0	0	1	0	0	0	0	1	0	0	1	10
2013/09/18-15:11:48	65	1,306.521	64.834	0	0	1	0	0	0	0	1	0	0	1	5
2013/09/18-15:14:20	65	1,306.521	64.834	0	0	1	0	0	0	0	1	0	0	1	15
2013/09/18-15:14:55	65	1,306.521	64.834	0	0	1	0	0	0	0	1	0	0	1	13
2013/09/18-15:15:54	65	1,306.521	64.834	0	0	1	0	0	0	0	1	0	0	1	6
2013/09/18-15:31:04	66	1,283.148	61.316	1	0	0	0	1	0	1	1	0	0	1	3
2013/09/18-15:31:32	66	1,283.148	61.316	0	0	1	0	0	0	0	1	0	0	1	3
2013/09/18-15:31:54	66	1,283.148	61.316	1	0	0	0	1	0	1	1	0	0	1	13
2013/09/18-15:32:25	66	1,283.148	61.316	3	0	0	0	3	0	1	1	1	0	0	9
2013/09/18-15:32:54	66	1,283.148	61.316	2	0	0	0	0	0	1	1	0	0	1	16
2013/09/18-15:40:43	66	1,283.148	61.316	1	0	0	0	0	0	0	1	1	0	0	11
2013/09/18-15:41:13	66	1,283.148	61.316	3	0	0	0	0	0	1	1	0	0	1	10
2013/09/18-15:41:42	66	1,283.148	61.316	0	0	1	0	0	0	0	1	0	0	1	8
2013/09/18-15:42:12	66	1,283.148	61.316	2	0	0	0	1	0	1	1	0	0	1	6
2013/09/18-15:42:43	66	1,283.148	61.316	2	0	0	0	1	0	0	1	1	0	0	13
2013/09/18-19:24:43	65	1,306.438	62.916	0	0	1	0	0	0	0	1	0	0	1	6
2013/09/18-19:25:43	65	1,306.438	62.916	0	0	1	0	0	0	0	1	0	0	1	6
2013/09/18-19:26:08	65	1,306.438	62.916	1	0	0	0	0	0	1	1	0	0	1	12
2013/09/18-19:26:39	65	1,306.438	62.916	1	0	1	0	2	0	0	1	0	0	1	3
2013/09/18-19:27:01	65	1,306.438	62.916	1	0	0	0	0	0	0	1	1	0	0	10
2013/09/18-19:32:52	65	1,306.438	62.916	0	0	1	1	0	0	0	1	0	0	1	51
2013/09/18-19:34:03	65	1,306.438	62.916	0	0	1	0	0	0	0	1	0	0	1	6
2013/09/18-19:34:28	65	1,306.438	62.916	1	0	1	0	1	0	0	1	1	0	0	13
2013/09/18-19:35:00	65	1,306.438	62.916	0	0	0	0	0	0	0	1	1	0	0	6
2013/09/18-19:35:25	65	1,306.438	62.916	0	0	1	0	0	0	0	1	0	0	1	20
2013/09/18-20:28:06	65	1,323.004	58.975	0	0	1	0	0	0	0	1	0	0	1	3
2013/09/18-20:28:29	65	1,323.004	58.975	4	0	0	0	1	0	1	1	1	0	0	27
2013/09/18-20:29:22	65	1,323.004	58.975	0	0	1	0	0	0	0	1	0	0	1	15
2013/09/18-20:29:56	65	1,323.004	58.975	0	0	1	0	0	0	0	1	0	0	1	6
2013/09/18-20:30:27	65	1,323.004	58.975	1	0	0	0	0	0	1	1	0	0	1	3
2013/09/19-00:14:48	64	1,336.637	56.045	0	0	0	0	0	0	0	1	1	0	0	20
2013/09/19-00:15:27	64	1,336.637	56.045	1	0	0	0	0	0	1	1	0	0	1	5
2013/09/19-00:15:52	64	1,336.637	56.045	0	0	1	0	0	0	0	1	0	0	1	17
2013/09/19-00:17:11	64	1,336.637	56.045	1	0	0	0	0	0	1	1	0	0	1	3
2013/09/19-00:17:41	64	1,336.637	56.045	1	0	0	0	0	0	1	1	0	0	1	12
2013/09/19-00:23:52	64	1,336.637	56.045	2	0	0	0	0	0	1	1	0	0	1	19
2013/09/19-00:24:29	64	1,336.637	56.045	0	0	1	0	0	0	0	1	0	0	1	9
2013/09/19-00:24:57	64	1,336.637	56.045	1	0	0	0	0	0	1	1	0	0	1	13
2013/09/19-00:25:29	64	1,336.637	56.045	0	0	1	0	0	0	0	1	0	0	1	3
2013/09/19-00:26:08	64	1,336.637	56.045	0	0	1	0	0	0	0	1	0	0	1	6
2013/09/19-07:18:33	64	1,320.003	53.751	1	0	1	0	0	0	0	1	0	0	1	6
2013/09/19-07:18:58	64	1,320.003	53.751	1	0	0	0	0	0	1	1	0	0	1	29
2013/09/19-07:19:46	64	1,320.003	53.751	0	0	1	0	0	0	0	1	0	0	1	8
2013/09/19-07:20:32	64	1,320.003	53.751	0	0	1	0	0	0	0	1	0	0	1	16
2013/09/19-07:21:51	64	1,320.003	53.751	1	0	0	0	0	0	1	1	0	0	1	16
2013/09/19-08:27:10	65	1,315.209	53.028	1	0	0	0	2	0	1	1	1	0	0	10
2013/09/19-08:27:39	65	1,315.209	53.028	0	0	0	0	0	0	0	1	1	0	0	60
2013/09/19-08:28:58	65	1,315.209	53.028	1	0	0	0	0	0	1	1	0	0	1	12
2013/09/19-08:29:30	65	1,315.209	53.028	0	0	1	0	0	0	0	1	0	0	1	6
2013/09/19-08:29:55	65	1,315.209	53.028	0	0	1	0	0	0	0	1	0	0	1	9
2013/09/19-08:34:23	65	1,315.209	53.028	1	0	0	0	1	0	1	1	0	0	1	3
2013/09/19-08:34:46	65	1,315.209	53.028	2	0	0	0	1	0	0	1	1	0	0	15
2013/09/19-08:35:20	65	1,315.209	53.028	0	0	0	0	0	0	0	1	1	0	0	13
2013/09/19-08:35:51	65	1,315.209	53.028	0	0	1	0	0	0	0	1	0	0	1	6
2013/09/19-08:36:16	65	1,315.209	53.028	0	0	0	0	0	0	0	1	1	0	0	7
2013/09/19-08:53:10	64	1,334.771	50.762	0	0	1	0	0	0	0	1	0	0	1	4
2013/09/19-08:53:43	64	1,334.771	50.762	0	0	1	0	0	0	0	1	0	0	1	44
2013/09/19-08:54:46	64	1,334.771	50.762	2	0	0	0	1	0	1	1	0	0	1	13
2013/09/19-08:55:18	64	1,334.771	50.762	0	0	0	0	0	0	0	1	1	0	0	7
2013/09/19-08:55:44	64	1,334.771	50.762	1	0	0	0	1	0	0	1	1	0	0	60
2013/09/19-11:30:33	62	1,340.558	54.619	1	0	0	0	0	0	1	1	0	0	1	3
2013/09/19-11:31:52	62	1,340.558	54.619	2	0	0	0	1	0	1	1	0	0	1	10
2013/09/19-11:32:22	62	1,340.558	54.619	1	0	0	0	0	0	1	1	0	0	1	11
2013/09/19-11:32:51	62	1,340.558	54.619	0	0	1	0	0	0	0	1	0	0	1	3
2013/09/19-11:33:50	62	1,340.558	54.619	0	0	1	0	0	0	0	1	0	0	1	6
2013/09/19-11:38:12	62	1,340.558	54.619	1	0	1	0	1	0	0	1	0	0	1	7
2013/09/19-11:38:37	62	1,340.558	54.619	0	0	1	0	0	0	0	1	0	0	1	6
2013/09/19-11:39:02	62	1,340.558	54.619	2	0	0	0	0	0	0	1	1	0	0	13
2013/09/19-11:39:34	62	1,340.558	54.619	0	0	0	0	0	0	0	1	1	0	0	6
2013/09/19-11:39:59	62	1,340.558	54.619	1	0	0	0	0	0	1	1	0	0	1	16
2013/09/19-11:54:59	62	1,340.177	51.957	0	0	1	0	0	0	0	1	0	0	1	3
2013/09/19-11:55:47	62	1,340.177	51.957	0	0	1	0	0	0	0	1	0	0	1	20
2013/09/19-11:56:54	62	1,340.177	51.957	1	0	0	0	0	0	1	1	0	0	1	19
2013/09/19-11:57:32	62	1,340.177	51.957	0	0	1	0	0	0	0	1	0	0	1	6
2013/09/19-11:58:07	62	1,340.177	51.957	0	0	1	0	0	0	0	1	0	0	1	19
2013/09/19-17:12:51	64	1,321.146	56.633	0	0	1	0	0	0	0	1	0	0	1	6
2013/09/19-17:13:48	64	1,321.146	56.633	0	0	1	0	0	0	0	1	0	0	1	12
2013/09/19-17:14:50	64	1,321.146	56.633	14	0	0	0	1	0	0	1	1	0	0	46
2013/09/19-17:15:55	64	1,321.146	56.633	0	0	1	0	0	0	0	1	0	0	1	6
2013/09/19-17:17:05	64	1,321.146	56.633	0	0	1	0	0	0	0	1	0	0	1	34
2013/09/19-17:24:12	64	1,321.146	56.633	0	0	1	0	0	0	0	1	0	0	1	9
2013/09/19-17:24:40	64	1,321.146	56.633	0	0	1	0	0	0	0	1	0	0	1	6
2013/09/19-17:25:05	64	1,321.146	56.633	1	0	0	0	1	0	1	1	0	0	1	3
2013/09/19-17:25:27	64	1,321.146	56.633	0	0	0	0	0	0	0	1	1	0	0	16
2013/09/19-17:26:02	64	1,321.146	56.633	1	0	0	0	0	0	1	1	0	0	1	10
2013/09/19-17:39:01	63	1,333.64	53.943	4	0	0	0	1	0	1	1	0	0	1	41
2013/09/19-17:40:01	63	1,333.64	53.943	2	0	0	0	2	0	0	1	1	0	0	10
2013/09/19-17:40:31	63	1,333.64	53.943	0	0	1	0	0	0	0	1	0	0	1	6
2013/09/19-17:41:50	63	1,333.64	53.943	0	0	1	0	0	0	0	1	0	0	1	7
2013/09/19-17:42:16	63	1,333.64	53.943	2	0	0	0	0	0	1	1	0	0	1	6
2013/09/19-21:25:54	63	1,349.161	58.545	0	0	1	0	0	0	0	1	0	0	1	3
2013/09/19-21:26:19	63	1,349.161	58.545	1	0	1	0	0	0	0	1	0	0	1	11
2013/09/19-21:26:49	63	1,349.161	58.545	0	0	1	0	0	0	0	1	0	0	1	6
2013/09/19-21:27:35	63	1,349.161	58.545	4	0	0	1	0	0	1	1	0	0	1	19
2013/09/19-21:28:13	63	1,349.161	58.545	0	0	1	0	0	0	0	1	0	0	1	6
2013/09/19-21:32:55	63	1,347.307	57.077	0	0	0	0	0	0	0	1	1	0	0	4
2013/09/19-21:33:18	63	1,347.307	57.077	2	0	0	0	0	0	1	1	0	0	1	13
2013/09/19-21:33:50	63	1,347.307	57.077	0	0	0	0	0	0	0	1	1	0	0	6
2013/09/19-21:34:15	63	1,347.307	57.077	0	0	1	0	0	0	0	1	0	0	1	11
2013/09/19-21:34:45	63	1,347.307	57.077	1	0	0	0	0	0	1	1	0	0	1	13
2013/09/19-21:45:32	63	1,347.307	57.077	0	0	1	0	0	0	0	1	0	0	1	9
2013/09/19-21:46:51	63	1,347.307	57.077	1	0	1	0	0	0	0	1	0	0	1	18
2013/09/19-21:48:10	63	1,347.307	57.077	1	0	1	0	0	0	0	1	0	0	1	13
2013/09/19-21:49:25	63	1,347.307	57.077	0	0	1	0	0	0	0	1	0	0	1	6
2013/09/19-21:50:44	63	1,347.307	57.077	3	0	0	0	3	0	0	1	1	0	0	12
2013/09/20-02:48:38	61	1,363.646	59.767	0	0	1	0	0	0	0	1	0	0	1	6
2013/09/20-02:49:14	61	1,363.646	59.767	0	0	1	0	0	0	0	1	0	0	1	7
2013/09/20-02:50:07	61	1,363.646	59.767	0	0	0	0	0	0	0	1	1	0	0	4
2013/09/20-02:50:30	61	1,363.646	59.767	2	0	0	0	3	0	1	1	1	0	0	7
2013/09/20-02:50:56	59	1,388.246	58.81	3	0	0	0	0	0	1	1	0	0	1	11
2013/09/20-03:05:26	59	1,388.246	58.81	0	0	1	0	0	0	0	1	0	0	1	12
2013/09/20-03:06:45	59	1,388.246	58.81	5	0	1	0	0	0	0	1	0	0	1	27
2013/09/20-03:07:31	59	1,388.246	58.81	2	0	0	0	0	0	1	1	0	0	1	9
2013/09/20-03:08:23	59	1,388.246	58.81	0	0	1	0	0	0	0	1	0	0	1	3
2013/09/20-03:08:57	59	1,388.246	58.81	2	0	0	0	0	0	1	1	0	0	1	9
2013/09/20-03:20:22	59	1,381.695	57.169	11	0	0	0	1	0	0	1	1	0	0	60
2013/09/20-03:21:41	59	1,381.695	57.169	0	0	1	0	0	0	0	1	0	0	1	6
2013/09/20-03:22:20	59	1,381.695	57.169	3	0	0	0	0	0	0	1	1	0	0	19
2013/09/20-03:22:58	59	1,381.695	57.169	2	0	0	0	1	0	1	1	0	0	1	10
2013/09/20-03:23:45	59	1,381.695	57.169	0	0	1	0	0	0	0	1	0	0	1	3
2013/09/20-07:42:45	60	1,389.492	62.105	0	0	1	0	0	0	0	1	0	0	1	6
2013/09/20-07:43:53	60	1,389.492	62.105	0	0	1	0	0	0	0	1	0	0	1	54
2013/09/20-07:45:12	60	1,389.492	62.105	6	0	0	0	0	0	1	1	0	0	1	44
2013/09/20-07:46:15	60	1,389.492	62.105	1	0	0	0	0	0	1	1	0	0	1	6
2013/09/20-07:47:34	60	1,387.519	59.92	2	0	0	2	0	0	1	1	0	0	1	17
2013/09/20-08:01:37	60	1,387.519	59.92	1	0	0	0	0	0	0	1	1	0	0	25
2013/09/20-08:02:21	60	1,387.519	59.92	0	0	1	0	0	0	0	1	0	0	1	16
2013/09/20-08:02:56	60	1,387.519	59.92	0	0	1	0	0	0	0	1	0	0	1	12
2013/09/20-08:03:27	60	1,387.519	59.92	0	0	1	0	0	0	0	1	0	0	1	14
2013/09/20-08:04:00	60	1,387.519	59.92	0	0	1	0	0	0	0	1	0	0	1	6
2013/09/20-08:18:08	60	1,377.847	57.285	2	0	0	0	0	0	1	1	0	0	1	8
2013/09/20-08:18:52	60	1,377.847	57.285	0	0	1	2	0	0	0	1	0	0	1	54
2013/09/20-08:20:05	60	1,377.847	57.285	3	0	1	0	0	0	0	1	0	0	1	22
2013/09/20-08:20:46	60	1,377.847	57.285	0	0	0	0	0	0	0	1	1	0	0	3
2013/09/20-08:21:08	60	1,377.847	57.285	0	0	1	0	0	0	0	1	0	0	1	6
2013/09/20-11:57:05	62	1,400.765	61.442	1	0	0	0	0	0	1	1	0	0	1	14
2013/09/20-11:58:24	62	1,400.765	61.442	2	0	0	0	2	0	1	1	0	0	1	12
2013/09/20-11:58:55	62	1,400.765	61.442	2	0	1	0	0	0	0	1	0	0	1	14
2013/09/20-12:00:02	62	1,400.765	61.442	0	0	1	0	0	0	0	1	0	0	1	6
2013/09/20-12:00:41	62	1,400.765	61.442	1	0	0	0	0	0	1	1	0	0	1	10
2013/09/20-12:11:12	62	1,400.765	61.442	1	0	1	0	0	0	0	1	0	0	1	11
2013/09/20-12:11:42	62	1,400.765	61.442	0	0	1	0	0	0	0	1	0	0	1	22
2013/09/20-12:12:23	62	1,400.765	61.442	0	0	1	0	0	0	0	1	0	0	1	6
2013/09/20-12:12:52	62	1,400.765	61.442	0	0	1	0	0	0	0	1	0	0	1	6
2013/09/20-12:14:10	62	1,400.765	61.442	2	0	0	0	1	0	0	1	1	0	0	7
2013/09/20-12:27:09	62	1,410.371	57.332	0	0	1	0	0	0	0	1	0	0	1	3
2013/09/20-12:27:34	62	1,410.371	57.332	0	0	0	0	0	0	0	1	1	0	0	7
2013/09/20-12:28:00	62	1,410.371	57.332	0	0	1	0	0	0	0	1	0	0	1	6
2013/09/20-12:28:25	62	1,410.371	57.332	0	0	1	0	0	0	0	1	1	0	0	6
2013/09/20-12:28:51	62	1,410.371	57.332	1	0	0	0	1	0	1	1	0	1	0	6
2013/09/20-18:09:29	62	1,385.793	62.125	2	0	0	0	0	0	1	1	0	0	1	12
2013/09/20-18:10:00	62	1,385.793	62.125	0	0	1	0	0	0	0	1	0	0	1	6
2013/09/20-18:10:28	62	1,385.793	62.125	1	0	0	0	1	0	1	1	0	0	1	4
2013/09/20-18:11:10	62	1,385.793	62.125	1	0	0	0	1	0	1	1	0	0	1	4
2013/09/20-18:11:33	62	1,385.793	62.125	1	0	0	0	1	0	1	1	0	0	1	4
2013/09/20-18:16:10	62	1,378.505	59.889	1	0	0	0	0	0	1	1	0	0	1	15
2013/09/20-18:16:44	62	1,378.505	59.889	0	0	1	0	0	0	0	1	0	0	1	5
2013/09/20-18:17:09	62	1,378.505	59.889	1	0	0	0	0	0	1	1	0	0	1	12
2013/09/20-18:17:41	62	1,378.505	59.889	0	0	1	0	0	0	0	1	0	0	1	10
2013/09/20-18:18:10	62	1,378.505	59.889	0	0	1	0	0	0	0	1	0	0	1	6
2013/09/20-18:31:22	62	1,378.505	59.889	2	0	0	0	0	0	1	1	0	0	1	12
2013/09/20-18:32:00	62	1,378.505	59.889	0	0	0	0	0	0	0	1	1	0	0	60
2013/09/20-18:33:20	62	1,378.505	59.889	0	0	1	0	0	0	0	1	0	0	1	3
2013/09/20-18:33:45	62	1,378.505	59.889	0	0	0	0	0	0	0	1	1	0	0	16
2013/09/20-18:34:20	62	1,378.505	59.889	0	0	1	0	0	0	0	1	0	0	1	4
2013/09/20-19:37:37	61	1,385.999	56.793	1	0	0	0	1	0	1	1	1	0	0	14
2013/09/20-19:38:12	61	1,385.999	56.793	3	0	0	0	0	0	1	1	0	0	1	18
2013/09/20-19:38:53	61	1,385.999	56.793	0	0	1	0	0	0	0	1	0	0	1	6
2013/09/20-19:39:37	61	1,385.999	56.793	0	0	1	0	0	0	0	1	0	0	1	6
2013/09/20-19:40:41	63	1,375.689	54.704	1	0	0	0	1	0	1	1	0	0	1	4
2013/09/20-19:48:32	63	1,375.689	54.704	1	0	1	0	0	0	0	1	0	0	1	8
2013/09/20-19:49:51	63	1,375.689	54.704	5	0	0	0	2	0	1	1	1	0	0	18
2013/09/20-19:50:28	63	1,375.689	54.704	1	0	0	0	1	0	1	1	0	0	1	29
2013/09/20-19:51:47	63	1,375.689	54.704	0	0	1	0	0	0	0	1	0	0	1	6
2013/09/20-19:53:06	63	1,375.689	54.704	4	0	0	0	3	0	1	1	1	0	0	15
2013/09/20-20:08:52	63	1,374.253	51.99	0	0	1	0	0	0	0	1	0	0	1	9
2013/09/20-20:09:20	63	1,374.253	51.99	7	0	0	0	1	0	1	1	1	0	0	46
2013/09/20-20:10:25	63	1,374.253	51.99	2	0	0	0	2	0	1	1	0	0	1	7
2013/09/20-20:10:51	63	1,374.253	51.99	0	0	1	0	0	0	0	1	0	0	1	6
2013/09/20-20:12:10	63	1,374.253	51.99	0	0	1	0	0	0	0	1	0	0	1	6
2013/12/27-13:35:59	75	1,369.178	73.364	0	0	0	0	0	0	0	1	0	1	0	60
2013/12/27-13:37:18	75	1,369.178	73.364	0	0	0	0	0	0	0	1	1	0	0	60
2013/12/27-13:38:37	75	1,369.178	73.364	2	0	0	0	1	0	1	1	0	0	1	25
2013/12/27-13:39:22	75	1,369.178	73.364	3	0	0	0	0	0	1	1	0	0	1	12
2013/12/27-13:40:41	75	1,364.98	69.083	3	0	0	0	0	0	1	1	0	0	1	10
2013/12/27-13:50:30	75	1,364.98	69.083	0	0	0	0	0	0	0	1	1	0	0	60
2013/12/27-13:51:48	75	1,364.98	69.083	0	0	1	0	0	0	0	1	0	0	1	55
2013/12/27-13:53:08	75	1,364.98	69.083	1	0	1	0	1	0	0	1	1	0	0	9
2013/12/27-13:53:35	75	1,364.98	69.083	1	0	1	0	0	0	0	1	1	0	0	11
2013/12/27-13:54:05	75	1,364.98	69.083	0	0	0	0	0	0	0	1	1	0	0	11
2013/12/27-14:09:03	75	1,364.98	69.083	1	0	1	0	0	0	0	1	0	0	1	10
2013/12/27-14:09:31	75	1,364.98	69.083	0	0	1	0	0	0	0	1	0	0	1	4
2013/12/27-14:10:10	75	1,364.98	69.083	0	0	1	0	0	0	0	1	0	0	1	13
2013/12/27-14:11:29	75	1,364.98	69.083	0	0	1	0	0	0	0	1	0	0	1	6
2013/12/27-14:11:58	75	1,364.98	69.083	1	0	0	0	0	0	0	1	1	0	0	3
2013/12/28-11:54:34	73	1,370.543	86.453	1	0	1	0	1	0	0	1	0	0	1	3
2013/12/28-11:54:58	73	1,370.543	86.453	0	0	0	0	0	0	0	1	1	0	0	27
2013/12/28-11:55:44	73	1,370.543	86.453	1	0	0	0	1	0	1	1	0	0	1	4
2013/12/28-11:57:02	73	1,370.543	86.453	1	0	0	0	0	0	1	1	0	0	1	5
2013/12/28-11:57:54	73	1,370.543	86.453	0	0	0	0	0	0	0	1	1	0	0	11
2013/12/28-12:22:20	74	1,375.471	78.861	2	0	0	0	3	0	1	1	1	0	0	13
2013/12/28-12:22:53	74	1,375.471	78.861	3	0	0	0	1	0	1	1	0	0	1	34
2013/12/28-12:23:46	74	1,375.471	78.861	0	0	0	0	0	0	0	1	0	1	0	60
2013/12/28-12:25:05	74	1,375.471	78.861	1	0	0	0	1	0	1	1	0	0	1	17
2013/12/28-12:25:41	74	1,375.471	78.861	0	0	1	0	0	0	0	1	0	0	1	9
2013/12/28-12:36:39	74	1,375.471	78.861	0	0	1	0	0	0	0	1	0	0	1	8
2013/12/28-12:37:42	74	1,375.471	78.861	0	0	1	0	0	0	0	1	0	0	1	5
2013/12/28-12:38:19	74	1,375.471	78.861	2	0	0	0	2	0	1	1	0	0	1	7
2013/12/28-12:38:44	74	1,375.471	78.861	0	0	1	0	0	0	0	1	0	0	1	8
2013/12/28-12:39:44	74	1,375.471	78.861	0	0	1	0	0	0	0	1	0	0	1	10
2013/12/28-17:38:39	73	1,365.149	75.974	0	0	1	0	0	0	0	1	0	0	1	3
2013/12/28-17:39:31	73	1,365.149	75.974	1	0	0	0	0	0	1	1	0	0	1	8
2013/12/28-17:39:59	73	1,365.149	75.974	5	0	0	0	2	0	1	1	0	0	1	17
2013/12/28-17:40:35	73	1,365.149	75.974	3	0	0	0	1	0	1	1	0	0	1	23
2013/12/28-17:41:16	73	1,365.149	75.974	0	0	0	1	0	0	0	1	1	0	0	60
2013/12/28-18:08:40	71	1,379.366	70.371	2	0	0	2	0	0	0	1	1	0	0	60
2013/12/28-18:09:59	71	1,379.366	70.371	1	0	0	0	1	0	0	1	1	0	0	4
2013/12/28-18:10:22	71	1,379.366	70.371	0	0	1	0	0	0	0	1	0	0	1	3
2013/12/28-18:10:45	71	1,379.366	70.371	1	0	1	0	0	0	0	1	0	0	1	9
2013/12/28-18:11:13	71	1,379.366	70.371	0	0	1	0	0	0	0	1	0	0	1	8
2013/12/28-18:21:54	71	1,379.366	70.371	0	0	1	0	0	0	0	1	0	0	1	37
2013/12/28-18:22:49	71	1,379.366	70.371	0	0	0	0	0	0	0	1	1	0	0	60
2013/12/28-18:24:08	71	1,379.366	70.371	1	0	0	0	1	0	0	1	1	0	0	5
2013/12/28-18:24:32	71	1,379.366	70.371	1	0	1	0	1	0	0	1	0	0	1	3
2013/12/28-18:25:52	71	1,379.366	70.371	1	0	0	0	1	0	1	1	0	0	1	6
2013/12/29-01:54:04	69	1,403.063	72.55	2	0	0	0	0	0	1	1	0	0	1	9
2013/12/29-01:54:33	69	1,403.063	72.55	1	0	1	0	1	0	0	1	0	0	1	3
2013/12/29-01:54:55	69	1,403.063	72.55	0	0	1	0	0	0	0	1	0	0	1	8
2013/12/29-01:56:04	69	1,403.063	72.55	1	0	0	0	1	0	1	1	0	0	1	5
2013/12/29-01:56:28	69	1,403.063	72.55	1	0	0	2	0	0	0	1	1	0	0	60
2013/12/29-02:12:00	72	1,399.361	67.521	1	0	1	0	0	0	0	1	0	0	1	4
2013/12/29-02:12:47	72	1,399.361	67.521	0	0	1	0	0	0	0	1	0	0	1	8
2013/12/29-02:13:19	72	1,399.361	67.521	3	0	0	0	0	0	0	1	1	0	0	60
2013/12/29-02:14:38	72	1,399.361	67.521	0	0	1	0	0	0	0	1	0	0	1	8
2013/12/29-02:15:30	72	1,399.361	67.521	1	0	0	0	1	0	0	1	1	0	0	6
2013/12/29-02:30:34	70	1,393.749	63.333	1	0	0	0	1	0	1	1	0	0	1	13
2013/12/29-02:31:07	70	1,393.749	63.333	0	0	1	0	0	0	0	1	0	0	1	8
2013/12/29-02:32:26	70	1,393.749	63.333	1	0	0	0	2	0	1	1	0	0	1	3
2013/12/29-02:32:48	70	1,393.749	63.333	1	0	0	0	1	0	0	1	1	0	0	60
2013/12/29-02:34:07	70	1,393.749	63.333	0	0	0	0	0	0	0	1	1	0	0	60
2013/12/29-07:37:04	69	1,409.177	66.253	3	0	0	0	1	0	1	1	1	0	0	12
2013/12/29-07:37:36	69	1,409.177	66.253	0	0	1	0	0	0	0	1	0	0	1	3
2013/12/29-07:38:55	69	1,409.177	66.253	1	0	1	0	0	0	0	1	0	0	1	3
2013/12/29-07:39:17	69	1,409.177	66.253	0	0	1	0	0	0	0	1	0	0	1	8
2013/12/29-07:40:36	69	1,409.177	66.253	1	0	0	0	1	0	1	1	0	0	1	17
2013/12/29-07:49:25	70	1,398.911	62.243	1	0	0	0	1	0	1	1	1	0	0	11
2013/12/29-07:49:55	70	1,398.911	62.243	1	0	0	0	2	0	1	1	0	0	1	6
2013/12/29-07:50:20	70	1,398.911	62.243	0	0	1	0	0	0	0	1	0	0	1	8
2013/12/29-07:50:47	70	1,398.911	62.243	1	0	0	0	0	0	1	1	0	0	1	8
2013/12/29-07:51:50	70	1,398.911	62.243	0	0	1	0	0	0	0	1	0	0	1	8
2013/12/29-08:04:15	70	1,398.911	62.243	0	0	1	0	0	0	0	1	0	0	1	8
2013/12/29-08:05:00	70	1,398.911	62.243	0	0	0	0	0	0	0	1	0	0	1	60
2013/12/29-08:06:19	70	1,398.911	62.243	2	0	1	0	1	0	0	1	0	0	1	14
2013/12/29-08:07:38	70	1,398.911	62.243	0	0	1	0	0	0	0	1	0	0	1	8
2013/12/29-08:08:57	70	1,398.911	62.243	0	0	1	0	0	0	0	1	0	0	1	3
2013/12/29-10:34:58	74	1,384.673	60.548	0	0	1	0	0	0	0	1	0	0	1	9
2013/12/29-10:35:48	74	1,384.673	60.548	0	0	1	0	0	0	0	1	0	0	1	10
2013/12/29-10:36:32	74	1,384.673	60.548	0	0	1	0	0	0	0	1	0	0	1	12
2013/12/29-10:37:27	74	1,384.673	60.548	4	0	0	3	0	0	1	1	0	0	1	29
2013/12/29-10:38:15	74	1,384.673	60.548	0	0	1	0	0	0	0	1	0	0	1	8
2013/12/29-10:46:22	74	1,384.673	60.548	0	0	1	0	0	0	0	1	0	0	1	8
2013/12/29-10:46:50	74	1,384.673	60.548	0	0	1	0	0	0	0	1	0	0	1	26
2013/12/29-10:47:35	74	1,384.673	60.548	0	0	1	0	0	0	0	1	0	0	1	26
2013/12/29-10:48:24	74	1,384.673	60.548	0	0	1	0	0	0	0	1	0	0	1	24
2013/12/29-10:49:06	74	1,384.673	60.548	1	0	0	1	1	0	1	1	1	0	0	26
2013/12/29-11:04:41	74	1,394.312	56.431	2	0	0	1	0	0	1	1	0	0	1	20
2013/12/29-11:05:20	74	1,394.312	56.431	0	0	1	0	0	0	0	1	0	0	1	13
2013/12/29-11:06:04	74	1,394.312	56.431	0	0	1	0	0	0	0	1	0	0	1	10
2013/12/29-11:06:49	74	1,394.312	56.431	0	0	1	0	0	0	0	1	0	0	1	10
2013/12/29-11:07:18	74	1,394.312	56.431	0	0	1	0	0	0	0	1	0	0	1	18
2013/12/29-14:11:04	73	1,394.996	58.217	0	0	1	0	0	0	0	1	0	0	1	32
2013/12/29-14:11:55	73	1,394.996	58.217	0	0	1	0	0	0	0	1	0	0	1	19
2013/12/29-14:12:33	73	1,394.996	58.217	0	0	1	0	0	0	0	1	0	0	1	15
2013/12/29-14:13:17	73	1,394.996	58.217	0	0	1	0	0	0	0	1	0	0	1	19
2013/12/29-14:13:55	73	1,394.996	58.217	0	0	1	0	0	0	0	1	0	0	1	17
2013/12/29-14:21:17	73	1,394.996	58.217	3	0	0	1	0	0	1	1	0	0	1	17
2013/12/29-14:22:36	73	1,394.996	58.217	0	0	1	0	0	0	0	1	0	0	1	12
2013/12/29-14:23:22	73	1,394.996	58.217	0	0	1	0	0	0	0	1	0	0	1	8
2013/12/29-14:24:09	73	1,394.996	58.217	0	0	1	0	0	0	0	1	0	0	1	15
2013/12/29-14:24:47	73	1,394.996	58.217	0	0	0	0	0	0	0	1	0	0	1	60
2013/12/29-14:38:17	70	1,411.132	54.672	0	0	0	0	0	0	0	1	1	0	0	60
2013/12/29-14:39:36	70	1,411.132	54.672	0	0	1	0	0	0	0	1	0	0	1	26
2013/12/29-14:40:55	70	1,411.132	54.672	0	0	1	0	0	0	0	1	0	0	1	8
2013/12/29-14:41:29	70	1,411.132	54.672	0	0	1	1	0	0	0	1	0	0	1	20
2013/12/29-14:42:19	70	1,411.132	54.672	0	0	1	0	0	0	0	1	0	0	1	11
2013/12/29-22:14:20	69	1,404.261	57.869	0	0	1	0	0	0	0	1	0	0	1	16
2013/12/29-22:15:20	69	1,404.261	57.869	0	0	1	0	0	0	0	1	0	0	1	26
2013/12/29-22:16:39	69	1,404.261	57.869	0	0	1	0	0	0	0	1	0	0	1	8
2013/12/29-22:17:26	69	1,404.261	57.869	0	0	1	0	0	0	0	1	0	0	1	9
2013/12/29-22:18:45	69	1,404.261	57.869	0	0	0	0	0	0	0	1	0	0	1	60
2013/12/29-22:20:11	69	1,404.261	57.869	0	0	1	1	0	0	0	1	0	0	1	38
2013/12/29-22:21:30	69	1,404.261	57.869	0	0	1	0	0	0	0	1	0	0	1	13
2013/12/29-22:22:49	69	1,404.261	57.869	0	0	1	0	0	0	0	1	0	0	1	8
2013/12/29-22:23:45	69	1,404.261	57.869	1	0	1	1	0	0	0	1	0	0	1	39
2013/12/29-22:25:04	69	1,397.939	54.274	0	0	0	1	0	0	0	1	1	0	0	28
2013/12/29-22:40:36	69	1,397.939	54.274	1	0	1	1	0	0	0	1	0	0	1	38
2013/12/29-22:41:50	69	1,397.939	54.274	0	0	0	0	0	0	0	1	0	0	1	60
2013/12/29-22:43:09	69	1,397.939	54.274	0	0	0	0	0	0	0	1	0	0	1	60
2013/12/29-22:44:28	69	1,397.939	54.274	0	0	1	0	0	0	0	1	0	0	1	8
2013/12/29-22:45:46	69	1,397.939	54.274	0	0	1	0	0	0	0	1	0	0	1	10
2013/12/30-03:52:00	68	1,411.342	58.162	0	0	1	0	0	0	0	1	0	0	1	13
2013/12/30-03:52:33	68	1,411.342	58.162	0	0	1	0	0	0	0	1	0	0	1	26
2013/12/30-03:53:18	68	1,411.342	58.162	0	0	1	0	0	0	0	1	0	0	1	6
2013/12/30-03:53:43	68	1,411.342	58.162	0	0	1	0	0	0	0	1	0	0	1	9
2013/12/30-03:54:11	68	1,411.342	58.162	0	0	0	1	0	0	0	1	1	0	0	56
2013/12/30-04:06:10	68	1,411.342	58.162	0	0	0	0	0	0	0	1	0	0	1	60
2013/12/30-04:07:29	68	1,411.342	58.162	0	0	1	0	0	0	0	1	0	0	1	8
2013/12/30-04:08:48	68	1,411.342	58.162	0	0	1	0	0	0	0	1	0	0	1	22
2013/12/30-04:09:58	68	1,411.342	58.162	0	0	1	0	0	0	0	1	0	0	1	15
2013/12/30-04:10:32	68	1,411.342	58.162	0	0	1	0	0	0	0	1	0	0	1	12
2013/12/30-04:24:45	68	1,411.342	58.162	0	0	1	0	0	0	0	1	0	0	1	17
2013/12/30-04:26:04	68	1,411.342	58.162	1	0	0	2	1	0	1	1	1	0	0	47
2013/12/30-04:27:10	69	1,411.866	52.878	1	0	0	1	1	0	1	1	1	0	0	39
2013/12/30-04:28:08	69	1,411.866	52.878	0	0	0	0	0	0	0	1	0	0	1	60
2013/12/30-04:29:27	69	1,411.866	52.878	0	0	0	0	0	0	0	1	0	0	1	60
2013/12/30-05:11:20	70	1,422.328	51.664	0	0	1	0	0	0	0	1	0	0	1	12
2013/12/30-05:12:04	70	1,422.328	51.664	0	0	1	0	0	0	0	1	0	0	1	8
2013/12/30-05:12:56	70	1,422.328	51.664	0	0	1	0	0	0	0	1	0	0	1	31
2013/12/30-05:13:46	70	1,422.328	51.664	0	0	1	0	0	0	0	1	0	0	1	32
2013/12/30-05:14:37	70	1,422.328	51.664	0	0	1	0	0	0	0	1	0	0	1	15
2013/12/30-05:26:57	69	1,423.88	50.502	0	0	1	0	0	0	0	1	1	0	0	8
2013/12/30-05:27:24	69	1,423.88	50.502	0	0	0	0	0	0	0	1	1	0	0	9
2013/12/30-05:27:53	69	1,423.88	50.502	0	0	0	0	0	0	0	1	1	0	0	8
2013/12/30-05:28:20	69	1,423.88	50.502	0	0	0	0	0	0	0	1	1	0	0	8
2013/12/30-05:28:46	69	1,423.88	50.502	0	0	0	0	0	0	0	1	1	0	0	8
2013/12/30-05:44:09	69	1,423.88	50.502	0	0	1	0	0	0	0	1	0	0	1	9
2013/12/30-05:44:37	69	1,423.88	50.502	0	0	1	0	0	0	0	1	0	0	1	8
2013/12/30-05:45:04	69	1,423.88	50.502	0	0	1	0	0	0	0	1	0	0	1	9
2013/12/30-05:45:32	69	1,423.88	50.502	0	0	1	0	0	0	0	1	0	0	1	10
2013/12/30-05:46:01	69	1,423.88	50.502	0	0	1	0	0	0	0	1	0	0	1	16
2013/12/30-15:05:00	70	1,421.851	61.641	0	0	1	0	0	0	0	1	0	0	1	27
2013/12/30-15:05:47	70	1,421.851	61.641	0	0	1	0	0	0	0	1	0	0	1	18
2013/12/30-15:06:24	70	1,421.851	61.641	0	0	1	0	0	0	0	1	0	0	1	9
2013/12/30-15:07:06	70	1,421.851	61.641	0	0	1	0	0	0	0	1	0	0	1	18
2013/12/30-15:08:02	70	1,421.851	61.641	0	0	1	0	0	0	0	1	0	0	1	28
2013/12/30-15:14:40	70	1,421.851	61.641	0	0	1	0	0	0	0	1	0	0	1	24
2013/12/30-15:15:23	70	1,421.851	61.641	0	0	1	0	0	0	0	1	0	0	1	35
2013/12/30-15:16:16	70	1,421.851	61.641	0	0	0	0	0	0	0	1	1	0	0	20
2013/12/30-15:16:55	70	1,421.851	61.641	0	0	0	0	0	0	0	1	0	0	1	60
2013/12/30-15:18:14	70	1,421.851	61.641	0	0	1	0	0	0	0	1	0	0	1	19
2013/12/30-15:37:58	67	1,441.039	57.294	0	0	1	0	0	0	0	1	0	0	1	8
2013/12/30-15:39:17	67	1,441.039	57.294	2	0	0	1	1	0	1	1	0	0	1	28
2013/12/30-15:40:04	67	1,441.039	57.294	0	0	0	0	0	0	0	1	1	0	0	60
2013/12/30-15:41:23	67	1,441.039	57.294	0	0	0	0	0	0	0	1	0	0	1	60
2013/12/30-15:42:42	67	1,441.039	57.294	0	0	1	0	0	0	0	1	0	0	1	8
2013/12/30-19:28:50	68	1,437.958	58.729	0	0	1	0	0	0	0	1	0	0	1	51
2013/12/30-19:30:01	68	1,437.958	58.729	0	0	1	0	0	0	0	1	0	0	1	12
2013/12/30-19:31:20	68	1,437.958	58.729	0	0	0	0	0	0	0	1	1	0	0	60
2013/12/30-19:32:39	68	1,437.958	58.729	0	0	1	0	0	0	0	1	0	0	1	18
2013/12/30-19:33:17	68	1,437.958	58.729	0	0	0	0	0	0	0	1	1	0	0	60
2013/12/30-19:54:10	68	1,437.958	58.729	0	0	0	0	0	0	0	1	1	0	0	57
2013/12/30-19:55:26	68	1,437.958	58.729	0	0	0	0	0	0	0	1	1	0	0	49
2013/12/30-19:56:34	68	1,437.958	58.729	0	0	1	0	0	0	0	1	0	0	1	17
2013/12/30-19:57:11	68	1,437.958	58.729	0	0	1	0	0	0	0	1	0	0	1	14
2013/12/30-19:58:30	68	1,437.958	58.729	0	0	0	0	0	0	0	1	0	0	1	60
2013/12/30-20:14:25	68	1,445.597	53.957	0	0	1	0	0	0	0	1	0	0	1	9
2013/12/30-20:15:28	68	1,445.597	53.957	0	0	0	0	0	0	0	1	0	0	1	60
2013/12/30-20:16:47	68	1,445.597	53.957	0	0	0	0	0	0	0	1	1	0	0	33
2013/12/30-20:17:39	68	1,445.597	53.957	0	0	1	0	0	0	0	1	0	0	1	17
2013/12/30-20:18:16	68	1,445.597	53.957	0	0	1	0	0	0	0	1	0	0	1	11
2013/12/31-11:52:44	67	1,436.748	70.725	1	0	0	1	0	0	0	1	1	0	0	60
2013/12/31-11:54:03	67	1,436.748	70.725	0	0	1	0	0	0	0	1	0	0	1	3
2013/12/31-11:54:33	67	1,436.748	70.725	2	0	0	0	0	0	0	1	1	0	0	14
2013/12/31-11:55:06	67	1,436.748	70.725	1	0	0	0	0	0	1	1	0	0	1	7
2013/12/31-11:55:41	67	1,436.748	70.725	1	0	0	0	0	0	1	1	0	0	1	12
2013/12/31-12:08:09	67	1,436.748	70.725	2	0	0	0	0	0	1	1	0	0	1	16
2013/12/31-12:08:44	67	1,436.748	70.725	0	0	1	0	0	0	0	1	0	0	1	8
2013/12/31-12:09:11	67	1,443.438	67.001	0	0	1	0	0	0	0	1	0	0	1	8
2013/12/31-12:09:38	67	1,443.438	67.001	0	0	1	0	0	0	0	1	0	0	1	3
2013/12/31-12:10:16	67	1,443.438	67.001	1	0	1	0	0	0	0	1	0	0	1	3
2013/12/31-12:20:54	67	1,443.438	67.001	2	0	0	0	0	0	1	1	0	0	1	11
2013/12/31-12:22:14	67	1,443.438	67.001	0	0	0	0	0	0	0	1	1	0	0	8
2013/12/31-12:22:41	67	1,443.438	67.001	1	0	1	0	0	0	0	1	0	1	0	3
2013/12/31-12:23:02	67	1,443.438	67.001	0	0	1	0	0	0	0	1	0	0	1	10
2013/12/31-12:24:21	67	1,443.438	67.001	2	0	0	0	1	0	1	1	0	0	1	22
2013/12/31-16:56:48	69	1,433.011	68.141	0	0	1	0	0	0	0	1	0	0	1	8
2013/12/31-16:57:39	69	1,433.011	68.141	0	0	1	0	0	0	0	1	0	0	1	7
2013/12/31-16:58:58	69	1,433.011	68.141	1	0	1	0	0	0	0	1	0	0	1	4
2013/12/31-16:59:21	69	1,433.011	68.141	2	0	0	0	0	0	1	1	0	0	1	21
2013/12/31-17:00:00	69	1,433.011	68.141	1	0	0	0	0	0	1	1	0	0	1	7
2013/12/31-17:07:57	69	1,433.011	68.141	0	0	0	0	0	0	0	1	1	0	0	60
2013/12/31-17:09:16	69	1,433.011	68.141	0	0	0	0	0	0	0	1	1	0	0	14
2013/12/31-17:09:49	69	1,433.011	68.141	0	0	1	0	0	0	0	1	0	0	1	6
2013/12/31-17:10:14	69	1,433.011	68.141	0	0	1	0	0	0	0	1	0	0	1	8
2013/12/31-17:10:41	69	1,433.011	68.141	1	0	0	0	1	0	1	1	0	0	1	8
2013/12/31-17:24:15	68	1,437.608	62.144	5	0	0	0	0	0	1	1	0	0	1	29
2013/12/31-17:25:03	68	1,437.608	62.144	0	0	0	0	0	0	0	1	1	0	0	4
2013/12/31-17:25:26	68	1,437.608	62.144	3	0	0	1	0	0	1	1	0	0	1	45
2013/12/31-17:26:30	68	1,437.608	62.144	10	0	0	0	0	0	1	1	0	0	1	37
2013/12/31-17:27:26	68	1,437.608	62.144	0	0	1	0	0	0	0	1	0	0	1	18
2013/12/31-21:05:53	65	1,445.308	63.858	0	0	1	0	0	0	0	1	0	0	1	8
2013/12/31-21:06:28	65	1,445.308	63.858	0	0	1	0	0	0	0	1	0	0	1	8
2013/12/31-21:07:16	65	1,445.308	63.858	0	0	1	0	0	0	0	1	0	0	1	3
2013/12/31-21:07:48	65	1,445.308	63.858	0	0	1	0	0	0	0	1	0	0	1	9
2013/12/31-21:09:07	65	1,445.308	63.858	1	0	1	0	0	0	0	1	0	0	1	4
2013/12/31-21:13:36	70	1,420.902	60.979	0	0	0	0	0	0	0	1	1	0	0	60
2013/12/31-21:14:55	70	1,420.902	60.979	0	0	0	0	0	0	0	1	1	0	0	8
2013/12/31-21:15:22	70	1,420.902	60.979	1	0	0	0	1	0	1	1	1	0	0	15
2013/12/31-21:15:57	70	1,420.902	60.979	0	0	1	0	0	0	0	1	0	0	1	8
2013/12/31-21:16:23	70	1,420.902	60.979	1	0	0	0	1	0	1	1	1	0	0	59
2013/12/31-21:28:50	70	1,420.902	60.979	1	0	0	0	1	0	1	1	1	0	0	10
2013/12/31-21:29:19	70	1,420.902	60.979	1	0	0	0	0	0	0	1	1	0	0	60
2013/12/31-21:30:38	70	1,420.902	60.979	0	0	1	0	0	0	0	1	0	0	1	8
2013/12/31-21:31:06	70	1,420.902	60.979	0	0	0	0	0	0	0	1	1	0	0	19
2013/12/31-21:31:44	70	1,420.902	60.979	0	0	1	0	0	0	0	1	0	0	1	4
2014/01/01-01:10:16	65	1,444.486	61.715	0	0	1	0	0	0	0	1	0	0	1	4
2014/01/01-01:11:21	65	1,444.486	61.715	0	0	1	0	0	0	0	1	0	0	1	34
2014/01/01-01:12:15	65	1,444.486	61.715	1	0	0	0	0	0	1	1	0	0	1	13
2014/01/01-01:12:52	65	1,444.486	61.715	2	0	0	0	0	0	1	1	0	0	1	6
2014/01/01-01:13:17	65	1,444.486	61.715	2	0	1	0	0	0	0	1	0	0	1	13
2014/01/01-01:17:15	65	1,444.486	61.715	0	0	0	0	0	0	0	1	1	0	0	60
2014/01/01-01:18:34	65	1,444.486	61.715	0	0	1	0	0	0	0	1	0	0	1	8
2014/01/01-01:19:01	65	1,444.486	61.715	0	0	1	0	0	0	0	1	0	0	1	6
2014/01/01-01:19:31	65	1,444.486	61.715	0	0	1	0	0	0	0	1	0	0	1	15
2014/01/01-01:20:05	65	1,444.486	61.715	0	0	1	0	0	0	0	1	0	0	1	17
2014/01/01-01:32:00	65	1,444.486	61.715	0	0	1	0	0	0	0	1	0	0	1	8
2014/01/01-01:32:52	65	1,444.486	61.715	0	0	1	0	0	0	0	1	0	0	1	3
2014/01/01-01:33:15	65	1,444.486	61.715	0	0	1	0	0	0	0	1	0	0	1	3
2014/01/01-01:33:40	65	1,444.486	61.715	0	0	0	0	0	0	0	1	0	0	1	60
2014/01/01-01:34:59	65	1,444.486	61.715	2	0	1	0	1	0	0	1	0	0	1	17
2014/01/01-05:14:44	67	1,428.373	61.207	0	0	1	0	0	0	0	1	0	0	1	18
2014/01/01-05:16:03	67	1,428.373	61.207	1	0	0	0	0	0	0	1	1	0	0	15
2014/01/01-05:16:37	67	1,428.373	61.207	0	0	0	0	0	0	0	1	1	0	0	8
2014/01/01-05:17:04	67	1,428.373	61.207	1	0	1	0	1	0	0	1	0	0	1	11
2014/01/01-05:17:42	67	1,428.373	61.207	0	0	0	0	0	0	0	1	1	0	0	5
2014/01/01-05:30:00	67	1,428.373	61.207	2	0	1	0	0	0	0	1	0	0	1	12
2014/01/01-05:30:53	67	1,428.373	61.207	2	0	0	0	1	0	1	1	0	0	1	10
2014/01/01-05:31:22	67	1,428.373	61.207	0	0	1	0	0	0	0	1	0	0	1	6
2014/01/01-05:31:47	67	1,428.373	61.207	2	0	0	0	0	0	1	1	0	0	1	8
2014/01/01-05:33:05	67	1,428.373	61.207	3	0	0	0	1	0	1	1	0	0	1	33
2014/01/01-05:44:57	64	1,465.864	57.271	0	0	1	0	0	0	0	1	0	0	1	3
2014/01/01-05:45:20	64	1,465.864	57.271	0	0	1	0	0	0	0	1	0	0	1	8
2014/01/01-05:46:19	64	1,465.864	57.271	1	0	0	0	0	0	1	1	0	0	1	4
2014/01/01-05:47:23	64	1,465.864	57.271	0	0	1	0	0	0	0	1	0	0	1	11
2014/01/01-05:48:07	64	1,465.864	57.271	0	0	0	0	0	0	0	1	1	0	0	5
2014/01/01-09:19:48	63	1,470.358	60.455	2	0	1	0	0	0	0	1	0	0	1	22
2014/01/01-09:20:45	63	1,470.358	60.455	1	0	1	0	0	0	0	1	0	0	1	6
2014/01/01-09:21:10	63	1,470.358	60.455	1	0	1	0	0	0	0	1	0	0	1	5
2014/01/01-09:21:38	63	1,470.358	60.455	2	0	0	1	0	0	0	1	1	0	0	19
2014/01/01-09:22:16	63	1,470.358	60.455	0	0	1	0	0	0	0	1	0	0	1	12
2014/01/01-09:25:51	63	1,470.358	60.455	0	0	1	0	0	0	0	1	0	0	1	17
2014/01/01-09:26:27	63	1,470.358	60.455	1	0	1	0	0	0	0	1	0	0	1	6
2014/01/01-09:26:52	63	1,470.358	60.455	1	0	1	0	0	0	0	1	0	0	1	14
2014/01/01-09:27:24	63	1,470.358	60.455	1	0	1	0	0	0	0	1	0	0	1	14
2014/01/01-09:27:57	63	1,470.358	60.455	1	0	1	0	0	0	0	1	0	0	1	17
2014/01/01-09:41:42	63	1,473.179	56.822	2	0	0	0	0	0	1	1	0	0	1	10
2014/01/01-09:42:17	63	1,473.179	56.822	1	0	1	0	0	0	0	1	0	0	1	6
2014/01/01-09:42:45	63	1,473.179	56.822	0	0	1	0	0	0	0	1	0	0	1	10
2014/01/01-09:43:16	63	1,473.179	56.822	0	0	1	0	0	0	0	1	0	0	1	9
2014/01/01-09:44:35	63	1,473.179	56.822	2	0	0	0	0	0	0	1	1	0	0	13
2014/01/01-14:14:52	62	1,471.783	61.252	0	0	0	2	0	0	0	1	1	0	0	17
2014/01/01-14:15:28	62	1,471.783	61.252	0	0	1	0	0	0	0	1	0	0	1	3
2014/01/01-14:16:47	62	1,471.783	61.252	2	0	1	0	0	0	0	1	0	0	1	14
2014/01/01-14:17:33	62	1,471.783	61.252	0	0	0	0	0	0	0	1	1	0	0	10
2014/01/01-14:18:01	62	1,471.783	61.252	2	0	0	0	0	0	1	1	0	0	1	11
2014/01/01-14:37:41	62	1,471.783	61.252	0	0	1	0	0	0	0	1	0	0	1	12
2014/01/01-14:39:00	62	1,471.783	61.252	0	0	1	0	0	0	0	1	0	0	1	7
2014/01/01-14:39:34	62	1,471.783	61.252	0	0	1	0	0	0	0	1	0	0	1	8
2014/01/01-14:40:30	62	1,471.783	61.252	1	0	0	0	0	0	1	1	0	0	1	3
2014/01/01-14:41:49	64	1,466.287	56.811	2	0	1	0	0	0	0	1	0	0	1	25
2014/01/01-14:55:54	64	1,466.287	56.811	1	0	0	0	0	0	0	1	1	0	0	11
2014/01/01-14:56:24	64	1,466.287	56.811	0	0	1	0	0	0	0	1	0	0	1	8
2014/01/01-14:57:43	64	1,466.287	56.811	1	0	0	0	0	0	1	1	0	0	1	8
2014/01/01-14:58:09	64	1,466.287	56.811	1	0	0	0	0	0	1	1	0	0	1	9
2014/01/01-14:58:37	64	1,466.287	56.811	1	0	1	0	0	0	0	1	0	0	1	3
2014/01/02-00:39:26	63	1,481.244	59.896	0	0	1	0	0	0	0	1	0	0	1	19
2014/01/02-00:40:05	63	1,481.244	59.896	0	0	1	0	0	0	0	1	0	0	1	3
2014/01/02-00:40:27	63	1,481.244	59.896	1	0	1	0	0	0	0	1	0	0	1	12
2014/01/02-00:40:58	63	1,481.244	59.896	1	0	0	0	0	0	1	1	0	0	1	11
2014/01/02-00:41:28	63	1,481.244	59.896	1	0	0	0	0	0	1	1	0	0	1	11
2014/01/02-00:49:30	63	1,481.244	59.896	4	0	0	0	0	0	1	1	0	0	1	19
2014/01/02-00:50:08	63	1,481.244	59.896	0	0	0	0	0	0	0	1	1	0	0	9
2014/01/02-00:50:36	63	1,481.244	59.896	2	0	0	0	0	0	1	1	0	0	1	13
2014/01/02-00:51:10	63	1,481.244	59.896	0	0	1	0	0	0	0	1	0	0	1	3
2014/01/02-00:51:37	63	1,481.244	59.896	0	0	1	0	0	0	0	1	0	0	1	8
2014/01/02-01:05:01	63	1,489.015	55.396	1	0	0	0	0	0	1	1	0	0	1	6
2014/01/02-01:06:20	63	1,489.015	55.396	0	0	1	0	0	0	0	1	0	0	1	50
2014/01/02-01:07:40	63	1,489.015	55.396	2	0	1	0	0	0	0	1	0	0	1	27
2014/01/02-01:08:25	63	1,489.015	55.396	0	0	1	0	0	0	0	1	0	0	1	8
2014/01/02-01:09:44	63	1,489.015	55.396	2	0	0	0	0	0	1	1	0	0	1	27
2014/01/02-04:44:25	61	1,495.765	58.25	0	0	1	0	0	0	0	1	0	0	1	31
2014/01/02-04:45:15	61	1,495.765	58.25	0	0	1	0	0	0	0	1	0	0	1	9
2014/01/02-04:45:46	61	1,495.765	58.25	1	0	0	0	1	0	1	1	0	0	1	11
2014/01/02-04:46:16	61	1,495.765	58.25	1	0	0	0	0	0	1	1	0	0	1	13
2014/01/02-04:47:35	61	1,495.765	58.25	3	0	0	0	1	0	1	1	0	0	1	16
2014/01/02-04:59:08	61	1,495.765	58.25	2	0	1	0	2	0	0	1	0	0	1	11
2014/01/02-04:59:38	61	1,495.765	58.25	0	0	1	0	0	0	0	1	0	0	1	11
2014/01/02-05:00:08	61	1,495.765	58.25	0	0	0	0	0	0	0	1	1	0	0	9
2014/01/02-05:00:36	61	1,495.765	58.25	0	0	0	0	0	0	0	1	1	0	0	60
2014/01/02-05:01:55	61	1,495.765	58.25	1	0	0	0	1	0	1	1	0	0	1	7
2014/01/02-05:14:57	60	1,492.169	54.782	3	0	0	2	0	0	1	1	0	0	1	57
2014/01/02-05:16:13	60	1,492.169	54.782	0	0	1	0	0	0	0	1	0	0	1	8
2014/01/02-05:17:00	60	1,492.169	54.782	1	0	0	0	1	0	1	1	0	0	1	10
2014/01/02-05:18:07	60	1,492.169	54.782	1	0	1	0	0	0	0	1	0	0	1	10
2014/01/02-05:18:42	60	1,492.169	54.782	1	0	0	0	1	0	1	1	0	0	1	7
2014/01/02-10:38:41	63	1,473.016	59.59	1	0	0	0	0	0	1	1	0	0	1	11
2014/01/02-10:39:12	63	1,473.016	59.59	1	0	0	0	0	0	1	1	0	0	1	11
2014/01/02-10:39:43	63	1,473.016	59.59	3	0	0	0	0	0	1	1	0	0	1	19
2014/01/02-10:40:59	63	1,473.016	59.59	2	0	0	0	1	0	1	1	0	0	1	12
2014/01/02-10:41:30	63	1,473.016	59.59	0	0	1	0	0	0	0	1	0	0	1	12
2014/01/02-10:49:03	63	1,473.016	59.59	2	0	0	0	0	0	1	1	0	0	1	10
2014/01/02-10:49:32	63	1,473.016	59.59	1	0	0	0	0	0	1	1	0	0	1	12
2014/01/02-10:50:51	63	1,473.016	59.59	1	0	1	0	0	0	0	1	0	0	1	6
2014/01/02-10:51:22	63	1,473.016	59.59	1	0	0	0	1	0	0	1	1	0	0	8
2014/01/02-10:51:49	63	1,473.016	59.59	0	0	1	0	0	0	0	1	0	0	1	8
2014/01/02-11:00:48	63	1,473.016	59.59	2	0	0	0	1	0	1	1	0	0	1	14
2014/01/02-11:01:21	63	1,473.016	59.59	1	0	1	0	1	0	0	1	1	0	0	19
2014/01/02-11:02:00	65	1,466.129	54.85	0	0	1	0	0	0	0	1	0	0	1	8
2014/01/02-11:02:26	65	1,466.129	54.85	0	0	1	0	0	0	0	1	0	0	1	13
2014/01/02-11:02:59	65	1,466.129	54.85	0	0	0	0	0	0	0	1	1	0	0	8
2014/01/02-14:51:50	64	1,469.371	58.706	1	0	0	0	1	0	1	1	0	0	1	3
2014/01/02-14:52:18	64	1,469.371	58.706	0	0	0	0	0	0	0	1	1	0	0	9
2014/01/02-14:52:46	64	1,469.371	58.706	0	0	1	0	0	0	0	1	0	0	1	8
2014/01/02-14:53:31	64	1,469.371	58.706	0	0	1	0	0	0	0	1	0	0	1	3
2014/01/02-14:54:13	64	1,469.371	58.706	0	0	1	0	0	0	0	1	0	0	1	13
2014/01/02-14:59:38	64	1,469.371	58.706	0	0	1	0	0	0	0	1	0	0	1	52
2014/01/02-15:00:50	64	1,469.371	58.706	1	0	1	0	0	0	0	1	0	0	1	3
2014/01/02-15:01:17	64	1,469.371	58.706	0	0	1	0	0	0	0	1	0	0	1	19
2014/01/02-15:01:55	64	1,469.371	58.706	3	0	1	0	1	0	0	1	0	0	1	18
2014/01/02-15:02:32	64	1,469.371	58.706	0	0	1	0	0	0	0	1	0	0	1	7
2014/01/02-15:16:33	64	1,457.778	54.838	2	0	1	0	1	0	0	1	0	0	1	5
2014/01/02-15:16:57	64	1,457.778	54.838	0	0	1	0	0	0	0	1	0	0	1	8
2014/01/02-15:17:48	64	1,457.778	54.838	1	0	1	0	2	0	0	1	0	0	1	8
2014/01/02-15:18:15	64	1,457.778	54.838	2	0	0	0	1	0	1	1	0	0	1	16
2014/01/02-15:18:50	64	1,457.778	54.838	2	0	0	0	0	0	1	1	0	0	1	11
2014/01/02-22:57:26	62	1,463.518	59.636	0	0	0	0	0	0	0	1	1	0	0	60
2014/01/02-22:58:46	62	1,463.518	59.636	0	0	1	0	0	0	0	1	0	0	1	8
2014/01/02-22:59:13	62	1,463.518	59.636	2	0	0	0	0	0	1	1	0	0	1	11
2014/01/02-23:00:32	62	1,463.518	59.636	0	0	1	0	0	0	0	1	0	0	1	3
2014/01/02-23:01:06	62	1,463.518	59.636	1	0	0	0	0	0	1	1	0	0	1	6
2014/01/02-23:06:04	62	1,463.518	59.636	0	0	1	0	0	0	0	1	0	0	1	16
2014/01/02-23:06:39	62	1,463.518	59.636	1	0	0	0	2	0	0	1	1	0	0	60
2014/01/02-23:07:58	62	1,463.518	59.636	2	0	0	0	1	0	1	1	0	0	1	7
2014/01/02-23:09:17	62	1,463.518	59.636	0	0	1	0	0	0	0	1	0	0	1	10
2014/01/02-23:09:47	62	1,463.518	59.636	0	0	1	0	0	0	0	1	0	0	1	4
2014/01/02-23:19:19	67	1,449.042	55.495	0	0	1	0	0	0	0	1	0	0	1	8
2014/01/02-23:20:38	67	1,449.042	55.495	0	0	1	0	0	0	0	1	0	0	1	17
2014/01/02-23:21:57	67	1,449.042	55.495	2	0	1	0	1	0	0	1	0	0	1	14
2014/01/02-23:22:29	67	1,449.042	55.495	1	0	0	0	1	0	0	1	1	0	0	60
2014/01/02-23:23:48	67	1,449.042	55.495	1	0	1	0	0	0	0	1	0	0	1	7
2014/01/03-03:08:46	67	1,448.292	58.316	1	0	1	0	0	0	0	1	0	0	1	9
2014/01/03-03:09:14	67	1,448.292	58.316	0	0	0	0	0	0	0	1	1	0	0	23
2014/01/03-03:09:56	67	1,448.292	58.316	1	0	1	0	1	0	0	1	0	0	1	17
2014/01/03-03:10:32	67	1,448.292	58.316	1	0	0	0	0	0	1	1	0	0	1	11
2014/01/03-03:11:02	67	1,448.292	58.316	1	0	1	0	0	0	0	1	0	0	1	10
2014/01/03-03:27:53	66	1,465.21	56.282	1	0	0	0	0	0	1	1	0	0	1	6
2014/01/03-03:28:21	66	1,465.21	56.282	0	0	1	0	0	0	0	1	0	0	1	35
2014/01/03-03:29:40	66	1,465.21	56.282	3	0	0	0	0	0	1	1	0	0	1	47
2014/01/03-03:30:46	66	1,465.21	56.282	3	0	0	0	2	0	1	1	0	0	1	17
2014/01/03-03:31:22	66	1,465.21	56.282	1	0	0	0	0	0	1	1	0	0	1	5
2014/01/03-03:39:16	66	1,465.21	56.282	0	0	1	0	0	0	0	1	1	0	0	47
2014/01/03-03:40:23	66	1,465.21	56.282	1	0	0	0	1	0	1	1	0	0	1	4
2014/01/03-03:41:41	66	1,465.21	56.282	1	0	1	0	0	0	0	1	0	0	1	3
2014/01/03-03:42:18	66	1,465.21	56.282	1	0	1	0	0	0	0	1	0	0	1	3
2014/01/03-03:42:54	66	1,465.21	56.282	0	0	1	0	0	0	0	1	0	0	1	13
2014/01/03-08:08:04	65	1,476.488	59.617	0	0	1	0	0	0	0	1	0	0	1	16
2014/01/03-08:08:54	65	1,476.488	59.617	1	0	1	0	0	0	0	1	0	0	1	4
2014/01/03-08:09:28	65	1,476.488	59.617	1	0	0	0	1	0	1	1	0	0	1	6
2014/01/03-08:10:10	65	1,476.488	59.617	0	0	1	0	0	0	0	1	0	0	1	9
2014/01/03-08:11:23	65	1,476.488	59.617	1	0	0	0	0	0	1	1	0	0	1	5
2014/01/03-08:29:04	65	1,476.488	59.617	0	0	1	0	0	0	0	1	0	0	1	3
2014/01/03-08:29:56	65	1,476.488	59.617	0	0	0	0	0	0	0	1	1	0	0	60
2014/01/03-08:31:15	65	1,476.488	59.617	3	0	0	0	0	0	1	1	0	0	1	15
2014/01/03-08:31:49	65	1,476.488	59.617	0	0	1	0	0	0	0	1	0	0	1	5
2014/01/03-08:32:16	65	1,476.488	59.617	0	0	1	0	0	0	0	1	0	0	1	8
2014/01/03-08:42:21	67	1,447.654	55.495	0	0	1	0	0	0	0	1	0	0	1	3
2014/01/03-08:43:38	67	1,447.654	55.495	2	0	0	0	3	0	1	1	1	0	0	21
2014/01/03-08:44:18	67	1,447.654	55.495	0	0	1	0	0	0	0	1	0	0	1	8
2014/01/03-08:44:58	67	1,447.654	55.495	8	0	0	0	1	0	1	1	0	0	1	31
2014/01/03-08:45:48	67	1,447.654	55.495	0	0	1	0	0	0	0	1	0	0	1	6
