2013/09/02-15:29:36	47	1,500	350.465	0	0	1	0	0	0	0	1	0	0	1	7
2013/09/02-15:30:27	47	1,500	350.465	2	0	1	0	1	0	0	1	0	0	1	6
2013/09/02-15:30:52	47	1,500	350.465	0	0	1	0	0	0	0	1	0	0	1	12
2013/09/02-15:31:42	47	1,500	350.465	0	0	1	0	0	0	0	1	0	0	1	6
2013/09/02-15:32:12	47	1,500	350.465	1	0	0	0	1	0	1	1	0	0	1	7
2013/09/02-15:36:25	64	1,451.345	275.415	0	0	0	0	0	0	0	1	1	0	0	8
2013/09/02-15:36:52	64	1,451.345	275.415	0	0	1	0	0	0	0	1	0	0	1	6
2013/09/02-15:37:17	64	1,451.345	275.415	0	0	1	0	0	0	0	1	1	0	0	36
2013/09/02-15:38:12	64	1,451.345	275.415	1	0	0	0	2	0	1	1	0	0	1	3
2013/09/02-15:38:35	64	1,451.345	275.415	0	0	1	0	0	0	0	1	0	0	1	6
2013/09/02-15:54:13	64	1,451.345	275.415	0	0	1	0	0	0	0	1	0	0	1	6
2013/09/02-15:54:58	64	1,451.345	275.415	0	0	1	0	0	0	0	1	0	0	1	6
2013/09/02-15:55:27	64	1,451.345	275.415	1	0	0	0	0	0	1	1	0	0	1	15
2013/09/02-15:56:25	64	1,451.345	275.415	1	0	0	0	0	0	1	1	0	0	1	6
2013/09/02-15:56:50	64	1,451.345	275.415	0	0	1	0	0	0	0	1	0	0	1	5
2013/09/02-17:46:16	76	1,090.583	213.994	0	0	1	0	0	0	0	1	0	0	1	5
2013/09/02-17:46:41	76	1,090.583	213.994	1	0	0	0	1	0	1	1	0	0	1	5
2013/09/02-17:47:05	76	1,090.583	213.994	0	0	1	0	0	0	0	1	0	0	1	6
2013/09/02-17:47:30	76	1,090.583	213.994	1	0	0	0	0	0	1	1	0	0	1	16
2013/09/02-17:48:05	76	1,090.583	213.994	0	0	1	0	0	0	0	1	0	0	1	3
2013/09/02-17:52:21	76	1,090.583	213.994	0	0	1	0	0	0	0	1	0	0	1	12
2013/09/02-17:52:53	76	1,090.583	213.994	0	0	0	0	0	0	0	1	1	0	0	6
2013/09/02-17:53:18	76	1,090.583	213.994	0	0	0	0	0	0	0	1	1	0	0	3
2013/09/02-17:53:40	76	1,090.583	213.994	1	0	1	0	0	0	0	1	0	0	1	6
2013/09/02-17:54:04	76	1,090.583	213.994	0	0	1	0	0	0	0	1	0	0	1	6
2013/09/02-18:05:03	76	1,090.583	213.994	0	0	0	0	0	0	0	1	1	0	0	7
2013/09/02-18:05:29	76	1,090.583	213.994	1	0	0	0	0	0	1	1	0	0	1	6
2013/09/02-18:05:54	72	1,204.684	166.414	0	0	1	0	0	0	0	1	0	0	1	15
2013/09/02-18:06:28	72	1,204.684	166.414	1	0	1	0	0	0	0	1	0	0	1	6
2013/09/02-18:07:01	72	1,204.684	166.414	0	0	1	0	0	0	0	1	0	0	1	6
2013/09/03-00:17:26	68	1,170.882	149.367	1	0	0	0	0	0	1	1	0	0	1	11
2013/09/03-00:17:57	68	1,170.882	149.367	0	0	0	0	0	0	0	1	1	0	0	7
2013/09/03-00:18:23	68	1,170.882	149.367	1	0	0	0	1	0	0	1	1	0	0	6
2013/09/03-00:18:48	68	1,170.882	149.367	0	0	1	0	0	0	0	1	0	0	1	6
2013/09/03-00:19:13	68	1,170.882	149.367	0	0	1	0	0	0	0	1	0	0	1	6
2013/09/03-00:24:03	67	1,172.209	131.913	0	0	1	0	0	0	0	1	0	0	1	6
2013/09/03-00:24:29	67	1,172.209	131.913	0	0	1	0	0	0	0	1	0	0	1	6
2013/09/03-00:24:54	67	1,172.209	131.913	0	0	0	0	0	0	0	1	1	0	0	11
2013/09/03-00:25:24	67	1,172.209	131.913	0	0	1	0	0	0	0	1	0	0	1	6
2013/09/03-00:25:48	67	1,172.209	131.913	1	0	0	0	1	0	0	1	1	0	0	6
2013/09/03-00:37:33	67	1,172.209	131.913	0	0	1	0	0	0	0	1	0	0	1	6
2013/09/03-00:37:59	67	1,172.209	131.913	0	0	1	0	0	0	0	1	0	0	1	6
2013/09/03-00:38:26	66	1,228.781	111.321	1	0	0	0	0	0	1	1	0	0	1	3
2013/09/03-00:38:49	66	1,228.781	111.321	1	0	0	0	0	0	1	1	0	0	1	5
2013/09/03-00:39:16	66	1,228.781	111.321	0	0	1	0	0	0	0	1	0	0	1	3
2013/09/03-15:54:55	65	1,215.288	105.84	0	0	0	0	0	0	0	1	1	0	0	6
2013/09/03-15:55:21	65	1,215.288	105.84	0	0	1	0	0	0	0	1	0	0	1	6
2013/09/03-15:55:46	65	1,215.288	105.84	1	0	0	0	0	0	1	1	0	0	1	7
2013/09/03-15:56:11	65	1,215.288	105.84	0	0	0	0	0	0	0	1	1	0	0	6
2013/09/03-15:56:36	65	1,215.288	105.84	1	0	1	0	1	0	0	1	0	0	1	6
2013/09/03-16:08:18	65	1,215.288	105.84	0	0	0	0	0	0	0	1	1	0	0	6
2013/09/03-16:08:43	65	1,215.288	105.84	0	0	0	0	0	0	0	1	1	0	0	6
2013/09/03-16:09:08	65	1,215.288	105.84	0	0	1	0	0	0	0	1	0	0	1	6
2013/09/03-16:09:37	65	1,215.288	105.84	0	0	0	0	0	0	0	1	1	0	0	6
2013/09/03-16:10:02	64	1,251.205	92.512	0	0	0	0	0	0	0	1	1	0	0	6
2013/09/03-16:20:16	64	1,251.205	92.512	0	0	1	0	0	0	0	1	0	0	1	6
2013/09/03-16:20:47	64	1,251.205	92.512	0	0	1	0	0	0	0	1	0	0	1	6
2013/09/03-16:21:32	64	1,251.205	92.512	0	0	1	0	0	0	0	1	0	0	1	9
2013/09/03-16:22:00	64	1,251.205	92.512	1	0	0	0	0	0	1	1	0	0	1	6
2013/09/03-16:22:27	64	1,251.205	92.512	0	0	1	0	0	0	0	1	0	0	1	5
2013/09/03-16:32:08	66	1,169.237	84.134	0	0	0	0	0	0	0	1	1	0	0	6
2013/09/03-16:32:33	66	1,169.237	84.134	1	0	0	0	1	0	1	1	0	0	1	5
2013/09/03-16:32:58	66	1,169.237	84.134	1	0	0	0	0	0	1	1	0	0	1	6
2013/09/03-16:33:23	66	1,169.237	84.134	0	0	1	0	0	0	0	1	0	0	1	13
2013/09/03-16:33:54	66	1,169.237	84.134	1	0	0	0	1	0	0	1	1	0	0	17
2013/09/03-16:38:53	66	1,169.237	84.134	0	0	1	0	0	0	0	1	0	0	1	7
2013/09/03-16:39:36	66	1,169.237	84.134	0	0	1	0	0	0	0	1	0	0	1	4
2013/09/03-16:40:05	66	1,169.237	84.134	0	0	1	0	0	0	0	1	0	0	1	6
2013/09/03-16:40:39	66	1,169.237	84.134	0	0	1	0	0	0	0	1	0	0	1	6
2013/09/03-16:41:17	66	1,169.237	84.134	0	0	1	0	0	0	0	1	0	0	1	6
2013/09/03-16:48:52	66	1,169.237	84.134	0	0	1	0	0	0	0	1	0	0	1	6
2013/09/03-16:49:26	66	1,169.237	84.134	1	0	0	0	3	0	0	1	1	0	0	4
2013/09/03-16:49:49	66	1,169.237	84.134	0	0	1	0	0	0	0	1	0	0	1	6
2013/09/03-16:50:16	66	1,169.237	84.134	0	0	1	0	0	0	0	1	0	0	1	6
2013/09/03-16:50:48	66	1,169.237	84.134	1	0	1	0	0	0	0	1	0	0	1	3
2013/09/03-20:44:03	65	1,208.373	77.504	0	0	0	0	0	0	0	1	1	0	0	6
2013/09/03-20:44:28	65	1,208.373	77.504	0	0	1	0	0	0	0	1	0	0	1	6
2013/09/03-20:44:53	65	1,208.373	77.504	0	0	1	0	0	0	0	1	0	0	1	3
2013/09/03-20:45:18	65	1,208.373	77.504	0	0	0	0	0	0	0	1	1	0	0	7
2013/09/03-20:45:43	65	1,208.373	77.504	0	0	0	0	0	0	0	1	1	0	0	6
2013/09/03-20:58:02	65	1,207.499	72.703	0	0	1	0	0	0	0	1	0	0	1	19
2013/09/03-20:58:39	65	1,207.499	72.703	0	0	0	0	0	0	0	1	1	0	0	11
2013/09/03-20:59:09	65	1,207.499	72.703	0	0	1	0	0	0	0	1	1	0	0	6
2013/09/03-20:59:34	65	1,207.499	72.703	0	0	1	0	0	0	0	1	0	0	1	16
2013/09/03-21:00:09	65	1,207.499	72.703	0	0	0	0	0	0	0	1	1	0	0	6
2013/09/03-21:11:06	63	1,233.688	68.727	1	0	0	0	0	0	0	1	1	0	0	11
2013/09/03-21:11:36	63	1,233.688	68.727	0	0	1	0	0	0	0	1	0	0	1	4
2013/09/03-21:12:03	63	1,233.688	68.727	1	0	0	0	1	0	1	1	0	0	1	18
2013/09/03-21:12:40	63	1,233.688	68.727	1	0	1	0	1	0	0	1	0	0	1	4
2013/09/03-21:13:03	63	1,233.688	68.727	0	0	1	0	0	0	0	1	0	0	1	6
2013/09/04-15:38:27	63	1,220.312	69.541	0	0	1	0	0	0	0	1	0	0	1	3
2013/09/04-15:38:51	63	1,220.312	69.541	1	0	1	0	0	0	0	1	0	0	1	6
2013/09/04-15:39:16	63	1,220.312	69.541	1	0	0	0	0	0	1	1	0	0	1	11
2013/09/04-15:39:46	63	1,220.312	69.541	0	0	1	0	0	0	0	1	0	0	1	6
2013/09/04-15:40:19	63	1,220.312	69.541	0	0	0	0	0	0	0	1	1	0	0	10
2013/09/04-15:44:58	63	1,220.312	69.541	0	0	1	0	0	0	0	1	0	0	1	6
2013/09/04-15:46:17	63	1,220.312	69.541	2	0	1	0	0	0	0	1	0	0	1	9
2013/09/04-15:47:32	63	1,220.312	69.541	1	0	0	0	1	0	1	1	0	0	1	9
2013/09/04-15:48:09	63	1,220.312	69.541	1	0	0	0	0	0	1	1	0	0	1	7
2013/09/04-15:48:34	63	1,220.312	69.541	0	0	1	0	0	0	0	1	0	0	1	6
2013/09/04-15:57:42	63	1,220.312	69.541	1	0	0	0	1	0	0	1	1	0	0	10
2013/09/04-15:58:11	63	1,220.312	69.541	0	0	1	0	0	0	0	1	0	0	1	6
2013/09/04-15:59:30	63	1,220.312	69.541	0	0	1	0	0	0	0	1	0	0	1	3
2013/09/04-16:00:48	63	1,220.312	69.541	0	0	0	0	0	0	0	1	1	0	0	3
2013/09/04-16:01:10	63	1,220.312	69.541	0	0	1	0	0	0	0	1	0	0	1	6
2013/09/04-20:51:41	64	1,222.198	67.833	1	0	0	0	1	0	1	1	0	0	1	3
2013/09/04-20:52:17	64	1,222.198	67.833	0	0	1	0	0	0	0	1	0	0	1	6
2013/09/04-20:53:23	64	1,222.198	67.833	0	0	1	0	0	0	0	1	0	0	1	6
2013/09/04-20:54:05	64	1,222.198	67.833	1	0	0	0	0	0	1	1	0	0	1	6
2013/09/04-20:54:37	64	1,222.198	67.833	7	0	0	0	2	0	1	1	0	0	1	35
2013/09/04-21:04:06	64	1,222.198	67.833	0	0	1	0	0	0	0	1	0	0	1	6
2013/09/04-21:04:33	64	1,222.198	67.833	0	0	1	0	0	0	0	1	0	0	1	3
2013/09/04-21:04:59	64	1,222.198	67.833	0	0	1	0	0	0	0	1	0	0	1	6
2013/09/04-21:05:37	64	1,200.9	62.547	0	0	1	0	0	0	0	1	0	0	1	6
2013/09/04-21:06:02	64	1,200.9	62.547	0	0	1	0	0	0	0	1	0	0	1	7
2013/09/04-21:15:09	64	1,200.9	62.547	0	0	1	0	0	0	0	1	0	0	1	6
2013/09/04-21:15:35	64	1,200.9	62.547	0	0	1	0	0	0	0	1	0	0	1	3
2013/09/04-21:16:54	64	1,200.9	62.547	1	0	0	0	0	0	1	1	0	0	1	4
2013/09/04-21:18:13	64	1,200.9	62.547	0	0	0	0	0	0	0	1	1	0	0	4
2013/09/04-21:18:36	64	1,200.9	62.547	0	0	1	0	0	0	0	1	0	0	1	6
2013/09/05-02:57:23	64	1,219.784	65.54	0	0	1	0	0	0	0	1	0	0	1	6
2013/09/05-02:57:47	64	1,219.784	65.54	3	0	0	0	0	0	1	1	0	0	1	11
2013/09/05-02:58:17	64	1,219.784	65.54	0	0	1	0	0	0	0	1	0	0	1	3
2013/09/05-02:58:41	64	1,219.784	65.54	1	0	0	0	0	0	1	1	0	0	1	6
2013/09/05-02:59:07	64	1,219.784	65.54	1	0	0	0	1	0	0	1	1	0	0	16
2013/09/05-03:13:10	64	1,219.784	65.54	0	0	1	0	0	0	0	1	0	0	1	6
2013/09/05-03:14:29	64	1,219.784	65.54	0	0	1	0	0	0	0	1	0	0	1	6
2013/09/05-03:15:34	64	1,219.784	65.54	1	0	1	0	0	0	0	1	0	0	1	3
2013/09/05-03:15:55	64	1,219.784	65.54	0	0	1	0	0	0	0	1	0	0	1	7
2013/09/05-03:16:21	64	1,219.784	65.54	2	0	1	0	0	0	0	1	0	0	1	9
2013/09/05-03:24:16	64	1,236.885	59.729	0	0	1	0	0	0	0	1	0	0	1	8
2013/09/05-03:24:48	64	1,236.885	59.729	0	0	1	0	0	0	0	1	0	0	1	6
2013/09/05-03:25:33	64	1,236.885	59.729	0	0	1	0	0	0	0	1	0	0	1	6
2013/09/05-03:26:52	64	1,236.885	59.729	0	0	1	0	0	0	0	1	0	0	1	6
2013/09/05-03:27:27	64	1,236.885	59.729	1	0	0	0	1	0	1	1	0	0	1	5
2013/09/06-00:24:51	63	1,227.046	63.233	0	0	1	0	0	0	0	1	0	0	1	6
2013/09/06-00:26:11	63	1,227.046	63.233	0	0	1	0	0	0	0	1	0	0	1	6
2013/09/06-00:26:37	63	1,227.046	63.233	0	0	1	0	0	0	0	1	0	0	1	10
2013/09/06-00:27:13	63	1,227.046	63.233	0	0	1	0	0	0	0	1	0	0	1	6
2013/09/06-00:28:32	63	1,227.046	63.233	0	0	1	0	0	0	0	1	0	0	1	6
2013/09/06-00:29:57	63	1,227.046	63.233	0	0	1	0	0	0	0	1	0	0	1	6
2013/09/06-00:30:29	63	1,227.046	63.233	0	0	1	0	0	0	0	1	0	0	1	6
2013/09/06-00:30:57	63	1,227.046	63.233	1	0	1	0	0	0	0	1	0	0	1	8
2013/09/06-00:31:28	63	1,227.046	63.233	0	0	1	0	0	0	0	1	0	0	1	8
2013/09/06-00:32:46	63	1,227.046	63.233	0	0	1	0	0	0	0	1	0	0	1	6
2013/09/06-00:48:49	63	1,227.046	63.233	0	0	1	0	0	0	0	1	0	0	1	6
2013/09/06-00:49:20	63	1,227.046	63.233	0	0	1	0	0	0	0	1	0	0	1	6
2013/09/06-00:49:48	66	1,181.012	56.946	0	0	1	0	0	0	0	1	0	0	1	6
2013/09/06-00:51:07	66	1,181.012	56.946	0	0	1	0	0	0	0	1	0	0	1	6
2013/09/06-00:51:35	66	1,181.012	56.946	0	0	0	0	0	0	0	1	1	0	0	17
2013/09/06-01:12:51	66	1,181.012	56.946	0	0	0	0	0	0	0	1	1	0	0	6
2013/09/06-01:13:15	66	1,181.012	56.946	0	0	0	0	0	0	0	1	1	0	0	6
2013/09/06-01:13:40	66	1,181.012	56.946	0	0	0	0	0	0	0	1	1	0	0	9
2013/09/06-01:14:08	66	1,181.012	56.946	0	0	1	0	0	0	0	1	0	0	1	6
2013/09/06-01:14:33	66	1,181.012	56.946	0	0	1	0	0	0	0	1	0	0	1	6
2013/09/06-01:27:47	67	1,181.899	53.46	0	0	1	0	0	0	0	1	0	0	1	9
2013/09/06-01:28:16	67	1,181.899	53.46	0	0	0	0	0	0	0	1	1	0	0	6
2013/09/06-01:28:40	67	1,181.899	53.46	0	0	0	0	0	0	0	1	1	0	0	6
2013/09/06-01:29:05	67	1,181.899	53.46	0	0	0	0	0	0	0	1	1	0	0	6
2013/09/06-01:29:30	67	1,181.899	53.46	0	0	1	0	0	0	0	1	0	0	1	13
2013/09/06-01:37:14	66	1,196.257	51.608	1	0	0	0	0	0	1	1	0	0	1	38
2013/09/06-01:38:11	66	1,196.257	51.608	0	0	1	0	0	0	0	1	0	0	1	6
2013/09/06-01:38:43	66	1,196.257	51.608	0	0	1	0	0	0	0	1	0	0	1	6
2013/09/06-01:39:35	66	1,196.257	51.608	0	0	1	0	0	0	0	1	0	0	1	6
2013/09/06-01:40:20	66	1,196.257	51.608	0	0	1	0	0	0	0	1	0	0	1	6
2013/09/09-08:37:08	66	1,171.47	67.018	0	0	1	0	0	0	0	1	0	0	1	10
2013/09/09-08:37:38	66	1,171.47	67.018	0	0	1	0	0	0	0	1	0	0	1	6
2013/09/09-08:38:19	66	1,171.47	67.018	1	0	0	0	0	0	1	1	0	0	1	10
2013/09/09-08:38:48	66	1,171.47	67.018	0	0	1	0	0	0	0	1	0	0	1	15
2013/09/09-08:39:31	66	1,171.47	67.018	0	0	1	0	0	0	0	1	0	0	1	6
2013/09/09-08:48:29	66	1,171.47	67.018	0	0	0	0	0	0	0	1	1	0	0	6
2013/09/09-08:48:53	66	1,171.47	67.018	0	0	0	0	0	0	0	1	1	0	0	6
2013/09/09-08:49:18	66	1,171.47	67.018	0	0	1	0	0	0	0	1	0	0	1	6
2013/09/09-08:49:43	66	1,171.47	67.018	0	0	1	0	0	0	0	1	0	0	1	8
2013/09/09-08:50:10	66	1,171.47	67.018	0	0	0	0	0	0	0	1	1	0	0	6
2013/09/09-20:32:57	66	1,171.47	67.018	1	0	1	0	0	0	0	1	0	0	1	16
2013/09/09-20:33:31	67	1,158.165	60.635	0	0	0	0	0	0	0	1	1	0	0	6
2013/09/09-20:33:56	67	1,158.165	60.635	1	0	0	0	0	0	0	1	1	0	0	12
2013/09/09-20:34:26	67	1,158.165	60.635	0	0	1	0	0	0	0	1	0	0	1	6
2013/09/09-20:34:54	67	1,158.165	60.635	0	0	1	0	0	0	0	1	0	0	1	6
2013/09/10-21:33:48	66	1,157.814	64.644	0	0	1	0	0	0	0	1	0	1	0	3
2013/09/10-22:49:40	66	1,157.814	64.644	0	0	1	0	0	0	0	1	0	0	1	6
2013/09/10-22:50:21	66	1,157.814	64.644	0	0	1	0	0	0	0	1	0	0	1	0
2013/09/10-22:57:26	66	1,157.814	64.644	0	0	1	0	0	0	0	1	0	0	1	6
2013/09/10-23:05:08	66	1,157.814	64.644	0	0	1	0	0	0	0	1	0	0	1	0
2013/09/10-23:20:34	66	1,157.814	64.644	0	0	1	0	0	0	0	1	0	0	1	6
2013/09/10-23:20:58	66	1,157.814	64.644	0	0	1	0	0	0	0	1	0	0	1	6
2013/09/10-23:21:23	66	1,157.814	64.644	0	0	1	0	0	0	0	1	0	0	1	6
2013/09/10-23:21:48	66	1,157.814	64.644	0	0	1	0	0	0	0	1	0	0	1	6
2013/09/10-23:22:13	71	1,102.822	59.29	0	0	1	0	0	0	0	1	0	0	1	6
2013/09/10-23:50:32	71	1,102.822	59.29	0	0	1	0	0	0	0	1	0	0	1	6
2013/09/10-23:50:57	71	1,102.822	59.29	0	0	0	0	0	0	0	1	1	0	0	6
2013/09/10-23:51:22	71	1,102.822	59.29	0	0	1	0	0	0	0	1	0	0	1	6
2013/09/10-23:51:47	71	1,102.822	59.29	0	0	1	0	0	0	0	1	0	0	1	6
2013/09/10-23:52:15	71	1,102.822	59.29	0	0	1	0	0	0	0	1	0	0	1	6
2013/09/11-14:24:53	70	1,102.333	62.908	0	0	1	0	0	0	0	1	0	0	1	6
2013/09/11-14:25:33	70	1,102.333	62.908	0	0	1	0	0	0	0	1	0	0	1	8
2013/09/11-14:26:01	72	1,087.147	61.502	0	0	1	0	0	0	0	1	0	0	1	6
2013/09/11-14:26:29	72	1,087.147	61.502	0	0	1	0	0	0	0	1	0	0	1	6
2013/09/11-14:26:59	72	1,087.147	61.502	0	0	1	0	0	0	0	1	0	0	1	6
2013/09/11-14:38:31	72	1,087.147	61.502	0	0	1	0	0	0	0	1	0	0	1	6
2013/09/11-14:38:57	72	1,087.147	61.502	0	0	1	0	0	0	0	1	0	0	1	6
2013/09/11-14:39:23	72	1,087.147	61.502	0	0	1	0	0	0	0	1	0	0	1	11
2013/09/11-14:39:53	72	1,087.147	61.502	0	0	1	0	0	0	0	1	0	0	1	6
2013/09/11-14:41:12	72	1,087.147	61.502	0	0	1	0	0	0	0	1	0	0	1	6
2013/09/11-14:50:59	73	1,061.337	56.991	0	0	1	0	0	0	0	1	1	0	0	6
2013/09/11-14:51:24	73	1,061.337	56.991	0	0	1	0	0	0	0	1	0	0	1	6
2013/09/11-14:51:49	73	1,061.337	56.991	0	0	0	0	0	0	0	1	1	0	0	6
2013/09/11-14:52:13	73	1,061.337	56.991	0	0	1	0	0	0	0	1	0	0	1	6
2013/09/11-14:52:38	73	1,061.337	56.991	0	0	1	0	0	0	0	1	0	0	1	6
2013/09/12-08:33:59	74	1,056.354	61.501	0	0	1	0	0	0	0	1	0	0	1	6
2013/09/12-08:34:27	74	1,056.354	61.501	0	0	1	0	0	0	0	1	0	0	1	6
2013/09/12-08:34:52	74	1,056.354	61.501	0	0	1	0	0	0	0	1	0	0	1	6
2013/09/12-08:35:35	74	1,056.354	61.501	0	0	1	0	0	0	0	1	0	0	1	6
2013/09/12-08:36:02	74	1,056.354	61.501	0	0	1	0	0	0	0	1	0	0	1	6
2013/09/12-08:47:32	75	1,045.806	58.387	0	0	0	0	0	0	0	1	1	0	0	6
2013/09/12-08:47:57	75	1,045.806	58.387	0	0	1	0	0	0	0	1	0	0	1	6
2013/09/12-08:48:23	75	1,045.806	58.387	0	0	0	0	0	0	0	1	1	0	0	6
2013/09/12-08:48:49	75	1,045.806	58.387	0	0	1	0	0	0	0	1	0	0	1	6
2013/09/12-08:50:55	75	1,045.806	58.387	0	0	1	0	0	0	0	1	0	0	1	6
2013/09/12-09:00:14	75	1,045.806	58.387	0	0	1	0	0	0	0	1	0	0	1	6
2013/09/12-09:00:42	75	1,045.806	58.387	0	0	1	0	0	0	0	1	0	0	1	6
2013/09/12-09:01:07	75	1,045.806	58.387	0	0	1	0	0	0	0	1	0	0	1	6
2013/09/12-09:01:32	75	1,045.806	58.387	0	0	1	0	0	0	0	1	0	0	1	6
2013/09/12-09:01:57	75	1,045.806	58.387	0	0	1	0	0	0	0	1	0	0	1	6
2013/09/13-21:11:24	76	1,017.768	72.131	0	0	1	0	0	0	0	1	0	0	1	6
2013/09/13-21:11:49	76	1,017.768	72.131	0	0	1	0	0	0	0	1	0	0	1	6
2013/09/13-21:12:14	76	1,017.768	72.131	0	0	1	0	0	0	0	1	0	0	1	6
2013/09/13-21:12:39	76	1,017.768	72.131	0	0	1	0	0	0	0	1	0	0	1	6
2013/09/13-21:13:04	76	1,017.768	72.131	0	0	1	0	0	0	0	1	0	0	1	6
2013/09/13-21:15:46	76	1,017.768	72.131	0	0	1	0	0	0	0	1	0	0	1	6
2013/09/13-21:16:11	76	1,017.768	72.131	0	0	1	0	0	0	0	1	0	0	1	6
2013/09/13-21:16:36	76	1,017.768	72.131	0	0	1	0	0	0	0	1	0	0	1	6
2013/09/13-21:18:58	76	1,017.768	72.131	0	0	1	0	0	0	0	1	0	0	1	6
2013/09/13-21:19:20	76	1,017.768	72.131	0	0	0	0	0	0	0	1	1	0	0	6
2013/09/13-21:26:00	75	1,026.992	64.726	0	0	1	0	0	0	0	1	0	0	1	6
2013/09/13-21:26:25	75	1,026.992	64.726	0	0	0	0	0	0	0	1	1	0	0	6
2013/09/13-21:26:50	75	1,026.992	64.726	0	0	1	0	0	0	0	1	0	0	1	6
2013/09/13-21:27:15	75	1,026.992	64.726	0	0	1	0	0	0	0	1	0	0	1	6
2013/09/13-21:27:40	75	1,026.992	64.726	0	0	1	0	0	0	0	1	0	0	1	6
2013/09/14-06:20:16	75	1,029.908	69.097	0	0	1	0	0	0	0	1	0	0	1	6
2013/09/14-06:21:26	75	1,029.908	69.097	0	0	1	0	0	0	0	1	0	0	1	6
2013/09/14-06:22:45	75	1,029.908	69.097	0	0	1	0	0	0	0	1	0	0	1	6
2013/09/14-06:24:03	75	1,024.831	68.533	0	0	1	0	0	0	0	1	0	0	1	6
2013/09/14-06:25:22	75	1,024.831	68.533	0	0	1	0	0	0	0	1	0	0	1	6
2013/09/14-06:34:42	75	1,024.831	68.533	0	0	1	0	0	0	0	1	0	0	1	6
2013/09/14-06:35:07	75	1,024.831	68.533	0	0	1	0	0	0	0	1	0	0	1	6
2013/09/14-06:35:47	75	1,024.831	68.533	0	0	1	0	0	0	0	1	0	0	1	6
2013/09/14-06:36:27	75	1,024.831	68.533	0	0	1	0	0	0	0	1	0	0	1	6
2013/09/14-06:36:55	75	1,024.831	68.533	0	0	1	0	0	0	0	1	0	0	1	6
2013/09/14-06:52:09	75	1,024.831	68.533	0	0	0	0	0	0	0	1	1	0	0	6
2013/09/14-06:52:33	75	1,024.831	68.533	0	0	1	0	0	0	0	1	1	0	0	6
2013/09/14-06:52:58	75	1,024.831	68.533	0	0	1	0	0	0	0	1	1	0	0	6
2013/09/14-06:53:23	75	1,024.831	68.533	0	0	1	0	0	0	0	1	0	0	1	6
2013/09/14-06:53:48	75	1,038.645	63.552	0	0	1	0	0	0	0	1	0	0	1	6
2013/09/14-12:24:10	75	1,030.478	66.589	0	0	1	0	0	0	0	1	0	0	1	6
2013/09/14-12:24:55	75	1,030.478	66.589	0	0	1	0	0	0	0	1	0	0	1	6
2013/09/14-12:25:52	75	1,030.478	66.589	0	0	1	0	0	0	0	1	0	0	1	6
2013/09/14-12:26:57	75	1,030.478	66.589	0	0	1	0	0	0	0	1	0	0	1	6
2013/09/14-12:28:07	75	1,030.478	66.589	0	0	1	0	0	0	0	1	0	0	1	6
2013/09/14-12:44:40	75	1,029.719	65.473	0	0	1	0	0	0	0	1	0	0	1	6
2013/09/14-12:45:04	75	1,029.719	65.473	0	0	1	0	0	0	0	1	0	0	1	6
2013/09/14-12:45:32	75	1,029.719	65.473	0	0	1	0	0	0	0	1	0	0	1	6
2013/09/14-12:46:05	75	1,029.719	65.473	0	0	1	0	0	0	0	1	0	0	1	6
2013/09/14-12:46:45	75	1,029.719	65.473	0	0	1	0	0	0	0	1	0	0	1	6
2013/09/14-12:47:20	75	1,029.719	65.473	0	0	0	0	0	0	0	1	1	0	0	6
2013/09/14-13:00:46	75	1,029.719	65.473	0	0	1	0	0	0	0	1	0	0	1	6
2013/09/14-13:01:10	75	1,029.719	65.473	0	0	1	0	0	0	0	1	0	0	1	6
2013/09/14-13:01:36	75	1,029.719	65.473	0	0	1	0	0	0	0	1	0	0	1	6
2013/09/14-13:02:01	75	1,029.719	65.473	0	0	1	0	0	0	0	1	0	0	1	6
2013/09/14-13:02:26	75	1,029.719	65.473	0	0	1	0	0	0	0	1	0	0	1	6
2013/09/14-13:02:58	75	1,029.719	65.473	0	0	0	0	0	0	0	1	1	0	0	6
2013/09/14-19:21:53	76	997.969	67.996	0	0	1	0	0	0	0	1	0	0	1	6
2013/09/14-19:22:26	76	997.969	67.996	0	0	1	0	0	0	0	1	0	0	1	6
2013/09/14-19:22:51	76	997.969	67.996	0	0	1	0	0	0	0	1	0	0	1	6
2013/09/14-19:23:19	76	997.969	67.996	0	0	1	0	0	0	0	1	0	0	1	6
2013/09/14-19:24:01	76	997.969	67.996	0	0	1	0	0	0	0	1	0	0	1	6
2013/09/14-19:30:12	76	997.969	67.996	0	0	1	0	0	0	0	1	1	0	0	6
2013/09/14-19:30:37	76	997.969	67.996	0	0	1	0	0	0	0	1	0	0	1	6
2013/09/14-19:31:02	76	997.969	67.996	0	0	0	0	0	0	0	1	1	0	0	6
2013/09/14-19:31:27	76	997.969	67.996	0	0	1	0	0	0	0	1	0	0	1	6
2013/09/14-19:31:52	76	997.969	67.996	0	0	1	0	0	0	0	1	0	0	1	6
2013/09/14-19:46:03	76	982.425	62.42	0	0	1	0	0	0	0	1	0	0	1	6
2013/09/14-19:46:28	76	982.425	62.42	0	0	1	0	0	0	0	1	0	0	1	6
2013/09/14-19:46:53	76	982.425	62.42	0	0	0	0	0	0	0	1	1	0	0	6
2013/09/14-19:47:18	76	982.425	62.42	0	0	1	0	0	0	0	1	0	0	1	10
2013/09/14-19:47:47	76	982.425	62.42	0	0	1	0	0	0	0	1	0	0	1	6
2013/09/14-23:33:58	76	998.436	64.071	0	0	1	0	0	0	0	1	0	0	1	6
2013/09/14-23:35:05	76	998.436	64.071	0	0	1	0	0	0	0	1	0	0	1	6
2013/09/14-23:36:07	76	998.436	64.071	0	0	1	0	0	0	0	1	0	0	1	6
2013/09/14-23:37:26	76	998.436	64.071	0	0	1	0	0	0	0	1	0	0	1	6
2013/09/14-23:38:36	76	998.436	64.071	0	0	1	0	0	0	0	1	0	0	1	6
2013/09/14-23:40:00	76	998.436	64.071	0	0	1	0	0	0	0	1	0	0	1	6
2013/09/14-23:40:43	76	998.436	64.071	0	0	1	0	0	0	0	1	0	0	1	6
2013/09/14-23:41:23	76	998.436	64.071	0	0	1	0	0	0	0	1	0	0	1	6
2013/09/14-23:42:19	76	998.436	64.071	0	0	1	0	0	0	0	1	0	0	1	6
2013/09/14-23:42:54	76	998.436	64.071	0	0	1	0	0	0	0	1	0	0	1	6
2013/09/15-00:01:24	76	998.436	64.071	0	0	1	0	0	0	0	1	0	0	1	6
2013/09/15-00:02:04	76	998.436	64.071	0	0	1	0	0	0	0	1	0	0	1	6
2013/09/15-00:02:29	76	998.436	64.071	0	0	1	0	0	0	0	1	0	0	1	6
2013/09/15-00:02:53	76	998.436	64.071	0	0	1	0	0	0	0	1	0	0	1	6
2013/09/15-00:03:18	76	976.438	61.046	0	0	1	0	0	0	0	1	0	0	1	6
2013/09/15-15:54:17	76	984.203	68.788	0	0	0	0	0	0	0	1	1	0	0	6
2013/09/15-15:54:42	76	984.203	68.788	0	0	1	0	0	0	0	1	0	0	1	6
2013/09/15-15:55:11	76	984.203	68.788	0	0	1	0	0	0	0	1	0	0	1	6
2013/09/15-15:55:36	76	984.203	68.788	0	0	1	0	0	0	0	1	0	0	1	6
2013/09/15-15:56:05	76	984.203	68.788	0	0	1	0	0	0	0	1	0	0	1	6
2013/09/15-15:59:41	76	984.203	68.788	0	0	1	0	0	0	0	1	0	0	1	6
2013/09/15-16:00:06	76	984.203	68.788	0	0	1	0	0	0	0	1	0	0	1	9
2013/09/15-16:00:33	76	984.203	68.788	0	0	1	0	0	0	0	1	0	0	1	6
2013/09/15-16:00:59	76	984.203	68.788	0	0	1	0	0	0	0	1	0	0	1	6
2013/09/15-16:01:28	76	984.203	68.788	0	0	1	0	0	0	0	1	0	0	1	6
2013/09/15-16:02:00	76	984.203	68.788	0	0	1	0	0	0	0	1	0	0	1	6
2013/09/15-16:09:33	78	968.129	61.574	0	0	1	0	0	0	0	1	0	0	1	6
2013/09/15-16:09:58	78	968.129	61.574	0	0	0	0	0	0	0	1	1	0	0	6
2013/09/15-16:10:23	78	968.129	61.574	0	0	1	0	0	0	0	1	0	0	1	6
2013/09/15-16:10:47	78	968.129	61.574	0	0	1	0	0	0	0	1	0	0	1	6
2013/09/15-16:11:29	78	968.129	61.574	0	0	1	0	0	0	0	1	0	0	1	6
2013/09/15-22:01:14	78	978.018	64.981	0	0	1	0	0	0	0	1	0	0	1	6
2013/09/15-22:01:39	79	973.17	64.342	0	0	0	0	0	0	0	1	1	0	0	6
2013/09/15-22:02:04	79	973.17	64.342	0	0	1	0	0	0	0	1	0	0	1	6
2013/09/15-22:02:29	79	973.17	64.342	0	0	1	0	0	0	0	1	0	0	1	6
2013/09/15-22:02:54	79	973.17	64.342	0	0	1	0	0	0	0	1	0	0	1	6
2013/09/15-22:12:27	79	973.17	64.342	0	0	1	0	0	0	0	1	0	0	1	6
2013/09/15-22:12:53	79	973.17	64.342	0	0	1	0	0	0	0	1	0	0	1	6
2013/09/15-22:13:18	79	973.17	64.342	0	0	1	0	0	0	0	1	0	0	1	6
2013/09/15-22:13:43	79	973.17	64.342	0	0	1	0	0	0	0	1	0	0	1	6
2013/09/15-22:14:08	79	973.17	64.342	0	0	1	0	0	0	0	1	0	0	1	6
2013/09/15-22:21:51	77	998.438	59.065	0	0	1	0	0	0	0	1	0	0	1	6
2013/09/15-22:22:16	77	998.438	59.065	0	0	1	0	0	0	0	1	0	0	1	6
2013/09/15-22:22:41	77	998.438	59.065	0	0	1	0	0	0	0	1	0	0	1	6
2013/09/15-22:23:14	77	998.438	59.065	0	0	0	0	0	0	0	1	1	0	0	6
2013/09/15-22:23:39	77	998.438	59.065	0	0	1	0	0	0	0	1	0	0	1	6
2013/09/16-21:30:51	77	1,000.661	62.853	0	0	1	0	0	0	0	1	0	0	1	6
2013/09/16-21:31:16	77	1,000.661	62.853	0	0	1	0	0	0	0	1	0	0	1	6
2013/09/16-21:31:42	77	1,000.661	62.853	0	0	1	0	0	0	0	1	0	0	1	6
2013/09/16-21:32:09	77	1,000.661	62.853	0	0	1	0	0	0	0	1	0	0	1	6
2013/09/16-21:32:34	77	1,000.661	62.853	0	0	1	0	0	0	0	1	0	0	1	6
2013/09/16-21:39:40	79	997.031	59.719	0	0	1	0	0	0	0	1	0	0	1	6
2013/09/16-21:40:05	79	997.031	59.719	0	0	1	0	0	0	0	1	0	0	1	6
2013/09/16-21:40:30	79	997.031	59.719	0	0	1	0	0	0	0	1	0	0	1	6
2013/09/16-21:40:55	79	997.031	59.719	0	0	1	0	0	0	0	1	0	0	1	6
2013/09/16-21:41:19	79	997.031	59.719	0	0	1	0	0	0	0	1	0	0	1	6
2013/09/16-21:46:23	79	997.031	59.719	0	0	1	0	0	0	0	1	0	0	1	6
2013/09/16-21:47:07	79	997.031	59.719	0	0	1	0	0	0	0	1	0	0	1	6
2013/09/16-21:48:10	79	997.031	59.719	0	0	1	0	0	0	0	1	0	0	1	6
2013/09/16-21:48:36	79	997.031	59.719	0	0	1	0	0	0	0	1	0	0	1	6
2013/09/16-21:49:01	79	997.031	59.719	0	0	1	0	0	0	0	1	0	0	1	6
2013/09/17-18:49:43	78	988.874	59.645	0	0	1	0	0	0	0	1	0	0	1	6
2013/09/17-18:50:10	78	988.874	59.645	0	0	1	0	0	0	0	1	0	0	1	0
2013/09/17-20:08:54	78	988.874	59.645	0	0	1	0	0	0	0	1	0	0	1	6
2013/09/17-20:09:26	78	988.874	59.645	0	0	1	0	0	0	0	1	0	0	1	6
2013/09/17-20:10:45	78	988.874	59.645	0	0	1	0	0	0	0	1	0	0	1	6
2013/09/17-20:18:41	78	988.874	59.645	0	0	1	0	0	0	0	1	0	0	1	6
2013/09/17-20:19:06	78	988.874	59.645	0	0	1	0	0	0	0	1	0	0	1	6
2013/09/17-20:19:31	78	988.874	59.645	0	0	1	0	0	0	0	1	0	0	1	6
2013/09/17-20:19:56	78	988.874	59.645	0	0	1	0	0	0	0	1	0	0	1	6
2013/09/17-20:20:21	78	988.874	59.645	0	0	1	0	0	0	0	1	0	0	1	6
2013/09/17-20:26:17	79	976.412	54.705	0	0	0	0	0	0	0	1	1	0	0	6
2013/09/17-20:26:42	79	976.412	54.705	0	0	1	0	0	0	0	1	0	0	1	6
2013/09/17-20:27:08	79	976.412	54.705	0	0	0	0	0	0	0	1	1	0	0	6
2013/09/17-20:27:32	79	976.412	54.705	0	0	0	0	0	0	0	1	1	0	0	6
2013/09/17-20:27:57	79	976.412	54.705	0	0	0	0	0	0	0	1	1	0	0	6
2013/09/18-09:11:14	77	1,003.822	60.548	0	0	1	0	0	0	0	1	0	0	1	6
2013/09/18-09:11:39	77	1,003.822	60.548	0	0	1	0	0	0	0	1	0	0	1	6
2013/09/18-09:12:19	77	1,003.822	60.548	0	0	1	0	0	0	0	1	0	0	1	6
2013/09/18-09:13:18	77	1,003.822	60.548	0	0	1	0	0	0	0	1	0	0	1	3
2013/09/18-09:13:40	77	1,003.822	60.548	0	0	1	0	0	0	0	1	0	0	1	6
2013/09/18-09:16:23	77	1,003.822	60.548	0	0	0	0	0	0	0	1	1	0	0	6
2013/09/18-09:16:48	77	1,003.822	60.548	0	0	1	0	0	0	0	1	0	0	1	3
2013/09/18-09:17:13	77	1,003.822	60.548	0	0	1	0	0	0	0	1	0	0	1	6
2013/09/18-09:17:38	77	1,003.822	60.548	0	0	1	0	0	0	0	1	0	0	1	6
2013/09/18-09:18:03	77	1,003.822	60.548	0	0	1	0	0	0	0	1	0	0	1	6
2013/09/18-11:13:06	77	1,003.822	60.548	0	0	1	0	0	0	0	1	0	0	1	6
2013/09/18-11:13:31	77	1,003.822	60.548	0	0	1	0	0	0	0	1	0	0	1	6
2013/09/18-11:13:56	77	1,003.822	60.548	0	0	1	0	0	0	0	1	0	0	1	6
2013/09/18-11:14:21	77	1,003.822	60.548	0	0	1	0	0	0	0	1	1	0	0	6
2013/09/18-11:14:46	80	989.819	54.141	0	0	1	0	0	0	0	1	0	0	1	6
2013/09/18-16:04:02	79	989.094	60.833	0	0	1	0	0	0	0	1	0	0	1	6
2013/09/18-16:04:28	79	989.094	60.833	0	0	1	0	0	0	0	1	0	0	1	6
2013/09/18-16:04:54	79	989.094	60.833	0	0	1	0	0	0	0	1	0	0	1	6
2013/09/18-16:05:20	79	989.094	60.833	0	0	1	0	0	0	0	1	0	0	1	6
2013/09/18-16:05:45	79	989.094	60.833	0	0	1	0	0	0	0	1	0	0	1	6
2013/09/18-16:08:28	79	989.094	60.833	0	0	1	0	0	0	0	1	0	0	1	6
2013/09/18-16:08:53	79	989.094	60.833	0	0	1	0	0	0	0	1	0	0	1	6
2013/09/18-16:09:18	81	970.499	56.907	0	0	1	0	0	0	0	1	0	0	1	4
2013/09/18-16:09:41	81	970.499	56.907	0	0	1	0	0	0	0	1	0	0	1	6
2013/09/18-16:10:06	81	970.499	56.907	0	0	0	0	0	0	0	1	1	0	0	6
2013/09/18-16:19:31	81	970.499	56.907	0	0	1	0	0	0	0	1	0	0	1	6
2013/09/18-16:19:56	81	970.499	56.907	0	0	1	0	0	0	0	1	0	0	1	6
2013/09/18-16:20:21	81	970.499	56.907	0	0	1	0	0	0	0	1	0	0	1	6
2013/09/18-16:20:46	81	970.499	56.907	0	0	1	0	0	0	0	1	1	0	0	6
2013/09/18-16:21:11	81	970.499	56.907	0	0	1	0	0	0	0	1	0	0	1	6
2013/09/18-19:19:50	81	969.348	58.27	0	0	1	0	0	0	0	1	0	0	1	6
2013/09/18-19:21:10	81	969.348	58.27	0	0	1	0	0	0	0	1	0	0	1	5
2013/09/18-19:21:34	81	969.348	58.27	0	0	1	0	0	0	0	1	0	0	1	6
2013/09/18-19:22:53	81	969.348	58.27	0	0	1	0	0	0	0	1	0	0	1	3
2013/09/18-19:24:10	81	969.348	58.27	0	0	1	0	0	0	0	1	0	0	1	6
2013/09/18-19:32:52	81	969.348	58.27	0	0	1	0	0	0	0	1	0	0	1	6
2013/09/18-19:34:03	81	969.348	58.27	0	0	1	0	0	0	0	1	0	0	1	6
2013/09/18-19:34:28	81	969.348	58.27	0	0	1	0	0	0	0	1	0	0	1	4
2013/09/18-19:35:00	81	969.348	58.27	0	0	1	0	0	0	0	1	0	0	1	4
2013/09/18-19:35:25	81	969.348	58.27	0	0	1	0	0	0	0	1	0	0	1	6
2013/09/18-20:26:00	80	983.798	55.812	0	0	1	0	0	0	0	1	1	0	0	6
2013/09/18-20:26:26	80	983.798	55.812	0	0	0	0	0	0	0	1	1	0	0	3
2013/09/18-20:26:48	80	983.798	55.812	0	0	1	0	0	0	0	1	0	0	1	3
2013/09/18-20:27:11	80	983.798	55.812	0	0	1	0	0	0	0	1	0	0	1	6
2013/09/18-20:27:36	80	983.798	55.812	0	0	1	0	0	0	0	1	0	0	1	3
2013/09/19-08:19:00	80	988.709	56.541	0	0	1	0	0	0	0	1	0	0	1	6
2013/09/19-08:19:32	80	988.709	56.541	0	0	1	0	0	0	0	1	0	0	1	3
2013/09/19-08:20:11	80	988.709	56.541	0	0	1	0	0	0	0	1	0	0	1	6
2013/09/19-08:20:53	80	988.709	56.541	0	0	1	0	0	0	0	1	0	0	1	6
2013/09/19-08:22:06	80	988.709	56.541	0	0	1	0	0	0	0	1	0	0	1	3
2013/09/19-08:36:48	80	988.709	56.541	0	0	1	0	0	0	0	1	0	0	1	3
2013/09/19-08:37:13	80	988.709	56.541	0	0	1	0	0	0	0	1	0	0	1	6
2013/09/19-08:38:32	80	988.709	56.541	0	0	1	0	0	0	0	1	0	0	1	6
2013/09/19-08:39:05	80	988.709	56.541	0	0	1	0	0	0	0	1	0	0	1	6
2013/09/19-08:39:53	80	988.709	56.541	0	0	1	0	0	0	0	1	0	0	1	6
2013/09/19-08:50:58	80	987.143	54.818	0	0	0	0	0	0	0	1	1	0	0	6
2013/09/19-08:51:23	80	987.143	54.818	0	0	1	0	0	0	0	1	0	0	1	6
2013/09/19-08:51:48	80	987.143	54.818	0	0	1	0	0	0	0	1	0	0	1	6
2013/09/19-08:52:13	80	987.143	54.818	0	0	1	0	0	0	0	1	0	0	1	6
2013/09/19-08:52:38	80	987.143	54.818	0	0	0	0	0	0	0	1	1	0	0	6
2013/09/19-11:35:15	81	1,005.609	57.685	0	0	1	0	0	0	0	1	0	0	1	8
2013/09/19-11:35:50	81	1,005.609	57.685	0	0	1	0	0	0	0	1	0	0	1	3
2013/09/19-11:36:28	81	1,005.609	57.685	0	0	1	0	0	0	0	1	0	0	1	6
2013/09/19-11:37:08	81	1,005.609	57.685	0	0	1	0	0	0	0	1	0	0	1	6
2013/09/19-11:37:41	81	1,005.609	57.685	0	0	1	0	0	0	0	1	0	0	1	3
2013/09/19-11:38:12	81	1,005.609	57.685	0	0	1	0	0	0	0	1	0	0	1	5
2013/09/19-11:38:37	81	1,005.609	57.685	0	0	1	0	0	0	0	1	0	0	1	6
2013/09/19-11:39:02	81	1,005.609	57.685	0	0	1	0	0	0	0	1	0	0	1	6
2013/09/19-11:39:34	81	1,005.609	57.685	0	0	1	0	0	0	0	1	0	0	1	6
2013/09/19-11:39:59	81	1,005.609	57.685	0	0	1	0	0	0	0	1	0	0	1	6
2013/09/19-11:52:47	81	1,005.609	57.685	0	0	0	0	0	0	0	1	1	0	0	6
2013/09/19-11:53:12	81	1,005.609	57.685	0	0	1	0	0	0	0	1	0	0	1	6
2013/09/19-11:53:37	81	1,005.609	57.685	0	0	1	0	0	0	0	1	0	0	1	6
2013/09/19-11:54:02	81	1,005.609	57.685	0	0	1	0	0	0	0	1	0	0	1	6
2013/09/19-11:54:27	81	1,005.609	57.685	0	0	1	0	0	0	0	1	1	0	0	6
2013/09/19-16:07:50	82	1,014.181	58.194	0	0	1	0	0	0	0	1	0	0	1	6
2013/09/19-16:09:09	82	1,014.181	58.194	0	0	1	0	0	0	0	1	0	0	1	4
2013/09/19-16:10:16	82	1,014.181	58.194	0	0	1	0	0	0	0	1	0	0	1	6
2013/09/19-16:11:19	82	1,014.181	58.194	0	0	1	0	0	0	0	1	0	0	1	6
2013/09/19-16:12:37	82	1,014.181	58.194	0	0	1	0	0	0	0	1	0	0	1	6
2013/09/19-16:29:47	83	1,012.006	58.164	0	0	1	0	0	0	0	1	0	0	1	6
2013/09/19-16:30:12	83	1,012.006	58.164	0	0	1	0	0	0	0	1	0	0	1	6
2013/09/19-16:30:40	83	1,012.006	58.164	0	0	1	0	0	0	0	1	0	0	1	6
2013/09/19-16:31:15	83	1,012.006	58.164	0	0	1	0	0	0	0	1	0	0	1	6
2013/09/19-16:31:43	83	1,012.006	58.164	0	0	1	0	0	0	0	1	0	0	1	6
2013/09/19-16:41:54	83	1,012.006	58.164	0	0	1	0	0	0	0	1	0	0	1	6
2013/09/19-16:42:19	83	1,012.006	58.164	0	0	1	0	0	0	0	1	0	0	1	6
2013/09/19-16:42:44	83	1,012.006	58.164	0	0	1	0	0	0	0	1	0	0	1	6
2013/09/19-16:43:10	83	1,012.006	58.164	0	0	1	0	0	0	0	1	0	0	1	6
2013/09/19-16:43:35	83	1,012.006	58.164	0	0	1	0	0	0	0	1	0	0	1	6
2013/09/19-20:37:44	82	1,012.674	61.563	0	0	1	0	0	0	0	1	0	0	1	3
2013/09/19-20:38:11	82	1,012.674	61.563	0	0	1	0	0	0	0	1	0	0	1	3
2013/09/19-20:38:41	82	1,012.674	61.563	0	0	1	0	0	0	0	1	0	0	1	6
2013/09/19-20:39:07	82	1,012.674	61.563	0	0	1	0	0	0	0	1	0	0	1	3
2013/09/19-20:40:01	82	1,012.674	61.563	0	0	1	0	0	0	0	1	0	0	1	5
2013/09/19-20:40:31	82	1,012.674	61.563	0	0	1	0	0	0	0	1	0	0	1	6
2013/09/19-20:41:47	82	1,012.674	61.563	0	0	1	0	0	0	0	1	0	0	1	6
2013/09/19-20:43:06	82	1,012.674	61.563	0	0	1	0	0	0	0	1	0	0	1	3
2013/09/19-20:43:28	82	1,012.674	61.563	0	0	1	0	0	0	0	1	0	0	1	6
2013/09/19-20:44:47	82	1,012.674	61.563	0	0	1	0	0	0	0	1	0	0	1	6
2013/09/19-20:57:05	82	1,012.674	61.563	0	0	1	0	0	0	0	1	0	0	1	8
2013/09/19-20:57:32	82	1,012.674	61.563	0	0	1	0	0	0	0	1	0	0	1	6
2013/09/19-20:57:57	82	1,012.674	61.563	0	0	1	0	0	0	0	1	0	0	1	6
2013/09/19-20:58:23	82	1,012.674	61.563	0	0	1	0	0	0	0	1	0	0	1	6
2013/09/19-20:58:48	82	1,012.674	61.563	0	0	1	0	0	0	0	1	0	0	1	6
2013/09/20-02:51:51	84	997.528	66.05	0	0	1	0	0	0	0	1	0	0	1	6
2013/09/20-02:52:59	84	997.528	66.05	0	0	1	0	0	0	0	1	0	0	1	6
2013/09/20-02:53:24	84	997.528	66.05	0	0	1	0	0	0	0	1	0	0	1	3
2013/09/20-02:53:56	84	997.528	66.05	0	0	1	0	0	0	0	1	0	0	1	6
2013/09/20-02:54:50	84	997.528	66.05	0	0	1	0	0	0	0	1	0	0	1	6
2013/09/20-03:03:00	84	997.528	66.05	0	0	1	0	0	0	0	1	0	0	1	6
2013/09/20-03:03:25	84	997.528	66.05	0	0	1	0	0	0	0	1	0	0	1	3
2013/09/20-03:03:49	84	997.528	66.05	0	0	1	0	0	0	0	1	0	0	1	6
2013/09/20-03:04:30	84	997.528	66.05	0	0	1	0	0	0	0	1	0	0	1	6
2013/09/20-03:04:55	84	997.528	66.05	0	0	1	0	0	0	0	1	0	0	1	6
2013/09/20-03:15:10	84	997.528	66.05	0	0	1	0	0	0	0	1	0	0	1	3
2013/09/20-03:15:38	84	997.528	66.05	0	0	1	0	0	0	0	1	0	0	1	5
2013/09/20-03:16:04	84	997.528	66.05	0	0	1	0	0	0	0	1	0	0	1	6
2013/09/20-03:16:29	84	997.528	66.05	0	0	1	0	0	0	0	1	0	0	1	6
2013/09/20-03:16:54	84	997.528	66.05	0	0	1	0	0	0	0	1	0	0	1	6
2013/09/20-07:01:40	84	998.785	66.203	0	0	1	0	0	0	0	1	0	0	1	6
2013/09/20-07:02:17	84	998.785	66.203	0	0	1	0	0	0	0	1	0	0	1	6
2013/09/20-07:02:45	84	998.785	66.203	0	0	1	0	0	0	0	1	0	0	1	3
2013/09/20-07:03:23	84	998.785	66.203	0	0	1	0	0	0	0	1	0	0	1	6
2013/09/20-07:03:49	84	998.785	66.203	0	0	1	0	0	0	0	1	0	0	1	6
2013/09/20-07:07:40	84	998.785	66.203	0	0	1	0	0	0	0	1	0	0	1	6
2013/09/20-07:08:11	84	998.785	66.203	0	0	1	0	0	0	0	1	0	0	1	6
2013/09/20-07:08:36	84	998.785	66.203	0	0	1	0	0	0	0	1	0	0	1	6
2013/09/20-07:09:27	84	998.785	66.203	0	0	1	0	0	0	0	1	0	0	1	6
2013/09/20-07:09:57	84	998.785	66.203	0	0	1	0	0	0	0	1	0	0	1	6
2013/09/20-07:21:44	84	1,014.486	62.988	0	0	1	0	0	0	0	1	0	0	1	6
2013/09/20-07:22:09	84	1,014.486	62.988	0	0	1	0	0	0	0	1	0	0	1	6
2013/09/20-07:22:34	84	1,014.486	62.988	0	0	1	0	0	0	0	1	0	0	1	6
2013/09/20-07:22:59	84	1,014.486	62.988	0	0	0	0	0	0	0	1	1	0	0	6
2013/09/20-07:23:24	84	1,014.486	62.988	0	0	1	0	0	0	0	1	0	0	1	6
2013/09/20-11:11:29	84	1,026.731	64.959	0	0	1	0	0	0	0	1	0	0	1	6
2013/09/20-11:12:48	84	1,026.731	64.959	0	0	1	0	0	0	0	1	0	0	1	6
2013/09/20-11:13:43	84	1,026.731	64.959	0	0	1	0	0	0	0	1	0	0	1	5
2013/09/20-11:14:57	84	1,026.731	64.959	0	0	1	0	0	0	0	1	0	0	1	6
2013/09/20-11:16:16	84	1,026.731	64.959	0	0	1	0	0	0	0	1	0	0	1	3
2013/09/20-11:17:06	84	1,026.731	64.959	0	0	1	0	0	0	0	1	0	0	1	6
2013/09/20-11:18:25	84	1,018.753	63.996	0	0	1	0	0	0	0	1	0	0	1	6
2013/09/20-11:19:06	84	1,018.753	63.996	0	0	1	0	0	0	0	1	0	0	1	3
2013/09/20-11:19:40	84	1,018.753	63.996	0	0	1	0	0	0	0	1	0	0	1	6
2013/09/20-11:20:59	84	1,018.753	63.996	0	0	1	0	0	0	0	1	0	0	1	6
2013/09/20-11:35:00	84	1,018.753	63.996	0	0	1	0	0	0	0	1	0	0	1	6
2013/09/20-11:35:25	84	1,018.753	63.996	0	0	1	0	0	0	0	1	0	0	1	6
2013/09/20-11:35:50	84	1,018.753	63.996	0	0	1	0	0	0	0	1	1	0	0	6
2013/09/20-11:36:16	84	1,018.753	63.996	0	0	1	0	0	0	0	1	0	0	1	6
2013/09/20-11:36:41	84	1,018.753	63.996	0	0	1	0	0	0	0	1	0	0	1	6
2013/09/20-17:14:56	84	1,010.684	66.055	0	0	1	0	0	0	0	1	0	0	1	3
2013/09/20-17:15:42	84	1,010.684	66.055	0	0	1	0	0	0	0	1	0	0	1	3
2013/09/20-17:16:07	84	1,010.684	66.055	0	0	1	0	0	0	0	1	0	0	1	3
2013/09/20-17:16:45	84	1,010.684	66.055	0	0	1	0	0	0	0	1	0	0	1	3
2013/09/20-17:18:04	84	1,010.684	66.055	0	0	1	0	0	0	0	1	0	0	1	3
2013/09/20-17:19:06	84	1,010.684	66.055	0	0	1	0	0	0	0	1	0	0	1	6
2013/09/20-17:20:25	84	1,010.684	66.055	0	0	1	0	0	0	0	1	0	0	1	6
2013/09/20-17:21:18	84	1,010.684	66.055	0	0	1	0	0	0	0	1	0	0	1	6
2013/09/20-17:21:50	84	1,010.684	66.055	0	0	1	0	0	0	0	1	0	0	1	3
2013/09/20-17:22:34	84	1,010.684	66.055	0	0	1	0	0	0	0	1	0	0	1	3
2013/09/20-17:37:53	84	1,010.684	66.055	0	0	1	0	0	0	0	1	0	0	1	6
2013/09/20-17:38:20	84	1,010.684	66.055	0	0	1	0	0	0	0	1	0	0	1	6
2013/09/20-17:38:45	84	1,010.684	66.055	0	0	1	0	0	0	0	1	0	0	1	6
2013/09/20-17:39:10	84	1,010.684	66.055	0	0	1	0	0	0	0	1	0	0	1	6
2013/09/20-17:39:35	84	1,010.684	66.055	0	0	1	0	0	0	0	1	0	0	1	6
2013/09/20-21:03:07	84	1,009.168	67.677	0	0	1	0	0	0	0	1	0	0	1	6
2013/09/20-21:04:26	84	1,009.168	67.677	0	0	1	0	0	0	0	1	0	0	1	6
2013/09/20-21:05:29	84	1,009.168	67.677	0	0	1	0	0	0	0	1	0	0	1	6
2013/09/20-21:05:53	84	1,009.168	67.677	0	0	1	0	0	0	0	1	0	0	1	6
2013/09/20-21:07:12	84	1,009.168	67.677	0	0	1	0	0	0	0	1	0	0	1	3
2013/09/20-21:10:49	84	1,009.168	67.677	0	0	0	0	0	0	0	1	1	0	0	6
2013/09/20-21:11:14	84	1,009.168	67.677	0	0	1	0	0	0	0	1	0	0	1	6
2013/09/20-21:11:39	84	1,009.168	67.677	0	0	0	0	0	0	0	1	1	0	0	5
2013/09/20-21:12:03	84	1,009.168	67.677	0	0	1	0	0	0	0	1	0	0	1	6
2013/09/20-21:12:28	84	1,009.168	67.677	0	0	1	0	0	0	0	1	0	0	1	3
2013/09/20-21:26:27	84	1,009.168	67.677	0	0	1	0	0	0	0	1	0	0	1	6
2013/09/20-21:26:58	84	1,009.168	67.677	0	0	1	0	0	0	0	1	0	0	1	6
2013/09/20-21:27:26	84	1,037.117	62.244	0	0	1	0	0	0	0	1	0	0	1	6
2013/09/20-21:27:52	84	1,037.117	62.244	0	0	1	0	0	0	0	1	0	0	1	6
2013/09/20-21:28:17	84	1,037.117	62.244	0	0	1	0	0	0	0	1	0	0	1	3
