2013/09/02-21:57:12	47	1,500	352.012	0	0	1	0	0	0	0	1	0	0	1	6
2013/09/02-22:01:41	47	1,500	352.012	0	0	1	0	0	0	0	1	0	0	1	6
2013/09/02-22:02:56	47	1,500	352.012	0	0	1	0	0	0	0	1	0	0	1	6
2013/09/02-22:11:48	47	1,500	352.012	0	0	1	0	0	0	0	1	0	0	1	5
2013/09/02-22:15:44	47	1,500	352.012	0	0	1	0	0	0	0	1	0	0	1	6
2013/09/02-22:28:52	47	1,500	352.012	0	0	1	0	0	0	0	1	0	0	1	7
2013/09/02-22:29:18	47	1,500	352.012	0	0	1	0	0	0	0	1	0	0	1	3
2013/09/02-22:29:43	47	1,500	352.012	0	0	1	0	0	0	0	1	0	0	1	4
2013/09/02-22:30:08	47	1,500	352.012	0	0	1	0	0	0	0	1	0	0	1	6
2013/09/02-22:30:33	47	1,500	352.012	0	0	1	0	0	0	0	1	0	0	1	12
2013/09/02-22:44:42	83	554.354	265.281	0	0	1	0	0	0	0	1	0	0	1	6
2013/09/02-22:45:07	83	554.354	265.281	0	0	1	0	0	0	0	1	0	0	1	6
2013/09/02-22:45:32	83	554.354	265.281	0	0	1	0	0	0	0	1	0	0	1	6
2013/09/02-22:45:57	83	554.354	265.281	0	0	0	0	0	0	0	1	1	0	0	6
2013/09/02-22:46:22	83	554.354	265.281	0	0	1	0	0	0	0	1	0	0	1	33
2013/09/03-00:15:11	80	706.047	214.427	0	0	1	0	0	0	0	1	0	0	1	6
2013/09/03-00:15:36	80	706.047	214.427	0	0	1	0	0	0	0	1	0	0	1	6
2013/09/03-00:16:01	80	706.047	214.427	0	0	0	0	0	0	0	1	1	0	0	6
2013/09/03-00:16:26	80	706.047	214.427	0	0	1	0	0	0	0	1	0	0	1	6
2013/09/03-00:16:51	80	706.047	214.427	0	0	1	0	0	0	0	1	0	0	1	6
2013/09/03-00:26:20	72	1,008.901	181.163	0	0	0	0	0	0	0	1	1	0	0	60
2013/09/03-00:27:39	72	1,008.901	181.163	0	0	1	0	0	0	0	1	0	0	1	6
2013/09/03-00:28:04	72	1,008.901	181.163	0	0	1	0	0	0	0	1	0	0	1	6
2013/09/03-00:29:00	72	1,008.901	181.163	0	0	0	0	0	0	0	1	1	0	0	60
2013/09/03-00:30:19	72	1,008.901	181.163	0	0	1	0	0	0	0	1	0	0	1	6
2013/09/03-00:35:14	72	1,008.901	181.163	0	0	1	0	0	0	0	1	0	0	1	6
2013/09/03-00:35:39	72	1,008.901	181.163	0	0	1	0	0	0	0	1	0	0	1	6
2013/09/03-00:36:04	72	1,008.901	181.163	0	0	1	0	0	0	0	1	0	0	1	6
2013/09/03-00:36:33	72	1,008.901	181.163	0	0	1	0	0	0	0	1	0	0	1	4
2013/09/03-00:36:58	72	1,008.901	181.163	0	0	0	0	0	0	0	1	1	0	0	6
