2013/12/26-17:11:25	58	1,500	350.465	12	0	0	10	1	0	0	1	1	0	0	46
2013/12/26-17:12:27	58	1,500	350.465	11	0	0	9	1	0	0	1	1	0	0	35
2013/12/26-17:13:20	58	1,500	350.465	2	0	0	0	1	0	0	1	1	0	0	11
2013/12/26-17:13:49	58	1,500	350.465	2	0	0	0	1	0	0	1	1	0	0	11
2013/12/26-17:14:18	58	1,500	350.465	4	0	0	0	1	0	0	1	1	0	0	19
2013/12/26-17:14:55	58	1,500	350.465	4	0	0	0	1	0	0	1	1	0	0	19
2013/12/26-17:15:32	58	1,500	350.465	7	0	0	3	1	0	0	1	1	0	0	30
2013/12/26-17:16:21	58	1,500	350.465	7	0	0	3	1	0	0	1	1	0	0	31
2013/12/26-17:17:10	58	1,500	350.465	0	0	0	0	0	0	0	1	0	1	0	60
2013/12/26-17:18:28	58	1,500	350.465	0	0	0	0	0	0	0	1	0	1	0	60
2013/12/26-17:19:46	58	1,500	350.465	5	0	0	0	1	0	0	1	1	0	0	27
2013/12/26-17:20:31	58	1,500	350.465	5	0	0	0	1	0	0	1	1	0	0	28
2013/12/26-17:21:17	58	1,500	350.465	2	0	0	4	0	0	0	1	0	1	0	30
2013/12/26-17:22:05	58	1,500	350.465	2	0	0	4	0	0	0	1	0	1	0	30
2013/12/26-17:22:53	58	1,500	350.465	1	0	0	0	1	0	0	1	1	0	0	4
2013/12/26-17:23:15	58	1,500	350.465	1	0	0	0	1	0	0	1	1	0	0	4
2013/12/26-17:25:26	58	1,500	350.465	18	0	0	9	1	0	0	1	1	0	0	57
2013/12/26-17:26:38	58	1,500	350.465	9	0	0	6	1	0	0	1	1	0	0	24
2013/12/26-17:27:20	58	1,500	350.465	7	0	0	2	1	0	0	1	1	0	0	25
2013/12/26-17:28:03	58	1,500	350.465	7	0	0	0	1	0	0	1	1	0	0	29
2013/12/26-17:28:50	58	1,500	350.465	7	0	0	0	0	0	0	1	0	1	0	30
2013/12/26-17:29:38	1	2,244.852	350	7	0	0	0	1	0	0	1	1	0	0	26
2013/12/26-17:30:22	1	2,244.852	350	7	0	0	0	1	0	0	1	1	0	0	30
2013/12/26-17:31:10	1	2,244.852	350	7	0	0	0	1	0	0	1	1	0	0	30
2013/12/26-17:31:58	1	2,244.852	350	1	0	0	0	0	0	0	1	0	1	0	60
2013/12/26-17:33:16	1	2,244.852	350	0	0	0	0	0	0	0	1	0	1	0	60
2013/12/26-17:34:34	1	2,244.852	350	5	0	0	0	1	0	0	1	1	0	0	29
2013/12/26-17:35:21	1	2,244.852	350	4	0	0	0	1	0	0	1	1	0	0	27
2013/12/26-17:36:05	1	2,244.852	350	2	0	0	3	1	0	0	1	1	0	0	22
2013/12/26-17:36:45	1	2,244.852	350	2	0	0	4	0	0	0	1	0	1	0	30
2013/12/26-17:37:33	1	2,244.852	350	1	0	0	0	1	0	0	1	1	0	0	3
2013/12/26-17:37:55	1	2,244.852	350	1	0	0	0	1	0	0	1	1	0	0	3
2013/12/26-17:42:00	1	2,244.852	350	18	0	0	9	0	0	0	1	0	1	0	60
2013/12/26-17:43:15	1	2,244.852	350	16	0	0	6	0	0	0	1	0	1	0	60
2013/12/26-17:44:33	1	2,244.852	350	8	0	0	0	1	0	1	1	0	1	0	23
2013/12/26-17:45:14	1	2,244.852	350	8	0	0	0	1	0	1	1	0	1	0	23
2013/12/26-17:45:55	1	2,244.852	350	11	0	0	0	0	0	1	1	0	0	1	24
2013/12/26-17:46:37	1	2,244.852	350	16	0	0	0	0	0	0	1	0	1	0	30
2013/12/26-17:47:25	1	2,244.852	350	12	0	0	0	0	0	0	1	0	1	0	45
2013/12/26-17:48:28	1	2,244.852	350	11	0	0	0	0	0	0	1	0	1	0	45
2013/12/26-17:49:31	1	2,244.852	350	0	0	0	0	0	0	0	1	0	1	0	60
2013/12/26-17:50:49	1	2,244.852	350	4	0	0	0	0	0	0	1	0	1	0	60
2013/12/26-17:52:07	1	2,244.852	350	7	0	0	0	0	0	0	1	0	1	0	30
2013/12/26-17:52:55	1	2,244.852	350	5	0	0	0	0	0	0	1	0	1	0	30
2013/12/26-17:53:43	1	2,244.852	350	2	0	0	4	0	0	0	1	0	1	0	30
2013/12/26-17:54:32	1	2,244.852	350	2	0	0	4	0	0	0	1	0	1	0	30
2013/12/26-17:55:20	1	2,244.852	350	6	0	0	4	0	0	1	1	0	0	1	14
2013/12/26-17:55:52	1	2,244.852	350	10	0	0	3	1	0	0	1	1	0	0	19
2013/12/26-17:57:24	1	2,244.852	350	16	0	0	7	0	0	1	1	0	0	1	44
2013/12/26-17:58:24	1	2,244.852	350	11	0	0	5	1	0	0	1	1	0	0	34
2013/12/26-17:59:16	1	2,244.852	350	12	0	0	12	1	0	1	1	0	1	0	29
2013/12/26-18:00:00	1	2,244.852	350	10	0	0	10	0	0	0	1	0	1	0	30
2013/12/26-18:01:20	1	2,244.852	350	7	0	0	0	0	0	0	1	0	1	0	30
2013/12/26-18:02:08	1	2,244.852	350	11	0	0	0	0	0	0	1	1	0	0	29
2013/12/26-18:02:55	1	2,244.852	350	1	0	0	0	0	0	0	1	1	0	0	4
2013/12/26-18:03:12	1	2,244.852	350	1	0	0	0	0	0	0	1	1	0	0	4
2013/12/26-18:03:30	1	2,244.852	350	16	0	0	0	0	0	0	1	0	1	0	60
2013/12/26-18:04:49	1	2,244.852	350	15	0	0	0	0	0	0	1	0	1	0	60
2013/12/26-18:06:07	1	2,244.852	350	0	0	0	0	0	0	0	1	1	0	0	3
2013/12/26-18:06:28	1	2,244.852	350	0	0	0	0	0	0	0	1	1	0	0	3
2013/12/26-18:06:49	1	2,244.852	350	0	0	0	3	0	0	0	1	1	0	0	3
2013/12/26-18:07:09	1	2,244.852	350	0	0	0	3	0	0	0	1	1	0	0	3
2013/12/26-18:07:30	1	2,244.852	350	2	0	0	0	0	0	0	1	1	0	0	4
2013/12/26-18:07:54	1	2,244.852	350	1	0	0	0	1	0	0	1	1	0	0	3
2013/12/26-18:11:06	1	2,244.852	350	8	0	0	6	0	0	1	1	0	0	1	32
2013/12/26-18:12:02	1	2,244.852	350	12	0	0	5	1	0	0	1	1	0	0	32
2013/12/26-18:12:52	1	2,244.852	350	4	0	1	0	0	0	0	1	0	0	1	16
2013/12/26-18:13:27	1	2,244.852	350	9	0	0	13	0	0	0	1	0	1	0	30
2013/12/26-18:14:28	1	2,244.852	350	11	0	0	0	0	0	0	1	1	0	0	27
2013/12/26-18:15:11	1	2,244.852	350	10	0	0	0	0	0	0	1	0	1	0	30
2013/12/26-21:52:06	1	2,244.852	350	13	0	0	2	0	0	1	1	0	0	1	49
2013/12/26-21:54:47	1	2,244.852	350	12	0	1	5	1	0	0	1	1	0	0	40
2013/12/26-21:55:43	1	2,244.852	350	3	0	1	0	0	0	0	1	0	0	1	9
2013/12/26-21:56:11	1	2,244.852	350	19	0	1	0	0	0	0	1	0	0	1	41
2013/12/26-21:59:18	1	2,244.852	350	3	0	0	0	0	0	1	1	0	0	1	10
2013/12/26-21:59:47	1	2,244.852	350	12	0	1	5	0	0	0	1	0	0	1	48
2013/12/26-22:00:56	1	2,244.852	350	2	0	0	0	2	0	0	1	1	0	0	6
2013/12/26-22:25:46	1	2,244.852	350	9	0	1	0	0	0	0	1	0	0	1	39
2013/12/26-22:27:05	1	2,244.852	350	2	0	1	0	0	0	0	1	0	0	1	5
2013/12/26-22:27:43	1	2,244.852	350	16	0	0	7	1	0	0	1	1	0	0	90
2013/12/26-22:29:32	1	2,244.852	350	1	0	0	1	0	0	1	1	0	0	1	3
2013/12/26-22:30:15	1	2,244.852	350	3	0	1	8	0	0	0	1	0	0	1	14
2013/12/26-22:30:48	1	2,244.852	350	0	0	1	0	0	0	0	1	0	0	1	3
2013/12/26-22:31:32	1	2,244.852	350	7	0	1	0	0	0	0	1	0	0	1	19
2013/12/26-22:33:13	1	2,244.852	350	1	0	1	1	0	0	0	1	0	0	1	8
2013/12/26-22:34:49	1	2,244.852	350	17	0	1	2	0	0	0	1	0	0	1	58
2013/12/26-22:36:03	1	2,244.852	350	2	0	1	0	0	0	0	1	0	0	1	6
2013/12/26-22:36:28	1	2,244.852	350	9	0	1	0	0	0	0	1	0	0	1	30
2013/12/26-22:37:47	98	0	167.663	2	0	1	0	0	0	0	1	0	0	1	5
2013/12/26-22:38:15	98	0	167.663	15	0	0	0	0	0	1	1	0	0	1	26
2013/12/26-22:39:00	98	0	167.663	6	0	1	0	0	0	0	1	0	0	1	13
2013/12/26-23:07:15	98	0	167.663	4	0	0	1	1	0	0	1	1	0	0	20
2013/12/26-23:07:54	98	0	167.663	3	0	0	0	0	0	0	1	1	0	0	9
2013/12/26-23:08:21	98	0	167.663	3	0	0	0	0	0	1	1	0	0	1	8
2013/12/26-23:09:19	98	0	167.663	4	0	1	16	1	0	0	1	0	0	1	39
2013/12/26-23:10:16	98	0	167.663	9	0	1	4	0	0	0	1	0	0	1	49
2013/12/26-23:11:23	98	0	167.663	3	0	1	1	0	0	0	1	0	0	1	15
2013/12/26-23:12:00	98	0	167.663	1	0	1	1	0	0	0	1	0	0	1	11
2013/12/26-23:13:55	98	0	167.663	2	0	0	4	1	0	1	1	0	0	1	11
2013/12/26-23:14:36	98	0	167.663	9	0	0	7	0	0	0	1	1	0	0	57
2013/12/26-23:15:52	98	0	167.663	3	0	1	0	1	0	0	1	0	0	1	7
2013/12/26-23:16:22	98	0	167.663	1	0	0	0	0	0	1	1	0	0	1	9
2013/12/26-23:16:50	98	0	167.663	5	0	1	0	1	0	0	1	0	0	1	13
2013/12/26-23:17:22	98	0	167.663	2	0	1	1	0	0	0	1	0	0	1	6
2013/12/26-23:17:59	98	0	167.663	11	0	0	11	0	0	1	1	0	0	1	44
2013/12/26-23:55:04	97	737.586	147.121	2	0	1	0	0	0	0	1	0	0	1	13
2013/12/26-23:55:36	97	737.586	147.121	20	0	1	4	0	0	0	1	0	0	1	80
2013/12/26-23:57:15	97	737.586	147.121	0	0	1	9	0	0	0	1	0	0	1	26
2013/12/26-23:58:44	97	737.586	147.121	4	0	0	0	2	0	0	1	1	0	0	6
2013/12/26-23:59:08	97	737.586	147.121	15	0	0	1	1	0	0	1	1	0	0	38
2013/12/27-00:00:05	97	737.586	147.121	1	0	0	0	0	0	1	1	0	0	1	3
2013/12/27-00:00:30	97	737.586	147.121	14	0	0	3	1	0	0	1	1	0	0	42
2013/12/27-00:17:27	87	1,184.818	142.485	12	0	1	0	0	0	0	1	0	0	1	41
2013/12/27-00:18:26	87	1,184.818	142.485	0	0	1	0	0	0	0	1	0	0	1	3
2013/12/27-00:19:45	87	1,184.818	142.485	3	0	1	0	0	0	0	1	0	0	1	33
2013/12/27-00:20:37	87	1,184.818	142.485	12	0	0	0	0	0	1	1	0	0	1	43
2013/12/27-00:22:18	87	1,184.818	142.485	1	0	1	1	0	0	0	1	0	0	1	3
2013/12/27-00:22:40	87	1,184.818	142.485	0	0	1	0	0	0	0	1	0	0	1	3
2013/12/27-00:23:03	87	1,184.818	142.485	2	0	0	5	0	0	1	1	0	0	1	10
2013/12/27-00:23:59	87	1,184.818	142.485	0	0	1	0	0	0	0	1	0	0	1	6
2013/12/27-00:24:26	87	1,184.818	142.485	4	0	1	7	0	0	0	1	1	0	0	59
2013/12/27-00:25:43	87	1,184.818	142.485	2	0	1	0	1	0	0	1	0	0	1	10
2013/12/27-00:26:12	87	1,184.818	142.485	2	0	0	1	0	0	1	1	0	0	1	7
2013/12/27-00:28:28	87	1,184.818	142.485	5	0	1	2	0	0	0	1	0	0	1	18
2013/12/27-00:30:01	87	1,184.818	142.485	1	0	1	1	0	0	0	1	0	0	1	3
2013/12/27-00:30:29	87	1,184.818	142.485	4	0	0	0	0	0	0	1	1	0	0	13
2013/12/27-00:47:06	87	1,184.818	142.485	0	0	0	8	0	0	0	1	1	0	0	4
2013/12/27-00:47:29	87	1,184.818	142.485	25	0	0	15	1	0	0	1	1	0	0	80
2013/12/27-00:49:07	87	1,184.818	142.485	1	0	1	1	0	0	0	1	0	0	1	15
2013/12/27-00:49:41	87	1,184.818	142.485	16	0	1	1	0	0	0	1	0	0	1	37
2013/12/27-00:50:37	87	1,184.818	142.485	6	0	0	0	0	0	0	1	1	0	0	11
2013/12/27-00:51:07	87	1,184.818	142.485	9	0	0	4	1	0	0	1	1	0	0	50
2013/12/27-00:52:16	87	1,184.818	142.485	0	0	0	0	0	0	0	1	1	0	0	3
2013/12/27-01:03:15	8	1,835.101	117.256	7	0	0	0	0	0	0	1	1	0	0	18
2013/12/27-01:03:52	8	1,835.101	117.256	13	0	1	3	0	0	0	1	0	0	1	68
2013/12/27-01:05:19	8	1,835.101	117.256	1	0	0	0	1	0	1	1	0	0	1	3
2013/12/27-01:05:46	8	1,835.101	117.256	5	0	1	0	0	0	0	1	0	0	1	12
2013/12/27-01:06:18	8	1,835.101	117.256	9	0	1	4	1	0	0	1	0	0	1	40
2013/12/27-01:07:19	8	1,835.101	117.256	1	0	1	0	0	0	0	1	0	0	1	3
2013/12/27-01:07:41	8	1,835.101	117.256	1	0	1	1	0	0	0	1	0	0	1	4
2013/12/27-01:13:17	8	1,835.101	117.256	3	0	0	0	0	0	1	1	0	0	1	8
2013/12/27-01:13:44	8	1,835.101	117.256	1	0	1	0	0	0	0	1	0	0	1	2
2013/12/27-01:14:16	8	1,835.101	117.256	0	0	1	0	0	0	0	1	1	0	0	6
2013/12/27-01:14:51	8	1,835.101	117.256	7	0	1	5	0	0	0	1	0	0	1	52
2013/12/27-01:16:15	8	1,835.101	117.256	10	0	0	6	1	0	0	1	1	0	0	28
2013/12/27-01:17:02	8	1,835.101	117.256	3	0	0	2	0	0	1	1	0	0	1	9
2013/12/27-01:17:35	8	1,835.101	117.256	0	0	1	0	0	0	0	1	0	0	1	9
2013/12/27-01:26:46	8	1,835.101	117.256	12	0	0	3	0	0	0	1	1	0	0	51
2013/12/27-01:27:56	8	1,835.101	117.256	6	0	0	0	0	0	1	1	0	0	1	13
2013/12/27-01:28:28	8	1,835.101	117.256	1	0	0	0	1	0	1	1	0	0	1	3
2013/12/27-01:28:49	8	1,835.101	117.256	4	0	0	0	1	0	0	1	1	0	0	24
2013/12/27-01:29:32	8	1,835.101	117.256	9	0	1	0	0	0	0	1	0	0	1	22
2013/12/27-01:30:18	8	1,835.101	117.256	1	0	1	1	0	0	0	1	0	0	1	9
2013/12/27-01:30:46	8	1,835.101	117.256	3	0	0	10	1	0	0	1	1	0	0	63
2013/12/27-01:55:12	49	1,586.213	93.63	3	0	1	2	0	0	0	1	0	0	1	17
2013/12/27-01:56:02	49	1,586.213	93.63	2	0	0	2	1	0	1	1	0	0	1	4
2013/12/27-01:56:26	49	1,586.213	93.63	1	0	0	0	1	0	1	1	0	0	1	3
2013/12/27-01:56:53	49	1,586.213	93.63	3	0	0	0	1	0	1	1	0	0	1	12
2013/12/27-01:57:23	49	1,586.213	93.63	17	0	0	0	0	0	0	1	1	0	0	40
2013/12/27-01:58:22	49	1,586.213	93.63	6	0	0	9	1	0	1	1	0	0	1	17
2013/12/27-01:59:08	49	1,586.213	93.63	16	0	0	15	0	0	1	1	0	0	1	55
2013/12/27-02:05:49	49	1,586.213	93.63	4	0	1	0	0	0	0	1	0	0	1	7
2013/12/27-02:06:39	49	1,586.213	93.63	4	0	0	5	0	0	0	1	1	0	0	17
2013/12/27-02:07:14	49	1,586.213	93.63	3	0	1	1	0	0	0	1	0	0	1	8
2013/12/27-02:09:15	49	1,586.213	93.63	3	0	0	0	1	0	1	1	0	0	1	9
2013/12/27-02:09:44	49	1,586.213	93.63	0	0	1	0	0	0	0	1	0	0	1	3
2013/12/27-02:10:09	49	1,586.213	93.63	3	0	0	0	0	0	1	1	0	0	1	7
2013/12/27-02:10:39	49	1,586.213	93.63	1	0	0	0	0	0	0	1	1	0	0	6
2013/12/27-02:31:42	42	1,618.478	78.981	11	0	0	3	1	0	0	1	1	0	0	36
2013/12/27-02:32:37	42	1,618.478	78.981	9	0	0	2	0	0	0	1	1	0	0	31
2013/12/27-02:33:26	42	1,618.478	78.981	6	0	0	1	0	0	1	1	0	0	1	29
2013/12/27-02:34:15	42	1,618.478	78.981	3	0	1	1	0	0	0	1	0	0	1	57
2013/12/27-02:35:33	42	1,618.478	78.981	18	0	0	1	1	0	1	1	0	0	1	43
2013/12/27-02:36:35	42	1,618.478	78.981	0	0	1	19	0	0	0	1	0	0	1	32
2013/12/27-02:37:38	42	1,618.478	78.981	1	0	0	0	0	0	1	1	0	0	1	3
2013/12/27-02:38:28	42	1,618.478	78.981	0	0	1	0	0	0	0	1	0	0	1	3
2013/12/27-02:38:49	42	1,618.478	78.981	2	0	1	0	1	0	0	1	0	0	1	4
2013/12/27-02:39:18	42	1,618.478	78.981	6	0	0	1	0	0	0	1	1	0	0	12
2013/12/27-02:39:49	42	1,618.478	78.981	5	0	0	0	0	0	1	1	0	0	1	17
2013/12/27-02:40:40	42	1,618.478	78.981	2	0	0	1	1	0	0	1	1	0	0	5
2013/12/27-02:41:04	42	1,618.478	78.981	12	0	1	7	0	0	0	1	0	0	1	60
2013/12/27-02:42:22	42	1,618.478	78.981	3	0	1	0	0	0	0	1	0	0	1	8
2013/12/27-07:30:59	51	1,571.385	67.212	1	0	0	0	1	0	1	1	0	0	1	3
2013/12/27-07:31:21	51	1,571.385	67.212	11	0	0	1	0	0	1	1	0	0	1	26
2013/12/27-07:32:20	51	1,571.385	67.212	8	0	0	0	1	0	0	1	1	0	0	21
2013/12/27-07:33:00	51	1,571.385	67.212	23	0	0	1	0	0	0	1	1	0	0	60
2013/12/27-07:34:19	51	1,571.385	67.212	1	0	1	0	1	0	0	1	0	0	1	10
2013/12/27-07:34:48	51	1,571.385	67.212	2	0	1	0	1	0	0	1	1	0	0	10
2013/12/27-07:35:16	51	1,571.385	67.212	0	0	1	17	0	0	0	1	1	0	0	71
2013/12/27-07:49:09	51	1,571.385	67.212	1	0	1	0	0	0	0	1	0	0	1	3
2013/12/27-07:49:36	51	1,571.385	67.212	11	0	1	0	0	0	0	1	0	0	1	38
2013/12/27-07:50:57	51	1,571.385	67.212	7	0	0	0	0	0	0	1	1	0	0	16
2013/12/27-07:51:33	51	1,571.385	67.212	4	0	0	1	0	0	1	1	0	0	1	7
2013/12/27-07:52:00	51	1,578.031	59.903	1	0	0	0	1	0	1	1	0	0	1	4
2013/12/27-07:52:29	51	1,578.031	59.903	3	0	0	0	0	0	1	1	0	0	1	8
2013/12/27-07:53:15	51	1,578.031	59.903	5	0	1	6	0	0	0	1	0	0	1	35
2013/12/27-07:54:16	51	1,578.031	59.903	1	0	0	0	0	0	1	1	0	0	1	3
2013/12/27-07:55:12	51	1,578.031	59.903	6	0	1	0	1	0	0	1	0	0	1	18
2013/12/27-07:55:49	51	1,578.031	59.903	0	0	1	0	0	0	0	1	0	0	1	6
2013/12/27-07:56:17	51	1,578.031	59.903	3	0	0	5	0	0	1	1	0	0	1	16
2013/12/27-07:56:53	51	1,578.031	59.903	4	0	1	0	0	0	0	1	0	0	1	11
2013/12/27-07:57:53	51	1,578.031	59.903	0	0	1	0	0	0	0	1	0	0	1	3
2013/12/27-07:58:18	51	1,578.031	59.903	6	0	1	4	0	0	0	1	0	0	1	31
2013/12/27-08:23:47	51	1,578.031	59.903	1	0	0	0	0	0	1	1	0	0	1	4
2013/12/27-08:24:22	51	1,578.031	59.903	9	0	0	2	0	0	1	1	0	0	1	39
2013/12/27-08:25:20	51	1,578.031	59.903	4	0	1	1	0	0	0	1	0	0	1	10
2013/12/27-08:25:49	51	1,578.031	59.903	1	0	0	0	1	0	1	1	0	0	1	3
2013/12/27-08:26:11	51	1,578.031	59.903	12	0	0	4	0	0	1	1	0	0	1	37
2013/12/27-08:27:07	51	1,578.031	59.903	2	0	1	14	0	0	0	1	0	0	1	33
2013/12/27-08:27:58	51	1,578.031	59.903	8	0	0	0	0	0	1	1	0	0	1	19
2013/12/27-08:28:43	51	1,578.031	59.903	4	0	1	2	0	0	0	1	0	0	1	13
2013/12/27-08:29:20	51	1,578.031	59.903	1	0	0	0	1	0	1	1	0	0	1	5
2013/12/27-08:29:48	51	1,578.031	59.903	0	0	1	0	0	0	0	1	0	0	1	3
2013/12/27-08:30:09	51	1,578.031	59.903	3	0	0	0	0	0	0	1	1	0	0	10
2013/12/27-08:30:39	51	1,578.031	59.903	1	0	0	2	0	0	0	1	1	0	0	9
2013/12/27-08:31:07	51	1,578.031	59.903	12	0	0	0	1	0	1	1	0	0	1	31
2013/12/27-08:31:57	51	1,578.031	59.903	15	0	0	3	1	0	0	1	1	0	0	61
2013/12/27-09:09:56	56	1,516.162	51.156	1	0	1	0	0	0	0	1	0	0	1	6
2013/12/27-09:10:39	56	1,516.162	51.156	0	0	1	6	0	0	0	1	1	0	0	89
2013/12/27-09:12:26	56	1,516.162	51.156	9	0	1	1	0	0	0	1	0	0	1	20
2013/12/27-09:13:05	56	1,516.162	51.156	11	0	1	2	1	0	0	1	0	0	1	26
2013/12/27-09:13:49	56	1,516.162	51.156	23	0	0	0	1	0	0	1	1	0	0	60
2013/12/27-09:15:08	56	1,516.162	51.156	15	0	0	5	0	0	1	1	0	0	1	71
2013/12/27-09:16:38	56	1,516.162	51.156	2	0	0	0	0	0	1	1	0	0	1	9
2013/12/27-09:32:01	56	1,531.783	48.934	1	0	0	1	0	0	1	1	0	0	1	3
2013/12/27-09:32:23	56	1,531.783	48.934	8	0	1	4	0	0	0	1	0	0	1	39
2013/12/27-09:33:43	56	1,531.783	48.934	1	0	0	0	0	0	1	1	0	0	1	3
2013/12/27-09:34:20	56	1,531.783	48.934	10	0	0	0	0	0	1	1	0	0	1	20
2013/12/27-09:34:58	56	1,531.783	48.934	1	0	0	0	0	0	1	1	0	0	1	3
2013/12/27-09:35:23	56	1,531.783	48.934	5	0	1	5	0	0	0	1	0	0	1	60
2013/12/27-09:36:46	56	1,531.783	48.934	3	0	0	0	0	0	1	1	0	0	1	10
2013/12/27-09:37:21	56	1,531.783	48.934	20	0	1	0	0	0	0	1	0	0	1	41
2013/12/27-09:38:21	56	1,531.783	48.934	4	0	1	0	1	0	0	1	0	0	1	11
2013/12/27-09:38:50	56	1,531.783	48.934	5	0	1	0	0	0	0	1	0	0	1	10
2013/12/27-09:39:20	56	1,531.783	48.934	2	0	1	0	0	0	0	1	0	0	1	12
2013/12/27-09:39:54	56	1,531.783	48.934	6	0	1	12	0	0	0	1	0	0	1	33
2013/12/27-09:40:47	56	1,531.783	48.934	9	0	0	5	0	0	0	1	1	0	0	62
2013/12/27-09:42:07	56	1,531.783	48.934	2	0	1	0	1	0	0	1	0	0	1	5
2013/12/27-12:54:53	55	1,534.13	51.246	4	0	1	4	0	0	0	1	0	0	1	49
2013/12/27-12:56:02	55	1,534.13	51.246	5	0	0	0	1	0	1	1	0	0	1	12
2013/12/27-12:56:51	55	1,534.13	51.246	1	0	0	0	1	0	1	1	0	0	1	3
2013/12/27-12:57:15	55	1,534.13	51.246	1	0	1	0	0	0	0	1	0	0	1	6
2013/12/27-12:57:44	55	1,534.13	51.246	8	0	0	0	2	0	0	1	1	0	0	16
2013/12/27-12:58:26	55	1,534.13	51.246	2	0	1	1	0	0	0	1	0	0	1	7
2013/12/27-12:59:35	55	1,534.13	51.246	13	0	0	3	1	0	0	1	1	0	0	39
2013/12/27-13:00:33	55	1,534.13	51.246	1	0	0	0	0	0	1	1	0	0	1	3
2013/12/27-13:00:58	55	1,534.13	51.246	15	0	0	4	0	0	0	1	1	0	0	60
2013/12/27-13:02:17	55	1,534.13	51.246	1	0	0	0	1	0	1	1	0	0	1	5
2013/12/27-13:13:13	57	1,517.842	48.085	6	0	1	0	0	0	0	1	0	0	1	16
2013/12/27-13:13:48	57	1,517.842	48.085	5	0	0	0	0	0	0	1	1	0	0	14
2013/12/27-13:14:21	57	1,517.842	48.085	2	0	1	0	1	0	0	1	1	0	0	7
2013/12/27-13:14:47	57	1,517.842	48.085	3	0	0	0	0	0	1	1	0	0	1	5
2013/12/27-13:15:36	57	1,517.842	48.085	1	0	0	0	0	0	1	1	0	0	1	3
2013/12/27-19:41:47	59	1,507.045	52.772	2	0	1	1	0	0	0	1	0	0	1	21
2013/12/27-19:42:30	59	1,507.045	52.772	2	0	1	0	0	0	0	1	0	0	1	6
2013/12/27-19:43:16	59	1,507.045	52.772	1	0	1	0	0	0	0	1	0	0	1	3
2013/12/27-19:43:54	59	1,507.045	52.772	1	0	1	0	0	0	0	1	0	0	1	15
2013/12/27-19:44:28	59	1,507.045	52.772	1	0	0	0	0	0	1	1	0	0	1	3
2013/12/27-20:00:55	58	1,502.672	51.161	10	0	0	0	0	0	1	1	0	0	1	31
2013/12/27-20:01:45	58	1,502.672	51.161	14	0	0	3	0	0	1	1	0	0	1	45
2013/12/27-20:02:49	58	1,502.672	51.161	2	0	1	0	0	0	0	1	0	0	1	9
2013/12/27-20:03:17	58	1,502.672	51.161	7	0	0	3	0	0	1	1	0	0	1	44
2013/12/27-20:04:19	58	1,502.672	51.161	3	0	0	0	2	0	0	1	1	0	0	8
2013/12/27-20:15:33	58	1,502.672	51.161	14	0	1	0	0	0	0	1	0	0	1	31
2013/12/27-20:16:23	58	1,502.672	51.161	5	0	0	0	1	0	1	1	0	0	1	17
2013/12/27-20:17:07	58	1,502.672	51.161	1	0	1	0	0	0	0	1	0	0	1	6
2013/12/27-20:18:27	58	1,502.672	51.161	16	0	0	3	0	0	0	1	1	0	0	60
2013/12/27-20:19:45	58	1,502.672	51.161	6	0	1	1	0	0	0	1	0	0	1	21
2013/12/27-20:39:36	54	1,538.592	48.259	0	0	1	0	0	0	0	1	0	0	1	3
2013/12/27-20:40:01	54	1,538.592	48.259	4	0	0	2	0	0	1	1	0	0	1	20
2013/12/27-20:40:40	54	1,538.592	48.259	3	0	0	0	0	0	1	1	0	0	1	23
2013/12/27-20:41:22	54	1,538.592	48.259	1	0	0	0	0	0	1	1	0	0	1	3
2013/12/27-20:42:17	54	1,538.592	48.259	4	0	1	0	0	0	0	1	0	0	1	10
2013/12/27-20:45:51	54	1,538.592	48.259	1	0	0	0	0	0	1	1	0	0	1	3
2013/12/27-20:46:19	54	1,538.592	48.259	17	0	0	0	0	0	1	1	0	0	1	34
2013/12/27-20:47:12	54	1,538.592	48.259	11	0	0	4	2	0	1	1	1	0	0	46
2013/12/27-20:48:17	54	1,538.592	48.259	0	0	1	0	0	0	0	1	0	0	1	3
2013/12/27-20:48:50	54	1,538.592	48.259	2	0	0	2	0	0	0	1	1	0	0	10
2013/12/27-21:01:02	54	1,537.339	45.603	1	0	1	0	0	0	0	1	0	0	1	14
2013/12/27-21:01:35	54	1,537.339	45.603	5	0	1	3	0	0	0	1	0	0	1	22
2013/12/27-21:02:21	54	1,537.339	45.603	2	0	1	0	1	0	0	1	0	0	1	4
2013/12/27-21:02:46	54	1,537.339	45.603	1	0	0	0	0	0	1	1	0	0	1	3
2013/12/27-21:03:10	54	1,537.339	45.603	6	0	1	0	1	0	0	1	0	0	1	14
2013/12/27-21:15:08	54	1,537.339	45.603	1	0	0	0	0	0	1	1	0	0	1	5
2013/12/27-21:15:38	54	1,537.339	45.603	1	0	0	0	1	0	1	1	0	0	1	3
2013/12/27-21:16:00	54	1,537.339	45.603	3	0	0	3	0	0	1	1	0	0	1	18
2013/12/27-21:16:51	54	1,537.339	45.603	1	0	1	2	0	0	0	1	0	0	1	10
2013/12/27-21:17:21	54	1,537.339	45.603	8	0	0	0	2	0	0	1	1	0	0	26
2013/12/27-21:25:10	54	1,537.339	45.603	11	0	0	2	0	0	0	1	1	0	0	60
2013/12/27-21:26:29	54	1,537.339	45.603	1	0	0	0	1	0	1	1	0	0	1	3
2013/12/27-21:26:51	54	1,537.339	45.603	6	0	0	0	0	0	1	1	0	0	1	18
2013/12/27-21:27:27	54	1,537.339	45.603	1	0	1	0	0	0	0	1	0	0	1	4
2013/12/27-21:28:06	52	1,542.981	42.524	4	0	0	0	1	0	1	1	0	0	1	13
2013/12/27-21:39:58	52	1,542.981	42.524	3	0	0	1	0	0	0	1	1	0	0	16
2013/12/27-21:40:32	52	1,542.981	42.524	16	0	0	0	1	0	1	1	0	0	1	46
2013/12/27-21:41:38	52	1,542.981	42.524	16	0	0	0	1	0	0	1	1	0	0	46
2013/12/27-21:42:43	52	1,542.981	42.524	5	0	0	9	1	0	0	1	1	0	0	29
2013/12/27-21:43:31	52	1,542.981	42.524	9	0	0	0	1	0	1	1	0	0	1	30
2013/12/27-22:12:08	53	1,555.163	41.554	14	0	0	0	1	0	0	1	1	0	0	26
2013/12/27-22:12:53	53	1,555.163	41.554	11	0	1	2	0	0	0	1	0	0	1	37
2013/12/27-22:13:49	53	1,555.163	41.554	3	0	0	0	0	0	1	1	0	0	1	13
2013/12/27-22:14:23	53	1,555.163	41.554	1	0	0	0	0	0	1	1	0	0	1	3
2013/12/27-22:14:53	53	1,555.163	41.554	1	0	0	0	1	0	1	1	0	0	1	3
2013/12/27-22:43:35	53	1,555.163	41.554	8	0	1	0	0	0	0	1	1	0	0	14
2013/12/27-22:49:03	53	1,555.163	41.554	7	0	0	2	1	0	1	1	0	0	1	30
2013/12/27-22:49:49	53	1,555.163	41.554	5	0	0	9	1	0	0	1	1	0	0	31
2013/12/27-22:50:39	53	1,555.163	41.554	11	0	0	3	1	0	0	1	1	0	0	24
2013/12/27-22:51:22	53	1,555.163	41.554	1	0	0	0	0	0	1	1	0	0	1	3
2013/12/27-23:06:03	53	1,555.163	41.554	2	0	1	0	0	0	0	1	0	0	1	5
2013/12/27-23:06:32	52	1,561.842	39.833	9	0	0	0	1	0	1	1	0	0	1	14
2013/12/27-23:07:11	52	1,561.842	39.833	1	0	1	0	0	0	0	1	0	0	1	4
2013/12/27-23:07:43	52	1,561.842	39.833	10	0	1	3	0	0	0	1	0	0	1	27
2013/12/27-23:08:49	52	1,561.842	39.833	2	0	0	0	0	0	1	1	0	0	1	12
2013/12/27-23:19:07	52	1,561.842	39.833	11	0	1	0	0	0	0	1	0	0	1	26
2013/12/27-23:20:03	52	1,561.842	39.833	2	0	0	0	1	0	1	1	0	0	1	6
2013/12/27-23:20:49	52	1,561.842	39.833	1	0	0	0	0	0	1	1	0	0	1	10
2013/12/27-23:21:17	52	1,561.842	39.833	1	0	0	0	0	0	1	1	0	0	1	3
2013/12/27-23:21:45	52	1,561.842	39.833	0	0	1	0	0	0	0	1	0	0	1	11
2013/12/27-23:34:14	52	1,561.842	39.833	4	0	0	0	1	0	0	1	1	0	0	12
2013/12/27-23:34:44	52	1,561.842	39.833	7	0	1	1	0	0	0	1	0	0	1	18
2013/12/27-23:35:22	52	1,561.842	39.833	4	0	1	0	0	0	0	1	0	0	1	11
2013/12/27-23:36:01	52	1,561.842	39.833	4	0	0	9	1	0	0	1	1	0	0	35
2013/12/27-23:36:55	52	1,561.842	39.833	11	0	1	5	0	0	0	1	0	0	1	40
2013/12/27-23:54:14	51	1,564.544	37.818	7	0	0	0	0	0	0	1	1	0	0	24
2013/12/27-23:54:57	51	1,564.544	37.818	6	0	0	0	0	0	1	1	0	0	1	25
2013/12/27-23:55:51	51	1,564.544	37.818	1	0	0	0	0	0	1	1	0	0	1	3
2013/12/27-23:56:27	51	1,564.544	37.818	4	0	0	0	0	0	1	1	0	0	1	9
2013/12/27-23:57:05	51	1,564.544	37.818	4	0	1	0	0	0	0	1	0	0	1	18
2013/12/28-00:05:59	51	1,564.544	37.818	1	0	0	0	0	0	1	1	0	0	1	3
2013/12/28-00:06:26	51	1,564.544	37.818	18	0	1	3	1	0	0	1	0	0	1	46
2013/12/28-00:07:31	51	1,564.544	37.818	8	0	1	0	0	0	0	1	0	0	1	28
2013/12/28-00:08:18	51	1,564.544	37.818	13	0	0	0	0	0	1	1	0	0	1	28
2013/12/28-00:09:05	51	1,564.544	37.818	4	0	1	0	0	0	0	1	0	0	1	5
2013/12/28-00:23:05	51	1,567.527	36.681	4	0	1	0	2	0	0	1	0	0	1	10
2013/12/28-00:23:36	51	1,567.527	36.681	1	0	0	0	0	0	1	1	0	0	1	7
2013/12/28-00:24:10	51	1,567.527	36.681	2	0	1	1	0	0	0	1	0	0	1	16
2013/12/28-00:24:45	51	1,567.527	36.681	1	0	0	0	0	0	1	1	0	0	1	3
2013/12/28-00:25:13	51	1,567.527	36.681	3	0	0	0	0	0	0	1	1	0	0	9
2013/12/28-00:33:34	51	1,567.527	36.681	6	0	0	0	1	0	1	1	0	0	1	17
2013/12/28-00:34:10	51	1,567.527	36.681	4	0	0	0	0	0	0	1	1	0	0	16
2013/12/28-00:34:45	51	1,567.527	36.681	2	0	1	0	1	0	0	1	0	0	1	4
2013/12/28-00:35:11	51	1,567.527	36.681	6	0	1	0	0	0	0	1	0	0	1	15
2013/12/28-00:35:45	51	1,567.527	36.681	2	0	1	0	2	0	0	1	0	0	1	6
2013/12/28-00:50:57	51	1,562.932	35.8	1	0	0	0	0	0	0	1	1	0	0	5
2013/12/28-00:51:21	51	1,562.932	35.8	1	0	0	0	0	0	1	1	0	0	1	3
2013/12/28-00:51:54	51	1,562.932	35.8	1	0	1	0	0	0	0	1	0	0	1	5
2013/12/28-00:52:21	51	1,562.932	35.8	2	0	0	0	1	0	1	1	0	0	1	6
2013/12/28-00:52:52	51	1,562.932	35.8	29	0	0	0	2	0	0	1	1	0	0	60
2013/12/28-01:08:32	51	1,566.5	35.599	10	0	1	0	0	0	0	1	0	0	1	32
2013/12/28-01:09:24	51	1,566.5	35.599	3	0	0	0	0	0	1	1	0	0	1	7
2013/12/28-01:10:03	51	1,566.5	35.599	12	0	1	2	0	0	0	1	0	0	1	33
2013/12/28-01:10:55	51	1,566.5	35.599	1	0	0	0	0	0	1	1	0	0	1	3
2013/12/28-01:11:32	51	1,566.5	35.599	8	0	1	2	0	0	0	1	0	0	1	58
2013/12/28-01:24:38	51	1,566.5	35.599	3	0	0	0	0	0	1	1	0	0	1	18
2013/12/28-01:25:15	51	1,566.5	35.599	8	0	0	6	0	0	1	1	0	0	1	49
2013/12/28-01:26:24	51	1,566.5	35.599	7	0	1	3	0	0	0	1	0	0	1	28
2013/12/28-01:27:11	51	1,566.5	35.599	31	0	0	0	0	0	0	1	1	0	0	60
2013/12/28-01:28:30	51	1,566.5	35.599	6	0	1	0	0	0	0	1	0	0	1	18
2013/12/28-01:45:37	51	1,569.686	34.697	10	0	0	2	0	0	0	1	0	0	1	60
2013/12/28-01:46:56	51	1,569.686	34.697	3	0	0	1	0	0	1	1	0	0	1	15
2013/12/28-01:47:47	51	1,569.686	34.697	1	0	1	0	0	0	0	1	0	0	1	4
2013/12/28-01:49:01	51	1,569.686	34.697	5	0	1	0	0	0	0	1	0	0	1	12
2013/12/28-01:49:45	51	1,569.686	34.697	10	0	0	0	0	0	1	1	0	0	1	17
2013/12/28-01:54:56	51	1,569.686	34.697	4	0	0	0	3	0	0	1	1	0	0	12
2013/12/28-01:55:27	51	1,569.686	34.697	9	0	0	2	2	0	0	1	1	0	0	42
2013/12/28-01:56:28	51	1,569.686	34.697	1	0	0	0	1	0	1	1	0	0	1	3
2013/12/28-01:57:48	51	1,569.686	34.697	2	0	0	0	2	0	1	1	1	0	0	10
2013/12/28-01:58:17	51	1,569.686	34.697	14	0	0	2	1	0	0	1	1	0	0	60
2013/12/28-02:09:42	51	1,569.686	34.697	4	0	1	0	0	0	0	1	0	0	1	12
2013/12/28-02:10:35	51	1,569.686	34.697	3	0	0	1	0	0	0	1	1	0	0	60
2013/12/28-02:11:54	51	1,569.686	34.697	18	0	0	0	0	0	1	1	0	0	1	37
2013/12/28-02:12:50	51	1,569.686	34.697	4	0	0	3	0	0	1	1	0	0	1	24
2013/12/28-02:14:09	51	1,569.686	34.697	6	0	0	0	1	0	0	1	1	0	0	14
2013/12/28-02:28:35	51	1,572.666	33.511	4	0	0	0	0	0	1	1	0	0	1	13
2013/12/28-02:29:07	51	1,572.666	33.511	2	0	0	0	1	0	1	1	0	0	1	6
2013/12/28-02:30:03	51	1,572.666	33.511	9	0	0	2	0	0	0	1	1	0	0	40
2013/12/28-02:31:02	51	1,572.666	33.511	9	0	0	0	1	0	1	1	0	0	1	18
2013/12/28-02:31:40	51	1,572.666	33.511	0	0	1	0	0	0	0	1	0	0	1	3
2013/12/28-02:46:49	51	1,572.486	33.614	3	0	0	0	0	0	1	1	0	0	1	23
2013/12/28-02:47:40	51	1,572.486	33.614	9	0	0	0	0	0	1	1	0	0	1	21
2013/12/28-02:48:20	51	1,572.486	33.614	1	0	0	0	1	0	1	1	0	0	1	3
2013/12/28-02:48:43	51	1,572.486	33.614	3	0	0	1	0	0	1	1	0	0	1	24
2013/12/28-02:49:27	51	1,572.486	33.614	1	0	0	0	0	0	1	1	0	0	1	3
2013/12/28-02:56:12	51	1,572.486	33.614	5	0	0	0	1	0	1	1	0	0	1	9
2013/12/28-02:56:43	51	1,572.486	33.614	3	0	1	0	0	0	0	1	0	0	1	12
2013/12/28-02:57:19	51	1,572.486	33.614	13	0	0	2	0	0	1	1	0	0	1	49
2013/12/28-02:58:28	51	1,572.486	33.614	1	0	0	0	1	0	1	1	0	0	1	3
2013/12/28-02:58:51	51	1,572.486	33.614	4	0	0	0	2	0	0	1	1	0	0	12
2013/12/28-03:06:39	51	1,572.486	33.614	2	0	0	0	0	0	0	1	1	0	0	11
2013/12/28-03:07:10	51	1,572.486	33.614	5	0	0	0	0	0	1	1	0	0	1	10
2013/12/28-03:07:42	51	1,572.486	33.614	4	0	0	0	2	0	0	1	1	0	0	13
2013/12/28-03:08:15	51	1,572.486	33.614	1	0	0	0	0	0	1	1	0	0	1	3
2013/12/28-03:08:40	51	1,572.486	33.614	6	0	1	0	0	0	0	1	0	0	1	15
2013/12/28-03:20:38	50	1,576.85	32.438	1	0	0	0	0	0	1	1	0	0	1	3
2013/12/28-03:21:45	50	1,576.85	32.438	5	0	0	0	0	0	1	1	0	0	1	12
2013/12/28-03:23:04	50	1,576.85	32.438	1	0	0	0	0	0	0	1	1	0	0	7
2013/12/28-03:23:30	50	1,576.85	32.438	1	0	0	0	0	0	1	1	0	0	1	3
2013/12/28-03:23:56	50	1,576.85	32.438	11	0	0	3	0	0	1	1	0	0	1	43
2013/12/28-03:36:29	50	1,576.85	32.438	4	0	0	0	1	0	0	1	1	0	0	13
2013/12/28-03:37:02	50	1,576.85	32.438	1	0	0	0	0	0	1	1	0	0	1	3
2013/12/28-03:37:25	50	1,576.85	32.438	2	0	1	0	0	0	0	1	0	0	1	6
2013/12/28-03:38:05	50	1,576.85	32.438	0	0	1	0	0	0	0	1	0	0	1	3
2013/12/28-03:38:29	50	1,576.85	32.438	3	0	0	0	0	0	1	1	0	0	1	15
2013/12/28-03:46:57	51	1,571.762	31.874	1	0	1	0	0	0	0	1	0	0	1	3
2013/12/28-03:47:23	51	1,571.762	31.874	8	0	0	0	0	0	0	1	1	0	0	16
2013/12/28-03:47:58	51	1,571.762	31.874	2	0	1	0	1	0	0	1	0	0	1	6
2013/12/28-03:48:23	51	1,571.762	31.874	1	0	0	0	1	0	0	1	1	0	0	7
2013/12/28-03:48:49	51	1,571.762	31.874	19	0	0	3	0	0	0	1	1	0	0	60
2013/12/28-04:05:38	51	1,571.762	31.874	3	0	0	0	0	0	1	1	0	0	1	10
2013/12/28-04:06:07	49	1,581.418	31.879	2	0	0	0	1	0	1	1	0	0	1	6
2013/12/28-04:06:33	49	1,581.418	31.879	14	0	0	0	1	0	0	1	1	0	0	32
2013/12/28-04:07:23	49	1,581.418	31.879	2	0	0	0	0	0	0	1	1	0	0	6
2013/12/28-04:07:49	49	1,581.418	31.879	5	0	0	0	0	0	1	1	0	0	1	20
2013/12/28-04:17:56	49	1,581.418	31.879	2	0	1	0	0	0	0	1	0	0	1	7
2013/12/28-04:18:33	49	1,581.418	31.879	0	0	1	0	0	0	0	1	0	0	1	5
2013/12/28-04:18:59	49	1,581.418	31.879	22	0	0	6	0	0	0	1	1	0	0	60
2013/12/28-04:20:18	49	1,581.418	31.879	1	0	0	0	0	0	1	1	0	0	1	2
2013/12/28-04:20:45	49	1,581.418	31.879	2	0	1	0	0	0	0	1	0	0	1	6
2013/12/28-04:21:34	49	1,581.418	31.879	4	0	1	0	1	0	0	1	0	0	1	13
2013/12/28-04:22:07	49	1,581.418	31.879	1	0	0	0	0	0	1	1	0	0	1	3
2013/12/28-04:22:29	49	1,581.418	31.879	12	0	0	5	0	0	1	1	0	0	1	27
2013/12/28-04:23:48	49	1,581.418	31.879	12	0	0	5	0	0	0	1	0	0	1	60
2013/12/28-04:25:07	49	1,581.418	31.879	1	0	1	0	0	0	0	1	0	0	1	6
2013/12/28-04:39:40	47	1,590.369	31.098	6	0	1	3	0	0	0	1	0	0	1	30
2013/12/28-04:40:29	47	1,590.369	31.098	2	0	0	0	1	0	0	1	1	0	0	6
2013/12/28-04:40:54	47	1,590.369	31.098	8	0	1	0	0	0	0	1	0	0	1	18
2013/12/28-04:41:31	47	1,590.369	31.098	1	0	1	0	0	0	0	1	0	0	1	8
2013/12/28-04:42:10	47	1,590.369	31.098	1	0	1	0	0	0	0	1	0	0	1	3
2013/12/28-04:53:43	47	1,590.369	31.098	5	0	1	1	0	0	0	1	0	0	1	24
2013/12/28-04:54:37	47	1,590.369	31.098	2	0	1	0	0	0	0	1	0	0	1	11
2013/12/28-04:55:19	47	1,590.369	31.098	4	0	1	0	0	0	0	1	0	0	1	7
2013/12/28-04:55:58	47	1,590.369	31.098	4	0	0	7	0	0	1	1	0	0	1	19
2013/12/28-04:56:46	47	1,590.369	31.098	3	0	1	1	0	0	0	1	0	0	1	36
2013/12/28-05:11:26	49	1,585.215	30.732	11	0	0	5	1	0	1	1	0	0	1	34
2013/12/28-05:12:46	49	1,585.215	30.732	3	0	1	0	0	0	0	1	0	0	1	8
2013/12/28-05:14:05	49	1,585.215	30.732	1	0	0	0	0	0	1	1	0	0	1	3
2013/12/28-05:15:11	49	1,585.215	30.732	4	0	1	0	0	0	0	1	0	0	1	8
2013/12/28-05:16:30	49	1,585.215	30.732	4	0	0	0	0	0	1	1	0	0	1	12
2013/12/28-05:24:09	49	1,585.215	30.732	8	0	0	2	0	0	1	1	0	0	1	20
2013/12/28-05:25:04	49	1,585.215	30.732	7	0	1	0	0	0	0	1	0	0	1	22
2013/12/28-05:25:45	49	1,585.215	30.732	3	0	0	4	0	0	0	1	1	0	0	23
2013/12/28-05:26:28	49	1,585.215	30.732	1	0	0	0	0	0	1	1	0	0	1	3
2013/12/28-05:26:59	49	1,585.215	30.732	1	0	1	0	1	0	0	1	0	0	1	6
2013/12/28-05:39:38	49	1,582.093	30.55	1	0	0	0	1	0	1	1	0	0	1	3
2013/12/28-05:40:04	49	1,582.093	30.55	11	0	0	5	1	0	0	1	1	0	0	43
2013/12/28-05:41:06	49	1,582.093	30.55	5	0	0	0	1	0	1	1	0	0	1	15
2013/12/28-05:41:40	49	1,582.093	30.55	2	0	0	1	0	0	0	1	1	0	0	6
2013/12/28-05:42:05	49	1,582.093	30.55	3	0	0	0	2	0	0	1	1	0	0	8
2013/12/28-06:02:23	49	1,582.093	30.55	1	0	1	0	0	0	0	1	0	0	1	6
2013/12/28-06:02:48	49	1,582.093	30.55	3	0	0	0	0	0	1	1	0	0	1	12
2013/12/28-06:03:25	49	1,582.093	30.55	2	0	0	0	1	0	1	1	0	0	1	6
2013/12/28-06:03:52	49	1,582.093	30.55	4	0	1	0	0	0	0	1	0	0	1	9
2013/12/28-06:04:20	49	1,582.093	30.55	1	0	0	0	0	0	1	1	0	0	1	3
2013/12/28-06:09:49	51	1,574.291	30.614	1	0	0	0	1	0	0	1	1	0	0	3
2013/12/28-06:10:11	51	1,574.291	30.614	2	0	1	0	0	0	0	1	0	0	1	5
2013/12/28-06:10:43	51	1,574.291	30.614	1	0	0	0	1	0	1	1	0	0	1	3
2013/12/28-06:11:07	51	1,574.291	30.614	4	0	1	0	0	0	0	1	0	0	1	7
2013/12/28-06:11:39	51	1,574.291	30.614	0	0	1	0	0	0	0	1	0	0	1	4
2013/12/28-06:26:38	51	1,574.291	30.614	1	0	0	0	3	0	0	1	1	0	0	3
2013/12/28-06:27:00	51	1,574.291	30.614	1	0	0	0	0	0	1	1	0	0	1	3
2013/12/28-06:27:25	51	1,574.291	30.614	2	0	0	0	0	0	0	1	1	0	0	6
2013/12/28-06:27:50	51	1,574.291	30.614	1	0	0	0	1	0	0	1	1	0	0	7
2013/12/28-06:28:16	51	1,574.291	30.614	2	0	0	0	0	0	0	1	1	0	0	6
2013/12/28-06:43:38	51	1,566.614	30.569	3	0	1	2	0	0	0	1	0	0	1	19
2013/12/28-06:44:17	51	1,566.614	30.569	1	0	0	0	0	0	1	1	0	0	1	3
2013/12/28-06:44:45	51	1,566.614	30.569	12	0	0	8	1	0	1	1	0	0	1	36
2013/12/28-06:45:40	51	1,566.614	30.569	5	0	1	0	0	0	0	1	0	0	1	12
2013/12/28-06:46:10	51	1,566.614	30.569	5	0	0	0	1	0	0	1	1	0	0	19
2013/12/28-07:02:04	51	1,566.614	30.569	12	0	1	0	0	0	0	1	0	0	1	19
2013/12/28-07:02:40	51	1,566.614	30.569	2	0	0	0	1	0	1	1	0	0	1	6
2013/12/28-07:03:05	51	1,566.614	30.569	5	0	1	1	0	0	0	1	0	0	1	23
2013/12/28-07:04:11	51	1,566.614	30.569	16	0	1	8	0	0	0	1	0	0	1	53
2013/12/28-07:05:23	51	1,566.614	30.569	3	0	1	0	0	0	0	1	0	0	1	5
2013/12/28-07:16:10	51	1,576.399	30.351	4	0	0	0	1	0	0	1	1	0	0	13
2013/12/28-07:16:43	51	1,576.399	30.351	13	0	0	0	1	0	1	1	0	0	1	25
2013/12/28-07:17:27	51	1,576.399	30.351	4	0	1	3	0	0	0	1	0	0	1	19
2013/12/28-07:18:46	51	1,576.399	30.351	1	0	0	0	1	0	1	1	0	0	1	3
2013/12/28-07:19:08	51	1,576.399	30.351	16	0	0	9	0	0	0	1	0	0	1	60
2013/12/28-11:02:39	50	1,580.111	37.659	1	0	0	0	0	0	1	1	0	0	1	3
2013/12/28-11:03:04	50	1,580.111	37.659	12	0	0	2	1	0	0	1	1	0	0	52
2013/12/28-11:04:15	47	1,578.909	37.91	14	0	0	2	1	0	0	1	1	0	0	51
2013/12/28-11:05:24	47	1,578.909	37.91	1	0	0	0	0	0	1	1	0	0	1	3
2013/12/28-11:05:59	47	1,578.909	37.91	2	0	1	0	1	0	0	1	0	0	1	4
2013/12/28-11:21:10	47	1,578.909	37.91	1	0	0	0	0	0	1	1	0	0	1	3
2013/12/28-11:21:40	47	1,578.909	37.91	1	0	0	0	0	0	1	1	0	0	1	5
2013/12/28-11:22:13	47	1,578.909	37.91	19	0	0	0	3	0	0	1	1	0	0	35
2013/12/28-11:23:23	47	1,578.909	37.91	13	0	0	0	0	0	0	1	1	0	0	38
2013/12/28-11:24:28	47	1,578.909	37.91	10	0	0	2	0	0	0	1	1	0	0	39
2013/12/28-11:39:36	47	1,578.909	37.91	9	0	0	0	2	0	0	1	1	0	0	26
2013/12/28-11:40:21	47	1,578.909	37.91	7	0	0	0	0	0	0	1	1	0	0	27
2013/12/28-11:41:07	47	1,578.909	37.91	1	0	0	0	0	0	1	1	0	0	1	3
2013/12/28-11:41:29	48	1,580.586	36.539	18	0	0	3	1	0	0	1	1	0	0	60
2013/12/28-11:42:48	48	1,580.586	36.539	4	0	0	6	1	0	1	1	0	0	1	13
2013/12/28-13:20:02	49	1,580.801	40.875	5	0	1	1	0	0	0	1	0	0	1	21
2013/12/28-13:20:42	49	1,580.801	40.875	24	0	0	0	1	0	0	1	1	0	0	60
2013/12/28-13:22:01	49	1,580.801	40.875	21	0	0	6	1	0	0	1	1	0	0	60
2013/12/28-13:23:20	49	1,580.801	40.875	2	0	0	2	0	0	0	1	1	0	0	6
2013/12/28-13:23:44	49	1,580.801	40.875	5	0	1	0	2	0	0	1	0	0	1	13
2013/12/28-13:41:49	49	1,580.801	40.875	3	0	0	0	0	0	1	1	0	0	1	4
2013/12/28-13:43:08	49	1,580.801	40.875	5	0	0	0	0	0	1	1	0	0	1	12
2013/12/28-13:43:51	49	1,580.801	40.875	5	0	0	0	1	0	1	1	0	0	1	12
2013/12/28-13:44:22	49	1,580.801	40.875	15	0	0	0	1	0	1	1	0	0	1	28
2013/12/28-13:45:09	49	1,580.801	40.875	14	0	0	14	0	0	0	1	0	0	1	60
2013/12/28-13:56:56	45	1,588.994	39.642	3	0	0	2	0	0	0	1	1	0	0	26
2013/12/28-13:57:41	45	1,588.994	39.642	3	0	0	0	1	0	0	1	1	0	0	7
2013/12/28-13:58:06	45	1,588.994	39.642	6	0	0	0	2	0	0	1	1	0	0	11
2013/12/28-13:58:36	45	1,588.994	39.642	19	0	0	5	1	0	0	1	1	0	0	43
2013/12/28-13:59:38	45	1,588.994	39.642	1	0	0	0	0	0	1	1	0	0	1	3
2013/12/28-16:07:11	45	1,593.239	43.116	1	0	0	0	0	0	1	1	0	0	1	3
2013/12/28-16:08:05	45	1,593.239	43.116	5	0	1	0	1	0	0	1	0	0	1	9
2013/12/28-16:08:33	45	1,593.239	43.116	8	0	1	0	1	0	0	1	0	0	1	27
2013/12/28-16:09:19	45	1,593.239	43.116	5	0	1	3	1	0	0	1	0	0	1	19
2013/12/28-16:09:57	45	1,593.239	43.116	1	0	0	0	0	0	1	1	0	0	1	3
2013/12/28-16:18:59	45	1,593.239	43.116	1	0	0	0	1	0	1	1	0	0	1	3
2013/12/28-16:19:21	45	1,593.239	43.116	9	0	0	0	1	0	0	1	1	0	0	22
2013/12/28-16:20:02	45	1,593.239	43.116	1	0	0	0	0	0	1	1	0	0	1	3
2013/12/28-16:20:26	45	1,593.239	43.116	5	0	0	7	0	0	0	1	1	0	0	24
2013/12/28-16:21:09	45	1,593.239	43.116	1	0	0	0	0	0	1	1	0	0	1	3
2013/12/28-16:39:34	45	1,582.746	41.064	20	0	0	5	1	0	0	1	1	0	0	46
2013/12/28-16:40:39	45	1,582.746	41.064	1	0	0	0	0	0	1	1	0	0	1	3
2013/12/28-16:41:37	45	1,582.746	41.064	2	0	0	0	0	0	0	1	1	0	0	7
2013/12/28-16:42:03	45	1,582.746	41.064	21	0	0	8	0	0	0	1	1	0	0	60
2013/12/28-16:43:22	45	1,582.746	41.064	6	0	1	0	1	0	0	1	0	0	1	8
2013/12/28-21:49:42	46	1,594.703	53.957	17	0	0	3	0	0	0	1	0	0	1	60
2013/12/28-21:51:02	46	1,594.703	53.957	22	0	0	0	1	0	1	1	0	0	1	56
2013/12/28-21:52:17	46	1,594.703	53.957	1	0	0	0	0	0	1	1	0	0	1	3
2013/12/28-21:52:41	46	1,594.703	53.957	6	0	0	4	0	0	1	1	0	0	1	18
2013/12/28-21:53:17	46	1,594.703	53.957	29	0	0	0	0	0	0	1	0	0	1	60
2013/12/29-00:14:07	45	1,598.337	54.779	20	0	0	4	1	0	0	1	1	0	0	56
2013/12/29-00:15:21	45	1,598.337	54.779	7	0	1	0	0	0	0	1	0	0	1	17
2013/12/29-00:16:40	45	1,599.669	53.98	6	0	0	0	0	0	1	1	0	0	1	11
2013/12/29-00:17:10	45	1,599.669	53.98	1	0	0	0	0	0	1	1	0	0	1	3
2013/12/29-00:17:35	45	1,599.669	53.98	0	0	1	0	0	0	0	1	0	0	1	4
2013/12/29-00:33:16	45	1,599.669	53.98	4	0	1	4	0	0	0	1	0	0	1	14
2013/12/29-00:33:49	45	1,599.669	53.98	9	0	0	1	1	0	0	1	1	0	0	32
2013/12/29-00:34:40	45	1,599.669	53.98	1	0	0	0	2	0	1	1	1	0	0	3
2013/12/29-00:35:01	45	1,599.669	53.98	4	0	1	0	0	0	0	1	0	0	1	12
2013/12/29-00:36:20	45	1,599.669	53.98	9	0	0	0	0	0	1	1	0	0	1	18
2013/12/29-00:49:14	45	1,599.669	53.98	11	0	1	3	0	0	0	1	0	0	1	30
2013/12/29-00:50:17	45	1,599.669	53.98	0	0	1	0	0	0	0	1	0	0	1	3
2013/12/29-00:51:36	45	1,599.669	53.98	2	0	0	0	1	0	0	1	1	0	0	8
2013/12/29-00:52:03	43	1,604.878	49.727	13	0	0	2	0	0	0	1	0	0	1	60
2013/12/29-00:53:22	43	1,604.878	49.727	19	0	0	0	1	0	1	1	0	0	1	30
2013/12/29-05:52:09	42	1,607.508	59.354	3	0	0	0	0	0	0	1	1	0	0	7
2013/12/29-05:52:35	42	1,607.508	59.354	1	0	0	0	0	0	1	1	0	0	1	3
2013/12/29-05:53:07	42	1,607.508	59.354	0	0	1	0	0	0	0	1	0	0	1	3
2013/12/29-05:53:35	42	1,607.508	59.354	0	0	1	0	0	0	0	1	0	0	1	11
2013/12/29-05:54:44	42	1,607.508	59.354	15	0	0	5	0	0	0	1	1	0	0	39
2013/12/29-06:09:35	43	1,603.391	56.444	1	0	1	0	1	0	0	1	0	0	1	3
2013/12/29-06:10:01	43	1,603.391	56.444	12	0	0	4	1	0	0	1	1	0	0	27
2013/12/29-06:10:47	43	1,603.391	56.444	1	0	1	0	0	0	0	1	0	0	1	4
2013/12/29-06:11:19	43	1,603.391	56.444	12	0	0	4	0	0	1	1	0	0	1	30
2013/12/29-06:12:08	43	1,603.391	56.444	7	0	0	0	2	0	0	1	1	0	0	20
2013/12/29-06:26:25	43	1,603.391	56.444	7	0	1	4	0	0	0	1	0	0	1	29
2013/12/29-06:27:13	43	1,603.391	56.444	9	0	0	2	0	0	0	1	1	0	0	37
2013/12/29-06:28:09	43	1,603.391	56.444	1	0	0	0	0	0	1	1	0	0	1	3
2013/12/29-06:28:32	43	1,603.391	56.444	4	0	1	0	0	0	0	1	0	0	1	10
2013/12/29-06:29:02	43	1,603.391	56.444	19	0	0	5	2	0	0	1	1	0	0	60
2013/12/29-09:37:01	42	1,609.136	58.962	17	0	0	5	0	0	1	1	0	0	1	41
2013/12/29-09:38:07	42	1,609.136	58.962	20	0	0	3	0	0	1	1	0	0	1	54
2013/12/29-09:39:17	42	1,609.136	58.962	3	0	1	4	0	0	0	1	0	0	1	34
2013/12/29-09:40:09	42	1,609.136	58.962	6	0	0	2	1	0	1	1	0	0	1	18
2013/12/29-09:40:45	42	1,609.136	58.962	6	0	1	3	0	0	0	1	0	0	1	21
2013/12/29-09:54:31	42	1,618.025	56.598	7	0	0	2	1	0	0	1	1	0	0	27
2013/12/29-09:55:16	42	1,618.025	56.598	15	0	0	2	0	0	1	1	0	0	1	47
2013/12/29-09:56:22	42	1,618.025	56.598	6	0	0	4	0	0	1	1	0	0	1	48
2013/12/29-09:57:29	42	1,618.025	56.598	6	0	0	2	1	0	0	1	1	0	0	18
2013/12/29-09:58:06	42	1,618.025	56.598	11	0	0	5	1	0	0	1	1	0	0	53
2013/12/29-10:16:05	42	1,618.025	56.598	1	0	0	0	0	0	1	1	0	0	1	6
2013/12/29-10:16:42	42	1,618.025	56.598	7	0	0	1	2	0	1	1	0	0	1	15
2013/12/29-10:17:17	42	1,618.025	56.598	5	0	1	2	0	0	0	1	0	0	1	18
2013/12/29-10:17:55	42	1,618.025	56.598	4	0	0	1	0	0	1	1	0	0	1	17
2013/12/29-10:18:38	42	1,618.025	56.598	12	0	0	3	0	0	0	1	1	0	0	60
2013/12/29-10:30:12	42	1,605.203	52.457	16	0	1	2	0	0	0	1	0	0	1	39
2013/12/29-10:31:10	42	1,605.203	52.457	10	0	1	3	0	0	0	1	0	0	1	19
2013/12/29-10:31:48	42	1,605.203	52.457	16	0	0	1	0	0	0	1	1	0	0	60
2013/12/29-10:33:07	42	1,605.203	52.457	5	0	1	2	0	0	0	1	0	0	1	23
2013/12/29-10:33:49	42	1,605.203	52.457	10	0	0	2	0	0	1	1	0	0	1	44
2013/12/29-10:57:52	42	1,614.796	51.053	6	0	1	2	0	0	0	1	0	0	1	12
2013/12/29-10:58:28	42	1,614.796	51.053	4	0	1	0	0	0	0	1	0	0	1	10
2013/12/29-10:59:08	42	1,614.796	51.053	10	0	0	3	1	0	1	1	0	0	1	29
2013/12/29-10:59:56	42	1,614.796	51.053	8	0	0	3	0	0	0	1	1	0	0	37
2013/12/29-11:00:51	42	1,614.796	51.053	8	0	0	3	0	0	0	1	1	0	0	52
2013/12/29-11:12:28	42	1,614.796	51.053	7	0	0	2	0	0	0	1	0	0	1	60
2013/12/29-11:13:47	42	1,614.796	51.053	3	0	0	0	0	0	1	1	0	0	1	5
2013/12/29-11:14:22	42	1,614.796	51.053	2	0	1	0	0	0	0	1	0	0	1	7
2013/12/29-11:15:01	42	1,614.796	51.053	7	0	0	2	1	0	0	1	1	0	0	21
2013/12/29-11:15:41	42	1,614.796	51.053	14	0	1	1	0	0	0	1	0	0	1	53
2013/12/29-11:25:47	42	1,614.796	51.053	8	0	1	2	0	0	0	1	0	0	1	29
2013/12/29-11:26:41	42	1,614.796	51.053	7	0	0	1	1	0	1	1	0	0	1	18
2013/12/29-11:27:17	42	1,614.796	51.053	25	0	0	2	0	0	0	1	1	0	0	60
2013/12/29-11:28:35	42	1,614.796	51.053	9	0	1	1	0	0	0	1	0	0	1	33
2013/12/29-11:29:27	42	1,614.796	51.053	21	0	0	1	0	0	0	1	0	0	1	60
2013/12/29-11:49:02	38	1,635.887	46.9	7	0	1	1	0	0	0	1	0	0	1	30
2013/12/29-11:50:37	38	1,635.887	46.9	9	0	0	4	1	0	1	1	0	0	1	33
2013/12/29-11:51:27	38	1,635.887	46.9	20	0	0	3	1	0	0	1	1	0	0	60
2013/12/29-11:52:46	38	1,635.887	46.9	8	0	1	2	0	0	0	1	0	0	1	18
2013/12/29-11:53:43	38	1,635.887	46.9	11	0	1	4	0	0	0	1	0	0	1	49
2013/12/29-12:07:24	38	1,635.887	46.9	5	0	1	2	0	0	0	1	0	0	1	20
2013/12/29-12:08:04	37	1,646.959	45.387	4	0	0	0	0	0	1	1	0	0	1	19
2013/12/29-12:08:45	37	1,646.959	45.387	23	0	0	4	0	0	1	1	0	0	1	56
2013/12/29-12:10:01	37	1,646.959	45.387	3	0	0	1	0	0	1	1	0	0	1	12
2013/12/29-12:10:40	37	1,646.959	45.387	3	0	1	2	0	0	0	1	0	0	1	9
2013/12/29-12:20:12	37	1,646.959	45.387	9	0	0	3	0	0	1	1	0	0	1	37
2013/12/29-12:21:17	37	1,646.959	45.387	5	0	0	3	1	0	0	1	1	0	0	24
2013/12/29-12:22:00	37	1,646.959	45.387	11	0	0	4	1	0	0	1	1	0	0	34
2013/12/29-12:22:53	37	1,646.959	45.387	6	0	0	2	0	0	1	1	0	0	1	34
2013/12/29-12:23:46	37	1,646.959	45.387	3	0	0	1	0	0	1	1	0	0	1	11
2013/12/29-12:43:11	37	1,646.959	45.387	11	0	0	2	1	0	1	1	1	0	0	25
2013/12/29-12:43:54	37	1,646.959	45.387	9	0	0	4	0	0	1	1	0	0	1	28
2013/12/29-12:44:42	37	1,641.929	43.315	3	0	0	2	0	0	0	1	1	0	0	17
2013/12/29-12:45:18	37	1,641.929	43.315	15	0	0	1	1	0	0	1	1	0	0	42
2013/12/29-12:46:19	37	1,641.929	43.315	13	0	0	2	0	0	1	1	0	0	1	39
2013/12/29-12:59:09	37	1,641.929	43.315	6	0	0	1	0	0	1	1	0	0	1	18
2013/12/29-13:00:08	37	1,641.929	43.315	2	0	1	1	0	0	0	1	0	0	1	15
2013/12/29-13:00:54	37	1,641.929	43.315	3	0	0	0	1	0	1	1	0	0	1	6
2013/12/29-13:02:01	37	1,641.929	43.315	10	0	1	1	0	0	0	1	0	0	1	26
2013/12/29-13:03:06	37	1,641.929	43.315	13	0	0	4	0	0	0	1	1	0	0	60
2013/12/29-13:14:08	37	1,641.929	43.315	12	0	0	1	0	0	0	1	1	0	0	38
2013/12/29-13:15:05	37	1,641.929	43.315	5	0	0	1	0	0	1	1	0	0	1	10
2013/12/29-13:15:33	37	1,641.929	43.315	21	0	0	2	0	0	0	1	1	0	0	55
2013/12/29-13:16:47	37	1,641.929	43.315	12	0	0	1	0	0	0	1	1	0	0	35
2013/12/29-13:17:41	37	1,641.929	43.315	13	0	0	2	0	0	0	1	1	0	0	39
2013/12/29-13:29:43	33	1,655.602	41.106	8	0	1	2	0	0	0	1	0	0	1	21
2013/12/29-13:30:57	33	1,655.602	41.106	22	0	0	5	1	0	0	1	1	0	0	60
2013/12/29-13:32:16	33	1,655.602	41.106	23	0	0	4	0	0	0	1	0	0	1	60
2013/12/29-13:33:35	33	1,655.602	41.106	5	0	1	2	0	0	0	1	0	0	1	13
2013/12/29-13:34:26	33	1,655.602	41.106	9	0	1	1	0	0	0	1	0	0	1	28
2013/12/29-13:51:16	33	1,655.602	41.106	1	0	1	0	0	0	0	1	0	0	1	15
2013/12/29-13:52:11	33	1,655.602	41.106	5	0	0	1	1	0	0	1	1	0	0	15
2013/12/29-13:52:45	33	1,655.602	41.106	3	0	1	0	0	0	0	1	0	0	1	12
2013/12/29-13:53:25	33	1,655.602	41.106	18	0	0	2	0	0	0	1	0	0	1	60
2013/12/29-13:54:44	36	1,648.397	39.52	3	0	1	1	0	0	0	1	0	0	1	18
2013/12/29-14:05:25	36	1,648.397	39.52	15	0	0	3	0	0	1	1	0	0	1	45
2013/12/29-14:06:29	36	1,648.397	39.52	11	0	0	1	0	0	1	1	0	0	1	39
2013/12/29-14:07:35	36	1,648.397	39.52	2	0	1	0	0	0	0	1	0	0	1	4
2013/12/29-14:08:54	36	1,648.397	39.52	13	0	0	3	0	0	0	1	1	0	0	60
2013/12/29-14:10:13	36	1,648.397	39.52	3	0	1	4	0	0	0	1	0	0	1	23
2013/12/29-14:26:12	36	1,648.397	39.52	4	0	0	1	0	0	1	1	0	0	1	15
2013/12/29-14:26:46	36	1,648.397	39.52	16	0	1	2	0	0	0	1	0	0	1	53
2013/12/29-14:27:58	36	1,648.397	39.52	16	0	0	3	1	0	0	1	1	0	0	60
2013/12/29-14:29:17	36	1,648.397	39.52	11	0	0	5	1	0	1	1	0	0	1	41
2013/12/29-14:30:17	36	1,648.397	39.52	15	0	0	1	0	0	0	1	1	0	0	60
2013/12/29-14:43:26	37	1,643.892	38.141	19	0	0	3	1	0	0	1	1	0	0	60
2013/12/29-14:44:45	37	1,643.892	38.141	15	0	0	2	1	0	0	1	1	0	0	38
2013/12/29-14:45:42	37	1,643.892	38.141	3	0	1	0	0	0	0	1	0	0	1	19
2013/12/29-14:46:40	37	1,643.892	38.141	5	0	0	2	1	0	0	1	1	0	0	27
2013/12/29-14:47:25	37	1,643.892	38.141	8	0	0	2	0	0	1	1	0	0	1	24
2013/12/29-16:15:16	37	1,649.728	37.672	22	0	0	10	0	0	1	1	0	0	1	76
2013/12/29-16:16:46	37	1,649.728	37.672	14	0	0	3	0	0	1	1	0	0	1	34
2013/12/29-22:03:39	35	1,649.728	46.722	11	0	0	4	1	0	0	1	1	0	0	53
2013/12/29-22:04:52	35	1,649.728	46.722	22	0	0	3	1	0	0	1	1	0	0	60
2013/12/29-22:06:11	35	1,649.728	46.722	12	0	0	3	1	0	0	1	1	0	0	49
2013/12/29-22:07:18	35	1,649.728	46.722	21	0	0	3	1	0	0	1	0	0	1	60
2013/12/29-22:08:37	35	1,649.728	46.722	17	0	0	1	1	0	0	1	1	0	0	50
2013/12/29-22:36:16	31	1,670.808	45.53	6	0	0	4	0	0	1	1	0	0	1	18
2013/12/29-22:36:53	31	1,670.808	45.53	18	0	0	1	1	0	1	1	0	0	1	53
2013/12/29-22:38:05	31	1,670.808	45.53	12	0	0	4	0	0	0	1	1	0	0	46
2013/12/29-22:39:10	31	1,670.808	45.53	4	0	1	0	0	0	0	1	0	0	1	17
2013/12/29-22:39:51	31	1,670.808	45.53	6	0	0	1	0	0	0	1	1	0	0	19
2013/12/29-22:58:07	31	1,670.808	45.53	3	0	1	2	0	0	0	1	0	0	1	30
2013/12/29-22:58:56	31	1,670.808	45.53	14	0	0	3	1	0	0	1	1	0	0	60
2013/12/29-23:00:15	31	1,670.808	45.53	18	0	0	5	1	0	0	1	1	0	0	60
2013/12/29-23:01:34	31	1,670.808	45.53	12	0	0	3	1	0	0	1	1	0	0	60
2013/12/29-23:02:53	31	1,670.808	45.53	8	0	0	4	0	0	0	1	1	0	0	40
2013/12/30-00:16:16	22	1,695.262	45.052	13	0	0	2	0	0	0	1	1	0	0	38
2013/12/30-00:17:13	22	1,695.262	45.052	1	0	1	0	0	0	0	1	0	0	1	18
2013/12/30-00:18:12	22	1,695.262	45.052	9	0	1	2	1	0	0	1	0	0	1	17
2013/12/30-00:18:51	22	1,695.262	45.052	6	0	1	1	0	0	0	1	0	0	1	15
2013/12/30-00:19:45	22	1,695.262	45.052	14	0	0	3	1	0	0	1	1	0	0	60
2013/12/30-00:56:04	23	1,689.993	43.944	13	0	0	7	0	0	1	1	0	0	1	52
2013/12/30-00:57:15	23	1,689.993	43.944	17	0	1	1	0	0	0	1	0	0	1	45
2013/12/30-00:58:35	23	1,689.993	43.944	5	0	0	2	1	0	1	1	0	0	1	17
2013/12/30-00:59:43	23	1,689.993	43.944	20	0	1	3	1	0	0	1	0	0	1	55
2013/12/30-01:01:02	23	1,689.993	43.944	13	0	0	4	1	0	0	1	1	0	0	60
2013/12/30-01:13:35	23	1,689.993	43.944	3	0	1	0	0	0	0	1	0	0	1	5
2013/12/30-01:14:19	23	1,689.993	43.944	6	0	0	0	0	0	0	1	1	0	0	31
2013/12/30-01:15:09	23	1,689.993	43.944	3	0	1	0	0	0	0	1	0	0	1	11
2013/12/30-01:16:24	23	1,689.993	43.944	23	0	0	2	0	0	0	1	0	0	1	60
2013/12/30-01:17:43	23	1,689.993	43.944	8	0	0	5	0	0	0	1	1	0	0	60
2013/12/30-09:56:23	23	1,692.023	60.811	3	0	1	1	0	0	0	1	0	0	1	13
2013/12/30-09:56:59	23	1,692.023	60.811	6	0	0	1	1	0	1	1	0	0	1	20
2013/12/30-09:58:08	23	1,692.023	60.811	5	0	1	1	0	0	0	1	0	0	1	14
2013/12/30-09:58:45	23	1,692.023	60.811	11	0	0	2	0	0	0	1	1	0	0	40
2013/12/30-09:59:44	23	1,692.023	60.811	5	0	0	4	0	0	1	1	0	0	1	19
2013/12/30-10:21:39	35	1,656.034	58.358	21	0	0	1	1	0	0	1	1	0	0	60
2013/12/30-10:22:58	35	1,656.034	58.358	14	0	0	4	1	0	0	1	1	0	0	60
2013/12/30-10:24:17	35	1,656.034	58.358	8	0	0	2	1	0	0	1	1	0	0	27
2013/12/30-10:25:03	35	1,656.034	58.358	12	0	0	1	1	0	0	1	1	0	0	31
2013/12/30-10:25:53	35	1,656.034	58.358	16	0	0	3	1	0	0	1	1	0	0	57
2013/12/30-10:40:43	35	1,656.034	58.358	7	0	0	3	0	0	1	1	0	0	1	17
2013/12/30-10:41:25	35	1,656.034	58.358	11	0	0	2	0	0	0	1	1	0	0	28
2013/12/30-10:42:12	35	1,656.034	58.358	12	0	0	4	0	0	1	1	0	0	1	32
2013/12/30-10:43:07	35	1,656.034	58.358	13	0	0	4	1	0	0	1	1	0	0	49
2013/12/30-10:44:14	35	1,656.034	58.358	9	0	0	2	0	0	1	1	0	0	1	28
2013/12/30-15:08:55	29	1,667.266	62.886	10	0	0	1	0	0	0	1	1	0	0	60
2013/12/30-15:10:15	29	1,667.266	62.886	21	0	0	3	0	0	0	1	1	0	0	60
2013/12/30-15:11:33	29	1,667.266	62.886	6	0	0	1	1	0	0	1	1	0	0	19
2013/12/30-15:12:11	29	1,667.266	62.886	11	0	0	3	1	0	0	1	1	0	0	44
2013/12/30-15:13:14	29	1,667.266	62.886	11	0	0	3	0	0	0	1	1	0	0	60
2013/12/30-15:30:09	29	1,667.266	62.886	7	0	0	1	0	0	1	1	0	0	1	16
2013/12/30-15:31:01	29	1,667.266	62.886	3	0	0	1	0	0	1	1	0	0	1	12
2013/12/30-15:32:19	29	1,667.266	62.886	0	0	1	0	0	0	0	1	0	0	1	7
2013/12/30-15:33:01	29	1,667.266	62.886	10	0	1	1	0	0	0	1	0	0	1	26
2013/12/30-15:33:53	29	1,667.266	62.886	3	0	1	1	0	0	0	1	0	0	1	35
2013/12/30-15:43:48	34	1,651.776	58.049	7	0	1	1	0	0	0	1	0	0	1	23
2013/12/30-15:44:53	34	1,651.776	58.049	6	0	0	1	0	0	1	1	0	0	1	23
2013/12/30-15:46:06	34	1,651.776	58.049	15	0	1	2	0	0	0	1	0	0	1	51
2013/12/30-15:47:25	34	1,651.776	58.049	3	0	0	2	0	0	1	1	0	0	1	16
2013/12/30-15:48:27	34	1,651.776	58.049	7	0	0	1	1	0	1	1	0	0	1	20
2013/12/30-17:13:00	41	1,617.712	56.97	13	0	0	1	0	0	0	1	1	0	0	42
2013/12/30-17:14:02	41	1,617.712	56.97	3	0	1	1	0	0	0	1	0	0	1	10
2013/12/30-17:14:41	41	1,617.712	56.97	9	0	0	3	1	0	1	1	1	0	0	36
2013/12/30-17:15:37	41	1,617.712	56.97	17	0	0	1	1	0	0	1	1	0	0	48
2013/12/30-17:16:44	41	1,617.712	56.97	15	0	0	4	1	0	1	1	0	0	1	38
2013/12/30-17:42:51	41	1,617.712	56.97	18	0	0	4	0	0	0	1	1	0	0	60
2013/12/30-17:44:10	41	1,617.712	56.97	9	0	1	1	1	0	0	1	0	0	1	20
2013/12/30-17:45:18	41	1,617.712	56.97	24	0	0	2	0	0	1	1	0	0	1	57
2013/12/30-17:46:38	41	1,617.712	56.97	9	0	0	2	1	0	1	1	0	0	1	31
2013/12/30-17:47:32	41	1,617.712	56.97	9	0	0	1	0	0	0	1	1	0	0	38
2013/12/30-18:04:48	37	1,645.642	52.456	4	0	1	2	0	0	0	1	0	0	1	21
2013/12/30-18:05:28	37	1,645.642	52.456	10	0	1	3	1	0	0	1	0	0	1	28
2013/12/30-18:06:15	37	1,645.642	52.456	3	0	0	3	0	0	1	1	0	0	1	30
2013/12/30-18:07:05	37	1,645.642	52.456	5	0	0	0	0	0	1	1	0	0	1	8
2013/12/30-18:07:59	37	1,645.642	52.456	20	0	0	3	2	0	0	1	1	0	0	53
2013/12/30-20:50:41	37	1,647.922	55.454	4	0	0	1	0	0	0	1	1	0	0	9
2013/12/30-20:51:10	37	1,647.922	55.454	25	0	0	2	0	0	0	1	0	0	1	60
2013/12/30-20:52:29	37	1,647.922	55.454	16	0	1	2	0	0	0	1	0	0	1	34
2013/12/30-20:53:22	37	1,647.922	55.454	10	0	0	4	0	0	1	1	0	0	1	31
2013/12/30-20:54:12	37	1,647.922	55.454	7	0	0	2	1	0	0	1	1	0	0	22
2013/12/30-21:24:47	33	1,658.451	54.262	4	0	0	0	0	0	1	1	0	0	1	12
2013/12/30-21:26:06	33	1,658.451	54.262	10	0	0	4	0	0	0	1	0	0	1	60
2013/12/30-21:27:25	33	1,658.451	54.262	5	0	1	1	0	0	0	1	0	0	1	21
2013/12/30-21:28:44	33	1,658.451	54.262	3	0	1	2	0	0	0	1	0	0	1	33
2013/12/30-21:29:36	33	1,658.451	54.262	11	0	0	2	0	0	0	1	1	0	0	53
2013/12/30-21:37:24	33	1,658.451	54.262	14	0	0	2	0	0	0	1	0	0	1	60
2013/12/30-21:38:43	33	1,658.451	54.262	17	0	0	4	0	0	0	1	0	0	1	60
2013/12/30-21:40:03	33	1,658.451	54.262	17	0	0	1	1	0	0	1	1	0	0	60
2013/12/30-21:41:22	33	1,658.451	54.262	20	0	0	3	1	0	0	1	1	0	0	60
2013/12/30-21:42:41	33	1,658.451	54.262	11	0	0	1	0	0	1	1	0	0	1	33
2013/12/30-23:26:16	30	1,667.302	50.662	1	0	0	0	0	0	1	1	0	0	1	3
2013/12/30-23:26:34	30	1,667.302	50.662	8	0	0	4	0	0	1	1	0	0	1	54
2013/12/30-23:27:38	30	1,667.302	50.662	5	0	0	0	0	0	1	1	0	0	1	10
2013/12/30-23:27:58	30	1,667.302	50.662	2	0	0	0	0	0	1	1	0	0	1	11
2013/12/30-23:28:39	30	1,667.302	50.662	0	0	1	7	0	0	0	1	0	0	1	83
2013/12/30-23:30:24	30	1,667.302	50.662	1	0	1	0	0	0	0	1	0	0	1	7
2013/12/30-23:31:00	30	1,667.302	50.662	2	0	1	1	0	0	0	1	0	0	1	14
2013/12/30-23:40:14	30	1,667.302	50.662	5	0	0	0	0	0	0	1	1	0	0	12
2013/12/30-23:40:45	30	1,667.302	50.662	4	0	0	0	1	0	0	1	1	0	0	10
2013/12/30-23:41:13	30	1,667.302	50.662	1	0	0	0	3	0	1	1	1	0	0	3
2013/12/30-23:41:35	30	1,667.302	50.662	2	0	0	0	3	0	0	1	1	0	0	6
2013/12/30-23:41:59	30	1,667.302	50.662	15	0	0	8	1	0	0	1	1	0	0	58
2013/12/30-23:43:16	30	1,667.302	50.662	9	0	0	2	1	0	0	1	1	0	0	20
2013/12/30-23:43:55	30	1,667.302	50.662	4	0	0	1	3	0	1	1	1	0	0	6
2013/12/31-00:07:19	33	1,662.917	47.533	6	0	0	1	0	0	1	1	0	0	1	13
2013/12/31-00:07:51	33	1,662.917	47.533	3	0	0	1	0	0	1	1	0	0	1	9
2013/12/31-00:08:19	33	1,662.917	47.533	7	0	0	2	0	0	0	1	1	0	0	80
2013/12/31-00:09:58	33	1,662.917	47.533	1	0	0	0	0	0	1	1	0	0	1	3
2013/12/31-00:10:20	33	1,662.917	47.533	1	0	1	0	0	0	0	1	0	0	1	11
2013/12/31-00:10:54	33	1,662.917	47.533	2	0	1	15	0	0	0	1	0	0	1	21
2013/12/31-00:12:11	33	1,662.917	47.533	19	0	1	2	0	0	0	1	0	0	1	67
2013/12/31-00:26:04	33	1,662.917	47.533	4	0	0	2	3	0	1	1	1	0	0	5
2013/12/31-00:26:28	33	1,662.917	47.533	1	0	0	0	3	0	1	1	1	0	0	3
2013/12/31-00:26:49	33	1,662.917	47.533	1	0	0	0	0	0	1	1	0	0	1	3
2013/12/31-00:27:26	33	1,662.917	47.533	5	0	0	0	1	0	1	1	0	0	1	9
2013/12/31-00:27:54	33	1,662.917	47.533	13	0	0	9	0	0	0	1	1	0	0	48
2013/12/31-00:29:01	37	1,641.411	45.335	5	0	1	0	0	0	0	1	0	0	1	9
2013/12/31-00:29:28	37	1,641.411	45.335	5	0	1	1	0	0	0	1	0	0	1	25
2013/12/31-01:10:12	37	1,641.411	45.335	6	0	0	0	1	0	0	1	1	0	0	10
2013/12/31-01:10:41	37	1,640.459	45.401	0	0	0	4	0	0	0	1	1	0	0	4
2013/12/31-01:11:04	37	1,640.459	45.401	15	0	0	7	0	0	0	1	1	0	0	90
2013/12/31-01:12:53	37	1,640.459	45.401	4	0	1	1	0	0	0	1	0	0	1	34
2013/12/31-01:13:45	37	1,640.459	45.401	12	0	1	6	0	0	0	1	0	0	1	49
2013/12/31-01:14:53	37	1,640.459	45.401	1	0	1	0	0	0	0	1	0	0	1	10
2013/12/31-01:15:21	37	1,640.459	45.401	4	0	0	0	1	0	0	1	1	0	0	29
2013/12/31-01:29:13	37	1,640.459	45.401	20	0	0	10	0	0	1	1	0	0	1	66
2013/12/31-01:30:38	37	1,640.459	45.401	4	0	0	0	0	0	1	1	0	0	1	14
2013/12/31-01:31:12	37	1,640.459	45.401	8	0	0	0	0	0	1	1	0	0	1	18
2013/12/31-01:31:49	37	1,640.459	45.401	1	0	0	1	1	0	1	1	0	0	1	3
2013/12/31-01:32:11	37	1,640.459	45.401	1	0	0	0	1	0	1	1	0	0	1	3
2013/12/31-01:32:39	37	1,640.459	45.401	4	0	0	3	0	0	0	1	1	0	0	31
2013/12/31-01:33:29	37	1,640.459	45.401	4	0	0	0	0	0	1	1	0	0	1	18
2013/12/31-01:34:12	37	1,640.459	45.401	1	0	0	0	0	0	1	1	0	0	1	5
2013/12/31-01:34:42	37	1,640.459	45.401	2	0	0	0	0	0	0	1	1	0	0	60
2013/12/31-01:36:01	37	1,640.459	45.401	2	0	0	0	0	0	0	1	1	0	0	6
2013/12/31-01:36:26	37	1,640.459	45.401	6	0	0	0	0	0	1	1	0	0	1	17
2013/12/31-01:37:01	37	1,640.459	45.401	3	0	0	0	1	0	0	1	1	0	0	8
2013/12/31-01:37:28	37	1,640.459	45.401	3	0	0	0	0	0	0	1	1	0	0	14
2013/12/31-01:38:01	37	1,640.459	45.401	15	0	1	3	0	0	0	1	0	0	1	46
2013/12/31-02:01:35	37	1,647.476	42.074	1	0	0	0	1	0	1	1	0	0	1	3
2013/12/31-02:01:56	37	1,647.476	42.074	17	0	0	0	0	0	0	1	0	0	1	60
2013/12/31-02:03:15	37	1,647.476	42.074	12	0	0	3	0	0	1	1	0	0	1	55
2013/12/31-02:04:29	37	1,647.476	42.074	0	0	1	15	0	0	0	1	0	0	1	26
2013/12/31-02:05:14	37	1,647.476	42.074	11	0	0	1	0	0	1	1	0	0	1	31
2013/12/31-02:06:03	37	1,647.476	42.074	3	0	0	0	0	0	1	1	0	0	1	22
2013/12/31-02:06:44	37	1,647.476	42.074	10	0	0	1	0	0	0	1	1	0	0	46
2013/12/31-02:13:30	37	1,647.476	42.074	0	0	1	0	0	0	0	1	0	0	1	3
2013/12/31-02:13:59	37	1,647.476	42.074	1	0	0	1	0	0	1	1	0	0	1	3
2013/12/31-02:14:21	37	1,647.476	42.074	1	0	1	0	0	0	0	1	0	0	1	4
2013/12/31-02:15:06	37	1,647.476	42.074	0	0	1	0	0	0	0	1	0	0	1	3
2013/12/31-02:15:33	37	1,647.476	42.074	16	0	0	11	3	0	0	1	1	0	0	65
2013/12/31-02:16:58	37	1,647.476	42.074	7	0	1	2	1	0	0	1	0	0	1	26
2013/12/31-02:17:45	37	1,647.476	42.074	11	0	0	0	0	0	0	1	1	0	0	27
2013/12/31-02:30:47	37	1,647.476	42.074	13	0	0	3	0	0	1	1	0	0	1	33
2013/12/31-02:31:38	37	1,647.476	42.074	16	0	0	20	1	0	1	1	0	0	1	27
2013/12/31-02:32:24	37	1,648.598	39.564	4	0	1	0	0	0	0	1	0	0	1	16
2013/12/31-02:33:43	37	1,648.598	39.564	1	0	1	1	0	0	0	1	0	0	1	11
2013/12/31-02:34:56	37	1,648.598	39.564	10	0	0	0	0	0	1	1	0	0	1	27
2013/12/31-02:35:55	37	1,648.598	39.564	3	0	0	0	0	0	1	1	0	0	1	9
2013/12/31-02:36:41	37	1,648.598	39.564	2	0	1	0	0	0	0	1	0	0	1	9
2013/12/31-02:52:05	37	1,648.598	39.564	9	0	0	0	2	0	1	1	1	0	0	17
2013/12/31-02:52:41	37	1,648.598	39.564	2	0	1	0	0	0	0	1	0	0	1	10
2013/12/31-02:53:09	37	1,648.598	39.564	3	0	1	0	0	0	0	1	0	0	1	16
2013/12/31-02:53:44	37	1,648.598	39.564	3	0	0	0	0	0	1	1	0	0	1	22
2013/12/31-02:54:24	37	1,648.598	39.564	5	0	0	2	0	0	1	1	0	0	1	24
2013/12/31-02:55:07	37	1,648.598	39.564	0	0	1	13	0	0	0	1	0	0	1	23
2013/12/31-02:55:48	37	1,648.598	39.564	1	0	0	0	1	0	1	1	0	0	1	3
2013/12/31-03:00:45	37	1,648.598	39.564	9	0	0	5	0	0	0	1	1	0	0	37
2013/12/31-03:01:40	37	1,648.598	39.564	3	0	0	0	0	0	1	1	0	0	1	9
2013/12/31-03:02:37	37	1,648.598	39.564	1	0	0	0	0	0	1	1	0	0	1	3
2013/12/31-03:03:18	37	1,648.598	39.564	5	0	0	0	0	0	1	1	0	0	1	12
2013/12/31-03:03:53	37	1,648.598	39.564	7	0	0	0	0	0	1	1	0	0	1	16
2013/12/31-03:04:28	37	1,648.598	39.564	2	0	1	1	0	0	0	1	0	0	1	6
2013/12/31-03:04:55	37	1,648.598	39.564	13	0	0	3	1	0	1	1	0	0	1	36
2013/12/31-03:18:37	37	1,647.098	37.169	1	0	1	0	0	0	0	1	0	0	1	5
2013/12/31-03:20:23	37	1,647.098	37.169	8	0	0	0	0	0	1	1	0	0	1	18
2013/12/31-03:21:00	37	1,647.098	37.169	15	0	0	0	0	0	0	1	1	0	0	27
2013/12/31-03:21:46	37	1,647.098	37.169	14	0	0	8	0	0	1	1	0	0	1	79
2013/12/31-03:23:24	37	1,647.098	37.169	6	0	0	0	1	0	0	1	1	0	0	19
2013/12/31-03:24:02	37	1,647.098	37.169	1	0	0	0	0	0	1	1	0	0	1	3
2013/12/31-03:25:51	37	1,647.098	37.169	2	0	1	1	1	0	0	1	0	0	1	9
2013/12/31-03:40:46	37	1,647.098	37.169	17	0	0	0	0	0	0	1	0	0	1	60
2013/12/31-03:42:05	37	1,647.098	37.169	0	0	0	0	0	0	0	1	1	0	0	5
2013/12/31-03:42:29	37	1,647.098	37.169	1	0	0	0	0	0	0	1	1	0	0	5
2013/12/31-03:42:52	37	1,647.098	37.169	3	0	1	0	0	0	0	1	0	0	1	14
2013/12/31-03:43:26	37	1,647.098	37.169	4	0	0	0	0	0	1	1	0	0	1	33
2013/12/31-03:44:17	37	1,647.098	37.169	0	0	1	13	0	0	0	1	0	0	1	32
2013/12/31-03:45:07	37	1,647.098	37.169	7	0	0	2	0	0	1	1	0	0	1	22
2013/12/31-03:50:46	37	1,647.098	37.169	2	0	1	0	0	0	0	1	0	0	1	5
2013/12/31-03:51:28	37	1,647.098	37.169	1	0	0	0	0	0	1	1	0	0	1	3
2013/12/31-03:51:49	37	1,647.098	37.169	2	0	0	1	1	0	1	1	0	0	1	4
2013/12/31-03:52:12	37	1,647.098	37.169	11	0	0	0	0	0	1	1	0	0	1	39
2013/12/31-03:53:10	37	1,647.098	37.169	7	0	0	2	0	0	1	1	0	0	1	23
2013/12/31-03:54:19	37	1,647.098	37.169	6	0	0	0	0	0	1	1	0	0	1	10
2013/12/31-03:54:49	37	1,647.098	37.169	3	0	1	0	0	0	0	1	0	0	1	9
2013/12/31-04:01:08	35	1,655.269	35.025	3	0	0	0	2	0	0	1	1	0	0	9
2013/12/31-04:01:37	35	1,655.269	35.025	5	0	0	1	0	0	0	1	1	0	0	21
2013/12/31-04:02:16	35	1,655.269	35.025	2	0	0	0	1	0	0	1	1	0	0	5
2013/12/31-04:02:40	35	1,655.269	35.025	3	0	0	0	1	0	1	1	0	0	1	8
2013/12/31-04:03:07	35	1,655.269	35.025	16	0	0	6	1	0	1	1	0	0	1	48
2013/12/31-04:04:14	35	1,655.269	35.025	1	0	0	1	0	0	0	1	1	0	0	5
2013/12/31-04:04:38	35	1,655.269	35.025	2	0	1	2	0	0	0	1	0	0	1	18
2013/12/31-04:27:08	35	1,655.269	35.025	0	0	0	18	0	0	0	1	1	0	0	30
2013/12/31-04:27:56	35	1,655.269	35.025	21	0	1	4	0	0	0	1	0	0	1	83
2013/12/31-04:29:38	35	1,655.269	35.025	1	0	0	0	1	0	1	1	0	0	1	3
2013/12/31-04:29:59	35	1,655.269	35.025	1	0	1	0	0	0	0	1	0	0	1	11
2013/12/31-04:30:29	35	1,655.269	35.025	3	0	1	2	0	0	0	1	0	0	1	34
2013/12/31-04:31:22	35	1,655.269	35.025	10	0	1	2	0	0	0	1	0	0	1	47
2013/12/31-04:32:27	35	1,655.269	35.025	16	0	0	0	0	0	0	1	0	0	1	60
2013/12/31-04:38:40	33	1,662.071	33.93	19	0	1	11	1	0	0	1	0	0	1	64
2013/12/31-04:40:03	33	1,662.071	33.93	1	0	0	0	0	0	1	1	0	0	1	3
2013/12/31-04:40:43	33	1,662.071	33.93	1	0	1	0	0	0	0	1	0	0	1	3
2013/12/31-04:41:11	33	1,662.071	33.93	16	0	0	0	0	0	1	1	0	0	1	27
2013/12/31-04:41:57	33	1,662.071	33.93	3	0	0	1	0	0	1	1	0	0	1	6
2013/12/31-04:42:22	33	1,662.071	33.93	11	0	1	2	0	0	0	1	0	0	1	26
2013/12/31-04:43:29	33	1,662.071	33.93	0	0	1	0	0	0	0	1	0	0	1	3
2013/12/31-04:51:07	33	1,662.071	33.93	11	0	0	0	1	0	1	1	0	0	1	20
2013/12/31-04:51:45	33	1,662.071	33.93	6	0	0	0	1	0	0	1	1	0	0	22
2013/12/31-04:52:26	33	1,662.071	33.93	0	0	1	0	0	0	0	1	0	0	1	6
2013/12/31-04:52:51	33	1,662.071	33.93	0	0	1	0	0	0	0	1	0	0	1	6
2013/12/31-04:53:19	33	1,662.071	33.93	1	0	1	0	0	0	0	1	0	0	1	6
2013/12/31-04:53:51	33	1,662.071	33.93	17	0	0	22	1	0	1	1	0	0	1	33
2013/12/31-04:54:42	33	1,662.071	33.93	4	0	0	7	0	0	0	1	1	0	0	22
2013/12/31-05:01:44	33	1,662.071	33.93	2	0	0	0	0	0	1	1	0	0	1	3
2013/12/31-05:02:10	33	1,662.071	33.93	2	0	0	0	0	0	1	1	0	0	1	10
2013/12/31-05:02:38	33	1,662.071	33.93	0	0	1	11	0	0	0	1	0	0	1	11
2013/12/31-05:03:14	33	1,662.071	33.93	20	0	0	2	0	0	1	1	0	0	1	51
2013/12/31-05:04:24	33	1,662.071	33.93	1	0	0	0	1	0	1	1	0	0	1	3
2013/12/31-05:04:45	33	1,662.071	33.93	1	0	1	0	0	0	0	1	0	0	1	7
2013/12/31-05:05:11	33	1,662.071	33.93	9	0	0	0	1	0	1	1	0	0	1	27
2013/12/31-05:19:40	34	1,658.21	32.108	15	0	0	10	1	0	0	1	1	0	0	56
2013/12/31-05:20:55	34	1,658.21	32.108	2	0	0	1	1	0	0	1	1	0	0	12
2013/12/31-05:21:26	34	1,658.21	32.108	2	0	0	2	2	0	1	1	0	0	1	3
2013/12/31-05:21:48	34	1,658.21	32.108	6	0	0	0	0	0	0	1	1	0	0	14
2013/12/31-05:22:20	34	1,658.21	32.108	3	0	1	0	1	0	0	1	1	0	0	9
2013/12/31-05:22:48	34	1,658.21	32.108	6	0	0	0	1	0	0	1	1	0	0	13
2013/12/31-05:23:19	34	1,658.21	32.108	1	0	0	0	3	0	1	1	1	0	0	3
2013/12/31-05:50:08	34	1,658.21	32.108	2	0	1	0	0	0	0	1	0	0	1	12
2013/12/31-05:50:59	34	1,658.21	32.108	3	0	0	0	0	0	0	1	1	0	0	13
2013/12/31-05:51:31	34	1,658.21	32.108	0	0	1	10	0	0	0	1	0	0	1	22
2013/12/31-05:53:01	34	1,658.21	32.108	6	0	1	1	0	0	0	1	0	0	1	20
2013/12/31-05:53:40	34	1,658.21	32.108	4	0	0	0	1	0	1	1	0	0	1	16
2013/12/31-05:54:14	34	1,658.21	32.108	10	0	1	4	1	0	0	1	0	0	1	41
2013/12/31-05:55:14	34	1,658.21	32.108	1	0	0	0	0	0	1	1	0	0	1	3
2013/12/31-06:22:58	33	1,662.692	31.717	6	0	0	2	1	0	1	1	0	0	1	13
2013/12/31-06:23:31	33	1,662.692	31.717	4	0	0	0	0	0	1	1	0	0	1	9
2013/12/31-06:23:59	33	1,662.692	31.717	1	0	0	0	0	0	1	1	0	0	1	3
2013/12/31-06:24:50	33	1,662.692	31.717	1	0	0	0	0	0	0	1	1	0	0	17
2013/12/31-06:25:26	33	1,662.692	31.717	8	0	1	1	0	0	0	1	0	0	1	28
2013/12/31-06:26:19	33	1,662.692	31.717	12	0	0	10	0	0	0	1	1	0	0	53
2013/12/31-06:27:31	33	1,662.692	31.717	6	0	1	0	0	0	0	1	0	0	1	15
2013/12/31-06:33:22	33	1,662.692	31.717	13	0	0	3	0	0	1	1	0	0	1	30
2013/12/31-06:34:11	33	1,662.692	31.717	2	0	1	0	0	0	0	1	0	0	1	6
2013/12/31-06:34:37	33	1,662.692	31.717	5	0	1	0	0	0	0	1	0	0	1	13
2013/12/31-06:35:19	31	1,666.665	31.242	0	0	1	0	0	0	0	1	0	0	1	4
2013/12/31-06:36:27	31	1,666.665	31.242	6	0	0	0	1	0	1	1	0	0	1	19
2013/12/31-06:37:05	31	1,666.665	31.242	2	0	0	0	0	0	1	1	0	0	1	12
2013/12/31-06:37:35	31	1,666.665	31.242	1	0	0	0	0	0	1	1	0	0	1	3
2013/12/31-06:38:42	31	1,666.665	31.242	1	0	0	0	1	0	0	1	1	0	0	4
2013/12/31-06:39:05	31	1,666.665	31.242	0	0	1	11	0	0	0	1	0	0	1	10
2013/12/31-06:39:34	31	1,666.665	31.242	2	0	1	0	0	0	0	1	0	0	1	10
2013/12/31-06:40:02	31	1,666.665	31.242	3	0	0	0	1	0	1	1	0	0	1	4
2013/12/31-06:40:25	31	1,666.665	31.242	2	0	0	0	0	0	1	1	0	0	1	9
2013/12/31-06:40:52	31	1,666.665	31.242	3	0	0	1	0	0	1	1	0	0	1	10
2013/12/31-06:41:21	31	1,666.665	31.242	4	0	0	1	0	0	1	1	0	0	1	16
2013/12/31-07:08:10	31	1,666.665	31.242	5	0	0	1	0	0	1	1	0	0	1	8
2013/12/31-07:08:37	31	1,666.665	31.242	1	0	0	0	1	0	1	1	0	0	1	3
2013/12/31-07:09:11	31	1,666.665	31.242	0	0	1	0	0	0	0	1	0	0	1	3
2013/12/31-07:09:40	31	1,666.665	31.242	11	0	0	21	2	0	0	1	1	0	0	23
2013/12/31-07:10:22	31	1,666.665	31.242	25	0	0	0	1	0	0	1	1	0	0	38
2013/12/31-07:11:18	31	1,666.665	31.242	14	0	0	3	0	0	0	1	1	0	0	63
2013/12/31-07:12:40	31	1,666.665	31.242	10	0	0	3	2	0	1	1	0	0	1	33
2013/12/31-07:20:08	31	1,673.36	30.202	4	0	0	0	1	0	1	1	0	0	1	11
2013/12/31-07:20:38	31	1,673.36	30.202	5	0	1	1	0	0	0	1	0	0	1	17
2013/12/31-07:21:16	31	1,673.36	30.202	5	0	1	4	0	0	0	1	1	0	0	23
2013/12/31-07:21:57	31	1,673.36	30.202	1	0	0	0	0	0	1	1	0	0	1	6
2013/12/31-07:22:24	31	1,673.36	30.202	4	0	0	3	0	0	1	1	0	0	1	15
2013/12/31-07:24:02	31	1,673.36	30.202	6	0	1	0	1	0	0	1	0	0	1	17
2013/12/31-07:24:44	31	1,673.36	30.202	9	0	0	0	0	0	1	1	0	0	1	21
2013/12/31-07:25:45	31	1,673.36	30.202	7	0	0	0	0	0	0	1	1	0	0	16
2013/12/31-07:26:20	31	1,673.36	30.202	0	0	1	12	0	0	0	1	0	0	1	8
2013/12/31-07:26:54	31	1,673.36	30.202	8	0	1	0	0	0	0	1	0	0	1	19
2013/12/31-07:27:29	31	1,673.36	30.202	1	0	0	0	0	0	1	1	0	0	1	3
2013/12/31-07:27:51	31	1,673.36	30.202	3	0	0	0	0	0	1	1	0	0	1	14
2013/12/31-07:28:27	31	1,673.36	30.202	5	0	0	2	0	0	1	1	0	0	1	20
2013/12/31-07:29:07	31	1,673.36	30.202	2	0	1	0	0	0	0	1	0	0	1	13
2013/12/31-07:57:24	31	1,673.36	30.202	2	0	0	0	2	0	0	1	1	0	0	9
2013/12/31-07:57:52	29	1,677.198	29.616	20	0	0	2	2	0	0	1	1	0	0	58
2013/12/31-07:59:07	29	1,677.198	29.616	1	0	0	0	1	0	1	1	0	0	1	3
2013/12/31-07:59:33	29	1,677.198	29.616	3	0	0	1	1	0	0	1	1	0	0	6
2013/12/31-07:59:59	29	1,677.198	29.616	22	0	0	16	1	0	1	1	0	0	1	75
2013/12/31-08:01:33	29	1,677.198	29.616	9	0	0	0	0	0	1	1	0	0	1	22
2013/12/31-08:02:14	29	1,677.198	29.616	1	0	0	0	0	0	1	1	0	0	1	3
2013/12/31-08:08:05	29	1,677.198	29.616	1	0	1	0	0	0	0	1	0	0	1	9
2013/12/31-08:08:55	29	1,677.198	29.616	9	0	1	0	0	0	0	1	0	0	1	29
2013/12/31-08:09:43	29	1,677.198	29.616	2	0	1	0	0	0	0	1	0	0	1	7
2013/12/31-08:10:20	29	1,677.198	29.616	5	0	1	0	1	0	0	1	0	0	1	12
2013/12/31-08:11:18	29	1,677.198	29.616	6	0	1	3	0	0	0	1	0	0	1	17
2013/12/31-08:12:02	29	1,677.198	29.616	0	0	1	0	0	0	0	1	0	0	1	4
2013/12/31-08:12:36	29	1,677.198	29.616	3	0	1	1	0	0	0	1	0	0	1	11
2014/01/03-14:28:15	30	1,674.438	134.113	12	0	1	2	0	0	0	1	0	0	1	35
2014/01/03-14:29:35	30	1,674.438	134.113	3	0	1	0	0	0	0	1	0	0	1	11
2014/01/03-14:30:11	30	1,674.438	134.113	1	0	1	0	0	0	0	1	0	0	1	9
2014/01/03-14:31:37	30	1,674.438	134.113	1	0	1	13	0	0	0	1	0	0	1	22
2014/01/03-14:32:56	30	1,674.438	134.113	7	0	0	0	0	0	0	1	1	0	0	25
2014/01/03-14:33:46	30	1,674.438	134.113	5	0	0	0	0	0	1	1	0	0	1	15
2014/01/03-14:34:30	30	1,674.438	134.113	6	0	0	3	2	0	0	1	1	0	0	20
2014/01/03-14:43:41	30	1,674.438	134.113	11	0	1	3	1	0	0	1	0	0	1	35
2014/01/03-14:45:32	30	1,674.438	134.113	0	0	1	0	0	0	0	1	0	0	1	3
2014/01/03-14:46:00	30	1,674.438	134.113	2	0	1	0	0	0	0	1	0	0	1	14
2014/01/03-14:47:05	30	1,674.438	134.113	3	0	0	1	0	0	1	1	0	0	1	7
2014/01/03-14:47:45	48	1,575.607	104.878	12	0	1	7	0	0	0	1	0	0	1	66
2014/01/03-14:49:21	48	1,575.607	104.878	8	0	0	0	1	0	0	1	1	0	0	17
2014/01/03-14:50:03	48	1,575.607	104.878	2	0	0	0	0	0	1	1	0	0	1	5
