2013/12/26-07:32:26	60	1,500	350.155	9	0	0	7	1	0	0	1	1	0	0	32
2013/12/26-07:33:21	60	1,500	350.155	7	0	0	6	1	0	0	1	1	0	0	26
2013/12/26-07:34:06	60	1,500	350.155	2	0	0	0	1	0	0	1	1	0	0	11
2013/12/26-07:34:36	60	1,500	350.155	2	0	0	0	1	0	0	1	1	0	0	11
2013/12/26-07:35:05	60	1,500	350.155	6	0	0	0	1	0	0	1	1	0	0	19
2013/12/26-07:35:42	60	1,500	350.155	6	0	0	0	1	0	0	1	1	0	0	19
2013/12/26-07:36:20	60	1,500	350.155	7	0	0	3	1	0	0	1	1	0	0	31
2013/12/26-07:37:09	60	1,500	350.155	6	0	0	3	1	0	0	1	1	0	0	27
2013/12/26-07:37:55	60	1,500	350.155	3	0	0	0	1	0	0	1	1	0	0	13
2013/12/26-07:38:26	60	1,500	350.155	3	0	0	0	1	0	0	1	1	0	0	15
2013/12/26-07:38:59	60	1,500	350.155	5	0	0	0	1	0	0	1	1	0	0	26
2013/12/26-07:39:43	60	1,500	350.155	5	0	0	0	1	0	0	1	1	0	0	26
2013/12/26-07:40:27	60	1,500	350.155	2	0	0	3	1	0	0	1	1	0	0	22
2013/12/26-07:41:08	60	1,500	350.155	2	0	0	3	1	0	0	1	1	0	0	22
2013/12/26-07:41:48	60	1,500	350.155	1	0	0	0	1	0	0	1	1	0	0	4
2013/12/26-07:42:10	60	1,500	350.155	1	0	0	0	1	0	0	1	1	0	0	4
2013/12/26-07:49:56	60	1,500	350.155	9	0	0	6	1	0	1	1	0	1	0	30
2013/12/26-07:50:42	60	1,500	350.155	9	0	0	4	1	0	0	1	1	0	0	27
2013/12/26-07:51:27	60	1,500	350.155	9	0	0	0	1	0	1	1	0	1	0	16
2013/12/26-07:52:01	60	1,500	350.155	9	0	0	0	1	0	0	1	1	0	0	20
2013/12/26-07:52:39	60	1,500	350.155	5	0	0	0	1	0	0	1	1	0	0	18
2013/12/26-07:53:15	60	1,500	350.155	6	0	0	0	1	0	0	1	1	0	0	21
2013/12/26-07:53:55	60	1,500	350.155	8	0	0	0	1	0	0	1	1	0	0	33
2013/12/26-07:54:47	60	1,500	350.155	7	0	0	0	1	0	0	1	1	0	0	30
2013/12/26-07:55:35	60	1,500	350.155	3	0	0	0	1	0	0	1	1	0	0	12
2013/12/26-07:56:06	60	1,500	350.155	3	0	0	0	1	0	0	1	1	0	0	12
2013/12/26-07:56:36	60	1,500	350.155	5	0	0	0	1	0	0	1	1	0	0	26
2013/12/26-07:57:20	60	1,500	350.155	4	0	0	0	1	0	0	1	1	0	0	21
2013/12/26-07:58:00	60	1,500	350.155	2	0	0	3	1	0	0	1	1	0	0	22
2013/12/26-07:58:40	60	1,500	350.155	2	0	0	3	1	0	0	1	1	0	0	22
2013/12/26-07:59:20	60	1,500	350.155	4	0	0	0	1	0	0	1	1	0	0	14
2013/12/26-07:59:53	60	1,500	350.155	5	0	0	1	1	0	0	1	1	0	0	13
2013/12/26-08:01:30	60	1,500	350.155	11	0	0	8	1	0	0	1	1	0	0	45
2013/12/26-08:02:31	60	1,500	350.155	7	0	0	6	1	0	0	1	1	0	0	26
2013/12/26-08:03:16	60	1,500	350.155	5	0	0	0	1	0	0	1	1	0	0	13
2013/12/26-08:03:47	60	1,500	350.155	5	0	0	0	1	0	0	1	1	0	0	13
2013/12/26-08:04:18	60	1,500	350.155	5	0	0	0	1	0	0	1	1	0	0	18
2013/12/26-08:04:54	60	1,500	350.155	5	0	0	0	1	0	0	1	1	0	0	18
2013/12/26-08:05:30	60	1,500	350.155	7	0	0	0	1	0	0	1	1	0	0	30
2013/12/26-08:06:18	60	1,500	350.155	8	0	0	0	1	0	0	1	1	0	0	33
2013/12/26-08:07:09	60	1,500	350.155	5	0	0	0	1	0	0	1	1	0	0	16
2013/12/26-08:07:44	60	1,500	350.155	5	0	0	0	1	0	0	1	1	0	0	16
2013/12/26-08:08:18	60	1,500	350.155	4	0	0	0	1	0	0	1	1	0	0	21
2013/12/26-08:08:57	60	1,500	350.155	5	0	0	0	1	0	0	1	1	0	0	26
2013/12/26-08:09:42	60	1,500	350.155	2	0	0	3	1	0	0	1	1	0	0	22
2013/12/26-08:10:22	60	1,500	350.155	2	0	0	3	1	0	0	1	1	0	0	22
2013/12/26-08:11:03	60	1,500	350.155	8	0	0	3	0	0	1	1	0	0	1	22
2013/12/26-08:11:43	60	1,500	350.155	16	0	0	4	0	0	0	1	0	1	0	30
2013/12/26-08:14:41	60	1,500	350.155	9	0	0	5	0	0	1	1	0	0	1	27
2013/12/26-08:15:23	60	1,500	350.155	12	0	0	7	1	0	0	1	1	0	0	29
2013/12/26-08:16:11	60	1,500	350.155	8	0	0	1	0	0	0	1	1	0	0	20
2013/12/26-08:16:49	60	1,500	350.155	8	0	0	1	0	0	0	1	1	0	0	20
2013/12/26-08:17:28	60	1,500	350.155	6	0	0	0	1	0	0	1	1	0	0	14
2013/12/26-08:18:01	60	1,500	350.155	6	0	0	0	1	0	0	1	1	0	0	14
2013/12/26-08:18:34	60	1,500	350.155	1	0	0	0	0	0	0	1	1	0	0	4
2013/12/26-08:18:56	60	1,500	350.155	1	0	0	0	0	0	0	1	1	0	0	4
2013/12/26-08:19:18	60	1,500	350.155	8	0	0	0	1	0	0	1	1	0	0	29
2013/12/26-08:20:05	60	1,500	350.155	16	0	0	0	0	0	0	1	0	1	0	60
2013/12/26-08:21:23	60	1,500	350.155	0	0	0	0	0	0	0	1	1	0	0	3
2013/12/26-08:21:44	60	1,500	350.155	0	0	0	0	0	0	0	1	1	0	0	3
2013/12/26-08:22:05	60	1,500	350.155	0	0	0	0	0	0	0	1	1	0	0	3
2013/12/26-08:22:27	60	1,500	350.155	0	0	0	0	0	0	0	1	1	0	0	3
2013/12/26-08:22:48	60	1,500	350.155	1	0	0	0	1	0	0	1	1	0	0	3
2013/12/26-08:23:10	60	1,500	350.155	1	0	0	0	1	0	0	1	1	0	0	3
2013/12/26-14:49:43	12	1,818.09	350	1	0	0	0	0	0	1	1	0	0	1	6
2013/12/26-14:53:02	12	1,818.09	350	6	0	0	0	1	0	1	1	0	0	1	37
2013/12/26-14:53:57	12	1,818.09	350	6	0	0	0	1	0	1	1	0	0	1	13
2013/12/26-14:54:26	12	1,818.09	350	9	0	0	1	1	0	0	1	1	0	0	29
2013/12/26-14:55:09	12	1,818.09	350	3	0	0	1	0	0	1	1	0	0	1	13
2013/12/26-14:56:09	12	1,818.09	350	0	0	1	0	0	0	0	1	0	0	1	3
2013/12/26-14:56:39	12	1,818.09	350	3	0	0	0	1	0	1	1	1	0	0	9
2013/12/26-15:46:45	12	1,818.09	350	7	0	0	3	1	0	0	1	1	0	0	27
2013/12/26-15:47:26	12	1,818.09	350	12	0	0	0	1	0	0	1	1	0	0	32
2013/12/26-15:48:09	12	1,818.09	350	8	0	0	0	0	0	0	1	1	0	0	14
2013/12/26-15:48:35	12	1,818.09	350	4	0	0	0	1	0	0	1	1	0	0	15
2013/12/26-15:49:01	12	1,818.09	350	0	0	1	2	0	0	0	1	0	0	1	6
2013/12/26-15:49:27	12	1,818.09	350	1	0	0	0	0	0	0	1	1	0	0	3
2013/12/26-15:49:41	12	1,818.09	350	14	0	1	0	0	0	0	1	1	0	0	59
2013/12/26-15:58:06	3	2,129.085	259.016	0	0	1	0	0	0	0	1	0	0	1	4
2013/12/26-15:58:29	3	2,129.085	259.016	1	0	0	0	1	0	1	1	0	0	1	5
2013/12/26-15:59:08	3	2,129.085	259.016	2	0	1	0	0	0	0	1	0	0	1	8
2013/12/26-15:59:43	3	2,129.085	259.016	20	0	0	0	0	0	1	1	0	0	1	87
2013/12/26-16:01:28	3	2,129.085	259.016	9	0	0	1	0	0	1	1	0	0	1	25
2013/12/26-16:02:44	3	2,129.085	259.016	7	0	0	1	1	0	1	1	0	0	1	20
2013/12/26-16:03:29	3	2,129.085	259.016	5	0	0	0	0	0	0	1	1	0	0	23
2013/12/26-16:08:58	3	2,129.085	259.016	1	0	0	0	1	0	1	1	0	0	1	3
2013/12/26-16:09:20	3	2,129.085	259.016	1	0	1	1	0	0	0	1	0	0	1	6
2013/12/26-16:09:46	3	2,129.085	259.016	4	0	0	0	0	0	1	1	0	0	1	8
2013/12/26-16:10:22	3	2,129.085	259.016	2	0	1	0	0	0	0	1	0	0	1	23
2013/12/26-16:11:03	3	2,129.085	259.016	8	0	0	0	0	0	1	1	0	0	1	27
2013/12/26-16:11:49	3	2,129.085	259.016	19	0	1	0	0	0	0	1	0	0	1	37
2013/12/26-16:12:44	3	2,129.085	259.016	8	0	0	0	0	0	0	1	1	0	0	35
