2013/09/02-16:38:25	50	1,500	350.775	0	0	1	0	0	0	0	1	0	0	1	6
2013/09/02-16:39:05	50	1,500	350.775	0	0	1	0	0	0	0	1	0	0	1	6
2013/09/02-16:39:30	50	1,500	350.775	0	0	1	0	0	0	0	1	0	0	1	6
2013/09/02-16:40:05	50	1,500	350.775	0	0	1	0	0	0	0	1	0	0	1	5
2013/09/02-16:40:38	50	1,500	350.775	0	0	1	0	0	0	0	1	0	0	1	6
2013/09/02-16:41:49	50	1,500	350.775	0	0	1	0	0	0	0	1	0	1	0	6
2013/09/02-16:42:20	50	1,500	350.775	0	0	1	0	0	0	0	1	0	1	0	6
2013/09/02-16:42:52	50	1,500	350.775	0	0	0	0	0	0	0	1	1	0	0	6
2013/09/02-16:57:01	50	1,500	350.775	0	0	1	0	0	0	0	1	0	0	1	6
2013/09/02-16:57:26	50	1,500	350.775	0	0	1	0	0	0	0	1	0	0	1	6
2013/09/02-16:58:45	50	1,500	350.775	0	0	1	0	0	0	0	1	0	0	1	6
2013/09/02-17:00:04	50	1,500	350.775	0	0	1	0	0	0	0	1	0	0	1	6
2013/09/02-17:01:23	50	1,500	350.775	0	0	1	0	0	0	0	1	0	0	1	6
2013/09/02-17:12:09	82	759.689	247.115	0	0	1	0	0	0	0	1	0	0	1	6
2013/09/02-17:12:34	82	759.689	247.115	0	0	1	0	0	0	0	1	0	0	1	6
2013/09/02-17:12:59	82	759.689	247.115	0	0	1	0	0	0	0	1	0	0	1	6
2013/09/02-17:13:25	82	759.689	247.115	0	0	1	0	0	0	0	1	0	0	1	6
2013/09/02-17:13:50	82	759.689	247.115	0	0	1	0	0	0	0	1	0	0	1	6
2013/09/02-18:17:06	85	660.138	203.402	0	0	1	0	0	0	0	1	0	0	1	6
2013/09/02-18:17:35	85	660.138	203.402	0	0	1	0	0	0	0	1	1	0	0	5
2013/09/02-18:18:03	85	660.138	203.402	0	0	1	0	0	0	0	1	0	1	0	4
2013/09/02-18:18:29	85	660.138	203.402	0	0	1	0	0	0	0	1	0	0	1	5
2013/09/02-18:18:57	85	660.138	203.402	0	0	1	0	0	0	0	1	0	0	1	4
2013/09/02-18:19:29	85	660.138	203.402	0	0	1	0	0	0	0	1	0	1	0	6
2013/09/02-18:20:02	85	660.138	203.402	0	0	1	0	0	0	0	1	0	1	0	6
2013/09/02-18:20:34	85	660.138	203.402	0	0	1	0	0	0	0	1	0	1	0	5
2013/09/02-18:21:09	85	660.138	203.402	0	0	1	0	0	0	0	1	0	1	0	6
2013/09/02-18:21:44	85	660.138	203.402	0	0	1	0	0	0	0	1	0	1	0	2
2013/09/02-18:22:25	85	660.138	203.402	0	0	1	0	0	0	0	1	0	1	0	2
2013/09/02-18:23:16	85	660.138	203.402	0	0	1	0	0	0	0	1	0	1	0	5
2013/09/02-18:34:34	85	660.138	203.402	0	0	1	0	0	0	0	1	0	0	1	6
2013/09/02-18:45:58	85	660.138	203.402	0	0	1	0	0	0	0	1	0	0	1	6
2013/09/02-18:46:23	85	660.138	203.402	0	0	1	0	0	0	0	1	0	0	1	6
2013/09/02-18:46:48	85	660.138	203.402	0	0	0	0	0	0	0	1	1	0	0	6
2013/09/02-18:47:13	74	1,098.005	152.233	0	0	1	0	0	0	0	1	0	0	1	6
2013/09/02-18:47:37	74	1,098.005	152.233	0	0	1	0	0	0	0	1	0	0	1	6
2013/09/02-18:59:37	74	1,098.005	152.233	0	0	1	0	0	0	0	1	0	0	1	6
2013/09/02-19:00:02	74	1,098.005	152.233	0	0	0	0	0	0	0	1	1	0	0	6
2013/09/02-19:00:27	74	1,098.005	152.233	0	0	0	0	0	0	0	1	1	0	0	6
2013/09/02-19:00:52	74	1,098.005	152.233	0	0	1	0	0	0	0	1	0	0	1	6
2013/09/02-19:01:17	74	1,098.005	152.233	0	0	1	0	0	0	0	1	1	0	0	6
2013/09/03-00:15:11	72	1,015.446	132.876	0	0	1	0	0	0	0	1	0	0	1	6
2013/09/03-00:15:36	72	1,015.446	132.876	0	0	1	0	0	0	0	1	0	0	1	6
2013/09/03-00:16:01	72	1,015.446	132.876	0	0	1	0	0	0	0	1	0	0	1	6
2013/09/03-00:16:26	72	1,015.446	132.876	0	0	1	0	0	0	0	1	0	0	1	6
2013/09/03-00:16:51	72	1,015.446	132.876	0	0	1	0	0	0	0	1	0	0	1	6
2013/09/03-00:21:52	76	929.149	117.74	0	0	1	0	0	0	0	1	0	0	1	6
2013/09/03-00:22:17	76	929.149	117.74	0	0	1	0	0	0	0	1	0	0	1	6
2013/09/03-00:22:42	76	929.149	117.74	0	0	1	0	0	0	0	1	0	0	1	6
2013/09/03-00:23:07	76	929.149	117.74	0	0	1	0	0	0	0	1	0	0	1	6
2013/09/03-00:23:32	76	929.149	117.74	0	0	1	0	0	0	0	1	1	0	0	6
2013/09/03-00:30:52	76	929.149	117.74	0	0	0	0	0	0	0	1	1	0	0	6
2013/09/03-00:31:17	76	929.149	117.74	0	0	1	0	0	0	0	1	0	0	1	6
2013/09/03-00:31:42	76	929.149	117.74	0	0	1	0	0	0	0	1	0	0	1	6
2013/09/03-00:32:06	76	929.149	117.74	0	0	1	0	0	0	0	1	0	0	1	6
2013/09/03-00:32:31	76	929.149	117.74	0	0	0	0	0	0	0	1	1	0	0	6
2013/09/03-16:25:37	82	864.173	103.963	0	0	1	0	0	0	0	1	0	0	1	6
2013/09/03-16:26:08	82	864.173	103.963	0	0	1	0	0	0	0	1	0	0	1	6
2013/09/03-16:27:10	82	864.173	103.963	0	0	1	0	0	0	0	1	0	0	1	3
2013/09/03-16:27:32	82	864.173	103.963	0	0	1	0	0	0	0	1	0	0	1	6
2013/09/03-16:28:07	82	864.173	103.963	0	0	1	0	0	0	0	1	0	0	1	6
2013/09/03-16:34:37	82	812.682	99.468	0	0	0	0	0	0	0	1	1	0	0	6
2013/09/03-16:35:02	82	812.682	99.468	0	0	1	0	0	0	0	1	0	0	1	6
2013/09/03-16:35:27	82	812.682	99.468	0	0	0	0	0	0	0	1	1	0	0	6
2013/09/03-16:35:52	82	812.682	99.468	0	0	1	0	0	0	0	1	0	0	1	6
2013/09/03-16:36:17	82	812.682	99.468	0	0	1	0	0	0	0	1	0	0	1	6
2013/09/03-16:46:40	82	812.682	99.468	0	0	1	0	0	0	0	1	0	0	1	6
2013/09/03-16:47:05	82	812.682	99.468	0	0	1	0	0	0	0	1	0	0	1	6
2013/09/03-16:47:30	82	812.682	99.468	0	0	0	0	0	0	0	1	1	0	0	6
2013/09/03-16:47:55	82	812.682	99.468	0	0	1	0	0	0	0	1	0	0	1	6
2013/09/03-16:48:20	82	812.682	99.468	0	0	0	0	0	0	0	1	1	0	0	6
2013/09/03-21:16:02	82	798.838	89.362	0	0	1	0	0	0	0	1	0	0	1	6
2013/09/03-21:16:34	82	798.838	89.362	0	0	1	0	0	0	0	1	0	0	1	5
2013/09/03-21:16:58	82	798.838	89.362	0	0	1	0	0	0	0	1	0	0	1	6
2013/09/03-21:17:23	82	798.838	89.362	0	0	1	0	0	0	0	1	0	0	1	6
2013/09/03-21:17:48	82	798.838	89.362	0	0	0	0	0	0	0	1	1	0	0	6
2013/09/03-21:24:46	82	798.838	89.362	0	0	1	0	0	0	0	1	0	0	1	4
2013/09/03-21:25:09	82	798.838	89.362	0	0	1	0	0	0	0	1	0	0	1	6
2013/09/03-21:25:33	82	798.838	89.362	0	0	0	0	0	0	0	1	1	0	0	6
2013/09/03-21:25:58	82	798.838	89.362	0	0	1	0	0	0	0	1	0	0	1	3
2013/09/03-21:26:20	82	798.838	89.362	0	0	1	0	0	0	0	1	0	0	1	3
2013/09/03-21:33:28	84	804.157	79.74	0	0	1	0	0	0	0	1	0	0	1	6
2013/09/03-21:33:53	84	804.157	79.74	0	0	1	0	0	0	0	1	0	0	1	7
2013/09/03-21:34:19	84	804.157	79.74	0	0	1	0	0	0	0	1	0	0	1	6
2013/09/03-21:34:44	84	804.157	79.74	0	0	1	0	0	0	0	1	0	0	1	6
2013/09/03-21:35:09	84	804.157	79.74	0	0	1	0	0	0	0	1	0	0	1	3
2013/09/04-16:46:14	85	799.632	79.591	0	0	1	0	0	0	0	1	0	0	1	6
2013/09/04-16:46:39	85	799.632	79.591	0	0	1	0	0	0	0	1	0	0	1	6
2013/09/04-16:47:11	85	799.632	79.591	0	0	1	0	0	0	0	1	0	0	1	6
2013/09/04-16:47:36	85	799.632	79.591	0	0	1	0	0	0	0	1	0	0	1	3
2013/09/04-16:48:04	85	799.632	79.591	0	0	1	0	0	0	0	1	0	0	1	6
2013/09/04-16:55:47	85	799.632	79.591	0	0	1	0	0	0	0	1	0	0	1	3
2013/09/04-16:56:09	85	799.632	79.591	0	0	0	0	0	0	0	1	1	0	0	6
2013/09/04-16:56:34	85	799.632	79.591	0	0	1	0	0	0	0	1	0	0	1	6
2013/09/04-16:56:59	85	799.632	79.591	0	0	0	0	0	0	0	1	1	0	0	3
2013/09/04-16:57:20	85	799.632	79.591	0	0	0	0	0	0	0	1	1	0	0	6
2013/09/04-17:05:46	85	799.632	79.591	0	0	1	0	0	0	0	1	0	0	1	6
2013/09/04-17:06:11	85	799.632	79.591	0	0	0	0	0	0	0	1	1	0	0	6
2013/09/04-17:06:36	85	799.632	79.591	0	0	1	0	0	0	0	1	1	0	0	6
2013/09/04-17:07:01	85	799.632	79.591	0	0	1	0	0	0	0	1	0	0	1	6
2013/09/04-17:07:26	85	799.632	79.591	0	0	1	0	0	0	0	1	0	0	1	6
2013/09/04-23:23:00	81	872.64	75.163	0	0	1	0	0	0	0	1	0	0	1	3
2013/09/04-23:23:28	81	872.64	75.163	0	0	1	0	0	0	0	1	0	0	1	6
2013/09/04-23:24:08	81	872.64	75.163	0	0	1	0	0	0	0	1	0	0	1	6
2013/09/04-23:24:36	81	872.64	75.163	0	0	1	0	0	0	0	1	0	0	1	6
2013/09/04-23:25:19	81	872.64	75.163	0	0	1	0	0	0	0	1	0	0	1	3
2013/09/04-23:33:24	81	872.64	75.163	0	0	1	0	0	0	0	1	0	0	1	6
2013/09/04-23:33:49	81	872.64	75.163	0	0	1	0	0	0	0	1	0	0	1	6
2013/09/04-23:34:13	84	883.835	72.311	0	0	1	0	0	0	0	1	0	0	1	6
2013/09/04-23:34:38	84	883.835	72.311	0	0	1	0	0	0	0	1	0	0	1	6
2013/09/04-23:35:03	84	883.835	72.311	0	0	1	0	0	0	0	1	0	0	1	6
2013/09/04-23:45:37	84	883.835	72.311	0	0	0	0	0	0	0	1	1	0	0	6
2013/09/04-23:46:01	84	883.835	72.311	0	0	0	0	0	0	0	1	1	0	0	3
2013/09/04-23:46:23	84	883.835	72.311	0	0	0	0	0	0	0	1	1	0	0	3
2013/09/04-23:46:44	84	883.835	72.311	0	0	1	0	0	0	0	1	0	1	0	3
2013/09/04-23:47:06	84	883.835	72.311	0	0	0	0	0	0	0	1	1	0	0	4
2013/09/05-04:08:22	83	893.638	72.812	0	0	1	0	0	0	0	1	0	0	1	6
2013/09/05-04:08:47	83	893.638	72.812	0	0	1	0	0	0	0	1	0	0	1	5
2013/09/05-04:09:12	83	893.638	72.812	0	0	1	0	0	0	0	1	0	0	1	3
2013/09/05-04:09:37	83	893.638	72.812	0	0	1	0	0	0	0	1	0	0	1	6
2013/09/05-04:10:17	83	893.638	72.812	0	0	1	0	0	0	0	1	0	0	1	6
2013/09/05-04:14:09	83	893.638	72.812	0	0	1	0	0	0	0	1	0	0	1	6
2013/09/05-04:14:34	83	893.638	72.812	0	0	0	0	0	0	0	1	1	0	0	6
2013/09/05-04:14:59	83	893.638	72.812	0	0	1	0	0	0	0	1	0	0	1	6
2013/09/05-04:15:23	83	893.638	72.812	0	0	0	0	0	0	0	1	1	0	0	6
2013/09/05-04:15:48	83	893.638	72.812	0	0	1	0	0	0	0	1	0	0	1	6
2013/09/05-04:29:10	83	927.051	66.451	0	0	1	0	0	0	0	1	0	0	1	6
2013/09/05-04:29:35	83	927.051	66.451	0	0	1	0	0	0	0	1	0	0	1	6
2013/09/05-04:30:00	83	927.051	66.451	0	0	0	0	0	0	0	1	1	0	0	6
2013/09/05-04:30:25	83	927.051	66.451	0	0	1	0	0	0	0	1	0	0	1	6
2013/09/05-04:30:50	83	927.051	66.451	0	0	1	0	0	0	0	1	0	0	1	6
2013/09/06-01:50:07	83	915.521	68.745	0	0	1	0	0	0	0	1	0	0	1	6
2013/09/06-01:50:32	83	915.521	68.745	0	0	1	0	0	0	0	1	0	0	1	6
2013/09/06-01:50:57	83	915.521	68.745	0	0	1	0	0	0	0	1	0	0	1	6
2013/09/06-01:51:21	83	915.521	68.745	0	0	1	0	0	0	0	1	0	0	1	6
2013/09/06-01:51:46	83	915.521	68.745	0	0	1	0	0	0	0	1	0	0	1	6
2013/09/06-01:55:22	83	915.521	68.745	0	0	1	0	0	0	0	1	0	0	1	6
2013/09/06-01:55:47	83	915.521	68.745	0	0	0	0	0	0	0	1	1	0	0	6
2013/09/06-01:56:12	83	915.521	68.745	0	0	1	0	0	0	0	1	0	0	1	6
2013/09/06-01:56:36	83	915.521	68.745	0	0	1	0	0	0	0	1	0	0	1	6
2013/09/06-01:57:01	83	915.521	68.745	0	0	0	0	0	0	0	1	1	0	0	6
2013/09/08-15:22:35	85	923.583	70.336	0	0	1	0	0	0	0	1	0	0	1	6
2013/09/08-15:23:05	85	923.583	70.336	0	0	1	0	0	0	0	1	0	0	1	6
2013/09/08-15:23:31	85	923.583	70.336	0	0	1	0	0	0	0	1	0	0	1	6
2013/09/08-15:24:00	85	923.583	70.336	0	0	1	0	0	0	0	1	0	0	1	6
2013/09/08-15:24:24	85	923.583	70.336	0	0	1	0	0	0	0	1	0	0	1	6
2013/09/08-15:27:16	85	923.583	70.336	0	0	1	0	0	0	0	1	0	0	1	6
2013/09/08-15:27:41	85	923.583	70.336	0	0	1	0	0	0	0	1	0	0	1	6
2013/09/08-15:28:05	85	923.583	70.336	0	0	1	0	0	0	0	1	0	0	1	6
2013/09/08-15:28:30	85	923.583	70.336	0	0	1	0	0	0	0	1	0	0	1	6
2013/09/08-15:28:55	85	923.583	70.336	0	0	1	0	0	0	0	1	0	0	1	6
2013/09/08-17:17:56	85	923.583	70.336	0	0	1	0	0	0	0	1	0	0	1	6
2013/09/08-17:27:40	85	923.583	70.336	0	0	1	0	0	0	0	1	0	0	1	6
2013/09/08-17:28:07	85	923.583	70.336	0	0	1	0	0	0	0	1	0	0	1	6
2013/09/08-17:28:57	85	923.583	70.336	0	0	1	0	0	0	0	1	0	0	1	8
2013/09/08-17:29:55	85	923.583	70.336	0	0	1	0	0	0	0	1	0	0	1	6
2013/09/09-22:05:12	85	843.51	68.575	0	0	1	0	0	0	0	1	0	0	1	6
2013/09/09-22:05:55	85	843.51	68.575	0	0	1	0	0	0	0	1	0	0	1	6
2013/09/09-22:07:01	85	843.51	68.575	0	0	1	0	0	0	0	1	0	0	1	6
2013/09/09-22:07:29	85	843.51	68.575	0	0	1	0	0	0	0	1	0	0	1	6
2013/09/09-22:07:55	85	843.51	68.575	0	0	1	0	0	0	0	1	0	0	1	6
2013/09/09-22:14:10	85	843.51	68.575	0	0	1	0	0	0	0	1	0	0	1	6
2013/09/09-22:14:35	85	843.51	68.575	0	0	1	0	0	0	0	1	0	0	1	6
2013/09/09-22:15:00	85	843.51	68.575	0	0	1	0	0	0	0	1	0	0	1	6
2013/09/09-22:15:25	85	843.51	68.575	0	0	1	0	0	0	0	1	0	0	1	6
2013/09/09-22:15:50	85	843.51	68.575	0	0	1	0	0	0	0	1	0	0	1	6
2013/09/09-22:28:41	84	813.656	63.386	0	0	0	0	0	0	0	1	1	0	0	4
2013/09/09-22:29:03	84	813.656	63.386	0	0	0	0	0	0	0	1	1	0	0	3
2013/09/09-22:29:25	84	813.656	63.386	0	0	0	0	0	0	0	1	1	0	0	4
2013/09/09-22:29:48	84	813.656	63.386	0	0	0	0	0	0	0	1	1	0	0	3
2013/09/09-22:30:10	84	813.656	63.386	0	0	0	0	0	0	0	1	1	0	0	4
2013/09/11-00:14:27	84	862.776	66.715	0	0	1	0	0	0	0	1	0	0	1	6
2013/09/11-00:15:20	84	862.776	66.715	0	0	1	0	0	0	0	1	0	0	1	6
2013/09/11-00:16:23	84	862.776	66.715	0	0	1	0	0	0	0	1	0	0	1	6
2013/09/11-00:17:28	84	862.776	66.715	0	0	1	0	0	0	0	1	0	0	1	6
2013/09/11-00:18:37	84	862.776	66.715	0	0	1	0	0	0	0	1	0	0	1	6
2013/09/11-00:21:47	84	862.776	66.715	0	0	0	0	0	0	0	1	1	0	0	3
2013/09/11-00:22:09	84	862.776	66.715	0	0	0	0	0	0	0	1	1	0	0	4
2013/09/11-00:22:31	84	862.776	66.715	0	0	0	0	0	0	0	1	1	0	0	4
2013/09/11-00:22:54	84	862.776	66.715	0	0	1	0	0	0	0	1	0	0	1	6
2013/09/11-00:23:18	84	862.776	66.715	0	0	0	0	0	0	0	1	1	0	0	3
2013/09/11-00:34:59	84	862.776	66.715	0	0	1	0	0	0	0	1	0	0	1	6
2013/09/11-00:35:24	84	862.776	66.715	0	0	1	0	0	0	0	1	0	0	1	6
2013/09/11-00:35:49	84	862.776	66.715	0	0	1	0	0	0	0	1	1	0	0	6
2013/09/11-00:36:14	84	862.776	66.715	0	0	0	0	0	0	0	1	1	0	0	6
2013/09/11-00:36:39	84	862.776	66.715	0	0	1	0	0	0	0	1	0	0	1	6
2013/09/11-16:26:46	83	894.573	66.228	0	0	1	0	0	0	0	1	0	0	1	6
2013/09/11-16:27:11	83	894.573	66.228	0	0	1	0	0	0	0	1	0	0	1	6
2013/09/11-16:27:36	83	894.573	66.228	0	0	1	0	0	0	0	1	0	0	1	6
2013/09/11-16:28:00	83	894.573	66.228	0	0	1	0	0	0	0	1	0	0	1	6
2013/09/11-16:28:39	83	894.573	66.228	0	0	1	0	0	0	0	1	0	0	1	6
2013/09/11-16:31:35	82	902.572	64.483	0	0	1	0	0	0	0	1	0	0	1	6
2013/09/11-16:32:00	82	902.572	64.483	0	0	1	0	0	0	0	1	0	0	1	6
2013/09/11-16:32:25	82	902.572	64.483	0	0	0	0	0	0	0	1	1	0	0	4
2013/09/11-16:33:01	82	902.572	64.483	0	0	0	0	0	0	0	1	1	0	0	4
2013/09/11-16:33:24	82	902.572	64.483	0	0	0	0	0	0	0	1	1	0	0	5
2013/09/11-16:48:24	82	902.572	64.483	0	0	1	0	0	0	0	1	0	0	1	6
2013/09/11-16:48:49	82	902.572	64.483	0	0	1	0	0	0	0	1	0	0	1	6
2013/09/11-16:49:14	82	902.572	64.483	0	0	1	0	0	0	0	1	0	0	1	6
2013/09/11-16:49:39	82	902.572	64.483	0	0	1	0	0	0	0	1	1	0	0	6
2013/09/11-16:50:04	82	902.572	64.483	0	0	1	0	0	0	0	1	0	0	1	6
2013/09/12-09:14:28	83	902.758	65.657	0	0	1	0	0	0	0	1	0	0	1	6
2013/09/12-09:14:53	83	902.758	65.657	0	0	1	0	0	0	0	1	0	0	1	6
2013/09/12-09:15:18	83	902.758	65.657	0	0	1	0	0	0	0	1	0	0	1	6
2013/09/12-09:15:46	83	902.758	65.657	0	0	1	0	0	0	0	1	0	0	1	6
2013/09/12-09:16:11	83	902.758	65.657	0	0	1	0	0	0	0	1	0	0	1	6
2013/09/12-10:52:33	83	902.758	65.657	0	0	1	0	0	0	0	1	0	0	1	7
2013/09/12-10:53:52	83	902.758	65.657	0	0	1	0	0	0	0	1	0	0	1	10
2013/09/12-10:54:36	83	902.758	65.657	0	0	1	0	0	0	0	1	0	0	1	6
2013/09/12-10:55:02	80	915.962	61.916	0	0	1	0	0	0	0	1	0	0	1	6
2013/09/12-10:56:21	80	915.962	61.916	0	0	1	0	0	0	0	1	0	0	1	6
2013/09/12-11:01:59	80	915.962	61.916	0	0	1	0	0	0	0	1	0	0	1	6
2013/09/12-11:02:24	80	915.962	61.916	0	0	1	0	0	0	0	1	0	0	1	6
2013/09/12-11:02:49	80	915.962	61.916	0	0	1	0	0	0	0	1	0	0	1	6
2013/09/12-11:03:14	80	915.962	61.916	0	0	1	0	0	0	0	1	0	0	1	6
2013/09/12-11:03:39	80	915.962	61.916	0	0	1	0	0	0	0	1	0	0	1	6
2013/09/13-21:08:48	80	932.522	74.008	0	0	1	0	0	0	0	1	0	0	1	6
2013/09/13-21:09:14	80	932.522	74.008	0	0	1	0	0	0	0	1	0	0	1	6
2013/09/13-21:09:43	80	932.522	74.008	0	0	1	0	0	0	0	1	0	0	1	6
2013/09/13-21:10:23	80	932.522	74.008	0	0	1	0	0	0	0	1	0	0	1	6
2013/09/13-21:10:49	80	932.522	74.008	0	0	1	0	0	0	0	1	0	0	1	6
2013/09/13-21:15:46	80	932.522	74.008	0	0	1	0	0	0	0	1	0	0	1	6
2013/09/13-21:16:11	80	932.522	74.008	0	0	1	0	0	0	0	1	0	0	1	6
2013/09/13-21:16:36	80	932.522	74.008	0	0	1	0	0	0	0	1	0	0	1	9
2013/09/13-21:18:58	80	932.522	74.008	0	0	1	0	0	0	0	1	0	0	1	6
2013/09/13-21:19:20	80	932.522	74.008	0	0	1	0	0	0	0	1	0	0	1	6
2013/09/13-21:26:00	79	918.091	66.69	0	0	1	0	0	0	0	1	0	0	1	6
2013/09/13-21:26:25	79	918.091	66.69	0	0	1	0	0	0	0	1	0	0	1	6
2013/09/13-21:26:50	79	918.091	66.69	0	0	0	0	0	0	0	1	1	0	0	6
2013/09/13-21:27:15	79	918.091	66.69	0	0	1	0	0	0	0	1	0	0	1	6
2013/09/13-21:27:40	79	918.091	66.69	0	0	1	0	0	0	0	1	0	0	1	6
2013/09/14-05:17:32	80	920.969	69.445	0	0	1	0	0	0	0	1	0	0	1	6
2013/09/14-05:18:50	80	920.969	69.445	0	0	1	0	0	0	0	1	0	0	1	6
2013/09/14-05:19:43	80	920.969	69.445	0	0	1	0	0	0	0	1	0	0	1	6
2013/09/14-05:21:01	80	920.969	69.445	0	0	1	0	0	0	0	1	0	0	1	6
2013/09/14-05:22:08	80	920.969	69.445	0	0	1	0	0	0	0	1	0	0	1	6
2013/09/14-05:41:36	80	920.969	69.445	0	0	1	0	0	0	0	1	0	0	1	6
2013/09/14-05:42:06	80	920.969	69.445	0	0	1	0	0	0	0	1	0	0	1	6
2013/09/14-05:42:30	80	920.969	69.445	0	0	1	0	0	0	0	1	0	0	1	6
2013/09/14-05:42:56	80	920.969	69.445	0	0	1	0	0	0	0	1	0	0	1	11
2013/09/14-05:43:29	80	920.969	69.445	0	0	1	0	0	0	0	1	0	0	1	6
2013/09/14-05:56:55	80	909.857	65.396	0	0	1	0	0	0	0	1	0	0	1	6
2013/09/14-05:57:20	80	909.857	65.396	0	0	1	0	0	0	0	1	0	0	1	6
2013/09/14-05:57:45	80	909.857	65.396	0	0	1	0	0	0	0	1	0	0	1	6
2013/09/14-05:58:09	80	909.857	65.396	0	0	1	0	0	0	0	1	0	0	1	6
2013/09/14-05:58:34	80	909.857	65.396	0	0	1	0	0	0	0	1	0	0	1	6
2013/09/14-11:23:52	82	893.342	65.098	0	0	1	0	0	0	0	1	0	0	1	6
2013/09/14-11:25:11	82	893.342	65.098	0	0	1	0	0	0	0	1	0	0	1	6
2013/09/14-11:26:21	82	893.342	65.098	0	0	1	0	0	0	0	1	0	0	1	6
2013/09/14-11:27:40	82	890.629	64.919	0	0	1	0	0	0	0	1	0	0	1	6
2013/09/14-11:28:49	82	890.629	64.919	0	0	1	0	0	0	0	1	0	0	1	6
2013/09/14-11:36:23	82	890.629	64.919	0	0	1	0	0	0	0	1	0	0	1	6
2013/09/14-11:36:50	82	890.629	64.919	0	0	1	0	0	0	0	1	0	0	1	6
2013/09/14-11:38:09	82	890.629	64.919	0	0	1	0	0	0	0	1	0	0	1	6
2013/09/14-11:38:44	82	890.629	64.919	0	0	1	0	0	0	0	1	0	0	1	9
2013/09/14-11:39:13	82	890.629	64.919	0	0	1	0	0	0	0	1	0	0	1	6
2013/09/14-12:05:38	82	890.629	64.919	0	0	1	0	0	0	0	1	0	0	1	6
2013/09/14-12:06:03	82	890.629	64.919	0	0	1	0	0	0	0	1	0	0	1	6
2013/09/14-12:06:28	82	890.629	64.919	0	0	1	0	0	0	0	1	0	0	1	6
2013/09/14-12:06:53	82	890.629	64.919	0	0	1	0	0	0	0	1	0	0	1	6
2013/09/14-12:07:17	82	891.32	60.131	0	0	1	0	0	0	0	1	0	0	1	6
2013/09/14-15:45:06	83	892.229	63.26	0	0	1	0	0	0	0	1	0	0	1	6
2013/09/14-15:45:55	83	892.229	63.26	0	0	1	0	0	0	0	1	0	0	1	6
2013/09/14-15:46:57	83	892.229	63.26	0	0	1	0	0	0	0	1	0	0	1	6
2013/09/14-15:47:35	83	892.229	63.26	0	0	1	0	0	0	0	1	0	0	1	6
2013/09/14-15:48:17	83	892.229	63.26	0	0	1	0	0	0	0	1	0	0	1	6
2013/09/14-15:49:13	83	891.617	62.394	0	0	1	0	0	0	0	1	0	0	1	6
2013/09/14-15:49:41	83	891.617	62.394	0	0	1	0	0	0	0	1	0	0	1	7
2013/09/14-15:50:07	83	891.617	62.394	0	0	1	0	0	0	0	1	0	0	1	6
2013/09/14-15:50:33	83	891.617	62.394	0	0	1	0	0	0	0	1	0	0	1	6
2013/09/14-15:51:09	83	891.617	62.394	0	0	1	0	0	0	0	1	0	0	1	6
2013/09/14-16:06:50	83	891.617	62.394	0	0	0	0	0	0	0	1	1	0	0	6
2013/09/14-16:07:15	83	891.617	62.394	0	0	1	0	0	0	0	1	0	0	1	6
2013/09/14-16:07:40	83	891.617	62.394	0	0	1	0	0	0	0	1	0	0	1	6
2013/09/14-16:08:05	83	891.617	62.394	0	0	0	0	0	0	0	1	1	0	0	6
2013/09/14-16:08:30	83	891.617	62.394	0	0	1	0	0	0	0	1	0	0	1	6
2013/09/14-19:13:28	81	903.906	62.272	0	0	1	0	0	0	0	1	0	0	1	6
2013/09/14-19:14:39	81	903.906	62.272	0	0	1	0	0	0	0	1	0	0	1	6
2013/09/14-19:15:37	81	903.906	62.272	0	0	1	0	0	0	0	1	0	0	1	6
2013/09/14-19:16:31	81	903.906	62.272	0	0	1	0	0	0	0	1	0	0	1	6
2013/09/14-19:17:33	81	903.906	62.272	0	0	1	0	0	0	0	1	0	0	1	6
2013/09/14-19:30:12	81	903.906	62.272	0	0	1	0	0	0	0	1	0	0	1	6
2013/09/14-19:30:37	81	903.906	62.272	0	0	0	0	0	0	0	1	1	0	0	6
2013/09/14-19:31:02	81	903.906	62.272	0	0	1	0	0	0	0	1	0	0	1	6
2013/09/14-19:31:27	81	903.906	62.272	0	0	0	0	0	0	0	1	1	0	0	6
2013/09/14-19:31:52	81	903.906	62.272	0	0	1	0	0	0	0	1	0	0	1	6
2013/09/14-19:46:03	81	912.123	58.333	0	0	1	0	0	0	0	1	0	0	1	6
2013/09/14-19:46:28	81	912.123	58.333	0	0	1	0	0	0	0	1	0	0	1	6
2013/09/14-19:46:53	81	912.123	58.333	0	0	1	0	0	0	0	1	0	0	1	6
2013/09/14-19:47:18	81	912.123	58.333	0	0	1	0	0	0	0	1	0	0	1	6
2013/09/14-19:47:47	81	912.123	58.333	0	0	1	0	0	0	0	1	0	0	1	6
2013/09/15-00:20:50	82	906.605	61.714	0	0	1	0	0	0	0	1	0	0	1	6
2013/09/15-00:21:54	82	906.605	61.714	0	0	1	0	0	0	0	1	0	0	1	6
2013/09/15-00:22:22	82	906.605	61.714	0	0	1	0	0	0	0	1	0	0	1	6
2013/09/15-00:22:47	82	906.605	61.714	0	0	1	0	0	0	0	1	0	0	1	6
2013/09/15-00:23:27	82	906.605	61.714	0	0	1	0	0	0	0	1	0	0	1	6
2013/09/15-00:42:38	82	909.208	61.28	0	0	1	0	0	0	0	1	0	0	1	6
2013/09/15-00:43:03	82	909.208	61.28	0	0	1	0	0	0	0	1	0	0	1	6
2013/09/15-00:43:28	82	909.208	61.28	0	0	1	0	0	0	0	1	0	0	1	6
2013/09/15-00:43:53	82	909.208	61.28	0	0	1	0	0	0	0	1	0	0	1	6
2013/09/15-00:44:18	82	909.208	61.28	0	0	1	0	0	0	0	1	0	0	1	6
2013/09/15-08:56:49	82	909.208	61.28	0	0	1	0	0	0	0	1	0	0	1	6
2013/09/15-08:57:17	82	909.208	61.28	0	0	1	0	0	0	0	1	0	0	1	6
2013/09/15-08:57:45	82	909.208	61.28	0	0	1	0	0	0	0	1	0	0	1	6
2013/09/15-08:58:19	82	909.208	61.28	0	0	1	0	0	0	0	1	0	0	1	6
2013/09/15-08:58:46	82	909.208	61.28	0	0	1	0	0	0	0	1	0	0	1	6
2013/09/15-15:49:46	82	912.238	64.051	0	0	1	0	0	0	0	1	0	0	1	6
2013/09/15-15:50:11	82	912.238	64.051	0	0	1	0	0	0	0	1	0	0	1	6
2013/09/15-15:50:36	82	912.238	64.051	0	0	1	0	0	0	0	1	0	0	1	6
2013/09/15-15:51:00	82	912.238	64.051	0	0	1	0	0	0	0	1	0	0	1	6
2013/09/15-15:51:25	82	912.238	64.051	0	0	1	0	0	0	0	1	0	0	1	6
2013/09/15-16:02:33	82	912.238	64.051	0	0	0	0	0	0	0	1	1	0	0	6
2013/09/15-16:02:58	82	912.238	64.051	0	0	1	0	0	0	0	1	0	0	1	6
2013/09/15-16:03:23	82	912.238	64.051	0	0	1	0	0	0	0	1	0	0	1	6
2013/09/15-16:03:48	82	908.99	59.377	0	0	0	0	0	0	0	1	1	0	0	6
2013/09/15-16:04:12	82	908.99	59.377	0	0	1	0	0	0	0	1	1	0	0	6
2013/09/15-16:12:00	82	908.99	59.377	0	0	1	0	0	0	0	1	0	0	1	6
2013/09/15-16:12:26	82	908.99	59.377	0	0	1	0	0	0	0	1	0	0	1	6
2013/09/15-16:12:50	82	908.99	59.377	0	0	1	0	0	0	0	1	0	0	1	6
2013/09/15-16:13:15	82	908.99	59.377	0	0	0	0	0	0	0	1	1	0	0	6
2013/09/15-16:13:40	82	908.99	59.377	0	0	1	0	0	0	0	1	0	0	1	6
2013/09/15-22:01:14	81	940.734	62.198	0	0	1	0	0	0	0	1	0	0	1	6
2013/09/15-22:01:39	81	948.355	61.716	0	0	1	0	0	0	0	1	0	0	1	6
2013/09/15-22:02:04	81	948.355	61.716	0	0	1	0	0	0	0	1	0	0	1	6
2013/09/15-22:02:29	81	948.355	61.716	0	0	0	0	0	0	0	1	1	0	0	6
2013/09/15-22:02:54	81	948.355	61.716	0	0	1	0	0	0	0	1	0	0	1	6
2013/09/15-22:10:17	81	948.355	61.716	0	0	1	0	0	0	0	1	0	0	1	6
2013/09/15-22:10:41	81	948.355	61.716	0	0	0	0	0	0	0	1	1	0	0	6
2013/09/15-22:11:06	81	948.355	61.716	0	0	0	0	0	0	0	1	1	0	0	6
2013/09/15-22:11:31	81	948.355	61.716	0	0	1	0	0	0	0	1	0	0	1	6
2013/09/15-22:11:56	81	948.355	61.716	0	0	1	0	0	0	0	1	0	0	1	6
2013/09/15-22:19:39	81	937.427	56.886	0	0	1	0	0	0	0	1	0	0	1	6
2013/09/15-22:20:04	81	937.427	56.886	0	0	1	0	0	0	0	1	0	0	1	6
2013/09/15-22:20:29	81	937.427	56.886	0	0	1	0	0	0	0	1	0	0	1	6
2013/09/15-22:20:54	81	937.427	56.886	0	0	1	0	0	0	0	1	0	0	1	6
2013/09/15-22:21:19	81	937.427	56.886	0	0	1	0	0	0	0	1	0	0	1	6
2013/09/16-21:28:31	81	938.333	61.052	0	0	1	0	0	0	0	1	0	0	1	6
2013/09/16-21:28:56	81	938.333	61.052	0	0	1	0	0	0	0	1	0	0	1	6
2013/09/16-21:29:24	81	938.333	61.052	0	0	1	0	0	0	0	1	0	0	1	6
2013/09/16-21:29:54	81	938.333	61.052	0	0	1	0	0	0	0	1	0	0	1	6
2013/09/16-21:30:19	81	938.333	61.052	0	0	1	0	0	0	0	1	0	0	1	6
2013/09/16-21:37:29	82	950.389	58.453	0	0	1	0	0	0	0	1	0	0	1	6
2013/09/16-21:37:54	82	950.389	58.453	0	0	0	0	0	0	0	1	1	0	0	6
2013/09/16-21:38:19	82	950.389	58.453	0	0	1	0	0	0	0	1	0	0	1	6
2013/09/16-21:38:44	82	950.389	58.453	0	0	1	0	0	0	0	1	0	0	1	6
2013/09/16-21:39:09	82	950.389	58.453	0	0	0	0	0	0	0	1	1	0	0	6
2013/09/16-21:49:32	82	950.389	58.453	0	0	1	0	0	0	0	1	0	0	1	6
2013/09/16-21:49:57	82	950.389	58.453	0	0	1	0	0	0	0	1	0	0	1	6
2013/09/16-21:50:22	82	950.389	58.453	0	0	1	0	0	0	0	1	0	0	1	6
2013/09/16-21:50:47	82	950.389	58.453	0	0	1	0	0	0	0	1	0	0	1	6
2013/09/16-21:51:12	82	950.389	58.453	0	0	1	0	0	0	0	1	0	0	1	6
2013/09/17-18:49:43	81	975.021	58.634	0	0	1	0	0	0	0	1	0	0	1	6
2013/09/17-18:50:10	81	975.021	58.634	0	0	1	0	0	0	0	1	0	0	1	0
2013/09/17-20:08:54	81	975.021	58.634	0	0	1	0	0	0	0	1	0	0	1	6
2013/09/17-20:09:26	81	975.021	58.634	0	0	1	0	0	0	0	1	0	0	1	6
2013/09/17-20:10:45	81	975.021	58.634	0	0	1	0	0	0	0	1	0	0	1	6
2013/09/17-20:16:26	81	975.021	58.634	0	0	1	0	0	0	0	1	0	0	1	6
2013/09/17-20:16:51	81	975.021	58.634	0	0	1	0	0	0	0	1	0	0	1	4
2013/09/17-20:17:16	81	975.021	58.634	0	0	1	0	0	0	0	1	0	0	1	6
2013/09/17-20:17:41	81	975.021	58.634	0	0	1	0	0	0	0	1	0	0	1	10
2013/09/17-20:18:09	81	975.021	58.634	0	0	1	0	0	0	0	1	0	0	1	6
2013/09/17-20:26:17	82	949.261	54.014	0	0	1	0	0	0	0	1	0	0	1	6
2013/09/17-20:26:42	82	949.261	54.014	0	0	0	0	0	0	0	1	1	0	0	6
2013/09/17-20:27:08	82	949.261	54.014	0	0	1	0	0	0	0	1	0	0	1	6
2013/09/17-20:27:32	82	949.261	54.014	0	0	1	0	0	0	0	1	0	0	1	6
2013/09/17-20:27:57	82	949.261	54.014	0	0	1	0	0	0	0	1	0	0	1	6
2013/09/18-09:05:01	81	964.61	58.749	0	0	1	0	0	0	0	1	0	0	1	6
2013/09/18-09:05:27	81	964.61	58.749	0	0	1	0	0	0	0	1	0	0	1	6
2013/09/18-09:06:45	81	964.61	58.749	0	0	1	0	0	0	0	1	0	0	1	6
2013/09/18-09:07:10	81	964.61	58.749	0	0	1	0	0	0	0	1	0	0	1	6
2013/09/18-09:08:29	81	964.61	58.749	0	0	1	0	0	0	0	1	0	0	1	6
2013/09/18-09:18:35	81	960.485	56.27	0	0	1	0	0	0	0	1	0	0	1	6
2013/09/18-09:19:00	81	960.485	56.27	0	0	1	0	0	0	0	1	0	1	0	6
2013/09/18-11:05:24	81	960.485	56.27	0	0	1	0	0	0	0	1	0	0	1	6
2013/09/18-11:05:49	81	960.485	56.27	0	0	1	0	0	0	0	1	0	0	1	6
2013/09/18-11:06:14	81	960.485	56.27	0	0	1	0	0	0	0	1	0	0	1	6
2013/09/18-11:15:18	81	968.142	53.87	0	0	1	0	0	0	0	1	0	0	1	6
2013/09/18-11:15:43	81	968.142	53.87	0	0	1	0	0	0	0	1	0	0	1	6
2013/09/18-11:16:08	81	968.142	53.87	0	0	1	0	0	0	0	1	0	0	1	6
2013/09/18-11:16:33	81	968.142	53.87	0	0	1	0	0	0	0	1	0	0	1	6
2013/09/18-11:16:58	81	968.142	53.87	0	0	1	0	0	0	0	1	0	0	1	6
2013/09/18-16:00:43	81	979.092	58.677	0	0	1	0	0	0	0	1	0	0	1	6
2013/09/18-16:02:01	81	979.092	58.677	0	0	1	0	0	0	0	1	0	0	1	6
2013/09/18-16:02:26	81	979.092	58.677	0	0	1	0	0	0	0	1	0	0	1	6
2013/09/18-16:02:52	81	979.092	58.677	0	0	1	0	0	0	0	1	0	0	1	6
2013/09/18-16:03:31	81	979.092	58.677	0	0	0	0	0	0	0	1	1	0	0	6
2013/09/18-16:12:49	79	982.81	56.064	0	0	1	0	0	0	0	1	0	0	1	6
2013/09/18-16:13:16	79	982.81	56.064	0	0	1	0	0	0	0	1	0	0	1	6
2013/09/18-16:13:41	79	982.81	56.064	0	0	1	0	0	0	0	1	0	0	1	6
2013/09/18-16:14:06	79	982.81	56.064	0	0	1	0	0	0	0	1	0	0	1	6
2013/09/18-16:14:31	79	982.81	56.064	0	0	1	0	0	0	0	1	0	0	1	6
2013/09/18-16:24:13	79	982.81	56.064	0	0	1	0	0	0	0	1	0	0	1	6
2013/09/18-16:24:54	79	982.81	56.064	0	0	1	0	0	0	0	1	0	0	1	3
2013/09/18-16:25:19	79	982.81	56.064	0	0	1	0	0	0	0	1	0	0	1	6
2013/09/18-16:25:44	79	995.323	52.801	0	0	1	0	0	0	0	1	0	0	1	6
2013/09/18-16:26:09	79	995.323	52.801	0	0	1	0	0	0	0	1	0	0	1	6
2013/09/19-00:07:33	79	994.058	57.182	0	0	1	0	0	0	0	1	0	0	1	6
2013/09/19-00:08:06	79	994.058	57.182	0	0	1	0	0	0	0	1	0	0	1	6
2013/09/19-00:08:49	79	994.058	57.182	0	0	1	0	0	0	0	1	0	0	1	6
2013/09/19-00:09:58	79	994.058	57.182	0	0	1	0	0	0	0	1	0	0	1	3
2013/09/19-00:10:24	79	994.058	57.182	0	0	1	0	0	0	0	1	0	0	1	3
2013/09/19-00:26:39	78	1,003.77	57.099	0	0	1	0	0	0	0	1	0	0	1	6
2013/09/19-00:27:58	78	1,003.77	57.099	0	0	1	0	0	0	0	1	0	0	1	6
2013/09/19-00:28:22	78	1,003.77	57.099	0	0	1	0	0	0	0	1	0	0	1	9
2013/09/19-00:28:50	78	1,003.77	57.099	0	0	1	0	0	0	0	1	0	0	1	6
2013/09/19-00:29:19	78	1,003.77	57.099	0	0	1	0	0	0	0	1	0	0	1	6
2013/09/19-00:38:19	78	1,003.77	57.099	0	0	1	0	0	0	0	1	0	0	1	6
2013/09/19-00:38:44	78	1,003.77	57.099	0	0	0	0	0	0	0	1	1	0	0	6
2013/09/19-00:39:09	78	1,003.77	57.099	0	0	1	0	0	0	0	1	0	0	1	6
2013/09/19-07:17:36	78	1,003.77	57.099	0	0	0	0	0	0	0	1	1	0	0	6
2013/09/19-07:18:01	78	1,003.77	57.099	0	0	1	0	0	0	0	1	0	0	1	6
2013/09/19-09:18:39	80	1,002.68	56.86	0	0	1	0	0	0	0	1	0	0	1	3
2013/09/19-09:19:16	80	1,002.68	56.86	0	0	1	0	0	0	0	1	0	0	1	5
2013/09/19-09:19:40	80	1,002.68	56.86	0	0	1	0	0	0	0	1	0	0	1	4
2013/09/19-09:20:29	80	1,002.68	56.86	0	0	1	0	0	0	0	1	0	0	1	6
2013/09/19-09:21:20	80	1,002.68	56.86	0	0	1	0	0	0	0	1	0	0	1	6
2013/09/19-09:22:20	80	1,002.68	56.86	0	0	1	0	0	0	0	1	0	0	1	6
2013/09/19-09:22:47	80	1,002.68	56.86	0	0	1	0	0	0	0	1	0	0	1	6
2013/09/19-09:24:06	80	1,002.68	56.86	0	0	1	0	0	0	0	1	0	0	1	6
2013/09/19-09:24:33	80	1,002.68	56.86	0	0	1	0	0	0	0	1	0	0	1	6
2013/09/19-09:24:58	80	1,002.68	56.86	0	0	1	0	0	0	0	1	0	0	1	6
2013/09/19-09:39:31	80	1,002.68	56.86	0	0	1	0	0	0	0	1	0	0	1	6
2013/09/19-09:39:56	80	1,002.68	56.86	0	0	1	0	0	0	0	1	0	0	1	6
2013/09/19-09:40:21	80	1,002.68	56.86	0	0	1	0	0	0	0	1	0	0	1	6
2013/09/19-09:40:47	80	1,002.68	56.86	0	0	1	0	0	0	0	1	0	0	1	6
2013/09/19-09:41:12	80	1,002.68	56.86	0	0	1	0	0	0	0	1	0	0	1	6
2013/09/19-13:52:53	81	1,007.897	58.484	0	0	1	0	0	0	0	1	0	0	1	6
2013/09/19-13:53:35	81	1,007.897	58.484	0	0	1	0	0	0	0	1	0	0	1	3
2013/09/19-13:54:35	81	1,007.897	58.484	0	0	1	0	0	0	0	1	0	0	1	3
2013/09/19-13:55:00	81	1,007.897	58.484	0	0	1	0	0	0	0	1	0	0	1	3
2013/09/19-13:55:28	81	1,007.897	58.484	0	0	1	0	0	0	0	1	0	0	1	6
2013/09/19-13:56:28	81	1,007.897	58.484	0	0	1	0	0	0	0	1	0	0	1	6
2013/09/19-13:56:53	81	1,004.001	57.872	0	0	1	0	0	0	0	1	0	0	1	6
2013/09/19-13:57:36	81	1,004.001	57.872	0	0	1	0	0	0	0	1	0	0	1	6
2013/09/19-13:58:54	81	1,004.001	57.872	0	0	1	0	0	0	0	1	0	0	1	6
2013/09/19-13:59:20	81	1,004.001	57.872	0	0	1	0	0	0	0	1	0	0	1	6
2013/09/19-14:12:33	81	1,004.001	57.872	0	0	1	0	0	0	0	1	0	0	1	6
2013/09/19-14:12:58	81	1,004.001	57.872	0	0	1	0	0	0	0	1	0	0	1	6
2013/09/19-14:13:23	81	1,004.001	57.872	0	0	1	0	0	0	0	1	0	0	1	6
2013/09/19-14:13:48	81	1,004.001	57.872	0	0	0	0	0	0	0	1	1	0	0	6
2013/09/19-14:14:13	81	1,004.001	57.872	0	0	1	0	0	0	0	1	0	0	1	3
2013/09/19-18:01:42	82	1,020.767	61.392	0	0	1	0	0	0	0	1	0	0	1	6
2013/09/19-18:02:49	82	1,020.767	61.392	0	0	1	0	0	0	0	1	0	0	1	3
2013/09/19-18:03:33	82	1,020.767	61.392	0	0	1	0	0	0	0	1	0	0	1	6
2013/09/19-18:04:36	82	1,020.767	61.392	0	0	1	0	0	0	0	1	0	0	1	3
2013/09/19-18:05:01	82	1,020.767	61.392	0	0	1	0	0	0	0	1	0	0	1	6
2013/09/19-18:15:23	82	1,020.767	61.392	0	0	1	0	0	0	0	1	0	0	1	6
2013/09/19-18:16:42	82	1,020.767	61.392	0	0	1	0	0	0	0	1	0	0	1	6
2013/09/19-18:17:24	82	1,020.767	61.392	0	0	1	0	0	0	0	1	0	0	1	6
2013/09/19-18:18:23	82	1,020.767	61.392	0	0	1	0	0	0	0	1	0	0	1	6
2013/09/19-18:18:55	82	1,020.767	61.392	0	0	1	0	0	0	0	1	0	0	1	6
2013/09/19-18:31:08	82	1,020.767	61.392	0	0	1	0	0	0	0	1	0	0	1	3
2013/09/19-18:31:33	82	1,020.767	61.392	0	0	1	0	0	0	0	1	0	0	1	6
2013/09/19-18:31:58	82	1,020.767	61.392	0	0	1	0	0	0	0	1	0	0	1	6
2013/09/19-18:32:23	82	1,020.767	61.392	0	0	1	0	0	0	0	1	0	0	1	6
2013/09/19-18:32:51	82	1,020.767	61.392	0	0	1	0	0	0	0	1	0	0	1	4
2013/09/19-22:07:36	83	1,010.143	63.672	0	0	1	0	0	0	0	1	0	0	1	6
2013/09/19-22:08:03	83	1,010.143	63.672	0	0	1	0	0	0	0	1	0	0	1	4
2013/09/19-22:09:04	83	1,010.143	63.672	0	0	1	0	0	0	0	1	0	0	1	6
2013/09/19-22:10:05	83	1,010.143	63.672	0	0	1	0	0	0	0	1	0	0	1	3
2013/09/19-23:44:25	83	1,010.143	63.672	0	0	1	0	0	0	0	1	0	0	1	4
2013/09/19-23:53:34	83	1,010.143	63.672	0	0	1	0	0	0	0	1	0	0	1	6
2013/09/19-23:53:59	83	1,010.143	63.672	0	0	1	0	0	0	0	1	0	0	1	3
2013/09/19-23:55:18	83	1,010.143	63.672	0	0	0	0	0	0	0	1	1	0	0	6
2013/09/19-23:55:43	83	1,010.143	63.672	0	0	1	0	0	0	0	1	0	0	1	6
2013/09/19-23:56:17	83	1,010.143	63.672	0	0	1	0	0	0	0	1	0	0	1	6
2013/09/20-00:07:12	79	1,046.891	61.54	0	0	1	0	0	0	0	1	0	0	1	6
2013/09/20-00:07:37	79	1,046.891	61.54	0	0	1	0	0	0	0	1	0	0	1	6
2013/09/20-00:08:02	79	1,046.891	61.54	0	0	1	0	0	0	0	1	0	0	1	6
2013/09/20-00:08:27	79	1,046.891	61.54	0	0	1	0	0	0	0	1	0	0	1	6
2013/09/20-00:08:52	79	1,046.891	61.54	0	0	1	0	0	0	0	1	0	0	1	6
2013/09/20-03:36:40	82	1,051.355	64.327	0	0	1	0	0	0	0	1	0	0	1	4
2013/09/20-03:37:04	82	1,051.355	64.327	0	0	1	0	0	0	0	1	0	0	1	6
2013/09/20-03:38:23	82	1,051.355	64.327	0	0	1	0	0	0	0	1	0	0	1	6
2013/09/20-03:39:35	82	1,051.355	64.327	0	0	1	0	0	0	0	1	0	0	1	3
2013/09/20-03:40:13	82	1,051.355	64.327	0	0	1	0	0	0	0	1	0	0	1	3
2013/09/20-03:50:06	82	1,052.749	63.578	0	0	1	0	0	0	0	1	0	0	1	3
2013/09/20-03:50:53	82	1,052.749	63.578	0	0	1	0	0	0	0	1	0	0	1	6
2013/09/20-03:51:59	82	1,052.749	63.578	0	0	1	0	0	0	0	1	0	0	1	6
2013/09/20-03:53:13	82	1,052.749	63.578	0	0	1	0	0	0	0	1	0	0	1	6
2013/09/20-03:53:38	82	1,052.749	63.578	0	0	1	0	0	0	0	1	0	0	1	6
2013/09/20-04:04:06	82	1,052.749	63.578	0	0	1	0	0	0	0	1	0	0	1	6
2013/09/20-04:04:56	82	1,052.749	63.578	0	0	1	0	0	0	0	1	0	0	1	6
2013/09/20-04:05:22	82	1,052.749	63.578	0	0	1	0	0	0	0	1	0	0	1	4
2013/09/20-04:05:45	82	1,052.749	63.578	0	0	1	0	0	0	0	1	0	0	1	6
2013/09/20-04:07:04	82	1,052.749	63.578	0	0	1	0	0	0	0	1	0	0	1	4
2013/09/20-07:48:59	83	1,046.295	66.971	0	0	1	0	0	0	0	1	0	0	1	6
2013/09/20-07:50:18	83	1,046.295	66.971	0	0	1	0	0	0	0	1	0	0	1	3
2013/09/20-07:51:06	83	1,046.295	66.971	0	0	1	0	0	0	0	1	0	0	1	6
2013/09/20-07:51:31	83	1,046.295	66.971	0	0	1	0	0	0	0	1	0	0	1	6
2013/09/20-07:52:48	83	1,046.295	66.971	0	0	1	0	0	0	0	1	0	0	1	6
2013/09/20-08:01:37	83	1,046.295	66.971	0	0	1	0	0	0	0	1	0	0	1	6
2013/09/20-08:02:21	83	1,046.295	66.971	0	0	1	0	0	0	0	1	0	0	1	6
2013/09/20-08:02:56	83	1,046.295	66.971	0	0	1	0	0	0	0	1	0	0	1	6
2013/09/20-08:03:27	83	1,046.295	66.971	0	0	1	0	0	0	0	1	0	0	1	6
2013/09/20-08:04:00	83	1,046.295	66.971	0	0	1	0	0	0	0	1	0	0	1	6
2013/09/20-08:16:00	83	1,046.295	66.971	0	0	1	0	0	0	0	1	0	0	1	6
2013/09/20-08:16:25	83	1,046.295	66.971	0	0	1	0	0	0	0	1	0	0	1	6
2013/09/20-08:16:51	83	1,046.295	66.971	0	0	1	0	0	0	0	1	0	0	1	3
2013/09/20-08:17:14	83	1,046.295	66.971	0	0	0	0	0	0	0	1	1	0	0	4
2013/09/20-08:17:37	83	1,046.295	66.971	0	0	1	0	0	0	0	1	0	0	1	6
2013/09/20-12:50:48	83	1,070.985	68.823	0	0	1	0	0	0	0	1	0	0	1	6
2013/09/20-12:51:22	83	1,070.985	68.823	0	0	1	0	0	0	0	1	0	0	1	6
2013/09/20-12:51:47	83	1,070.985	68.823	0	0	1	0	0	0	0	1	0	0	1	6
2013/09/20-12:52:51	83	1,070.985	68.823	0	0	1	0	0	0	0	1	0	0	1	6
2013/09/20-12:53:22	83	1,070.985	68.823	0	0	1	0	0	0	0	1	0	0	1	6
2013/09/20-14:57:03	83	1,070.985	68.823	0	0	1	0	0	0	0	1	0	0	1	4
2013/09/20-14:57:28	83	1,070.985	68.823	0	0	1	0	0	0	0	1	0	0	1	6
2013/09/20-14:57:55	83	1,070.985	68.823	0	0	1	0	0	0	0	1	0	0	1	6
2013/09/20-14:58:21	83	1,070.985	68.823	0	0	1	0	0	0	0	1	0	0	1	6
2013/09/20-14:58:46	83	1,070.985	68.823	0	0	1	0	0	0	0	1	0	0	1	6
2013/09/20-15:13:38	83	1,070.985	68.823	0	0	1	0	0	0	0	1	0	0	1	6
2013/09/20-15:14:27	83	1,070.985	68.823	0	0	1	0	0	0	0	1	0	0	1	6
2013/09/20-15:14:52	83	1,070.985	68.823	0	0	1	0	0	0	0	1	0	0	1	6
2013/09/20-15:15:17	83	1,070.985	68.823	0	0	1	0	0	0	0	1	0	0	1	6
2013/09/20-15:15:43	83	1,070.985	68.823	0	0	1	0	0	0	0	1	0	0	1	6
2013/09/20-18:54:53	78	1,120.617	69.022	0	0	1	0	0	0	0	1	0	0	1	6
2013/09/20-18:55:24	78	1,120.617	69.022	0	0	1	0	0	0	0	1	0	0	1	6
2013/09/20-18:56:00	78	1,120.617	69.022	0	0	1	0	0	0	0	1	0	0	1	6
2013/09/20-18:56:25	78	1,120.617	69.022	0	0	1	0	0	0	0	1	0	0	1	6
2013/09/20-18:57:00	78	1,120.617	69.022	0	0	1	0	0	0	0	1	0	0	1	6
2013/09/20-18:58:25	78	1,120.617	69.022	0	0	1	0	0	0	0	1	0	0	1	6
2013/09/20-18:59:32	78	1,120.617	69.022	0	0	1	0	0	0	0	1	0	0	1	3
2013/09/20-19:00:08	78	1,120.617	69.022	0	0	1	0	0	0	0	1	0	0	1	6
2013/09/20-19:01:27	78	1,120.617	69.022	0	0	1	0	0	0	0	1	0	0	1	6
2013/09/20-19:02:05	78	1,120.617	69.022	0	0	1	0	0	0	0	1	0	0	1	6
2013/09/20-19:14:57	79	1,107.35	65.971	0	0	1	0	0	0	0	1	0	0	1	6
2013/09/20-19:16:16	79	1,107.35	65.971	0	0	1	0	0	0	0	1	0	0	1	5
2013/09/20-19:17:35	79	1,107.35	65.971	0	0	1	0	0	0	0	1	0	0	1	6
2013/09/20-19:18:55	79	1,107.35	65.971	0	0	1	0	0	0	0	1	0	0	1	6
2013/09/20-19:20:13	79	1,107.35	65.971	0	0	1	0	0	0	0	1	0	0	1	6
2013/09/20-20:23:37	80	1,103.56	63.97	0	0	1	0	0	0	0	1	0	0	1	6
2013/09/20-20:24:03	80	1,103.56	63.97	0	0	1	0	0	0	0	1	0	0	1	6
2013/09/20-20:24:34	80	1,103.56	63.97	0	0	1	0	0	0	0	1	0	0	1	6
2013/09/20-20:25:05	80	1,103.56	63.97	0	0	1	0	0	0	0	1	0	0	1	6
2013/09/20-20:25:41	80	1,103.56	63.97	0	0	1	0	0	0	0	1	0	0	1	4
2013/09/20-20:33:18	81	1,107.737	60.776	0	0	1	0	0	0	0	1	0	0	1	6
2013/09/20-20:33:43	81	1,107.737	60.776	0	0	0	0	0	0	0	1	1	0	0	6
2013/09/20-20:34:08	81	1,107.737	60.776	0	0	1	0	0	0	0	1	0	0	1	6
2013/09/20-20:34:39	81	1,107.737	60.776	0	0	1	0	0	0	0	1	0	0	1	3
2013/09/20-20:35:04	81	1,107.737	60.776	0	0	1	0	0	0	0	1	0	0	1	6
2013/09/20-20:42:49	81	1,107.737	60.776	0	0	1	0	0	0	0	1	0	0	1	6
2013/09/20-20:43:14	81	1,107.737	60.776	0	0	1	0	0	0	0	1	0	0	1	6
2013/09/20-20:43:39	81	1,107.737	60.776	0	0	0	0	0	0	0	1	1	0	0	6
2013/09/20-20:44:04	81	1,107.737	60.776	0	0	1	0	0	0	0	1	0	0	1	6
2013/09/20-20:44:28	81	1,107.737	60.776	0	0	1	0	0	0	0	1	0	0	1	6
2013/12/27-14:42:30	92	1,101.324	76.443	0	0	0	0	0	0	0	1	1	0	0	60
2013/12/27-14:43:48	92	1,101.324	76.443	0	0	0	0	0	0	0	1	1	0	0	60
2013/12/27-14:45:08	92	1,101.324	76.443	0	0	0	0	0	0	0	1	1	0	0	60
2013/12/27-14:46:27	92	1,101.324	76.443	0	0	0	0	0	0	0	1	1	0	0	60
2013/12/27-14:47:46	92	1,101.324	76.443	0	0	1	0	0	0	0	1	0	0	1	3
2013/12/27-14:58:08	92	1,101.324	76.443	0	0	0	0	0	0	0	1	0	1	0	60
2013/12/27-14:59:28	92	1,101.324	76.443	0	0	0	0	0	0	0	1	0	1	0	60
2013/12/27-15:00:47	92	1,101.324	76.443	0	0	0	0	0	0	0	1	0	1	0	60
2013/12/27-15:02:06	92	1,101.324	76.443	0	0	0	0	0	0	0	1	0	1	0	60
2013/12/27-15:03:25	92	1,101.324	76.443	0	0	0	0	0	0	0	1	0	1	0	60
2013/12/27-15:04:51	92	1,101.324	76.443	0	0	0	0	0	0	0	1	0	1	0	30
2013/12/27-15:05:46	91	1,130.694	67.171	0	0	0	0	0	0	0	1	0	1	0	60
2013/12/27-15:07:12	91	1,130.694	67.171	0	0	0	0	0	0	0	1	0	1	0	60
2013/12/27-15:08:37	91	1,130.694	67.171	0	0	0	0	0	0	0	1	0	1	0	30
2013/12/27-15:09:33	91	1,130.694	67.171	0	0	0	0	0	0	0	1	0	1	0	30
2013/12/27-15:10:28	91	1,130.694	67.171	0	0	0	0	0	0	0	1	0	1	0	60
2013/12/27-15:11:54	91	1,130.694	67.171	0	0	0	0	0	0	0	1	0	1	0	30
2013/12/27-15:12:50	91	1,130.694	67.171	0	0	0	0	0	0	0	1	0	1	0	60
2013/12/27-15:14:15	91	1,130.694	67.171	0	0	0	0	0	0	0	1	0	1	0	30
2013/12/27-15:15:11	91	1,130.694	67.171	0	0	0	0	0	0	0	1	0	1	0	60
2013/12/27-15:16:36	91	1,130.694	67.171	0	0	0	0	0	0	0	1	0	1	0	30
2013/12/27-15:17:32	91	1,130.694	67.171	0	0	0	0	0	0	0	1	0	1	0	60
2013/12/27-15:18:58	91	1,130.694	67.171	0	0	0	0	0	0	0	1	0	1	0	60
2013/12/27-15:20:24	91	1,130.694	67.171	0	0	0	0	0	0	0	1	0	1	0	60
2013/12/27-15:21:51	91	1,130.694	67.171	0	0	0	0	0	0	0	1	0	1	0	30
2013/12/27-15:22:47	91	1,130.694	67.171	0	0	0	0	0	0	0	1	0	1	0	60
2013/12/27-15:24:13	91	1,130.694	67.171	0	0	0	0	0	0	0	1	0	1	0	30
2013/12/27-15:25:08	91	1,130.694	67.171	0	0	0	0	0	0	0	1	0	1	0	60
2013/12/27-15:26:35	91	1,130.694	67.171	0	0	0	0	0	0	0	1	0	1	0	30
2013/12/27-15:27:31	91	1,130.694	67.171	0	0	0	0	0	0	0	1	0	1	0	30
2013/12/27-15:28:27	91	1,130.694	67.171	0	0	0	0	0	0	0	1	0	1	0	64
2013/12/27-15:30:33	91	1,130.694	67.171	0	0	0	0	0	0	0	1	0	1	0	32
2013/12/27-15:31:52	91	1,130.694	67.171	0	0	0	0	0	0	0	1	0	1	0	65
2013/12/27-16:21:24	91	1,130.694	67.171	0	0	0	0	0	0	0	1	0	1	0	60
2013/12/27-16:22:57	91	1,130.694	67.171	0	0	0	0	0	0	0	1	0	1	0	60
2013/12/27-16:24:22	91	1,130.694	67.171	0	0	0	0	0	0	0	1	0	1	0	30
2013/12/27-16:25:17	91	1,130.694	67.171	0	0	0	0	0	0	0	1	0	1	0	30
2013/12/27-16:26:12	91	1,130.694	67.171	0	0	0	0	0	0	0	1	0	1	0	60
2013/12/27-16:27:37	91	1,130.694	67.171	0	0	0	0	0	0	0	1	0	1	0	30
2013/12/27-16:28:33	91	1,130.694	67.171	0	0	0	0	0	0	0	1	0	1	0	30
2013/12/27-16:29:28	91	1,130.694	67.171	0	0	0	0	0	0	0	1	0	1	0	60
2013/12/27-16:30:53	91	1,130.694	67.171	0	0	0	0	0	0	0	1	0	1	0	30
2013/12/27-16:31:48	91	1,130.694	67.171	0	0	0	0	0	0	0	1	0	1	0	60
2013/12/27-16:33:13	91	1,130.694	67.171	0	0	0	0	0	0	0	1	0	1	0	60
2013/12/27-16:34:38	91	1,130.694	67.171	0	0	0	0	0	0	0	1	0	1	0	30
2013/12/27-16:35:34	91	1,130.694	67.171	0	0	0	0	0	0	0	1	0	1	0	60
2013/12/27-16:36:59	91	1,130.694	67.171	0	0	0	0	0	0	0	1	0	1	0	30
2013/12/27-16:37:55	91	1,130.694	67.171	0	0	0	0	0	0	0	1	0	1	0	60
2013/12/27-16:39:20	91	1,130.694	67.171	0	0	0	0	0	0	0	1	0	1	0	60
2013/12/27-16:40:45	91	1,130.694	67.171	0	0	0	0	0	0	0	1	0	1	0	60
2013/12/27-16:42:10	91	1,130.694	67.171	0	0	0	0	0	0	0	1	0	1	0	30
2013/12/27-16:43:06	91	1,130.694	67.171	0	0	0	0	0	0	0	1	0	1	0	60
2013/12/27-16:44:31	91	1,130.694	67.171	0	0	0	0	0	0	0	1	0	1	0	60
2013/12/27-16:45:56	91	1,130.694	67.171	0	0	0	0	0	0	0	1	0	1	0	60
2013/12/27-16:47:21	91	1,130.694	67.171	0	0	0	0	0	0	0	1	0	1	0	30
2013/12/27-16:48:16	91	1,130.694	67.171	0	0	0	0	0	0	0	1	0	1	0	30
2013/12/27-16:49:12	91	1,130.694	67.171	0	0	0	0	0	0	0	1	0	1	0	30
2013/12/27-16:50:07	91	1,130.694	67.171	0	0	0	0	0	0	0	1	0	1	0	30
2013/12/27-16:51:02	91	1,130.694	67.171	0	0	0	0	0	0	0	1	0	1	0	60
2013/12/27-16:52:28	91	1,130.694	67.171	0	0	0	0	0	0	0	1	0	1	0	30
2013/12/27-16:53:23	91	1,130.694	67.171	0	0	0	0	0	0	0	1	0	1	0	60
2013/12/27-16:54:48	91	1,130.694	67.171	0	0	0	0	0	0	0	1	0	1	0	30
2013/12/27-16:55:44	91	1,130.694	67.171	0	0	0	0	0	0	0	1	0	1	0	60
2013/12/27-16:57:09	91	1,130.694	67.171	0	0	0	0	0	0	0	1	0	1	0	30
2013/12/27-16:58:05	91	1,130.694	67.171	0	0	0	0	0	0	0	1	0	1	0	60
2013/12/27-16:59:30	91	1,130.694	67.171	0	0	0	0	0	0	0	1	0	1	0	30
2013/12/27-17:00:25	91	1,130.694	67.171	0	0	0	0	0	0	0	1	0	1	0	60
2013/12/27-17:01:51	91	1,130.694	67.171	0	0	0	0	0	0	0	1	0	1	0	30
2013/12/27-17:02:46	91	1,130.694	67.171	0	0	0	0	0	0	0	1	0	1	0	60
2013/12/27-17:04:12	91	1,130.694	67.171	0	0	0	0	0	0	0	1	0	1	0	30
2013/12/27-17:05:07	91	1,130.694	67.171	0	0	0	0	0	0	0	1	0	1	0	60
2013/12/27-17:06:32	91	1,130.694	67.171	0	0	0	0	0	0	0	1	0	1	0	30
2013/12/27-17:07:28	91	1,130.694	67.171	0	0	0	0	0	0	0	1	0	1	0	30
2013/12/27-17:08:31	91	1,130.694	67.171	0	0	1	0	0	0	0	1	0	0	1	8
2013/12/27-17:08:55	91	1,130.694	67.171	0	0	1	0	0	0	0	1	0	0	1	18
2013/12/27-17:23:55	92	1,132.976	47.733	0	0	0	0	0	0	0	1	1	0	0	60
2013/12/27-17:25:15	92	1,132.976	47.733	0	0	0	0	0	0	0	1	0	0	1	62
2013/12/27-17:26:51	92	1,132.976	47.733	0	0	1	0	0	0	0	1	0	0	1	3
2013/12/27-17:28:11	92	1,132.976	47.733	0	0	0	0	0	0	0	1	1	0	0	60
2013/12/27-17:29:40	92	1,132.976	47.733	0	0	0	0	0	0	0	1	1	0	0	22
2013/12/28-12:42:53	93	1,142.822	72.839	0	0	1	0	0	0	0	1	0	0	1	8
2013/12/28-12:43:23	93	1,142.822	72.839	0	0	1	0	0	0	0	1	0	0	1	8
2013/12/28-12:43:50	93	1,142.822	72.839	0	0	1	0	0	0	0	1	0	0	1	8
2013/12/28-12:44:18	93	1,142.822	72.839	0	0	1	0	0	0	0	1	0	0	1	8
2013/12/28-12:44:45	93	1,142.822	72.839	0	0	1	0	0	0	0	1	0	0	1	8
2013/12/28-12:49:56	96	1,115.748	67.986	0	0	1	0	0	0	0	1	0	0	1	6
2013/12/28-12:50:22	96	1,115.748	67.986	0	0	1	0	0	0	0	1	0	0	1	3
2013/12/28-12:50:47	96	1,115.748	67.986	0	0	1	0	0	0	0	1	0	0	1	8
2013/12/28-12:51:13	96	1,115.748	67.986	0	0	1	0	0	0	0	1	0	0	1	8
2013/12/28-12:51:40	96	1,115.748	67.986	0	0	1	0	0	0	0	1	0	0	1	8
2013/12/28-13:05:38	96	1,115.748	67.986	0	0	1	0	0	0	0	1	0	0	1	8
2013/12/28-13:06:04	96	1,115.748	67.986	0	0	1	0	0	0	0	1	0	0	1	8
2013/12/28-13:06:31	96	1,115.748	67.986	0	0	1	0	0	0	0	1	0	0	1	8
2013/12/28-13:06:58	96	1,115.748	67.986	0	0	1	0	0	0	0	1	1	0	0	8
2013/12/28-13:07:25	96	1,115.748	67.986	0	0	1	0	0	0	0	1	0	0	1	8
2013/12/28-13:07:59	96	1,115.748	67.986	0	0	0	0	0	0	0	1	1	0	0	8
2013/12/28-18:32:42	91	1,136.466	67.637	0	0	1	0	0	0	0	1	0	0	1	8
2013/12/28-18:33:24	91	1,136.466	67.637	0	0	1	0	0	0	0	1	0	0	1	8
2013/12/28-18:33:51	91	1,136.466	67.637	0	0	1	0	0	0	0	1	0	0	1	8
2013/12/28-18:34:19	91	1,136.466	67.637	0	0	1	0	0	0	0	1	0	0	1	6
2013/12/28-18:34:48	93	1,113.022	64.239	0	0	1	0	0	0	0	1	0	0	1	8
2013/12/28-18:40:05	93	1,113.022	64.239	0	0	0	0	0	0	0	1	1	0	0	8
2013/12/28-18:40:32	93	1,113.022	64.239	0	0	1	0	0	0	0	1	0	0	1	8
2013/12/28-18:40:58	93	1,113.022	64.239	0	0	0	0	0	0	0	1	1	0	0	8
2013/12/28-18:41:26	93	1,113.022	64.239	0	0	0	0	0	0	0	1	1	0	0	8
2013/12/28-18:41:53	93	1,113.022	64.239	0	0	0	0	0	0	0	1	1	0	0	8
2013/12/28-18:50:20	93	1,113.022	64.239	0	0	1	0	0	0	0	1	0	0	1	4
2013/12/28-18:50:47	93	1,113.022	64.239	0	0	1	0	0	0	0	1	0	0	1	8
2013/12/28-18:51:14	93	1,113.022	64.239	0	0	1	0	0	0	0	1	0	0	1	8
2013/12/28-18:51:41	93	1,113.022	64.239	0	0	1	0	0	0	0	1	0	0	1	8
2013/12/28-18:52:08	93	1,113.022	64.239	0	0	0	0	0	0	0	1	1	0	0	8
2013/12/29-02:35:47	89	1,149.257	68.395	0	0	1	0	0	0	0	1	0	0	1	8
2013/12/29-02:37:07	89	1,149.257	68.395	0	0	1	0	0	0	0	1	0	0	1	8
2013/12/29-02:37:34	89	1,149.257	68.395	0	0	1	0	0	0	0	1	0	0	1	8
2013/12/29-02:38:00	89	1,149.257	68.395	0	0	1	0	0	0	0	1	0	0	1	8
2013/12/29-02:39:20	89	1,149.257	68.395	0	0	1	0	0	0	0	1	0	0	1	8
2013/12/29-02:49:29	89	1,149.257	68.395	0	0	1	0	0	0	0	1	0	0	1	8
2013/12/29-02:49:56	89	1,149.257	68.395	0	0	0	0	0	0	0	1	1	0	0	8
2013/12/29-02:50:23	89	1,149.257	68.395	0	0	1	0	0	0	0	1	0	0	1	6
2013/12/29-02:50:48	89	1,149.257	68.395	0	0	1	0	0	0	0	1	0	0	1	3
2013/12/29-02:51:15	89	1,149.257	68.395	0	0	0	0	0	0	0	1	1	0	0	8
2013/12/29-02:59:42	93	1,133.456	61.569	0	0	1	0	0	0	0	1	0	0	1	3
2013/12/29-03:00:08	93	1,133.456	61.569	0	0	1	0	0	0	0	1	0	0	1	8
2013/12/29-03:00:35	93	1,133.456	61.569	0	0	1	0	0	0	0	1	0	0	1	8
2013/12/29-03:01:02	93	1,133.456	61.569	0	0	1	0	0	0	0	1	0	0	1	5
2013/12/29-03:01:29	93	1,133.456	61.569	0	0	1	0	0	0	0	1	0	0	1	8
2013/12/29-08:21:33	94	1,125.347	65.378	0	0	1	0	0	0	0	1	0	0	1	8
2013/12/29-08:22:12	94	1,125.347	65.378	0	0	1	0	0	0	0	1	0	0	1	6
2013/12/29-08:22:37	94	1,125.347	65.378	0	0	1	0	0	0	0	1	0	0	1	3
2013/12/29-08:23:08	94	1,125.347	65.378	0	0	1	0	0	0	0	1	0	0	1	5
2013/12/29-08:23:35	94	1,125.347	65.378	0	0	1	0	0	0	0	1	0	0	1	8
2013/12/29-08:34:46	94	1,125.347	65.378	0	0	1	0	0	0	0	1	0	0	1	3
2013/12/29-08:35:12	94	1,125.347	65.378	0	0	1	0	0	0	0	1	0	0	1	3
2013/12/29-08:35:40	94	1,125.347	65.378	0	0	1	0	0	0	0	1	0	0	1	8
2013/12/29-08:36:07	94	1,125.347	65.378	0	0	1	0	0	0	0	1	0	0	1	8
2013/12/29-08:36:33	94	1,125.347	65.378	0	0	1	0	0	0	0	1	0	0	1	8
2013/12/29-08:42:00	94	1,109.797	59.281	0	0	0	0	0	0	0	1	1	0	0	8
2013/12/29-08:42:27	94	1,109.797	59.281	0	0	0	0	0	0	0	1	1	0	0	8
2013/12/29-08:42:55	94	1,109.797	59.281	0	0	1	0	0	0	0	1	0	0	1	8
2013/12/29-08:43:22	94	1,109.797	59.281	0	0	1	0	0	0	0	1	0	0	1	8
2013/12/29-08:43:49	94	1,109.797	59.281	0	0	1	0	0	0	0	1	0	0	1	8
2013/12/30-04:42:34	95	1,116.942	76.061	0	0	1	0	0	0	0	1	0	0	1	8
2013/12/30-04:43:02	95	1,116.942	76.061	0	0	1	0	0	0	0	1	0	0	1	8
2013/12/30-04:43:29	95	1,116.942	76.061	0	0	0	0	0	0	0	1	1	0	0	8
2013/12/30-04:43:56	95	1,116.942	76.061	0	0	1	0	0	0	0	1	0	0	1	8
2013/12/30-04:44:23	95	1,116.942	76.061	0	0	1	0	0	0	0	1	0	0	1	8
2013/12/30-04:49:41	95	1,116.942	76.061	0	0	1	0	0	0	0	1	0	0	1	8
2013/12/30-04:50:08	95	1,116.942	76.061	0	0	1	0	0	0	0	1	0	0	1	8
2013/12/30-04:50:36	95	1,116.942	76.061	0	0	1	0	0	0	0	1	0	0	1	8
2013/12/30-04:51:03	93	1,121.557	68.562	0	0	1	0	0	0	0	1	0	0	1	8
2013/12/30-04:51:32	93	1,121.557	68.562	0	0	1	0	0	0	0	1	0	0	1	8
2013/12/30-04:59:53	93	1,121.557	68.562	0	0	0	0	0	0	0	1	1	0	0	8
2013/12/30-05:00:20	93	1,121.557	68.562	0	0	1	0	0	0	0	1	1	0	0	8
2013/12/30-05:00:47	93	1,121.557	68.562	0	0	1	0	0	0	0	1	0	0	1	8
2013/12/30-05:01:14	93	1,121.557	68.562	0	0	1	0	0	0	0	1	0	0	1	8
2013/12/30-05:01:41	93	1,121.557	68.562	0	0	1	0	0	0	0	1	0	0	1	8
2013/12/30-20:19:55	89	1,149.631	79.199	0	0	1	0	0	0	0	1	0	0	1	8
2013/12/30-20:20:22	89	1,149.631	79.199	0	0	1	0	0	0	0	1	0	0	1	8
2013/12/30-20:20:49	89	1,149.631	79.199	0	0	1	0	0	0	0	1	0	0	1	8
2013/12/30-20:21:16	89	1,149.631	79.199	0	0	1	0	0	0	0	1	0	0	1	8
2013/12/30-20:21:43	89	1,149.631	79.199	0	0	1	0	0	0	0	1	0	0	1	8
2013/12/30-20:30:03	89	1,149.631	79.199	0	0	0	0	0	0	0	1	1	0	0	8
2013/12/30-20:30:30	89	1,149.631	79.199	0	0	1	0	0	0	0	1	0	0	1	8
2013/12/30-20:30:57	89	1,149.631	79.199	0	0	1	0	0	0	0	1	0	0	1	8
2013/12/30-20:31:24	89	1,149.631	79.199	0	0	1	0	0	0	0	1	0	0	1	8
2013/12/30-20:31:51	89	1,149.631	79.199	0	0	1	0	0	0	0	1	0	0	1	8
2013/12/30-20:39:54	92	1,126.081	69.761	0	0	0	0	0	0	0	1	1	0	0	8
2013/12/30-20:40:21	92	1,126.081	69.761	0	0	0	0	0	0	0	1	1	0	0	8
2013/12/30-20:40:48	92	1,126.081	69.761	0	0	1	0	0	0	0	1	0	0	1	8
2013/12/30-20:41:15	92	1,126.081	69.761	0	0	1	0	0	0	0	1	1	0	0	8
2013/12/30-20:41:42	92	1,126.081	69.761	0	0	1	0	0	0	0	1	0	0	1	8
2013/12/31-10:17:19	90	1,147.791	78.247	0	0	1	0	0	0	0	1	0	0	1	8
2013/12/31-10:18:10	90	1,147.791	78.247	0	0	1	0	0	0	0	1	0	0	1	8
2013/12/31-10:19:11	90	1,147.791	78.247	0	0	1	0	0	0	0	1	0	0	1	8
2013/12/31-10:20:04	90	1,147.791	78.247	0	0	1	0	0	0	0	1	0	0	1	8
2013/12/31-10:20:45	90	1,147.791	78.247	0	0	1	0	0	0	0	1	0	0	1	8
2013/12/31-10:28:32	90	1,147.791	78.247	0	0	1	0	0	0	0	1	0	0	1	8
2013/12/31-10:28:59	90	1,147.791	78.247	0	0	1	0	0	0	0	1	0	0	1	8
2013/12/31-10:29:26	90	1,147.791	78.247	0	0	1	0	0	0	0	1	0	0	1	8
2013/12/31-10:29:55	90	1,147.791	78.247	0	0	1	0	0	0	0	1	0	0	1	8
2013/12/31-10:30:30	90	1,154.898	72.846	0	0	1	0	0	0	0	1	0	0	1	6
2013/12/31-10:45:33	90	1,154.898	72.846	0	0	1	0	0	0	0	1	0	0	1	8
2013/12/31-10:46:00	90	1,154.898	72.846	0	0	1	0	0	0	0	1	0	0	1	8
2013/12/31-10:46:27	90	1,154.898	72.846	0	0	1	0	0	0	0	1	0	0	1	4
2013/12/31-10:46:54	90	1,154.898	72.846	0	0	0	0	0	0	0	1	1	0	0	4
2013/12/31-10:47:16	90	1,154.898	72.846	0	0	1	0	0	0	0	1	0	0	1	8
2013/12/31-13:26:12	93	1,149.629	70.833	0	0	1	0	0	0	0	1	0	0	1	8
2013/12/31-13:27:03	93	1,149.629	70.833	0	0	1	0	0	0	0	1	0	0	1	8
2013/12/31-13:27:38	93	1,149.629	70.833	0	0	1	0	0	0	0	1	0	0	1	8
2013/12/31-13:28:48	93	1,149.629	70.833	0	0	1	0	0	0	0	1	0	0	1	8
2013/12/31-13:29:45	93	1,149.629	70.833	0	0	1	0	0	0	0	1	0	0	1	3
2013/12/31-13:47:11	93	1,149.629	70.833	0	0	0	0	0	0	0	1	1	0	0	8
2013/12/31-13:47:38	93	1,149.629	70.833	0	0	1	0	0	0	0	1	0	0	1	3
2013/12/31-13:48:04	93	1,149.629	70.833	0	0	0	0	0	0	0	1	1	0	0	8
2013/12/31-13:48:31	93	1,149.629	70.833	0	0	0	0	0	0	0	1	1	0	0	8
2013/12/31-13:48:58	93	1,149.629	70.833	0	0	1	0	0	0	0	1	0	0	1	6
2013/12/31-13:58:30	93	1,142.217	66.055	0	0	1	0	0	0	0	1	0	0	1	8
2013/12/31-13:59:49	93	1,142.217	66.055	0	0	1	0	0	0	0	1	0	0	1	8
2013/12/31-14:00:16	93	1,142.217	66.055	0	0	1	0	0	0	0	1	0	0	1	8
2013/12/31-14:00:43	93	1,142.217	66.055	0	0	1	0	0	0	0	1	0	0	1	8
2013/12/31-14:02:02	93	1,142.217	66.055	0	0	1	0	0	0	0	1	0	0	1	8
2013/12/31-18:25:57	94	1,141.968	68.929	0	0	1	0	0	0	0	1	0	0	1	5
2013/12/31-18:26:30	94	1,141.968	68.929	0	0	1	0	0	0	0	1	0	0	1	3
2013/12/31-18:27:01	94	1,141.968	68.929	0	0	1	0	0	0	0	1	0	0	1	4
2013/12/31-18:27:28	94	1,141.968	68.929	0	0	1	0	0	0	0	1	0	0	1	6
2013/12/31-18:28:07	94	1,141.968	68.929	0	0	1	0	0	0	0	1	0	0	1	8
2013/12/31-18:46:08	94	1,141.968	68.929	0	0	1	0	0	0	0	1	0	0	1	8
2013/12/31-18:46:35	94	1,141.968	68.929	0	0	1	0	0	0	0	1	0	0	1	8
2013/12/31-18:47:02	94	1,141.968	68.929	0	0	1	0	0	0	0	1	0	0	1	8
2013/12/31-18:47:29	94	1,141.968	68.929	0	0	0	0	0	0	0	1	1	0	0	8
2013/12/31-18:47:56	94	1,141.968	68.929	0	0	1	0	0	0	0	1	0	0	1	8
2013/12/31-19:02:32	93	1,161.526	64.637	0	0	1	0	0	0	0	1	0	0	1	8
2013/12/31-19:03:30	93	1,161.526	64.637	0	0	1	0	0	0	0	1	0	0	1	3
2013/12/31-19:04:12	93	1,161.526	64.637	0	0	1	0	0	0	0	1	0	0	1	8
2013/12/31-19:05:31	93	1,161.526	64.637	0	0	1	0	0	0	0	1	0	0	1	6
2013/12/31-19:05:59	93	1,161.526	64.637	0	0	1	0	0	0	0	1	0	0	1	8
2013/12/31-22:29:23	94	1,149.709	66.393	0	0	1	0	0	0	0	1	0	0	1	8
2013/12/31-22:30:42	94	1,149.709	66.393	0	0	1	0	0	0	0	1	0	0	1	3
2013/12/31-22:31:37	94	1,149.709	66.393	0	0	1	0	0	0	0	1	0	0	1	8
2013/12/31-22:32:56	94	1,149.709	66.393	0	0	1	0	0	0	0	1	0	0	1	5
2013/12/31-22:34:14	94	1,149.709	66.393	0	0	1	0	0	0	0	1	0	0	1	8
2013/12/31-22:51:00	94	1,149.709	66.393	0	0	1	0	0	0	0	1	0	0	1	4
2013/12/31-22:51:30	95	1,151.886	65.242	0	0	1	0	0	0	0	1	0	0	1	8
2013/12/31-22:51:57	95	1,151.886	65.242	0	0	1	0	0	0	0	1	0	0	1	8
2013/12/31-22:53:15	95	1,151.886	65.242	0	0	1	0	0	0	0	1	0	0	1	8
2013/12/31-22:54:34	95	1,151.886	65.242	0	0	1	0	0	0	0	1	0	0	1	3
2013/12/31-23:03:11	95	1,151.886	65.242	0	0	1	0	0	0	0	1	0	0	1	8
2013/12/31-23:03:38	95	1,151.886	65.242	0	0	1	0	0	0	0	1	0	0	1	8
2013/12/31-23:04:05	95	1,151.886	65.242	0	0	1	0	0	0	0	1	0	0	1	8
2013/12/31-23:04:31	95	1,151.886	65.242	0	0	1	0	0	0	0	1	0	0	1	8
2013/12/31-23:04:58	95	1,151.886	65.242	0	0	1	0	0	0	0	1	0	0	1	8
2014/01/01-02:47:28	92	1,169.467	65.192	0	0	1	0	0	0	0	1	0	0	1	8
2014/01/01-02:48:47	92	1,169.467	65.192	0	0	1	0	0	0	0	1	0	0	1	3
2014/01/01-02:49:24	92	1,169.467	65.192	0	0	1	0	0	0	0	1	0	0	1	8
2014/01/01-02:50:06	92	1,169.467	65.192	0	0	1	0	0	0	0	1	0	0	1	3
2014/01/01-02:50:59	92	1,169.467	65.192	0	0	1	0	0	0	0	1	0	0	1	8
2014/01/01-02:59:53	94	1,159.166	63.898	0	0	1	0	0	0	0	1	0	0	1	8
2014/01/01-03:00:25	94	1,159.166	63.898	0	0	1	0	0	0	0	1	0	0	1	8
2014/01/01-03:00:52	94	1,159.166	63.898	0	0	1	0	0	0	0	1	0	0	1	9
2014/01/01-03:01:20	94	1,159.166	63.898	0	0	1	0	0	0	0	1	0	0	1	5
2014/01/01-03:01:47	94	1,159.166	63.898	0	0	1	0	0	0	0	1	0	0	1	5
2014/01/01-03:18:58	94	1,159.166	63.898	0	0	1	0	0	0	0	1	0	0	1	8
2014/01/01-03:19:41	94	1,159.166	63.898	0	0	1	0	0	0	0	1	0	0	1	8
2014/01/01-03:20:08	94	1,159.166	63.898	0	0	1	0	0	0	0	1	0	0	1	8
2014/01/01-03:20:46	94	1,159.166	63.898	0	0	1	0	0	0	0	1	0	0	1	8
2014/01/01-03:21:14	94	1,159.166	63.898	0	0	1	0	0	0	0	1	0	0	1	8
2014/01/01-06:49:59	91	1,174.447	64.597	0	0	1	0	0	0	0	1	0	0	1	8
2014/01/01-06:50:56	91	1,174.447	64.597	0	0	1	0	0	0	0	1	0	0	1	8
2014/01/01-06:51:34	91	1,174.447	64.597	0	0	1	0	0	0	0	1	0	0	1	3
2014/01/01-06:52:19	91	1,174.447	64.597	0	0	1	0	0	0	0	1	0	0	1	3
2014/01/01-06:52:48	91	1,174.447	64.597	0	0	1	0	0	0	0	1	0	0	1	3
2014/01/01-07:02:52	91	1,174.447	64.597	0	0	1	0	0	0	0	1	0	0	1	8
2014/01/01-07:03:19	91	1,174.447	64.597	0	0	1	0	0	0	0	1	0	0	1	8
2014/01/01-07:03:46	91	1,174.447	64.597	0	0	1	0	0	0	0	1	0	0	1	8
2014/01/01-07:05:04	91	1,174.447	64.597	0	0	1	0	0	0	0	1	0	0	1	8
2014/01/01-07:06:23	91	1,174.447	64.597	0	0	1	0	0	0	0	1	0	0	1	8
2014/01/01-07:18:10	91	1,174.447	64.597	0	0	1	0	0	0	0	1	0	0	1	8
2014/01/01-07:18:37	96	1,142.512	59.713	0	0	1	0	0	0	0	1	0	0	1	6
2014/01/01-07:19:02	96	1,142.512	59.713	0	0	0	0	0	0	0	1	1	0	0	8
2014/01/01-07:19:29	96	1,142.512	59.713	0	0	1	0	0	0	0	1	0	0	1	8
2014/01/01-07:19:56	96	1,142.512	59.713	0	0	0	0	0	0	0	1	1	0	0	8
2014/01/01-10:54:07	93	1,161.662	61.96	0	0	1	0	0	0	0	1	0	0	1	3
2014/01/01-10:54:43	93	1,161.662	61.96	0	0	1	0	0	0	0	1	0	0	1	5
2014/01/01-10:55:10	93	1,161.662	61.96	0	0	1	0	0	0	0	1	0	0	1	6
2014/01/01-10:56:29	93	1,161.662	61.96	0	0	1	0	0	0	0	1	0	0	1	8
2014/01/01-10:57:18	93	1,161.662	61.96	0	0	1	0	0	0	0	1	0	0	1	3
2014/01/01-11:05:15	93	1,161.662	61.96	0	0	1	0	0	0	0	1	0	0	1	8
2014/01/01-11:05:44	93	1,161.662	61.96	0	0	1	0	0	0	0	1	0	0	1	3
2014/01/01-11:06:11	93	1,161.662	61.96	0	0	1	0	0	0	0	1	0	0	1	8
2014/01/01-11:06:38	93	1,161.662	61.96	0	0	0	0	0	0	0	1	1	0	0	8
2014/01/01-11:07:05	93	1,161.662	61.96	0	0	1	0	0	0	0	1	0	0	1	3
2014/01/01-11:20:30	92	1,175.641	58.731	0	0	1	0	0	0	0	1	0	0	1	8
2014/01/01-11:20:57	92	1,175.641	58.731	0	0	1	0	0	0	0	1	0	0	1	8
2014/01/01-11:21:24	92	1,175.641	58.731	0	0	1	0	0	0	0	1	0	0	1	4
2014/01/01-11:21:48	92	1,175.641	58.731	0	0	1	0	0	0	0	1	0	0	1	8
2014/01/01-11:22:15	92	1,175.641	58.731	0	0	0	0	0	0	0	1	1	0	0	8
2014/01/01-18:28:52	94	1,174.933	61.785	0	0	1	0	0	0	0	1	0	0	1	6
2014/01/01-18:30:03	94	1,174.933	61.785	0	0	1	0	0	0	0	1	0	0	1	8
2014/01/01-18:30:36	94	1,174.933	61.785	0	0	1	0	0	0	0	1	0	0	1	3
2014/01/01-18:31:02	94	1,174.933	61.785	0	0	1	0	0	0	0	1	0	0	1	3
2014/01/01-18:31:46	94	1,174.933	61.785	0	0	1	0	0	0	0	1	0	0	1	3
2014/01/01-18:48:27	94	1,174.933	61.785	0	0	1	0	0	0	0	1	0	0	1	3
2014/01/01-18:49:17	94	1,174.933	61.785	0	0	1	0	0	0	0	1	0	0	1	3
2014/01/01-18:49:44	94	1,174.933	61.785	0	0	1	0	0	0	0	1	0	0	1	3
2014/01/01-18:50:52	94	1,174.933	61.785	0	0	1	0	0	0	0	1	0	0	1	8
2014/01/01-18:51:27	94	1,174.933	61.785	0	0	1	0	0	0	0	1	0	0	1	8
2014/01/01-19:02:20	94	1,161.477	59.029	0	0	1	0	0	0	0	1	0	0	1	8
2014/01/01-19:02:47	94	1,161.477	59.029	0	0	1	0	0	0	0	1	0	0	1	8
2014/01/01-19:03:14	94	1,161.477	59.029	0	0	1	0	0	0	0	1	0	0	1	8
2014/01/01-19:03:41	94	1,161.477	59.029	0	0	1	0	0	0	0	1	0	0	1	8
2014/01/01-19:04:07	94	1,161.477	59.029	0	0	1	0	0	0	0	1	0	0	1	8
2014/01/02-01:27:17	94	1,166.91	61.038	0	0	1	0	0	0	0	1	0	0	1	4
2014/01/02-01:28:36	94	1,166.91	61.038	0	0	1	0	0	0	0	1	0	0	1	8
2014/01/02-01:29:55	94	1,166.91	61.038	0	0	1	0	0	0	0	1	0	0	1	8
2014/01/02-01:31:14	94	1,166.91	61.038	0	0	1	0	0	0	0	1	0	0	1	3
2014/01/02-01:31:36	94	1,166.91	61.038	0	0	1	0	0	0	0	1	0	0	1	8
2014/01/02-01:32:21	94	1,166.91	61.038	0	0	1	0	0	0	0	1	0	0	1	8
2014/01/02-01:33:14	94	1,166.91	61.038	0	0	1	0	0	0	0	1	0	0	1	3
2014/01/02-01:33:40	94	1,166.91	61.038	0	0	1	0	0	0	0	1	0	0	1	8
2014/01/02-01:34:59	94	1,166.91	61.038	0	0	1	0	0	0	0	1	0	0	1	3
2014/01/02-01:35:41	94	1,166.91	61.038	0	0	1	0	0	0	0	1	0	0	1	3
2014/01/02-01:49:50	93	1,166.528	58.193	0	0	0	0	0	0	0	1	1	0	0	8
2014/01/02-01:50:17	93	1,166.528	58.193	0	0	1	0	0	0	0	1	0	0	1	8
2014/01/02-01:50:43	93	1,166.528	58.193	0	0	1	0	0	0	0	1	0	0	1	8
2014/01/02-01:51:10	93	1,166.528	58.193	0	0	1	0	0	0	0	1	0	0	1	8
2014/01/02-01:51:37	93	1,166.528	58.193	0	0	1	0	0	0	0	1	0	0	1	3
2014/01/02-06:29:35	93	1,173.865	62.111	0	0	1	0	0	0	0	1	0	0	1	8
2014/01/02-06:30:46	93	1,173.865	62.111	0	0	1	0	0	0	0	1	0	0	1	6
2014/01/02-06:31:32	93	1,173.865	62.111	0	0	1	0	0	0	0	1	0	0	1	3
2014/01/02-06:31:57	93	1,173.865	62.111	0	0	1	0	0	0	0	1	0	0	1	8
2014/01/02-06:32:27	93	1,173.865	62.111	0	0	1	0	0	0	0	1	0	0	1	6
2014/01/02-06:44:33	93	1,173.865	62.111	0	0	1	0	0	0	0	1	0	0	1	8
2014/01/02-06:44:59	93	1,173.865	62.111	0	0	1	0	0	0	0	1	0	0	1	8
2014/01/02-06:45:26	93	1,173.865	62.111	0	0	0	0	0	0	0	1	1	0	0	8
2014/01/02-06:45:53	93	1,173.865	62.111	0	0	1	0	0	0	0	1	0	0	1	8
2014/01/02-06:46:20	93	1,173.865	62.111	0	0	1	0	0	0	0	1	0	0	1	8
2014/01/02-06:59:45	93	1,172.496	58.32	0	0	1	0	0	0	0	1	0	0	1	3
2014/01/02-07:00:55	93	1,172.496	58.32	0	0	1	0	0	0	0	1	0	0	1	3
2014/01/02-07:01:51	93	1,172.496	58.32	0	0	1	0	0	0	0	1	0	0	1	8
2014/01/02-07:02:17	93	1,172.496	58.32	0	0	1	0	0	0	0	1	0	0	1	4
2014/01/02-07:02:55	93	1,172.496	58.32	0	0	1	0	0	0	0	1	0	0	1	8
2014/01/02-11:17:05	94	1,176.441	61.244	0	0	1	0	0	0	0	1	0	0	1	8
2014/01/02-11:18:25	94	1,176.441	61.244	0	0	1	0	0	0	0	1	0	0	1	8
2014/01/02-11:19:44	94	1,176.441	61.244	0	0	1	0	0	0	0	1	0	0	1	3
2014/01/02-11:21:03	94	1,176.441	61.244	0	0	1	0	0	0	0	1	0	0	1	8
2014/01/02-11:22:22	94	1,176.441	61.244	0	0	1	0	0	0	0	1	0	0	1	8
2014/01/02-11:39:50	93	1,175.435	60.315	0	0	1	0	0	0	0	1	0	0	1	8
2014/01/02-11:40:18	93	1,175.435	60.315	0	0	1	0	0	0	0	1	0	0	1	8
2014/01/02-11:40:44	93	1,175.435	60.315	0	0	1	0	0	0	0	1	0	0	1	6
2014/01/02-11:41:39	93	1,175.435	60.315	0	0	1	0	0	0	0	1	0	0	1	8
2014/01/02-11:42:58	93	1,175.435	60.315	0	0	0	0	0	0	0	1	1	0	0	8
2014/01/02-11:55:04	93	1,175.435	60.315	0	0	1	0	0	0	0	1	0	0	1	8
2014/01/02-11:56:23	93	1,175.435	60.315	0	0	1	0	0	0	0	1	0	0	1	8
2014/01/02-11:57:26	93	1,175.435	60.315	0	0	1	0	0	0	0	1	0	0	1	3
2014/01/02-11:57:52	93	1,175.435	60.315	0	0	1	0	0	0	0	1	0	0	1	3
2014/01/02-11:59:11	93	1,175.435	60.315	0	0	1	0	0	0	0	1	0	0	1	3
2014/01/02-16:20:34	93	1,185.094	63.165	0	0	1	0	0	0	0	1	0	0	1	3
2014/01/02-16:21:03	93	1,185.094	63.165	0	0	1	0	0	0	0	1	0	0	1	8
2014/01/02-16:21:30	93	1,185.094	63.165	0	0	1	0	0	0	0	1	0	0	1	8
2014/01/02-16:22:49	93	1,185.094	63.165	0	0	1	0	0	0	0	1	0	0	1	3
2014/01/02-16:23:46	93	1,185.094	63.165	0	0	1	0	0	0	0	1	0	0	1	5
2014/01/02-16:44:50	93	1,185.094	63.165	0	0	1	0	0	0	0	1	0	0	1	8
2014/01/02-16:45:18	93	1,185.094	63.165	0	0	1	0	0	0	0	1	0	0	1	8
2014/01/02-16:45:47	93	1,185.094	63.165	0	0	1	0	0	0	0	1	0	0	1	8
2014/01/02-16:46:19	93	1,185.094	63.165	0	0	1	0	0	0	0	1	0	0	1	8
2014/01/02-16:46:45	93	1,185.094	63.165	0	0	1	0	0	0	0	1	0	0	1	3
2014/01/02-16:57:32	93	1,178.272	59.469	0	0	1	0	0	0	0	1	0	0	1	8
2014/01/02-16:57:59	93	1,178.272	59.469	0	0	1	0	0	0	0	1	0	0	1	8
2014/01/02-16:58:26	93	1,178.272	59.469	0	0	1	0	0	0	0	1	0	0	1	8
2014/01/02-16:58:53	93	1,178.272	59.469	0	0	1	0	0	0	0	1	0	0	1	8
2014/01/02-16:59:19	93	1,178.272	59.469	0	0	1	0	0	0	0	1	0	0	1	8
2014/01/02-23:37:43	92	1,182.324	61.473	0	0	1	0	0	0	0	1	0	0	1	3
2014/01/02-23:39:02	92	1,182.324	61.473	0	0	1	0	0	0	0	1	0	0	1	8
2014/01/02-23:40:21	92	1,182.324	61.473	0	0	1	0	0	0	0	1	0	0	1	3
2014/01/02-23:40:54	92	1,182.324	61.473	0	0	1	0	0	0	0	1	0	0	1	12
2014/01/02-23:41:29	92	1,182.324	61.473	0	0	1	0	0	0	0	1	0	0	1	8
2014/01/03-00:00:40	92	1,188.5	60.562	0	0	1	0	0	0	0	1	0	0	1	8
2014/01/03-00:01:22	92	1,188.5	60.562	0	0	1	0	0	0	0	1	0	0	1	3
2014/01/03-00:01:55	92	1,188.5	60.562	0	0	1	0	0	0	0	1	0	0	1	6
2014/01/03-00:02:20	92	1,188.5	60.562	0	0	1	0	0	0	0	1	0	0	1	8
2014/01/03-00:03:09	92	1,188.5	60.562	0	0	1	0	0	0	0	1	0	0	1	6
2014/01/03-00:16:40	92	1,188.5	60.562	0	0	1	0	0	0	0	1	0	0	1	4
2014/01/03-00:17:03	92	1,188.5	60.562	0	0	1	0	0	0	0	1	0	0	1	11
2014/01/03-00:17:33	92	1,188.5	60.562	0	0	1	0	0	0	0	1	0	0	1	8
2014/01/03-00:18:00	92	1,188.5	60.562	0	0	1	0	0	0	0	1	0	0	1	4
2014/01/03-00:18:27	92	1,188.5	60.562	0	0	1	0	0	0	0	1	0	0	1	3
2014/01/03-04:42:52	92	1,170.182	62.408	0	0	1	0	0	0	0	1	0	0	1	8
2014/01/03-04:44:11	92	1,170.182	62.408	0	0	1	0	0	0	0	1	0	0	1	8
2014/01/03-04:45:30	92	1,170.182	62.408	0	0	1	0	0	0	0	1	0	0	1	8
2014/01/03-04:46:49	92	1,170.182	62.408	0	0	1	0	0	0	0	1	0	0	1	6
2014/01/03-04:48:08	92	1,170.182	62.408	0	0	1	0	0	0	0	1	0	0	1	5
2014/01/03-05:06:33	92	1,170.182	62.408	0	0	1	0	0	0	0	1	0	0	1	6
2014/01/03-05:07:28	92	1,170.182	62.408	0	0	1	0	0	0	0	1	0	0	1	8
2014/01/03-05:07:55	92	1,170.182	62.408	0	0	1	0	0	0	0	1	0	0	1	8
2014/01/03-05:08:22	92	1,168.057	60.161	0	0	1	0	0	0	0	1	0	0	1	8
2014/01/03-05:08:56	92	1,168.057	60.161	0	0	1	0	0	0	0	1	0	0	1	3
2014/01/03-05:20:48	92	1,168.057	60.161	0	0	1	0	0	0	0	1	0	0	1	8
2014/01/03-05:21:15	92	1,168.057	60.161	0	0	1	0	0	0	0	1	0	0	1	8
2014/01/03-05:21:42	92	1,168.057	60.161	0	0	1	0	0	0	0	1	0	0	1	8
2014/01/03-05:22:09	92	1,168.057	60.161	0	0	1	0	0	0	0	1	1	0	0	9
2014/01/03-05:22:37	92	1,168.057	60.161	0	0	1	0	0	0	0	1	0	0	1	8
2014/01/03-05:23:15	92	1,168.057	60.161	0	0	1	0	0	0	0	1	0	1	0	8
2014/01/03-05:23:48	92	1,168.057	60.161	0	0	1	0	0	0	0	1	0	1	0	8
2014/01/03-05:24:21	92	1,168.057	60.161	0	0	1	0	0	0	0	1	0	0	1	8
2014/01/04-15:23:15	95	1,156.745	68.574	0	0	1	0	0	0	0	1	0	0	1	3
2014/01/04-15:23:41	95	1,156.745	68.574	0	0	1	0	0	0	0	1	0	0	1	8
2014/01/04-15:24:09	95	1,156.745	68.574	0	0	1	0	0	0	0	1	0	0	1	3
2014/01/04-15:24:31	95	1,156.745	68.574	0	0	0	0	0	0	0	1	1	0	0	7
2014/01/04-15:24:57	95	1,156.745	68.574	0	0	1	0	0	0	0	1	0	0	1	7
2014/01/04-15:27:49	95	1,156.745	68.574	0	0	1	0	0	0	0	1	0	0	1	3
2014/01/04-15:28:16	95	1,156.745	68.574	0	0	1	0	0	0	0	1	0	0	1	3
2014/01/04-15:28:42	95	1,156.745	68.574	0	0	1	0	0	0	0	1	0	0	1	7
2014/01/04-15:29:08	95	1,156.745	68.574	0	0	1	0	0	0	0	1	0	0	1	7
2014/01/04-15:29:34	95	1,156.745	68.574	0	0	0	0	0	0	0	1	1	0	0	7
2014/01/04-15:34:35	95	1,156.745	68.574	0	0	0	0	0	0	0	1	1	0	0	3
2014/01/04-15:34:57	95	1,156.745	68.574	0	0	1	0	0	0	0	1	0	0	1	3
2014/01/04-15:35:23	95	1,156.745	68.574	0	0	1	0	0	0	0	1	0	0	1	7
2014/01/04-15:35:50	95	1,156.745	68.574	0	0	1	0	0	0	0	1	0	0	1	8
2014/01/04-15:36:16	95	1,156.745	68.574	0	0	1	0	0	0	0	1	0	0	1	7
2014/01/04-21:27:25	96	1,171.546	66.687	0	0	1	0	0	0	0	1	0	0	1	7
2014/01/04-21:27:52	96	1,171.546	66.687	0	0	1	0	0	0	0	1	0	0	1	7
2014/01/04-21:28:19	96	1,168.821	64.97	0	0	1	0	0	0	0	1	0	0	1	7
2014/01/04-21:28:45	96	1,168.821	64.97	0	0	0	0	0	0	0	1	1	0	0	7
2014/01/04-21:29:12	96	1,168.821	64.97	0	0	1	0	0	0	0	1	0	0	1	7
2014/01/04-21:32:01	96	1,168.821	64.97	0	0	1	0	0	0	0	1	1	0	0	6
2014/01/04-21:32:26	96	1,168.821	64.97	0	0	1	0	0	0	0	1	0	0	1	3
2014/01/04-21:32:53	96	1,168.821	64.97	0	0	1	0	0	0	0	1	0	0	1	7
2014/01/04-21:33:24	96	1,168.821	64.97	0	0	1	0	0	0	0	1	0	0	1	7
2014/01/04-21:33:52	96	1,168.821	64.97	0	0	0	0	0	0	0	1	1	0	0	6
2014/01/04-21:47:38	96	1,168.821	64.97	0	0	1	0	0	0	0	1	1	0	0	5
2014/01/04-21:48:02	96	1,168.821	64.97	0	0	1	0	0	0	0	1	0	0	1	4
2014/01/04-21:48:27	96	1,168.821	64.97	0	0	1	0	0	0	0	1	0	0	1	6
2014/01/04-21:48:53	96	1,168.821	64.97	0	0	1	0	0	0	0	1	0	0	1	7
2014/01/04-21:49:19	96	1,168.821	64.97	0	0	1	0	0	0	0	1	0	0	1	6
2014/01/04-22:03:17	89	1,196.964	57.97	0	0	1	0	0	0	0	1	0	0	1	7
2014/01/04-22:04:07	89	1,196.964	57.97	0	0	1	0	0	0	0	1	0	0	1	6
2014/01/04-22:04:33	89	1,196.964	57.97	0	0	1	0	0	0	0	1	0	0	1	3
2014/01/04-22:04:55	89	1,196.964	57.97	0	0	1	0	0	0	0	1	0	0	1	3
2014/01/04-22:05:17	89	1,196.964	57.97	0	0	1	0	0	0	0	1	0	0	1	6
2014/01/04-22:11:41	89	1,196.964	57.97	0	0	0	0	0	0	0	1	1	0	0	3
2014/01/04-22:12:03	89	1,196.964	57.97	0	0	1	0	0	0	0	1	0	0	1	7
2014/01/04-22:12:30	89	1,196.964	57.97	0	0	1	0	0	0	0	1	0	0	1	7
2014/01/04-22:12:57	89	1,196.964	57.97	0	0	1	0	0	0	0	1	0	0	1	3
2014/01/04-22:13:19	89	1,196.964	57.97	0	0	1	0	0	0	0	1	0	0	1	4
2014/01/04-22:26:31	89	1,196.964	57.97	0	0	1	0	0	0	0	1	0	0	1	7
2014/01/04-22:26:58	89	1,196.964	57.97	0	0	0	0	0	0	0	1	1	0	0	6
2014/01/04-22:27:23	89	1,196.964	57.97	0	0	1	0	0	0	0	1	0	0	1	7
2014/01/04-22:27:49	88	1,204.753	52.973	0	0	1	0	0	0	0	1	0	0	1	7
2014/01/04-22:28:16	88	1,204.753	52.973	0	0	1	0	0	0	0	1	0	0	1	7
