2013/09/05-21:51:15	0	0	0	3	0	1	0	0	0	0	1	0	0	1	8
2013/10/20-21:19:41	0	0	0	3	0	1	2	1	0	0	1	0	0	1	18
2013/10/20-21:21:09	0	0	0	17	0	0	0	0	0	0	1	1	0	0	48
2013/10/20-21:22:12	0	0	0	31	0	0	6	0	0	0	1	1	0	0	60
2013/10/20-21:23:33	0	0	0	21	0	0	1	2	0	0	1	1	0	0	52
2013/10/20-21:24:39	0	0	0	2	0	0	0	1	0	0	1	1	0	0	7
2013/10/20-21:25:00	0	0	0	16	0	0	22	0	0	1	1	0	0	1	39
2013/10/20-21:25:53	0	0	0	3	0	1	0	0	0	0	1	0	0	1	16
2013/10/20-21:26:41	0	0	0	0	0	1	0	0	0	0	1	0	0	1	3
2013/10/20-21:26:57	0	0	0	3	0	0	1	1	0	0	1	1	0	0	14
2013/10/20-21:27:23	0	0	0	1	0	0	1	2	0	1	1	0	0	1	4
2013/10/20-21:27:42	0	0	0	3	0	1	0	0	0	0	1	0	0	1	5
2013/10/20-21:28:26	0	0	0	1	0	1	0	1	0	0	1	0	0	1	5
2013/10/20-21:29:02	0	0	0	5	0	0	5	3	0	0	1	1	0	0	45
2013/10/20-21:30:00	0	0	0	8	0	0	18	0	0	0	1	1	0	0	60
2013/10/20-21:31:15	0	0	0	1	0	1	1	1	0	0	1	0	0	1	11
2013/10/20-22:04:29	0	0	0	8	0	0	0	1	0	0	1	1	0	0	20
2013/10/20-22:05:01	0	0	0	0	0	1	0	0	0	0	1	0	1	0	2
2013/11/08-00:00:06	0	0	0	1	0	0	0	0	0	1	1	0	0	1	3
2013/11/08-00:00:33	0	0	0	1	0	0	0	0	0	1	1	0	0	1	3
2013/11/08-00:00:53	0	0	0	1	0	0	0	0	0	1	1	0	0	1	3
2013/11/08-00:01:14	0	0	0	1	0	0	0	0	0	1	1	0	0	1	3
2013/11/08-00:01:35	0	0	0	1	0	0	0	0	0	1	1	0	0	1	3
2013/11/08-00:01:58	0	0	0	1	0	0	0	0	0	1	1	0	0	1	6
2013/11/08-00:02:24	0	0	0	1	0	0	0	0	0	1	1	0	0	1	3
2013/11/08-00:02:50	0	0	0	1	0	0	0	0	0	1	1	0	0	1	3
2013/11/08-00:03:32	0	0	0	0	0	0	0	0	0	0	1	0	1	0	0
2013/11/08-00:03:43	0	0	0	1	0	0	0	0	0	1	1	0	0	1	3
2013/11/08-00:04:06	0	0	0	1	0	0	0	0	0	1	1	0	0	1	3
2013/11/08-00:04:28	0	0	0	1	0	0	0	0	0	1	1	0	0	1	5
2013/11/08-23:05:30	0	0	0	0	0	0	0	0	0	0	1	0	1	0	0
2013/11/08-23:58:48	0	0	0	8	0	0	0	1	0	0	1	1	0	0	17
2013/12/14-11:28:54	0	0	0	3	0	0	2	0	0	0	1	1	0	0	9
2013/12/14-11:29:23	0	0	0	0	0	0	0	0	0	0	1	1	0	0	9
2013/12/14-11:29:43	0	0	0	8	0	0	0	1	0	1	1	0	1	0	39
2013/12/14-11:30:35	0	0	0	0	0	0	3	0	0	0	1	1	0	0	36
2013/12/14-11:31:22	0	0	0	0	0	1	0	0	0	0	1	0	0	1	16
2013/12/14-11:31:49	0	0	0	0	0	0	0	0	0	0	1	0	1	0	66
2013/12/14-11:33:08	0	0	0	0	0	1	0	0	0	0	1	0	0	1	14
2013/12/14-11:36:00	0	0	0	0	0	0	0	0	0	0	1	0	1	0	3
2013/12/14-11:36:38	0	0	0	0	0	0	2	0	0	0	1	1	0	0	8
2013/12/14-11:36:58	0	0	0	0	0	1	0	0	0	0	1	0	0	1	3
2013/12/14-11:37:18	0	0	0	0	0	1	0	0	0	0	1	0	0	1	7
2013/12/14-11:52:04	0	0	0	0	0	0	0	0	0	0	1	0	1	0	2
2013/12/14-11:52:25	0	0	0	0	0	0	0	0	0	0	1	0	1	0	1
2013/12/14-11:52:47	0	0	0	0	0	0	0	0	0	0	1	0	1	0	0
2013/12/14-11:53:00	0	0	0	0	0	0	0	0	0	0	1	0	1	0	0
2013/12/14-11:53:18	0	0	0	0	0	0	0	0	0	0	1	0	1	0	0
2013/12/14-11:53:39	0	0	0	0	0	0	0	0	0	0	1	0	1	0	0
2013/12/14-11:53:59	0	0	0	0	0	0	0	0	0	0	1	0	1	0	0
2013/12/14-11:55:04	0	0	0	0	0	1	0	0	0	0	1	0	0	1	3
2013/12/14-11:56:03	0	0	0	0	0	0	0	0	0	0	1	0	1	0	0
2013/12/14-11:56:14	0	0	0	0	0	0	0	0	0	0	1	0	1	0	0
2013/12/14-11:56:59	0	0	0	0	0	0	0	0	0	0	1	0	1	0	1
2013/12/14-11:57:12	0	0	0	0	0	0	0	0	0	0	1	0	1	0	0
2013/12/14-11:59:16	0	0	0	3	0	0	20	0	0	1	1	0	0	1	35
2013/12/14-12:00:11	0	0	0	16	0	0	20	1	0	1	1	0	1	0	98
2013/12/14-12:19:53	0	0	0	0	0	1	2	0	0	0	1	0	0	1	78
2013/12/14-12:24:42	0	0	0	0	0	1	22	0	0	0	1	0	1	0	90
2013/12/14-14:45:55	0	0	0	0	0	1	0	0	0	0	1	0	0	1	16
2013/12/14-14:49:52	0	0	0	0	0	0	0	0	0	0	1	0	1	0	10
2013/12/14-14:50:32	0	0	0	0	0	0	0	0	0	0	1	0	1	0	3
2013/12/14-15:12:59	0	0	0	0	0	0	0	0	0	0	1	0	1	0	2
2013/12/14-15:15:49	0	0	0	0	0	0	0	0	0	0	1	0	1	0	6
2013/12/14-15:16:15	0	0	0	0	0	0	0	0	0	0	1	0	1	0	0
2013/12/14-15:16:29	0	0	0	0	0	0	0	0	0	0	1	0	1	0	0
2013/12/14-15:21:48	0	0	0	0	0	0	0	0	0	0	1	0	1	0	2
2013/12/14-15:23:03	0	0	0	0	0	0	0	0	0	0	1	0	1	0	0
2013/12/14-15:23:26	0	0	0	0	0	0	0	0	0	0	1	0	1	0	0
2013/12/14-15:31:33	0	0	0	0	0	1	0	0	0	0	1	0	0	1	13
2013/12/14-15:32:01	0	0	0	0	0	0	0	0	0	0	1	0	1	0	0
2013/12/14-15:32:42	0	0	0	0	0	0	0	0	0	0	1	0	1	0	1
2013/12/14-17:46:02	0	0	0	1	0	0	0	0	0	1	1	0	0	1	13
2013/12/14-19:08:23	0	0	0	40	0	1	43	1	0	0	1	0	0	1	81
2013/12/14-19:09:59	0	0	0	5	0	1	33	0	0	0	1	0	0	1	60
2013/12/14-19:11:16	0	0	0	15	0	1	14	0	0	0	1	0	0	1	55
2013/12/14-19:12:22	0	0	0	13	0	1	20	0	0	0	1	0	0	1	47
2013/12/14-19:13:38	0	0	0	2	0	1	19	0	0	0	1	0	0	1	55
2013/12/14-19:14:46	0	0	0	8	0	0	33	1	0	1	1	0	0	1	56
2013/12/14-19:15:53	0	0	0	30	0	0	28	3	0	1	1	0	0	1	81
2013/12/14-19:17:28	0	0	0	0	0	1	0	0	0	0	1	0	0	1	4
2013/12/14-19:19:29	0	0	0	0	0	1	15	0	0	0	1	0	0	1	45
2013/12/14-19:23:04	0	0	0	7	0	0	41	2	0	0	1	1	0	0	53
2013/12/14-19:24:15	0	0	0	0	0	1	0	0	0	0	1	0	0	1	4
2013/12/14-22:01:48	0	0	0	4	0	0	3	1	0	0	1	1	0	0	15
2013/12/14-22:02:18	0	0	0	7	0	0	5	0	0	1	1	0	0	1	28
2013/12/14-22:02:57	0	0	0	4	0	0	2	1	0	0	1	1	0	0	15
2013/12/14-22:04:09	0	0	0	3	0	0	2	1	0	0	1	1	0	0	17
2013/12/14-23:01:05	0	0	0	6	0	0	2	1	0	0	1	1	0	0	18
2013/12/14-23:03:16	0	0	0	1	0	0	0	0	0	1	1	0	0	1	5
2013/12/14-23:03:41	0	0	0	5	0	0	1	1	0	0	1	1	0	0	15
2013/12/14-23:08:04	0	0	0	4	0	0	2	1	0	0	1	1	0	0	16
2013/12/25-19:47:22	0	0	0	0	0	0	0	0	0	0	1	1	0	0	14
2013/12/25-19:48:00	0	0	0	0	0	1	0	0	0	0	1	0	0	1	46
2013/12/25-19:49:05	0	0	0	0	0	1	0	0	0	0	1	0	0	1	12
2013/12/25-19:49:36	0	0	0	0	0	1	0	0	0	0	1	0	0	1	12
2013/12/25-19:50:07	0	0	0	0	0	1	0	0	0	0	1	0	0	1	20
2013/12/25-19:50:47	0	0	0	0	0	1	0	0	0	0	1	0	0	1	20
2013/12/25-19:51:25	0	0	0	0	0	1	0	0	0	0	1	0	0	1	37
2013/12/25-19:52:21	0	0	0	0	0	0	0	0	0	0	1	0	1	0	45
2013/12/25-19:53:23	0	0	0	0	0	1	0	0	0	0	1	0	0	1	16
2013/12/25-19:53:55	0	0	0	0	0	1	0	0	0	0	1	0	0	1	21
2013/12/25-19:54:34	0	0	0	0	0	1	0	0	0	0	1	0	0	1	26
2013/12/25-19:55:18	0	0	0	0	0	1	0	0	0	0	1	0	0	1	21
2013/12/25-19:55:57	0	0	0	0	0	1	0	0	0	0	1	0	0	1	22
2013/12/25-19:56:34	0	0	0	0	0	1	0	0	0	0	1	0	0	1	22
2013/12/25-19:57:12	0	0	0	0	0	1	0	0	0	0	1	0	0	1	4
2013/12/25-19:57:34	0	0	0	0	0	1	0	0	0	0	1	0	0	1	4
