2013/09/02-16:38:25	53	1,500	350.775	9	0	0	0	2	0	0	1	1	0	0	20
2013/09/02-16:39:05	53	1,500	350.775	2	0	0	0	1	0	0	1	1	0	0	6
2013/09/02-16:39:30	53	1,500	350.775	5	0	0	0	1	0	0	1	1	0	0	16
2013/09/02-16:40:05	53	1,500	350.775	3	0	0	0	2	0	0	1	1	0	0	14
2013/09/02-16:40:38	53	1,500	350.775	16	0	0	9	1	0	0	1	1	0	0	46
2013/09/02-17:07:44	53	1,500	350.775	12	0	1	0	1	0	0	1	0	0	1	38
2013/09/02-17:08:42	4	2,269.914	271.905	17	0	0	12	1	0	1	1	1	0	0	40
2013/09/02-17:09:47	4	2,269.914	271.905	1	0	0	0	0	0	1	1	0	0	1	3
2013/09/02-17:10:10	4	2,269.914	271.905	1	0	0	0	0	0	1	1	0	0	1	13
2013/09/02-17:11:03	4	2,269.914	271.905	11	0	0	5	2	0	0	1	1	0	0	40
2013/09/02-17:31:16	4	2,269.914	271.905	20	0	0	6	0	0	0	1	0	0	1	60
2013/09/02-17:32:35	4	2,269.914	271.905	13	0	0	0	0	0	0	1	0	0	1	60
2013/09/02-17:33:54	4	2,269.914	271.905	8	0	0	0	1	0	0	1	1	0	0	26
2013/09/02-17:34:40	4	2,269.914	271.905	11	0	0	22	0	0	0	1	1	0	0	32
2013/09/02-17:35:30	4	2,269.914	271.905	14	0	0	0	0	0	0	1	1	0	0	60
2013/09/02-18:13:24	4	2,084.948	229.509	18	0	0	2	0	0	0	1	1	0	0	60
2013/09/02-18:14:44	4	2,084.948	229.509	2	0	0	0	0	0	0	1	1	0	0	8
2013/09/02-18:15:11	4	2,084.948	229.509	4	0	0	0	0	0	0	1	1	0	0	36
2013/09/02-18:16:06	4	2,084.948	229.509	2	0	0	3	1	0	0	1	1	0	0	6
2013/09/02-18:16:33	4	2,084.948	229.509	1	0	1	0	1	0	0	1	0	0	1	7
2013/09/02-18:48:09	5	2,022.562	219.041	8	0	1	0	0	0	0	1	0	0	1	37
2013/09/02-18:49:05	5	2,022.562	219.041	9	0	1	3	1	0	0	1	0	0	1	51
2013/09/02-18:50:15	5	2,022.562	219.041	10	0	1	0	1	0	0	1	0	0	1	43
2013/09/02-18:51:17	5	2,022.562	219.041	1	0	0	0	0	0	0	1	1	0	0	3
2013/09/02-18:51:39	5	2,022.562	219.041	10	0	0	0	1	0	0	1	1	0	0	31
2013/09/02-19:05:00	5	2,022.562	219.041	19	0	0	0	0	0	0	1	0	0	1	60
2013/09/02-19:06:19	5	2,022.562	219.041	19	0	1	0	0	0	0	1	0	0	1	51
2013/09/02-19:07:29	5	2,022.562	219.041	2	0	0	0	0	0	1	1	0	0	1	10
2013/09/02-19:07:58	5	2,022.562	219.041	17	0	0	9	1	0	0	1	1	0	0	53
2013/09/02-19:09:11	5	2,022.562	219.041	9	0	0	2	0	0	0	1	1	0	0	36
2013/09/02-19:15:22	5	2,022.562	219.041	1	0	0	0	0	0	1	1	0	0	1	3
2013/09/02-19:15:51	5	2,022.562	219.041	1	0	1	0	0	0	0	1	0	0	1	7
2013/09/02-19:16:19	5	2,022.562	219.041	26	0	0	0	0	0	0	1	0	0	1	60
2013/09/02-19:17:38	5	2,022.562	219.041	5	0	0	0	0	0	1	1	0	0	1	23
2013/09/02-19:18:32	21	1,683.619	177.361	4	0	0	0	1	0	0	1	1	0	0	16
2013/09/02-19:33:48	21	1,683.619	177.361	8	0	0	0	1	0	0	1	1	0	0	45
2013/09/02-19:34:52	21	1,683.619	177.361	2	0	0	0	0	0	0	1	1	0	0	11
2013/09/02-19:35:25	21	1,683.619	177.361	6	0	0	0	0	0	0	1	0	0	1	65
2013/09/02-19:37:17	21	1,683.619	177.361	5	0	0	1	2	0	0	1	1	0	0	55
2013/09/02-19:38:31	21	1,683.619	177.361	1	0	0	0	1	0	0	1	1	0	0	7
2013/09/02-20:33:46	4	2,164.326	150.817	11	0	0	0	1	0	1	1	0	0	1	25
2013/09/02-20:34:31	4	2,164.326	150.817	11	0	0	6	1	0	0	1	1	0	0	37
2013/09/02-20:35:27	4	2,164.326	150.817	2	0	0	0	0	0	1	1	0	0	1	6
2013/09/02-20:35:57	4	2,164.326	150.817	22	0	0	0	2	0	0	1	1	0	0	51
2013/09/02-20:37:06	4	2,164.326	150.817	2	0	1	0	0	0	0	1	0	0	1	7
2013/09/03-01:22:24	8	2,113.972	133.442	10	0	0	4	2	0	0	1	1	0	0	28
2013/09/03-01:23:11	8	2,113.972	133.442	5	0	0	22	1	0	0	1	1	0	0	31
2013/09/03-01:24:01	8	2,113.972	133.442	8	0	0	0	1	0	0	1	1	0	0	26
2013/09/03-01:24:46	8	2,113.972	133.442	4	0	0	0	2	0	0	1	1	0	0	24
2013/09/03-01:25:30	8	2,113.972	133.442	8	0	0	0	0	0	0	1	0	0	1	64
2013/09/03-07:15:10	3	2,240.384	117.843	13	0	0	0	0	0	0	1	1	0	0	60
2013/09/03-07:16:29	3	2,240.384	117.843	15	0	0	2	0	0	0	1	0	0	1	60
2013/09/03-07:17:48	3	2,240.384	117.843	7	0	1	2	0	0	0	1	0	0	1	16
2013/09/03-07:19:07	3	2,240.384	117.843	5	0	0	0	0	0	1	1	0	0	1	15
2013/09/03-07:20:26	3	2,240.384	117.843	8	0	0	6	1	0	0	1	1	0	0	38
2013/09/03-07:41:26	3	2,240.384	117.843	3	0	0	0	0	0	1	1	0	0	1	9
2013/09/03-07:41:54	3	2,240.384	117.843	4	0	1	0	0	0	0	1	0	0	1	11
2013/09/03-07:42:39	3	2,240.384	117.843	4	0	1	0	0	0	0	1	0	0	1	17
2013/09/03-07:43:53	5	2,204.115	100.866	14	0	0	0	0	0	1	1	0	0	1	43
2013/09/03-07:44:55	5	2,204.115	100.866	1	0	1	0	1	0	0	1	0	0	1	3
2013/09/03-16:55:50	6	2,195.906	99.587	16	0	0	0	1	0	1	1	1	0	0	28
2013/09/03-16:56:37	6	2,195.906	99.587	26	0	0	0	1	0	0	1	1	0	0	60
2013/09/03-16:57:56	6	2,195.906	99.587	5	0	1	0	0	0	0	1	0	0	1	17
2013/09/03-16:58:32	6	2,195.906	99.587	2	0	0	0	1	0	1	1	0	0	1	6
2013/09/03-16:59:39	6	2,195.906	99.587	1	0	1	0	0	0	0	1	0	0	1	7
2013/09/03-17:16:49	6	2,195.906	99.587	13	0	1	0	2	0	0	1	1	0	0	47
2013/09/03-17:17:54	6	2,195.906	99.587	13	0	0	0	0	0	0	1	1	0	0	49
2013/09/03-17:19:03	6	2,195.906	99.587	15	0	0	5	0	0	0	1	0	0	1	60
2013/09/03-17:20:22	6	2,195.906	99.587	7	0	1	0	1	0	0	1	0	0	1	20
2013/09/03-17:21:14	6	2,195.906	99.587	6	0	0	0	0	0	0	1	0	0	1	60
2013/09/03-17:40:17	5	2,217.746	86.072	4	0	0	1	1	0	1	1	0	0	1	15
2013/09/03-17:40:51	5	2,217.746	86.072	20	0	0	0	0	0	0	1	0	0	1	60
2013/09/03-17:42:10	5	2,217.746	86.072	8	0	1	0	0	0	0	1	0	0	1	45
2013/09/03-17:43:14	5	2,217.746	86.072	6	0	0	17	1	0	1	1	0	0	1	22
2013/09/03-17:43:55	5	2,217.746	86.072	18	0	0	0	1	0	0	1	1	0	0	48
2013/09/03-21:47:37	5	2,217.185	83.885	9	0	0	14	1	0	0	1	1	0	0	48
2013/09/03-21:48:44	5	2,217.185	83.885	1	0	0	0	0	0	1	1	0	0	1	5
2013/09/03-21:49:54	5	2,217.185	83.885	19	0	0	0	1	0	0	1	1	0	0	60
2013/09/03-21:51:13	5	2,217.185	83.885	1	0	1	0	0	0	0	1	0	0	1	7
2013/09/03-21:51:39	5	2,217.185	83.885	14	0	0	2	1	0	0	1	1	0	0	60
2013/09/03-22:19:02	5	2,220.424	77.528	20	0	0	4	0	0	0	1	1	0	0	60
2013/09/03-22:20:22	5	2,220.424	77.528	14	0	0	0	0	0	0	1	1	0	0	52
2013/09/03-22:21:32	5	2,220.424	77.528	7	0	0	1	0	0	1	1	0	0	1	22
2013/09/03-22:22:14	5	2,220.424	77.528	20	0	0	0	0	0	0	1	0	0	1	60
2013/09/03-22:23:32	5	2,220.424	77.528	3	0	0	0	0	0	0	1	1	0	0	15
2013/09/03-22:36:49	2	2,241.491	71.874	5	0	0	0	0	0	1	1	0	0	1	40
2013/09/03-22:38:08	2	2,241.491	71.874	5	0	1	0	2	0	0	1	0	0	1	16
2013/09/03-22:38:43	2	2,241.491	71.874	2	0	0	0	1	0	1	1	0	0	1	6
2013/09/03-22:40:02	2	2,241.491	71.874	15	0	0	7	0	0	1	1	0	0	1	59
2013/09/03-22:41:21	2	2,241.491	71.874	24	0	0	0	0	0	0	1	0	0	1	60
2013/09/04-17:30:33	4	2,213.515	72.668	16	0	0	0	0	0	0	1	0	0	1	60
2013/09/04-17:31:52	4	2,213.515	72.668	10	0	1	0	0	0	0	1	0	0	1	32
2013/09/04-17:32:55	4	2,213.515	72.668	26	0	0	0	1	0	0	1	1	0	0	60
2013/09/04-17:34:14	4	2,213.515	72.668	9	0	1	1	1	0	0	1	0	0	1	33
2013/09/04-17:35:06	4	2,213.515	72.668	1	0	0	0	0	0	1	1	0	0	1	3
2013/09/04-17:39:49	4	2,213.515	72.668	10	0	0	22	0	0	1	1	0	0	1	27
2013/09/04-17:40:50	4	2,213.515	72.668	6	0	1	0	0	0	0	1	0	0	1	30
2013/09/04-17:41:39	4	2,213.515	72.668	8	0	0	0	0	0	1	1	0	0	1	35
2013/09/04-17:42:58	4	2,190.211	66.124	6	0	0	0	1	0	1	1	0	0	1	24
2013/09/04-17:43:41	4	2,190.211	66.124	11	0	0	2	2	0	1	1	0	0	1	34
2013/09/04-17:57:57	4	2,190.211	66.124	2	0	0	0	1	0	1	1	0	0	1	12
2013/09/04-17:58:50	4	2,190.211	66.124	28	0	0	5	1	0	0	1	1	0	0	60
2013/09/04-18:00:09	4	2,190.211	66.124	2	0	0	0	2	0	0	1	1	0	0	7
2013/09/04-18:00:35	4	2,190.211	66.124	16	0	0	4	1	0	0	1	1	0	0	47
2013/09/04-18:01:41	4	2,190.211	66.124	24	0	0	0	3	0	0	1	1	0	0	47
2013/09/05-00:13:28	2	2,221.203	67.991	26	0	0	14	0	0	0	1	1	0	0	60
2013/09/05-00:14:47	2	2,221.203	67.991	7	0	0	0	0	0	0	1	1	0	0	21
2013/09/05-00:15:26	2	2,221.203	67.991	18	0	0	0	1	0	0	1	1	0	0	60
2013/09/05-00:16:45	2	2,221.203	67.991	3	0	0	0	0	0	1	1	0	0	1	13
2013/09/05-00:18:04	2	2,221.203	67.991	5	0	0	0	0	0	1	1	0	0	1	15
2013/09/05-00:34:05	2	2,221.203	67.991	1	0	0	0	0	0	1	1	0	0	1	3
2013/09/05-00:35:11	2	2,221.203	67.991	6	0	0	0	1	0	0	1	1	0	0	12
2013/09/05-00:35:42	2	2,221.203	67.991	2	0	1	0	0	0	0	1	0	0	1	8
2013/09/05-00:36:13	2	2,221.203	67.991	0	0	1	0	0	0	0	1	0	0	1	3
2013/09/05-00:36:36	2	2,221.203	67.991	2	0	1	0	2	0	0	1	0	0	1	4
2013/09/05-00:46:20	5	2,197.018	61.51	1	0	1	0	0	0	0	1	0	0	1	7
2013/09/05-00:46:52	5	2,197.018	61.51	28	0	0	0	1	0	0	1	1	0	0	60
2013/09/05-00:48:11	5	2,197.018	61.51	5	0	1	1	0	0	0	1	0	0	1	41
2013/09/05-00:49:20	5	2,197.018	61.51	25	0	0	3	0	0	0	1	1	0	0	60
2013/09/05-00:50:39	5	2,197.018	61.51	6	0	0	0	0	0	0	1	1	0	0	24
2013/09/05-08:05:00	3	2,199.352	64.639	16	0	0	8	0	0	0	1	1	0	0	60
2013/09/05-08:06:18	3	2,199.352	64.639	16	0	0	3	0	0	0	1	0	0	1	60
2013/09/05-08:07:37	3	2,199.352	64.639	19	0	0	3	1	0	0	1	1	0	0	60
2013/09/05-08:08:56	3	2,199.352	64.639	8	0	1	2	0	0	0	1	0	0	1	24
2013/09/05-08:10:14	3	2,199.352	64.639	12	0	0	3	1	0	1	1	0	0	1	36
2013/09/05-10:32:35	3	2,204.025	61.075	16	0	0	4	0	0	0	1	1	0	0	60
2013/09/05-10:33:56	3	2,204.025	61.075	16	0	0	1	0	0	1	1	0	0	1	42
2013/09/05-10:34:56	3	2,204.025	61.075	20	0	0	6	0	0	0	1	1	0	0	60
2013/09/05-10:36:15	3	2,204.025	61.075	15	0	0	7	0	0	1	1	0	0	1	54
2013/09/05-10:37:37	3	2,204.025	61.075	23	0	0	11	1	0	0	1	1	0	0	60
2013/09/05-10:56:11	3	2,204.025	61.075	13	0	0	5	0	0	0	1	1	0	0	60
2013/09/05-10:57:30	3	2,243.891	57.467	22	0	0	6	1	0	0	1	1	0	0	60
2013/09/05-10:58:49	3	2,243.891	57.467	11	0	0	2	0	0	0	1	0	0	1	60
2013/09/05-11:00:08	3	2,243.891	57.467	12	0	0	5	0	0	0	1	1	0	0	50
2013/09/05-11:01:16	3	2,243.891	57.467	11	0	0	2	0	0	0	1	0	0	1	60
2013/09/06-23:43:52	2	2,255.804	63.769	12	0	0	2	0	0	0	1	0	0	1	60
2013/09/06-23:45:11	2	2,255.804	63.769	15	0	0	3	1	0	1	1	0	0	1	58
2013/09/06-23:46:28	2	2,255.804	63.769	18	0	0	4	2	0	0	1	1	0	0	47
2013/09/06-23:47:33	2	2,255.804	63.769	14	0	0	6	0	0	0	1	1	0	0	60
2013/09/06-23:48:52	2	2,255.804	63.769	7	0	0	0	0	0	1	1	0	0	1	22
2013/09/07-00:11:51	2	2,255.804	63.769	19	0	0	6	0	0	1	1	0	0	1	55
2013/09/07-00:13:06	2	2,255.804	63.769	10	0	0	4	0	0	1	1	0	0	1	50
2013/09/07-00:14:24	2	2,252.006	59.452	15	0	0	4	0	0	0	1	0	0	1	60
2013/09/07-00:15:43	2	2,252.006	59.452	10	0	0	6	0	0	0	1	1	0	0	60
2013/09/07-00:17:02	2	2,252.006	59.452	20	0	0	5	0	0	1	1	0	0	1	55
2013/09/07-00:40:47	2	2,252.006	59.452	18	0	0	2	0	0	0	1	1	0	0	60
2013/09/07-00:42:06	2	2,252.006	59.452	8	0	1	1	1	0	0	1	0	0	1	38
2013/09/07-00:43:03	2	2,252.006	59.452	9	0	1	1	0	0	0	1	0	0	1	31
2013/09/07-00:44:22	2	2,252.006	59.452	25	0	0	3	0	0	0	1	1	0	0	60
2013/09/07-00:45:41	2	2,252.006	59.452	11	0	0	8	2	0	0	1	1	0	0	40
2013/09/08-17:58:00	2	2,273.72	61.085	23	0	0	4	1	0	1	1	0	0	1	49
2013/09/08-17:59:09	2	2,273.72	61.085	10	0	0	3	2	0	0	1	1	0	0	30
2013/09/08-17:59:58	2	2,273.72	61.085	17	0	0	7	1	0	0	1	1	0	0	60
2013/09/08-18:01:16	2	2,273.72	61.085	21	0	0	10	1	0	0	1	1	0	0	60
2013/09/08-18:02:35	2	2,273.72	61.085	14	0	0	4	2	0	0	1	1	0	0	45
2013/09/08-19:36:33	2	2,295.838	58.328	21	0	0	4	0	0	0	1	1	0	0	60
2013/09/08-19:37:53	2	2,295.838	58.328	12	0	1	4	0	0	0	1	0	0	1	40
2013/09/08-19:59:37	2	2,295.838	58.328	20	0	0	5	1	0	0	1	1	0	0	60
2013/09/08-20:00:53	2	2,295.838	58.328	17	0	0	3	1	0	0	1	1	0	0	60
2013/09/08-20:02:11	2	2,295.838	58.328	17	0	0	8	0	0	0	1	1	0	0	60
2013/09/08-20:19:31	2	2,295.838	58.328	26	0	0	6	0	0	0	1	1	0	0	60
2013/09/08-20:20:47	2	2,295.838	58.328	19	0	0	7	1	0	0	1	1	0	0	60
2013/09/08-20:22:06	2	2,295.838	58.328	18	0	0	5	0	0	0	1	1	0	0	60
2013/09/08-20:23:24	2	2,295.838	58.328	16	0	0	3	0	0	0	1	1	0	0	60
2013/09/08-20:24:43	2	2,295.838	58.328	14	0	0	1	0	0	0	1	0	0	1	60
2013/09/10-00:16:06	1	2,326.718	60.825	27	0	0	3	1	0	0	1	1	0	0	60
2013/09/10-00:17:22	1	2,326.718	60.825	12	0	0	4	1	0	0	1	1	0	0	60
2013/09/10-00:18:41	1	2,326.718	60.825	16	0	0	4	1	0	1	1	0	0	1	55
2013/09/10-00:19:59	1	2,326.718	60.825	14	0	0	4	0	0	0	1	1	0	0	40
2013/09/10-00:20:58	1	2,326.718	60.825	17	0	0	4	0	0	0	1	1	0	0	60
2013/09/10-01:01:29	1	2,336.319	58.443	24	0	0	4	0	0	1	1	0	0	1	57
2013/09/10-01:02:45	1	2,336.319	58.443	22	0	0	4	0	0	0	1	1	0	0	60
2013/09/10-01:04:03	1	2,336.319	58.443	16	0	0	7	0	0	0	1	1	0	0	60
2013/09/10-01:05:22	1	2,336.319	58.443	12	0	0	2	0	0	1	1	0	0	1	34
2013/09/10-01:06:15	1	2,336.319	58.443	5	0	0	2	0	0	0	1	1	0	0	22
2013/09/10-01:31:41	1	2,343.924	56.417	19	0	0	6	0	0	0	1	0	0	1	60
2013/09/10-01:33:00	1	2,343.924	56.417	20	0	1	6	0	0	0	1	0	0	1	56
2013/09/10-01:34:15	1	2,343.924	56.417	23	0	0	2	0	0	0	1	1	0	0	60
2013/09/10-01:35:34	1	2,343.924	56.417	14	0	0	4	1	0	0	1	1	0	0	49
2013/09/10-01:36:42	1	2,343.924	56.417	1	0	0	0	0	0	1	1	0	0	1	3
2013/09/11-00:48:40	1	2,341.442	61.187	10	0	0	3	0	0	0	1	1	0	0	34
2013/09/11-00:49:32	1	2,341.442	61.187	20	0	0	6	0	0	0	1	1	0	0	60
2013/09/11-00:50:51	1	2,341.442	61.187	12	0	0	6	1	0	0	1	1	0	0	33
2013/09/11-00:51:43	1	2,341.442	61.187	11	0	0	4	0	0	1	1	0	0	1	29
2013/09/11-00:52:31	1	2,341.442	61.187	14	0	0	4	0	0	0	1	1	0	0	60
2013/09/11-01:21:31	1	2,355.662	58.905	16	0	0	6	1	0	0	1	1	0	0	48
2013/09/11-01:22:38	1	2,355.662	58.905	19	0	0	4	0	0	0	1	0	0	1	60
2013/09/11-01:23:57	1	2,355.662	58.905	26	0	0	6	0	0	0	1	1	0	0	60
2013/09/11-01:25:15	1	2,355.662	58.905	22	0	0	4	0	0	0	1	1	0	0	60
2013/09/11-01:26:34	1	2,355.662	58.905	13	0	0	5	1	0	0	1	1	0	0	60
2013/09/11-01:49:12	1	2,355.662	58.905	15	0	0	7	0	0	0	1	0	0	1	60
2013/09/11-01:50:31	1	2,355.662	58.905	18	0	0	5	2	0	0	1	1	0	0	47
2013/09/11-01:51:37	1	2,355.662	58.905	20	0	0	8	0	0	0	1	1	0	0	60
2013/09/11-01:52:56	1	2,355.662	58.905	18	0	0	6	0	0	1	1	0	0	1	46
2013/09/11-01:54:00	1	2,355.662	58.905	18	0	0	5	0	0	0	1	1	0	0	60
2013/09/11-17:01:52	1	2,387.018	61.641	20	0	0	7	0	0	0	1	1	0	0	60
2013/09/11-17:03:11	1	2,387.018	61.641	14	0	0	3	0	0	0	1	1	0	0	51
2013/09/11-17:04:21	1	2,387.018	61.641	26	0	0	6	1	0	0	1	1	0	0	58
2013/09/11-17:05:37	1	2,387.018	61.641	11	0	0	5	1	0	0	1	1	0	0	32
2013/09/11-17:06:28	1	2,400.896	60.052	17	0	0	12	1	0	0	1	1	0	0	60
2013/09/11-17:35:13	1	2,400.896	60.052	13	0	0	3	0	0	1	1	0	0	1	41
2013/09/11-17:36:12	1	2,400.896	60.052	17	0	0	4	0	0	1	1	0	0	1	52
2013/09/11-17:37:23	1	2,400.896	60.052	4	0	1	1	0	0	0	1	0	0	1	16
2013/09/11-17:38:17	1	2,400.896	60.052	12	0	0	5	0	0	0	1	1	0	0	60
2013/09/11-17:39:36	1	2,400.896	60.052	14	0	0	5	0	0	0	1	1	0	0	60
2013/09/11-18:04:35	1	2,394.307	57.924	14	0	0	6	0	0	0	1	1	0	0	60
2013/09/11-18:05:53	1	2,394.307	57.924	9	0	0	2	0	0	1	1	0	0	1	35
2013/09/11-18:07:12	1	2,394.307	57.924	16	0	0	7	0	0	0	1	0	0	1	60
2013/09/11-18:08:31	1	2,394.307	57.924	17	0	0	11	1	0	0	1	1	0	0	60
2013/09/11-18:09:50	1	2,394.307	57.924	21	0	0	6	0	0	0	1	1	0	0	60
2013/09/12-11:47:59	1	2,396.362	62.445	16	0	0	2	1	0	1	1	0	0	1	53
2013/09/12-11:49:11	1	2,396.362	62.445	18	0	0	4	0	0	1	1	0	0	1	40
2013/09/12-11:50:10	1	2,396.362	62.445	21	0	0	9	0	0	0	1	1	0	0	60
2013/09/12-11:51:29	1	2,396.362	62.445	21	0	0	7	0	0	0	1	0	0	1	60
2013/09/12-11:52:47	1	2,396.362	62.445	17	0	0	5	1	0	0	1	1	0	0	41
2013/09/12-12:28:53	1	2,392.207	60.474	9	0	0	4	0	0	1	1	0	0	1	31
2013/09/12-12:30:12	1	2,392.207	60.474	9	0	0	3	0	0	1	1	0	0	1	26
2013/09/12-12:30:56	1	2,392.207	60.474	7	0	1	3	0	0	0	1	0	0	1	31
2013/09/12-12:32:15	1	2,392.207	60.474	13	0	0	5	0	0	1	1	0	0	1	38
2013/09/12-12:33:34	1	2,392.207	60.474	8	0	1	0	0	0	0	1	0	0	1	20
2013/09/12-12:47:04	1	2,392.207	60.474	22	0	0	8	0	0	0	1	1	0	0	60
2013/09/12-12:48:23	1	2,392.207	60.474	6	0	0	2	1	0	0	1	1	0	0	16
2013/09/12-12:48:58	1	2,392.207	60.474	7	0	0	4	0	0	1	1	0	0	1	22
2013/09/12-12:49:44	1	2,392.207	60.474	21	0	0	6	2	0	0	1	1	0	0	60
2013/09/12-12:51:03	1	2,356.19	56.435	19	0	0	4	1	0	0	1	1	0	0	60
2013/09/14-04:12:15	1	2,360.341	77.334	14	0	0	4	2	0	0	1	1	0	0	39
2013/09/14-04:13:13	1	2,360.341	77.334	6	0	0	0	0	0	1	1	0	0	1	11
2013/09/14-04:13:55	1	2,360.341	77.334	1	0	0	0	0	0	1	1	0	0	1	3
2013/09/14-04:14:53	1	2,360.341	77.334	7	0	1	2	0	0	0	1	0	0	1	15
2013/09/14-04:15:28	1	2,360.341	77.334	21	0	0	4	1	0	1	1	0	0	1	49
2013/09/14-04:33:00	2	2,269.59	76.136	23	0	0	6	1	0	0	1	1	0	0	60
2013/09/14-04:34:19	2	2,269.59	76.136	19	0	0	7	2	0	0	1	1	0	0	60
2013/09/14-04:35:38	2	2,269.59	76.136	22	0	0	5	2	0	0	1	1	0	0	60
2013/09/14-04:36:56	2	2,269.59	76.136	19	0	0	9	1	0	0	1	1	0	0	60
2013/09/14-04:38:15	2	2,269.59	76.136	19	0	0	6	1	0	0	1	1	0	0	60
2013/09/14-05:00:40	2	2,269.59	76.136	15	0	0	4	1	0	0	1	1	0	0	39
2013/09/14-05:01:37	2	2,269.59	76.136	6	0	1	1	0	0	0	1	0	0	1	14
2013/09/14-05:02:29	2	2,269.59	76.136	14	0	0	2	2	0	0	1	1	0	0	41
2013/09/14-05:03:29	2	2,269.59	76.136	5	0	0	2	0	0	1	1	0	0	1	17
2013/09/14-05:04:22	2	2,269.59	76.136	7	0	1	1	0	0	0	1	0	0	1	21
2013/09/14-10:22:39	2	2,208.807	77.628	21	0	0	6	0	0	0	1	0	0	1	60
2013/09/14-10:23:59	2	2,208.807	77.628	18	0	0	3	1	0	0	1	1	0	0	60
2013/09/14-10:25:17	2	2,208.807	77.628	21	0	0	3	1	0	0	1	1	0	0	60
2013/09/14-10:26:36	2	2,208.807	77.628	6	0	1	2	0	0	0	1	0	0	1	17
2013/09/14-10:27:39	2	2,208.807	77.628	10	0	0	5	0	0	0	1	1	0	0	37
2013/09/14-10:51:40	2	2,187.505	75.925	15	0	0	8	1	0	0	1	1	0	0	53
2013/09/14-10:52:51	2	2,187.505	75.925	7	0	0	4	0	0	0	1	1	0	0	23
2013/09/14-10:53:33	2	2,187.505	75.925	15	0	0	8	1	0	0	1	1	0	0	60
2013/09/14-10:54:51	2	2,187.505	75.925	14	0	0	4	1	0	0	1	1	0	0	41
2013/09/14-10:55:51	2	2,187.505	75.925	10	0	0	6	1	0	0	1	1	0	0	38
2013/09/14-11:11:53	2	2,187.505	75.925	14	0	0	7	0	0	0	1	1	0	0	60
2013/09/14-11:13:12	2	2,187.505	75.925	7	0	0	2	0	0	1	1	0	0	1	20
2013/09/14-11:14:31	2	2,187.505	75.925	18	0	0	6	1	0	0	1	1	0	0	60
2013/09/14-11:15:50	2	2,187.505	75.925	22	0	0	6	0	0	0	1	1	0	0	60
2013/09/14-11:17:09	2	2,187.505	75.925	9	0	0	6	0	0	0	1	1	0	0	37
2013/09/14-14:28:38	2	2,210.285	74.741	17	0	0	10	0	0	0	1	1	0	0	60
2013/09/14-14:29:58	2	2,210.285	74.741	15	0	0	8	2	0	0	1	1	0	0	49
2013/09/14-14:31:05	2	2,210.285	74.741	21	0	0	6	0	0	0	1	0	0	1	60
2013/09/14-14:32:24	2	2,206.736	73.876	16	0	0	7	0	0	0	1	0	0	1	45
2013/09/14-14:33:28	2	2,206.736	73.876	11	0	0	4	1	0	0	1	1	0	0	30
2013/09/14-15:01:15	2	2,206.736	73.876	17	0	0	5	0	0	0	1	0	0	1	60
2013/09/14-15:02:34	2	2,206.736	73.876	3	0	1	2	0	0	0	1	0	0	1	15
2013/09/14-15:03:18	2	2,206.736	73.876	15	0	0	5	1	0	0	1	1	0	0	60
2013/09/14-15:04:37	2	2,206.736	73.876	6	0	0	2	0	0	1	1	0	0	1	19
2013/09/14-15:05:39	2	2,206.736	73.876	16	0	0	5	1	0	0	1	1	0	0	60
2013/09/14-15:20:15	2	2,182.038	69.865	14	0	0	3	0	0	0	1	0	0	1	60
2013/09/14-15:21:34	2	2,182.038	69.865	19	0	0	3	1	0	0	1	1	0	0	50
2013/09/14-15:22:44	2	2,182.038	69.865	11	0	0	5	0	0	0	1	1	0	0	60
2013/09/14-15:24:03	2	2,182.038	69.865	14	0	0	5	0	0	0	1	1	0	0	60
2013/09/14-15:25:22	2	2,182.038	69.865	9	0	0	4	0	0	0	1	1	0	0	60
2013/09/14-18:11:02	2	2,214.631	70.234	8	0	0	2	2	0	1	1	0	0	1	21
2013/09/14-18:11:42	2	2,214.631	70.234	21	0	0	5	0	0	0	1	1	0	0	60
2013/09/14-18:13:00	2	2,214.631	70.234	10	0	0	8	2	0	0	1	1	0	0	44
2013/09/14-18:14:03	2	2,214.631	70.234	22	0	0	6	1	0	0	1	1	0	0	60
2013/09/14-18:15:22	2	2,214.631	70.234	20	0	0	4	1	0	0	1	1	0	0	50
2013/09/14-18:45:37	2	2,217.046	68.729	17	0	0	6	0	0	0	1	0	0	1	60
2013/09/14-18:46:56	2	2,217.046	68.729	6	0	0	1	0	0	1	1	0	0	1	14
2013/09/14-18:47:41	2	2,217.046	68.729	20	0	0	5	0	0	0	1	1	0	0	53
2013/09/14-18:48:53	2	2,217.046	68.729	14	0	1	6	2	0	0	1	0	0	1	49
2013/09/14-18:50:00	2	2,217.046	68.729	18	0	0	6	0	0	0	1	1	0	0	60
2013/09/14-19:06:46	2	2,217.046	68.729	14	0	0	4	1	0	0	1	1	0	0	60
2013/09/14-19:08:05	2	2,207.458	65.94	17	0	0	4	1	0	0	1	1	0	0	50
2013/09/14-19:09:15	2	2,207.458	65.94	14	0	0	4	0	0	0	1	0	0	1	60
2013/09/14-19:10:35	2	2,207.458	65.94	15	0	0	7	0	0	0	1	0	0	1	60
2013/09/14-19:11:55	2	2,207.458	65.94	3	0	0	1	0	0	1	1	0	0	1	8
2013/09/14-23:24:04	2	2,198.457	68.466	7	0	1	2	0	0	0	1	0	0	1	28
2013/09/14-23:25:05	2	2,198.457	68.466	11	0	0	4	2	0	0	1	1	0	0	29
2013/09/14-23:25:53	2	2,198.457	68.466	14	0	0	6	2	0	0	1	1	0	0	52
2013/09/14-23:27:03	2	2,186.347	67.908	6	0	0	4	1	0	0	1	1	0	0	30
2013/09/14-23:28:06	2	2,186.347	67.908	11	0	0	9	0	0	0	1	1	0	0	43
2013/09/14-23:54:59	2	2,186.347	67.908	12	0	0	4	1	0	0	1	1	0	0	43
2013/09/14-23:56:02	2	2,186.347	67.908	23	0	0	6	1	0	0	1	1	0	0	60
2013/09/14-23:57:20	2	2,186.347	67.908	19	0	0	3	1	0	0	1	1	0	0	60
2013/09/14-23:58:39	2	2,186.347	67.908	16	0	0	7	0	0	0	1	0	0	1	60
2013/09/14-23:59:58	2	2,186.347	67.908	22	0	0	7	1	0	0	1	1	0	0	60
2013/09/15-00:14:21	1	2,210.73	64.846	13	0	0	3	0	0	0	1	0	0	1	60
2013/09/15-00:15:40	1	2,210.73	64.846	11	0	0	3	1	0	1	1	0	0	1	35
2013/09/15-00:16:59	1	2,210.73	64.846	13	0	0	4	0	0	1	1	0	0	1	34
2013/09/15-00:17:52	1	2,210.73	64.846	23	0	0	5	0	0	0	1	0	0	1	60
2013/09/15-00:19:11	1	2,210.73	64.846	8	0	0	4	0	0	1	1	0	0	1	35
2013/09/15-10:55:25	1	2,184.748	66.672	18	0	0	4	0	0	0	1	0	0	1	60
2013/09/15-10:56:45	1	2,184.748	66.672	15	0	0	9	0	0	0	1	1	0	0	60
2013/09/15-10:58:04	1	2,184.748	66.672	18	0	0	5	1	0	0	1	1	0	0	44
2013/09/15-10:59:07	1	2,184.748	66.672	17	0	0	3	1	0	0	1	1	0	0	52
2013/09/15-11:00:18	1	2,184.748	66.672	14	0	0	7	1	0	0	1	1	0	0	53
2013/09/15-11:28:21	1	2,186.339	65.453	21	0	0	6	0	0	0	1	1	0	0	60
2013/09/15-11:29:40	1	2,186.339	65.453	11	0	1	0	0	0	0	1	0	0	1	22
2013/09/15-11:30:41	1	2,186.339	65.453	22	0	0	5	1	0	0	1	1	0	0	49
2013/09/15-11:31:49	1	2,186.339	65.453	3	0	0	0	0	0	1	1	0	0	1	10
2013/09/15-11:32:49	1	2,186.339	65.453	5	0	1	1	0	0	0	1	0	0	1	15
2013/09/15-17:10:50	2	2,137.625	70.484	16	0	0	4	1	0	0	1	1	0	0	60
2013/09/15-17:12:09	2	2,137.625	70.484	13	0	0	7	1	0	0	1	1	0	0	49
2013/09/15-17:13:16	2	2,137.625	70.484	13	0	0	7	0	0	0	1	1	0	0	60
2013/09/15-17:14:35	2	2,137.625	70.484	16	0	0	4	0	0	0	1	1	0	0	45
2013/09/15-17:15:39	2	2,137.625	70.484	17	0	0	4	1	0	0	1	1	0	0	60
2013/09/15-17:48:55	1	2,167.524	66.958	5	0	0	0	0	0	1	1	0	0	1	17
2013/09/15-17:50:14	1	2,167.524	66.958	19	0	0	4	0	0	0	1	0	0	1	60
2013/09/15-17:51:33	1	2,167.524	66.958	19	0	0	7	0	0	0	1	1	0	0	60
2013/09/15-17:52:52	1	2,167.524	66.958	17	0	0	8	0	0	0	1	1	0	0	60
2013/09/15-17:54:11	1	2,167.524	66.958	18	0	0	8	1	0	0	1	1	0	0	56
2013/09/15-18:14:44	1	2,167.524	66.958	17	0	1	3	0	0	0	1	0	0	1	59
2013/09/15-18:16:03	1	2,167.524	66.958	16	0	0	8	0	0	0	1	1	0	0	60
2013/09/15-18:17:22	1	2,167.524	66.958	15	0	0	6	1	0	0	1	1	0	0	60
2013/09/15-18:18:41	1	2,167.524	66.958	9	0	1	2	0	0	0	1	0	0	1	43
2013/09/15-18:19:55	1	2,167.524	66.958	19	0	0	4	0	0	1	1	0	0	1	51
2013/09/15-23:15:54	1	2,153.79	69.418	20	0	0	6	1	0	1	1	0	0	1	52
2013/09/15-23:17:05	1	2,153.79	69.418	7	0	1	3	0	0	0	1	0	0	1	18
2013/09/15-23:18:23	1	2,153.79	69.418	21	0	0	5	0	0	0	1	1	0	0	60
2013/09/15-23:19:42	1	2,153.79	69.418	7	0	1	3	0	0	0	1	0	0	1	38
2013/09/15-23:20:38	1	2,153.79	69.418	9	0	1	0	0	0	0	1	0	0	1	25
2013/09/15-23:40:45	2	2,114.793	66.203	21	0	0	5	1	0	0	1	1	0	0	60
2013/09/15-23:42:04	2	2,114.793	66.203	20	0	0	4	0	0	0	1	0	0	1	60
2013/09/15-23:43:23	2	2,114.793	66.203	15	0	0	6	1	0	0	1	1	0	0	60
2013/09/15-23:44:41	2	2,114.793	66.203	7	0	0	5	1	0	0	1	1	0	0	29
2013/09/15-23:45:29	2	2,114.793	66.203	18	0	0	2	0	0	0	1	0	0	1	60
2013/09/16-00:12:36	1	2,119.426	63.145	14	0	0	8	0	0	0	1	0	0	1	60
2013/09/16-00:13:55	1	2,119.426	63.145	18	0	0	3	0	0	1	1	0	0	1	47
2013/09/16-00:15:01	1	2,119.426	63.145	17	0	0	3	0	0	0	1	1	0	0	60
2013/09/16-00:16:20	1	2,119.426	63.145	7	0	0	2	0	0	1	1	0	0	1	22
2013/09/16-00:17:05	1	2,119.426	63.145	18	0	0	2	1	0	0	1	1	0	0	60
2013/09/16-23:38:50	1	2,111.412	67.684	0	0	1	0	0	0	0	1	0	0	1	4
2013/09/16-23:39:41	1	2,111.412	67.684	25	0	0	7	0	0	0	1	1	0	0	60
2013/09/16-23:40:59	1	2,111.412	67.684	1	0	1	0	0	0	0	1	0	0	1	7
2013/09/16-23:41:32	1	2,111.412	67.684	1	0	0	0	1	0	1	1	0	0	1	3
2013/09/16-23:41:54	1	2,111.412	67.684	11	0	0	2	1	0	0	1	1	0	0	60
2013/09/16-23:58:10	1	2,111.412	67.684	5	0	1	4	2	0	0	1	0	0	1	12
2013/09/16-23:58:41	1	2,111.412	67.684	25	0	0	0	0	0	0	1	0	0	1	60
2013/09/17-00:00:00	1	2,111.412	67.684	12	0	0	5	0	0	0	1	1	0	0	37
2013/09/17-00:00:56	1	2,111.412	67.684	1	0	1	0	0	0	0	1	0	0	1	9
2013/09/17-00:01:39	1	2,111.412	67.684	10	0	1	0	0	0	0	1	0	0	1	33
2013/09/17-00:18:34	2	2,072.484	61.746	20	0	0	0	0	0	0	1	0	0	1	60
2013/09/17-00:19:53	2	2,072.484	61.746	5	0	0	0	2	0	0	1	1	0	0	23
2013/09/17-00:20:35	2	2,072.484	61.746	4	0	0	16	1	0	1	1	0	0	1	16
2013/09/17-00:21:10	2	2,072.484	61.746	22	0	0	9	0	0	0	1	1	0	0	60
2013/09/17-00:22:29	2	2,072.484	61.746	2	0	1	0	0	0	0	1	0	0	1	22
2013/09/17-20:36:45	2	2,064.833	63.946	25	0	0	0	1	0	0	1	1	0	0	60
2013/09/17-20:38:04	2	2,064.833	63.946	11	0	0	1	1	0	0	1	1	0	0	49
2013/09/17-20:39:11	2	2,064.833	63.946	4	0	0	0	2	0	0	1	1	0	0	22
2013/09/17-20:39:52	2	2,064.833	63.946	5	0	0	0	0	0	1	1	0	0	1	14
2013/09/17-20:40:27	2	2,064.833	63.946	16	0	0	21	0	0	1	1	0	0	1	35
2013/09/17-20:59:21	2	2,056.735	62.442	2	0	1	0	0	0	0	1	0	0	1	4
2013/09/17-21:00:29	2	2,056.735	62.442	3	0	0	0	2	0	1	1	1	0	0	17
2013/09/17-21:01:06	2	2,056.735	62.442	2	0	1	1	0	0	0	1	0	0	1	10
2013/09/17-21:02:25	2	2,056.735	62.442	4	0	0	0	0	0	1	1	0	0	1	14
2013/09/17-21:03:02	2	2,056.735	62.442	7	0	1	0	0	0	0	1	0	0	1	42
2013/09/17-21:13:46	2	2,056.735	62.442	2	0	1	0	0	0	0	1	0	0	1	7
2013/09/17-21:14:25	2	2,056.735	62.442	30	0	0	0	0	0	0	1	1	0	0	60
2013/09/17-21:15:44	2	2,056.735	62.442	1	0	0	0	0	0	0	1	1	0	0	4
2013/09/17-21:16:07	2	2,056.735	62.442	15	0	1	7	0	0	0	1	0	0	1	57
2013/09/17-21:17:24	2	2,056.735	62.442	7	0	0	0	1	0	0	1	1	0	0	14
2013/09/17-21:30:05	2	2,023.18	57.539	11	0	0	0	0	0	1	1	0	0	1	38
2013/09/17-21:31:02	2	2,023.18	57.539	2	0	0	0	0	0	1	1	0	0	1	10
2013/09/17-21:32:21	2	2,023.18	57.539	18	0	0	3	0	0	0	1	0	0	1	60
2013/09/17-21:33:40	2	2,023.18	57.539	17	0	0	11	0	0	1	1	0	0	1	49
2013/09/17-21:34:47	2	2,023.18	57.539	26	0	0	0	0	0	0	1	1	0	0	57
2013/09/17-21:56:57	2	2,023.18	57.539	3	0	1	0	0	0	0	1	0	0	1	11
2013/09/17-21:57:42	2	2,023.18	57.539	6	0	0	0	1	0	1	1	0	0	1	22
2013/09/17-21:59:01	2	2,004.77	54.192	17	0	0	7	0	0	0	1	0	0	1	60
2013/09/17-22:00:20	2	2,004.77	54.192	17	0	0	8	0	0	0	1	1	0	0	60
2013/09/17-22:01:39	2	2,004.77	54.192	5	0	0	0	0	0	0	1	1	0	0	26
2013/09/17-22:23:38	2	2,004.77	54.192	10	0	0	0	1	0	0	1	1	0	0	37
2013/09/17-22:24:34	2	2,004.77	54.192	14	0	0	7	0	0	0	1	1	0	0	60
2013/09/17-22:25:53	2	2,004.77	54.192	5	0	0	1	1	0	1	1	0	0	1	24
2013/09/17-22:26:36	2	2,004.77	54.192	5	0	0	0	1	0	1	1	0	0	1	11
2013/09/17-22:27:22	2	2,004.77	54.192	14	0	0	0	0	0	0	1	1	0	0	35
2013/09/18-12:07:34	1	2,026.977	60.786	3	0	0	0	1	0	0	1	1	0	0	11
2013/09/18-12:08:04	1	2,026.977	60.786	16	0	0	0	1	0	1	1	0	0	1	40
2013/09/18-12:09:03	1	2,026.977	60.786	9	0	0	0	2	0	0	1	1	0	0	39
2013/09/18-12:10:01	1	2,026.977	60.786	25	0	0	6	0	0	0	1	1	0	0	60
2013/09/18-12:11:20	1	2,026.977	60.786	28	0	0	0	1	0	0	1	1	0	0	60
2013/09/18-12:38:16	1	2,053.209	57.831	16	0	0	16	0	0	0	1	1	0	0	60
2013/09/18-12:39:35	1	2,053.209	57.831	6	0	0	0	1	0	0	1	1	0	0	20
2013/09/18-12:40:14	1	2,053.209	57.831	10	0	0	2	0	0	1	1	0	0	1	46
2013/09/18-12:41:19	1	2,053.209	57.831	12	0	0	0	0	0	1	1	0	0	1	30
2013/09/18-12:42:38	1	2,053.209	57.831	8	0	1	1	0	0	0	1	0	0	1	41
2013/09/18-13:03:15	1	2,052.254	55.258	1	0	1	0	0	0	0	1	0	0	1	7
2013/09/18-13:03:45	1	2,052.254	55.258	2	0	0	0	0	0	1	1	0	0	1	3
2013/09/18-13:04:37	1	2,052.254	55.258	6	0	0	0	0	0	1	1	0	0	1	18
2013/09/18-13:05:14	1	2,052.254	55.258	1	0	0	0	1	0	1	1	0	0	1	5
2013/09/18-13:05:51	1	2,052.254	55.258	9	0	0	4	1	0	0	1	1	0	0	33
2013/09/18-17:18:38	2	2,035.884	62.644	1	0	0	0	0	0	1	1	0	0	1	3
2013/09/18-17:19:09	2	2,035.884	62.644	5	0	0	3	0	0	0	1	1	0	0	16
2013/09/18-17:19:45	2	2,035.884	62.644	2	0	1	0	0	0	0	1	0	0	1	9
2013/09/18-17:20:13	2	2,035.884	62.644	8	0	0	1	0	0	1	1	0	0	1	33
2013/09/18-17:21:05	2	2,035.884	62.644	2	0	0	0	2	0	1	1	0	0	1	10
2013/09/18-17:41:34	2	2,024.332	59.511	14	0	0	0	0	0	0	1	1	0	0	57
2013/09/18-17:42:49	2	2,024.332	59.511	18	0	0	0	1	0	0	1	1	0	0	60
2013/09/18-17:44:08	2	2,024.332	59.511	1	0	0	0	3	0	1	1	1	0	0	3
2013/09/18-17:44:30	2	2,024.332	59.511	2	0	1	0	0	0	0	1	0	0	1	7
2013/09/18-17:45:10	2	2,024.332	59.511	14	0	0	22	1	0	0	1	1	0	0	60
2013/09/18-18:05:41	2	2,024.332	59.511	1	0	0	0	0	0	0	1	1	0	0	9
2013/09/18-18:06:10	2	2,024.332	59.511	20	0	0	0	0	0	0	1	0	0	1	60
2013/09/18-18:07:29	2	2,024.332	59.511	3	0	0	0	0	0	0	1	1	0	0	17
2013/09/18-18:08:05	2	2,024.332	59.511	2	0	0	3	0	0	0	1	1	0	0	7
2013/09/18-18:08:31	2	2,024.332	59.511	18	0	0	6	1	0	0	1	1	0	0	60
2013/09/19-09:05:48	1	2,080.412	65.839	5	0	0	0	1	0	0	1	1	0	0	7
2013/09/19-09:06:14	1	2,080.412	65.839	12	0	0	0	0	0	0	1	1	0	0	41
2013/09/19-09:07:14	1	2,080.412	65.839	27	0	0	17	1	0	1	1	0	0	1	59
2013/09/19-09:08:32	1	2,080.412	65.839	5	0	0	0	0	0	1	1	0	0	1	23
2013/09/19-09:09:14	1	2,080.412	65.839	22	0	0	5	1	0	0	1	1	0	0	60
2013/09/19-09:30:08	1	2,077.606	64.377	10	0	1	0	0	0	0	1	0	0	1	32
2013/09/19-09:30:59	1	2,077.606	64.377	7	0	0	1	0	0	1	1	0	0	1	26
2013/09/19-09:31:44	1	2,077.606	64.377	1	0	0	0	0	0	1	1	0	0	1	13
2013/09/19-09:33:03	1	2,077.606	64.377	25	0	0	3	0	0	0	1	1	0	0	60
2013/09/19-09:34:22	1	2,077.606	64.377	6	0	0	0	1	0	1	1	0	0	1	29
2013/09/19-09:46:20	1	2,060.302	61.592	6	0	1	0	0	0	0	1	0	0	1	24
2013/09/19-09:47:04	1	2,060.302	61.592	3	0	0	0	1	0	0	1	1	0	0	25
2013/09/19-09:47:47	1	2,060.302	61.592	16	0	0	5	0	0	0	1	0	0	1	60
2013/09/19-09:49:06	1	2,060.302	61.592	4	0	0	0	0	0	0	1	1	0	0	10
2013/09/19-09:49:35	1	2,060.302	61.592	16	0	0	0	0	0	0	1	0	0	1	60
2013/09/19-14:28:56	1	2,062.486	67.381	22	0	0	1	0	0	0	1	0	0	1	60
2013/09/19-14:30:16	1	2,062.486	67.381	2	0	0	0	0	0	1	1	0	0	1	8
2013/09/19-14:31:35	1	2,062.486	67.381	1	0	1	0	0	0	0	1	0	0	1	6
2013/09/19-14:31:59	1	2,062.486	67.381	12	0	0	4	1	0	1	1	1	0	0	37
2013/09/19-14:32:56	1	2,062.486	67.381	2	0	1	0	1	0	0	1	0	0	1	8
2013/09/19-14:49:23	1	2,062.486	67.381	5	0	0	0	1	0	0	1	1	0	0	15
2013/09/19-14:49:58	1	2,062.486	67.381	15	0	0	0	0	0	0	1	0	0	1	60
2013/09/19-14:51:16	1	2,062.486	67.381	0	0	0	0	0	0	0	1	1	0	0	4
2013/09/19-14:51:39	1	2,062.486	67.381	17	0	0	7	0	0	0	1	0	0	1	60
2013/09/19-14:52:58	1	2,062.486	67.381	8	0	0	0	0	0	1	1	0	0	1	11
2013/09/19-15:09:36	2	2,003.553	64.162	2	0	1	0	0	0	0	1	0	0	1	6
2013/09/19-15:10:07	2	2,003.553	64.162	7	0	0	0	0	0	0	1	1	0	0	16
2013/09/19-15:10:42	2	2,003.553	64.162	1	0	0	0	0	0	0	1	1	0	0	7
2013/09/19-15:11:09	2	2,003.553	64.162	16	0	0	3	1	0	0	1	1	0	0	52
2013/09/19-15:12:19	2	2,003.553	64.162	3	0	1	0	1	0	0	1	0	0	1	10
2013/09/19-17:51:58	2	1,982.108	68.468	10	0	0	3	1	0	0	1	1	0	0	27
2013/09/19-17:52:44	2	1,982.108	68.468	5	0	0	0	1	0	0	1	1	0	0	12
2013/09/19-17:53:14	2	1,982.108	68.468	27	0	0	7	0	0	0	1	0	0	1	60
2013/09/19-17:54:33	2	1,982.108	68.468	14	0	0	0	0	0	0	1	0	0	1	60
2013/09/19-17:55:52	2	1,982.108	68.468	7	0	0	0	1	0	0	1	1	0	0	32
2013/09/19-18:19:32	2	1,979.048	66.798	18	0	0	2	0	0	0	1	1	0	0	60
2013/09/19-18:20:51	2	1,979.048	66.798	7	0	0	10	0	0	0	1	1	0	0	28
2013/09/19-18:21:38	2	1,979.048	66.798	28	0	0	0	0	0	0	1	1	0	0	60
2013/09/19-18:22:58	2	1,979.048	66.798	4	0	0	1	0	0	1	1	0	0	1	9
2013/09/19-18:23:28	2	1,979.048	66.798	16	0	0	18	1	0	0	1	1	0	0	60
2013/09/19-18:42:08	2	1,986.012	63.521	9	0	0	3	1	0	1	1	0	0	1	26
2013/09/19-18:42:53	2	1,986.012	63.521	10	0	0	10	1	0	0	1	1	0	0	39
2013/09/19-18:43:52	2	1,986.012	63.521	7	0	1	0	0	0	0	1	0	0	1	34
2013/09/19-18:44:45	2	1,986.012	63.521	13	0	0	17	0	0	0	1	0	0	1	60
2013/09/19-18:46:04	2	1,986.012	63.521	12	0	0	0	1	0	0	1	1	0	0	46
2013/09/19-21:58:52	1	1,995.857	69.046	7	0	0	1	2	0	0	1	1	0	0	17
2013/09/19-21:59:29	1	1,995.857	69.046	4	0	0	0	1	0	0	1	1	0	0	6
2013/09/19-21:59:54	1	1,995.857	69.046	6	0	0	0	1	0	0	1	1	0	0	20
2013/09/19-22:00:32	1	1,995.857	69.046	19	0	0	4	1	0	0	1	1	0	0	56
2013/09/19-22:01:48	1	1,995.857	69.046	1	0	1	0	0	0	0	1	0	0	1	9
2013/09/19-23:56:55	1	1,995.857	69.046	1	0	0	0	1	0	1	1	0	0	1	7
2013/09/19-23:57:48	1	1,995.857	69.046	19	0	0	0	0	0	0	1	1	0	0	60
2013/09/19-23:59:06	1	1,995.857	69.046	8	0	0	6	2	0	0	1	1	0	0	19
2013/09/19-23:59:45	2	1,991.08	65.169	29	0	0	0	0	0	0	1	0	0	1	60
2013/09/20-00:01:03	2	1,991.08	65.169	4	0	0	0	0	0	0	1	1	0	0	12
2013/09/20-00:18:46	2	1,991.08	65.169	2	0	0	0	0	0	1	1	0	0	1	6
2013/09/20-00:19:52	2	1,991.08	65.169	0	0	1	0	0	0	0	1	0	0	1	4
2013/09/20-00:21:00	2	1,991.08	65.169	13	0	0	2	1	0	0	1	1	0	0	48
2013/09/20-00:22:06	2	1,991.08	65.169	15	0	0	0	0	0	0	1	0	0	1	60
2013/09/20-00:23:25	2	1,991.08	65.169	24	0	0	0	1	0	0	1	1	0	0	60
2013/09/20-04:18:18	1	1,990.078	71.715	14	0	0	17	1	0	0	1	1	0	0	60
2013/09/20-04:19:37	1	1,990.078	71.715	1	0	0	0	0	0	0	1	1	0	0	6
2013/09/20-04:20:02	1	1,990.078	71.715	5	0	0	0	0	0	0	1	1	0	0	19
2013/09/20-04:20:39	1	1,990.078	71.715	18	0	0	3	0	0	0	1	1	0	0	37
2013/09/20-04:21:35	1	1,990.078	71.715	7	0	0	5	0	0	1	1	0	0	1	26
2013/09/20-04:46:47	1	1,990.078	71.715	28	0	0	15	0	0	0	1	1	0	0	60
2013/09/20-04:48:06	1	1,990.078	71.715	19	0	0	4	0	0	0	1	0	1	0	60
2013/09/20-04:49:25	1	1,990.078	71.715	18	0	0	6	1	0	0	1	1	0	0	60
2013/09/20-04:50:44	2	2,004.69	67.224	1	0	0	0	1	0	0	1	1	0	0	3
2013/09/20-04:51:06	2	2,004.69	67.224	6	0	1	0	1	0	0	1	0	0	1	26
2013/09/20-05:09:43	2	2,004.69	67.224	4	0	0	0	1	0	0	1	1	0	0	20
2013/09/20-05:10:23	2	2,004.69	67.224	4	0	0	0	1	0	0	1	1	0	0	22
2013/09/20-05:11:04	2	2,004.69	67.224	4	0	0	0	0	0	0	1	1	0	0	23
2013/09/20-05:11:46	2	2,004.69	67.224	6	0	0	1	0	0	0	1	1	0	0	42
2013/09/20-05:12:46	2	2,004.69	67.224	4	0	0	15	2	0	0	1	1	0	0	23
2013/09/20-08:31:06	1	2,039.451	71.179	5	0	1	0	1	0	0	1	0	0	1	34
2013/09/20-08:31:59	1	2,039.451	71.179	2	0	1	0	0	0	0	1	0	0	1	3
2013/09/20-08:32:31	1	2,039.451	71.179	10	0	0	0	2	0	0	1	1	0	0	16
2013/09/20-08:33:06	1	2,039.451	71.179	11	0	0	4	0	0	1	1	0	0	1	32
2013/09/20-08:33:58	1	2,039.451	71.179	16	0	0	0	0	0	0	1	0	0	1	60
2013/09/20-08:59:53	1	2,006.798	68.555	30	0	0	0	1	0	0	1	1	0	0	60
2013/09/20-09:01:11	1	2,006.798	68.555	5	0	0	0	0	0	0	1	1	0	0	29
2013/09/20-09:01:59	1	2,006.798	68.555	2	0	1	0	0	0	0	1	0	0	1	13
2013/09/20-09:02:54	1	2,006.798	68.555	17	0	0	2	1	0	1	1	0	0	1	49
2013/09/20-09:04:02	1	2,006.798	68.555	19	0	0	0	0	0	1	1	0	0	1	54
2013/09/20-09:21:31	1	2,006.798	68.555	14	0	0	0	1	0	1	1	0	0	1	42
2013/09/20-09:22:32	1	2,006.798	68.555	1	0	0	0	1	0	1	1	0	0	1	4
2013/09/20-09:23:52	1	1,980.026	64.254	6	0	0	17	0	0	1	1	0	0	1	37
2013/09/20-09:24:48	1	1,980.026	64.254	14	0	0	0	1	0	0	1	1	0	0	60
2013/09/20-09:26:08	1	1,980.026	64.254	10	0	0	3	0	0	0	1	1	0	0	60
2013/09/20-12:43:37	1	1,988.348	69.318	3	0	0	0	2	0	1	1	0	0	1	10
2013/09/20-12:44:06	1	1,988.348	69.318	1	0	0	0	1	0	1	1	0	0	1	4
2013/09/20-12:44:29	1	1,988.348	69.318	10	0	0	1	0	0	1	1	0	0	1	52
2013/09/20-12:45:40	1	1,988.348	69.318	5	0	0	0	1	0	0	1	1	0	0	12
2013/09/20-12:46:11	1	1,988.348	69.318	4	0	1	0	0	0	0	1	0	0	1	13
2013/09/20-15:03:10	1	1,960.681	67.065	4	0	0	0	1	0	1	1	0	0	1	16
2013/09/20-15:04:29	1	1,960.681	67.065	12	0	0	5	1	0	0	1	1	0	0	42
2013/09/20-15:05:30	1	1,960.681	67.065	20	0	0	0	1	0	0	1	1	0	0	50
2013/09/20-15:06:38	1	1,960.681	67.065	7	0	0	2	0	0	0	1	1	0	0	38
2013/09/20-15:07:35	1	1,960.681	67.065	13	0	0	18	0	0	0	1	1	0	0	60
2013/09/20-15:24:45	1	1,980.61	63.55	4	0	1	8	1	0	0	1	0	0	1	17
2013/09/20-15:25:51	1	1,980.61	63.55	20	0	0	0	1	0	0	1	1	0	0	60
2013/09/20-15:27:10	1	1,980.61	63.55	3	0	0	0	0	0	1	1	0	0	1	11
2013/09/20-15:27:43	1	1,980.61	63.55	15	0	0	5	1	0	0	1	1	0	0	60
2013/09/20-15:29:02	1	1,980.61	63.55	4	0	1	0	0	0	0	1	0	0	1	14
2013/09/20-21:37:31	1	1,966.983	77.03	1	0	0	0	1	0	0	1	1	0	0	8
2013/09/20-21:37:59	1	1,966.983	77.03	16	0	0	14	1	0	0	1	1	0	0	60
2013/09/20-21:39:17	1	1,966.983	77.03	4	0	0	0	0	0	1	1	0	0	1	14
2013/09/20-21:40:03	1	1,966.983	77.03	15	0	0	7	0	0	0	1	0	0	1	60
2013/09/20-21:41:22	1	1,966.983	77.03	4	0	1	0	0	0	0	1	0	0	1	16
2013/09/20-22:09:08	1	1,955.8	71.988	4	0	0	1	0	0	1	1	0	0	1	13
2013/09/20-22:10:09	1	1,955.8	71.988	2	0	0	0	0	0	1	1	0	0	1	6
2013/09/20-22:11:12	1	1,955.8	71.988	0	0	1	0	0	0	0	1	0	0	1	9
2013/09/20-22:11:53	1	1,955.8	71.988	2	0	0	0	0	0	1	1	0	0	1	8
2013/09/20-22:13:12	1	1,955.8	71.988	3	0	1	0	0	0	0	1	0	0	1	24
2013/09/20-22:29:59	1	1,955.8	71.988	3	0	0	0	0	0	1	1	0	0	1	12
2013/09/20-22:31:09	1	1,955.8	71.988	15	0	1	4	1	0	0	1	0	0	1	46
2013/09/20-22:32:28	1	1,955.8	71.988	9	0	0	11	0	0	1	1	0	0	1	25
2013/09/20-22:33:19	1	1,955.8	71.988	2	0	0	0	1	0	1	1	0	0	1	4
2013/09/20-22:33:50	1	1,955.8	71.988	1	0	0	0	1	0	1	1	0	0	1	6
2013/12/27-10:05:41	4	1,866.648	85.131	19	0	0	0	0	0	0	1	0	0	1	60
2013/12/27-10:07:00	4	1,866.648	85.131	17	0	0	3	0	0	0	1	1	0	0	60
2013/12/27-10:08:20	4	1,866.648	85.131	17	0	0	14	0	0	1	1	0	0	1	40
2013/12/27-10:09:18	4	1,866.648	85.131	9	0	0	2	0	0	0	1	1	0	0	60
2013/12/27-10:10:37	4	1,866.648	85.131	16	0	0	0	0	0	0	1	0	0	1	60
2013/12/27-10:22:44	4	1,866.648	85.131	7	0	1	0	0	0	0	1	0	0	1	13
2013/12/27-10:24:03	4	1,866.648	85.131	1	0	0	0	0	0	0	1	1	0	0	4
2013/12/27-10:24:25	4	1,866.648	85.131	3	0	1	0	1	0	0	1	0	0	1	13
2013/12/27-10:25:08	4	1,866.648	85.131	8	0	0	1	0	0	0	1	1	0	0	60
2013/12/27-10:26:26	4	1,866.648	85.131	10	0	0	3	0	0	1	1	0	0	1	28
2013/12/27-10:42:29	3	1,865.778	74.29	2	0	1	0	1	0	0	1	0	0	1	7
2013/12/27-10:43:04	3	1,865.778	74.29	4	0	0	0	0	0	0	1	0	0	1	60
2013/12/27-10:44:23	3	1,865.778	74.29	17	0	0	9	0	0	0	1	1	0	0	60
2013/12/27-10:45:41	3	1,865.778	74.29	3	0	1	0	0	0	0	1	0	0	1	7
2013/12/27-10:46:18	3	1,865.778	74.29	5	0	1	0	0	0	0	1	0	0	1	16
2013/12/28-00:05:59	6	1,855.314	88.279	2	0	0	0	0	0	1	1	0	0	1	7
2013/12/28-00:06:26	6	1,855.314	88.279	9	0	1	14	1	0	0	1	0	0	1	35
2013/12/28-00:07:31	6	1,855.314	88.279	4	0	1	0	0	0	0	1	0	0	1	16
2013/12/28-00:08:18	6	1,855.314	88.279	3	0	1	0	0	0	0	1	0	0	1	12
2013/12/28-00:09:05	6	1,855.314	88.279	18	0	0	0	0	0	0	1	1	0	0	27
2013/12/28-00:20:06	14	1,786.599	81.807	10	0	0	0	2	0	0	1	1	0	0	20
2013/12/28-00:20:45	14	1,786.599	81.807	1	0	1	0	0	0	0	1	0	0	1	6
2013/12/28-00:21:11	14	1,786.599	81.807	5	0	0	0	0	0	1	1	0	0	1	10
2013/12/28-00:21:49	14	1,786.599	81.807	3	0	1	0	0	0	0	1	0	0	1	9
2013/12/28-00:22:20	14	1,786.599	81.807	6	0	0	1	0	0	0	1	1	0	0	19
2013/12/28-00:36:18	14	1,786.599	81.807	0	0	1	0	0	0	0	1	0	0	1	4
2013/12/28-00:36:44	14	1,786.599	81.807	2	0	1	0	0	0	0	1	0	0	1	11
2013/12/28-00:37:18	14	1,786.599	81.807	5	0	1	0	0	0	0	1	0	0	1	12
2013/12/28-00:37:57	14	1,786.599	81.807	4	0	1	0	0	0	0	1	0	0	1	13
2013/12/28-00:38:32	24	1,704.711	73.632	17	0	0	22	1	0	0	1	1	0	0	44
2013/12/28-08:31:16	21	1,718.39	91.112	1	0	0	0	0	0	1	1	0	0	1	6
2013/12/28-08:31:42	21	1,718.39	91.112	22	0	0	6	1	0	0	1	1	0	0	60
2013/12/28-08:33:01	21	1,718.39	91.112	2	0	0	0	2	0	1	1	0	0	1	6
2013/12/28-08:33:26	21	1,718.39	91.112	4	0	0	0	1	0	0	1	1	0	0	28
2013/12/28-08:34:12	21	1,718.39	91.112	0	0	1	0	0	0	0	1	0	0	1	5
2013/12/28-09:01:28	21	1,718.39	91.112	3	0	0	0	1	0	0	1	1	0	0	15
2013/12/28-09:02:02	21	1,718.39	91.112	27	0	0	0	0	0	0	1	0	0	1	60
2013/12/28-09:03:21	21	1,718.39	91.112	2	0	0	0	0	0	1	1	0	0	1	6
2013/12/28-09:04:00	21	1,718.39	91.112	15	0	0	0	1	0	0	1	1	0	0	60
2013/12/28-09:05:19	21	1,718.39	91.112	16	0	0	2	0	0	1	1	0	0	1	48
2013/12/28-09:22:27	16	1,749.226	78.549	25	0	0	4	0	0	0	1	1	0	0	60
2013/12/28-09:23:46	16	1,749.226	78.549	0	0	1	0	0	0	0	1	0	0	1	9
2013/12/28-09:24:14	16	1,749.226	78.549	2	0	0	0	0	0	0	1	1	0	0	6
2013/12/28-09:24:39	16	1,749.226	78.549	3	0	0	0	0	0	1	1	0	0	1	9
2013/12/28-09:25:27	16	1,749.226	78.549	14	0	0	2	1	0	0	1	1	0	0	60
2013/12/28-14:14:54	13	1,763.236	80.869	5	0	1	0	1	0	0	1	0	0	1	22
2013/12/28-14:15:36	13	1,763.236	80.869	2	0	1	0	0	0	0	1	0	0	1	13
2013/12/28-14:16:09	13	1,763.236	80.869	9	0	0	7	1	0	1	1	0	0	1	27
2013/12/28-14:16:55	13	1,763.236	80.869	17	0	1	0	1	0	0	1	0	0	1	31
2013/12/28-14:17:52	13	1,763.236	80.869	19	0	0	6	1	0	0	1	1	0	0	60
2013/12/28-14:44:06	7	1,801.688	74.57	2	0	1	0	0	0	0	1	0	0	1	5
2013/12/28-14:44:29	7	1,801.688	74.57	4	0	1	0	0	0	0	1	0	0	1	23
2013/12/28-14:45:11	7	1,801.688	74.57	3	0	0	0	0	0	1	1	0	0	1	11
2013/12/28-14:46:17	7	1,801.688	74.57	3	0	1	0	0	0	0	1	0	0	1	10
2013/12/28-14:46:46	7	1,801.688	74.57	5	0	0	0	0	0	1	1	0	0	1	14
2013/12/28-14:57:00	7	1,801.688	74.57	16	0	0	3	1	0	0	1	1	0	0	56
2013/12/28-14:58:15	7	1,801.688	74.57	16	0	0	0	0	0	0	1	1	0	0	60
2013/12/28-14:59:34	7	1,801.688	74.57	2	0	0	0	0	0	1	1	0	0	1	6
2013/12/28-15:00:10	7	1,801.688	74.57	1	0	0	0	0	0	1	1	0	0	1	4
2013/12/28-15:00:59	7	1,801.688	74.57	12	0	0	0	1	0	0	1	1	0	0	45
2013/12/28-19:37:31	6	1,813.879	78.038	11	0	0	0	1	0	1	1	0	0	1	46
2013/12/28-19:38:36	6	1,813.879	78.038	8	0	0	0	2	0	1	1	0	0	1	55
2013/12/28-19:39:51	6	1,813.879	78.038	5	0	1	0	0	0	0	1	0	0	1	4
2013/12/28-19:41:10	6	1,813.879	78.038	3	0	1	0	1	0	0	1	0	0	1	9
2013/12/28-19:41:38	6	1,813.879	78.038	16	0	0	6	0	0	0	1	0	0	1	60
2013/12/28-19:57:42	6	1,813.879	78.038	3	0	1	0	0	0	0	1	0	0	1	13
2013/12/28-19:58:15	6	1,813.879	78.038	18	0	0	9	2	0	0	1	1	0	0	60
2013/12/28-19:59:34	6	1,813.879	78.038	0	0	1	0	0	0	0	1	0	0	1	8
2013/12/28-20:00:54	6	1,813.879	78.038	2	0	1	0	0	0	0	1	0	0	1	8
2013/12/28-20:01:56	6	1,813.879	78.038	20	0	0	4	0	0	0	1	1	0	0	60
2013/12/28-20:18:28	10	1,789.191	68.89	1	0	0	0	0	0	1	1	0	0	1	3
2013/12/28-20:19:21	10	1,789.191	68.89	10	0	1	2	0	0	0	1	0	0	1	46
2013/12/28-20:20:40	10	1,789.191	68.89	1	0	1	0	0	0	0	1	0	0	1	9
2013/12/28-20:21:08	10	1,789.191	68.89	6	0	1	0	0	0	0	1	0	0	1	25
2013/12/28-20:22:27	10	1,789.191	68.89	3	0	0	0	0	0	0	1	1	0	0	3
2013/12/28-22:00:53	15	1,764.802	66.173	40	0	0	0	0	0	1	1	0	0	1	54
2013/12/28-22:02:06	15	1,764.802	66.173	3	0	0	0	0	0	0	1	1	0	0	19
2013/12/28-22:02:44	15	1,764.802	66.173	6	0	0	0	0	0	1	1	0	0	1	22
2013/12/28-22:03:24	15	1,764.802	66.173	13	0	1	0	0	0	0	1	0	0	1	39
2013/12/28-22:04:22	15	1,764.802	66.173	10	0	0	2	0	0	1	1	0	0	1	25
2013/12/28-22:05:13	15	1,764.802	66.173	1	0	0	0	0	0	1	1	0	0	1	4
2013/12/28-22:05:57	15	1,764.802	66.173	14	0	0	2	0	0	0	1	1	0	0	27
2013/12/28-22:06:44	15	1,764.802	66.173	1	0	1	0	0	0	0	1	0	0	1	6
2013/12/28-22:07:15	15	1,764.802	66.173	13	0	0	9	0	0	0	1	1	0	0	60
2013/12/28-22:08:48	15	1,764.802	66.173	4	0	1	0	0	0	0	1	0	0	1	10
2013/12/28-22:10:09	15	1,764.802	66.173	1	0	0	0	0	0	1	1	0	0	1	3
2013/12/28-22:11:19	15	1,764.802	66.173	1	0	0	0	0	0	1	1	0	0	1	6
2013/12/28-22:12:00	15	1,764.802	66.173	4	0	0	1	0	0	1	1	0	0	1	11
2013/12/28-22:13:08	15	1,764.802	66.173	16	0	0	0	1	0	0	1	1	0	0	29
2013/12/28-22:13:55	15	1,764.802	66.173	25	0	0	0	1	0	0	1	1	0	0	60
2013/12/28-22:28:31	12	1,780.563	58.978	9	0	0	2	0	0	1	1	0	0	1	33
2013/12/28-22:29:51	12	1,780.563	58.978	6	0	0	0	0	0	1	1	0	0	1	19
2013/12/28-22:31:02	12	1,780.563	58.978	1	0	0	0	0	0	1	1	0	0	1	4
2013/12/28-22:32:11	12	1,780.563	58.978	9	0	0	1	0	0	1	1	0	0	1	46
2013/12/28-22:33:22	12	1,780.563	58.978	1	0	1	0	0	0	0	1	0	0	1	6
2013/12/28-22:33:54	12	1,780.563	58.978	18	0	0	3	1	0	0	1	1	0	0	51
2013/12/28-22:35:03	12	1,780.563	58.978	4	0	1	0	0	0	0	1	0	0	1	10
2013/12/28-22:35:47	12	1,780.563	58.978	2	0	1	0	0	0	0	1	0	0	1	7
2013/12/28-22:36:50	12	1,780.563	58.978	6	0	0	0	0	0	1	1	0	0	1	20
2013/12/28-22:37:47	12	1,780.563	58.978	15	0	0	3	0	0	0	1	1	0	0	37
2013/12/28-22:53:28	12	1,780.563	58.978	2	0	1	0	0	0	0	1	0	0	1	13
2013/12/28-22:54:00	12	1,780.563	58.978	4	0	1	0	0	0	0	1	0	0	1	10
2013/12/28-22:54:36	12	1,780.563	58.978	5	0	1	0	0	0	0	1	0	0	1	16
2013/12/28-22:55:47	12	1,780.563	58.978	2	0	0	1	0	0	1	1	0	0	1	8
2013/12/28-22:57:06	12	1,780.563	58.978	3	0	1	0	0	0	0	1	0	0	1	10
2013/12/28-23:14:09	17	1,734.423	52.659	12	0	0	4	0	0	1	1	0	0	1	38
2013/12/28-23:15:28	17	1,734.423	52.659	1	0	1	0	1	0	0	1	0	0	1	11
2013/12/28-23:15:59	17	1,734.423	52.659	8	0	1	5	0	0	0	1	0	0	1	31
2013/12/28-23:17:18	17	1,734.423	52.659	10	0	0	8	2	0	1	1	0	0	1	31
2013/12/28-23:18:08	17	1,734.423	52.659	5	0	0	0	0	0	0	1	1	0	0	17
2013/12/28-23:45:03	17	1,737.224	50.774	11	0	0	1	0	0	0	1	1	0	0	60
2013/12/28-23:46:22	17	1,737.224	50.774	11	0	0	9	2	0	0	1	1	0	0	23
2013/12/28-23:47:04	17	1,737.224	50.774	20	0	0	2	1	0	0	1	1	0	0	60
2013/12/28-23:48:23	17	1,737.224	50.774	6	0	0	0	1	0	1	1	0	0	1	25
2013/12/28-23:49:07	17	1,737.224	50.774	14	0	0	0	0	0	0	1	0	0	1	60
2013/12/29-00:04:57	17	1,737.224	50.774	7	0	0	0	2	0	0	1	1	0	0	28
2013/12/29-00:05:44	17	1,737.224	50.774	2	0	0	0	0	0	0	1	1	0	0	15
2013/12/29-00:06:18	17	1,737.224	50.774	7	0	0	0	1	0	0	1	1	0	0	25
2013/12/29-00:07:02	17	1,737.224	50.774	7	0	1	0	1	0	0	1	0	0	1	23
2013/12/29-00:08:06	17	1,737.224	50.774	27	0	0	21	1	0	0	1	1	0	0	60
2013/12/29-03:52:59	14	1,777.331	60.71	13	0	0	4	0	0	0	1	1	0	0	38
2013/12/29-03:53:57	14	1,777.331	60.71	6	0	0	0	0	0	1	1	0	0	1	10
2013/12/29-03:55:16	14	1,777.331	60.71	18	0	0	0	2	0	0	1	1	0	0	34
2013/12/29-03:56:09	14	1,777.331	60.71	2	0	1	0	0	0	0	1	0	0	1	9
2013/12/29-03:56:39	14	1,777.331	60.71	3	0	0	0	0	0	1	1	0	0	1	10
2013/12/29-04:11:42	13	1,777.396	57.755	14	0	0	3	0	0	0	1	1	0	0	60
2013/12/29-04:13:01	13	1,777.396	57.755	14	0	0	0	0	0	0	1	1	0	0	60
2013/12/29-04:14:20	13	1,777.396	57.755	2	0	0	0	0	0	1	1	0	0	1	9
2013/12/29-04:15:00	13	1,777.396	57.755	4	0	1	0	0	0	0	1	0	0	1	19
2013/12/29-04:15:53	13	1,777.396	57.755	13	0	0	2	1	0	0	1	1	0	0	29
2013/12/29-04:29:52	13	1,777.396	57.755	15	0	0	4	1	0	0	1	1	0	0	49
2013/12/29-04:31:01	13	1,777.396	57.755	0	0	1	0	0	0	0	1	0	0	1	3
2013/12/29-04:31:27	13	1,777.396	57.755	20	0	0	0	1	0	1	1	0	0	1	47
2013/12/29-04:32:46	13	1,777.396	57.755	4	0	1	0	1	0	0	1	0	0	1	13
2013/12/29-04:33:18	13	1,777.396	57.755	24	0	0	0	1	0	0	1	1	0	0	60
2013/12/29-23:22:45	7	1,796.301	93.329	13	0	0	1	0	0	0	1	0	0	1	60
2013/12/29-23:24:04	7	1,796.301	93.329	20	0	0	5	0	0	0	1	1	0	0	46
2013/12/29-23:25:09	7	1,796.301	93.329	2	0	1	0	0	0	0	1	0	0	1	9
2013/12/29-23:25:47	7	1,796.301	93.329	15	0	0	4	0	0	0	1	1	0	0	60
2013/12/29-23:27:05	7	1,796.301	93.329	9	0	1	4	0	0	0	1	0	0	1	34
2013/12/29-23:39:48	7	1,796.301	93.329	5	0	0	1	0	0	1	1	0	0	1	12
2013/12/29-23:40:29	7	1,796.301	93.329	21	0	0	5	0	0	0	1	0	0	1	60
2013/12/29-23:41:48	7	1,796.301	93.329	13	0	0	9	0	0	0	1	1	0	0	60
2013/12/29-23:43:07	7	1,796.301	93.329	24	0	0	10	1	0	0	1	1	0	0	60
2013/12/29-23:44:26	7	1,796.301	93.329	2	0	1	0	0	0	0	1	0	0	1	6
2013/12/30-00:09:24	4	1,849.179	80.207	19	0	0	8	0	0	0	1	0	0	1	60
2013/12/30-00:10:43	4	1,849.179	80.207	22	0	0	5	1	0	0	1	1	0	0	57
2013/12/30-00:11:59	4	1,849.179	80.207	15	0	0	8	0	0	0	1	1	0	0	60
2013/12/30-00:13:18	4	1,849.179	80.207	22	0	0	6	0	0	0	1	1	0	0	60
2013/12/30-00:14:37	4	1,849.179	80.207	12	0	0	2	0	0	1	1	0	0	1	37
2013/12/30-05:59:23	1	1,893.265	84.366	3	0	1	0	0	0	0	1	0	0	1	8
2013/12/30-05:59:58	1	1,893.265	84.366	16	0	0	4	1	0	0	1	1	0	0	53
2013/12/30-06:01:10	1	1,893.265	84.366	12	0	1	1	0	0	0	1	0	0	1	28
2013/12/30-06:02:30	1	1,893.265	84.366	21	0	0	4	0	0	0	1	1	0	0	60
2013/12/30-06:03:49	1	1,893.265	84.366	6	0	1	1	0	0	0	1	0	0	1	22
2013/12/30-06:33:40	2	1,875.334	77.531	23	0	0	6	0	0	0	1	1	0	0	60
2013/12/30-06:34:59	2	1,875.334	77.531	17	0	1	5	0	0	0	1	0	0	1	58
2013/12/30-06:36:16	2	1,875.334	77.531	12	0	0	7	0	0	1	1	0	0	1	49
2013/12/30-06:37:24	2	1,875.334	77.531	24	0	0	7	1	0	0	1	1	0	0	60
2013/12/30-06:38:43	2	1,875.334	77.531	6	0	0	2	0	0	1	1	0	0	1	21
2013/12/30-07:04:56	2	1,885.138	71.916	15	0	0	4	0	0	0	1	1	0	0	60
2013/12/30-07:06:15	2	1,885.138	71.916	15	0	0	7	0	0	0	1	1	0	0	57
2013/12/30-07:07:31	2	1,885.138	71.916	17	0	0	5	0	0	0	1	0	0	1	60
2013/12/30-07:08:51	2	1,885.138	71.916	2	0	1	0	0	0	0	1	0	0	1	12
2013/12/30-07:10:01	2	1,885.138	71.916	20	0	0	5	0	0	0	1	0	0	1	60
2013/12/30-21:49:52	1	1,898.438	95.933	23	0	0	4	0	0	1	1	0	0	1	52
2013/12/30-21:51:11	1	1,898.438	95.933	4	0	0	3	1	0	1	1	0	0	1	18
2013/12/30-21:51:48	1	1,898.438	95.933	18	0	0	5	0	0	0	1	1	0	0	41
2013/12/30-21:52:48	1	1,898.438	95.933	23	0	0	8	0	0	0	1	0	0	1	60
2013/12/30-21:54:07	1	1,898.438	95.933	25	0	0	4	1	0	0	1	1	0	0	60
2013/12/31-08:27:05	1	1,920.458	102.678	0	0	1	0	0	0	0	1	0	0	1	4
2013/12/31-08:28:22	1	1,920.458	102.678	17	0	0	3	1	0	0	1	1	0	0	57
2013/12/31-08:29:37	1	1,920.458	102.678	13	0	1	4	0	0	0	1	0	0	1	32
2013/12/31-08:30:45	1	1,920.458	102.678	25	0	0	0	0	0	0	1	1	0	0	60
2013/12/31-08:32:04	1	1,920.458	102.678	3	0	0	0	2	0	1	1	0	0	1	11
2013/12/31-08:57:55	1	1,868.385	94.266	10	0	0	3	0	0	1	1	0	0	1	36
2013/12/31-08:58:50	1	1,868.385	94.266	13	0	0	0	0	0	0	1	1	0	0	60
2013/12/31-09:00:09	1	1,868.385	94.266	6	0	1	0	0	0	0	1	0	0	1	21
2013/12/31-09:00:48	1	1,868.385	94.266	1	0	0	0	0	0	1	1	0	0	1	5
2013/12/31-09:01:21	1	1,868.385	94.266	16	0	0	9	0	0	0	1	0	0	1	60
2013/12/31-09:11:48	1	1,868.385	94.266	21	0	0	18	2	0	0	1	1	0	0	60
2013/12/31-09:13:07	1	1,868.385	94.266	8	0	1	4	1	0	0	1	0	0	1	21
2013/12/31-09:14:26	1	1,868.385	94.266	18	0	0	5	2	0	0	1	1	0	0	60
2013/12/31-09:15:45	1	1,868.385	94.266	5	0	0	0	1	0	1	1	0	0	1	11
2013/12/31-09:16:21	1	1,868.385	94.266	24	0	0	0	2	0	0	1	1	0	0	60
2013/12/31-10:59:26	1	1,883.258	84.091	1	0	1	0	0	0	0	1	0	0	1	4
2013/12/31-11:00:12	1	1,883.258	84.091	8	0	1	2	0	0	0	1	0	0	1	34
2013/12/31-11:01:05	1	1,883.258	84.091	1	0	0	0	0	0	1	1	0	0	1	5
2013/12/31-11:01:29	1	1,883.258	84.091	14	0	0	0	0	0	0	1	0	0	1	60
2013/12/31-11:02:48	1	1,883.258	84.091	16	0	0	8	0	0	0	1	0	0	1	60
2013/12/31-11:14:09	6	1,795.522	81.299	4	0	0	10	1	0	0	1	1	0	0	14
2013/12/31-11:14:42	6	1,795.522	81.299	5	0	0	0	1	0	0	1	1	0	0	20
2013/12/31-11:15:21	6	1,795.522	81.299	3	0	0	0	1	0	0	1	1	0	0	13
2013/12/31-11:15:54	6	1,795.522	81.299	5	0	0	0	0	0	1	1	0	0	1	15
2013/12/31-11:16:37	6	1,795.522	81.299	21	0	0	0	2	0	0	1	1	0	0	53
2013/12/31-11:35:15	6	1,795.522	81.299	2	0	0	0	1	0	0	1	1	0	0	8
2013/12/31-11:35:42	10	1,776.615	78.81	3	0	0	0	3	0	0	1	1	0	0	13
2013/12/31-11:36:14	10	1,776.615	78.81	4	0	0	0	2	0	0	1	1	0	0	7
2013/12/31-11:36:39	10	1,776.615	78.81	4	0	0	12	2	0	0	1	1	0	0	15
2013/12/31-11:37:13	10	1,776.615	78.81	12	0	0	10	1	0	0	1	1	0	0	55
2013/12/31-16:07:56	8	1,790.485	86.339	9	0	1	1	0	0	0	1	0	0	1	20
2013/12/31-16:09:15	8	1,790.485	86.339	4	0	0	0	0	0	0	1	1	0	0	19
2013/12/31-16:09:53	8	1,790.485	86.339	5	0	0	0	2	0	0	1	1	0	0	16
2013/12/31-16:10:28	8	1,790.485	86.339	12	0	0	0	1	0	0	1	1	0	0	44
2013/12/31-16:11:31	4	1,794.716	82.283	6	0	0	2	1	0	0	1	1	0	0	22
2013/12/31-16:25:43	4	1,794.716	82.283	6	0	0	1	1	0	0	1	1	0	0	25
2013/12/31-16:26:27	4	1,794.716	82.283	14	0	0	5	0	0	0	1	1	0	0	60
2013/12/31-16:27:46	4	1,794.716	82.283	30	0	0	0	0	0	0	1	0	0	1	60
2013/12/31-16:29:04	4	1,794.716	82.283	8	0	0	10	0	0	1	1	0	0	1	26
2013/12/31-16:30:23	4	1,794.716	82.283	2	0	1	0	0	0	0	1	0	0	1	16
2013/12/31-16:47:18	3	1,813.164	75.057	20	0	0	5	0	0	0	1	0	0	1	60
2013/12/31-16:48:37	3	1,813.164	75.057	2	0	1	0	0	0	0	1	1	0	0	6
2013/12/31-16:49:02	3	1,813.164	75.057	10	0	0	0	0	0	1	1	0	0	1	30
2013/12/31-16:49:56	3	1,813.164	75.057	11	0	0	0	2	0	0	1	1	0	0	33
2013/12/31-16:50:49	3	1,813.164	75.057	13	0	0	4	0	0	0	1	1	0	0	60
2013/12/31-19:56:27	2	1,829.715	77.014	9	0	0	13	3	0	0	1	1	0	0	39
2013/12/31-19:57:25	2	1,838.72	76.244	7	0	1	0	1	0	0	1	0	0	1	32
2013/12/31-19:58:17	2	1,838.72	76.244	1	0	0	0	1	0	1	1	0	0	1	4
2013/12/31-19:58:39	2	1,838.72	76.244	19	0	0	5	2	0	1	1	0	0	1	45
2013/12/31-19:59:43	2	1,838.72	76.244	12	0	0	18	0	0	0	1	1	0	0	46
2013/12/31-20:27:26	2	1,838.72	76.244	0	0	0	0	0	0	0	1	1	0	0	3
2013/12/31-20:27:48	2	1,838.72	76.244	2	0	1	0	0	0	0	1	0	0	1	10
2013/12/31-20:28:56	2	1,838.72	76.244	8	0	0	1	1	0	1	1	0	0	1	35
2013/12/31-20:29:50	2	1,838.72	76.244	7	0	0	2	1	0	0	1	1	0	0	21
2013/12/31-20:30:30	2	1,838.72	76.244	25	0	0	0	0	0	0	1	0	0	1	60
2013/12/31-20:46:57	2	1,830.376	68.975	3	0	0	2	1	0	0	1	1	0	0	9
2013/12/31-20:47:25	2	1,830.376	68.975	6	0	1	0	0	0	0	1	0	0	1	37
2013/12/31-20:48:44	2	1,830.376	68.975	12	0	0	3	0	0	0	1	1	0	0	60
2013/12/31-20:50:03	2	1,830.376	68.975	21	0	0	0	0	0	0	1	1	0	0	60
2013/12/31-20:51:22	2	1,830.376	68.975	12	0	0	6	0	0	1	1	0	0	1	37
2014/01/01-00:03:49	3	1,833.001	73.843	14	0	0	0	0	0	0	1	0	0	1	60
2014/01/01-00:05:08	3	1,833.001	73.843	29	0	1	7	0	0	0	1	0	0	1	54
2014/01/01-00:06:21	3	1,833.001	73.843	8	0	0	2	0	0	1	1	0	0	1	24
2014/01/01-00:07:20	3	1,833.001	73.843	18	0	0	0	0	0	0	1	0	0	1	60
2014/01/01-00:08:38	3	1,833.001	73.843	6	0	1	0	0	0	0	1	0	0	1	27
2014/01/01-00:23:47	3	1,833.001	73.843	20	0	0	6	0	0	0	1	1	0	0	60
2014/01/01-00:25:06	3	1,833.001	73.843	20	0	0	0	0	0	0	1	1	0	0	60
2014/01/01-00:26:25	3	1,833.001	73.843	9	0	1	15	0	0	0	1	0	0	1	28
2014/01/01-00:27:31	3	1,833.001	73.843	13	0	0	0	0	0	0	1	0	0	1	60
2014/01/01-00:28:50	6	1,795.935	67.883	9	0	0	3	0	0	0	1	0	0	1	60
2014/01/01-00:44:29	6	1,795.935	67.883	0	0	1	0	0	0	0	1	0	0	1	5
2014/01/01-00:44:54	6	1,795.935	67.883	17	0	0	4	1	0	0	1	1	0	0	52
2014/01/01-00:46:05	6	1,795.935	67.883	7	0	0	1	2	0	0	1	1	0	0	30
2014/01/01-00:46:54	6	1,795.935	67.883	29	0	0	15	0	0	0	1	1	0	0	57
2014/01/01-00:48:10	6	1,795.935	67.883	1	0	0	0	1	0	1	1	0	0	1	3
2014/01/01-04:10:05	3	1,790.644	73.389	23	0	0	13	1	0	0	1	1	0	0	60
2014/01/01-04:11:24	3	1,790.644	73.389	20	0	0	0	1	0	0	1	1	0	0	60
2014/01/01-04:12:42	3	1,790.644	73.389	12	0	0	6	0	0	0	1	1	0	0	60
2014/01/01-04:14:01	3	1,790.644	73.389	14	0	0	2	1	0	0	1	1	0	0	43
2014/01/01-04:15:03	3	1,790.644	73.389	0	0	1	0	0	0	0	1	0	0	1	4
2014/01/01-04:36:52	2	1,808.754	69.48	1	0	1	0	0	0	0	1	0	0	1	5
2014/01/01-04:37:56	2	1,808.754	69.48	2	0	1	0	0	0	0	1	0	0	1	14
2014/01/01-04:38:30	2	1,808.754	69.48	1	0	1	0	0	0	0	1	0	0	1	10
2014/01/01-04:38:58	2	1,808.754	69.48	5	0	1	0	0	0	0	1	0	0	1	19
2014/01/01-04:39:37	2	1,808.754	69.48	3	0	1	0	1	0	0	1	0	0	1	13
2014/01/01-04:54:48	2	1,808.754	69.48	2	0	1	0	0	0	0	1	0	0	1	13
2014/01/01-04:56:07	2	1,808.754	69.48	18	0	0	0	1	0	0	1	1	0	0	60
2014/01/01-04:57:26	2	1,808.754	69.48	13	0	0	3	0	0	0	1	0	1	0	60
2014/01/01-04:58:45	2	1,808.754	69.48	5	0	1	2	1	0	0	1	0	0	1	20
2014/01/01-04:59:24	2	1,808.754	69.48	5	0	0	19	3	0	0	1	1	0	0	20
2014/01/01-08:19:45	2	1,804.733	71.824	7	0	1	0	2	0	0	1	0	0	1	30
2014/01/01-08:20:35	2	1,804.733	71.824	1	0	0	0	2	0	0	1	1	0	0	7
2014/01/01-08:21:01	2	1,804.733	71.824	13	0	0	0	0	0	0	1	1	0	0	36
2014/01/01-08:21:55	2	1,812.729	70.013	14	0	0	3	2	0	1	1	1	0	0	49
2014/01/01-08:23:03	2	1,812.729	70.013	9	0	0	22	2	0	0	1	1	0	0	47
2014/01/01-08:41:35	2	1,812.729	70.013	4	0	1	0	0	0	0	1	0	0	1	27
2014/01/01-08:42:54	2	1,812.729	70.013	11	0	1	0	0	0	0	1	0	0	1	47
2014/01/01-08:44:09	2	1,812.729	70.013	17	0	0	6	0	0	1	1	0	0	1	59
2014/01/01-08:45:28	2	1,812.729	70.013	6	0	0	10	0	0	0	1	1	0	0	24
2014/01/01-08:46:11	2	1,812.729	70.013	13	0	0	0	0	0	0	1	0	0	1	60
2014/01/01-09:07:46	2	1,811.681	64.782	5	0	1	0	0	0	0	1	0	0	1	13
2014/01/01-09:09:05	2	1,811.681	64.782	4	0	1	0	0	0	0	1	0	0	1	12
2014/01/01-09:09:59	2	1,811.681	64.782	2	0	1	0	0	0	0	1	0	0	1	7
2014/01/01-09:10:24	2	1,811.681	64.782	1	0	0	0	0	0	1	1	0	0	1	13
2014/01/01-09:10:57	2	1,811.681	64.782	1	0	1	0	0	0	0	1	0	0	1	7
2014/01/01-13:18:22	8	1,783.739	72.495	19	0	0	0	0	0	1	1	0	0	1	34
2014/01/01-13:19:15	8	1,783.739	72.495	8	0	0	0	1	0	0	1	1	0	0	32
2014/01/01-13:20:06	8	1,783.739	72.495	1	0	1	0	1	0	0	1	0	0	1	9
2014/01/01-13:20:49	8	1,783.739	72.495	11	0	0	1	1	0	1	1	0	0	1	37
2014/01/01-13:21:45	8	1,783.739	72.495	19	0	0	9	0	0	0	1	1	0	0	60
2014/01/01-13:45:59	7	1,780.662	68.607	12	0	0	0	0	0	0	1	1	0	0	60
2014/01/01-13:47:18	7	1,780.662	68.607	22	0	0	0	0	0	0	1	1	0	0	60
2014/01/01-13:48:37	7	1,780.662	68.607	2	0	0	1	3	0	0	1	1	0	0	6
2014/01/01-13:49:01	7	1,780.662	68.607	1	0	0	0	0	0	1	1	0	0	1	4
2014/01/01-13:49:35	7	1,780.662	68.607	9	0	1	2	0	0	0	1	0	0	1	22
2014/01/01-13:59:19	7	1,780.662	68.607	6	0	1	0	0	0	0	1	0	0	1	20
2014/01/01-13:59:58	7	1,780.662	68.607	4	0	0	0	0	0	1	1	0	0	1	12
2014/01/01-14:01:17	7	1,780.662	68.607	18	0	0	5	0	0	0	1	0	0	1	60
2014/01/01-14:02:37	8	1,767.474	62.839	1	0	1	0	0	0	0	1	0	0	1	3
2014/01/01-14:03:56	8	1,767.474	62.839	3	0	1	0	1	0	0	1	0	0	1	9
