2013/09/02-16:43:23	56	1,500	350.775	14	0	0	3	0	0	0	1	1	0	0	60
2013/09/02-16:44:43	56	1,500	350.775	1	0	0	0	1	0	1	1	0	0	1	3
2013/09/02-16:45:14	56	1,500	350.775	1	0	0	0	0	0	1	1	0	0	1	3
2013/09/02-16:46:05	56	1,500	350.775	38	0	0	0	2	0	0	1	1	0	0	60
2013/09/02-16:47:24	56	1,500	350.775	10	0	0	5	0	0	0	1	1	0	0	41
2013/09/02-17:02:48	56	1,500	350.775	7	0	1	2	0	0	0	1	0	0	1	24
2013/09/02-17:04:07	56	1,500	350.775	9	0	0	18	0	0	1	1	0	0	1	45
2013/09/02-17:05:11	56	1,500	350.775	15	0	1	0	0	0	0	1	0	0	1	17
2013/09/02-17:06:04	56	1,500	350.775	5	0	1	0	1	0	0	1	0	0	1	27
2013/09/02-17:06:50	56	1,500	350.775	1	0	0	0	0	0	1	1	0	0	1	3
2013/09/02-17:31:16	58	1,455.56	263.177	10	0	1	3	0	0	0	1	0	0	1	32
2013/09/02-17:32:35	58	1,455.56	263.177	12	0	1	0	0	0	0	1	0	0	1	12
2013/09/02-17:33:54	58	1,455.56	263.177	1	0	0	0	0	0	1	1	0	0	1	3
2013/09/02-17:34:40	58	1,455.56	263.177	1	0	1	0	0	0	0	1	0	0	1	7
2013/09/02-17:35:30	58	1,455.56	263.177	10	0	0	0	1	0	1	1	0	0	1	11
2013/09/02-18:38:37	59	1,453.398	225.2	8	0	0	0	2	0	0	1	1	0	0	25
2013/09/02-18:39:34	59	1,453.398	225.2	18	0	0	0	1	0	0	1	1	0	0	21
2013/09/02-18:40:10	59	1,453.398	225.2	15	0	0	8	0	0	0	1	1	0	0	60
2013/09/02-18:41:30	59	1,453.398	225.2	15	0	0	10	0	0	0	1	1	0	0	60
2013/09/02-18:42:49	59	1,453.398	225.2	2	0	0	0	2	0	0	1	1	0	0	6
2013/09/02-18:52:35	27	1,641.969	184.444	1	0	0	0	0	0	1	1	0	0	1	3
2013/09/02-18:52:59	27	1,641.969	184.444	2	0	1	0	0	0	0	1	0	0	1	6
2013/09/02-18:53:46	27	1,641.969	184.444	6	0	0	9	0	0	0	1	1	0	0	60
2013/09/02-18:55:05	27	1,641.969	184.444	13	0	0	7	0	0	0	1	0	0	1	60
2013/09/02-18:56:24	27	1,641.969	184.444	10	0	1	0	1	0	0	1	0	0	1	37
2013/09/02-19:01:48	27	1,641.969	184.444	1	0	1	0	0	0	0	1	0	0	1	6
2013/09/02-19:02:14	27	1,641.969	184.444	17	0	0	9	0	0	0	1	1	0	0	60
2013/09/02-19:03:33	27	1,641.969	184.444	2	0	0	0	0	0	1	1	0	0	1	6
2013/09/02-19:03:58	27	1,641.969	184.444	2	0	0	0	0	0	1	1	0	0	1	6
2013/09/02-19:04:29	27	1,641.969	184.444	3	0	0	0	0	0	0	1	1	0	0	6
2013/09/02-23:09:42	51	1,417.455	153.482	9	0	0	3	1	0	0	1	1	0	0	26
2013/09/02-23:10:27	51	1,417.455	153.482	2	0	0	0	0	0	1	1	0	0	1	6
2013/09/02-23:10:52	51	1,417.455	153.482	1	0	0	0	2	0	1	1	0	0	1	3
2013/09/02-23:11:13	51	1,417.455	153.482	2	0	0	0	1	0	1	1	0	0	1	6
2013/09/02-23:11:38	51	1,417.455	153.482	7	0	0	4	0	0	0	1	1	0	0	34
2013/09/02-23:28:29	51	1,417.455	153.482	39	0	0	0	2	0	1	1	0	0	1	36
2013/09/02-23:29:25	51	1,417.455	153.482	14	0	0	4	0	0	0	1	0	0	1	60
2013/09/02-23:30:44	51	1,417.455	153.482	18	0	0	10	0	0	0	1	0	0	1	60
2013/09/02-23:32:03	51	1,417.455	153.482	1	0	0	0	0	0	1	1	0	0	1	3
2013/09/02-23:32:25	51	1,417.455	153.482	10	0	0	0	0	0	1	1	0	0	1	11
2013/09/02-23:43:24	55	1,392.879	125.563	2	0	0	0	2	0	0	1	1	0	0	7
2013/09/02-23:43:50	55	1,392.879	125.563	11	0	0	0	2	0	1	1	0	0	1	11
2013/09/02-23:44:20	55	1,392.879	125.563	2	0	0	0	0	0	1	1	0	0	1	5
2013/09/02-23:44:48	55	1,392.879	125.563	15	0	0	5	0	0	1	1	0	0	1	58
2013/09/02-23:46:05	55	1,392.879	125.563	22	0	0	0	1	0	0	1	1	0	0	42
2013/09/03-15:19:38	51	1,448.815	112.746	4	0	1	3	0	0	0	1	0	0	1	17
2013/09/03-15:20:58	51	1,448.815	112.746	2	0	0	0	0	0	1	1	0	0	1	6
2013/09/03-15:21:22	51	1,448.815	112.746	1	0	0	0	0	0	1	1	0	0	1	3
2013/09/03-15:21:52	51	1,448.815	112.746	24	0	0	0	1	0	1	1	0	0	1	24
2013/09/03-15:22:35	51	1,448.815	112.746	6	0	0	0	0	0	1	1	0	0	1	34
2013/09/03-15:28:42	51	1,448.815	112.746	2	0	0	2	0	0	0	1	1	0	0	15
2013/09/03-15:29:16	51	1,448.815	112.746	9	0	0	0	0	0	0	1	1	0	0	8
2013/09/03-15:29:43	52	1,426.712	98.416	1	0	0	0	0	0	0	1	1	0	0	3
2013/09/03-15:30:05	52	1,426.712	98.416	1	0	1	0	2	0	0	1	1	0	0	3
2013/09/03-15:30:28	52	1,426.712	98.416	1	0	0	0	0	0	1	1	0	0	1	3
2013/09/03-15:43:48	52	1,426.712	98.416	13	0	0	5	1	0	0	1	1	0	0	43
2013/09/03-15:44:50	52	1,426.712	98.416	11	0	0	15	2	0	1	1	0	0	1	45
2013/09/03-15:45:55	52	1,426.712	98.416	1	0	0	0	0	0	1	1	0	0	1	3
2013/09/03-15:46:29	52	1,426.712	98.416	30	0	0	0	2	0	0	1	1	0	0	32
2013/09/03-15:47:21	52	1,426.712	98.416	1	0	0	0	0	0	1	1	0	0	1	3
2013/09/03-16:25:37	54	1,397.582	87.013	3	0	0	0	1	0	1	1	0	0	1	12
2013/09/03-16:26:08	54	1,397.582	87.013	8	0	1	2	0	0	0	1	0	0	1	43
2013/09/03-16:27:10	54	1,397.582	87.013	1	0	1	0	1	0	0	1	1	0	0	3
2013/09/03-16:27:32	54	1,397.582	87.013	3	0	1	0	0	0	0	1	0	0	1	17
2013/09/03-16:28:07	54	1,397.582	87.013	4	0	0	2	0	0	1	1	0	0	1	17
2013/09/03-16:38:53	54	1,399.602	84.588	8	0	1	4	0	0	0	1	0	0	1	24
2013/09/03-16:39:36	54	1,399.602	84.588	11	0	0	0	0	0	1	1	0	0	1	10
2013/09/03-16:40:05	54	1,399.602	84.588	11	0	0	0	0	0	1	1	0	0	1	15
2013/09/03-16:40:39	54	1,399.602	84.588	3	0	1	3	0	0	0	1	0	0	1	19
2013/09/03-16:41:17	54	1,399.602	84.588	2	0	0	0	0	0	1	1	0	0	1	6
2013/09/03-16:51:16	54	1,399.602	84.588	1	0	0	0	0	0	1	1	0	0	1	3
2013/09/03-16:52:04	54	1,399.602	84.588	1	0	0	0	1	0	1	1	0	0	1	3
2013/09/03-16:52:27	54	1,399.602	84.588	8	0	1	6	0	0	0	1	0	0	1	44
2013/09/03-16:53:31	54	1,399.602	84.588	14	0	0	7	0	0	1	1	0	0	1	59
2013/09/03-16:54:49	54	1,399.602	84.588	13	0	0	0	1	0	1	1	0	0	1	22
2013/09/03-23:49:29	48	1,463.514	86.18	3	0	0	0	0	0	1	1	0	0	1	11
2013/09/03-23:50:48	48	1,463.514	86.18	1	0	0	0	1	0	1	1	0	0	1	3
2013/09/03-23:51:10	48	1,463.514	86.18	16	0	0	16	0	0	0	1	1	0	0	60
2013/09/03-23:52:29	48	1,463.514	86.18	14	0	0	0	0	0	1	1	0	0	1	15
2013/09/03-23:53:47	48	1,463.514	86.18	21	0	0	5	2	0	1	1	0	0	1	53
2013/09/04-11:00:23	48	1,463.514	86.18	2	0	1	0	0	0	0	1	0	0	1	9
2013/09/04-11:01:04	48	1,463.514	86.18	4	0	0	4	0	0	1	1	0	0	1	30
2013/09/04-11:01:54	48	1,463.514	86.18	27	0	0	0	1	0	1	1	0	0	1	23
2013/09/04-11:02:35	48	1,463.514	86.18	7	0	0	6	0	0	0	1	1	0	0	41
2013/09/04-11:03:35	48	1,463.514	86.18	1	0	0	0	1	0	1	1	0	0	1	3
2013/09/04-11:17:36	47	1,491.231	75.712	9	0	1	0	0	0	0	1	0	0	1	6
2013/09/04-11:18:28	47	1,491.231	75.712	1	0	0	0	0	0	1	1	0	0	1	3
2013/09/04-11:19:39	47	1,491.231	75.712	1	0	1	0	0	0	0	1	0	0	1	10
2013/09/04-11:20:16	47	1,491.231	75.712	3	0	0	0	1	0	1	1	0	0	1	13
2013/09/04-11:21:35	47	1,491.231	75.712	17	0	1	0	0	0	0	1	0	0	1	19
2013/09/04-19:23:31	48	1,472.056	75.628	1	0	1	0	0	0	0	1	0	0	1	3
2013/09/04-19:23:58	48	1,472.056	75.628	18	0	0	8	1	0	0	1	1	0	0	60
2013/09/04-19:25:17	48	1,472.056	75.628	16	0	0	4	1	0	1	1	0	0	1	53
2013/09/04-19:26:29	48	1,472.056	75.628	11	0	0	0	1	0	1	1	0	0	1	9
2013/09/04-19:26:57	48	1,472.056	75.628	2	0	0	0	0	0	0	1	1	0	0	6
2013/09/04-19:39:47	44	1,513.146	70.401	1	0	1	0	0	0	0	1	0	0	1	3
2013/09/04-19:40:12	44	1,513.146	70.401	5	0	0	0	0	0	1	1	0	0	1	24
2013/09/04-19:41:39	44	1,513.146	70.401	4	0	0	7	0	0	0	1	1	0	0	45
2013/09/04-19:42:43	44	1,513.146	70.401	29	0	0	13	0	0	0	1	0	0	1	60
2013/09/04-19:44:02	44	1,513.146	70.401	35	0	0	0	2	0	1	1	0	0	1	40
2013/09/04-20:41:52	41	1,527.046	66.006	24	0	0	0	0	0	1	1	0	0	1	18
2013/09/04-20:42:29	41	1,527.046	66.006	2	0	0	0	2	0	1	1	0	0	1	6
2013/09/04-20:42:53	41	1,527.046	66.006	11	0	0	15	1	0	0	1	1	0	0	60
2013/09/04-20:44:12	41	1,527.046	66.006	9	0	0	4	0	0	0	1	1	0	0	60
2013/09/04-20:45:31	41	1,527.046	66.006	1	0	0	0	0	0	1	1	0	0	1	3
2013/09/05-02:09:43	39	1,556.808	68.368	1	0	0	0	0	0	1	1	0	0	1	3
2013/09/05-02:10:05	39	1,556.808	68.368	6	0	0	3	0	0	1	1	0	0	1	16
2013/09/05-02:10:39	39	1,556.808	68.368	14	0	0	17	0	0	0	1	0	0	1	60
2013/09/05-02:11:58	39	1,556.808	68.368	1	0	0	0	0	0	1	1	0	0	1	3
2013/09/05-02:12:20	39	1,556.808	68.368	17	0	1	0	2	0	0	1	0	0	1	17
2013/09/05-02:13:03	39	1,556.808	68.368	17	0	0	3	0	0	0	1	1	0	0	60
2013/09/05-02:14:22	39	1,556.808	68.368	1	0	0	0	0	0	1	1	0	0	1	3
2013/09/05-02:14:43	39	1,556.808	68.368	16	0	0	17	0	0	0	1	1	0	0	60
2013/09/05-02:16:02	39	1,556.808	68.368	15	0	0	15	0	0	1	1	0	0	1	56
2013/09/05-02:17:17	39	1,556.808	68.368	8	0	1	0	0	0	0	1	0	0	1	8
2013/09/05-02:31:50	41	1,532.899	61.483	14	0	0	7	0	0	0	1	1	0	0	46
2013/09/05-02:32:55	41	1,532.899	61.483	12	0	0	0	1	0	0	1	1	0	0	8
2013/09/05-02:33:21	41	1,532.899	61.483	14	0	0	15	0	0	0	1	1	0	0	58
2013/09/05-02:34:38	41	1,532.899	61.483	19	0	0	0	0	0	1	1	0	0	1	20
2013/09/05-02:35:16	41	1,532.899	61.483	21	0	0	12	0	0	0	1	1	0	0	60
2013/09/05-22:45:57	37	1,563.887	64.688	23	0	0	6	0	0	0	1	1	0	0	60
2013/09/07-10:05:59	38	1,575.261	73.011	13	0	0	5	0	0	0	1	1	0	0	60
2013/09/07-10:07:20	38	1,575.261	73.011	1	0	1	1	0	0	0	1	0	0	1	14
2013/09/07-10:08:39	38	1,575.261	73.011	8	0	1	1	0	0	0	1	0	0	1	28
2013/09/07-10:09:43	38	1,575.261	73.011	3	0	1	2	0	0	0	1	0	0	1	45
2013/09/07-10:11:01	38	1,575.261	73.011	2	0	1	0	0	0	0	1	0	0	1	6
2013/09/07-10:36:35	42	1,533.636	68.039	5	0	0	6	1	0	0	1	1	0	0	33
2013/09/07-10:37:27	42	1,533.636	68.039	15	0	0	7	0	0	0	1	1	0	0	60
2013/09/07-10:38:45	42	1,533.636	68.039	12	0	0	4	1	0	0	1	1	0	0	57
2013/09/07-10:40:02	42	1,533.636	68.039	9	0	1	7	0	0	0	1	0	0	1	52
2013/09/07-10:41:13	42	1,533.636	68.039	19	0	0	6	0	0	0	1	1	0	0	60
2013/09/07-10:58:58	42	1,533.636	68.039	6	0	1	1	0	0	0	1	0	0	1	20
2013/09/07-10:59:42	42	1,533.636	68.039	14	0	0	10	0	0	0	1	1	0	0	60
2013/09/07-11:01:01	42	1,533.636	68.039	20	0	0	7	0	0	0	1	1	0	0	60
2013/09/07-11:02:19	42	1,533.636	68.039	13	0	0	4	0	0	0	1	1	0	0	60
2013/09/07-11:03:38	42	1,533.636	68.039	7	0	1	2	0	0	0	1	0	0	1	23
2013/09/08-23:34:25	35	1,600.93	66.668	15	0	1	4	0	0	0	1	0	0	1	50
2013/09/09-00:01:29	35	1,600.93	66.668	12	0	0	1	0	0	0	1	1	0	0	31
2013/09/09-00:02:18	35	1,600.93	66.668	6	0	1	1	0	0	0	1	0	0	1	19
2013/09/09-00:03:37	35	1,600.93	66.668	17	0	0	2	0	0	0	1	1	0	0	60
2013/09/09-00:04:56	35	1,600.93	66.668	2	0	1	0	0	0	0	1	0	0	1	7
2013/09/09-00:34:31	38	1,576.586	62.803	12	0	0	11	0	0	0	1	1	0	0	47
2013/09/09-00:49:16	38	1,576.586	62.803	11	0	0	7	0	0	0	1	0	0	1	60
2013/09/09-00:50:42	38	1,576.586	62.803	9	0	0	5	0	0	0	1	1	0	0	60
2013/09/09-00:51:58	38	1,576.586	62.803	16	0	0	4	1	0	0	1	1	0	0	60
2013/09/09-00:53:17	38	1,576.586	62.803	16	0	0	5	0	0	0	1	0	0	1	60
2013/09/09-01:09:56	38	1,576.586	62.803	25	0	0	6	2	0	0	1	1	0	0	60
2013/09/09-01:11:15	38	1,576.586	62.803	13	0	0	1	0	0	0	1	0	0	1	60
2013/09/09-01:12:33	38	1,576.586	62.803	10	0	0	3	0	0	0	1	0	0	1	60
2013/09/09-01:13:52	34	1,621.244	57.927	18	0	0	6	0	0	0	1	1	0	0	60
2013/09/09-01:15:11	34	1,621.244	57.927	12	0	0	3	0	0	0	1	0	0	1	60
2013/09/10-18:12:23	33	1,631.718	63.917	6	0	1	1	0	0	0	1	0	0	1	26
2013/09/10-18:13:08	33	1,631.718	63.917	3	0	1	0	1	0	0	1	0	0	1	11
2013/09/10-18:13:37	33	1,631.718	63.917	18	0	0	4	0	0	0	1	0	0	1	60
2013/09/10-18:14:56	33	1,631.718	63.917	19	0	0	5	0	0	0	1	0	0	1	60
2013/09/10-18:16:15	33	1,631.718	63.917	18	0	0	5	0	0	0	1	1	0	0	60
2013/09/10-19:32:58	33	1,631.718	63.917	11	0	0	3	0	0	0	1	1	0	0	32
2013/09/10-19:33:49	33	1,648.208	59.983	8	0	1	4	0	0	0	1	0	0	1	23
2013/09/10-19:34:31	33	1,648.208	59.983	6	0	0	0	0	0	1	1	0	0	1	13
2013/09/10-19:35:50	33	1,648.208	59.983	3	0	1	0	0	0	0	1	0	0	1	14
2013/09/10-19:37:10	33	1,648.208	59.983	8	0	1	6	0	0	0	1	0	0	1	42
2013/09/10-19:46:50	33	1,648.208	59.983	16	0	0	7	0	0	0	1	1	0	0	60
2013/09/10-19:48:09	33	1,648.208	59.983	15	0	0	5	0	0	0	1	1	0	0	56
2013/09/10-19:49:25	33	1,648.208	59.983	13	0	0	2	0	0	1	1	0	0	1	36
2013/09/10-19:50:21	33	1,648.208	59.983	18	0	0	3	1	0	0	1	1	0	0	60
2013/09/10-19:51:40	33	1,648.208	59.983	20	0	0	5	0	0	0	1	1	0	0	60
2013/09/11-20:36:44	31	1,648.96	69.903	4	0	0	1	0	0	1	1	0	0	1	15
2013/09/11-20:38:04	31	1,640.063	69.045	6	0	0	1	0	0	1	1	0	0	1	28
2013/09/11-20:39:23	31	1,640.063	69.045	22	0	0	6	0	0	0	1	0	0	1	60
2013/09/11-20:40:41	31	1,640.063	69.045	10	0	0	6	1	0	0	1	1	0	0	60
2013/09/11-20:42:00	31	1,640.063	69.045	5	0	1	2	0	0	0	1	0	0	1	23
2013/09/11-21:53:25	31	1,640.063	69.045	2	0	1	0	0	0	0	1	0	0	1	15
2013/09/11-21:54:45	31	1,640.063	69.045	9	0	0	6	0	0	0	1	1	0	0	60
2013/09/11-21:56:04	31	1,640.063	69.045	5	0	1	2	0	0	0	1	0	0	1	25
2013/09/11-21:57:23	31	1,640.063	69.045	2	0	1	1	0	0	0	1	0	0	1	18
2013/09/11-21:58:41	31	1,640.063	69.045	6	0	0	4	0	0	0	1	0	0	1	60
2013/09/11-22:12:59	31	1,640.063	69.045	5	0	0	2	0	0	1	1	0	0	1	15
2013/09/11-22:13:54	31	1,640.063	69.045	4	0	1	1	0	0	0	1	0	0	1	15
2013/09/11-22:15:12	31	1,640.063	69.045	10	0	0	7	0	0	0	1	1	0	0	60
2013/09/11-22:17:52	31	1,640.063	69.045	6	0	1	3	0	0	0	1	0	0	1	24
2013/09/11-22:19:12	31	1,640.063	69.045	3	0	1	1	0	0	0	1	0	0	1	13
2013/09/12-14:36:28	31	1,638.348	68.087	6	0	1	2	0	0	0	1	0	0	1	22
2013/09/12-14:37:11	31	1,638.348	68.087	14	0	0	6	0	0	0	1	1	0	0	60
2013/09/12-14:38:29	31	1,638.348	68.087	6	0	1	2	0	0	0	1	0	0	1	24
2013/09/12-14:39:48	31	1,638.348	68.087	10	0	0	4	0	0	0	1	1	0	0	60
2013/09/12-14:41:07	31	1,638.348	68.087	12	0	0	8	0	0	0	1	1	0	0	60
2013/09/13-22:59:13	33	1,670.271	79.336	13	0	0	6	0	0	0	1	0	0	1	60
2013/09/13-23:00:33	33	1,670.271	79.336	17	0	0	11	1	0	0	1	1	0	0	60
2013/09/13-23:01:51	33	1,670.271	79.336	15	0	0	3	0	0	0	1	0	0	1	60
2013/09/13-23:03:10	33	1,670.271	79.336	8	0	1	8	0	0	0	1	0	0	1	57
2013/09/13-23:04:26	33	1,670.271	79.336	11	0	0	5	0	0	0	1	1	0	0	51
2013/09/13-23:27:17	33	1,670.271	79.336	7	0	0	0	0	0	1	1	0	0	1	22
2013/09/13-23:28:35	33	1,670.271	79.336	11	0	0	2	0	0	1	1	0	0	1	33
2013/09/13-23:29:54	33	1,670.271	79.336	10	0	0	2	0	0	1	1	0	0	1	44
2013/09/13-23:31:13	33	1,670.271	79.336	23	0	0	3	2	0	0	1	1	0	0	60
2013/09/13-23:32:32	33	1,670.271	79.336	17	0	0	3	1	0	0	1	1	0	0	60
2013/09/13-23:42:12	29	1,717.873	73.106	23	0	0	4	0	0	0	1	0	0	1	60
2013/09/13-23:43:31	29	1,717.873	73.106	17	0	0	3	0	0	0	1	0	0	1	60
2013/09/13-23:49:12	29	1,717.873	73.106	17	0	0	2	0	0	0	1	0	0	1	60
2013/09/13-23:50:31	29	1,717.873	73.106	22	0	0	4	0	0	0	1	0	0	1	60
2013/09/13-23:51:50	29	1,717.873	73.106	13	0	0	4	0	0	0	1	1	0	0	60
2013/09/14-00:56:38	29	1,717.873	73.106	13	0	0	7	0	0	0	1	1	0	0	60
2013/09/14-01:03:01	29	1,717.873	73.106	1	0	1	0	0	0	0	1	0	0	1	10
2013/09/14-01:04:20	29	1,717.873	73.106	4	0	0	2	0	0	1	1	0	0	1	21
2013/09/14-01:05:39	29	1,717.873	73.106	4	0	1	1	0	0	0	1	0	0	1	20
2013/09/14-01:06:57	29	1,717.873	73.106	4	0	1	2	0	0	0	1	0	0	1	30
2013/09/14-01:23:40	27	1,755.879	66.951	13	0	0	4	0	0	0	1	0	0	1	60
2013/09/14-01:24:59	27	1,755.879	66.951	27	0	0	5	0	0	0	1	1	0	0	60
2013/09/14-01:26:18	27	1,755.879	66.951	5	0	0	1	0	0	0	1	1	0	0	18
2013/09/14-01:26:55	27	1,755.879	66.951	8	0	0	2	0	0	0	1	1	0	0	15
2013/09/14-01:27:29	27	1,755.879	66.951	12	0	0	3	0	0	0	1	1	0	0	60
2013/09/14-01:48:09	27	1,755.879	66.951	17	0	0	5	2	0	0	1	1	0	0	60
2013/09/14-01:49:28	27	1,755.879	66.951	21	0	0	8	1	0	0	1	1	0	0	60
2013/09/14-01:50:46	27	1,755.879	66.951	8	0	0	2	1	0	0	1	1	0	0	48
2013/09/14-01:51:54	27	1,755.879	66.951	14	0	0	3	0	0	0	1	0	0	1	60
2013/09/14-01:53:13	27	1,755.879	66.951	17	0	0	5	1	0	1	1	0	0	1	44
2013/09/14-03:18:43	25	1,765.837	63.968	6	0	0	3	0	0	0	1	0	0	1	60
2013/09/14-03:20:02	25	1,765.837	63.968	7	0	0	3	0	0	1	1	0	0	1	52
2013/09/14-03:21:21	25	1,765.837	63.968	6	0	1	2	0	0	0	1	0	0	1	29
2013/09/14-03:22:08	27	1,755.2	62.885	11	0	0	9	1	0	0	1	1	0	0	60
2013/09/14-03:23:27	27	1,755.2	62.885	5	0	1	1	1	0	0	1	0	0	1	16
2013/09/14-03:37:19	27	1,755.2	62.885	4	0	0	1	0	0	0	1	1	0	0	12
2013/09/14-03:37:50	27	1,755.2	62.885	21	0	0	4	0	0	1	1	0	0	1	52
2013/09/14-03:39:02	27	1,755.2	62.885	10	0	0	3	1	0	0	1	1	0	0	38
2013/09/14-03:39:58	27	1,755.2	62.885	17	0	0	8	0	0	0	1	1	0	0	60
2013/09/14-03:41:17	27	1,755.2	62.885	11	0	1	2	0	0	0	1	0	0	1	37
2013/09/14-03:57:02	28	1,743.777	61.574	9	0	0	1	0	0	1	1	0	0	1	26
2013/09/14-03:57:47	28	1,743.777	61.574	14	0	0	6	0	0	0	1	1	0	0	60
2013/09/14-03:59:05	28	1,743.777	61.574	6	0	0	2	0	0	1	1	0	0	1	18
2013/09/14-03:59:55	28	1,743.777	61.574	3	0	0	1	0	0	1	1	0	0	1	5
2013/09/14-04:00:42	28	1,743.777	61.574	4	0	0	1	0	0	0	1	1	0	0	13
2013/09/14-05:32:40	30	1,722.029	60.53	14	0	0	3	0	0	0	1	1	0	0	60
2013/09/14-05:33:59	30	1,722.029	60.53	14	0	0	7	0	0	1	1	0	0	1	43
2013/09/14-05:35:00	30	1,722.029	60.53	18	0	0	6	0	0	0	1	1	0	0	60
2013/09/14-05:36:19	30	1,722.029	60.53	17	0	0	5	0	0	0	1	1	0	0	60
2013/09/14-05:37:37	30	1,722.029	60.53	13	0	0	2	0	0	0	1	1	0	0	39
2013/09/14-05:50:15	30	1,725.063	59.574	14	0	0	3	1	0	0	1	1	0	0	60
2013/09/14-05:51:34	30	1,725.063	59.574	15	0	0	4	0	0	0	1	0	0	1	60
2013/09/14-05:52:52	30	1,725.063	59.574	21	0	0	4	0	0	1	1	0	0	1	44
2013/09/14-05:54:11	30	1,725.063	59.574	25	0	0	5	1	0	1	1	0	0	1	57
2013/09/14-05:55:30	30	1,725.063	59.574	25	0	0	4	0	0	0	1	0	0	1	60
2013/09/14-06:09:07	30	1,725.063	59.574	16	0	1	5	0	0	0	1	0	0	1	55
2013/09/14-06:10:26	30	1,725.063	59.574	6	0	1	3	0	0	0	1	0	0	1	26
2013/09/14-06:11:37	30	1,725.063	59.574	12	0	0	3	0	0	0	1	0	0	1	60
2013/09/14-06:12:56	30	1,725.063	59.574	4	0	1	1	0	0	0	1	0	0	1	20
2013/09/14-06:14:14	30	1,725.063	59.574	6	0	0	3	0	0	0	1	0	0	1	60
2013/09/14-11:23:52	33	1,694.504	59.809	13	0	0	3	0	0	0	1	0	0	1	60
2013/09/14-11:25:11	33	1,694.504	59.809	9	0	0	4	0	0	0	1	1	0	0	51
2013/09/14-11:26:21	33	1,694.504	59.809	14	0	0	7	0	0	0	1	1	0	0	60
2013/09/14-11:27:40	32	1,704.904	59.243	15	0	0	5	0	0	1	1	0	0	1	50
2013/09/14-11:28:49	32	1,704.904	59.243	8	0	0	2	0	0	1	1	0	0	1	37
2013/09/14-11:42:07	32	1,704.904	59.243	4	0	1	2	0	0	0	1	0	0	1	22
2013/09/14-11:43:26	32	1,704.904	59.243	7	0	1	3	0	0	0	1	0	0	1	54
2013/09/14-11:44:38	32	1,704.904	59.243	3	0	0	1	0	0	1	1	0	0	1	11
2013/09/14-11:56:46	32	1,704.904	59.243	8	0	1	0	0	0	0	1	0	0	1	25
2013/09/14-11:57:56	32	1,704.904	59.243	26	0	0	8	1	0	0	1	1	0	0	60
2013/09/14-12:17:16	33	1,691.329	56.695	10	0	0	1	0	0	0	1	0	0	1	60
2013/09/14-12:18:35	33	1,691.329	56.695	14	0	0	2	0	0	0	1	0	0	1	60
2013/09/14-12:19:53	33	1,691.329	56.695	9	0	0	3	0	0	0	1	0	0	1	60
2013/09/14-12:21:12	33	1,691.329	56.695	19	0	0	5	0	0	0	1	1	0	0	60
2013/09/14-12:22:31	33	1,691.329	56.695	8	0	0	4	0	0	0	1	1	0	0	60
2013/09/14-15:33:04	31	1,703.038	58.646	17	0	0	6	0	0	1	1	0	0	1	56
2013/09/14-15:34:19	31	1,703.038	58.646	16	0	0	5	0	0	0	1	1	0	0	60
2013/09/14-15:35:38	31	1,703.038	58.646	9	0	0	3	0	0	0	1	1	0	0	60
2013/09/14-15:36:57	31	1,703.038	58.646	19	0	0	5	0	0	0	1	1	0	0	60
2013/09/14-15:38:15	31	1,703.038	58.646	15	0	0	5	0	0	0	1	1	0	0	60
2013/09/14-16:00:32	30	1,722.529	57.482	13	0	0	7	1	0	0	1	1	0	0	60
2013/09/14-16:01:51	30	1,722.529	57.482	9	0	0	3	0	0	0	1	0	0	1	60
2013/09/14-16:03:10	30	1,722.529	57.482	13	0	0	6	0	0	0	1	1	0	0	60
2013/09/14-16:04:28	30	1,722.529	57.482	12	0	0	3	0	0	1	1	0	0	1	52
2013/09/14-16:05:47	30	1,722.529	57.482	6	0	1	1	0	0	0	1	0	0	1	36
2013/09/14-16:17:44	30	1,722.529	57.482	9	0	0	3	0	0	0	1	0	0	1	60
2013/09/14-16:19:03	29	1,728.997	54.542	9	0	1	3	0	0	0	1	0	0	1	43
2013/09/14-16:20:22	29	1,728.997	54.542	8	0	1	3	0	0	0	1	0	0	1	50
2013/09/14-16:21:41	29	1,728.997	54.542	6	0	0	4	0	0	0	1	0	0	1	60
2013/09/14-16:23:00	29	1,728.997	54.542	6	0	0	6	0	0	0	1	0	0	1	60
2013/09/14-20:41:01	27	1,736.931	59.614	5	0	0	2	0	0	1	1	0	0	1	18
2013/09/14-20:41:39	27	1,736.931	59.614	28	0	0	3	0	0	1	1	0	0	1	60
2013/09/14-20:42:58	27	1,736.931	59.614	18	0	0	1	1	0	0	1	1	0	0	56
2013/09/14-20:44:13	27	1,736.931	59.614	22	0	0	5	0	0	0	1	0	0	1	60
2013/09/14-20:45:31	27	1,736.931	59.614	17	0	0	4	0	0	0	1	0	0	1	60
2013/09/14-20:53:11	27	1,736.931	59.614	7	0	0	3	0	0	0	1	0	0	1	60
2013/09/14-20:54:30	27	1,736.931	59.614	13	0	0	2	0	0	0	1	0	0	1	60
2013/09/14-20:55:48	27	1,736.931	59.614	15	0	1	6	0	0	0	1	0	0	1	56
2013/09/14-20:57:06	27	1,736.931	59.614	9	0	0	2	0	0	0	1	0	0	1	60
2013/09/14-20:58:25	27	1,736.931	59.614	10	0	1	3	0	0	0	1	0	0	1	42
2013/09/14-21:13:57	27	1,741.94	56.163	19	0	1	5	1	0	0	1	0	0	1	54
2013/09/14-21:15:10	27	1,741.94	56.163	9	0	0	0	0	0	1	1	0	0	1	36
2013/09/14-21:16:29	27	1,741.94	56.163	5	0	1	2	0	0	0	1	0	0	1	46
2013/09/14-21:17:35	27	1,741.94	56.163	9	0	1	1	0	0	0	1	0	0	1	37
2013/09/14-21:18:53	27	1,741.94	56.163	12	0	0	2	0	0	1	1	0	0	1	58
2013/09/15-00:33:43	30	1,716.807	58.315	18	0	0	5	0	0	0	1	1	0	0	60
2013/09/15-00:35:02	30	1,716.807	58.315	16	0	0	5	0	0	0	1	1	0	0	60
2013/09/15-00:36:21	30	1,716.807	58.315	18	0	0	9	0	0	0	1	1	0	0	60
2013/09/15-00:37:40	30	1,716.807	58.315	21	0	0	4	0	0	0	1	1	0	0	60
2013/09/15-00:38:59	30	1,716.807	58.315	3	0	0	0	0	0	1	1	0	0	1	8
2013/09/15-08:48:35	32	1,709.251	57.956	10	0	0	6	0	0	0	1	1	0	0	60
2013/09/15-08:49:55	32	1,709.251	57.956	9	0	1	2	0	0	0	1	0	0	1	34
2013/09/15-08:51:03	32	1,709.251	57.956	15	0	0	3	0	0	0	1	1	0	0	60
2013/09/15-08:52:21	32	1,709.251	57.956	6	0	0	2	1	0	0	1	1	0	0	32
2013/09/15-08:53:12	32	1,709.251	57.956	18	0	0	8	0	0	0	1	1	0	0	60
2013/09/15-09:05:58	32	1,709.251	57.956	6	0	0	1	0	0	0	1	1	0	0	17
2013/09/15-09:06:33	27	1,732.789	55.486	11	0	0	3	0	0	0	1	0	0	1	60
2013/09/15-09:07:52	27	1,732.789	55.486	17	0	0	5	2	0	0	1	1	0	0	56
2013/09/15-09:09:06	27	1,732.789	55.486	3	0	0	0	0	0	1	1	0	0	1	23
2013/09/15-09:10:25	27	1,732.789	55.486	12	0	1	4	1	0	0	1	0	0	1	42
2013/09/15-18:27:28	27	1,743.248	65.582	5	0	0	1	0	0	0	1	1	0	0	27
2013/09/15-18:28:14	26	1,756.857	64.893	14	0	0	8	0	0	1	1	0	0	1	58
2013/09/15-18:29:30	26	1,756.857	64.893	3	0	1	1	0	0	0	1	0	0	1	34
2013/09/15-18:30:49	26	1,756.857	64.893	4	0	1	1	0	0	0	1	0	0	1	24
2013/09/15-18:31:41	26	1,756.857	64.893	7	0	0	6	0	0	0	1	1	0	0	46
2013/09/15-19:00:54	26	1,756.857	64.893	10	0	0	4	0	0	0	1	0	0	1	60
2013/09/15-19:02:13	26	1,756.857	64.893	14	0	1	3	0	0	0	1	0	0	1	56
2013/09/15-19:03:32	26	1,756.857	64.893	15	0	0	6	1	0	0	1	1	0	0	60
2013/09/15-19:04:51	26	1,756.857	64.893	3	0	1	1	0	0	0	1	0	0	1	31
2013/09/15-19:05:55	26	1,756.857	64.893	5	0	0	0	0	0	1	1	0	0	1	15
2013/09/15-19:18:50	26	1,759.09	59.253	4	0	0	1	0	0	1	1	0	0	1	8
2013/09/15-19:20:09	26	1,759.09	59.253	21	0	0	7	0	0	0	1	0	0	1	60
2013/09/15-19:21:28	26	1,759.09	59.253	17	0	0	6	0	0	0	1	0	0	1	60
2013/09/15-19:22:47	26	1,759.09	59.253	5	0	0	0	0	0	1	1	0	0	1	9
2013/09/15-19:23:41	26	1,759.09	59.253	10	0	0	5	0	0	1	1	0	0	1	30
2013/09/16-00:43:06	28	1,741.46	63.871	7	0	0	4	0	0	0	1	0	0	1	60
2013/09/16-00:44:25	28	1,741.46	63.871	6	0	1	0	0	0	0	1	0	0	1	20
2013/09/16-00:45:04	28	1,741.46	63.871	10	0	0	5	0	0	0	1	1	0	0	60
2013/09/16-00:46:23	28	1,741.46	63.871	11	0	0	4	0	0	0	1	0	0	1	60
2013/09/16-00:47:41	28	1,741.46	63.871	6	0	0	1	0	0	0	1	1	0	0	41
2013/09/16-01:10:09	26	1,768.422	60.28	7	0	0	4	1	0	0	1	1	0	0	54
2013/09/16-01:11:22	26	1,768.422	60.28	7	0	0	2	0	0	0	1	0	0	1	60
2013/09/16-01:12:40	26	1,768.422	60.28	5	0	1	3	0	0	0	1	0	0	1	39
2013/09/16-01:13:43	26	1,768.422	60.28	4	0	1	2	0	0	0	1	0	0	1	19
2013/09/16-01:14:48	26	1,768.422	60.28	12	0	0	4	1	0	0	1	1	0	0	50
2013/09/16-01:35:07	26	1,768.422	60.28	10	0	0	8	0	0	0	1	1	0	0	60
2013/09/16-01:36:26	23	1,789.092	56.692	4	0	1	1	0	0	0	1	0	0	1	16
2013/09/16-01:37:45	23	1,789.092	56.692	9	0	0	6	0	0	0	1	0	0	1	60
2013/09/16-01:39:04	23	1,789.092	56.692	4	0	0	1	0	0	1	1	0	0	1	12
2013/09/16-01:39:49	23	1,789.092	56.692	14	0	0	7	0	0	0	1	1	0	0	60
2013/09/17-06:58:10	23	1,782.815	61.356	12	0	0	8	0	0	1	1	0	0	1	38
2013/09/17-06:59:08	23	1,782.815	61.356	1	0	0	0	0	0	1	1	0	0	1	3
2013/09/17-07:00:27	23	1,782.815	61.356	8	0	1	0	0	0	0	1	0	0	1	8
2013/09/17-07:01:05	23	1,782.815	61.356	3	0	1	0	0	0	0	1	0	0	1	14
2013/09/17-07:02:24	23	1,782.815	61.356	29	0	0	10	1	0	0	1	1	0	0	60
2013/09/17-07:03:49	23	1,782.815	61.356	4	0	0	0	1	0	1	1	0	0	1	11
2013/09/17-07:04:22	23	1,782.815	61.356	1	0	0	0	0	0	1	1	0	0	1	3
2013/09/17-07:05:41	23	1,782.815	61.356	16	0	0	9	1	0	0	1	1	0	0	53
2013/09/17-07:06:54	23	1,782.815	61.356	13	0	0	0	0	0	1	1	0	0	1	11
2013/09/17-07:08:12	23	1,782.815	61.356	2	0	0	0	0	0	1	1	0	0	1	7
2013/09/17-07:22:43	23	1,782.815	61.356	1	0	0	0	0	0	1	1	0	0	1	3
2013/09/17-07:23:08	23	1,782.815	61.356	1	0	0	0	0	0	1	1	0	0	1	3
2013/09/17-07:23:50	30	1,732.52	55.283	11	0	0	5	0	0	0	1	0	0	1	60
2013/09/17-07:25:09	30	1,732.52	55.283	15	0	1	0	0	0	0	1	0	0	1	13
2013/09/17-07:25:47	30	1,732.52	55.283	7	0	1	15	0	0	0	1	0	0	1	29
2013/09/17-22:28:36	32	1,725.259	59.765	7	0	1	4	0	0	0	1	0	0	1	40
2013/09/17-22:29:48	32	1,725.259	59.765	9	0	1	0	1	0	0	1	0	0	1	9
2013/09/17-22:31:06	32	1,725.259	59.765	4	0	1	3	0	0	0	1	0	0	1	20
2013/09/17-22:31:45	32	1,725.259	59.765	1	0	1	0	0	0	0	1	0	0	1	9
2013/09/17-22:32:14	32	1,725.259	59.765	1	0	0	0	1	0	1	1	0	0	1	3
2013/09/17-22:50:21	32	1,720.651	56.905	18	0	1	0	1	0	0	1	0	0	1	21
2013/09/17-22:51:01	32	1,720.651	56.905	5	0	1	2	0	0	0	1	0	0	1	19
2013/09/17-22:51:45	32	1,720.651	56.905	1	0	1	0	0	0	0	1	0	0	1	14
2013/09/17-22:52:38	32	1,720.651	56.905	8	0	0	0	0	0	1	1	0	0	1	8
2013/09/17-22:53:09	32	1,720.651	56.905	8	0	0	5	1	0	0	1	1	0	0	43
2013/09/17-23:03:55	32	1,720.651	56.905	9	0	0	0	1	0	1	1	0	0	1	7
2013/09/17-23:04:25	32	1,720.651	56.905	16	0	0	0	0	0	1	1	0	0	1	18
2013/09/17-23:05:02	32	1,720.651	56.905	6	0	0	16	0	0	1	1	0	0	1	35
2013/09/17-23:06:21	32	1,720.651	56.905	3	0	1	0	0	0	0	1	0	0	1	18
2013/09/17-23:07:40	33	1,716.072	52.793	1	0	1	0	1	0	0	1	0	0	1	3
2013/09/18-11:24:28	34	1,714.488	57.457	1	0	0	0	1	0	1	1	0	0	1	3
2013/09/18-11:24:53	34	1,714.488	57.457	1	0	0	0	0	0	1	1	0	0	1	3
2013/09/18-11:25:39	34	1,714.488	57.457	13	0	0	10	0	0	0	1	1	0	0	60
2013/09/18-11:26:58	34	1,714.488	57.457	1	0	0	0	0	0	1	1	0	0	1	3
2013/09/18-11:27:22	34	1,714.488	57.457	19	0	0	0	1	0	1	1	0	0	1	21
2013/09/18-11:39:03	34	1,714.488	57.457	24	0	0	0	1	0	0	1	1	0	0	18
2013/09/18-11:39:39	34	1,714.488	57.457	5	0	0	3	0	0	0	1	1	0	0	23
2013/09/18-11:40:21	34	1,714.488	57.457	7	0	0	0	0	0	0	1	1	0	0	8
2013/09/18-11:40:48	34	1,714.488	57.457	13	0	0	6	0	0	0	1	1	0	0	59
2013/09/18-11:42:06	34	1,714.488	57.457	2	0	0	1	0	0	0	1	1	0	0	9
2013/09/18-11:55:33	34	1,687.807	55.279	8	0	0	3	0	0	0	1	1	0	0	36
2013/09/18-11:56:28	34	1,687.807	55.279	1	0	0	0	1	0	0	1	1	0	0	4
2013/09/18-11:56:50	34	1,687.807	55.279	4	0	0	3	0	0	0	1	1	0	0	15
2013/09/18-11:57:25	34	1,687.807	55.279	5	0	0	0	1	0	0	1	1	0	0	11
2013/09/18-11:57:55	34	1,687.807	55.279	3	0	0	0	2	0	0	1	1	0	0	10
2013/09/18-13:17:41	34	1,698.663	55.597	2	0	1	0	0	0	0	1	0	0	1	6
2013/09/18-13:18:22	34	1,698.663	55.597	10	0	0	0	1	0	0	1	1	0	0	8
2013/09/18-13:18:49	34	1,698.663	55.597	8	0	0	0	0	0	1	1	0	0	1	11
2013/09/18-13:19:22	34	1,698.663	55.597	1	0	1	0	0	0	0	1	0	0	1	6
2013/09/18-13:19:50	34	1,698.663	55.597	6	0	0	2	1	0	0	1	1	0	0	37
2013/09/18-13:39:47	34	1,701.879	53.278	4	0	1	1	0	0	0	1	0	0	1	25
2013/09/18-13:40:32	34	1,701.879	53.278	1	0	0	0	0	0	1	1	0	0	1	3
2013/09/18-13:41:42	34	1,701.879	53.278	4	0	0	0	0	0	0	1	1	0	0	60
2013/09/18-13:43:01	34	1,701.879	53.278	17	0	0	0	1	0	1	1	0	0	1	21
2013/09/18-13:43:40	34	1,701.879	53.278	2	0	1	0	0	0	0	1	0	0	1	6
2013/09/18-13:54:09	34	1,701.879	53.278	3	0	1	0	0	0	0	1	0	0	1	2
2013/09/18-13:55:45	34	1,701.879	53.278	2	0	1	0	0	0	0	1	0	0	1	9
2013/09/18-13:56:26	34	1,701.879	53.278	9	0	0	0	1	0	0	1	1	0	0	13
2013/09/18-13:56:58	34	1,701.879	53.278	3	0	0	16	1	0	1	1	0	0	1	23
2013/09/18-13:57:47	34	1,701.879	53.278	1	0	1	0	0	0	0	1	0	0	1	5
2013/09/18-18:25:01	33	1,705.695	59.417	1	0	1	0	0	0	0	1	0	0	1	8
2013/09/18-18:25:50	33	1,705.695	59.417	4	0	1	0	0	0	0	1	0	0	1	43
2013/09/18-18:26:52	33	1,705.695	59.417	1	0	0	0	0	0	1	1	0	0	1	3
2013/09/18-18:27:21	33	1,705.695	59.417	18	0	1	0	0	0	0	1	0	0	1	20
2013/09/18-18:28:00	33	1,705.695	59.417	1	0	1	0	0	0	0	1	0	0	1	3
2013/09/18-18:28:45	33	1,705.695	59.417	16	0	1	0	2	0	0	1	0	0	1	26
2013/09/18-18:29:30	33	1,705.695	59.417	1	0	0	0	0	0	1	1	0	0	1	3
2013/09/18-18:29:52	33	1,705.695	59.417	4	0	1	6	0	0	0	1	0	0	1	41
2013/09/18-18:30:52	33	1,705.695	59.417	1	0	0	0	0	0	1	1	0	0	1	3
2013/09/18-18:32:11	33	1,705.695	59.417	1	0	1	0	0	0	0	1	0	0	1	6
2013/09/18-18:46:20	35	1,686.125	54.469	1	0	0	0	0	0	1	1	0	0	1	3
2013/09/18-18:46:51	35	1,686.125	54.469	9	0	1	0	0	0	0	1	0	0	1	8
2013/09/18-18:47:40	35	1,686.125	54.469	1	0	1	0	0	0	0	1	0	0	1	3
2013/09/18-18:48:29	35	1,686.125	54.469	8	0	0	5	0	0	0	1	1	0	0	37
2013/09/18-18:49:26	35	1,686.125	54.469	8	0	0	5	0	0	0	1	0	0	1	60
2013/09/18-19:04:06	35	1,686.125	54.469	17	0	0	9	0	0	0	1	1	0	0	60
2013/09/18-19:05:26	35	1,686.125	54.469	17	0	1	0	0	0	0	1	0	0	1	20
2013/09/18-19:06:06	35	1,686.125	54.469	2	0	0	0	1	0	0	1	1	0	0	60
2013/09/18-19:07:25	35	1,686.125	54.469	1	0	0	0	1	0	1	1	0	0	1	3
2013/09/18-19:07:47	35	1,686.125	54.469	16	0	0	4	0	0	0	1	1	0	0	60
2013/09/19-09:05:48	35	1,681.387	57.874	6	0	0	0	0	0	1	1	0	0	1	4
2013/09/19-09:06:14	35	1,681.387	57.874	2	0	1	0	1	0	0	1	0	0	1	6
2013/09/19-09:07:14	35	1,681.387	57.874	1	0	1	0	0	0	0	1	0	0	1	6
2013/09/19-09:08:32	35	1,681.387	57.874	2	0	0	0	1	0	1	1	0	0	1	6
2013/09/19-09:09:14	35	1,681.387	57.874	10	0	0	5	0	0	0	1	0	0	1	60
2013/09/19-09:22:20	36	1,671.394	56.788	2	0	0	0	3	0	0	1	1	0	0	9
2013/09/19-09:22:47	36	1,671.394	56.788	18	0	0	7	0	0	0	1	1	0	0	60
2013/09/19-09:24:06	36	1,671.394	56.788	13	0	0	0	0	0	1	1	0	0	1	8
2013/09/19-09:24:33	36	1,671.394	56.788	3	0	0	0	1	0	0	1	1	0	0	6
2013/09/19-09:24:58	36	1,671.394	56.788	31	0	0	0	0	0	1	1	0	0	1	34
2013/09/19-09:41:43	35	1,662.098	56.359	6	0	0	0	1	0	1	1	0	0	1	8
2013/09/19-09:42:12	35	1,662.098	56.359	14	0	1	6	0	0	0	1	0	0	1	57
2013/09/19-09:43:31	35	1,662.098	56.359	3	0	1	0	1	0	0	1	0	0	1	16
2013/09/19-09:44:14	35	1,662.098	56.359	14	0	0	17	1	0	0	1	1	0	0	60
2013/09/19-09:45:34	35	1,662.098	56.359	1	0	0	0	1	0	1	1	0	0	1	3
2013/09/19-14:33:33	37	1,652.099	61.392	2	0	1	2	0	0	0	1	0	0	1	10
2013/09/19-14:34:52	37	1,652.099	61.392	10	0	0	5	0	0	0	1	1	0	0	60
2013/09/19-14:36:11	37	1,652.099	61.392	25	0	0	5	0	0	0	1	1	0	0	60
2013/09/19-14:37:30	37	1,652.099	61.392	6	0	1	0	0	0	0	1	0	0	1	4
2013/09/19-14:38:02	37	1,652.099	61.392	2	0	1	0	0	0	0	1	0	0	1	7
2013/09/19-14:49:23	37	1,652.099	61.392	4	0	1	0	0	0	0	1	0	0	1	15
2013/09/19-14:49:58	37	1,652.099	61.392	10	0	1	0	0	0	0	1	0	0	1	13
2013/09/19-14:51:16	37	1,652.099	61.392	1	0	0	0	1	0	1	1	0	0	1	3
2013/09/19-14:51:39	37	1,652.099	61.392	5	0	1	1	0	0	0	1	0	0	1	21
2013/09/19-14:52:58	37	1,652.099	61.392	8	0	0	0	1	0	0	1	1	0	0	11
2013/09/19-15:07:22	37	1,661.837	58.06	2	0	1	0	1	0	0	1	0	0	1	7
2013/09/19-15:07:48	37	1,661.837	58.06	2	0	0	0	0	0	0	1	1	0	0	8
2013/09/19-15:08:15	37	1,661.837	58.06	9	0	0	0	0	0	0	1	1	0	0	6
2013/09/19-15:08:40	37	1,661.837	58.06	1	0	0	0	0	0	0	1	1	0	0	4
2013/09/19-15:09:03	37	1,661.837	58.06	7	0	0	0	0	0	0	1	1	0	0	7
2013/09/19-18:47:30	36	1,658.734	64.417	7	0	0	5	0	0	1	1	0	0	1	33
2013/09/19-18:48:23	36	1,658.734	64.417	1	0	0	0	0	0	1	1	0	0	1	3
2013/09/19-18:49:32	36	1,658.734	64.417	16	0	0	6	0	0	0	1	1	0	0	60
2013/09/19-18:50:51	36	1,658.734	64.417	9	0	1	16	0	0	0	1	1	0	0	58
2013/09/19-18:52:08	36	1,658.734	64.417	1	0	0	0	0	0	1	1	0	0	1	3
2013/09/19-19:08:14	36	1,658.734	64.417	1	0	1	0	1	0	0	1	0	0	1	6
2013/09/19-19:08:39	37	1,650.555	62.037	11	0	0	4	0	0	0	1	1	0	0	30
2013/09/19-19:09:28	37	1,650.555	62.037	19	0	0	9	0	0	0	1	1	0	0	60
2013/09/19-19:10:47	37	1,650.555	62.037	27	0	0	0	1	0	0	1	1	0	0	30
2013/09/19-19:11:36	37	1,650.555	62.037	1	0	0	0	1	0	1	1	0	0	1	3
2013/09/19-19:27:48	37	1,650.555	62.037	3	0	0	0	1	0	1	1	0	0	1	11
2013/09/19-19:29:08	37	1,650.555	62.037	2	0	0	0	1	0	1	1	0	0	1	5
2013/09/19-19:29:33	37	1,650.555	62.037	6	0	0	6	0	0	1	1	0	0	1	33
2013/09/19-19:30:25	37	1,650.555	62.037	5	0	1	0	0	0	0	1	0	0	1	25
2013/09/19-19:31:36	37	1,650.555	62.037	1	0	0	0	0	0	1	1	0	0	1	3
2013/09/20-00:30:10	39	1,616.326	64.721	9	0	1	4	0	0	0	1	0	0	1	53
2013/09/20-00:31:31	39	1,616.326	64.721	15	0	0	0	0	0	1	1	0	0	1	24
2013/09/20-00:32:13	39	1,616.326	64.721	4	0	1	0	0	0	0	1	0	0	1	15
2013/09/20-00:33:32	39	1,616.326	64.721	10	0	1	0	0	0	0	1	0	0	1	10
2013/09/20-00:34:51	39	1,615.009	63.052	1	0	1	0	0	0	0	1	0	0	1	6
2013/09/20-00:47:17	39	1,615.009	63.052	33	0	0	0	0	0	1	1	0	0	1	36
2013/09/20-00:48:12	39	1,615.009	63.052	5	0	1	0	1	0	0	1	0	0	1	18
2013/09/20-00:48:50	39	1,615.009	63.052	3	0	0	1	0	0	0	1	1	0	0	60
2013/09/20-00:50:09	39	1,615.009	63.052	13	0	0	8	0	0	0	1	1	0	0	35
2013/09/20-00:51:02	39	1,615.009	63.052	1	0	0	0	1	0	1	1	0	0	1	3
2013/09/20-01:04:21	40	1,591.33	61.014	12	0	0	0	0	0	1	1	0	0	1	9
2013/09/20-01:04:50	40	1,591.33	61.014	11	0	0	7	0	0	0	1	1	0	0	60
2013/09/20-01:06:09	40	1,591.33	61.014	8	0	1	0	0	0	0	1	0	0	1	8
2013/09/20-01:07:28	40	1,591.33	61.014	1	0	1	0	0	0	0	1	0	0	1	3
2013/09/20-01:07:59	40	1,591.33	61.014	1	0	1	0	0	0	0	1	0	0	1	6
2013/09/20-04:22:27	42	1,573.488	64.727	9	0	1	0	0	0	0	1	0	0	1	7
2013/09/20-04:23:05	42	1,573.488	64.727	11	0	0	4	0	0	0	1	0	0	1	60
2013/09/20-04:24:24	42	1,573.488	64.727	4	0	0	0	0	0	0	1	1	0	0	9
2013/09/20-04:24:52	42	1,573.488	64.727	9	0	1	0	0	0	0	1	0	0	1	12
2013/09/20-04:25:29	42	1,573.488	64.727	2	0	1	0	0	0	0	1	0	0	1	13
2013/09/20-04:46:47	42	1,573.488	64.727	2	0	0	2	0	0	1	1	0	0	1	8
2013/09/20-04:48:06	42	1,573.488	64.727	9	0	0	6	0	0	0	1	0	1	0	60
2013/09/20-04:49:25	42	1,573.488	64.727	7	0	1	0	0	0	0	1	0	0	1	17
2013/09/20-04:50:44	40	1,595.262	61.505	1	0	0	0	0	0	1	1	0	0	1	3
2013/09/20-04:51:06	40	1,595.262	61.505	8	0	0	0	0	0	1	1	0	0	1	11
2013/09/20-05:04:37	40	1,595.262	61.505	21	0	0	0	1	0	0	1	1	0	0	32
2013/09/20-05:05:28	40	1,595.262	61.505	7	0	0	1	1	0	1	1	0	0	1	24
2013/09/20-05:06:11	40	1,595.262	61.505	1	0	0	0	0	0	1	1	0	0	1	3
2013/09/20-05:07:00	40	1,595.262	61.505	15	0	0	9	0	0	0	1	1	0	0	60
2013/09/20-05:08:20	40	1,595.262	61.505	4	0	1	2	0	0	0	1	0	0	1	28
2013/09/20-08:35:23	38	1,623.911	65.525	7	0	1	0	0	0	0	1	0	0	1	5
2013/09/20-08:36:42	38	1,623.911	65.525	25	0	0	1	0	0	0	1	0	1	0	60
2013/09/20-08:38:01	38	1,623.911	65.525	5	0	0	2	0	0	1	1	0	0	1	35
2013/09/20-08:38:55	38	1,623.911	65.525	14	0	0	8	2	0	0	1	1	0	0	42
2013/09/20-08:39:55	38	1,623.911	65.525	3	0	1	0	0	0	0	1	0	0	1	16
2013/09/20-08:59:53	35	1,659.445	62.842	9	0	1	0	0	0	0	1	0	0	1	9
2013/09/20-09:01:11	35	1,659.445	62.842	7	0	0	0	2	0	1	1	0	0	1	29
2013/09/20-09:01:59	35	1,659.445	62.842	1	0	0	0	0	0	1	1	0	0	1	3
2013/09/20-09:02:54	35	1,659.445	62.842	5	0	0	0	0	0	1	1	0	0	1	18
2013/09/20-09:04:02	35	1,659.445	62.842	7	0	0	0	0	0	1	1	0	0	1	13
2013/09/20-09:17:27	35	1,659.445	62.842	2	0	0	0	0	0	1	1	0	0	1	7
2013/09/20-09:17:54	35	1,659.445	62.842	15	0	0	5	0	0	0	1	0	0	1	60
2013/09/20-09:19:12	35	1,659.445	62.842	12	0	0	0	2	0	1	1	0	0	1	15
2013/09/20-09:19:47	35	1,659.445	62.842	1	0	0	0	0	0	1	1	0	0	1	3
2013/09/20-09:20:43	35	1,659.445	62.842	4	0	0	18	0	0	0	1	1	0	0	22
2013/09/20-15:39:35	33	1,670.237	67.223	10	0	0	0	0	0	1	1	0	0	1	13
2013/09/20-15:40:08	33	1,670.237	67.223	1	0	0	0	1	0	1	1	0	0	1	3
2013/09/20-15:40:30	33	1,670.237	67.223	9	0	0	3	1	0	0	1	1	0	0	48
2013/09/20-15:41:36	33	1,670.237	67.223	8	0	1	6	0	0	0	1	0	0	1	34
2013/09/20-15:42:29	33	1,670.237	67.223	4	0	1	5	0	0	0	1	0	0	1	16
2013/09/20-15:59:30	33	1,667.62	64.7	17	0	0	13	0	0	1	1	0	0	1	40
2013/09/20-16:00:30	33	1,667.62	64.7	1	0	1	0	0	0	0	1	0	0	1	13
2013/09/20-16:01:49	33	1,667.62	64.7	2	0	0	0	0	0	1	1	0	0	1	3
2013/09/20-16:02:45	33	1,667.62	64.7	1	0	0	0	0	0	1	1	0	0	1	3
2013/09/20-16:04:04	33	1,667.62	64.7	1	0	0	0	0	0	1	1	0	0	1	3
2013/09/20-16:11:17	33	1,667.62	64.7	1	0	0	0	0	0	1	1	0	0	1	3
2013/09/20-16:12:02	33	1,667.62	64.7	3	0	1	0	0	0	0	1	0	0	1	9
2013/09/20-16:12:47	33	1,667.62	64.7	9	0	1	0	0	0	0	1	0	0	1	11
2013/09/20-16:14:06	33	1,667.62	64.7	4	0	1	3	0	0	0	1	0	0	1	15
2013/09/20-16:14:40	33	1,667.62	64.7	1	0	1	0	0	0	0	1	0	0	1	3
2013/12/27-11:54:33	37	1,639.675	88.225	16	0	0	7	0	0	0	1	0	0	1	60
2013/12/27-11:55:53	37	1,639.675	88.225	1	0	0	0	0	0	1	1	0	0	1	3
2013/12/27-11:56:29	37	1,639.675	88.225	26	0	0	0	3	0	0	1	1	0	0	28
2013/12/27-11:57:15	37	1,639.675	88.225	14	0	0	0	1	0	1	1	0	0	1	14
2013/12/27-11:57:48	37	1,639.675	88.225	1	0	0	0	0	0	1	1	0	0	1	3
2013/12/27-12:15:44	41	1,630.026	80.213	1	0	1	0	0	0	0	1	0	0	1	4
2013/12/27-12:16:28	41	1,630.026	80.213	1	0	0	0	1	0	1	1	0	0	1	3
2013/12/27-12:16:50	41	1,630.026	80.213	32	0	0	16	0	0	0	1	1	0	0	60
2013/12/27-12:18:09	41	1,630.026	80.213	1	0	1	0	0	0	0	1	0	0	1	13
2013/12/27-12:18:41	41	1,630.026	80.213	7	0	1	2	0	0	0	1	0	0	1	31
2013/12/27-12:33:14	41	1,630.026	80.213	4	0	0	0	1	0	0	1	1	0	0	60
2013/12/27-12:34:33	41	1,630.026	80.213	8	0	0	3	0	0	0	1	1	0	0	60
2013/12/27-12:35:52	40	1,632.344	72.292	6	0	1	2	0	0	0	1	0	0	1	51
2013/12/27-12:37:02	40	1,632.344	72.292	1	0	1	0	0	0	0	1	0	0	1	3
2013/12/27-12:37:24	40	1,632.344	72.292	16	0	0	0	0	0	1	1	0	0	1	19
2013/12/27-17:33:47	41	1,629.648	72.988	1	0	0	0	0	0	1	1	0	0	1	4
2013/12/27-17:34:12	41	1,629.648	72.988	25	0	0	0	1	0	0	1	1	0	0	27
2013/12/27-17:34:58	41	1,629.648	72.988	3	0	0	7	1	0	0	1	1	0	0	21
2013/12/27-17:35:38	41	1,629.648	72.988	25	0	0	0	2	0	0	1	1	0	0	20
2013/12/27-17:36:17	41	1,629.648	72.988	5	0	1	1	0	0	0	1	0	0	1	17
2013/12/27-17:52:48	41	1,629.648	72.988	5	0	0	4	1	0	0	1	1	0	0	15
2013/12/27-17:53:22	41	1,629.648	72.988	1	0	0	0	0	0	1	1	0	0	1	3
2013/12/27-17:53:45	41	1,629.648	72.988	7	0	0	5	0	0	0	1	0	0	1	60
2013/12/27-17:55:04	41	1,629.648	72.988	8	0	0	0	1	0	1	1	0	0	1	8
2013/12/27-17:56:07	41	1,629.648	72.988	2	0	0	0	0	0	1	1	0	0	1	6
2013/12/27-18:05:46	40	1,636.912	66.646	3	0	0	0	0	0	1	1	0	0	1	29
2013/12/27-18:06:34	40	1,636.912	66.646	1	0	0	0	0	0	1	1	0	0	1	3
2013/12/27-18:06:56	40	1,636.912	66.646	9	0	1	0	0	0	0	1	0	0	1	8
2013/12/27-18:07:36	40	1,636.912	66.646	6	0	0	1	0	0	1	1	0	0	1	15
2013/12/27-18:08:10	40	1,636.912	66.646	8	0	0	0	0	0	0	1	1	0	0	5
2013/12/28-00:58:46	37	1,650.504	71.317	6	0	1	0	1	0	0	1	0	0	1	6
2013/12/28-00:59:30	37	1,650.504	71.317	2	0	1	0	1	0	0	1	0	0	1	6
2013/12/28-00:59:56	37	1,650.504	71.317	8	0	0	5	0	0	1	1	0	0	1	41
2013/12/28-01:00:57	37	1,650.504	71.317	9	0	1	8	0	0	0	1	0	0	1	41
2013/12/28-01:01:56	37	1,650.504	71.317	1	0	0	0	1	0	1	1	0	0	1	3
2013/12/28-01:05:57	37	1,650.504	71.317	25	0	0	0	0	0	1	1	0	0	1	25
2013/12/28-01:06:41	37	1,650.504	71.317	1	0	0	0	1	0	1	1	0	0	1	3
2013/12/28-01:07:03	37	1,650.504	71.317	3	0	1	0	1	0	0	1	0	0	1	8
2013/12/28-01:07:31	37	1,650.504	71.317	4	0	0	0	0	0	0	1	1	0	0	8
2013/12/28-01:07:58	37	1,650.504	71.317	2	0	0	0	0	0	1	1	0	0	1	7
2013/12/28-01:20:37	42	1,610.545	65.342	12	0	1	0	0	0	0	1	0	0	1	12
2013/12/28-01:21:16	42	1,610.545	65.342	3	0	1	0	1	0	0	1	0	0	1	37
2013/12/28-01:22:13	42	1,610.545	65.342	5	0	0	1	0	0	1	1	0	0	1	22
2013/12/28-01:23:12	42	1,610.545	65.342	1	0	1	0	0	0	0	1	0	0	1	3
2013/12/28-01:23:54	42	1,610.545	65.342	4	0	1	0	0	0	0	1	0	0	1	3
2013/12/28-09:27:07	46	1,596.444	75.924	1	0	0	0	0	0	1	1	0	0	1	3
2013/12/28-09:27:51	46	1,596.444	75.924	10	0	0	5	0	0	0	1	1	0	0	60
2013/12/28-09:29:10	46	1,596.444	75.924	1	0	0	0	0	0	1	1	0	0	1	3
2013/12/28-09:29:35	46	1,596.444	75.924	2	0	1	0	0	0	0	1	0	0	1	11
2013/12/28-09:30:53	46	1,596.444	75.924	7	0	1	5	1	0	0	1	0	0	1	38
2013/12/28-10:05:21	46	1,596.444	75.924	18	0	1	0	1	0	0	1	0	0	1	23
2013/12/28-10:06:05	48	1,580.881	69.546	11	0	0	0	1	0	1	1	0	0	1	9
2013/12/28-10:07:24	48	1,580.881	69.546	4	0	0	0	1	0	1	1	0	0	1	11
2013/12/28-10:08:43	48	1,580.881	69.546	20	0	0	8	0	0	0	1	0	0	1	60
2013/12/28-10:10:02	48	1,580.881	69.546	19	0	0	9	0	0	0	1	0	0	1	60
2013/12/28-10:19:32	48	1,580.881	69.546	10	0	0	6	0	0	0	1	1	0	0	45
2013/12/28-10:20:36	48	1,580.881	69.546	7	0	0	5	1	0	0	1	1	0	0	35
2013/12/28-10:21:30	48	1,580.881	69.546	2	0	1	0	1	0	0	1	0	0	1	7
2013/12/28-10:22:03	48	1,580.881	69.546	10	0	0	0	1	0	1	1	0	0	1	10
2013/12/28-10:22:45	48	1,580.881	69.546	8	0	0	0	0	0	1	1	0	0	1	5
2013/12/28-13:31:47	50	1,578.784	67.028	1	0	0	0	0	0	1	1	0	0	1	3
2013/12/28-13:32:10	50	1,578.784	67.028	28	0	0	0	1	0	1	1	1	0	0	30
2013/12/28-13:33:09	50	1,578.784	67.028	22	0	0	5	0	0	0	1	1	0	0	60
2013/12/28-13:34:28	50	1,578.784	67.028	15	0	0	10	0	0	0	1	1	0	0	60
2013/12/28-13:35:47	50	1,578.784	67.028	1	0	0	0	1	0	0	1	1	0	0	3
2013/12/28-13:46:34	50	1,578.784	67.028	1	0	0	0	0	0	1	1	0	0	1	3
2013/12/28-13:46:58	50	1,578.784	67.028	16	0	1	5	0	0	0	1	0	0	1	59
2013/12/28-13:48:17	50	1,578.784	67.028	2	0	1	0	0	0	0	1	0	0	1	8
2013/12/28-13:48:44	50	1,578.784	67.028	18	0	0	0	0	0	1	1	0	0	1	20
2013/12/28-13:49:23	50	1,578.784	67.028	5	0	1	2	0	0	0	1	0	0	1	20
2013/12/28-13:56:56	52	1,567.588	61.167	10	0	0	2	2	0	1	1	0	0	1	26
2013/12/28-13:57:41	52	1,567.588	61.167	9	0	0	0	1	0	1	1	0	0	1	6
2013/12/28-13:58:06	52	1,567.588	61.167	9	0	1	0	1	0	0	1	0	0	1	9
2013/12/28-13:58:36	52	1,567.588	61.167	13	0	1	12	1	0	0	1	0	0	1	42
2013/12/28-13:59:38	52	1,567.588	61.167	1	0	1	0	0	0	0	1	0	0	1	3
2013/12/28-17:04:29	53	1,538.387	63.125	16	0	0	8	0	0	0	1	1	0	0	60
2013/12/28-17:05:48	53	1,538.387	63.125	1	0	0	0	1	0	1	1	0	0	1	3
2013/12/28-17:06:13	53	1,538.387	63.125	12	0	0	0	0	0	0	1	1	0	0	13
2013/12/28-17:06:45	53	1,538.387	63.125	11	0	0	0	0	0	1	1	0	0	1	7
2013/12/28-17:07:12	53	1,538.387	63.125	4	0	0	0	1	0	0	1	1	0	0	12
2013/12/28-17:20:02	53	1,538.387	63.125	14	0	0	0	2	0	1	1	0	0	1	16
2013/12/28-17:20:37	53	1,538.387	63.125	2	0	1	0	0	0	0	1	0	0	1	9
2013/12/28-17:21:36	53	1,538.387	63.125	1	0	0	0	1	0	1	1	0	0	1	3
2013/12/28-17:22:08	53	1,538.387	63.125	1	0	0	0	1	0	1	1	0	0	1	3
2013/12/28-17:22:30	53	1,538.387	63.125	12	0	0	0	1	0	0	1	1	0	0	9
2013/12/28-17:34:43	54	1,547.997	57.359	1	0	0	0	0	0	1	1	0	0	1	3
2013/12/28-17:35:05	54	1,547.997	57.359	13	0	0	14	0	0	0	1	0	0	1	60
2013/12/28-17:36:24	54	1,547.997	57.359	15	0	0	0	1	0	0	1	1	0	0	18
2013/12/28-17:37:01	54	1,547.997	57.359	14	0	1	0	0	0	0	1	0	0	1	17
2013/12/28-17:37:37	54	1,547.997	57.359	7	0	1	9	0	0	0	1	0	0	1	23
2013/12/28-22:00:53	51	1,557.562	61.921	4	0	0	0	1	0	1	1	0	0	1	3
2013/12/28-22:02:06	51	1,557.562	61.921	12	0	1	0	0	0	0	1	0	0	1	18
2013/12/28-22:02:44	51	1,557.562	61.921	0	0	1	0	0	0	0	1	0	0	1	7
2013/12/28-22:03:24	51	1,557.562	61.921	1	0	0	0	0	0	1	1	0	0	1	3
2013/12/28-22:04:22	51	1,557.562	61.921	3	0	1	0	1	0	0	1	0	0	1	11
2013/12/29-01:12:39	52	1,552.466	64.315	17	0	0	7	0	0	0	1	0	0	1	60
2013/12/29-01:13:58	52	1,552.466	64.315	24	0	1	0	2	0	0	1	0	0	1	20
2013/12/29-01:14:38	52	1,552.466	64.315	13	0	0	10	0	0	0	1	0	0	1	60
2013/12/29-01:15:57	52	1,552.466	64.315	11	0	0	8	0	0	1	1	0	0	1	46
2013/12/29-01:17:02	52	1,552.466	64.315	1	0	0	0	1	0	1	1	0	0	1	3
2013/12/29-01:22:11	52	1,552.466	64.315	1	0	1	0	1	0	0	1	0	0	1	3
2013/12/29-01:22:33	52	1,552.466	64.315	18	0	0	4	0	0	0	1	1	0	0	60
2013/12/29-01:23:52	52	1,552.466	64.315	18	0	0	16	0	0	0	1	1	0	0	60
2013/12/29-01:25:11	52	1,552.466	64.315	2	0	0	0	1	0	1	1	0	0	1	6
2013/12/29-01:26:30	55	1,543.167	58.816	14	0	0	0	1	0	1	1	0	0	1	8
2013/12/29-01:38:13	55	1,543.167	58.816	1	0	1	0	0	0	0	1	0	0	1	3
2013/12/29-01:38:35	55	1,543.167	58.816	18	0	0	7	0	0	0	1	1	0	0	60
2013/12/29-01:39:54	55	1,543.167	58.816	9	0	1	0	1	0	0	1	0	0	1	9
2013/12/29-01:41:13	55	1,543.167	58.816	1	0	0	0	0	0	1	1	0	0	1	3
2013/12/29-01:41:57	55	1,543.167	58.816	1	0	0	0	0	0	1	1	0	0	1	3
2013/12/29-06:38:50	57	1,524.243	64.759	2	0	1	0	0	0	0	1	0	0	1	3
2013/12/29-06:40:09	57	1,524.243	64.759	7	0	1	6	0	0	0	1	0	0	1	42
2013/12/29-06:41:10	57	1,524.243	64.759	1	0	0	0	0	0	1	1	0	0	1	3
2013/12/29-06:41:32	57	1,524.243	64.759	6	0	0	0	0	0	1	1	0	0	1	6
2013/12/29-06:41:59	57	1,524.243	64.759	7	0	0	1	0	0	0	1	1	0	0	45
2013/12/29-06:56:59	57	1,524.243	64.759	1	0	0	0	0	0	1	1	0	0	1	3
2013/12/29-06:57:30	57	1,524.243	64.759	12	0	0	15	0	0	0	1	0	0	1	60
2013/12/29-06:58:49	57	1,524.243	64.759	20	0	0	12	1	0	0	1	1	0	0	60
2013/12/29-07:00:08	57	1,524.243	64.759	8	0	0	0	2	0	0	1	1	0	0	4
2013/12/29-07:00:31	57	1,524.243	64.759	7	0	0	0	0	0	1	1	0	0	1	31
2013/12/29-07:22:08	57	1,520.853	58.643	19	0	0	0	0	0	1	1	0	0	1	23
2013/12/29-07:22:49	57	1,520.853	58.643	13	0	0	0	1	0	1	1	0	0	1	8
2013/12/29-07:23:17	57	1,520.853	58.643	2	0	1	1	0	0	0	1	0	0	1	8
2013/12/29-07:23:47	57	1,520.853	58.643	1	0	1	0	0	0	0	1	0	0	1	3
2013/12/29-07:24:12	57	1,520.853	58.643	1	0	0	0	0	0	1	1	0	0	1	3
2013/12/29-18:13:51	60	1,500.646	72.105	16	0	0	7	0	0	0	1	1	0	0	60
2013/12/29-18:15:10	60	1,500.646	72.105	26	0	0	6	1	0	0	1	1	0	0	59
2013/12/29-18:16:28	60	1,500.646	72.105	5	0	0	1	0	0	1	1	0	0	1	16
2013/12/29-18:17:03	60	1,500.646	72.105	12	0	0	7	0	0	0	1	1	0	0	60
2013/12/29-18:18:22	60	1,500.646	72.105	14	0	0	7	0	0	0	1	1	0	0	60
2013/12/29-20:37:00	57	1,526.071	68.218	18	0	0	4	0	0	0	1	1	0	0	60
2013/12/29-20:38:19	57	1,526.071	68.218	11	0	0	5	0	0	0	1	1	0	0	60
2013/12/29-20:39:38	57	1,526.071	68.218	10	0	0	7	0	0	0	1	1	0	0	39
2013/12/29-20:40:36	57	1,526.071	68.218	15	0	0	6	0	0	0	1	1	0	0	60
2013/12/29-20:41:55	57	1,526.071	68.218	26	0	0	5	0	0	0	1	1	0	0	60
2013/12/29-20:56:40	57	1,526.071	68.218	3	0	1	0	0	0	0	1	0	0	1	13
2013/12/29-20:57:32	57	1,526.071	68.218	9	0	0	4	0	0	0	1	0	0	1	60
2013/12/29-20:58:50	57	1,526.071	68.218	7	0	0	2	0	0	1	1	0	0	1	43
2013/12/29-20:59:58	57	1,526.071	68.218	4	0	0	1	0	0	1	1	0	0	1	9
2013/12/29-21:00:37	57	1,526.071	68.218	8	0	0	5	1	0	0	1	1	0	0	60
2013/12/30-01:41:40	43	1,597.327	68.956	22	0	0	10	0	0	0	1	0	0	1	60
2013/12/30-01:42:59	43	1,597.327	68.956	13	0	0	8	0	0	0	1	0	0	1	60
2013/12/30-01:44:18	43	1,597.327	68.956	5	0	0	3	0	0	1	1	0	0	1	52
2013/12/30-01:45:29	43	1,597.327	68.956	13	0	0	6	0	0	1	1	0	0	1	48
2013/12/30-01:46:48	43	1,597.327	68.956	15	0	1	8	0	0	0	1	0	0	1	56
2013/12/30-01:58:25	43	1,597.327	68.956	16	0	0	2	0	0	1	1	0	0	1	44
2013/12/30-01:59:30	43	1,597.327	68.956	8	0	0	3	0	0	0	1	0	0	1	60
2013/12/30-02:00:49	43	1,597.327	68.956	7	0	0	2	0	0	0	1	0	0	1	60
2013/12/30-02:02:08	43	1,597.327	68.956	12	0	1	3	0	0	0	1	0	0	1	40
2013/12/30-02:03:27	43	1,597.327	68.956	19	0	0	8	1	0	0	1	1	0	0	60
2013/12/30-02:28:44	39	1,620.33	61.902	13	0	0	5	0	0	0	1	1	0	0	60
2013/12/30-02:30:03	39	1,620.33	61.902	16	0	0	4	0	0	0	1	0	0	1	60
2013/12/30-02:31:22	39	1,620.33	61.902	4	0	1	0	0	0	0	1	0	0	1	17
2013/12/30-02:32:42	39	1,620.33	61.902	24	0	0	6	0	0	0	1	1	0	0	60
2013/12/30-02:34:01	39	1,620.33	61.902	15	0	0	3	0	0	0	1	0	0	1	60
2013/12/30-09:08:37	37	1,646.919	69.209	3	0	1	1	0	0	0	1	0	0	1	8
2013/12/30-09:09:49	37	1,646.919	69.209	3	0	0	0	0	0	0	1	1	0	0	8
2013/12/30-09:10:15	37	1,646.919	69.209	17	0	0	4	0	0	0	1	1	0	0	60
2013/12/30-09:11:34	37	1,646.919	69.209	11	0	0	3	0	0	0	1	1	0	0	45
2013/12/30-09:12:38	37	1,646.919	69.209	10	0	0	3	0	0	0	1	1	0	0	36
2013/12/30-09:25:49	37	1,646.919	69.209	9	0	1	7	0	0	0	1	0	0	1	54
2013/12/30-09:27:02	37	1,646.919	69.209	14	0	0	5	0	0	0	1	0	0	1	60
2013/12/30-09:28:21	37	1,646.919	69.209	3	0	0	0	0	0	1	1	0	0	1	4
2013/12/30-09:29:39	37	1,646.919	69.209	20	0	0	6	0	0	0	1	0	0	1	60
2013/12/30-09:30:58	37	1,650.136	63.895	4	0	0	2	0	0	1	1	0	0	1	19
2013/12/30-09:44:24	37	1,650.136	63.895	17	0	0	5	0	0	0	1	1	0	0	60
2013/12/30-09:45:43	37	1,650.136	63.895	11	0	0	6	0	0	0	1	1	0	0	60
2013/12/30-09:47:02	37	1,650.136	63.895	14	0	0	7	0	0	0	1	1	0	0	60
2013/12/30-09:48:21	37	1,650.136	63.895	18	0	0	7	1	0	0	1	1	0	0	60
2013/12/30-09:49:40	37	1,650.136	63.895	19	0	0	7	1	0	0	1	1	0	0	60
2013/12/30-13:48:42	29	1,671.632	66.121	19	0	0	6	0	0	0	1	1	0	0	60
2013/12/30-13:50:01	29	1,671.632	66.121	11	0	0	3	0	0	0	1	0	0	1	60
2013/12/30-13:51:20	29	1,671.632	66.121	12	0	0	7	0	0	1	1	0	0	1	55
2013/12/30-13:52:34	29	1,671.632	66.121	10	0	0	4	0	0	0	1	1	0	0	60
2013/12/30-13:53:53	29	1,671.632	66.121	12	0	0	6	1	0	0	1	1	0	0	60
2013/12/30-14:19:38	25	1,695.428	63.692	3	0	0	0	0	0	1	1	0	0	1	4
2013/12/30-14:20:39	25	1,695.428	63.692	2	0	1	1	0	0	0	1	0	0	1	13
2013/12/30-14:21:44	25	1,695.428	63.692	2	0	0	1	0	0	0	1	1	0	0	25
2013/12/30-14:22:28	25	1,695.428	63.692	7	0	1	4	0	0	0	1	0	0	1	29
2013/12/30-14:23:47	25	1,695.428	63.692	12	0	0	3	0	0	1	1	0	0	1	53
2013/12/30-14:40:20	25	1,695.428	63.692	3	0	1	2	0	0	0	1	0	0	1	25
2013/12/30-14:41:39	25	1,695.428	63.692	2	0	1	1	0	0	0	1	0	0	1	21
2013/12/30-14:42:58	25	1,695.428	63.692	12	0	0	3	0	0	0	1	0	0	1	60
2013/12/30-14:44:17	25	1,695.428	63.692	5	0	0	4	0	0	1	1	0	0	1	26
2013/12/30-14:45:36	25	1,695.428	63.692	4	0	1	1	0	0	0	1	0	0	1	20
2013/12/30-17:17:47	35	1,642.876	61.987	2	0	1	0	0	0	0	1	0	0	1	11
2013/12/30-17:18:48	35	1,642.876	61.987	4	0	0	2	0	0	0	1	1	0	0	45
2013/12/30-17:19:52	35	1,642.876	61.987	3	0	0	1	0	0	0	1	1	0	0	17
2013/12/30-17:20:28	35	1,642.876	61.987	4	0	0	3	0	0	0	1	1	0	0	60
2013/12/30-17:21:47	35	1,642.876	61.987	11	0	0	5	0	0	0	1	1	0	0	60
2013/12/30-17:37:12	35	1,642.876	61.987	6	0	1	2	0	0	0	1	0	0	1	24
2013/12/30-17:38:31	35	1,642.876	61.987	10	0	0	6	0	0	1	1	0	0	1	42
2013/12/30-17:39:32	35	1,642.876	61.987	22	0	0	7	1	0	1	1	0	0	1	57
2013/12/30-17:40:48	35	1,642.876	61.987	8	0	0	3	0	0	0	1	0	0	1	60
2013/12/30-17:42:07	35	1,642.876	61.987	2	0	1	1	0	0	0	1	0	0	1	13
2013/12/30-17:58:46	29	1,668.144	56.442	8	0	0	5	0	0	0	1	1	0	0	60
2013/12/30-18:00:05	29	1,668.144	56.442	5	0	0	3	2	0	0	1	1	0	0	30
2013/12/30-18:00:54	29	1,668.144	56.442	13	0	0	5	0	0	0	1	1	0	0	60
2013/12/30-18:02:13	29	1,668.144	56.442	2	0	1	1	0	0	0	1	0	0	1	7
2013/12/30-18:03:22	29	1,668.144	56.442	15	0	0	10	1	0	0	1	1	0	0	60
2013/12/31-12:00:10	27	1,687.814	81.779	1	0	0	0	0	0	1	1	0	0	1	3
2013/12/31-12:00:41	27	1,687.814	81.779	8	0	1	2	0	0	0	1	0	0	1	55
2013/12/31-12:01:55	27	1,687.814	81.779	1	0	0	0	1	0	1	1	0	0	1	3
2013/12/31-12:02:20	27	1,687.814	81.779	6	0	0	0	0	0	1	1	0	0	1	6
2013/12/31-12:02:48	27	1,687.814	81.779	7	0	0	0	1	0	0	1	1	0	0	5
2013/12/31-12:08:09	27	1,687.814	81.779	4	0	0	2	0	0	0	1	1	0	0	16
2013/12/31-12:08:44	27	1,687.814	81.779	1	0	0	0	0	0	0	1	1	0	0	8
2013/12/31-12:09:11	39	1,631.572	76.85	9	0	0	0	0	0	0	1	1	0	0	8
2013/12/31-12:09:38	39	1,631.572	76.85	2	0	0	0	1	0	0	1	1	0	0	19
2013/12/31-12:10:16	39	1,631.572	76.85	8	0	0	4	1	0	0	1	1	0	0	31
2013/12/31-12:20:54	39	1,631.572	76.85	14	0	0	17	1	0	0	1	1	0	0	60
2013/12/31-12:22:14	39	1,631.572	76.85	13	0	0	0	2	0	1	1	0	0	1	8
2013/12/31-12:22:41	39	1,631.572	76.85	1	0	0	0	1	0	1	1	0	1	0	3
2013/12/31-12:23:02	39	1,631.572	76.85	20	0	0	6	0	0	0	1	1	0	0	60
2013/12/31-12:24:21	39	1,631.572	76.85	7	0	0	4	1	0	0	1	1	0	0	22
2013/12/31-16:00:22	35	1,659.504	75.974	2	0	0	0	0	0	1	1	0	0	1	7
2013/12/31-16:01:04	35	1,659.504	75.974	8	0	1	4	0	0	0	1	0	0	1	26
2013/12/31-16:02:10	35	1,659.504	75.974	3	0	1	1	0	0	0	1	0	0	1	13
2013/12/31-16:02:51	35	1,659.504	75.974	1	0	0	0	1	0	1	1	0	0	1	3
2013/12/31-16:03:14	35	1,659.504	75.974	16	0	0	9	1	0	0	1	1	0	0	60
2013/12/31-16:31:49	40	1,638.198	71.246	11	0	0	0	1	0	1	1	0	0	1	7
2013/12/31-16:32:24	40	1,638.198	71.246	10	0	0	4	0	0	0	1	1	0	0	31
2013/12/31-16:33:13	40	1,638.198	71.246	15	0	0	0	0	0	1	1	0	0	1	16
2013/12/31-16:33:48	40	1,638.198	71.246	12	0	0	10	0	0	0	1	1	0	0	60
2013/12/31-16:35:07	40	1,638.198	71.246	1	0	1	0	0	0	0	1	0	0	1	6
2013/12/31-16:47:18	41	1,635.39	66.692	11	0	1	4	0	0	0	1	0	0	1	46
2013/12/31-16:48:37	41	1,635.39	66.692	1	0	0	0	0	0	1	1	0	0	1	3
2013/12/31-16:49:02	41	1,635.39	66.692	8	0	1	0	0	0	0	1	0	0	1	8
2013/12/31-16:49:56	41	1,635.39	66.692	8	0	0	0	0	0	1	1	0	0	1	8
2013/12/31-16:50:49	41	1,635.39	66.692	15	0	0	3	0	0	1	1	0	0	1	56
2013/12/31-20:04:33	43	1,616.654	69.276	5	0	0	0	2	0	1	1	1	0	0	16
2013/12/31-20:05:09	43	1,616.654	69.276	4	0	0	5	2	0	0	1	1	0	0	18
2013/12/31-20:05:46	43	1,616.654	69.276	1	0	0	0	0	0	1	1	0	0	1	3
2013/12/31-20:06:08	43	1,616.654	69.276	18	0	0	7	0	0	0	1	0	0	1	60
2013/12/31-20:07:27	43	1,616.654	69.276	16	0	0	0	0	0	1	1	0	0	1	17
2013/12/31-20:27:26	43	1,616.654	69.276	1	0	0	0	1	0	1	1	0	0	1	3
2013/12/31-20:27:48	43	1,616.654	69.276	2	0	1	0	0	0	0	1	0	0	1	9
2013/12/31-20:28:56	43	1,616.654	69.276	5	0	1	4	0	0	0	1	0	0	1	28
2013/12/31-20:29:50	43	1,616.654	69.276	2	0	1	0	0	0	0	1	0	0	1	18
2013/12/31-20:30:30	43	1,616.654	69.276	5	0	1	0	0	0	0	1	0	0	1	4
2013/12/31-20:41:51	46	1,600.927	63.605	9	0	1	0	0	0	0	1	0	0	1	9
2013/12/31-20:42:22	46	1,600.927	63.605	1	0	0	0	0	0	1	1	0	0	1	3
2013/12/31-20:42:54	46	1,600.927	63.605	10	0	1	4	0	0	0	1	0	0	1	40
2013/12/31-20:44:13	46	1,600.927	63.605	4	0	1	3	0	0	0	1	0	0	1	42
2013/12/31-20:45:32	46	1,600.927	63.605	13	0	0	10	0	0	0	1	1	0	0	60
2014/01/01-00:09:31	45	1,602.542	66.868	2	0	0	1	0	0	0	1	0	0	1	60
2014/01/01-00:10:50	45	1,602.542	66.868	2	0	0	0	0	0	1	1	0	0	1	3
2014/01/01-00:11:24	45	1,602.542	66.868	8	0	1	4	0	0	0	1	0	0	1	32
2014/01/01-00:12:43	45	1,602.542	66.868	2	0	0	0	0	0	1	1	0	0	1	8
2014/01/01-00:13:09	45	1,602.542	66.868	10	0	1	0	0	0	0	1	0	0	1	11
2014/01/01-00:18:56	45	1,602.542	66.868	1	0	0	0	1	0	1	1	0	1	0	3
2014/01/01-00:19:17	45	1,602.542	66.868	14	0	0	0	2	0	1	1	0	0	1	8
2014/01/01-00:19:44	45	1,602.542	66.868	17	0	0	9	0	0	0	1	1	0	0	60
2014/01/01-00:21:03	45	1,602.542	66.868	15	0	0	15	1	0	0	1	1	0	0	60
2014/01/01-00:22:22	45	1,602.542	66.868	13	0	0	3	0	0	0	1	1	0	0	60
2014/01/01-00:44:29	46	1,597.958	61.321	9	0	0	0	0	0	0	1	1	0	0	6
2014/01/01-00:44:54	46	1,597.958	61.321	11	0	1	5	0	0	0	1	0	0	1	43
2014/01/01-00:46:05	46	1,597.958	61.321	7	0	0	2	0	0	1	1	0	0	1	30
2014/01/01-00:46:54	46	1,597.958	61.321	3	0	0	3	1	0	1	1	0	0	1	20
2014/01/01-00:48:10	46	1,597.958	61.321	1	0	0	0	0	0	1	1	0	0	1	3
2014/01/01-04:15:32	45	1,604.872	64.891	10	0	1	6	0	0	0	1	0	0	1	38
2014/01/01-04:16:29	45	1,604.872	64.891	2	0	1	0	1	0	0	1	0	0	1	16
2014/01/01-04:17:04	45	1,604.872	64.891	15	0	1	0	0	0	0	1	0	0	1	12
2014/01/01-04:17:37	45	1,604.872	64.891	2	0	0	0	0	0	1	1	0	0	1	6
2014/01/01-04:18:12	45	1,604.872	64.891	1	0	0	0	0	0	1	1	0	0	1	3
2014/01/01-04:33:30	45	1,597.948	61.767	13	0	0	8	0	0	0	1	1	0	0	60
2014/01/01-04:34:49	45	1,597.948	61.767	1	0	0	0	3	0	0	1	1	0	0	3
2014/01/01-04:35:11	45	1,597.948	61.767	3	0	0	5	0	0	0	1	1	0	0	8
2014/01/01-04:35:38	45	1,597.948	61.767	2	0	0	0	1	0	1	1	0	0	1	6
2014/01/01-04:36:04	45	1,597.948	61.767	19	0	0	0	0	0	0	1	1	0	0	24
2014/01/01-04:51:08	45	1,597.948	61.767	13	0	0	0	2	0	1	1	0	0	1	8
2014/01/01-04:51:36	45	1,597.948	61.767	11	0	1	14	0	0	0	1	0	0	1	48
2014/01/01-04:52:42	45	1,597.948	61.767	5	0	1	4	0	0	0	1	0	0	1	30
2014/01/01-04:53:41	45	1,597.948	61.767	1	0	1	0	0	0	0	1	0	0	1	3
2014/01/01-04:54:03	45	1,597.948	61.767	6	0	1	0	0	0	0	1	0	0	1	20
2014/01/01-09:23:04	46	1,581.311	66.21	7	0	1	3	0	0	0	1	0	0	1	27
2014/01/01-09:23:50	46	1,581.311	66.21	8	0	1	0	0	0	0	1	0	0	1	10
2014/01/01-09:24:27	46	1,581.311	66.21	1	0	0	0	2	0	1	1	0	0	1	3
2014/01/01-09:24:49	46	1,581.311	66.21	2	0	0	1	1	0	1	1	0	0	1	7
2014/01/01-09:25:16	46	1,581.311	66.21	11	0	1	0	1	0	0	1	0	0	1	8
2014/01/01-09:28:39	55	1,548.534	63.587	5	0	1	0	1	0	0	1	0	0	1	16
2014/01/01-09:29:14	55	1,548.534	63.587	3	0	0	0	0	0	0	1	1	0	0	8
2014/01/01-09:29:41	55	1,548.534	63.587	11	0	0	0	1	0	0	1	1	0	0	8
2014/01/01-09:30:08	55	1,548.534	63.587	1	0	0	0	1	0	1	1	0	0	1	3
2014/01/01-09:30:33	55	1,548.534	63.587	7	0	1	0	0	0	0	1	0	0	1	13
2014/01/01-09:41:42	55	1,548.534	63.587	2	0	1	0	0	0	0	1	0	0	1	10
2014/01/01-09:42:17	55	1,548.534	63.587	1	0	0	0	0	0	1	1	0	0	1	3
2014/01/01-09:42:45	55	1,548.534	63.587	12	0	1	0	0	0	0	1	0	0	1	12
2014/01/01-09:43:16	55	1,548.534	63.587	12	0	0	8	0	0	0	1	0	0	1	60
2014/01/01-09:44:35	55	1,548.534	63.587	17	0	0	0	1	0	1	1	0	0	1	13
2014/01/01-13:27:49	57	1,531.11	66.484	1	0	0	0	0	0	1	1	0	0	1	3
2014/01/01-13:28:13	57	1,531.11	66.484	9	0	1	3	0	0	0	1	0	0	1	40
2014/01/01-13:29:32	57	1,531.11	66.484	19	0	1	0	0	0	0	1	0	0	1	22
2014/01/01-13:30:51	57	1,531.11	66.484	14	0	0	0	1	0	1	1	0	0	1	10
2014/01/01-13:31:20	57	1,531.11	66.484	2	0	0	0	0	0	1	1	0	0	1	7
2014/01/01-13:37:21	57	1,531.11	66.484	17	0	0	11	1	0	0	1	1	0	0	43
2014/01/01-13:38:23	57	1,531.11	66.484	2	0	0	0	1	0	1	1	0	0	1	6
2014/01/01-13:38:47	57	1,531.11	66.484	9	0	1	0	0	0	0	1	0	0	1	9
2014/01/01-13:39:31	57	1,531.11	66.484	7	0	0	5	0	0	0	1	0	0	1	60
2014/01/01-13:40:50	57	1,531.11	66.484	20	0	0	0	1	0	0	1	1	0	0	21
2014/01/01-13:54:50	57	1,531.11	66.484	1	0	0	0	1	0	1	1	0	0	1	3
2014/01/01-13:55:25	57	1,531.11	66.484	1	0	0	0	0	0	1	1	0	0	1	3
2014/01/01-13:56:44	57	1,531.11	66.484	5	0	1	0	1	0	0	1	0	0	1	7
2014/01/01-13:57:13	57	1,531.11	66.484	21	0	1	0	0	0	0	1	0	0	1	27
2014/01/01-13:57:59	57	1,531.11	66.484	29	0	0	6	1	0	0	1	1	0	0	55
2014/01/01-23:37:22	58	1,509.519	67.164	4	0	0	0	0	0	1	1	0	0	1	4
2014/01/01-23:37:49	58	1,509.519	67.164	1	0	0	0	0	0	1	1	0	0	1	3
2014/01/01-23:38:23	58	1,509.519	67.164	10	0	0	14	0	0	0	1	1	0	0	59
2014/01/01-23:39:40	58	1,509.519	67.164	13	0	0	0	0	0	1	1	0	0	1	15
2014/01/01-23:40:33	58	1,509.519	67.164	3	0	1	1	0	0	0	1	0	0	1	16
2014/01/01-23:54:58	58	1,520.491	64.056	1	0	0	0	2	0	1	1	0	0	1	3
2014/01/01-23:55:20	58	1,520.491	64.056	9	0	0	6	2	0	0	1	1	0	0	32
2014/01/01-23:56:11	58	1,520.491	64.056	9	0	0	5	1	0	0	1	1	0	0	37
2014/01/01-23:57:07	58	1,520.491	64.056	12	0	0	0	2	0	0	1	1	0	0	8
2014/01/01-23:57:33	58	1,520.491	64.056	10	0	0	0	2	0	0	1	1	0	0	39
2014/01/02-00:12:02	58	1,520.491	64.056	22	0	0	11	0	0	1	1	0	0	1	48
2014/01/02-00:13:08	58	1,520.491	64.056	12	0	0	6	0	0	0	1	1	0	0	60
2014/01/02-00:14:27	58	1,520.491	64.056	1	0	0	0	1	0	1	1	0	0	1	3
2014/01/02-00:15:10	58	1,520.491	64.056	9	0	0	0	1	0	1	1	0	0	1	8
2014/01/02-00:16:29	58	1,520.491	64.056	14	0	1	7	0	0	0	1	0	0	1	57
2014/01/02-03:56:39	54	1,541.537	66.92	9	0	0	0	0	0	1	1	0	0	1	8
2014/01/02-03:57:34	54	1,541.537	66.92	15	0	0	6	0	0	1	1	0	0	1	49
2014/01/02-03:58:42	54	1,541.537	66.92	9	0	0	0	0	0	0	1	0	0	1	60
2014/01/02-04:00:01	54	1,541.537	66.92	3	0	0	0	2	0	0	1	1	0	0	8
2014/01/02-04:00:28	54	1,541.537	66.92	3	0	1	1	0	0	0	1	0	0	1	20
2014/01/02-04:06:24	54	1,541.537	66.92	4	0	1	0	2	0	0	1	0	0	1	48
2014/01/02-04:07:31	54	1,541.537	66.92	39	0	0	0	0	0	0	1	0	0	1	60
2014/01/02-04:08:50	54	1,541.537	66.92	1	0	0	0	0	0	1	1	0	0	1	3
2014/01/02-04:09:21	54	1,541.537	66.92	13	0	0	8	0	0	0	1	1	0	0	60
2014/01/02-04:10:40	54	1,541.537	66.92	7	0	0	3	1	0	0	1	1	0	0	24
2014/01/02-04:24:02	54	1,541.537	66.92	1	0	1	0	0	0	0	1	0	0	1	3
2014/01/02-04:24:29	54	1,541.537	66.92	1	0	0	0	0	0	1	1	0	0	1	3
2014/01/02-04:25:06	54	1,541.537	66.92	11	0	1	7	0	0	0	1	0	0	1	37
2014/01/02-04:26:21	54	1,541.537	66.92	30	0	0	3	0	0	0	1	0	0	1	60
2014/01/02-04:27:40	54	1,541.537	66.92	9	0	0	0	0	0	1	1	0	0	1	6
2014/01/02-09:37:16	56	1,529.906	68.097	3	0	1	1	0	0	0	1	0	0	1	13
2014/01/02-09:38:29	56	1,529.906	68.097	1	0	0	0	0	0	1	1	0	0	1	3
2014/01/02-09:38:51	56	1,529.906	68.097	7	0	0	0	0	0	1	1	0	0	1	12
2014/01/02-09:39:30	56	1,529.906	68.097	1	0	1	0	0	0	0	1	0	0	1	3
2014/01/02-09:39:59	56	1,529.906	68.097	7	0	0	5	0	0	0	1	1	0	0	60
2014/01/02-09:53:06	58	1,516.883	65.186	11	0	0	0	0	0	1	1	0	0	1	8
2014/01/02-09:53:45	58	1,516.883	65.186	4	0	0	0	2	0	0	1	1	0	0	9
2014/01/02-09:54:13	58	1,516.883	65.186	14	0	0	0	0	0	1	1	0	0	1	16
2014/01/02-09:55:32	58	1,516.883	65.186	13	0	0	5	1	0	0	1	1	0	0	29
2014/01/02-09:56:20	58	1,516.883	65.186	1	0	0	0	2	0	1	1	0	0	1	3
2014/01/02-10:12:04	58	1,516.883	65.186	22	0	0	11	0	0	0	1	0	0	1	60
2014/01/02-10:13:24	58	1,516.883	65.186	26	0	0	0	2	0	1	1	0	0	1	19
2014/01/02-10:14:02	58	1,516.883	65.186	24	0	0	4	0	0	1	1	0	0	1	53
2014/01/02-10:15:21	58	1,516.883	65.186	14	0	0	17	0	0	0	1	0	0	1	60
2014/01/02-10:16:40	58	1,516.883	65.186	14	0	0	14	0	0	1	1	0	0	1	59
2014/01/02-13:49:26	61	1,483.062	65.834	6	0	1	4	0	0	0	1	0	0	1	32
2014/01/02-13:50:17	61	1,483.062	65.834	1	0	0	0	0	0	1	1	0	0	1	3
2014/01/02-13:51:32	60	1,488.707	64.798	4	0	0	0	1	0	1	1	0	0	1	11
2014/01/02-13:52:02	60	1,488.707	64.798	9	0	0	0	0	0	1	1	0	0	1	11
2014/01/02-13:52:50	60	1,488.707	64.798	5	0	0	0	0	0	1	1	0	0	1	4
2014/01/02-14:03:31	60	1,488.707	64.798	3	0	0	0	2	0	0	1	1	0	0	23
2014/01/02-14:04:13	60	1,488.707	64.798	1	0	1	0	0	0	0	1	0	0	1	6
2014/01/02-14:05:02	60	1,488.707	64.798	1	0	1	0	0	0	0	1	0	0	1	3
2014/01/02-14:06:04	60	1,488.707	64.798	1	0	0	0	0	0	1	1	0	0	1	3
2014/01/02-14:06:31	60	1,488.707	64.798	9	0	0	0	0	0	1	1	0	0	1	10
2014/01/02-14:22:49	60	1,488.707	64.798	31	0	0	0	1	0	0	1	1	0	0	33
2014/01/02-14:23:41	60	1,488.707	64.798	11	0	0	0	2	0	0	1	1	0	0	8
2014/01/02-14:24:08	60	1,488.707	64.798	6	0	0	0	1	0	0	1	1	0	0	20
2014/01/02-14:24:47	60	1,488.707	64.798	1	0	0	0	2	0	1	1	0	0	1	3
2014/01/02-14:25:09	60	1,488.707	64.798	4	0	0	3	1	0	0	1	1	0	0	13
2014/01/02-18:50:38	58	1,490.798	67.967	12	0	0	0	2	0	1	1	0	0	1	8
2014/01/02-18:51:08	58	1,490.798	67.967	1	0	0	0	1	0	1	1	0	0	1	3
2014/01/02-18:51:33	58	1,490.798	67.967	12	0	1	9	0	0	0	1	0	0	1	40
2014/01/02-18:52:32	58	1,490.798	67.967	8	0	1	0	0	0	0	1	0	0	1	8
2014/01/02-18:53:50	58	1,490.798	67.967	14	0	0	5	0	0	1	1	0	0	1	48
2014/01/02-22:14:21	59	1,484.176	64.582	30	0	0	0	0	0	1	1	0	0	1	31
2014/01/02-22:15:11	59	1,484.176	64.582	20	0	0	8	0	0	0	1	1	0	0	60
2014/01/02-22:16:30	59	1,484.176	64.582	21	0	0	5	0	0	0	1	1	0	0	60
2014/01/02-22:17:48	59	1,484.176	64.582	3	0	0	0	0	0	0	1	1	0	0	11
2014/01/02-22:18:18	59	1,484.176	64.582	10	0	0	0	1	0	0	1	1	0	0	8
2014/01/02-22:33:52	59	1,484.176	64.582	28	0	0	0	2	0	1	1	0	0	1	31
2014/01/02-22:34:42	59	1,484.176	64.582	18	0	0	8	2	0	0	1	1	0	0	60
2014/01/02-22:36:01	59	1,484.176	64.582	2	0	1	0	0	0	0	1	0	0	1	8
2014/01/02-22:37:20	59	1,484.176	64.582	10	0	0	0	2	0	1	1	0	0	1	10
2014/01/02-22:37:49	59	1,484.176	64.582	27	0	0	12	1	0	0	1	1	0	0	60
2014/01/03-02:15:00	58	1,513.236	66.685	5	0	1	0	0	0	0	1	0	0	1	48
2014/01/03-02:16:20	58	1,513.236	66.685	9	0	1	0	0	0	0	1	0	0	1	37
2014/01/03-02:17:16	58	1,513.236	66.685	10	0	0	0	0	0	1	1	0	0	1	6
2014/01/03-02:17:53	58	1,513.236	66.685	1	0	1	0	0	0	0	1	0	0	1	4
2014/01/03-02:19:12	58	1,513.236	66.685	21	0	0	0	0	0	1	1	0	0	1	24
2014/01/03-02:25:28	58	1,513.236	66.685	6	0	1	0	1	0	0	1	0	0	1	24
2014/01/03-02:26:11	58	1,513.236	66.685	1	0	1	0	1	0	0	1	0	0	1	3
2014/01/03-02:26:35	58	1,513.236	66.685	10	0	1	0	0	0	0	1	0	0	1	10
2014/01/03-02:27:54	58	1,513.236	66.685	6	0	0	2	0	0	1	1	0	0	1	16
2014/01/03-02:28:39	58	1,513.236	66.685	17	0	0	7	0	0	1	1	0	0	1	41
2014/01/03-02:43:32	58	1,513.236	66.685	10	0	0	0	1	0	0	1	1	0	0	8
2014/01/03-02:43:58	58	1,513.236	66.685	10	0	0	2	1	0	0	1	1	0	0	39
2014/01/03-02:44:56	58	1,513.236	66.685	20	0	0	0	1	0	0	1	1	0	0	21
2014/01/03-02:45:36	58	1,513.236	66.685	3	0	0	0	2	0	0	1	1	0	0	8
2014/01/03-02:46:03	58	1,509.61	60.462	3	0	0	0	1	0	0	1	1	0	0	8
2014/01/03-07:16:59	57	1,513.267	67.703	11	0	1	7	0	0	0	1	0	0	1	38
2014/01/03-07:17:56	57	1,513.267	67.703	15	0	0	4	0	0	0	1	1	0	0	60
2014/01/03-07:19:15	57	1,513.267	67.703	7	0	1	9	0	0	0	1	0	0	1	31
2014/01/03-07:20:34	57	1,513.267	67.703	9	0	1	0	1	0	0	1	0	0	1	6
2014/01/03-07:21:00	57	1,513.267	67.703	4	0	0	0	0	0	1	1	0	0	1	14
2014/01/03-07:32:36	54	1,530.695	64.619	31	0	0	0	1	0	1	1	0	0	1	36
2014/01/03-07:33:32	54	1,530.695	64.619	9	0	0	13	2	0	0	1	1	0	0	34
2014/01/03-07:34:25	54	1,530.695	64.619	12	0	0	0	2	0	0	1	1	0	0	8
2014/01/03-07:34:52	54	1,530.695	64.619	1	0	0	0	1	0	1	1	0	1	0	3
2014/01/03-07:35:13	54	1,530.695	64.619	3	0	0	0	1	0	0	1	1	0	0	11
2014/01/03-07:52:59	54	1,530.695	64.619	3	0	0	0	0	0	0	1	1	0	0	19
2014/01/03-07:53:36	54	1,530.695	64.619	1	0	0	0	0	0	1	1	0	0	1	3
2014/01/03-07:54:01	54	1,530.695	64.619	12	0	0	0	0	0	1	1	0	0	1	13
2014/01/03-07:55:07	54	1,530.695	64.619	27	0	0	0	2	0	1	1	0	0	1	19
2014/01/03-07:55:45	54	1,530.695	64.619	1	0	0	0	1	0	1	1	0	1	0	3
