2013/12/25-21:09:40	61	1,500	350	10	0	0	12	1	0	0	1	1	0	0	40
2013/12/25-21:10:34	61	1,500	350	6	0	0	11	1	0	0	1	1	0	0	34
2013/12/25-21:11:24	61	1,500	350	2	0	0	0	1	0	0	1	1	0	0	11
2013/12/25-21:11:53	61	1,500	350	2	0	0	0	1	0	0	1	1	0	0	11
2013/12/25-21:12:22	61	1,500	350	7	0	0	0	1	0	0	1	1	0	0	23
2013/12/25-21:13:04	61	1,500	350	7	0	0	0	1	0	0	1	1	0	0	25
2013/12/25-21:13:47	61	1,500	350	4	0	0	1	0	0	1	1	0	0	1	23
2013/12/25-21:14:28	61	1,500	350	4	0	0	1	0	0	1	1	0	0	1	18
2013/12/25-21:15:05	61	1,500	350	3	0	0	0	1	0	0	1	1	0	0	14
2013/12/25-21:15:37	61	1,500	350	3	0	0	0	1	0	0	1	1	0	0	14
2013/12/25-21:16:09	61	1,500	350	5	0	0	0	1	0	0	1	1	0	0	27
2013/12/25-21:16:55	61	1,500	350	4	0	0	0	1	0	0	1	1	0	0	23
2013/12/25-21:17:36	61	1,500	350	5	0	0	0	1	0	0	1	1	0	0	27
2013/12/25-21:18:22	61	1,500	350	5	0	0	0	1	0	0	1	1	0	0	28
2013/12/25-21:19:08	61	1,500	350	1	0	0	0	1	0	0	1	1	0	0	4
2013/12/25-21:19:31	61	1,500	350	1	0	0	0	1	0	0	1	1	0	0	4
2013/12/25-21:20:42	61	1,500	350	9	0	0	16	1	0	0	1	1	0	0	47
2013/12/25-21:21:44	61	1,500	350	6	0	0	6	1	0	0	1	1	0	0	28
2013/12/25-21:22:31	61	1,500	350	5	0	0	0	1	0	0	1	1	0	0	17
2013/12/25-21:23:07	61	1,500	350	5	0	0	0	1	0	0	1	1	0	0	17
2013/12/25-21:23:42	61	1,500	350	5	0	0	0	1	0	0	1	1	0	0	22
2013/12/25-21:24:23	61	1,500	350	7	0	0	0	1	0	0	1	1	0	0	26
2013/12/25-21:25:07	61	1,500	350	7	0	0	1	1	0	0	1	1	0	0	32
2013/12/25-21:25:58	61	1,500	350	5	0	0	0	0	0	1	1	0	0	1	23
2013/12/25-21:26:39	61	1,500	350	4	0	0	0	1	0	0	1	1	0	0	16
2013/12/25-21:27:14	61	1,500	350	3	0	0	0	1	0	0	1	1	0	0	13
2013/12/25-21:27:51	61	1,500	350	4	0	0	0	1	0	0	1	1	0	0	22
2013/12/25-21:28:31	61	1,500	350	4	0	0	0	1	0	0	1	1	0	0	22
2013/12/25-21:29:12	61	1,500	350	6	0	0	1	0	0	0	1	0	1	0	30
2013/12/25-21:30:01	61	1,500	350	6	0	0	1	0	0	0	1	0	1	0	30
2013/12/25-21:30:49	61	1,500	350	3	0	0	1	1	0	0	1	1	0	0	12
2013/12/25-21:31:20	61	1,500	350	6	0	0	3	1	0	0	1	1	0	0	15
2013/12/25-21:33:46	61	1,500	350	11	0	0	15	1	0	0	1	1	0	0	45
2013/12/25-21:34:47	61	1,500	350	8	0	0	13	1	0	0	1	1	0	0	36
2013/12/25-21:35:41	61	1,500	350	13	0	0	0	0	0	0	1	0	1	0	30
2013/12/25-21:36:30	61	1,500	350	14	0	0	0	0	0	0	1	0	1	0	30
2013/12/25-21:37:18	61	1,500	350	10	0	0	0	0	0	0	1	0	1	0	30
2013/12/25-21:38:07	61	1,500	350	8	0	0	0	1	0	0	1	1	0	0	21
2013/12/25-21:38:46	61	1,500	350	8	0	0	0	1	0	0	1	1	0	0	34
2013/12/25-21:39:39	61	1,500	350	4	0	0	1	0	0	1	1	0	0	1	18
2013/12/25-21:40:15	61	1,500	350	16	0	0	0	0	0	0	1	0	1	0	60
2013/12/25-21:41:34	61	1,500	350	7	0	0	0	0	0	1	1	0	0	1	25
2013/12/25-21:42:18	61	1,500	350	5	0	0	0	1	0	0	1	1	0	0	27
2013/12/25-21:43:04	61	1,500	350	4	0	0	0	1	0	0	1	1	0	0	23
2013/12/25-21:43:45	61	1,500	350	6	0	0	1	0	0	0	1	0	1	0	30
2013/12/25-21:44:33	61	1,500	350	6	0	0	1	0	0	0	1	0	1	0	30
2013/12/25-21:45:22	61	1,500	350	8	0	0	4	0	0	0	1	0	1	0	30
2013/12/25-21:46:10	61	1,500	350	9	0	0	2	1	0	0	1	1	0	0	20
2013/12/25-21:47:33	61	1,500	350	10	0	0	13	0	0	0	1	1	0	0	36
2013/12/25-21:48:25	61	1,500	350	7	0	0	11	0	0	0	1	1	0	0	35
2013/12/25-21:49:18	61	1,500	350	2	0	0	8	1	0	1	1	0	1	0	13
2013/12/25-21:49:50	61	1,500	350	2	0	0	3	0	0	0	1	1	0	0	12
2013/12/25-21:50:20	61	1,500	350	8	0	0	0	0	0	0	1	0	1	0	30
2013/12/25-21:51:08	61	1,500	350	8	0	0	0	0	0	0	1	0	1	0	30
2013/12/25-21:51:57	1	1,899.233	350	1	0	0	0	0	0	0	1	1	0	0	4
2013/12/25-21:52:19	1	1,899.233	350	1	0	0	0	0	0	0	1	1	0	0	4
2013/12/25-21:52:41	1	1,899.233	350	15	0	0	0	0	0	0	1	0	1	0	60
2013/12/25-21:53:59	1	1,899.233	350	7	0	0	0	0	0	1	1	0	0	1	24
2013/12/25-21:54:41	1	1,899.233	350	0	0	0	0	0	0	0	1	1	0	0	5
2013/12/25-21:55:05	1	1,899.233	350	0	0	0	0	0	0	0	1	1	0	0	3
2013/12/25-21:55:26	1	1,899.233	350	0	0	0	0	0	0	0	1	1	0	0	3
2013/12/25-21:55:47	1	1,899.233	350	0	0	0	0	0	0	0	1	1	0	0	3
2013/12/25-21:56:08	1	1,899.233	350	2	0	0	0	0	0	1	1	0	0	1	4
2013/12/25-21:56:30	1	1,899.233	350	2	0	0	0	0	0	0	1	1	0	0	5
2013/12/26-14:49:43	34	1,667.995	164.767	1	0	0	0	1	0	1	1	0	0	1	6
2013/12/26-14:53:02	34	1,667.995	164.767	9	0	0	0	0	0	0	1	1	0	0	40
2013/12/26-14:53:57	34	1,667.995	164.767	3	0	0	0	0	0	0	1	1	0	0	13
2013/12/26-14:54:26	34	1,667.995	164.767	8	0	1	1	0	0	0	1	0	0	1	29
2013/12/26-14:55:09	34	1,667.995	164.767	12	0	0	3	0	0	0	1	1	0	0	42
2013/12/26-14:56:09	34	1,667.995	164.767	4	0	0	0	1	0	0	1	1	0	0	19
2013/12/26-14:56:39	34	1,667.995	164.767	2	0	0	0	1	0	1	1	0	0	1	3
2013/12/26-15:51:00	34	1,667.995	164.767	13	0	1	1	0	0	0	1	0	0	1	63
2013/12/26-15:52:19	34	1,667.995	164.767	1	0	0	1	1	0	1	1	0	0	1	3
2013/12/26-15:52:41	34	1,667.995	164.767	8	0	0	0	0	0	1	1	0	0	1	9
2013/12/26-15:53:18	25	1,757.509	137.875	3	0	0	0	0	0	1	1	0	0	1	15
2013/12/26-15:54:21	25	1,757.509	137.875	2	0	0	0	0	0	1	1	0	0	1	7
2013/12/26-15:56:08	25	1,757.509	137.875	2	0	0	2	0	0	1	1	0	0	1	27
2013/12/26-15:56:49	25	1,757.509	137.875	2	0	0	0	0	0	0	1	1	0	0	8
2013/12/26-15:58:06	25	1,757.509	137.875	5	0	0	0	2	0	0	1	1	0	0	12
2013/12/26-15:58:29	25	1,757.509	137.875	2	0	1	0	0	0	0	1	0	0	1	24
2013/12/26-15:59:08	25	1,757.509	137.875	5	0	0	0	2	0	0	1	1	0	0	16
2013/12/26-15:59:43	25	1,757.509	137.875	3	0	0	0	0	0	0	1	1	0	0	87
2013/12/26-16:01:28	25	1,757.509	137.875	10	0	1	3	0	0	0	1	0	0	1	58
2013/12/26-16:02:44	25	1,757.509	137.875	8	0	1	0	0	0	0	1	0	0	1	19
2013/12/26-16:03:29	25	1,757.509	137.875	5	0	0	1	0	0	1	1	0	0	1	23
2013/12/26-16:13:43	25	1,757.509	137.875	0	0	1	0	0	0	0	1	0	0	1	6
2013/12/26-16:14:11	25	1,757.509	137.875	2	0	0	1	0	0	1	1	0	0	1	3
2013/12/26-16:14:30	25	1,757.509	137.875	13	0	0	2	0	0	0	1	0	0	1	90
2013/12/26-16:16:17	25	1,757.509	137.875	11	0	1	0	0	0	0	1	0	0	1	64
2013/12/26-16:17:45	25	1,757.509	137.875	3	0	0	0	0	0	1	1	0	0	1	10
2013/12/26-16:18:12	25	1,757.509	137.875	2	0	0	0	0	0	1	1	0	0	1	3
2013/12/26-16:18:40	25	1,757.509	137.875	11	0	0	0	1	0	1	1	0	0	1	15
2013/12/26-22:01:25	2	1,979.32	113.872	5	0	0	0	0	0	0	1	1	0	0	20
2013/12/26-22:02:03	2	1,979.32	113.872	4	0	0	0	1	0	0	1	1	0	0	22
2013/12/26-22:02:44	2	1,979.32	113.872	7	0	0	2	0	0	1	1	0	0	1	27
2013/12/26-22:03:42	2	1,979.32	113.872	0	0	0	0	0	0	0	1	1	0	0	6
2013/12/26-22:04:01	2	1,979.32	113.872	4	0	0	0	0	0	0	1	1	0	0	14
2013/12/26-22:04:30	2	1,979.32	113.872	5	0	0	1	1	0	0	1	1	0	0	16
2013/12/26-22:05:02	2	1,979.32	113.872	1	0	0	0	0	0	1	1	0	0	1	3
2013/12/26-22:25:46	2	1,979.32	113.872	13	0	0	0	1	0	0	1	1	0	0	63
2013/12/26-22:27:05	2	1,979.32	113.872	11	0	0	0	1	0	0	1	1	0	0	20
2013/12/26-22:27:43	2	1,979.32	113.872	19	0	0	3	0	0	0	1	0	0	1	90
2013/12/26-22:29:32	2	1,979.32	113.872	2	0	1	1	0	0	0	1	0	0	1	7
2013/12/26-22:30:15	2	1,979.32	113.872	5	0	0	6	2	0	0	1	1	0	0	14
2013/12/26-22:30:48	2	1,979.32	113.872	1	0	0	6	1	0	0	1	1	0	0	25
2013/12/26-22:31:32	2	1,979.32	113.872	8	0	0	0	1	0	0	1	1	0	0	25
2013/12/26-22:40:22	1	2,071.931	95.194	0	0	1	1	0	0	0	1	0	0	1	3
2013/12/26-22:41:09	1	2,071.931	95.194	9	0	1	0	0	0	0	1	0	0	1	40
2013/12/26-22:42:08	1	2,071.931	95.194	7	0	0	0	0	0	1	1	0	0	1	10
2013/12/26-22:42:47	1	2,071.931	95.194	2	0	0	0	0	0	1	1	0	0	1	3
2013/12/26-22:43:23	1	2,071.931	95.194	6	0	1	2	0	0	0	1	0	0	1	61
2013/12/26-22:44:43	1	2,071.931	95.194	4	0	0	0	0	0	0	1	1	0	0	20
2013/12/26-22:48:19	1	2,071.931	95.194	11	0	1	0	0	0	0	1	0	0	1	40
2013/12/26-22:51:24	1	2,071.931	95.194	8	0	0	0	0	0	0	1	1	0	0	32
2013/12/26-22:52:13	1	2,071.931	95.194	3	0	0	2	0	0	0	1	1	0	0	19
2013/12/26-22:52:51	1	2,071.931	95.194	2	0	0	0	0	0	0	1	1	0	0	12
2013/12/26-22:53:22	1	2,071.931	95.194	9	0	1	0	0	0	0	1	0	0	1	25
2013/12/26-22:54:06	1	2,071.931	95.194	0	0	0	10	0	0	0	1	1	0	0	79
2013/12/26-22:55:43	1	2,071.931	95.194	9	0	1	0	0	0	0	1	0	0	1	21
2013/12/26-22:56:23	1	2,071.931	95.194	1	0	0	0	0	0	0	1	1	0	0	7
2013/12/26-23:19:14	1	2,071.931	95.194	1	0	1	0	0	0	0	1	0	0	1	6
2013/12/26-23:20:13	1	2,071.931	95.194	1	0	0	1	0	0	1	1	0	0	1	3
2013/12/26-23:20:35	1	2,071.931	95.194	3	0	1	0	0	0	0	1	0	0	1	3
2013/12/26-23:20:59	1	2,071.931	95.194	5	0	0	2	0	0	1	1	0	0	1	15
2013/12/26-23:21:43	1	2,071.931	95.194	4	0	1	0	0	0	0	1	0	0	1	17
2013/12/26-23:27:03	1	2,071.931	95.194	0	0	1	0	0	0	0	1	0	0	1	3
2013/12/26-23:27:36	1	2,071.931	95.194	14	0	0	0	0	0	1	1	0	0	1	70
2013/12/26-23:34:13	12	1,827.261	80.763	9	0	0	0	0	0	0	1	1	0	0	27
2013/12/26-23:34:59	12	1,827.261	80.763	5	0	0	1	2	0	0	1	1	0	0	20
2013/12/26-23:35:38	12	1,827.261	80.763	0	0	1	1	0	0	0	1	0	0	1	3
2013/12/26-23:36:06	12	1,827.261	80.763	8	0	1	3	0	0	0	1	0	0	1	37
2013/12/26-23:37:02	12	1,827.261	80.763	1	0	1	0	0	0	0	1	0	0	1	4
2013/12/26-23:37:24	12	1,827.261	80.763	1	0	0	0	0	0	1	1	0	0	1	3
2013/12/26-23:37:56	12	1,827.261	80.763	1	0	1	0	0	0	0	1	0	0	1	9
2013/12/26-23:55:04	12	1,827.261	80.763	3	0	0	1	1	0	0	1	1	0	0	13
2013/12/26-23:55:36	12	1,827.261	80.763	7	0	0	0	0	0	0	1	1	0	0	80
2013/12/26-23:57:15	12	1,827.261	80.763	10	0	1	21	1	0	0	1	1	0	0	71
2013/12/26-23:58:44	12	1,827.261	80.763	3	0	1	0	0	0	0	1	0	0	1	6
2013/12/26-23:59:08	12	1,827.261	80.763	7	0	1	0	1	0	0	1	0	0	1	38
2013/12/27-00:00:05	12	1,827.261	80.763	2	0	0	0	0	0	1	1	0	0	1	6
2013/12/27-00:00:30	12	1,827.261	80.763	13	0	1	1	0	0	0	1	0	0	1	42
2013/12/27-00:11:02	12	1,827.261	80.763	1	0	0	0	1	0	0	1	1	0	0	24
2013/12/27-00:11:45	12	1,827.261	80.763	1	0	1	0	0	0	0	1	0	0	1	6
2013/12/27-00:13:34	28	1,728.745	71.234	1	0	0	1	0	0	1	1	0	0	1	3
2013/12/27-00:13:59	28	1,728.745	71.234	12	0	1	0	0	0	0	1	0	0	1	63
2013/12/27-00:15:25	28	1,728.745	71.234	3	0	0	0	0	0	0	1	1	0	0	13
2013/12/27-00:15:58	28	1,728.745	71.234	5	0	0	0	0	0	1	1	0	0	1	7
2013/12/27-00:16:24	28	1,728.745	71.234	9	0	0	1	1	0	0	1	1	0	0	37
2013/12/27-00:31:07	28	1,728.745	71.234	11	0	0	0	0	0	1	1	0	0	1	37
2013/12/27-00:32:04	28	1,728.745	71.234	1	0	1	1	0	0	0	1	0	0	1	9
2013/12/27-00:32:35	28	1,728.745	71.234	2	0	1	0	0	0	0	1	0	0	1	4
2013/12/27-00:33:00	28	1,728.745	71.234	2	0	0	0	0	0	1	1	0	0	1	5
2013/12/27-00:33:38	28	1,728.745	71.234	11	0	0	0	0	0	1	1	0	0	1	36
2013/12/27-00:34:34	28	1,728.745	71.234	4	0	0	22	1	0	1	1	1	0	0	22
2013/12/27-00:35:15	28	1,728.745	71.234	3	0	0	1	1	0	0	1	1	0	0	16
2013/12/27-00:42:08	28	1,728.745	71.234	3	0	1	0	0	0	0	1	0	0	1	7
2013/12/27-00:42:34	28	1,728.745	71.234	12	0	1	0	0	0	0	1	0	0	1	46
2013/12/27-00:43:38	28	1,728.745	71.234	1	0	1	0	0	0	0	1	0	0	1	4
2013/12/27-00:44:04	28	1,728.745	71.234	5	0	0	0	0	0	1	1	0	0	1	10
2013/12/27-00:44:37	28	1,728.745	71.234	3	0	1	0	0	0	0	1	0	0	1	9
2013/12/27-00:45:05	28	1,728.745	71.234	3	0	0	0	0	0	1	1	0	0	1	10
2013/12/27-00:45:50	28	1,728.745	71.234	2	0	1	7	0	0	0	1	0	0	1	33
2013/12/27-00:58:28	28	1,728.745	71.234	8	0	0	0	1	0	1	1	0	0	1	11
2013/12/27-00:59:07	35	1,673.282	61.207	12	0	1	0	1	0	0	1	0	0	1	57
2013/12/27-01:00:23	35	1,673.282	61.207	4	0	0	1	2	0	0	1	1	0	0	4
2013/12/27-01:00:46	35	1,673.282	61.207	6	0	0	0	1	0	1	1	0	0	1	16
2013/12/27-01:01:21	35	1,673.282	61.207	16	0	1	1	1	0	0	1	1	0	0	39
2013/12/27-01:02:19	35	1,673.282	61.207	1	0	1	0	1	0	0	1	0	0	1	4
2013/12/27-01:02:43	35	1,673.282	61.207	1	0	0	0	1	0	0	1	1	0	0	7
2013/12/27-01:26:46	35	1,673.282	61.207	9	0	1	7	0	0	0	1	0	0	1	51
2013/12/27-01:27:56	35	1,673.282	61.207	2	0	1	0	0	0	0	1	0	0	1	3
2013/12/27-01:28:28	35	1,673.282	61.207	0	0	0	0	0	0	0	1	1	0	0	3
2013/12/27-01:28:49	35	1,673.282	61.207	3	0	1	0	0	0	0	1	0	0	1	24
2013/12/27-01:29:32	35	1,673.282	61.207	9	0	0	0	0	0	1	1	0	0	1	28
2013/12/27-01:30:18	35	1,673.282	61.207	2	0	0	0	0	0	0	1	1	0	0	9
2013/12/27-01:30:46	35	1,673.282	61.207	7	0	0	10	0	0	1	1	0	0	1	35
2013/12/27-02:00:28	33	1,678.615	55.738	14	0	0	0	1	0	1	1	0	0	1	57
2013/12/27-02:01:47	33	1,678.615	55.738	2	0	0	0	1	0	1	1	0	0	1	10
2013/12/27-02:02:21	33	1,678.615	55.738	2	0	0	6	1	0	0	1	1	0	0	23
2013/12/27-02:03:04	33	1,678.615	55.738	0	0	1	0	0	0	0	1	0	0	1	3
2013/12/27-02:04:10	33	1,678.615	55.738	1	0	1	1	0	0	0	1	0	0	1	6
2013/12/27-02:04:36	33	1,678.615	55.738	3	0	0	0	0	0	0	1	1	0	0	11
2013/12/27-02:05:06	33	1,678.615	55.738	3	0	1	0	0	0	0	1	0	0	1	8
2013/12/27-02:11:15	33	1,678.615	55.738	9	0	1	0	2	0	0	1	0	0	1	21
2013/12/27-02:11:56	33	1,678.615	55.738	2	0	1	0	1	0	0	1	0	0	1	3
2013/12/27-02:14:23	33	1,678.615	55.738	1	0	0	5	0	0	0	1	1	0	0	11
2013/12/27-02:14:53	33	1,678.615	55.738	8	0	0	0	1	0	1	1	1	0	0	17
2013/12/27-02:15:30	33	1,678.615	55.738	0	0	1	0	0	0	0	1	1	0	0	2
2013/12/27-02:15:57	33	1,678.615	55.738	2	0	0	0	0	0	1	1	0	0	1	3
2013/12/27-02:16:23	33	1,672.047	51.296	3	0	1	1	1	0	0	1	0	0	1	14
2013/12/27-02:31:42	33	1,672.047	51.296	9	0	1	2	0	0	0	1	0	0	1	36
2013/12/27-02:32:37	33	1,672.047	51.296	5	0	0	4	1	0	1	1	0	0	1	30
2013/12/27-02:33:26	33	1,672.047	51.296	10	0	0	0	0	0	0	1	1	0	0	29
2013/12/27-02:34:15	33	1,672.047	51.296	16	0	1	0	0	0	0	1	0	0	1	59
2013/12/27-02:35:33	33	1,672.047	51.296	9	0	1	0	0	0	0	1	0	0	1	29
2013/12/27-02:36:35	33	1,672.047	51.296	4	0	0	31	1	0	0	1	1	0	0	45
2013/12/27-02:37:38	33	1,672.047	51.296	5	0	1	0	0	0	0	1	0	0	1	24
2013/12/27-02:42:55	33	1,672.047	51.296	2	0	1	0	0	0	0	1	0	0	1	15
2013/12/27-02:43:34	33	1,672.047	51.296	2	0	0	0	0	0	0	1	1	0	0	19
2013/12/27-02:44:12	33	1,672.047	51.296	8	0	0	0	0	0	1	1	0	0	1	50
2013/12/27-02:45:35	33	1,672.047	51.296	7	0	0	0	1	0	0	1	1	0	0	19
2013/12/27-02:46:13	33	1,672.047	51.296	15	0	0	2	1	0	0	1	1	0	0	57
2013/12/27-02:47:28	33	1,672.047	51.296	2	0	0	1	1	0	1	1	0	0	1	3
2013/12/27-02:47:55	33	1,672.047	51.296	22	0	0	18	1	0	0	1	1	0	0	83
2013/12/27-02:58:57	33	1,675.82	46.78	2	0	0	0	1	0	1	1	0	0	1	4
2013/12/27-02:59:34	33	1,675.82	46.78	2	0	0	0	0	0	1	1	0	0	1	3
2013/12/27-03:00:01	33	1,675.82	46.78	3	0	0	0	0	0	1	1	0	0	1	12
2013/12/27-03:00:34	33	1,675.82	46.78	1	0	1	0	1	0	0	1	1	0	0	2
2013/12/27-03:01:07	33	1,675.82	46.78	4	0	1	0	0	0	0	1	0	0	1	6
2013/12/27-03:01:36	33	1,675.82	46.78	2	0	0	0	0	0	1	1	0	0	1	8
2013/12/27-07:14:29	33	1,675.82	46.78	6	0	0	0	1	0	1	1	0	0	1	26
2013/12/27-07:30:59	33	1,675.82	46.78	0	0	0	0	0	0	0	1	1	0	0	3
2013/12/27-07:31:21	33	1,675.82	46.78	9	0	0	4	0	0	0	1	1	0	0	40
2013/12/27-07:32:20	33	1,675.82	46.78	4	0	1	0	0	0	0	1	0	0	1	21
2013/12/27-07:33:00	33	1,675.82	46.78	3	0	0	0	0	0	0	1	1	0	0	60
2013/12/27-07:34:19	33	1,675.82	46.78	3	0	1	0	0	0	0	1	0	0	1	9
2013/12/27-07:34:48	33	1,675.82	46.78	1	0	1	0	0	0	0	1	0	0	1	7
2013/12/27-07:35:16	33	1,675.82	46.78	4	0	1	14	0	0	0	1	1	0	0	71
2013/12/27-07:41:46	33	1,675.82	46.78	17	0	0	2	0	0	1	1	0	0	1	73
2013/12/27-07:43:18	33	1,675.82	46.78	5	0	0	0	0	0	1	1	0	0	1	4
2013/12/27-07:43:51	33	1,675.82	46.78	2	0	0	1	0	0	1	1	0	0	1	3
2013/12/27-07:44:21	33	1,675.82	46.78	2	0	0	0	0	0	1	1	0	0	1	18
2013/12/27-07:44:58	33	1,675.82	46.78	5	0	0	3	0	0	1	1	0	0	1	25
2013/12/27-07:46:16	33	1,675.82	46.78	5	0	0	0	0	0	0	1	1	0	0	38
2013/12/27-07:47:13	33	1,675.82	46.78	5	0	1	0	0	0	0	1	0	0	1	15
2013/12/27-07:54:16	34	1,655.818	42.107	1	0	0	0	0	0	1	1	0	0	1	3
2013/12/27-07:55:12	34	1,655.818	42.107	3	0	1	0	0	0	0	1	0	0	1	7
2013/12/27-07:55:49	34	1,655.818	42.107	2	0	1	0	0	0	0	1	0	0	1	7
2013/12/27-07:56:17	34	1,655.818	42.107	5	0	0	0	0	0	1	1	0	0	1	17
2013/12/27-07:56:53	34	1,655.818	42.107	16	0	1	0	1	0	0	1	0	0	1	41
2013/12/27-07:57:53	34	1,655.818	42.107	2	0	0	0	0	0	0	1	1	0	0	6
2013/12/27-07:58:18	34	1,655.818	42.107	9	0	0	0	0	0	1	1	0	0	1	34
2013/12/27-08:23:47	34	1,655.818	42.107	5	0	0	1	0	0	0	1	1	0	0	16
2013/12/27-08:24:22	34	1,655.818	42.107	7	0	0	0	0	0	0	1	1	0	0	39
2013/12/27-08:25:20	34	1,655.818	42.107	5	0	0	0	1	0	1	1	0	0	1	10
2013/12/27-08:25:49	34	1,655.818	42.107	1	0	1	0	0	0	0	1	0	0	1	3
2013/12/27-08:26:11	34	1,655.818	42.107	7	0	0	7	0	0	0	1	1	0	0	37
2013/12/27-08:27:07	34	1,655.818	42.107	6	0	0	17	1	0	1	1	0	0	1	33
2013/12/27-08:27:58	34	1,655.818	42.107	4	0	0	0	0	0	1	1	0	0	1	16
2013/12/27-08:33:23	34	1,655.818	42.107	1	0	0	0	0	0	1	1	0	0	1	3
2013/12/27-08:35:12	34	1,655.818	42.107	0	0	1	0	0	0	0	1	0	0	1	3
2013/12/27-08:35:40	34	1,655.818	42.107	18	0	0	0	1	0	1	1	0	0	1	35
2013/12/27-08:36:35	37	1,639.298	39.059	7	0	0	2	0	0	1	1	0	0	1	19
2013/12/27-08:37:39	37	1,639.298	39.059	3	0	0	0	0	0	0	1	1	0	0	18
2013/12/27-08:38:15	37	1,639.298	39.059	10	0	0	0	0	0	1	1	0	0	1	64
2013/12/27-08:39:40	37	1,639.298	39.059	2	0	0	1	0	0	1	1	0	0	1	3
2013/12/27-08:45:47	37	1,639.298	39.059	24	0	0	0	1	0	1	1	0	0	1	46
2013/12/27-08:46:52	37	1,639.298	39.059	1	0	0	1	0	0	0	1	1	0	0	60
2013/12/27-08:48:11	37	1,639.298	39.059	4	0	1	1	0	0	0	1	0	0	1	17
2013/12/27-08:49:04	37	1,639.298	39.059	16	0	0	17	1	0	0	1	1	0	0	58
2013/12/27-08:50:21	37	1,639.298	39.059	6	0	0	0	0	0	0	1	1	0	0	23
2013/12/27-08:51:03	37	1,639.298	39.059	22	0	0	0	2	0	0	1	1	0	0	87
2013/12/27-08:52:49	37	1,639.298	39.059	2	0	1	0	0	0	0	1	0	0	1	6
2013/12/27-09:03:51	37	1,639.298	39.059	2	0	0	3	0	0	1	1	0	0	1	21
2013/12/27-09:04:30	37	1,639.298	39.059	4	0	0	0	1	0	0	1	1	0	0	8
2013/12/27-09:04:57	37	1,639.298	39.059	12	0	1	0	0	0	0	1	0	0	1	83
2013/12/27-09:06:39	37	1,639.298	39.059	2	0	0	0	1	0	1	1	0	0	1	6
2013/12/27-09:07:03	37	1,639.298	39.059	4	0	1	0	0	0	0	1	0	0	1	22
2013/12/27-09:08:15	37	1,639.298	39.059	3	0	0	0	0	0	0	1	1	0	0	18
2013/12/27-09:08:51	37	1,639.298	39.059	9	0	0	0	1	0	1	1	0	0	1	40
2013/12/27-09:26:37	36	1,645.478	36.45	8	0	0	3	0	0	0	1	1	0	0	31
2013/12/27-09:27:27	36	1,645.478	36.45	5	0	0	0	1	0	1	1	0	0	1	14
2013/12/27-09:28:13	36	1,645.478	36.45	3	0	0	0	0	0	1	1	0	0	1	5
2013/12/27-09:28:38	36	1,645.478	36.45	13	0	1	0	0	0	0	1	0	0	1	67
2013/12/27-09:30:04	36	1,645.478	36.45	1	0	0	0	1	0	0	1	1	0	0	19
2013/12/27-09:30:40	36	1,645.478	36.45	4	0	1	1	0	0	0	1	0	0	1	7
2013/12/27-09:31:08	36	1,645.478	36.45	1	0	0	0	0	0	1	1	0	0	1	3
2013/12/27-09:42:40	36	1,645.478	36.45	4	0	1	1	0	0	0	1	0	0	1	20
2013/12/27-09:43:26	36	1,645.478	36.45	6	0	1	0	0	0	0	1	0	0	1	29
2013/12/27-09:44:21	36	1,645.478	36.45	5	0	1	0	1	0	0	1	0	0	1	25
2013/12/27-09:45:03	36	1,645.478	36.45	4	0	0	0	0	0	1	1	0	0	1	5
2013/12/27-09:45:59	36	1,645.478	36.45	1	0	0	0	0	0	1	1	0	0	1	3
2013/12/27-09:46:37	36	1,645.478	36.45	2	0	0	1	0	0	0	1	0	0	1	60
2013/12/27-09:47:53	36	1,645.478	36.45	1	0	0	0	0	0	1	1	0	0	1	3
2013/12/27-12:03:55	38	1,640.079	39.499	2	0	0	9	0	0	0	1	1	0	0	21
2013/12/27-12:04:35	38	1,640.079	39.499	3	0	1	0	0	0	0	1	0	0	1	7
2013/12/27-12:05:02	38	1,640.079	39.499	2	0	0	0	0	0	1	1	0	0	1	12
2013/12/27-12:05:36	38	1,640.079	39.499	7	0	1	0	0	0	0	1	0	0	1	22
2013/12/27-12:06:17	38	1,640.079	39.499	2	0	0	0	0	0	0	1	1	0	0	12
2013/12/27-12:15:44	38	1,640.079	39.499	5	0	0	1	2	0	0	1	1	0	0	24
2013/12/27-12:16:28	38	1,640.079	39.499	0	0	1	0	0	0	0	1	0	0	1	4
2013/12/27-12:16:50	38	1,640.079	39.499	1	0	0	0	0	0	1	1	0	0	1	3
2013/12/27-12:18:09	38	1,640.079	39.499	4	0	0	0	1	0	0	1	1	0	0	13
2013/12/27-12:18:41	38	1,640.079	39.499	12	0	0	3	1	0	0	1	1	0	0	60
2013/12/27-12:38:23	37	1,652.381	37.946	2	0	0	1	0	0	0	1	1	0	0	6
2013/12/27-12:38:47	37	1,652.381	37.946	21	0	0	0	0	0	0	1	0	0	1	60
2013/12/27-12:40:06	37	1,652.381	37.946	5	0	0	0	1	0	0	1	1	0	0	17
2013/12/27-12:40:42	37	1,652.381	37.946	34	0	0	0	0	0	0	1	1	0	0	60
2013/12/27-12:42:01	37	1,652.381	37.946	1	0	0	0	0	0	0	1	1	0	0	3
2013/12/27-17:37:07	35	1,670.098	43.583	30	0	0	0	0	0	0	1	1	0	0	60
2013/12/27-17:38:24	35	1,670.098	43.583	5	0	0	0	1	0	0	1	1	0	0	23
2013/12/27-17:39:04	35	1,670.098	43.583	11	0	0	15	1	0	0	1	1	0	0	60
2013/12/27-17:40:23	35	1,670.098	43.583	9	0	0	4	1	0	0	1	1	0	0	49
2013/12/27-17:41:30	35	1,670.098	43.583	1	0	1	0	0	0	0	1	0	0	1	3
2013/12/27-17:56:46	35	1,670.098	43.583	11	0	0	1	1	0	0	1	1	0	0	60
2013/12/27-17:58:05	31	1,684.344	43.056	4	0	1	0	0	0	0	1	0	0	1	34
2013/12/27-17:59:16	31	1,684.344	43.056	1	0	1	0	0	0	0	1	0	0	1	4
2013/12/27-17:59:46	31	1,684.344	43.056	3	0	1	0	1	0	0	1	0	0	1	7
2013/12/27-18:00:49	31	1,684.344	43.056	2	0	0	0	0	0	0	1	1	0	0	6
2013/12/27-18:08:41	31	1,684.344	43.056	1	0	0	0	0	0	0	1	1	0	0	6
2013/12/27-18:09:06	31	1,684.344	43.056	1	0	1	0	0	0	0	1	0	0	1	7
2013/12/27-18:09:53	31	1,684.344	43.056	2	0	0	0	0	0	1	1	0	0	1	10
2013/12/27-18:10:53	31	1,684.344	43.056	17	0	1	0	0	0	0	1	0	0	1	44
2013/12/27-18:11:55	31	1,684.344	43.056	9	0	0	4	0	0	0	1	0	0	1	60
2013/12/27-19:44:56	31	1,684.344	43.056	1	0	1	0	0	0	0	1	0	0	1	3
2013/12/27-19:47:01	31	1,684.344	43.056	6	0	0	2	0	0	1	1	0	0	1	38
2013/12/27-19:47:58	31	1,684.344	43.056	7	0	0	0	0	0	0	1	1	0	0	33
2013/12/27-19:48:50	31	1,684.344	43.056	3	0	0	0	0	0	1	1	0	0	1	16
2013/12/27-19:50:08	31	1,684.344	43.056	4	0	0	0	0	0	1	1	0	0	1	13
2013/12/27-20:00:55	31	1,680.654	40.481	2	0	0	0	1	0	1	1	0	0	1	3
2013/12/27-20:01:45	31	1,680.654	40.481	7	0	0	4	0	0	0	1	1	0	0	45
2013/12/27-20:02:49	31	1,680.654	40.481	1	0	1	0	0	0	0	1	0	0	1	6
2013/12/27-20:03:17	31	1,680.654	40.481	2	0	0	0	0	0	1	1	0	0	1	7
2013/12/27-20:04:19	31	1,680.654	40.481	5	0	1	0	0	0	0	1	0	0	1	8
2013/12/27-20:12:12	31	1,680.654	40.481	5	0	0	0	3	0	0	1	1	0	0	30
2013/12/27-20:13:01	31	1,680.654	40.481	6	0	0	0	1	0	0	1	1	0	0	17
2013/12/27-20:13:36	31	1,680.654	40.481	4	0	0	1	2	0	0	1	1	0	0	24
2013/12/27-20:14:19	31	1,680.654	40.481	6	0	0	0	1	0	0	1	1	0	0	11
2013/12/27-20:14:48	31	1,680.654	40.481	6	0	0	0	2	0	0	1	1	0	0	19
2013/12/27-20:28:57	31	1,680.654	40.481	9	0	0	6	1	0	0	1	1	0	0	60
2013/12/27-20:30:17	31	1,680.654	40.481	2	0	0	0	0	0	1	1	0	0	1	7
2013/12/27-20:30:54	33	1,674.721	38.915	2	0	1	6	0	0	0	1	0	0	1	10
2013/12/27-20:31:24	33	1,674.721	38.915	2	0	0	0	0	0	1	1	0	0	1	8
2013/12/27-20:31:58	33	1,674.721	38.915	1	0	0	0	1	0	0	1	1	0	0	18
2013/12/27-20:52:53	33	1,674.721	38.915	6	0	0	1	0	0	1	1	0	0	1	23
2013/12/27-20:54:12	33	1,674.721	38.915	2	0	1	0	0	0	0	1	0	0	1	6
2013/12/27-20:55:00	33	1,674.721	38.915	4	0	1	0	1	0	0	1	0	0	1	8
2013/12/27-20:55:33	33	1,674.721	38.915	2	0	1	0	0	0	0	1	0	0	1	7
2013/12/27-20:55:59	33	1,674.721	38.915	2	0	0	0	0	0	0	1	1	0	0	6
2013/12/27-21:03:49	34	1,669.417	37.798	1	0	0	0	1	0	1	1	0	0	1	4
2013/12/27-21:04:15	34	1,669.417	37.798	20	0	0	0	0	0	0	1	0	0	1	60
2013/12/27-21:05:33	34	1,669.417	37.798	5	0	0	0	0	0	0	1	1	0	0	8
2013/12/27-21:06:01	34	1,669.417	37.798	1	0	0	0	0	0	1	1	0	0	1	3
2013/12/27-21:06:23	34	1,669.417	37.798	1	0	1	0	0	0	0	1	0	0	1	3
2013/12/27-21:22:17	34	1,669.417	37.798	4	0	0	4	0	0	1	1	0	0	1	21
2013/12/27-21:22:57	34	1,669.417	37.798	1	0	0	0	1	0	0	1	1	0	0	10
2013/12/27-21:23:26	34	1,669.417	37.798	10	0	0	0	1	0	0	1	1	0	0	23
2013/12/27-21:24:08	34	1,669.417	37.798	4	0	0	0	1	0	0	1	1	0	0	13
2013/12/27-21:24:39	34	1,669.417	37.798	3	0	0	0	1	0	0	1	1	0	0	6
2013/12/27-21:36:36	32	1,677.885	36.572	3	0	1	0	0	0	0	1	0	0	1	9
2013/12/27-21:37:24	32	1,677.885	36.572	1	0	0	0	0	0	0	1	1	0	0	3
2013/12/27-21:37:45	32	1,677.885	36.572	4	0	0	0	0	0	1	1	0	0	1	8
2013/12/27-21:38:32	32	1,677.885	36.572	7	0	0	0	0	0	0	1	1	0	0	24
2013/12/27-21:39:14	32	1,677.885	36.572	1	0	0	0	0	0	1	1	0	0	1	3
2013/12/27-22:04:00	32	1,677.885	36.572	13	0	1	0	0	0	0	1	0	0	1	44
2013/12/27-22:05:02	32	1,677.885	36.572	1	0	0	0	0	0	1	1	0	0	1	3
2013/12/27-22:05:34	32	1,677.885	36.572	0	0	1	0	0	0	0	1	0	0	1	3
2013/12/27-22:06:17	32	1,677.885	36.572	2	0	0	0	1	0	0	1	1	0	0	60
2013/12/27-22:07:36	32	1,677.885	36.572	1	0	1	0	0	0	0	1	0	0	1	11
2013/12/27-22:18:37	33	1,675.483	35.362	3	0	0	0	2	0	0	1	1	0	0	41
2013/12/27-22:19:39	33	1,675.483	35.362	13	0	0	0	0	0	0	1	0	0	1	60
2013/12/27-22:20:59	33	1,675.483	35.362	5	0	1	0	0	0	0	1	0	0	1	4
2013/12/27-22:21:24	33	1,675.483	35.362	2	0	0	0	0	0	1	1	0	0	1	3
2013/12/27-22:21:56	33	1,675.483	35.362	3	0	1	0	0	0	0	1	0	0	1	12
2013/12/27-22:51:55	33	1,675.483	35.362	6	0	0	4	0	0	1	1	0	0	1	24
2013/12/27-22:52:39	33	1,675.483	35.362	1	0	0	0	0	0	1	1	0	0	1	3
2013/12/27-22:53:52	33	1,675.483	35.362	2	0	1	0	0	0	0	1	0	0	1	5
2013/12/27-22:54:34	33	1,675.483	35.362	1	0	0	0	0	0	1	1	0	0	1	3
2013/12/27-22:55:03	33	1,675.483	35.362	2	0	1	0	0	0	0	1	0	0	1	6
2013/12/27-23:09:35	35	1,663.026	34.48	1	0	0	0	1	0	0	1	1	0	0	6
2013/12/27-23:10:00	35	1,663.026	34.48	8	0	0	0	1	0	0	1	1	0	0	13
2013/12/27-23:10:32	35	1,663.026	34.48	4	0	1	1	0	0	0	1	0	0	1	16
2013/12/27-23:11:31	35	1,663.026	34.48	6	0	0	2	1	0	0	1	1	0	0	30
2013/12/27-23:12:20	35	1,663.026	34.48	2	0	1	0	0	0	0	1	0	0	1	3
2013/12/27-23:30:24	35	1,663.026	34.48	4	0	0	0	0	0	1	1	0	0	1	10
2013/12/27-23:31:15	35	1,663.026	34.48	5	0	0	3	0	0	0	1	1	0	0	26
2013/12/27-23:32:00	35	1,663.026	34.48	6	0	0	2	1	0	0	1	1	0	0	40
2013/12/27-23:32:59	35	1,663.026	34.48	2	0	1	0	0	0	0	1	0	0	1	8
2013/12/27-23:33:44	35	1,663.026	34.48	6	0	0	0	0	0	1	1	0	0	1	4
2013/12/27-23:42:08	33	1,661.716	33.652	4	0	0	0	0	0	1	1	0	0	1	16
2013/12/27-23:42:56	33	1,661.716	33.652	1	0	1	0	1	0	0	1	0	0	1	3
2013/12/27-23:43:18	33	1,661.716	33.652	5	0	1	0	0	0	0	1	0	0	1	14
2013/12/27-23:44:36	33	1,661.716	33.652	1	0	0	0	0	0	1	1	0	0	1	3
2013/12/27-23:45:55	33	1,661.716	33.652	5	0	0	0	1	0	1	1	0	0	1	19
2013/12/27-23:58:01	33	1,661.716	33.652	1	0	0	0	1	0	1	1	0	0	1	5
2013/12/27-23:58:30	33	1,661.716	33.652	2	0	1	0	0	0	0	1	0	0	1	6
2013/12/27-23:58:56	33	1,661.716	33.652	3	0	0	0	0	0	1	1	0	0	1	7
2013/12/27-23:59:23	33	1,661.716	33.652	5	0	0	0	0	0	1	1	0	0	1	9
2013/12/28-00:00:03	33	1,661.716	33.652	1	0	0	0	2	0	0	1	1	0	0	4
2013/12/28-00:14:02	35	1,657.137	32.828	11	0	0	0	3	0	0	1	1	0	0	16
2013/12/28-00:14:38	35	1,657.137	32.828	2	0	0	0	1	0	0	1	1	0	0	15
2013/12/28-00:15:12	35	1,657.137	32.828	4	0	0	1	0	0	0	1	1	0	0	23
2013/12/28-00:15:55	35	1,657.137	32.828	4	0	0	0	2	0	0	1	1	0	0	8
2013/12/28-00:16:22	35	1,657.137	32.828	1	0	0	0	1	0	1	1	0	0	1	3
2013/12/28-00:25:48	35	1,657.137	32.828	4	0	1	0	1	0	0	1	0	0	1	7
2013/12/28-00:26:16	35	1,657.137	32.828	4	0	0	3	1	0	0	1	1	0	0	28
2013/12/28-00:27:02	35	1,657.137	32.828	1	0	1	0	0	0	0	1	0	0	1	3
2013/12/28-00:27:24	35	1,657.137	32.828	1	0	1	0	0	0	0	1	0	0	1	4
2013/12/28-00:27:50	35	1,657.137	32.828	4	0	0	0	0	0	1	1	0	0	1	17
2013/12/28-00:43:47	33	1,664.815	32.205	6	0	0	0	1	0	1	1	0	0	1	12
2013/12/28-00:44:18	33	1,664.815	32.205	7	0	0	3	1	0	0	1	1	0	0	35
2013/12/28-00:45:12	33	1,664.815	32.205	2	0	0	0	0	0	1	1	0	0	1	4
2013/12/28-00:45:44	33	1,664.815	32.205	1	0	0	0	0	0	0	1	1	0	0	19
2013/12/28-00:46:22	33	1,664.815	32.205	2	0	0	0	1	0	1	1	0	0	1	11
2013/12/28-00:50:57	33	1,664.815	32.205	6	0	0	0	1	0	1	1	0	0	1	5
2013/12/28-00:51:21	33	1,664.815	32.205	0	0	0	0	0	0	0	1	1	0	0	14
2013/12/28-00:51:54	33	1,664.815	32.205	2	0	0	0	0	0	1	1	0	0	1	7
2013/12/28-00:52:21	33	1,664.815	32.205	1	0	1	0	0	0	0	1	0	0	1	6
2013/12/28-00:52:52	33	1,664.815	32.205	14	0	0	0	0	0	0	1	0	0	1	60
2013/12/28-01:02:28	33	1,664.815	32.205	9	0	0	0	0	0	0	1	1	0	0	24
2013/12/28-01:03:11	33	1,664.815	32.205	5	0	0	2	2	0	0	1	1	0	0	25
2013/12/28-01:03:55	33	1,664.815	32.205	3	0	0	0	2	0	0	1	1	0	0	9
2013/12/28-01:04:24	33	1,664.815	32.205	6	0	0	0	1	0	0	1	1	0	0	11
2013/12/28-01:04:54	33	1,664.815	32.205	3	0	1	0	0	0	0	1	0	0	1	10
2013/12/28-01:20:37	31	1,674.112	31.162	7	0	0	0	1	0	0	1	1	0	0	21
2013/12/28-01:21:16	31	1,674.112	31.162	3	0	1	0	0	0	0	1	0	0	1	10
2013/12/28-01:22:13	31	1,674.112	31.162	10	0	0	3	0	0	0	1	1	0	0	39
2013/12/28-01:23:12	31	1,674.112	31.162	1	0	0	0	0	0	1	1	0	0	1	3
2013/12/28-01:23:54	31	1,674.112	31.162	10	0	1	0	1	0	0	1	0	0	1	18
2013/12/28-01:34:32	31	1,674.112	31.162	10	0	0	0	0	0	0	1	1	0	0	60
2013/12/28-01:35:51	31	1,674.112	31.162	2	0	1	1	0	0	0	1	0	0	1	29
2013/12/28-01:36:49	31	1,674.112	31.162	3	0	0	0	0	0	0	1	1	0	0	21
2013/12/28-01:37:29	31	1,674.112	31.162	7	0	0	16	1	0	0	1	1	0	0	60
2013/12/28-01:38:48	31	1,674.112	31.162	1	0	1	0	0	0	0	1	0	0	1	3
2013/12/28-02:02:41	30	1,676.406	30.724	1	0	1	0	0	0	0	1	0	0	1	4
2013/12/28-02:03:12	30	1,676.406	30.724	10	0	0	0	0	0	1	1	0	0	1	20
2013/12/28-02:03:51	30	1,676.406	30.724	1	0	1	0	0	0	0	1	0	0	1	3
2013/12/28-02:05:01	30	1,676.406	30.724	4	0	1	0	0	0	0	1	0	0	1	19
2013/12/28-02:05:41	30	1,676.406	30.724	1	0	0	0	0	0	1	1	0	0	1	3
2013/12/28-02:14:49	30	1,676.406	30.724	1	0	1	0	0	0	0	1	0	0	1	3
2013/12/28-02:15:22	30	1,676.406	30.724	4	0	1	3	0	0	0	1	0	0	1	25
2013/12/28-02:16:27	32	1,664.934	30.557	1	0	0	0	0	0	0	1	1	0	0	10
2013/12/28-02:16:56	32	1,664.934	30.557	2	0	0	0	0	0	0	1	1	0	0	6
2013/12/28-02:17:21	32	1,664.934	30.557	2	0	0	0	1	0	1	1	0	0	1	4
2013/12/28-02:32:09	32	1,664.934	30.557	1	0	0	0	1	0	1	1	0	0	1	3
2013/12/28-02:33:04	32	1,664.934	30.557	2	0	0	0	0	0	1	1	0	0	1	3
2013/12/28-02:33:33	32	1,664.934	30.557	8	0	0	4	1	0	0	1	1	0	0	55
2013/12/28-02:34:47	32	1,664.934	30.557	1	0	0	0	1	0	0	1	1	0	0	3
2013/12/28-02:35:09	32	1,664.934	30.557	4	0	0	1	1	0	0	1	1	0	0	18
2013/12/28-02:46:49	32	1,665.843	30.522	8	0	1	0	0	0	0	1	0	0	1	31
2013/12/28-02:47:40	32	1,665.843	30.522	3	0	1	0	0	0	0	1	0	0	1	4
2013/12/28-02:48:20	32	1,665.843	30.522	1	0	1	0	0	0	0	1	0	0	1	4
2013/12/28-02:48:43	32	1,665.843	30.522	3	0	0	0	0	0	1	1	0	0	1	15
2013/12/28-02:49:27	32	1,665.843	30.522	2	0	0	0	2	0	0	1	1	0	0	6
2013/12/28-02:59:28	32	1,665.843	30.522	1	0	0	0	1	0	1	1	0	0	1	3
2013/12/28-03:00:00	32	1,665.843	30.522	1	0	0	0	0	0	1	1	0	0	1	3
2013/12/28-03:00:37	32	1,665.843	30.522	1	0	0	0	1	0	1	1	0	0	1	3
2013/12/28-03:01:38	32	1,665.843	30.522	4	0	1	0	0	0	0	1	0	0	1	8
2013/12/28-03:02:08	32	1,665.843	30.522	3	0	0	2	0	0	0	1	1	0	0	18
2013/12/28-03:11:51	32	1,667.144	30.107	7	0	0	4	0	0	0	1	1	0	0	32
2013/12/28-03:12:42	32	1,667.144	30.107	1	0	0	0	0	0	0	1	1	0	0	4
2013/12/28-03:13:04	32	1,667.144	30.107	0	0	1	0	0	0	0	1	0	0	1	3
2013/12/28-03:13:28	32	1,667.144	30.107	2	0	1	0	0	0	0	1	0	0	1	8
2013/12/28-03:13:55	32	1,667.144	30.107	2	0	1	0	0	0	0	1	0	0	1	3
2013/12/28-03:25:21	32	1,667.144	30.107	1	0	1	0	1	0	0	1	0	0	1	4
2013/12/28-03:25:51	32	1,667.144	30.107	1	0	1	0	0	0	0	1	0	0	1	4
2013/12/28-03:26:20	32	1,667.144	30.107	21	0	0	3	1	0	1	1	0	0	1	60
2013/12/28-03:27:39	32	1,667.144	30.107	2	0	0	0	0	0	1	1	0	0	1	7
2013/12/28-03:28:05	32	1,667.144	30.107	13	0	0	0	0	0	0	1	1	0	0	29
2013/12/28-03:39:15	32	1,664.49	29.832	2	0	0	0	0	0	1	1	0	0	1	3
2013/12/28-03:39:59	32	1,664.49	29.832	4	0	0	0	0	0	1	1	0	0	1	17
2013/12/28-03:40:39	32	1,664.49	29.832	3	0	1	0	0	0	0	1	0	0	1	4
2013/12/28-03:41:35	32	1,664.49	29.832	3	0	0	0	2	0	1	1	0	0	1	13
2013/12/28-03:42:07	32	1,664.49	29.832	2	0	1	0	1	0	0	1	0	0	1	10
2013/12/28-03:53:30	32	1,664.49	29.832	6	0	0	0	0	0	0	1	1	0	0	25
2013/12/28-03:54:14	32	1,664.49	29.832	2	0	0	0	3	0	1	1	0	0	1	3
2013/12/28-03:54:39	32	1,664.49	29.832	7	0	0	0	2	0	0	1	1	0	0	12
2013/12/28-03:55:10	32	1,664.49	29.832	1	0	0	0	1	0	1	1	0	0	1	7
2013/12/28-03:55:36	32	1,664.49	29.832	3	0	0	0	0	0	1	1	0	0	1	8
2013/12/28-04:05:38	32	1,664.49	29.832	2	0	0	0	0	0	1	1	0	0	1	3
2013/12/28-04:06:07	33	1,658.22	29.534	0	0	0	0	0	0	0	1	1	0	0	6
2013/12/28-04:06:33	33	1,658.22	29.534	8	0	1	0	0	0	0	1	0	0	1	32
2013/12/28-04:07:23	33	1,658.22	29.534	1	0	0	0	0	0	1	1	0	0	1	3
2013/12/28-04:07:49	33	1,658.22	29.534	7	0	0	0	0	0	0	1	1	0	0	20
2013/12/28-04:17:56	33	1,658.22	29.534	6	0	0	0	0	0	1	1	0	0	1	17
2013/12/28-04:18:33	33	1,658.22	29.534	1	0	1	0	0	0	0	1	0	0	1	5
2013/12/28-04:18:59	33	1,658.22	29.534	1	0	1	0	0	0	0	1	0	0	1	7
2013/12/28-04:20:18	33	1,658.22	29.534	1	0	0	0	0	0	1	1	0	0	1	3
2013/12/28-04:20:45	33	1,658.22	29.534	2	0	1	0	0	0	0	1	0	0	1	6
2013/12/28-04:29:58	33	1,658.22	29.534	4	0	0	0	0	0	1	1	0	0	1	23
2013/12/28-04:30:40	33	1,658.22	29.534	2	0	1	0	1	0	0	1	0	0	1	6
2013/12/28-04:31:38	33	1,658.22	29.534	19	0	0	0	0	0	0	1	1	0	0	41
2013/12/28-04:32:38	33	1,658.22	29.534	1	0	0	0	0	0	0	1	1	0	0	7
2013/12/28-04:33:04	33	1,658.22	29.534	1	0	0	0	0	0	1	1	0	0	1	3
2013/12/28-04:46:13	33	1,660.416	28.96	1	0	0	0	1	0	0	1	1	0	0	8
2013/12/28-04:46:41	33	1,660.416	28.96	2	0	0	0	0	0	1	1	0	0	1	3
2013/12/28-04:47:27	33	1,660.416	28.96	15	0	0	0	0	0	0	1	0	0	1	60
2013/12/28-04:48:46	33	1,660.416	28.96	1	0	0	0	0	0	1	1	0	0	1	3
2013/12/28-04:50:05	33	1,660.416	28.96	3	0	0	0	0	0	1	1	0	0	1	4
2013/12/28-04:58:06	33	1,660.416	28.96	2	0	0	0	0	0	1	1	0	0	1	9
2013/12/28-04:58:39	33	1,660.416	28.96	13	0	1	0	0	0	0	1	0	0	1	27
2013/12/28-04:59:58	33	1,660.416	28.96	7	0	0	8	0	0	0	1	0	0	1	60
2013/12/28-05:01:17	33	1,660.416	28.96	3	0	0	0	0	0	1	1	0	0	1	9
2013/12/28-05:01:55	33	1,660.416	28.96	2	0	0	0	0	0	1	1	0	0	1	6
2013/12/28-05:07:21	33	1,660.487	28.762	6	0	0	0	0	0	0	1	1	0	0	60
2013/12/28-05:08:40	33	1,660.487	28.762	4	0	0	0	0	0	1	1	0	0	1	14
2013/12/28-05:09:14	33	1,660.487	28.762	2	0	0	0	1	0	0	1	1	0	0	15
2013/12/28-05:09:47	33	1,660.487	28.762	5	0	0	2	0	0	0	1	1	0	0	32
2013/12/28-05:10:38	33	1,660.487	28.762	4	0	0	7	1	0	0	1	1	0	0	22
2013/12/28-05:31:07	33	1,660.487	28.762	16	0	0	0	0	0	0	1	1	0	0	40
2013/12/28-05:32:07	33	1,660.487	28.762	1	0	1	0	0	0	0	1	0	0	1	3
2013/12/28-05:32:42	33	1,660.487	28.762	3	0	0	0	1	0	1	1	0	0	1	4
2013/12/28-05:33:18	33	1,660.487	28.762	1	0	0	0	0	0	1	1	0	0	1	3
2013/12/28-05:33:57	33	1,660.487	28.762	5	0	1	0	1	0	0	1	0	0	1	14
2013/12/28-05:45:43	32	1,664.88	28.607	1	0	0	0	0	0	1	1	0	0	1	6
2013/12/28-05:46:11	32	1,664.88	28.607	8	0	0	3	1	0	0	1	1	0	0	22
2013/12/28-05:46:53	32	1,664.88	28.607	2	0	0	0	0	0	1	1	0	0	1	3
2013/12/28-05:47:31	32	1,664.88	28.607	3	0	0	0	1	0	1	1	0	0	1	12
2013/12/28-05:48:02	32	1,664.88	28.607	13	0	0	0	2	0	0	1	1	0	0	47
2013/12/28-05:57:32	32	1,664.88	28.607	5	0	0	0	1	0	0	1	1	0	0	24
2013/12/28-05:58:16	32	1,664.88	28.607	15	0	0	0	0	0	0	1	1	0	0	56
2013/12/28-05:59:31	32	1,664.88	28.607	8	0	1	5	0	0	0	1	0	0	1	47
2013/12/28-06:00:37	32	1,664.88	28.607	21	0	0	0	1	0	0	1	1	0	0	52
2013/12/28-06:01:48	32	1,664.88	28.607	1	0	1	0	0	0	0	1	0	0	1	6
2013/12/28-06:22:08	32	1,670.194	28.432	1	0	1	0	0	0	0	1	0	0	1	7
2013/12/28-06:22:34	32	1,670.194	28.432	8	0	0	3	0	0	0	1	0	0	1	60
2013/12/28-06:23:53	32	1,670.194	28.432	2	0	0	0	0	0	1	1	0	0	1	10
2013/12/28-06:24:44	32	1,670.194	28.432	2	0	0	0	0	0	1	1	0	0	1	3
2013/12/28-06:25:19	32	1,670.194	28.432	14	0	1	0	1	0	0	1	0	0	1	53
2013/12/28-06:32:14	32	1,670.194	28.432	1	0	0	0	0	0	0	1	1	0	0	8
2013/12/28-06:32:41	32	1,670.194	28.432	7	0	0	0	1	0	0	1	1	0	0	25
2013/12/28-06:33:25	32	1,670.194	28.432	1	0	1	0	0	0	0	1	0	0	1	12
2013/12/28-06:34:04	32	1,670.194	28.432	7	0	1	3	0	0	0	1	0	0	1	16
2013/12/28-06:34:40	32	1,670.194	28.432	2	0	0	0	0	0	1	1	0	0	1	3
2013/12/28-06:50:07	32	1,668.711	28.181	4	0	0	1	0	0	0	1	1	0	0	24
2013/12/28-06:50:50	32	1,668.711	28.181	4	0	0	0	2	0	0	1	1	0	0	13
2013/12/28-06:51:22	32	1,668.711	28.181	2	0	0	0	0	0	0	1	1	0	0	7
2013/12/28-06:51:48	32	1,668.711	28.181	1	0	1	0	1	0	0	1	0	0	1	5
2013/12/28-06:52:13	32	1,668.711	28.181	2	0	1	0	1	0	0	1	0	0	1	9
2013/12/28-07:06:09	32	1,668.711	28.181	2	0	0	0	0	0	1	1	0	0	1	7
2013/12/28-07:06:57	32	1,668.711	28.181	7	0	0	0	1	0	1	1	0	0	1	17
2013/12/28-07:07:33	32	1,668.711	28.181	0	0	1	0	0	0	0	1	0	0	1	3
2013/12/28-07:07:55	32	1,668.711	28.181	4	0	0	0	1	0	1	1	0	0	1	18
2013/12/28-07:08:28	32	1,668.711	28.181	6	0	0	0	3	0	0	1	1	0	0	18
2013/12/28-07:20:33	29	1,671.444	28.061	2	0	1	0	0	0	0	1	0	0	1	4
2013/12/28-07:21:08	29	1,671.444	28.061	3	0	0	0	0	0	1	1	0	0	1	5
2013/12/28-07:21:43	29	1,671.444	28.061	7	0	1	0	0	0	0	1	0	0	1	24
2013/12/28-07:22:49	29	1,671.444	28.061	2	0	1	0	0	0	0	1	0	0	1	14
2013/12/28-07:23:23	29	1,671.444	28.061	1	0	1	0	0	0	0	1	0	0	1	5
2013/12/28-08:39:35	31	1,667.457	30.495	2	0	0	0	0	0	1	1	0	0	1	3
2013/12/28-08:40:19	31	1,667.457	30.495	3	0	0	0	1	0	0	1	1	0	0	9
2013/12/28-08:40:47	31	1,667.457	30.495	16	0	0	0	2	0	0	1	1	0	0	49
2013/12/28-08:41:55	31	1,667.457	30.495	23	0	0	0	1	0	0	1	1	0	0	60
2013/12/28-08:43:14	31	1,667.457	30.495	9	0	0	2	3	0	0	1	1	0	0	40
2013/12/28-09:01:28	31	1,667.457	30.495	6	0	0	0	1	0	1	1	0	0	1	15
2013/12/28-09:02:02	31	1,667.457	30.495	20	0	0	0	1	0	0	1	1	0	0	60
2013/12/28-09:03:21	31	1,667.457	30.495	3	0	1	18	0	0	0	1	0	0	1	20
2013/12/28-09:04:00	31	1,667.457	30.495	19	0	1	0	1	0	0	1	0	0	1	41
2013/12/28-09:05:19	31	1,667.457	30.495	7	0	0	5	0	0	0	1	1	0	0	48
2013/12/28-09:22:27	27	1,682.811	30.103	12	0	0	3	0	0	0	1	1	0	0	60
2013/12/28-09:23:46	27	1,682.811	30.103	3	0	1	0	2	0	0	1	0	0	1	6
2013/12/28-09:24:14	27	1,682.811	30.103	5	0	0	0	1	0	1	1	0	0	1	5
2013/12/28-09:24:39	27	1,682.811	30.103	3	0	0	21	0	0	0	1	1	0	0	29
2013/12/28-09:25:27	27	1,682.811	30.103	14	0	0	0	0	0	0	1	0	0	1	60
2013/12/28-15:06:07	25	1,684.971	43.527	26	0	0	0	2	0	0	1	1	0	0	60
2013/12/28-15:07:27	25	1,684.971	43.527	5	0	0	0	0	0	1	1	0	0	1	18
2013/12/28-15:08:04	25	1,684.971	43.527	6	0	0	1	0	0	0	1	1	0	0	60
2013/12/28-15:09:23	25	1,684.971	43.527	7	0	0	0	1	0	1	1	0	0	1	30
2013/12/28-15:10:12	25	1,684.971	43.527	14	0	0	0	0	0	1	1	0	0	1	36
2013/12/28-15:36:17	22	1,696.385	42.548	32	0	0	0	1	0	0	1	1	0	0	60
2013/12/28-15:37:36	22	1,696.385	42.548	7	0	1	0	1	0	0	1	0	0	1	24
2013/12/28-15:38:19	22	1,696.385	42.548	5	0	0	11	1	0	0	1	1	0	0	38
2013/12/28-15:39:16	22	1,696.385	42.548	7	0	0	6	0	0	0	1	1	0	0	60
2013/12/28-15:40:35	22	1,696.385	42.548	1	0	1	0	0	0	0	1	0	0	1	3
2013/12/28-16:00:20	23	1,706.545	41.679	1	0	1	0	0	0	0	1	0	0	1	3
2013/12/28-16:00:46	23	1,706.545	41.679	5	0	0	0	1	0	0	1	1	0	0	21
2013/12/28-16:01:26	23	1,706.545	41.679	7	0	0	3	0	0	1	1	0	0	1	37
2013/12/28-16:02:21	23	1,706.545	41.679	2	0	1	0	0	0	0	1	0	0	1	8
2013/12/28-16:02:55	23	1,706.545	41.679	1	0	0	0	0	0	1	1	0	0	1	3
2013/12/28-20:51:13	23	1,701.684	52.961	8	0	0	0	0	0	0	1	1	0	0	25
2013/12/28-20:51:57	23	1,701.684	52.961	8	0	1	0	0	0	0	1	0	0	1	15
2013/12/28-20:52:32	23	1,701.684	52.961	4	0	0	0	0	0	1	1	0	0	1	13
2013/12/28-20:53:29	23	1,701.684	52.961	2	0	0	0	1	0	1	1	0	0	1	3
2013/12/28-20:53:51	23	1,701.684	52.961	8	0	0	2	0	0	0	1	0	0	1	60
2013/12/28-20:58:55	23	1,701.684	52.961	18	0	0	14	0	0	0	1	1	0	0	60
2013/12/28-21:00:14	23	1,701.684	52.961	2	0	1	0	0	0	0	1	0	0	1	4
2013/12/28-21:00:54	23	1,701.684	52.961	1	0	1	0	0	0	0	1	0	0	1	4
2013/12/28-21:01:19	23	1,701.684	52.961	4	0	1	2	1	0	0	1	0	0	1	22
2013/12/28-21:02:00	23	1,701.684	52.961	3	0	0	0	0	0	0	1	0	0	1	11
2013/12/28-21:12:56	23	1,701.684	52.961	4	0	0	12	2	0	0	1	1	0	0	15
2013/12/28-21:13:31	23	1,701.684	52.961	1	0	1	0	1	0	0	1	0	0	1	3
2013/12/28-21:13:58	23	1,701.684	52.961	1	0	1	0	1	0	0	1	0	0	1	4
2013/12/28-21:14:22	23	1,701.684	52.961	7	0	0	0	0	0	0	1	1	0	0	27
2013/12/28-21:15:08	23	1,701.684	52.961	2	0	1	0	0	0	0	1	0	0	1	7
2013/12/28-23:14:09	25	1,700.197	50.792	10	0	0	0	0	0	0	1	1	0	0	60
2013/12/28-23:15:28	25	1,700.197	50.792	4	0	0	0	0	0	1	1	0	0	1	10
2013/12/28-23:15:59	25	1,700.197	50.792	13	0	0	6	1	0	0	1	1	0	0	60
2013/12/28-23:17:18	25	1,700.197	50.792	1	0	1	0	0	0	0	1	0	0	1	3
2013/12/28-23:18:08	25	1,700.197	50.792	3	0	1	0	0	0	0	1	0	0	1	8
2013/12/28-23:32:26	25	1,700.197	50.792	8	0	0	0	2	0	0	1	1	0	0	23
2013/12/28-23:33:08	25	1,700.197	50.792	1	0	0	0	0	0	0	1	1	0	0	3
2013/12/28-23:33:31	25	1,700.197	50.792	4	0	1	0	0	0	0	1	0	0	1	18
2013/12/28-23:34:50	25	1,700.197	50.792	6	0	0	0	2	0	1	1	0	0	1	14
2013/12/28-23:35:23	25	1,700.197	50.792	26	0	0	0	0	0	1	1	0	0	1	35
2013/12/28-23:55:15	24	1,702.292	47.395	1	0	0	0	0	0	1	1	0	0	1	4
2013/12/28-23:55:57	24	1,702.292	47.395	4	0	1	1	0	0	0	1	0	0	1	24
2013/12/28-23:56:50	24	1,702.292	47.395	6	0	0	0	0	0	0	1	1	0	0	24
2013/12/28-23:57:33	24	1,702.292	47.395	4	0	1	17	0	0	0	1	0	0	1	43
2013/12/28-23:58:35	24	1,702.292	47.395	0	0	1	0	0	0	0	1	0	0	1	3
2013/12/29-04:53:57	26	1,694.402	56.749	24	0	0	0	0	0	0	1	1	0	0	60
2013/12/29-04:55:16	26	1,694.402	56.749	2	0	1	0	1	0	0	1	1	0	0	9
2013/12/29-04:55:44	26	1,694.402	56.749	12	0	0	2	0	0	0	1	1	0	0	60
2013/12/29-04:57:03	26	1,694.402	56.749	12	0	0	3	0	0	0	1	1	0	0	60
2013/12/29-04:58:22	26	1,694.402	56.749	9	0	1	0	0	0	0	1	0	0	1	19
2013/12/29-05:22:30	23	1,706.255	54.152	1	0	0	0	0	0	1	1	0	0	1	3
2013/12/29-05:22:58	23	1,706.255	54.152	10	0	0	0	0	0	1	1	0	0	1	26
2013/12/29-05:23:43	23	1,706.255	54.152	6	0	0	1	0	0	1	1	0	0	1	30
2013/12/29-05:24:47	23	1,706.255	54.152	18	0	0	0	2	0	1	1	0	0	1	22
2013/12/29-05:25:28	23	1,706.255	54.152	4	0	0	0	0	0	1	1	0	0	1	14
2013/12/29-05:37:25	23	1,706.255	54.152	1	0	1	0	0	0	0	1	0	0	1	9
2013/12/29-05:38:44	23	1,706.255	54.152	1	0	0	0	0	0	1	1	0	0	1	4
2013/12/29-05:39:36	23	1,706.255	54.152	1	0	1	0	0	0	0	1	0	0	1	3
2013/12/29-05:40:40	23	1,706.255	54.152	1	0	0	0	0	0	0	1	1	0	0	11
2013/12/29-05:41:10	23	1,706.255	54.152	31	0	0	0	1	0	0	1	1	0	0	60
2013/12/29-09:41:31	25	1,691.72	57.805	4	0	0	0	1	0	0	1	1	0	0	24
2013/12/29-09:42:15	25	1,691.72	57.805	5	0	0	0	0	0	1	1	0	0	1	15
2013/12/29-09:42:59	25	1,691.72	57.805	8	0	0	1	0	0	1	1	0	0	1	26
2013/12/29-09:44:01	25	1,691.72	57.805	7	0	0	0	0	0	1	1	0	0	1	23
2013/12/29-09:45:03	25	1,691.72	57.805	3	0	0	4	0	0	0	1	1	0	0	17
2013/12/29-10:02:57	27	1,689.724	55.41	15	0	0	2	0	0	0	1	1	0	0	60
2013/12/29-10:04:15	27	1,689.724	55.41	4	0	0	1	0	0	0	1	1	0	0	26
2013/12/29-10:05:00	27	1,689.724	55.41	2	0	0	0	1	0	1	1	0	0	1	7
2013/12/29-10:05:34	27	1,689.724	55.41	3	0	0	4	0	0	1	1	0	0	1	16
2013/12/29-10:06:53	27	1,689.724	55.41	10	0	0	3	0	0	0	1	0	0	1	60
2013/12/29-10:24:39	22	1,708.937	53.2	8	0	1	2	0	0	0	1	0	0	1	23
2013/12/29-10:25:46	22	1,708.937	53.2	4	0	0	1	0	0	1	1	0	0	1	20
2013/12/29-10:27:05	22	1,708.937	53.2	7	0	1	3	0	0	0	1	0	0	1	39
2013/12/29-10:28:04	22	1,708.937	53.2	4	0	0	1	0	0	1	1	0	0	1	22
2013/12/29-10:28:45	22	1,708.937	53.2	9	0	1	0	0	0	0	1	0	0	1	37
2013/12/29-10:39:07	22	1,708.937	53.2	5	0	0	1	0	0	0	1	1	0	0	15
2013/12/29-10:39:41	22	1,708.937	53.2	3	0	0	1	2	0	0	1	1	0	0	21
2013/12/29-10:40:21	22	1,708.937	53.2	6	0	0	0	0	0	0	1	1	0	0	21
2013/12/29-10:41:00	22	1,708.937	53.2	9	0	0	4	0	0	0	1	1	0	0	32
2013/12/29-10:41:51	22	1,708.937	53.2	5	0	0	2	2	0	0	1	1	0	0	25
2013/12/29-10:52:35	22	1,708.937	53.2	1	0	1	0	0	0	0	1	0	0	1	11
2013/12/29-10:53:17	22	1,708.937	53.2	7	0	0	3	1	0	0	1	1	0	0	40
2013/12/29-10:54:16	22	1,708.937	53.2	6	0	0	8	1	0	1	1	0	0	1	34
2013/12/29-10:55:08	22	1,708.937	53.2	10	0	1	2	0	0	0	1	0	0	1	47
2013/12/29-10:56:27	19	1,718.237	48.939	11	0	0	3	0	0	1	1	0	0	1	43
2013/12/29-11:12:28	19	1,718.237	48.939	2	0	0	2	0	0	1	1	0	0	1	9
2013/12/29-11:13:47	19	1,718.237	48.939	1	0	0	1	0	0	0	1	1	0	0	16
2013/12/29-11:14:22	19	1,718.237	48.939	5	0	0	1	0	0	0	1	1	0	0	20
2013/12/29-11:15:01	19	1,718.237	48.939	3	0	1	0	0	0	0	1	0	0	1	9
2013/12/29-11:15:41	19	1,718.237	48.939	6	0	1	3	0	0	0	1	0	0	1	45
2013/12/29-13:10:22	20	1,712.945	49.969	5	0	0	3	0	0	1	1	0	0	1	21
2013/12/29-13:10:59	20	1,712.945	49.969	5	0	0	3	0	0	0	1	1	0	0	23
2013/12/29-13:11:41	20	1,712.945	49.969	9	0	1	6	0	0	0	1	0	0	1	38
2013/12/29-13:12:38	20	1,712.945	49.969	4	0	0	2	0	0	0	1	1	0	0	21
2013/12/29-13:13:18	20	1,712.945	49.969	3	0	0	3	0	0	0	1	1	0	0	25
2013/12/29-13:35:19	18	1,719.477	48.866	3	0	0	1	0	0	0	1	1	0	0	18
2013/12/29-13:35:57	18	1,719.477	48.866	11	0	0	3	0	0	0	1	0	0	1	60
2013/12/29-13:37:16	18	1,719.477	48.866	0	0	0	0	0	0	0	1	1	0	0	14
2013/12/29-13:37:49	18	1,719.477	48.866	3	0	0	4	0	0	0	1	1	0	0	39
2013/12/29-13:38:46	18	1,719.477	48.866	6	0	0	3	0	0	0	1	1	0	0	28
2013/12/29-13:51:16	18	1,719.477	48.866	10	0	0	1	1	0	0	1	1	0	0	36
2013/12/29-13:52:11	18	1,719.477	48.866	2	0	1	2	0	0	0	1	0	0	1	15
2013/12/29-13:52:45	18	1,719.477	48.866	5	0	0	0	0	0	0	1	1	0	0	21
2013/12/29-13:53:25	18	1,719.477	48.866	14	0	0	4	0	0	0	1	1	0	0	60
2013/12/29-13:54:44	15	1,749.526	46.3	10	0	0	1	0	0	0	1	1	0	0	25
2013/12/29-15:37:26	15	1,753.747	47.942	9	0	0	11	1	0	0	1	1	0	0	37
2013/12/29-15:40:33	15	1,753.747	47.942	9	0	0	9	0	0	1	1	0	0	1	40
2013/12/29-15:41:30	15	1,753.747	47.942	0	0	0	0	0	0	0	1	0	1	0	0
2013/12/29-15:41:41	15	1,753.747	47.942	13	0	0	5	0	0	1	1	0	0	1	34
2013/12/29-16:59:47	15	1,753.747	47.942	1	0	0	0	1	0	1	1	0	0	1	5
2013/12/29-17:00:21	15	1,753.747	47.942	7	0	0	0	2	0	1	1	0	0	1	21
2013/12/29-17:01:07	15	1,753.747	47.942	3	0	0	17	0	0	1	1	0	0	1	16
2013/12/30-07:20:37	18	1,733.312	68.148	3	0	0	0	1	0	0	1	1	0	0	12
2013/12/30-07:21:09	18	1,733.312	68.148	2	0	0	0	0	0	0	1	1	0	0	8
2013/12/30-07:21:36	18	1,733.312	68.148	3	0	0	0	0	0	0	1	1	0	0	22
2013/12/30-07:22:17	18	1,733.312	68.148	5	0	0	1	0	0	0	1	1	0	0	32
2013/12/30-07:23:07	18	1,733.312	68.148	8	0	0	2	2	0	0	1	1	0	0	28
2013/12/30-07:51:02	14	1,759.054	65.382	11	0	0	6	2	0	0	1	1	0	0	60
2013/12/30-07:52:21	14	1,759.054	65.382	19	0	0	4	1	0	0	1	1	0	0	60
2013/12/30-07:53:40	14	1,759.054	65.382	4	0	0	5	0	0	0	1	1	0	0	39
2013/12/30-07:54:37	14	1,759.054	65.382	11	0	0	3	0	0	0	1	1	0	0	60
2013/12/30-07:55:56	14	1,759.054	65.382	5	0	0	2	1	0	0	1	1	0	0	29
2013/12/30-08:09:36	14	1,759.054	65.382	10	0	0	5	0	0	0	1	0	0	1	60
2013/12/30-08:10:55	14	1,759.054	65.382	11	0	0	7	0	0	0	1	0	0	1	60
2013/12/30-08:12:14	14	1,759.054	65.382	16	0	0	2	1	0	0	1	1	0	0	60
2013/12/30-08:13:32	14	1,759.054	65.382	6	0	0	4	2	0	0	1	1	0	0	57
2013/12/30-08:14:49	14	1,759.054	65.382	22	0	0	6	0	0	0	1	1	0	0	60
2013/12/30-08:16:27	14	1,759.054	65.382	5	0	0	0	2	0	0	1	1	0	0	15
2013/12/30-08:17:02	14	1,759.054	65.382	12	0	0	0	1	0	0	1	1	0	0	38
2013/12/30-08:17:58	14	1,759.054	65.382	9	0	0	2	1	0	0	1	1	0	0	39
2013/12/30-08:18:56	14	1,759.054	65.382	5	0	0	0	1	0	0	1	1	0	0	20
2013/12/30-08:19:34	14	1,759.054	65.382	5	0	0	1	0	0	1	1	0	0	1	18
2013/12/30-08:36:42	6	1,817.887	58.687	8	0	1	2	0	0	0	1	0	0	1	29
2013/12/30-08:37:36	6	1,817.887	58.687	3	0	1	0	0	0	0	1	0	0	1	19
2013/12/30-08:38:15	6	1,817.887	58.687	9	0	0	8	0	0	1	1	0	0	1	39
2013/12/30-08:39:33	6	1,817.887	58.687	8	0	0	6	0	0	0	1	1	0	0	41
2013/12/30-08:40:34	6	1,817.887	58.687	6	0	0	1	0	0	0	1	1	0	0	14
2013/12/30-08:55:26	7	1,808.459	56.627	11	0	0	6	0	0	1	1	0	0	1	43
2013/12/30-08:56:28	7	1,808.459	56.627	13	0	1	3	0	0	0	1	0	0	1	56
2013/12/30-08:57:43	7	1,808.459	56.627	7	0	0	2	1	0	0	1	1	0	0	40
2013/12/30-08:58:42	7	1,808.459	56.627	2	0	0	0	1	0	1	1	0	0	1	9
2013/12/30-08:59:10	7	1,808.459	56.627	6	0	0	2	1	0	0	1	1	0	0	24
2013/12/30-12:04:51	7	1,814.572	58.551	10	0	0	4	0	0	0	1	1	0	0	50
2013/12/30-12:06:00	7	1,814.572	58.551	1	0	0	1	0	0	0	1	1	0	0	11
2013/12/30-12:06:30	7	1,814.572	58.551	5	0	0	5	0	0	0	1	1	0	0	47
2013/12/30-12:07:36	7	1,814.572	58.551	5	0	0	1	0	0	0	1	1	0	0	17
2013/12/30-12:08:12	7	1,814.572	58.551	5	0	0	1	0	0	0	1	1	0	0	16
2013/12/30-12:32:57	5	1,830.555	57.037	15	0	0	5	0	0	0	1	1	0	0	57
2013/12/30-12:34:13	5	1,830.555	57.037	2	0	0	1	0	0	1	1	0	0	1	28
2013/12/30-12:35:04	5	1,830.555	57.037	15	0	0	3	0	0	0	1	0	0	1	60
2013/12/30-12:36:23	5	1,830.555	57.037	7	0	0	5	0	0	0	1	1	0	0	58
2013/12/30-12:37:40	5	1,830.555	57.037	8	0	0	4	0	0	1	1	0	0	1	47
2013/12/30-12:59:15	5	1,830.555	57.037	6	0	0	4	0	0	0	1	0	0	1	60
2013/12/30-13:00:34	5	1,830.555	57.037	10	0	0	4	1	0	0	1	1	0	0	56
2013/12/30-13:01:49	5	1,830.555	57.037	6	0	0	2	0	0	0	1	1	0	0	51
2013/12/30-13:03:00	5	1,830.555	57.037	11	0	0	2	0	0	1	1	0	0	1	39
2013/12/30-13:04:19	5	1,836.788	53.297	5	0	0	2	0	0	1	1	0	0	1	38
2013/12/30-21:55:33	5	1,832.475	66.859	6	0	0	4	0	0	1	1	0	0	1	19
2013/12/30-21:56:18	5	1,827.766	66.096	11	0	0	4	0	0	0	1	0	0	1	60
2013/12/30-21:57:38	5	1,827.766	66.096	11	0	1	3	0	0	0	1	0	0	1	48
2013/12/30-21:58:57	5	1,827.766	66.096	5	0	1	1	0	0	0	1	0	0	1	15
2013/12/30-21:59:34	5	1,827.766	66.096	8	0	0	2	0	0	0	1	0	0	1	60
2013/12/30-23:22:22	5	1,827.766	66.096	1	0	0	0	0	0	1	1	0	0	1	3
2013/12/30-23:22:44	5	1,827.766	66.096	8	0	1	27	0	0	0	1	0	0	1	61
2013/12/30-23:24:09	5	1,827.766	66.096	1	0	0	0	0	0	0	1	1	0	0	4
2013/12/30-23:24:23	5	1,827.766	66.096	1	0	0	0	0	0	0	1	1	0	0	3
2013/12/30-23:24:37	5	1,827.766	66.096	3	0	0	0	1	0	0	1	1	0	0	11
2013/12/30-23:24:59	5	1,827.766	66.096	10	0	1	4	1	0	0	1	0	0	1	29
2013/12/30-23:25:38	5	1,827.766	66.096	8	0	0	0	0	0	0	1	1	0	0	23
2013/12/30-23:44:26	5	1,827.766	66.096	8	0	0	5	1	0	0	1	1	0	0	35
2013/12/30-23:45:20	5	1,827.766	66.096	7	0	0	0	1	0	1	1	0	0	1	10
2013/12/30-23:45:49	5	1,827.766	66.096	0	0	1	0	0	0	0	1	0	0	1	10
2013/12/30-23:46:23	5	1,827.766	66.096	12	0	0	2	0	0	0	1	1	0	0	58
2013/12/30-23:47:41	5	1,827.766	66.096	6	0	0	0	0	0	1	1	0	0	1	21
2013/12/30-23:48:37	5	1,827.766	66.096	2	0	0	0	1	0	1	1	0	0	1	8
2013/12/30-23:49:16	12	1,785.741	57.681	2	0	0	1	0	0	1	1	0	0	1	3
2013/12/30-23:55:47	12	1,785.741	57.681	21	0	0	0	1	0	1	1	1	0	0	85
2013/12/30-23:57:32	12	1,785.741	57.681	0	0	1	0	0	0	0	1	0	0	1	3
2013/12/30-23:58:00	12	1,785.741	57.681	3	0	1	0	1	0	0	1	0	0	1	11
2013/12/30-23:58:31	12	1,785.741	57.681	7	0	0	0	1	0	0	1	1	0	0	13
2013/12/30-23:59:03	12	1,785.741	57.681	3	0	1	0	0	0	0	1	0	0	1	9
2013/12/30-23:59:31	12	1,785.741	57.681	7	0	0	0	0	0	1	1	0	0	1	24
2013/12/31-00:00:19	12	1,785.741	57.681	6	0	0	8	0	0	0	1	1	0	0	23
2013/12/31-00:17:43	12	1,785.741	57.681	5	0	0	18	0	0	1	1	0	0	1	31
2013/12/31-00:18:32	12	1,785.741	57.681	2	0	0	0	1	0	1	1	0	0	1	6
2013/12/31-00:18:57	12	1,785.741	57.681	3	0	1	0	0	0	0	1	1	0	0	10
2013/12/31-00:19:26	12	1,785.741	57.681	8	0	0	0	2	0	0	1	1	0	0	13
2013/12/31-00:19:57	12	1,785.741	57.681	6	0	0	0	1	0	0	1	1	0	0	19
2013/12/31-00:20:35	12	1,785.741	57.681	3	0	0	0	0	0	0	1	1	0	0	14
2013/12/31-00:21:08	12	1,785.741	57.681	1	0	0	0	2	0	0	1	1	0	0	5
2013/12/31-00:30:19	14	1,758.655	52.624	9	0	0	1	1	0	0	1	1	0	0	36
2013/12/31-00:31:13	14	1,758.655	52.624	10	0	1	0	0	0	0	1	0	0	1	37
2013/12/31-00:32:09	14	1,758.655	52.624	1	0	0	0	1	0	1	1	0	0	1	12
2013/12/31-00:32:46	14	1,758.655	52.624	13	0	0	0	0	0	1	1	0	0	1	69
2013/12/31-00:34:23	14	1,758.655	52.624	6	0	0	0	0	0	1	1	0	0	1	9
2013/12/31-00:35:02	14	1,758.655	52.624	1	0	0	1	0	0	1	1	0	0	1	3
2013/12/31-00:35:26	14	1,758.655	52.624	1	0	1	0	0	0	0	1	0	0	1	3
2013/12/31-00:41:39	14	1,758.655	52.624	1	0	1	0	0	0	0	1	0	0	1	3
2013/12/31-00:42:13	14	1,758.655	52.624	5	0	0	22	0	0	1	1	0	0	1	19
2013/12/31-00:42:51	14	1,758.655	52.624	8	0	0	0	0	0	1	1	0	0	1	25
2013/12/31-00:43:39	14	1,758.655	52.624	0	0	1	1	0	0	0	1	0	0	1	3
2013/12/31-00:44:03	14	1,758.655	52.624	12	0	1	0	0	0	0	1	0	0	1	88
2013/12/31-00:45:50	14	1,758.655	52.624	4	0	0	0	0	0	1	1	0	0	1	5
2013/12/31-00:47:21	14	1,758.655	52.624	4	0	0	0	0	0	1	1	0	0	1	10
2013/12/31-01:06:02	14	1,758.655	52.624	1	0	0	0	1	0	1	1	0	0	1	3
2013/12/31-01:06:23	14	1,758.655	52.624	6	0	0	0	1	0	0	1	1	0	0	16
2013/12/31-01:06:58	14	1,758.655	52.624	2	0	0	0	1	0	0	1	1	0	0	8
2013/12/31-01:07:24	14	1,758.655	52.624	2	0	0	0	0	0	0	1	1	0	0	11
2013/12/31-01:07:54	14	1,758.655	52.624	0	0	0	2	0	0	0	1	1	0	0	14
2013/12/31-01:08:27	14	1,758.655	52.624	1	0	0	0	1	0	0	1	1	0	0	9
2013/12/31-01:08:54	14	1,758.655	52.624	16	0	0	0	1	0	1	1	1	0	0	53
2013/12/31-01:21:42	22	1,712.435	46.975	1	0	0	0	0	0	1	1	0	0	1	3
2013/12/31-01:22:31	22	1,712.435	46.975	19	0	1	5	1	0	0	1	0	0	1	64
2013/12/31-01:23:55	22	1,712.435	46.975	0	0	0	0	0	0	0	1	1	0	0	60
2013/12/31-01:25:13	22	1,712.435	46.975	21	0	0	0	0	0	0	1	1	0	0	43
2013/12/31-01:26:15	22	1,712.435	46.975	2	0	0	1	1	0	1	1	0	0	1	3
2013/12/31-01:26:39	22	1,712.435	46.975	7	0	0	0	0	0	1	1	0	0	1	21
2013/12/31-01:27:37	22	1,712.435	46.975	10	0	1	0	0	0	0	1	0	0	1	44
2013/12/31-01:34:12	22	1,712.435	46.975	6	0	0	0	1	0	1	1	0	0	1	11
2013/12/31-01:34:42	22	1,712.435	46.975	1	0	0	0	0	0	0	1	1	0	0	60
2013/12/31-01:36:01	22	1,712.435	46.975	2	0	0	0	2	0	1	1	0	0	1	3
2013/12/31-01:36:26	22	1,712.435	46.975	4	0	0	0	1	0	0	1	1	0	0	17
2013/12/31-01:37:01	22	1,712.435	46.975	3	0	1	0	1	0	0	1	0	0	1	8
2013/12/31-01:37:28	22	1,712.435	46.975	4	0	0	0	1	0	1	1	0	0	1	14
2013/12/31-01:38:01	22	1,712.435	46.975	7	0	0	2	1	0	0	1	1	0	0	46
2013/12/31-02:01:35	26	1,698.141	43.976	0	0	0	0	0	0	0	1	1	0	0	3
2013/12/31-02:01:56	26	1,698.141	43.976	3	0	0	0	1	0	0	1	1	0	0	60
2013/12/31-02:03:15	26	1,698.141	43.976	11	0	0	2	0	0	0	1	1	0	0	55
2013/12/31-02:04:29	26	1,698.141	43.976	2	0	0	10	0	0	0	1	1	0	0	26
2013/12/31-02:05:14	26	1,698.141	43.976	3	0	0	2	0	0	0	1	1	0	0	31
2013/12/31-02:06:03	26	1,698.141	43.976	6	0	0	0	0	0	0	1	1	0	0	22
2013/12/31-02:06:44	26	1,698.141	43.976	9	0	1	1	1	0	0	1	0	0	1	46
2013/12/31-02:18:37	26	1,698.141	43.976	13	0	1	0	0	0	0	1	0	0	1	62
2013/12/31-02:20:07	26	1,698.141	43.976	8	0	1	1	1	0	0	1	0	0	1	29
2013/12/31-02:20:55	26	1,698.141	43.976	5	0	0	0	1	0	1	1	0	0	1	16
2013/12/31-02:22:44	26	1,698.141	43.976	4	0	0	0	1	0	0	1	1	0	0	12
2013/12/31-02:23:14	26	1,698.141	43.976	3	0	0	0	0	0	1	1	0	0	1	5
2013/12/31-02:23:51	26	1,698.141	43.976	2	0	0	1	0	0	1	1	0	0	1	3
2013/12/31-02:24:17	26	1,698.141	43.976	5	0	1	0	0	0	0	1	0	0	1	37
2013/12/31-02:25:19	26	1,698.141	43.976	1	0	0	0	0	0	1	1	0	0	1	3
2013/12/31-02:25:58	26	1,698.141	43.976	0	0	1	1	0	0	0	1	0	0	1	3
2013/12/31-02:26:23	26	1,698.141	43.976	7	0	0	1	1	0	0	1	1	0	0	30
2013/12/31-02:27:12	26	1,698.141	43.976	7	0	0	0	0	0	0	1	1	0	0	9
2013/12/31-02:27:39	26	1,698.141	43.976	23	0	0	0	1	0	0	1	1	0	0	88
2013/12/31-02:29:27	26	1,698.141	43.976	2	0	0	0	0	0	1	1	0	0	1	6
2013/12/31-02:29:52	26	1,698.141	43.976	9	0	0	0	0	0	0	1	1	0	0	30
2013/12/31-02:52:05	22	1,709.328	40.299	6	0	1	0	0	0	0	1	0	0	1	17
2013/12/31-02:52:41	22	1,709.328	40.299	1	0	0	0	1	0	0	1	1	0	0	10
2013/12/31-02:53:09	22	1,709.328	40.299	2	0	0	0	2	0	0	1	1	0	0	16
2013/12/31-02:53:44	22	1,709.328	40.299	6	0	0	0	0	0	0	1	1	0	0	22
2013/12/31-02:54:24	22	1,709.328	40.299	9	0	0	1	0	0	0	1	1	0	0	24
2013/12/31-02:55:07	22	1,709.328	40.299	1	0	0	9	0	0	0	1	1	0	0	23
2013/12/31-02:55:48	22	1,709.328	40.299	1	0	1	0	0	0	0	1	0	0	1	3
2013/12/31-03:05:56	22	1,709.328	40.299	1	0	0	2	0	0	0	1	1	0	0	11
2013/12/31-03:06:26	22	1,709.328	40.299	4	0	0	5	0	0	1	1	0	0	1	17
2013/12/31-03:07:02	22	1,709.328	40.299	1	0	1	0	0	0	0	1	0	0	1	6
2013/12/31-03:08:18	22	1,709.328	40.299	9	0	0	4	0	0	0	1	1	0	0	59
2013/12/31-03:09:36	22	1,709.328	40.299	12	0	0	0	0	0	1	1	0	0	1	52
2013/12/31-03:11:03	22	1,709.328	40.299	9	0	0	0	0	0	0	1	1	0	0	22
2013/12/31-03:11:44	22	1,709.328	40.299	0	0	1	0	0	0	0	1	0	0	1	3
2013/12/31-03:18:37	22	1,714.48	38.385	1	0	1	0	0	0	0	1	0	0	1	11
2013/12/31-03:20:23	22	1,714.48	38.385	6	0	0	0	0	0	1	1	0	0	1	9
2013/12/31-03:21:00	22	1,714.48	38.385	6	0	0	0	0	0	1	1	0	0	1	27
2013/12/31-03:21:46	22	1,714.48	38.385	12	0	1	3	1	0	0	1	0	0	1	43
2013/12/31-03:23:24	22	1,714.48	38.385	2	0	1	0	0	0	0	1	0	0	1	12
2013/12/31-03:24:02	22	1,714.48	38.385	1	0	0	0	0	0	1	1	0	0	1	3
2013/12/31-03:25:51	22	1,714.48	38.385	1	0	1	0	0	0	0	1	0	0	1	9
2013/12/31-03:40:46	22	1,714.48	38.385	3	0	0	0	1	0	0	1	1	0	0	60
2013/12/31-03:42:05	22	1,714.48	38.385	2	0	1	0	1	0	0	1	0	0	1	5
2013/12/31-03:42:29	22	1,714.48	38.385	2	0	1	0	1	0	0	1	0	0	1	5
2013/12/31-03:42:52	22	1,714.48	38.385	4	0	0	1	2	0	0	1	1	0	0	14
2013/12/31-03:43:26	22	1,714.48	38.385	8	0	0	0	0	0	0	1	1	0	0	33
2013/12/31-03:44:17	22	1,714.48	38.385	1	0	0	20	0	0	0	1	1	0	0	32
2013/12/31-03:45:07	22	1,714.48	38.385	4	0	0	2	0	0	0	1	1	0	0	22
2013/12/31-03:55:26	22	1,715.711	36.819	9	0	0	0	0	0	0	1	1	0	0	25
2013/12/31-03:56:10	22	1,715.711	36.819	13	0	0	5	0	0	0	1	1	0	0	60
2013/12/31-03:57:29	22	1,715.711	36.819	6	0	0	20	1	0	0	1	1	0	0	21
2013/12/31-03:58:08	22	1,715.711	36.819	13	0	0	0	0	0	0	1	1	0	0	57
2013/12/31-03:59:25	22	1,715.711	36.819	6	0	0	0	0	0	1	1	0	0	1	5
2013/12/31-03:59:49	22	1,715.711	36.819	2	0	0	2	0	0	0	1	1	0	0	7
2013/12/31-04:00:14	22	1,715.711	36.819	5	0	0	2	0	0	1	1	0	0	1	29
2013/12/31-04:05:22	22	1,715.711	36.819	6	0	0	0	0	0	1	1	0	0	1	16
2013/12/31-04:06:01	22	1,715.711	36.819	6	0	1	0	2	0	0	1	0	0	1	8
2013/12/31-04:06:27	22	1,715.711	36.819	2	0	0	0	0	0	1	1	0	0	1	3
2013/12/31-04:07:22	22	1,715.711	36.819	1	0	0	0	0	0	1	1	0	0	1	3
2013/12/31-04:08:44	22	1,715.711	36.819	2	0	1	0	1	0	0	1	0	0	1	12
2013/12/31-04:09:15	22	1,715.711	36.819	1	0	0	0	0	0	1	1	0	0	1	3
2013/12/31-04:09:47	22	1,715.711	36.819	15	0	1	4	0	0	0	1	0	0	1	53
2013/12/31-04:27:08	22	1,715.711	36.819	2	0	0	20	0	0	1	1	0	0	1	30
2013/12/31-04:27:56	22	1,715.711	36.819	15	0	0	4	1	0	0	1	1	0	0	83
2013/12/31-04:29:38	22	1,715.711	36.819	1	0	1	0	0	0	0	1	0	0	1	3
2013/12/31-04:29:59	22	1,715.711	36.819	3	0	0	1	1	0	0	1	1	0	0	11
2013/12/31-04:30:29	22	1,715.711	36.819	10	0	0	0	1	0	0	1	1	0	0	35
2013/12/31-04:31:22	22	1,715.711	36.819	13	0	0	4	0	0	0	1	1	0	0	47
2013/12/31-04:32:27	22	1,715.711	36.819	4	0	0	0	1	0	0	1	1	0	0	60
2013/12/31-04:44:13	22	1,726.727	34.587	9	0	1	6	1	0	0	1	0	0	1	61
2013/12/31-04:45:32	22	1,726.727	34.587	7	0	0	0	0	0	1	1	0	0	1	6
2013/12/31-04:46:08	22	1,726.727	34.587	9	0	0	0	1	0	0	1	1	0	0	49
2013/12/31-04:47:16	22	1,726.727	34.587	6	0	0	0	0	0	1	1	0	0	1	24
2013/12/31-04:47:59	22	1,726.727	34.587	13	0	0	5	0	0	0	1	1	0	0	60
2013/12/31-04:49:17	22	1,726.727	34.587	1	0	0	0	1	0	1	1	0	0	1	3
2013/12/31-04:50:35	22	1,726.727	34.587	1	0	0	1	0	0	1	1	0	0	1	3
2013/12/31-04:55:30	22	1,726.727	34.587	4	0	1	0	0	0	0	1	0	0	1	15
2013/12/31-04:56:04	22	1,726.727	34.587	1	0	0	0	0	0	1	1	0	0	1	3
2013/12/31-04:57:28	22	1,726.727	34.587	7	0	0	0	0	0	0	1	1	0	0	28
2013/12/31-04:58:16	22	1,726.727	34.587	3	0	1	0	0	0	0	1	0	0	1	6
2013/12/31-04:58:53	22	1,726.727	34.587	11	0	0	5	0	0	1	1	0	0	1	42
2013/12/31-05:00:11	22	1,726.727	34.587	9	0	1	0	0	0	0	1	0	0	1	9
2013/12/31-05:00:38	22	1,726.727	34.587	8	0	0	0	0	0	1	1	0	0	1	26
2013/12/31-05:15:03	22	1,726.727	34.587	3	0	0	1	1	0	0	1	1	0	0	15
2013/12/31-05:15:38	22	1,726.727	34.587	5	0	0	0	1	0	0	1	1	0	0	11
2013/12/31-05:16:07	22	1,726.727	34.587	6	0	0	2	0	0	0	1	1	0	0	19
2013/12/31-05:16:46	22	1,729.288	33.046	0	0	0	0	0	0	0	1	1	0	0	3
2013/12/31-05:17:07	22	1,729.288	33.046	2	0	0	0	1	0	0	1	1	0	0	8
2013/12/31-05:17:34	22	1,729.288	33.046	19	0	0	0	0	0	0	1	1	0	0	78
2013/12/31-05:19:11	22	1,729.288	33.046	0	0	0	1	0	0	0	1	1	0	0	4
2013/12/31-05:29:21	22	1,729.288	33.046	30	0	0	0	0	0	0	1	1	0	0	90
2013/12/31-05:31:10	22	1,729.288	33.046	13	0	1	0	0	0	0	1	0	0	1	68
2013/12/31-05:32:37	22	1,729.288	33.046	3	0	0	0	0	0	1	1	0	0	1	5
2013/12/31-05:33:27	22	1,729.288	33.046	3	0	1	0	0	0	0	1	0	0	1	8
2013/12/31-05:34:21	22	1,729.288	33.046	1	0	0	1	0	0	1	1	0	0	1	3
2013/12/31-05:34:47	22	1,729.288	33.046	13	0	0	8	1	0	0	1	1	0	0	90
2013/12/31-05:36:36	22	1,729.288	33.046	3	0	0	0	0	0	1	1	0	0	1	16
2013/12/31-05:37:17	22	1,729.288	33.046	5	0	0	0	0	0	0	1	1	0	0	24
2013/12/31-05:38:00	22	1,729.288	33.046	4	0	1	0	0	0	0	1	0	0	1	12
2013/12/31-05:38:39	22	1,729.288	33.046	12	0	0	0	2	0	0	1	1	0	0	13
2013/12/31-05:39:10	22	1,729.288	33.046	1	0	0	0	0	0	0	1	1	0	0	6
2013/12/31-05:39:35	22	1,729.288	33.046	1	0	1	0	0	0	0	1	0	0	1	3
2013/12/31-05:40:04	22	1,729.288	33.046	2	0	1	0	2	0	0	1	0	0	1	7
2013/12/31-05:40:29	22	1,729.288	33.046	13	0	0	1	0	0	0	1	1	0	0	40
2013/12/31-06:09:05	22	1,730.755	31.731	5	0	0	3	0	0	0	1	1	0	0	22
2013/12/31-06:09:46	22	1,730.755	31.731	0	0	0	1	0	0	0	1	1	0	0	4
2013/12/31-06:10:09	22	1,730.755	31.731	1	0	0	0	2	0	0	1	1	0	0	6
2013/12/31-06:10:33	22	1,730.755	31.731	7	0	1	0	0	0	0	1	0	0	1	18
2013/12/31-06:11:10	22	1,730.755	31.731	2	0	0	0	2	0	0	1	1	0	0	7
2013/12/31-06:11:35	22	1,730.755	31.731	2	0	0	0	2	0	0	1	1	0	0	3
2013/12/31-06:11:57	22	1,730.755	31.731	9	0	0	0	0	0	0	1	1	0	0	36
2013/12/31-06:22:58	22	1,730.755	31.731	1	0	0	1	0	0	1	1	0	0	1	3
2013/12/31-06:23:31	22	1,730.755	31.731	3	0	1	0	0	0	0	1	0	0	1	4
2013/12/31-06:23:59	22	1,730.755	31.731	5	0	0	22	1	0	0	1	1	0	0	33
2013/12/31-06:24:50	22	1,730.755	31.731	1	0	1	0	0	0	0	1	0	0	1	9
2013/12/31-06:25:26	22	1,730.755	31.731	4	0	1	4	1	0	0	1	0	0	1	34
2013/12/31-06:26:19	22	1,730.755	31.731	8	0	0	0	0	0	1	1	0	0	1	36
2013/12/31-06:27:31	22	1,730.755	31.731	3	0	1	0	0	0	0	1	0	0	1	12
2013/12/31-06:28:11	22	1,730.755	31.731	6	0	0	0	1	0	0	1	1	0	0	37
2013/12/31-06:29:06	22	1,730.755	31.731	5	0	0	0	1	0	0	1	1	0	0	16
2013/12/31-06:29:40	22	1,730.755	31.731	1	0	0	0	0	0	1	1	0	0	1	3
2013/12/31-06:30:36	22	1,730.755	31.731	9	0	0	1	0	0	0	1	1	0	0	23
2013/12/31-06:31:18	22	1,730.755	31.731	1	0	0	0	0	0	0	1	1	0	0	6
2013/12/31-06:31:42	22	1,730.755	31.731	2	0	1	0	0	0	0	1	0	0	1	7
2013/12/31-06:32:44	22	1,730.755	31.731	4	0	1	0	0	0	0	1	0	0	1	4
2013/12/31-06:52:09	22	1,723.855	30.397	19	0	0	0	0	0	0	1	1	0	0	78
2013/12/31-06:53:46	22	1,723.855	30.397	5	0	0	0	0	0	0	1	1	0	0	18
2013/12/31-06:54:23	22	1,723.855	30.397	0	0	0	3	0	0	0	1	1	0	0	4
2013/12/31-06:54:46	22	1,723.855	30.397	3	0	0	1	1	0	0	1	1	0	0	8
2013/12/31-06:55:12	22	1,723.855	30.397	2	0	1	0	1	0	0	1	0	0	1	6
2013/12/31-06:55:37	22	1,723.855	30.397	6	0	1	1	0	0	0	1	0	0	1	24
2013/12/31-06:56:19	22	1,723.855	30.397	3	0	0	0	0	0	1	1	0	0	1	15
2013/12/31-07:08:10	22	1,723.855	30.397	2	0	0	1	0	0	1	1	0	0	1	3
2013/12/31-07:08:37	22	1,723.855	30.397	1	0	0	0	1	0	0	1	1	0	0	15
2013/12/31-07:09:11	22	1,723.855	30.397	5	0	0	0	1	0	1	1	0	0	1	10
2013/12/31-07:09:40	22	1,723.855	30.397	3	0	0	0	0	0	1	1	0	0	1	9
2013/12/31-07:10:22	22	1,723.855	30.397	4	0	1	0	0	0	0	1	0	0	1	17
2013/12/31-07:11:18	22	1,723.855	30.397	12	0	1	0	0	0	0	1	0	0	1	63
2013/12/31-07:12:40	22	1,723.855	30.397	2	0	0	0	0	0	1	1	0	0	1	4
2013/12/31-07:14:26	22	1,723.855	30.397	6	0	0	3	0	0	0	1	1	0	0	24
2013/12/31-07:15:06	22	1,723.855	30.397	0	0	1	1	0	0	0	1	0	0	1	3
2013/12/31-07:15:31	22	1,716.659	29.757	3	0	0	22	1	0	0	1	1	0	0	21
2013/12/31-07:16:11	22	1,716.659	29.757	5	0	1	2	1	0	0	1	0	0	1	83
2013/12/31-07:17:53	22	1,716.659	29.757	1	0	1	0	0	0	0	1	0	0	1	4
2013/12/31-07:18:28	22	1,716.659	29.757	9	0	0	0	0	0	1	1	0	0	1	20
2013/12/31-07:19:21	22	1,716.659	29.757	2	0	1	0	0	0	0	1	0	0	1	9
2013/12/31-07:41:20	22	1,716.659	29.757	4	0	0	0	1	0	0	1	1	0	0	19
2013/12/31-07:41:58	22	1,716.659	29.757	0	0	0	3	0	0	0	1	1	0	0	4
2013/12/31-07:42:21	22	1,716.659	29.757	23	0	0	0	1	0	0	1	1	0	0	87
2013/12/31-07:44:07	22	1,716.659	29.757	2	0	0	1	0	0	0	1	1	0	0	14
2013/12/31-07:44:40	22	1,716.659	29.757	8	0	0	0	0	0	1	1	0	0	1	47
2013/12/31-07:45:46	22	1,716.659	29.757	0	0	0	0	0	0	0	1	1	0	0	3
2013/12/31-07:46:07	22	1,716.659	29.757	10	0	1	0	0	0	0	1	0	0	1	22
2013/12/31-07:57:24	22	1,716.659	29.757	1	0	1	0	0	0	0	1	0	0	1	5
2013/12/31-07:57:52	22	1,712.911	29.516	8	0	1	2	0	0	0	1	0	0	1	51
2013/12/31-07:59:07	22	1,712.911	29.516	1	0	0	0	1	0	0	1	1	0	0	10
2013/12/31-07:59:33	22	1,712.911	29.516	2	0	1	1	1	0	0	1	0	0	1	3
2013/12/31-07:59:59	22	1,712.911	29.516	12	0	0	0	0	0	0	1	1	0	0	75
2013/12/31-08:01:33	22	1,712.911	29.516	2	0	1	0	1	0	0	1	0	0	1	8
2013/12/31-08:02:14	22	1,712.911	29.516	1	0	0	0	0	0	1	1	0	0	1	3
2013/12/31-08:02:45	22	1,712.911	29.516	2	0	0	0	0	0	1	1	0	0	1	6
2013/12/31-08:03:33	22	1,712.911	29.516	11	0	0	20	1	0	0	1	1	0	0	29
2013/12/31-08:04:21	22	1,712.911	29.516	4	0	1	0	0	0	0	1	0	0	1	12
2013/12/31-08:05:20	22	1,712.911	29.516	9	0	1	5	0	0	0	1	0	0	1	33
2013/12/31-08:06:24	22	1,712.911	29.516	3	0	0	0	0	0	1	1	0	0	1	4
2013/12/31-08:06:48	22	1,712.911	29.516	2	0	0	1	0	0	0	1	1	0	0	19
2013/12/31-08:07:26	22	1,712.911	29.516	0	0	1	0	0	0	0	1	0	0	1	3
2014/01/01-19:00:04	24	1,707.31	93.461	4	0	0	2	3	0	0	1	1	0	0	14
2014/01/03-13:43:49	20	1,707.31	130.092	1	0	0	0	0	0	0	1	0	1	0	1
2014/01/03-14:14:15	20	1,707.31	130.092	7	0	1	4	0	0	0	1	0	0	1	29
2014/01/03-14:15:48	20	1,707.31	130.092	1	0	0	0	0	0	1	1	0	0	1	5
2014/01/03-14:16:13	20	1,707.31	130.092	5	0	1	0	0	0	0	1	0	0	1	26
2014/01/03-14:17:14	20	1,707.31	130.092	13	0	0	18	0	0	1	1	0	0	1	35
2014/01/03-14:18:22	20	1,707.31	130.092	1	0	0	0	0	0	1	1	0	0	1	3
2014/01/03-14:18:55	20	1,707.31	130.092	13	0	1	0	0	0	0	1	0	0	1	44
2014/01/03-14:20:04	20	1,707.31	130.092	2	0	0	0	0	0	1	1	0	0	1	8
2014/01/03-14:43:41	20	1,707.31	130.092	6	0	1	2	0	0	0	1	0	0	1	18
2014/01/03-14:45:32	20	1,707.31	130.092	1	0	0	0	0	0	0	1	1	0	0	4
2014/01/03-14:46:00	20	1,707.31	130.092	8	0	0	21	0	0	0	1	1	0	0	41
2014/01/03-14:47:05	20	1,707.31	130.092	8	0	0	2	0	0	1	1	0	0	1	15
2014/01/03-14:47:45	20	1,711.872	101.286	21	0	0	2	0	0	0	1	1	0	0	71
2014/01/03-14:49:21	20	1,711.872	101.286	3	0	1	0	0	0	0	1	0	0	1	8
2014/01/03-14:50:03	20	1,711.872	101.286	11	0	0	0	0	0	1	1	0	0	1	27
2014/01/04-11:18:36	22	1,701.757	94.537	9	0	0	0	1	0	1	1	0	0	1	26
2014/01/04-11:19:30	22	1,701.757	94.537	8	0	0	0	1	0	0	1	1	0	0	18
2014/01/04-11:20:07	18	1,715.238	89.62	11	0	0	9	1	0	0	1	1	0	0	34
2014/01/04-11:21:01	18	1,715.238	89.62	3	0	0	0	0	0	1	1	0	0	1	33
2014/01/04-11:21:53	18	1,715.238	89.62	1	0	1	0	0	0	0	1	0	0	1	6
2014/01/04-11:45:38	18	1,715.238	89.62	14	0	0	0	0	0	0	1	1	0	0	60
2014/01/04-11:46:57	18	1,715.238	89.62	3	0	1	0	0	0	0	1	0	0	1	13
2014/01/04-11:47:36	18	1,715.238	89.62	5	0	1	19	0	0	0	1	0	0	1	25
2014/01/04-11:48:20	18	1,715.238	89.62	17	0	0	2	0	0	1	1	0	0	1	41
2014/01/04-11:49:39	18	1,715.238	89.62	4	0	0	2	0	0	0	1	1	0	0	41
2014/01/04-12:09:24	15	1,731.704	78.705	11	0	0	0	1	0	0	1	1	0	0	23
2014/01/04-12:10:06	15	1,731.704	78.705	3	0	0	0	2	0	0	1	1	0	0	9
2014/01/04-12:10:34	15	1,731.704	78.705	6	0	0	3	0	0	1	1	0	0	1	23
2014/01/04-12:11:18	15	1,731.704	78.705	8	0	0	13	1	0	0	1	1	0	0	31
2014/01/04-12:12:08	15	1,731.704	78.705	7	0	1	2	0	0	0	1	0	0	1	25
2014/01/04-16:31:52	9	1,764.865	78.236	5	0	0	2	0	0	0	1	1	0	0	30
2014/01/04-16:32:41	9	1,764.865	78.236	5	0	0	0	0	0	1	1	0	0	1	19
2014/01/04-16:34:00	9	1,764.865	78.236	2	0	0	0	0	0	1	1	0	0	1	8
2014/01/04-16:34:29	9	1,764.865	78.236	1	0	0	0	0	0	1	1	0	0	1	4
2014/01/04-16:35:01	9	1,764.865	78.236	3	0	0	0	0	0	0	1	1	0	0	8
2014/01/04-17:04:36	10	1,769.717	72.318	5	0	1	0	0	0	0	1	0	0	1	14
2014/01/04-17:05:42	10	1,769.717	72.318	13	0	0	0	1	0	1	1	0	0	1	26
2014/01/04-17:06:54	10	1,769.717	72.318	8	0	0	1	1	0	0	1	1	0	0	30
2014/01/04-17:07:43	10	1,769.717	72.318	3	0	0	0	0	0	1	1	0	0	1	11
2014/01/04-17:09:02	10	1,769.717	72.318	3	0	0	0	0	0	1	1	0	0	1	10
2014/01/04-17:19:13	10	1,769.717	72.318	4	0	0	16	1	0	0	1	1	0	0	29
2014/01/04-17:20:01	10	1,769.717	72.318	0	0	1	0	0	0	0	1	0	0	1	5
2014/01/04-17:21:17	10	1,769.717	72.318	1	0	0	0	0	0	1	1	0	0	1	3
2014/01/04-17:21:48	10	1,769.717	72.318	2	0	1	0	0	0	0	1	0	0	1	9
2014/01/04-17:23:07	10	1,769.717	72.318	2	0	0	0	0	0	1	1	0	0	1	6
2014/01/04-23:36:19	17	1,719.118	74.021	5	0	0	0	0	0	0	1	1	0	0	20
2014/01/04-23:36:59	17	1,719.118	74.021	5	0	0	0	0	0	1	1	0	0	1	12
2014/01/04-23:37:54	17	1,719.118	74.021	5	0	0	2	0	0	1	1	0	0	1	16
2014/01/04-23:39:00	17	1,719.118	74.021	1	0	1	0	0	0	0	1	0	0	1	3
2014/01/04-23:39:50	17	1,719.118	74.021	3	0	0	1	2	0	0	1	1	0	0	15
2014/01/05-19:46:34	20	1,708.673	81.339	5	0	0	2	1	0	0	1	1	0	0	19
2014/01/05-19:47:14	20	1,708.673	81.339	4	0	0	5	0	0	0	1	1	0	0	32
2014/01/05-19:48:05	20	1,708.673	81.339	5	0	0	2	0	0	1	1	0	0	1	22
2014/01/05-19:48:45	20	1,708.673	81.339	1	0	0	0	0	0	0	1	1	0	0	7
2014/01/05-19:49:11	20	1,708.673	81.339	1	0	0	2	0	0	0	1	1	0	0	31
2014/01/05-20:02:24	19	1,719.765	77.833	11	0	0	6	2	0	0	1	1	0	0	60
2014/01/05-20:03:43	19	1,719.765	77.833	3	0	0	0	0	0	1	1	0	0	1	10
2014/01/05-20:05:02	19	1,719.765	77.833	8	0	1	5	0	0	0	1	0	0	1	39
2014/01/05-20:06:08	19	1,719.765	77.833	17	0	0	6	0	0	0	1	1	0	0	48
2014/01/05-20:07:14	19	1,719.765	77.833	8	0	0	5	2	0	0	1	1	0	0	31
2014/01/05-20:19:38	19	1,719.765	77.833	9	0	0	3	1	0	0	1	1	0	0	34
2014/01/05-20:20:31	19	1,719.765	77.833	3	0	0	1	0	0	1	1	0	0	1	10
2014/01/05-20:21:50	19	1,719.765	77.833	6	0	1	3	1	0	0	1	0	0	1	29
2014/01/05-20:22:48	19	1,719.765	77.833	7	0	1	3	1	0	0	1	0	0	1	34
2014/01/05-20:24:07	19	1,719.765	77.833	25	0	0	4	1	0	0	1	1	0	0	60
2014/02/09-22:51:11	14	1,734.909	72.118	0	0	1	1	0	0	0	1	0	0	1	4
2014/02/09-23:07:37	14	1,734.909	72.118	17	0	0	5	2	0	0	1	1	0	0	68
2014/02/09-23:11:11	14	1,734.909	72.118	6	0	0	1	0	0	1	1	0	0	1	17
