2013/12/25-22:02:01	62	1,500	350.155	6	0	0	5	1	0	0	1	1	0	0	20
2013/12/25-22:02:39	62	1,500	350.155	17	0	0	18	1	0	0	1	1	0	0	53
2013/12/25-22:03:50	62	1,500	350.155	2	0	0	0	1	0	0	1	1	0	0	11
2013/12/25-22:04:20	62	1,500	350.155	2	0	0	0	1	0	0	1	1	0	0	11
2013/12/25-22:04:50	62	1,500	350.155	5	0	0	0	1	0	0	1	1	0	0	19
2013/12/25-22:05:27	62	1,500	350.155	6	0	0	0	1	0	0	1	1	0	0	19
2013/12/25-22:06:05	62	1,500	350.155	9	0	0	4	1	0	0	1	1	0	0	39
2013/12/25-22:07:02	62	1,500	350.155	8	0	0	3	1	0	0	1	1	0	0	34
2013/12/25-22:07:54	62	1,500	350.155	4	0	0	0	1	0	0	1	1	0	0	17
2013/12/25-22:08:30	62	1,500	350.155	6	0	0	0	1	0	0	1	1	0	0	19
2013/12/25-22:09:07	62	1,500	350.155	4	0	0	0	1	0	0	1	1	0	0	21
2013/12/25-22:09:47	62	1,500	350.155	5	0	0	0	1	0	0	1	1	0	0	24
2013/12/25-22:10:29	62	1,500	350.155	3	0	0	3	1	0	0	1	1	0	0	25
2013/12/25-22:11:12	62	1,500	350.155	2	0	0	3	1	0	0	1	1	0	0	22
2013/12/25-22:11:53	62	1,500	350.155	1	0	0	0	1	0	0	1	1	0	0	4
2013/12/25-22:12:15	62	1,500	350.155	1	0	0	0	1	0	0	1	1	0	0	4
2013/12/25-22:13:30	62	1,500	350.155	15	0	0	11	1	0	0	1	1	0	0	43
2013/12/25-22:14:28	62	1,500	350.155	18	0	0	16	1	0	0	1	1	0	0	58
2013/12/25-22:15:45	62	1,500	350.155	7	0	0	0	0	0	0	1	0	1	0	30
2013/12/25-22:16:33	62	1,500	350.155	8	0	0	0	0	0	0	1	0	1	0	30
2013/12/25-22:17:22	62	1,500	350.155	6	0	0	0	1	0	0	1	1	0	0	21
2013/12/25-22:18:01	62	1,500	350.155	5	0	0	0	1	0	0	1	1	0	0	18
2013/12/25-22:18:37	62	1,500	350.155	7	0	0	1	1	0	0	1	1	0	0	27
2013/12/25-22:19:23	62	1,500	350.155	7	0	0	1	1	0	0	1	1	0	0	29
2013/12/25-22:20:10	62	1,500	350.155	4	0	0	0	1	0	0	1	1	0	0	17
2013/12/25-22:20:45	62	1,500	350.155	4	0	0	0	1	0	0	1	1	0	0	14
2013/12/25-22:21:17	62	1,500	350.155	4	0	0	0	1	0	0	1	1	0	0	21
2013/12/25-22:21:56	62	1,500	350.155	4	0	0	0	1	0	0	1	1	0	0	21
2013/12/25-22:22:36	62	1,500	350.155	2	0	0	3	1	0	0	1	1	0	0	22
2013/12/25-22:23:16	62	1,500	350.155	2	0	0	3	1	0	0	1	1	0	0	22
2013/12/25-22:23:57	62	1,500	350.155	2	0	0	0	1	0	0	1	1	0	0	7
2013/12/25-22:24:22	62	1,500	350.155	9	0	0	3	1	0	0	1	1	0	0	21
2013/12/25-22:25:42	62	1,500	350.155	18	0	0	9	0	0	0	1	0	1	0	60
2013/12/25-22:26:58	62	1,500	350.155	23	0	0	11	0	0	0	1	0	1	0	60
2013/12/25-22:28:17	62	1,500	350.155	10	0	0	6	0	0	0	1	0	1	0	30
2013/12/25-22:29:05	62	1,500	350.155	12	0	0	0	0	0	0	1	0	1	0	30
2013/12/25-22:29:54	62	1,500	350.155	10	0	0	0	0	0	0	1	0	1	0	30
2013/12/25-22:30:42	62	1,500	350.155	11	0	0	0	0	0	0	1	0	1	0	30
2013/12/25-22:31:30	62	1,500	350.155	12	0	0	1	0	0	0	1	0	1	0	45
2013/12/25-22:32:34	62	1,500	350.155	11	0	0	1	1	0	0	1	1	0	0	43
2013/12/25-22:33:35	62	1,500	350.155	16	0	0	0	0	0	0	1	0	1	0	60
2013/12/25-22:34:54	62	1,500	350.155	19	0	0	0	0	0	0	1	0	1	0	60
2013/12/25-22:36:12	62	1,500	350.155	5	0	0	0	1	0	0	1	1	0	0	25
2013/12/25-22:36:55	62	1,500	350.155	4	0	0	0	1	0	0	1	1	0	0	21
2013/12/25-22:37:35	62	1,500	350.155	2	0	0	3	1	0	0	1	1	0	0	22
2013/12/25-22:38:16	62	1,500	350.155	2	0	0	3	1	0	0	1	1	0	0	26
2013/12/25-22:39:00	62	1,500	350.155	18	0	0	8	0	0	0	1	0	1	0	30
2013/12/25-22:39:48	62	1,500	350.155	13	0	0	2	0	0	0	1	0	1	0	30
2013/12/25-22:43:30	62	1,500	350.155	14	0	0	8	1	0	0	1	1	0	0	30
2013/12/25-22:44:16	62	1,500	350.155	13	0	0	7	0	0	1	1	0	0	1	40
2013/12/25-22:45:14	62	1,500	350.155	9	0	0	0	1	0	0	1	1	0	0	25
2013/12/25-22:45:58	62	1,500	350.155	14	0	0	9	0	0	0	1	0	1	0	30
2013/12/25-22:46:47	62	1,500	350.155	8	0	0	0	0	0	0	1	0	1	0	30
2013/12/25-22:47:35	62	1,500	350.155	8	0	0	0	0	0	0	1	0	1	0	30
2013/12/25-22:48:23	62	1,500	350.155	1	0	0	0	0	0	0	1	1	0	0	4
2013/12/25-22:48:46	62	1,500	350.155	1	0	0	0	0	0	0	1	1	0	0	4
2013/12/25-22:49:08	62	1,500	350.155	5	0	0	0	1	0	0	1	1	0	0	15
2013/12/25-22:49:41	62	1,500	350.155	4	0	0	0	1	0	0	1	1	0	0	14
2013/12/25-22:50:14	62	1,500	350.155	0	0	0	0	0	0	0	1	1	0	0	3
2013/12/25-22:50:35	62	1,500	350.155	0	0	0	0	0	0	0	1	1	0	0	3
2013/12/25-22:50:56	62	1,500	350.155	0	0	0	3	0	0	0	1	1	0	0	3
2013/12/25-22:51:17	62	1,500	350.155	0	0	0	3	0	0	0	1	1	0	0	3
2013/12/25-22:51:38	62	1,500	350.155	7	0	0	1	0	0	0	1	1	0	0	19
2013/12/25-22:52:16	62	1,500	350.155	5	0	1	1	0	0	0	1	0	1	0	20
2013/12/26-14:57:06	26	1,732.221	350	15	0	0	3	1	0	1	1	0	0	1	45
2013/12/26-14:58:03	26	1,732.221	350	5	0	0	0	0	0	1	1	0	0	1	18
2013/12/26-14:58:32	26	1,732.221	350	7	0	0	0	1	0	0	1	1	0	0	12
2013/12/26-14:58:57	26	1,732.221	350	13	0	0	0	1	0	0	1	1	0	0	46
2013/12/26-14:59:57	26	1,732.221	350	6	0	0	0	1	0	0	1	1	0	0	25
2013/12/26-15:00:36	26	1,732.221	350	19	0	0	1	0	0	0	1	1	0	0	80
2013/12/26-15:45:49	26	1,732.221	350	13	0	0	0	0	0	1	1	0	0	1	22
2013/12/26-15:51:00	26	1,732.221	350	2	0	0	0	0	0	1	1	0	0	1	6
2013/12/26-15:52:19	26	1,732.221	350	1	0	0	1	0	0	0	1	1	0	0	3
2013/12/26-15:52:41	26	1,732.221	350	24	0	0	0	1	0	0	1	1	0	0	19
2013/12/26-15:53:18	1	2,193.088	263.957	20	0	0	6	0	0	0	1	1	0	0	45
2013/12/26-15:54:21	1	2,193.088	263.957	29	0	0	0	0	0	1	1	0	0	1	89
2013/12/26-15:56:08	1	2,193.088	263.957	2	0	1	0	0	0	0	1	0	0	1	10
2013/12/26-15:56:49	1	2,193.088	263.957	2	0	0	0	0	0	1	1	0	0	1	8
2013/12/26-15:58:06	1	2,193.088	263.957	4	0	1	1	0	0	0	1	0	0	1	8
2013/12/26-15:58:29	1	2,193.088	263.957	6	0	0	0	0	0	0	1	1	0	0	24
2013/12/26-15:59:08	1	2,193.088	263.957	4	0	1	0	0	0	0	1	0	0	1	16
2013/12/26-15:59:43	1	2,193.088	263.957	23	0	1	0	0	0	0	1	0	0	1	82
2013/12/26-16:01:28	1	2,193.088	263.957	24	0	0	5	0	0	0	1	1	0	0	58
2013/12/26-16:02:44	1	2,193.088	263.957	10	0	0	0	1	0	0	1	1	0	0	20
2013/12/26-16:03:29	1	2,193.088	263.957	2	0	0	0	1	0	1	1	0	0	1	7
2013/12/26-16:13:43	1	2,193.088	263.957	1	0	1	0	0	0	0	1	0	0	1	6
2013/12/26-16:14:11	1	2,193.088	263.957	1	0	0	1	0	0	0	1	1	0	0	3
2013/12/26-16:14:30	1	2,193.088	263.957	3	0	1	1	0	0	0	1	0	0	1	17
2013/12/26-16:16:17	1	2,193.088	263.957	15	0	1	0	0	0	0	1	0	0	1	64
2013/12/26-16:17:45	1	2,193.088	263.957	6	0	0	0	0	0	0	1	1	0	0	12
2013/12/26-16:18:12	1	2,193.088	263.957	1	0	1	0	0	0	0	1	0	0	1	3
2013/12/26-16:18:40	1	2,193.088	263.957	15	0	0	0	1	0	0	1	1	0	0	15
2013/12/26-22:06:12	79	1,270.613	201.062	7	0	0	0	0	0	0	1	1	0	0	18
2013/12/26-22:06:50	79	1,270.613	201.062	9	0	0	1	1	0	0	1	1	0	0	32
2013/12/26-22:07:41	79	1,270.613	201.062	9	0	0	2	0	0	0	1	1	0	0	27
2013/12/26-22:08:26	79	1,270.613	201.062	5	0	1	0	0	0	0	1	0	0	1	14
2013/12/26-22:08:59	79	1,270.613	201.062	4	0	0	0	0	0	1	1	0	0	1	14
2013/12/26-22:09:32	79	1,270.613	201.062	1	0	0	0	0	0	0	1	1	0	0	5
2013/12/26-22:09:56	79	1,270.613	201.062	2	0	1	0	0	0	0	1	0	0	1	50
2013/12/26-22:19:21	79	1,270.613	201.062	5	0	0	0	0	0	1	1	0	0	1	13
2013/12/26-22:19:53	79	1,270.613	201.062	3	0	1	2	0	0	0	1	0	0	1	7
2013/12/26-22:20:19	79	1,270.613	201.062	21	0	0	0	0	0	1	1	0	0	1	15
2013/12/26-22:21:21	79	1,270.613	201.062	16	0	0	0	1	0	1	1	0	0	1	57
2013/12/26-22:22:38	79	1,270.613	201.062	1	0	1	0	0	0	0	1	0	0	1	3
2013/12/26-22:23:39	79	1,270.613	201.062	13	0	1	2	0	0	0	1	0	0	1	31
2013/12/26-22:24:45	79	1,270.613	201.062	2	0	1	0	0	0	0	1	0	0	1	10
2013/12/26-22:33:13	79	1,270.613	201.062	25	0	1	2	0	0	0	1	0	0	1	82
2013/12/26-22:34:49	79	1,270.613	201.062	12	0	0	6	1	0	0	1	1	0	0	58
2013/12/26-22:36:03	79	1,270.613	201.062	2	0	0	1	2	0	0	1	1	0	0	6
2013/12/26-22:36:28	79	1,270.613	201.062	11	0	0	0	0	0	0	1	0	0	1	60
2013/12/26-22:37:47	3	1,893.232	153.39	3	0	0	1	0	0	0	1	1	0	0	6
2013/12/26-22:38:15	3	1,893.232	153.39	9	0	0	0	0	0	1	1	0	0	1	23
2013/12/26-22:39:00	3	1,893.232	153.39	20	0	0	0	0	0	1	1	0	0	1	21
2013/12/26-23:01:16	3	1,893.232	153.39	18	0	0	0	1	0	0	1	1	0	0	34
2013/12/26-23:02:10	3	1,893.232	153.39	8	0	1	1	0	0	0	1	0	0	1	22
2013/12/26-23:02:50	3	1,893.232	153.39	5	0	0	0	1	0	0	1	1	0	0	21
2013/12/26-23:03:30	3	1,893.232	153.39	4	0	0	9	1	0	0	1	1	0	0	81
2013/12/26-23:05:10	3	1,893.232	153.39	3	0	0	0	0	0	1	1	0	0	1	7
2013/12/26-23:05:50	3	1,893.232	153.39	5	0	0	0	0	0	0	1	1	0	0	17
2013/12/26-23:06:25	3	1,893.232	153.39	6	0	1	0	0	0	0	1	0	0	1	24
2013/12/26-23:19:14	3	1,893.232	153.39	15	0	1	8	1	0	0	1	0	0	1	39
2013/12/26-23:20:13	3	1,893.232	153.39	1	0	0	1	0	0	0	1	1	0	0	3
2013/12/26-23:20:35	3	1,893.232	153.39	6	0	0	0	1	0	0	1	1	0	0	5
2013/12/26-23:20:59	3	1,893.232	153.39	1	0	0	0	0	0	1	1	0	0	1	8
2013/12/26-23:21:43	3	1,893.232	153.39	9	0	0	0	3	0	0	1	1	0	0	18
2013/12/26-23:27:03	3	1,893.232	153.39	2	0	1	0	1	0	0	1	0	0	1	9
2013/12/26-23:27:36	3	1,893.232	153.39	19	0	0	1	1	0	0	1	1	0	0	70
2013/12/26-23:38:47	11	1,832.267	123.178	2	0	0	0	0	0	1	1	0	0	1	5
2013/12/26-23:39:24	11	1,832.267	123.178	4	0	1	0	0	0	0	1	0	0	1	17
2013/12/26-23:41:06	11	1,832.267	123.178	2	0	0	1	0	0	1	1	0	0	1	7
2013/12/26-23:41:49	11	1,832.267	123.178	4	0	1	0	0	0	0	1	0	0	1	13
2013/12/26-23:42:59	11	1,832.267	123.178	1	0	0	0	0	0	0	1	1	0	0	6
2013/12/26-23:43:24	11	1,832.267	123.178	3	0	0	0	2	0	0	1	1	0	0	10
2013/12/26-23:43:53	11	1,832.267	123.178	22	0	1	0	0	0	0	1	0	0	1	40
2013/12/26-23:48:57	11	1,832.267	123.178	3	0	0	9	0	0	1	1	0	0	1	82
2013/12/26-23:50:38	11	1,832.267	123.178	11	0	1	0	0	0	0	1	0	0	1	29
2013/12/26-23:51:26	11	1,832.267	123.178	1	0	0	0	0	0	1	1	0	0	1	4
2013/12/26-23:51:59	11	1,832.267	123.178	22	0	1	2	0	0	0	1	0	0	1	51
2013/12/26-23:53:09	11	1,832.267	123.178	14	0	0	3	1	0	1	1	0	0	1	37
2013/12/26-23:54:05	11	1,832.267	123.178	2	0	0	0	1	0	0	1	1	0	0	8
2013/12/26-23:54:31	11	1,832.267	123.178	2	0	0	0	0	0	0	1	1	0	0	7
2013/12/27-00:11:02	11	1,832.267	123.178	2	0	1	0	0	0	0	1	0	0	1	10
2013/12/27-00:11:45	11	1,832.267	123.178	30	0	0	0	1	0	0	1	1	0	0	90
2013/12/27-00:13:34	34	1,686.336	99.024	5	0	0	2	0	0	0	1	1	0	0	7
2013/12/27-00:13:59	34	1,686.336	99.024	18	0	0	0	0	0	1	1	0	0	1	67
2013/12/27-00:15:25	34	1,686.336	99.024	8	0	1	0	1	0	0	1	0	0	1	13
2013/12/27-00:15:58	34	1,686.336	99.024	2	0	0	0	0	0	1	1	0	0	1	3
2013/12/27-00:16:24	34	1,686.336	99.024	16	0	0	3	0	0	1	1	0	0	1	37
2013/12/27-00:31:07	34	1,686.336	99.024	3	0	0	0	0	0	1	1	0	0	1	9
2013/12/27-00:32:04	34	1,686.336	99.024	2	0	1	0	0	0	0	1	0	0	1	2
2013/12/27-00:32:35	34	1,686.336	99.024	4	0	0	0	0	0	1	1	0	0	1	4
2013/12/27-00:33:00	34	1,686.336	99.024	2	0	0	0	0	0	1	1	0	0	1	5
2013/12/27-00:33:38	34	1,686.336	99.024	4	0	1	0	0	0	0	1	0	0	1	8
2013/12/27-00:34:34	34	1,686.336	99.024	1	0	1	0	0	0	0	1	0	0	1	3
2013/12/27-00:35:15	34	1,686.336	99.024	4	0	1	0	1	0	0	1	0	0	1	9
2013/12/27-00:36:17	34	1,686.336	99.024	8	0	0	0	1	0	0	1	1	0	0	15
2013/12/27-00:36:51	34	1,686.336	99.024	2	0	0	1	0	0	0	1	1	0	0	10
2013/12/27-00:37:19	34	1,686.336	99.024	1	0	0	0	1	0	0	1	1	0	0	4
2013/12/27-00:37:42	34	1,686.336	99.024	7	0	0	2	0	0	0	1	1	0	0	25
2013/12/27-00:38:26	34	1,686.336	99.024	3	0	0	29	0	0	0	1	1	0	0	46
2013/12/27-00:39:30	34	1,686.336	99.024	18	0	0	0	1	0	0	1	1	0	0	55
2013/12/27-00:40:44	34	1,686.336	99.024	16	0	1	0	1	0	0	1	0	0	1	58
2013/12/27-01:03:15	26	1,722.847	80.524	19	0	0	0	1	0	1	1	0	0	1	17
2013/12/27-01:03:52	26	1,722.847	80.524	13	0	0	1	0	0	1	1	0	0	1	56
2013/12/27-01:05:19	26	1,722.847	80.524	2	0	0	0	0	0	0	1	1	0	0	8
2013/12/27-01:05:46	26	1,722.847	80.524	7	0	0	0	0	0	1	1	0	0	1	13
2013/12/27-01:06:18	26	1,722.847	80.524	12	0	0	7	1	0	0	1	1	0	0	42
2013/12/27-01:07:19	26	1,722.847	80.524	1	0	1	0	0	0	0	1	0	0	1	3
2013/12/27-01:07:41	26	1,722.847	80.524	3	0	1	1	0	0	0	1	1	0	0	7
2013/12/27-01:18:10	26	1,722.847	80.524	6	0	0	0	0	0	0	1	1	0	0	81
2013/12/27-01:20:11	26	1,722.847	80.524	4	0	1	0	0	0	0	1	0	0	1	6
2013/12/27-01:20:40	26	1,722.847	80.524	1	0	1	0	0	0	0	1	0	0	1	2
2013/12/27-01:21:17	26	1,722.847	80.524	2	0	0	1	1	0	1	1	0	1	0	2
2013/12/27-01:21:50	26	1,722.847	80.524	2	0	1	0	0	0	0	1	0	0	1	7
2013/12/27-01:24:30	26	1,722.847	80.524	2	0	0	0	0	0	1	1	0	0	1	5
2013/12/27-01:25:53	26	1,722.847	80.524	3	0	1	0	0	0	0	1	0	0	1	9
2013/12/27-01:37:37	31	1,680.847	69.865	0	0	1	2	0	0	0	1	0	0	1	4
2013/12/27-01:39:01	31	1,680.847	69.865	6	0	1	0	0	0	0	1	0	0	1	11
2013/12/27-01:39:31	31	1,680.847	69.865	4	0	0	0	0	0	0	1	1	0	0	13
2013/12/27-01:40:02	31	1,680.847	69.865	2	0	1	0	0	0	0	1	0	0	1	11
2013/12/27-01:40:32	31	1,680.847	69.865	7	0	0	3	0	0	1	1	0	0	1	24
2013/12/27-01:41:15	31	1,680.847	69.865	5	0	0	1	0	0	0	1	1	0	0	19
2013/12/27-01:41:52	31	1,680.847	69.865	5	0	0	0	1	0	1	1	1	0	0	8
2013/12/27-01:55:12	31	1,680.847	69.865	12	0	0	2	1	0	1	1	0	0	1	31
2013/12/27-01:56:02	31	1,680.847	69.865	2	0	0	1	0	0	0	1	1	0	0	5
2013/12/27-01:56:26	31	1,680.847	69.865	1	0	1	0	0	0	0	1	0	0	1	8
2013/12/27-01:56:53	31	1,680.847	69.865	18	0	0	0	0	0	0	1	1	0	0	12
2013/12/27-01:57:23	31	1,680.847	69.865	7	0	1	0	0	0	0	1	0	0	1	13
2013/12/27-01:58:22	31	1,680.847	69.865	11	0	0	11	1	0	0	1	1	0	0	26
2013/12/27-01:59:08	31	1,680.847	69.865	12	0	1	0	0	0	0	1	0	0	1	50
2013/12/27-02:11:15	31	1,680.847	69.865	12	0	0	0	0	0	0	1	1	0	0	22
2013/12/27-02:11:56	31	1,680.847	69.865	11	0	0	0	1	0	0	1	1	0	0	107
2013/12/27-02:14:23	31	1,680.847	69.865	3	0	0	0	1	0	1	1	0	0	1	7
2013/12/27-02:14:53	31	1,680.847	69.865	3	0	0	0	1	0	1	1	0	0	1	4
2013/12/27-02:15:30	31	1,680.847	69.865	1	0	1	0	0	0	0	1	1	0	0	2
2013/12/27-02:15:57	31	1,680.847	69.865	3	0	0	0	0	0	0	1	1	0	0	7
2013/12/27-02:16:23	31	1,692.145	59.783	5	0	1	2	1	0	0	1	0	0	1	14
2013/12/27-02:27:26	31	1,692.145	59.783	2	0	0	0	2	0	1	1	1	0	0	6
2013/12/27-02:27:50	31	1,692.145	59.783	1	0	0	0	1	0	1	1	0	0	1	4
2013/12/27-02:28:13	31	1,692.145	59.783	0	0	0	2	0	0	0	1	1	0	0	4
2013/12/27-02:28:36	31	1,692.145	59.783	8	0	0	0	1	0	1	1	0	0	1	20
2013/12/27-02:29:15	31	1,692.145	59.783	8	0	0	4	1	0	0	1	1	0	0	24
2013/12/27-02:29:58	31	1,692.145	59.783	12	0	0	0	0	0	0	1	1	0	0	42
2013/12/27-02:30:59	31	1,692.145	59.783	8	0	0	1	0	0	0	1	1	0	0	18
2013/12/27-02:42:55	31	1,692.145	59.783	12	0	0	0	0	0	0	1	1	0	0	20
2013/12/27-02:43:34	31	1,692.145	59.783	1	0	1	0	0	0	0	1	0	0	1	15
2013/12/27-02:44:12	31	1,692.145	59.783	15	0	1	0	0	0	0	1	0	0	1	65
2013/12/27-02:45:35	31	1,692.145	59.783	8	0	0	0	0	0	1	1	0	0	1	5
2013/12/27-02:46:13	31	1,692.145	59.783	15	0	1	3	0	0	0	1	0	0	1	50
2013/12/27-02:47:28	31	1,692.145	59.783	1	0	1	1	0	0	0	1	0	0	1	5
2013/12/27-02:47:55	31	1,692.145	59.783	8	0	1	4	1	0	0	1	0	0	1	82
2013/12/27-02:54:47	31	1,692.145	59.783	4	0	1	0	0	0	0	1	0	0	1	15
2013/12/27-02:55:24	31	1,692.145	59.783	4	0	1	0	1	0	0	1	0	0	1	10
2013/12/27-02:55:57	31	1,692.145	59.783	0	0	1	0	0	0	0	1	0	0	1	3
2013/12/27-02:56:24	31	1,692.145	59.783	4	0	1	0	1	0	0	1	1	0	0	5
2013/12/27-02:56:52	31	1,692.145	59.783	4	0	0	0	1	0	0	1	1	0	0	18
2013/12/27-02:57:30	30	1,697.385	52.274	5	0	1	0	0	0	0	1	0	0	1	13
2013/12/27-02:58:04	30	1,697.385	52.274	13	0	0	0	1	0	0	1	1	0	0	28
2013/12/27-07:26:35	30	1,697.385	52.274	1	0	1	0	0	0	0	1	0	0	1	8
2013/12/27-07:27:02	30	1,697.385	52.274	0	0	0	4	0	0	0	1	1	0	0	20
2013/12/27-07:27:41	30	1,697.385	52.274	4	0	0	0	0	0	0	1	1	0	0	12
2013/12/27-07:28:12	30	1,697.385	52.274	7	0	0	1	0	0	0	1	1	0	0	28
2013/12/27-07:28:59	30	1,697.385	52.274	3	0	0	0	1	0	0	1	1	0	0	12
2013/12/27-07:29:29	30	1,697.385	52.274	9	0	0	0	2	0	0	1	1	0	0	18
2013/12/27-07:30:06	30	1,697.385	52.274	9	0	0	4	0	0	0	1	1	0	0	28
2013/12/27-07:41:46	30	1,697.385	52.274	19	0	0	0	0	0	0	1	1	0	0	73
2013/12/27-07:43:18	30	1,697.385	52.274	7	0	0	0	0	0	1	1	0	0	1	6
2013/12/27-07:43:51	30	1,697.385	52.274	7	0	1	2	1	0	0	1	0	0	1	11
2013/12/27-07:44:21	30	1,697.385	52.274	2	0	1	0	1	0	0	1	0	0	1	10
2013/12/27-07:44:58	30	1,697.385	52.274	19	0	0	6	1	0	1	1	0	0	1	59
2013/12/27-07:46:16	30	1,697.385	52.274	22	0	1	0	1	0	0	1	0	0	1	38
2013/12/27-07:47:13	30	1,697.385	52.274	28	0	0	0	1	0	0	1	1	0	0	90
2013/12/27-07:59:26	26	1,720.657	47.381	17	0	1	2	1	0	0	1	0	0	1	42
2013/12/27-08:00:27	26	1,720.657	47.381	6	0	0	0	1	0	0	1	1	0	0	5
2013/12/27-08:00:51	26	1,720.657	47.381	1	0	1	0	0	0	0	1	0	0	1	6
2013/12/27-08:01:41	26	1,720.657	47.381	22	0	0	14	0	0	1	1	0	0	1	62
2013/12/27-08:03:02	26	1,720.657	47.381	23	0	1	0	0	0	0	1	0	0	1	82
2013/12/27-08:04:51	26	1,720.657	47.381	6	0	0	0	0	0	0	1	1	0	0	14
2013/12/27-08:05:23	26	1,720.657	47.381	4	0	0	0	0	0	1	1	0	0	1	13
2013/12/27-08:16:52	26	1,720.657	47.381	9	0	0	0	0	0	0	1	1	0	0	27
2013/12/27-08:17:38	26	1,720.657	47.381	1	0	0	0	1	0	0	1	1	0	0	6
2013/12/27-08:18:03	26	1,720.657	47.381	19	0	0	1	0	0	0	1	1	0	0	67
2013/12/27-08:19:29	26	1,720.657	47.381	13	0	0	18	1	0	1	1	1	0	0	76
2013/12/27-08:21:03	26	1,720.657	47.381	21	0	0	4	0	0	0	1	1	0	0	59
2013/12/27-08:22:21	26	1,720.657	47.381	20	0	0	3	2	0	0	1	1	0	0	38
2013/12/27-08:23:18	26	1,720.657	47.381	1	0	0	0	1	0	1	1	0	0	1	3
2013/12/27-08:33:23	26	1,720.657	47.381	25	0	0	0	0	0	0	1	1	0	0	90
2013/12/27-08:35:12	26	1,720.657	47.381	2	0	1	0	2	0	0	1	0	0	1	10
2013/12/27-08:35:40	26	1,720.657	47.381	15	0	0	0	0	0	1	1	0	0	1	12
2013/12/27-08:36:35	26	1,727.665	43.444	21	0	0	2	0	0	1	1	0	0	1	45
2013/12/27-08:37:39	26	1,727.665	43.444	7	0	1	0	0	0	0	1	0	0	1	12
2013/12/27-08:38:15	26	1,727.665	43.444	18	0	0	1	0	0	1	1	0	0	1	60
2013/12/27-08:39:40	26	1,727.665	43.444	5	0	0	1	0	0	1	1	0	0	1	12
2013/12/27-08:45:47	26	1,727.665	43.444	6	0	0	0	0	0	1	1	0	0	1	5
2013/12/27-08:46:52	26	1,727.665	43.444	2	0	0	0	0	0	0	1	1	0	0	60
2013/12/27-08:48:11	26	1,727.665	43.444	10	0	0	3	0	0	0	1	1	0	0	34
2013/12/27-08:49:04	26	1,727.665	43.444	17	0	1	0	1	0	0	1	0	0	1	58
2013/12/27-08:50:21	26	1,727.665	43.444	11	0	0	0	0	0	1	1	0	0	1	23
2013/12/27-08:51:03	26	1,727.665	43.444	4	0	0	1	0	0	1	1	0	0	1	13
2013/12/27-08:52:49	26	1,727.665	43.444	3	0	0	0	1	0	0	1	1	0	0	9
2013/12/27-09:09:56	26	1,727.665	43.444	6	0	0	0	0	0	0	1	1	0	0	24
2013/12/27-09:10:39	26	1,727.665	43.444	0	0	1	3	0	0	0	1	1	0	0	89
2013/12/27-09:12:26	26	1,727.665	43.444	5	0	0	2	0	0	1	1	0	0	1	17
2013/12/27-09:13:05	26	1,727.665	43.444	10	0	1	0	0	0	0	1	0	0	1	19
2013/12/27-09:13:49	26	1,727.665	43.444	16	0	0	0	0	0	0	1	0	0	1	60
2013/12/27-09:15:08	26	1,727.665	43.444	20	0	0	3	0	0	0	1	1	0	0	71
2013/12/27-09:16:38	26	1,727.665	43.444	3	0	0	0	0	0	0	1	1	0	0	9
2013/12/27-09:26:37	30	1,699.012	40.214	6	0	0	2	0	0	1	1	0	0	1	12
2013/12/27-09:27:27	30	1,699.012	40.214	11	0	1	0	0	0	0	1	0	0	1	28
2013/12/27-09:28:13	30	1,699.012	40.214	5	0	0	0	0	0	1	1	0	0	1	5
2013/12/27-09:28:38	30	1,699.012	40.214	18	0	0	3	0	0	0	1	1	0	0	67
2013/12/27-09:30:04	30	1,699.012	40.214	1	0	1	0	0	0	0	1	0	0	1	15
2013/12/27-09:30:40	30	1,699.012	40.214	7	0	0	2	1	0	1	1	0	0	1	11
2013/12/27-09:31:08	30	1,699.012	40.214	10	0	0	17	0	0	1	1	0	0	1	28
2013/12/27-09:37:21	30	1,699.012	40.214	20	0	0	0	1	0	0	1	1	0	0	41
2013/12/27-09:38:21	30	1,699.012	40.214	4	0	0	0	0	0	0	1	1	0	0	11
2013/12/27-09:38:50	30	1,699.012	40.214	11	0	0	0	2	0	1	1	0	0	1	11
2013/12/27-09:39:20	30	1,699.012	40.214	5	0	0	1	1	0	1	1	0	0	1	16
2013/12/27-09:39:54	30	1,699.012	40.214	9	0	0	8	1	0	0	1	1	0	0	33
2013/12/27-09:40:47	30	1,699.012	40.214	24	0	0	0	1	0	1	1	0	0	1	57
2013/12/27-09:42:07	30	1,699.012	40.214	3	0	0	1	0	0	0	1	1	0	0	7
2013/12/27-10:51:20	30	1,697.675	39.523	29	0	0	0	0	0	1	1	0	0	1	44
2013/12/27-10:52:40	30	1,697.675	39.523	20	0	0	5	0	0	0	1	0	1	0	60
2013/12/27-10:53:59	30	1,697.675	39.523	7	0	0	2	0	0	1	1	0	0	1	20
2013/12/27-10:55:17	30	1,697.675	39.523	0	0	1	0	0	0	0	1	0	0	1	5
2013/12/27-10:56:31	30	1,697.675	39.523	2	0	0	0	0	0	1	1	0	0	1	6
2013/12/27-11:15:22	30	1,697.675	39.523	14	0	0	11	1	0	1	1	0	0	1	34
2013/12/27-11:16:16	30	1,697.675	39.523	30	0	0	0	1	0	0	1	1	0	0	55
2013/12/27-11:17:29	30	1,697.675	39.523	4	0	1	0	0	0	0	1	0	0	1	10
2013/12/27-11:17:58	30	1,697.675	39.523	3	0	0	0	2	0	0	1	1	0	0	13
2013/12/27-11:18:30	30	1,697.675	39.523	3	0	1	0	0	0	0	1	0	0	1	10
2013/12/27-11:35:37	28	1,701.193	37.949	7	0	0	4	0	0	0	1	1	0	0	43
2013/12/27-11:36:38	28	1,701.193	37.949	2	0	1	0	0	0	0	1	0	0	1	7
2013/12/27-11:37:57	28	1,701.193	37.949	2	0	1	0	1	0	0	1	0	0	1	6
2013/12/27-11:38:31	28	1,701.193	37.949	20	0	0	2	1	0	1	1	0	0	1	42
2013/12/27-11:39:32	28	1,701.193	37.949	17	0	0	0	2	0	0	1	1	0	0	13
2013/12/27-19:53:52	27	1,702.742	46.407	8	0	0	0	1	0	0	1	1	0	0	25
2013/12/27-19:54:38	27	1,702.742	46.407	1	0	0	0	1	0	1	1	0	0	1	3
2013/12/27-19:55:06	27	1,702.742	46.407	11	0	1	1	0	0	0	1	0	0	1	30
2013/12/27-19:56:10	27	1,702.742	46.407	3	0	0	0	0	0	1	1	0	0	1	3
2013/12/27-19:56:38	27	1,702.742	46.407	7	0	1	0	1	0	0	1	0	0	1	15
2013/12/27-20:00:55	28	1,688.319	45.254	9	0	0	0	0	0	0	1	1	0	0	31
2013/12/27-20:01:45	28	1,688.319	45.254	9	0	0	1	0	0	1	1	0	0	1	31
2013/12/27-20:02:49	28	1,688.319	45.254	3	0	0	0	2	0	0	1	1	0	0	9
2013/12/27-20:03:17	28	1,688.319	45.254	9	0	0	2	1	0	0	1	1	0	0	44
2013/12/27-20:04:19	28	1,688.319	45.254	6	0	0	0	0	0	1	1	0	0	1	8
2013/12/27-20:15:33	28	1,688.319	45.254	8	0	0	0	0	0	1	1	0	0	1	13
2013/12/27-20:16:23	28	1,688.319	45.254	6	0	1	0	0	0	0	1	0	0	1	25
2013/12/27-20:17:07	28	1,688.319	45.254	17	0	0	3	0	0	0	1	0	0	1	60
2013/12/27-20:18:27	28	1,688.319	45.254	28	0	0	9	0	0	0	1	1	0	0	60
2013/12/27-20:19:45	28	1,688.319	45.254	11	0	0	2	0	0	1	1	0	0	1	30
2013/12/27-20:32:41	28	1,693.97	43.035	17	0	0	0	1	0	0	1	1	0	0	33
2013/12/27-20:33:34	28	1,693.97	43.035	11	0	0	0	0	0	1	1	0	0	1	8
2013/12/27-20:34:01	28	1,693.97	43.035	0	0	1	0	0	0	0	1	0	0	1	4
2013/12/27-20:34:24	28	1,693.97	43.035	9	0	0	0	1	0	0	1	1	0	0	27
2013/12/27-20:35:11	28	1,693.97	43.035	14	0	0	2	0	0	0	1	1	0	0	51
2013/12/27-20:52:53	28	1,693.97	43.035	34	0	0	6	0	0	0	1	1	0	0	60
2013/12/27-20:54:12	28	1,693.97	43.035	9	0	0	0	1	0	0	1	1	0	0	28
2013/12/27-20:55:00	28	1,693.97	43.035	5	0	0	0	1	0	0	1	1	0	0	15
2013/12/27-20:55:33	28	1,693.97	43.035	3	0	1	0	0	0	0	1	0	0	1	7
2013/12/27-20:55:59	28	1,693.97	43.035	2	0	1	0	0	0	0	1	0	0	1	6
2013/12/27-21:06:56	25	1,708.091	41.023	5	0	0	0	0	0	1	1	0	0	1	13
2013/12/27-21:07:54	25	1,708.091	41.023	8	0	0	2	3	0	0	1	1	0	0	28
2013/12/27-21:08:41	25	1,708.091	41.023	20	0	0	3	0	0	0	1	1	0	0	60
2013/12/27-21:10:00	25	1,708.091	41.023	4	0	1	0	0	0	0	1	0	0	1	7
2013/12/27-21:11:01	25	1,708.091	41.023	6	0	0	6	0	0	1	1	0	0	1	20
2013/12/27-21:18:12	25	1,708.091	41.023	12	0	0	0	2	0	0	1	1	0	0	16
2013/12/27-21:18:47	25	1,708.091	41.023	7	0	0	0	1	0	0	1	1	0	0	24
2013/12/27-21:19:30	25	1,708.091	41.023	3	0	1	0	0	0	0	1	0	0	1	9
2013/12/27-21:20:31	25	1,708.091	41.023	14	0	0	13	2	0	0	1	1	0	0	57
2013/12/27-21:21:46	25	1,708.091	41.023	1	0	0	0	0	0	0	1	1	0	0	5
2013/12/27-21:32:14	25	1,714.828	39.37	1	0	1	0	0	0	0	1	0	0	1	13
2013/12/27-21:32:50	25	1,714.828	39.37	4	0	0	0	2	0	0	1	1	0	0	20
2013/12/27-21:33:29	25	1,714.828	39.37	7	0	0	0	1	0	1	1	0	0	1	4
2013/12/27-21:34:24	25	1,714.828	39.37	14	0	1	2	1	0	0	1	0	0	1	28
2013/12/27-21:35:11	25	1,714.828	39.37	15	0	0	2	0	0	0	1	0	0	1	60
2013/12/27-22:04:00	25	1,714.828	39.37	7	0	0	0	0	0	1	1	0	0	1	16
2013/12/27-22:05:02	25	1,714.828	39.37	4	0	1	0	0	0	0	1	0	0	1	13
2013/12/27-22:05:34	25	1,714.828	39.37	1	0	1	0	1	0	0	1	0	0	1	3
2013/12/27-22:06:17	25	1,714.828	39.37	3	0	0	0	0	0	0	1	0	0	1	60
2013/12/27-22:07:36	25	1,714.828	39.37	3	0	0	0	0	0	1	1	0	0	1	11
2013/12/27-22:18:37	25	1,709.998	37.765	4	0	1	0	1	0	0	1	0	0	1	41
2013/12/27-22:19:39	25	1,709.998	37.765	30	0	0	0	1	0	0	1	1	0	0	60
2013/12/27-22:20:59	25	1,709.998	37.765	5	0	0	0	1	0	1	1	0	0	1	4
2013/12/27-22:21:24	25	1,709.998	37.765	2	0	0	0	2	0	0	1	1	0	0	6
2013/12/27-22:21:56	25	1,709.998	37.765	4	0	0	0	2	0	0	1	1	0	0	12
2013/12/27-22:56:28	25	1,709.998	37.765	1	0	0	0	1	0	0	1	1	0	0	9
2013/12/27-22:56:58	25	1,709.998	37.765	32	0	0	0	1	0	0	1	1	0	0	59
2013/12/27-22:58:16	25	1,709.998	37.765	12	0	0	0	0	0	1	1	0	0	1	10
2013/12/27-23:00:54	25	1,709.998	37.765	2	0	0	0	0	0	1	1	0	0	1	6
2013/12/27-23:01:30	25	1,709.998	37.765	5	0	1	1	1	0	0	1	1	0	0	28
2013/12/27-23:12:55	24	1,712.527	36.603	1	0	1	0	0	0	0	1	0	0	1	4
2013/12/27-23:13:26	24	1,712.527	36.603	13	0	1	0	0	0	0	1	0	0	1	48
2013/12/27-23:14:34	24	1,712.527	36.603	29	0	0	0	1	0	0	1	1	0	0	60
2013/12/27-23:15:52	24	1,712.527	36.603	8	0	0	0	0	0	0	1	1	0	0	25
2013/12/27-23:16:37	24	1,712.527	36.603	11	0	0	0	1	0	1	1	0	0	1	43
2013/12/27-23:30:24	24	1,712.527	36.603	9	0	0	0	1	0	0	1	1	0	0	31
2013/12/27-23:31:15	24	1,712.527	36.603	15	0	0	1	1	0	1	1	0	0	1	26
2013/12/27-23:32:00	24	1,712.527	36.603	7	0	1	0	0	0	0	1	0	0	1	40
2013/12/27-23:32:59	24	1,712.527	36.603	13	0	0	0	1	0	0	1	1	0	0	26
2013/12/27-23:33:44	24	1,712.527	36.603	10	0	0	0	1	0	1	1	0	0	1	4
2013/12/27-23:46:40	23	1,721.31	35.514	15	0	0	0	0	0	0	1	1	0	0	60
2013/12/27-23:47:59	23	1,721.31	35.514	2	0	0	0	0	0	1	1	0	0	1	4
2013/12/27-23:48:28	23	1,721.31	35.514	1	0	0	0	0	0	1	1	0	0	1	3
2013/12/27-23:49:17	23	1,721.31	35.514	4	0	0	0	2	0	0	1	1	0	0	11
2013/12/27-23:49:47	23	1,721.31	35.514	2	0	0	0	0	0	1	1	0	0	1	10
2013/12/28-00:00:33	23	1,721.31	35.514	17	0	0	0	0	0	0	1	1	0	0	60
2013/12/28-00:01:52	23	1,721.31	35.514	9	0	0	2	1	0	0	1	1	0	0	34
2013/12/28-00:02:45	23	1,721.31	35.514	6	0	1	0	0	0	0	1	0	0	1	17
2013/12/28-00:03:29	23	1,721.31	35.514	17	0	0	1	0	0	0	1	1	0	0	60
2013/12/28-00:04:48	23	1,721.31	35.514	5	0	0	0	0	0	1	1	0	0	1	15
2013/12/28-00:05:59	23	1,721.31	35.514	0	0	1	0	0	0	0	1	0	0	1	6
2013/12/28-00:06:26	23	1,721.31	35.514	30	0	0	5	1	0	0	1	1	0	0	46
2013/12/28-00:07:31	23	1,721.31	35.514	7	0	1	0	0	0	0	1	0	0	1	25
2013/12/28-00:08:18	23	1,721.31	35.514	14	0	0	0	0	0	0	1	1	0	0	28
2013/12/28-00:09:05	23	1,721.31	35.514	6	0	0	0	1	0	1	1	0	0	1	5
2013/12/28-00:28:33	21	1,728.765	33.892	8	0	0	0	0	0	1	1	0	0	1	3
2013/12/28-00:29:06	21	1,728.765	33.892	10	0	0	1	1	0	1	1	0	0	1	30
2013/12/28-00:30:25	21	1,728.765	33.892	2	0	0	0	0	0	1	1	0	0	1	7
2013/12/28-00:31:29	21	1,728.765	33.892	6	0	1	1	0	0	0	1	0	0	1	28
2013/12/28-00:32:16	21	1,728.765	33.892	2	0	1	0	0	0	0	1	0	0	1	9
2013/12/28-00:39:42	21	1,724.749	33.659	7	0	0	1	1	0	0	1	1	0	0	35
2013/12/28-00:40:36	21	1,724.749	33.659	9	0	0	9	1	0	0	1	1	0	0	25
2013/12/28-00:41:20	21	1,724.749	33.659	7	0	0	0	0	0	1	1	0	0	1	4
2013/12/28-00:41:46	21	1,724.749	33.659	4	0	1	0	0	0	0	1	0	0	1	16
2013/12/28-00:42:21	21	1,724.749	33.659	26	0	0	0	0	0	0	1	0	0	1	60
2013/12/28-00:54:18	21	1,724.749	33.659	0	0	0	0	0	0	0	1	1	0	0	10
2013/12/28-00:54:50	21	1,724.749	33.659	20	0	0	3	1	0	1	1	0	0	1	59
2013/12/28-00:56:08	21	1,724.749	33.659	11	0	0	1	1	0	0	1	1	0	0	37
2013/12/28-00:57:05	21	1,724.749	33.659	3	0	0	0	1	0	0	1	1	0	0	12
2013/12/28-00:57:36	21	1,724.749	33.659	15	0	0	8	1	0	0	1	1	0	0	45
2013/12/28-01:08:32	20	1,736.283	33.001	9	0	0	0	2	0	0	1	1	0	0	32
2013/12/28-01:09:24	20	1,736.283	33.001	10	0	0	0	0	0	1	1	0	0	1	5
2013/12/28-01:10:03	20	1,736.283	33.001	6	0	0	0	0	0	1	1	0	0	1	14
2013/12/28-01:10:55	20	1,736.283	33.001	4	0	0	0	2	0	0	1	1	0	0	18
2013/12/28-01:11:32	20	1,736.283	33.001	17	0	0	2	1	0	0	1	1	0	0	60
2013/12/28-01:29:14	20	1,736.283	33.001	4	0	0	0	1	0	0	1	1	0	0	26
2013/12/28-01:30:00	20	1,736.283	33.001	4	0	0	0	0	0	1	1	0	0	1	17
2013/12/28-01:30:52	20	1,736.283	33.001	14	0	0	0	0	0	0	1	0	0	1	60
2013/12/28-01:32:12	20	1,736.283	33.001	1	0	0	0	0	0	1	1	0	0	1	3
2013/12/28-01:32:51	20	1,736.283	33.001	11	0	0	2	0	0	0	1	0	0	1	60
2013/12/28-01:45:37	20	1,737.386	32.262	17	0	0	3	2	0	0	1	1	0	0	60
2013/12/28-01:46:56	20	1,737.386	32.262	12	0	0	2	1	0	0	1	1	0	0	32
2013/12/28-01:47:47	20	1,737.386	32.262	18	0	0	8	1	0	0	1	1	0	0	55
2013/12/28-01:49:01	20	1,737.386	32.262	18	0	0	0	0	0	0	1	1	0	0	25
2013/12/28-01:49:45	20	1,737.386	32.262	10	0	0	0	0	0	1	1	0	0	1	24
2013/12/28-02:02:41	20	1,737.386	32.262	2	0	0	0	1	0	0	1	1	0	0	12
2013/12/28-02:03:12	20	1,737.386	32.262	2	0	0	0	0	0	1	1	0	0	1	4
2013/12/28-02:03:51	20	1,737.386	32.262	9	0	1	0	1	0	0	1	0	0	1	51
2013/12/28-02:05:01	20	1,737.386	32.262	6	0	0	0	1	0	0	1	1	0	0	21
2013/12/28-02:05:41	20	1,737.386	32.262	14	0	1	0	0	0	0	1	0	0	1	49
2013/12/28-02:18:08	18	1,745.794	31.696	10	0	0	0	1	0	0	1	1	0	0	48
2013/12/28-02:19:16	18	1,745.794	31.696	11	0	1	1	0	0	0	1	0	0	1	38
2013/12/28-02:20:13	18	1,745.794	31.696	4	0	0	0	1	0	1	1	0	0	1	11
2013/12/28-02:20:52	18	1,745.794	31.696	3	0	0	0	1	0	0	1	1	0	0	23
2013/12/28-02:21:34	18	1,745.794	31.696	30	0	0	0	0	0	0	1	0	0	1	60
2013/12/28-02:28:35	18	1,745.794	31.696	3	0	1	0	1	0	0	1	0	0	1	12
2013/12/28-02:29:07	18	1,745.794	31.696	18	0	0	14	1	0	0	1	1	0	0	36
2013/12/28-02:30:03	18	1,745.794	31.696	14	0	1	1	0	0	0	1	0	0	1	40
2013/12/28-02:31:02	18	1,745.794	31.696	11	0	0	0	0	0	0	1	1	0	0	18
2013/12/28-02:31:40	18	1,745.794	31.696	9	0	0	0	0	0	1	1	0	0	1	4
2013/12/28-02:42:11	18	1,745.794	31.696	8	0	0	0	0	0	1	1	0	0	1	14
2013/12/28-02:43:11	18	1,745.794	31.696	3	0	0	0	0	0	1	1	0	0	1	10
2013/12/28-02:43:44	18	1,745.794	31.696	28	0	0	0	0	0	0	1	1	0	0	60
2013/12/28-02:45:03	17	1,746.476	30.956	1	0	1	0	0	0	0	1	0	0	1	3
2013/12/28-02:45:50	17	1,746.476	30.956	17	0	1	2	1	0	0	1	0	0	1	34
2013/12/28-02:56:12	17	1,746.476	30.956	5	0	1	0	0	0	0	1	0	0	1	11
2013/12/28-02:56:43	17	1,746.476	30.956	6	0	0	1	1	0	0	1	1	0	0	17
2013/12/28-02:57:19	17	1,746.476	30.956	14	0	0	2	0	0	0	1	1	0	0	49
2013/12/28-02:58:28	17	1,746.476	30.956	1	0	0	0	1	0	0	1	1	0	0	4
2013/12/28-02:58:51	17	1,746.476	30.956	3	0	0	0	0	0	1	1	0	0	1	12
2013/12/28-03:09:20	17	1,746.476	30.956	11	0	0	0	0	0	0	1	1	0	0	26
2013/12/28-03:10:05	17	1,746.476	30.956	2	0	1	0	0	0	0	1	0	0	1	4
2013/12/28-03:10:31	17	1,746.476	30.956	1	0	0	0	1	0	0	1	1	0	0	3
2013/12/28-03:10:53	17	1,746.476	30.956	3	0	0	0	1	0	0	1	1	0	0	8
2013/12/28-03:11:19	18	1,745.47	30.509	2	0	0	0	0	0	0	1	1	0	0	6
2013/12/28-03:20:38	18	1,745.47	30.509	23	0	0	6	1	0	0	1	1	0	0	47
2013/12/28-03:21:45	18	1,745.47	30.509	28	0	0	0	0	0	0	1	1	0	0	60
2013/12/28-03:23:04	18	1,745.47	30.509	8	0	0	0	0	0	1	1	0	0	1	4
2013/12/28-03:23:30	18	1,745.47	30.509	1	0	0	0	0	0	1	1	0	0	1	6
2013/12/28-03:23:56	18	1,745.47	30.509	19	0	0	4	1	0	0	1	1	0	0	60
2013/12/28-03:39:15	16	1,749.483	30.467	6	0	1	0	1	0	0	1	0	0	1	25
2013/12/28-03:39:59	16	1,749.483	30.467	6	0	0	0	0	0	1	1	0	0	1	17
2013/12/28-03:40:39	16	1,749.483	30.467	4	0	1	0	1	0	0	1	0	0	1	4
2013/12/28-03:41:35	16	1,749.483	30.467	2	0	1	0	0	0	0	1	0	0	1	7
2013/12/28-03:42:07	16	1,749.483	30.467	16	0	0	1	0	0	0	1	1	0	0	60
2013/12/28-03:50:15	16	1,749.483	30.467	6	0	1	5	1	0	0	1	0	0	1	17
2013/12/28-03:50:51	16	1,749.483	30.467	3	0	0	0	2	0	0	1	1	0	0	11
2013/12/28-03:51:22	16	1,749.483	30.467	1	0	0	0	1	0	0	1	1	0	0	3
2013/12/28-03:51:44	16	1,749.483	30.467	4	0	1	0	0	0	0	1	0	0	1	3
2013/12/28-03:52:20	16	1,749.483	30.467	18	0	1	2	0	0	0	1	0	0	1	44
2013/12/28-04:01:50	16	1,749.483	30.467	3	0	1	0	0	0	0	1	0	0	1	17
2013/12/28-04:02:26	16	1,749.483	30.467	6	0	0	0	0	0	0	1	1	0	0	19
2013/12/28-04:03:05	16	1,749.483	30.467	5	0	1	0	1	0	0	1	0	0	1	8
2013/12/28-04:03:39	16	1,749.483	30.467	1	0	1	0	0	0	0	1	0	0	1	3
2013/12/28-04:04:12	16	1,749.483	30.467	12	0	0	2	0	0	0	1	0	0	1	60
2013/12/28-04:17:56	18	1,746.195	29.676	8	0	1	0	0	0	0	1	0	0	1	17
2013/12/28-04:18:33	18	1,746.195	29.676	3	0	0	0	0	0	1	1	0	0	1	5
2013/12/28-04:18:59	18	1,746.195	29.676	16	0	0	1	0	0	0	1	1	0	0	60
2013/12/28-04:20:18	18	1,746.195	29.676	1	0	1	0	0	0	0	1	0	0	1	6
2013/12/28-04:20:45	18	1,746.195	29.676	2	0	0	0	1	0	0	1	1	0	0	9
2013/12/28-04:21:34	18	1,746.195	29.676	4	0	0	0	0	0	0	1	1	0	0	13
2013/12/28-04:22:07	18	1,746.195	29.676	1	0	0	0	0	0	0	1	1	0	0	3
2013/12/28-04:22:29	18	1,746.195	29.676	21	0	0	8	0	0	0	1	0	0	1	60
2013/12/28-04:23:48	18	1,746.195	29.676	26	0	0	3	0	0	0	1	0	0	1	60
2013/12/28-04:25:07	18	1,746.195	29.676	10	0	0	1	0	0	0	1	0	0	1	60
2013/12/28-04:42:43	15	1,752.57	29.308	8	0	0	0	1	0	0	1	1	0	0	12
2013/12/28-04:43:14	15	1,752.57	29.308	7	0	0	3	0	0	1	1	0	0	1	25
2013/12/28-04:43:58	15	1,752.57	29.308	5	0	0	0	0	0	0	1	1	0	0	18
2013/12/28-04:44:35	15	1,752.57	29.308	3	0	1	0	0	0	0	1	0	0	1	13
2013/12/28-04:45:07	15	1,752.57	29.308	9	0	0	3	0	0	1	1	0	0	1	26
2013/12/28-05:02:50	15	1,752.57	29.308	13	0	0	0	2	0	0	1	1	0	0	27
2013/12/28-05:03:36	15	1,752.57	29.308	3	0	1	0	0	0	0	1	0	0	1	13
2013/12/28-05:04:48	15	1,752.57	29.308	11	0	0	1	0	0	1	1	0	0	1	33
2013/12/28-05:05:41	15	1,755.014	29.094	0	0	1	0	0	0	0	1	0	0	1	3
2013/12/28-05:06:06	15	1,755.014	29.094	5	0	0	0	0	0	1	1	0	0	1	4
2013/12/28-05:20:26	15	1,755.014	29.094	6	0	0	0	1	0	0	1	1	0	0	13
2013/12/28-05:20:58	15	1,755.014	29.094	5	0	0	0	1	0	0	1	1	0	0	16
2013/12/28-05:21:33	15	1,755.014	29.094	14	0	0	0	1	0	0	1	1	0	0	29
2013/12/28-05:22:21	15	1,755.014	29.094	16	0	0	0	0	0	0	1	0	0	1	60
2013/12/28-05:23:40	15	1,755.014	29.094	1	0	1	0	0	0	0	1	0	0	1	3
2013/12/28-05:34:45	15	1,755.014	29.094	11	0	0	0	0	0	1	1	0	0	1	7
2013/12/28-05:35:32	15	1,755.014	29.094	1	0	0	0	0	0	1	1	0	0	1	3
2013/12/28-05:36:15	15	1,755.014	29.094	15	0	0	13	0	0	0	1	0	0	1	60
2013/12/28-05:37:34	15	1,755.014	29.094	5	0	1	0	0	0	0	1	0	0	1	19
2013/12/28-05:38:13	16	1,747.532	28.794	4	0	0	1	0	0	1	1	0	0	1	11
2013/12/28-05:45:43	16	1,747.532	28.794	3	0	0	0	0	0	0	1	1	0	0	9
2013/12/28-05:46:11	16	1,747.532	28.794	3	0	0	0	0	0	1	1	0	0	1	8
2013/12/28-05:46:53	16	1,747.532	28.794	1	0	0	0	0	0	1	1	0	0	1	3
2013/12/28-05:47:31	16	1,747.532	28.794	3	0	0	0	0	0	0	1	1	0	0	12
2013/12/28-05:48:02	16	1,747.532	28.794	12	0	1	0	1	0	0	1	0	0	1	47
2013/12/28-06:04:54	16	1,747.532	28.794	1	0	0	0	0	0	0	1	1	0	0	3
2013/12/28-06:05:17	16	1,747.532	28.794	10	0	0	2	2	0	0	1	1	0	0	49
2013/12/28-06:06:25	16	1,747.532	28.794	17	0	0	0	1	0	0	1	1	0	0	56
2013/12/28-06:07:40	16	1,747.532	28.794	8	0	1	1	0	0	0	1	0	0	1	35
2013/12/28-06:08:34	16	1,747.532	28.794	17	0	0	8	1	0	0	1	1	0	0	49
2013/12/28-06:22:08	17	1,744.547	28.583	1	0	0	0	0	0	0	1	1	0	0	7
2013/12/28-06:22:34	17	1,744.547	28.583	22	0	0	2	1	0	0	1	1	0	0	60
2013/12/28-06:23:53	17	1,744.547	28.583	12	0	0	0	0	0	0	1	1	0	0	32
2013/12/28-06:24:44	17	1,744.547	28.583	4	0	0	0	0	0	1	1	0	0	1	11
2013/12/28-06:25:19	17	1,744.547	28.583	21	0	0	0	1	0	0	1	1	0	0	53
2013/12/28-06:36:05	17	1,744.547	28.583	6	0	1	0	1	0	0	1	1	0	0	22
2013/12/28-06:36:48	17	1,744.547	28.583	1	0	1	0	0	0	0	1	0	0	1	7
2013/12/28-06:37:20	17	1,744.547	28.583	5	0	0	1	0	0	0	1	1	0	0	15
2013/12/28-06:37:56	17	1,744.547	28.583	30	0	0	0	1	0	0	1	1	0	0	60
2013/12/28-06:39:15	17	1,744.547	28.583	2	0	0	0	0	0	1	1	0	0	1	7
2013/12/28-06:46:55	15	1,753.339	28.293	7	0	0	1	0	0	0	1	1	0	0	32
2013/12/28-06:47:46	15	1,753.339	28.293	6	0	0	0	0	0	0	1	1	0	0	21
2013/12/28-06:48:26	15	1,753.339	28.293	2	0	0	0	0	0	1	1	0	0	1	6
2013/12/28-06:48:54	15	1,753.339	28.293	6	0	0	0	1	0	1	1	0	0	1	17
2013/12/28-06:49:30	15	1,753.339	28.293	11	0	1	0	0	0	0	1	0	0	1	11
2013/12/28-07:06:09	15	1,753.339	28.293	9	0	0	0	0	0	0	1	1	0	0	28
2013/12/28-07:06:57	15	1,753.339	28.293	2	0	1	0	0	0	0	1	0	0	1	8
2013/12/28-07:07:33	15	1,753.339	28.293	1	0	1	0	2	0	0	1	0	0	1	3
2013/12/28-07:07:55	15	1,753.339	28.293	5	0	1	0	1	0	0	1	0	0	1	17
2013/12/28-07:08:28	15	1,753.339	28.293	5	0	1	0	0	0	0	1	0	0	1	3
2013/12/28-07:16:10	16	1,748.014	28.171	2	0	0	0	0	0	1	1	0	0	1	6
2013/12/28-07:16:43	16	1,748.014	28.171	8	0	0	0	0	0	0	1	1	0	0	25
2013/12/28-07:17:27	16	1,748.014	28.171	18	0	0	4	1	0	0	1	1	0	0	60
2013/12/28-07:18:46	16	1,748.014	28.171	0	0	0	0	0	0	0	1	1	0	0	3
2013/12/28-07:19:08	16	1,748.014	28.171	23	0	0	10	1	0	0	1	1	0	0	60
2013/12/28-07:35:41	16	1,748.014	28.171	16	0	0	1	0	0	0	1	1	0	0	60
2013/12/28-07:37:01	16	1,748.014	28.171	8	0	0	0	1	0	0	1	1	0	0	38
2013/12/28-07:37:58	16	1,748.014	28.171	29	0	0	0	1	0	0	1	1	0	0	52
2013/12/28-07:39:09	16	1,748.014	28.171	14	0	0	0	0	0	1	1	0	0	1	18
2013/12/28-07:40:07	16	1,748.014	28.171	14	0	0	4	2	0	0	1	1	0	0	41
2013/12/28-07:56:28	14	1,758.058	28.019	4	0	1	0	0	0	0	1	0	0	1	8
2013/12/28-07:57:44	14	1,758.058	28.019	2	0	1	0	0	0	0	1	0	0	1	6
2013/12/28-07:58:13	14	1,758.058	28.019	23	0	0	0	1	0	1	1	0	0	1	15
2013/12/28-07:58:47	14	1,758.058	28.019	5	0	1	0	0	0	0	1	0	0	1	19
2013/12/28-07:59:53	14	1,758.058	28.019	6	0	0	5	1	0	1	1	0	0	1	22
2013/12/28-08:12:20	14	1,758.058	28.019	13	0	0	0	0	0	0	1	1	0	0	16
2013/12/28-08:12:55	14	1,758.058	28.019	1	0	1	0	0	0	0	1	0	0	1	3
2013/12/28-08:13:18	14	1,758.058	28.019	5	0	0	1	2	0	0	1	1	0	0	21
2013/12/28-08:13:57	14	1,758.058	28.019	2	0	1	0	1	0	0	1	0	0	1	14
2013/12/28-08:14:30	14	1,758.058	28.019	6	0	1	0	0	0	0	1	0	0	1	16
2013/12/28-14:09:02	14	1,760.52	41.6	27	0	0	2	1	0	0	1	1	0	0	60
2013/12/28-14:10:21	14	1,760.52	41.6	35	0	0	0	0	0	0	1	1	0	0	60
2013/12/28-14:11:40	14	1,760.52	41.6	17	0	0	0	0	0	0	1	0	0	1	60
2013/12/28-14:12:59	14	1,760.52	41.6	5	0	0	0	1	0	0	1	1	0	0	15
2013/12/28-14:13:33	14	1,760.52	41.6	11	0	0	2	2	0	0	1	1	0	0	56
2013/12/28-14:39:54	9	1,783.655	40.816	1	0	1	0	0	0	0	1	0	0	1	6
2013/12/28-14:40:18	9	1,783.655	40.816	5	0	0	0	0	0	1	1	0	0	1	8
2013/12/28-14:41:34	9	1,783.655	40.816	4	0	0	0	0	0	0	1	1	0	0	11
2013/12/28-14:42:04	9	1,783.655	40.816	15	0	0	0	1	0	0	1	1	0	0	26
2013/12/28-14:42:49	9	1,783.655	40.816	22	0	0	4	0	0	1	1	0	0	1	51
2013/12/28-15:02:09	9	1,783.655	40.816	14	0	1	0	0	0	0	1	0	0	1	29
2013/12/28-15:02:58	9	1,783.655	40.816	8	0	0	0	1	0	0	1	1	0	0	25
2013/12/28-15:03:42	9	1,783.655	40.816	2	0	1	0	0	0	0	1	0	0	1	6
2013/12/28-15:04:10	9	1,783.655	40.816	4	0	1	0	0	0	0	1	0	0	1	21
2013/12/28-15:05:19	9	1,783.655	40.816	12	0	0	0	0	0	1	1	0	0	1	9
2013/12/28-19:47:52	11	1,785.797	50.375	9	0	0	0	1	0	1	1	0	0	1	5
2013/12/28-19:48:42	11	1,785.797	50.375	10	0	1	0	0	0	0	1	0	0	1	38
2013/12/28-19:49:39	11	1,785.797	50.375	21	0	0	0	0	0	0	1	1	0	0	60
2013/12/28-19:50:58	11	1,785.797	50.375	5	0	0	7	0	0	1	1	0	0	1	22
2013/12/28-19:51:40	11	1,785.797	50.375	13	0	0	1	0	0	0	1	1	0	0	53
2013/12/28-20:13:07	8	1,793.43	48.596	1	0	1	0	0	0	0	1	0	0	1	3
2013/12/28-20:14:26	8	1,793.43	48.596	10	0	0	0	0	0	0	1	1	0	0	11
2013/12/28-20:14:57	8	1,793.43	48.596	19	0	0	0	0	0	0	1	0	0	1	60
2013/12/28-20:16:16	8	1,793.43	48.596	12	0	1	3	1	0	0	1	0	0	1	51
2013/12/28-20:17:26	8	1,793.43	48.596	15	0	0	2	1	0	0	1	1	0	0	37
2013/12/28-20:33:19	8	1,793.43	48.596	6	0	0	0	0	0	1	1	0	0	1	18
2013/12/28-20:33:57	8	1,793.43	48.596	4	0	0	0	0	0	1	1	0	0	1	6
2013/12/28-20:34:29	8	1,793.43	48.596	5	0	0	0	3	0	0	1	1	0	0	20
2013/12/28-20:35:08	8	1,793.43	48.596	17	0	1	4	0	0	0	1	0	0	1	37
2013/12/28-20:36:04	8	1,793.43	48.596	12	0	1	1	0	0	0	1	0	0	1	46
2013/12/28-22:20:30	5	1,819.836	48.373	7	0	0	0	1	0	0	1	1	0	0	22
2013/12/28-22:21:11	5	1,819.836	48.373	7	0	0	5	1	0	0	1	1	0	0	20
2013/12/28-22:21:50	5	1,819.836	48.373	12	0	0	0	3	0	0	1	1	0	0	8
2013/12/28-22:22:17	5	1,819.836	48.373	11	0	0	0	0	0	1	1	0	0	1	23
2013/12/28-22:23:17	5	1,819.836	48.373	15	0	0	0	0	0	0	1	1	0	0	60
2013/12/28-22:47:20	5	1,819.836	48.373	8	0	0	0	2	0	0	1	1	0	0	27
2013/12/28-22:48:06	5	1,819.836	48.373	7	0	1	0	1	0	0	1	0	0	1	32
2013/12/28-22:49:24	5	1,819.836	48.373	62	0	0	0	0	0	0	1	0	0	1	60
2013/12/28-22:50:44	5	1,819.836	48.373	5	0	0	0	0	0	1	1	0	0	1	13
2013/12/28-22:52:03	5	1,819.836	48.373	17	0	0	0	0	0	1	1	0	0	1	26
2013/12/28-23:01:50	3	1,834.318	45.398	10	0	1	1	0	0	0	1	0	0	1	21
2013/12/28-23:03:05	3	1,834.318	45.398	22	0	0	0	1	0	0	1	1	0	0	60
2013/12/28-23:04:24	3	1,834.318	45.398	15	0	0	0	0	0	0	1	1	0	0	51
2013/12/28-23:05:34	3	1,834.318	45.398	12	0	0	2	1	0	0	1	1	0	0	44
2013/12/28-23:06:37	3	1,834.318	45.398	4	0	0	0	0	0	1	1	0	0	1	3
2013/12/29-04:01:14	3	1,836.207	54.633	4	0	0	0	0	0	1	1	0	0	1	7
2013/12/29-04:02:04	3	1,836.207	54.633	10	0	1	0	0	0	0	1	0	0	1	35
2013/12/29-04:03:24	3	1,836.207	54.633	7	0	0	0	0	0	1	1	0	0	1	4
2013/12/29-04:04:34	3	1,836.207	54.633	17	0	0	0	0	0	0	1	1	0	0	60
2013/12/29-04:05:53	3	1,836.207	54.633	16	0	0	3	0	0	0	1	1	0	0	45
2013/12/29-04:11:42	3	1,836.207	54.633	15	0	0	0	0	0	0	1	1	0	0	60
2013/12/29-04:13:01	3	1,836.207	54.633	29	0	0	0	0	0	0	1	1	0	0	60
2013/12/29-04:14:20	3	1,836.207	54.633	3	0	1	0	0	0	0	1	0	0	1	13
2013/12/29-04:15:00	3	1,836.207	54.633	29	0	0	0	2	0	0	1	1	0	0	34
2013/12/29-04:15:53	3	1,836.207	54.633	4	0	1	1	0	0	0	1	0	0	1	14
2013/12/29-04:34:44	3	1,836.207	54.633	17	0	1	2	0	0	0	1	0	0	1	40
2013/12/29-04:36:03	3	1,836.207	54.633	15	0	1	3	1	0	0	1	0	0	1	40
2013/12/29-04:37:17	3	1,836.207	54.633	5	0	0	0	0	0	0	1	1	0	0	19
2013/12/29-04:37:55	3	1,836.207	54.633	35	0	0	0	0	0	0	1	1	0	0	60
2013/12/29-04:39:14	4	1,829.806	49.564	2	0	0	0	0	0	0	1	1	0	0	9
2013/12/29-08:53:15	4	1,835.99	56.737	1	0	0	0	0	0	1	1	0	0	1	3
2013/12/29-08:53:40	4	1,835.99	56.737	9	0	0	0	0	0	0	1	1	0	0	15
2013/12/29-08:54:13	4	1,835.99	56.737	7	0	0	1	1	0	0	1	1	0	0	27
2013/12/29-08:55:00	4	1,835.99	56.737	17	0	0	3	0	0	1	1	0	0	1	53
2013/12/29-08:56:12	4	1,835.99	56.737	3	0	0	0	1	0	1	1	0	0	1	4
2013/12/29-09:15:53	5	1,812.659	55.735	11	0	1	2	0	0	0	1	0	0	1	31
2013/12/29-09:16:52	5	1,812.659	55.735	18	0	1	0	0	0	0	1	0	0	1	27
2013/12/29-09:17:38	5	1,812.659	55.735	16	0	0	1	2	0	0	1	1	0	0	60
2013/12/29-09:18:55	5	1,812.659	55.735	1	0	0	0	0	0	0	1	1	0	0	3
2013/12/29-09:19:32	5	1,812.659	55.735	32	0	0	0	0	0	1	1	0	0	1	55
2013/12/29-09:30:45	5	1,812.659	55.735	18	0	0	3	1	0	0	1	1	0	0	50
2013/12/29-09:31:54	5	1,812.659	55.735	15	0	0	7	1	0	0	1	1	0	0	60
2013/12/29-09:33:13	5	1,812.659	55.735	2	0	0	0	1	0	0	1	1	0	0	6
2013/12/29-09:33:38	5	1,812.659	55.735	10	0	1	0	0	0	0	1	0	0	1	16
2013/12/29-09:34:46	5	1,812.659	55.735	17	0	1	0	1	0	0	1	0	0	1	57
2013/12/29-09:45:45	5	1,812.659	55.735	5	0	0	0	0	0	1	1	0	0	1	23
2013/12/29-09:46:38	5	1,812.659	55.735	9	0	1	2	0	0	0	1	0	0	1	28
2013/12/29-09:47:25	4	1,821.664	51.338	23	0	0	3	0	0	0	1	1	0	0	39
2013/12/29-09:48:22	4	1,821.664	51.338	20	0	0	2	1	0	0	1	1	0	0	42
2013/12/29-09:49:22	4	1,821.664	51.338	12	0	1	2	0	0	0	1	0	0	1	31
2013/12/29-10:08:18	4	1,821.664	51.338	6	0	0	2	1	0	1	1	0	0	1	23
2013/12/29-10:09:00	4	1,821.664	51.338	6	0	0	0	0	0	1	1	0	0	1	11
2013/12/29-10:09:41	4	1,821.664	51.338	6	0	1	0	0	0	0	1	0	0	1	13
2013/12/29-10:11:00	4	1,821.664	51.338	10	0	1	1	0	0	0	1	0	0	1	22
2013/12/29-10:11:46	4	1,821.664	51.338	6	0	1	0	0	0	0	1	0	0	1	23
2013/12/29-10:20:04	4	1,821.664	51.338	8	0	0	1	0	0	0	1	1	0	0	20
2013/12/29-10:20:42	4	1,821.664	51.338	20	0	0	0	0	0	0	1	0	0	1	60
2013/12/29-10:22:01	4	1,821.664	51.338	12	0	0	1	0	0	0	1	1	0	0	37
2013/12/29-10:22:57	8	1,800.591	48.234	4	0	1	0	0	0	0	1	0	0	1	13
2013/12/29-10:23:49	8	1,800.591	48.234	6	0	0	0	1	0	0	1	1	0	0	25
2013/12/29-11:21:19	8	1,801.906	47.868	7	0	1	0	0	0	0	1	0	0	1	24
2013/12/29-11:22:01	8	1,801.906	47.868	8	0	0	3	0	0	0	1	1	0	0	29
2013/12/29-11:22:49	8	1,801.906	47.868	9	0	0	0	1	0	0	1	1	0	0	23
2013/12/29-11:23:31	8	1,801.906	47.868	23	0	0	4	1	0	0	1	1	0	0	60
2013/12/29-11:24:50	8	1,801.906	47.868	4	0	0	1	0	0	1	1	0	0	1	11
2013/12/29-11:49:02	8	1,798.425	46.958	4	0	0	0	0	0	1	1	0	0	1	15
2013/12/29-11:50:37	8	1,798.425	46.958	11	0	0	2	0	0	0	1	1	0	0	33
2013/12/29-11:51:27	8	1,798.425	46.958	18	0	0	0	0	0	1	1	0	0	1	47
2013/12/29-11:52:46	8	1,798.425	46.958	3	0	1	0	0	0	0	1	0	0	1	9
2013/12/29-11:53:43	8	1,798.425	46.958	26	0	0	3	1	0	0	1	1	0	0	60
2013/12/29-12:07:24	8	1,798.425	46.958	11	0	0	2	2	0	0	1	1	0	0	20
2013/12/29-12:08:04	10	1,793.125	45.515	9	0	0	0	1	0	0	1	1	0	0	22
2013/12/29-12:08:45	10	1,793.125	45.515	21	0	0	3	0	0	0	1	1	0	0	57
2013/12/29-12:10:01	10	1,793.125	45.515	11	0	0	1	0	0	0	1	1	0	0	20
2013/12/29-12:10:40	10	1,793.125	45.515	8	0	1	0	0	0	0	1	0	0	1	24
2013/12/29-16:00:05	7	1,808.036	50.236	31	0	0	15	0	0	1	1	0	0	1	70
2013/12/29-16:01:31	7	1,808.036	50.236	9	0	1	2	0	0	0	1	0	0	1	31
2013/12/29-17:18:22	6	1,808.036	51.541	21	0	0	2	2	0	0	1	1	0	0	46
2013/12/29-17:19:28	6	1,808.036	51.541	11	0	0	3	1	0	0	1	1	0	0	24
2013/12/29-17:20:11	6	1,808.036	51.541	7	0	0	2	2	0	0	1	1	0	0	23
2013/12/29-17:20:54	6	1,808.036	51.541	6	0	0	0	2	0	1	1	1	0	0	22
2013/12/29-17:21:34	6	1,808.036	51.541	1	0	0	0	0	0	0	1	1	0	0	8
2013/12/29-17:31:17	6	1,808.036	51.541	33	0	0	3	0	0	0	1	0	0	1	60
2013/12/29-17:32:35	6	1,808.036	51.541	26	0	0	3	0	0	0	1	0	0	1	60
2013/12/29-17:33:54	6	1,808.036	51.541	18	0	1	2	0	0	0	1	0	0	1	39
2013/12/29-17:35:02	6	1,808.036	51.541	10	0	0	2	0	0	1	1	0	0	1	29
2013/12/29-17:36:08	6	1,808.036	51.541	31	0	0	3	0	0	0	1	0	0	1	60
2013/12/29-17:48:29	5	1,805.009	49.717	2	0	0	0	0	0	0	1	1	0	0	10
2013/12/29-17:48:58	5	1,805.009	49.717	9	0	0	0	0	0	0	1	1	0	0	34
2013/12/29-17:49:51	5	1,805.009	49.717	5	0	0	1	0	0	0	1	1	0	0	18
2013/12/29-17:50:28	5	1,805.009	49.717	13	0	0	1	0	0	0	1	1	0	0	34
2013/12/29-17:51:21	5	1,805.009	49.717	24	0	0	1	1	0	1	1	0	0	1	56
