2013/12/26-08:37:46	63	1,500	350.155	8	0	0	5	1	0	0	1	1	0	0	28
2013/12/26-08:38:34	63	1,500	350.155	5	0	0	4	0	0	0	1	0	1	0	60
2013/12/26-08:39:53	63	1,500	350.155	1	0	0	0	0	0	0	1	0	1	0	30
2013/12/26-08:40:42	63	1,500	350.155	1	0	0	0	0	0	0	1	0	1	0	30
2013/12/26-08:41:30	63	1,500	350.155	3	0	0	0	0	0	0	1	0	1	0	30
2013/12/26-08:42:19	63	1,500	350.155	3	0	0	0	0	0	0	1	0	1	0	30
2013/12/26-08:43:50	63	1,500	350.155	6	0	0	1	0	0	0	1	0	1	0	45
2013/12/26-08:57:24	63	1,500	350.155	5	0	0	4	1	0	0	1	1	0	0	23
2013/12/26-08:58:06	63	1,500	350.155	4	0	0	3	0	0	0	1	0	1	0	60
2013/12/26-08:59:22	63	1,500	350.155	1	0	0	0	0	0	0	1	0	1	0	30
2013/12/26-09:00:08	63	1,500	350.155	1	0	0	0	0	0	0	1	0	1	0	30
2013/12/26-09:00:55	63	1,500	350.155	3	0	0	0	0	0	0	1	0	1	0	30
2013/12/26-09:01:43	63	1,500	350.155	3	0	0	0	0	0	0	1	0	1	0	30
2013/12/26-09:02:32	63	1,500	350.155	6	0	0	1	0	0	0	1	0	1	0	45
2013/12/26-09:03:35	63	1,500	350.155	5	0	0	1	0	0	0	1	0	1	0	45
2013/12/26-09:04:39	63	1,500	350.155	2	0	0	0	0	0	0	1	0	1	0	60
2013/12/26-09:05:58	63	1,500	350.155	2	0	0	0	0	0	0	1	0	1	0	60
2013/12/26-09:07:16	63	1,500	350.155	5	0	0	0	1	0	0	1	1	0	0	25
2013/12/26-09:08:00	63	1,500	350.155	5	0	0	0	1	0	0	1	1	0	0	25
2013/12/26-09:08:43	63	1,500	350.155	5	0	0	0	1	0	0	1	1	0	0	24
2013/12/26-09:09:26	63	1,500	350.155	5	0	0	0	1	0	0	1	1	0	0	25
2013/12/26-09:10:10	63	1,500	350.155	1	0	0	0	1	0	0	1	1	0	0	4
2013/12/26-09:10:32	63	1,500	350.155	1	0	0	0	1	0	0	1	1	0	0	4
2013/12/26-12:54:21	62	1,500	350.31	6	0	0	4	1	0	0	1	1	0	0	30
2013/12/26-12:55:06	62	1,500	350.31	8	0	0	4	1	0	0	1	1	0	0	32
2013/12/26-12:55:56	62	1,500	350.31	2	0	0	0	1	0	0	1	1	0	0	15
2013/12/26-12:56:30	62	1,500	350.31	1	0	0	0	0	0	0	1	0	1	0	30
2013/12/26-12:57:18	62	1,500	350.31	6	0	0	0	0	0	0	1	0	1	0	30
2013/12/26-12:58:07	62	1,500	350.31	6	0	0	0	1	0	0	1	1	0	0	22
2013/12/26-12:58:48	62	1,500	350.31	7	0	0	0	1	0	0	1	1	0	0	30
2013/12/26-12:59:36	62	1,500	350.31	6	0	0	0	1	0	0	1	1	0	0	28
2013/12/26-13:00:23	62	1,500	350.31	4	0	0	0	1	0	0	1	1	0	0	25
2013/12/26-13:01:07	62	1,500	350.31	3	0	0	0	1	0	0	1	1	0	0	12
2013/12/26-13:01:38	62	1,500	350.31	5	0	0	0	1	0	0	1	1	0	0	26
2013/12/26-13:02:22	62	1,500	350.31	4	0	0	0	1	0	0	1	1	0	0	21
2013/12/26-13:03:01	62	1,500	350.31	5	0	0	0	1	0	0	1	1	0	0	25
2013/12/26-13:03:45	62	1,500	350.31	5	0	0	0	1	0	0	1	1	0	0	25
2013/12/26-13:04:28	62	1,500	350.31	3	0	0	0	1	0	0	1	1	0	0	11
2013/12/26-13:04:58	62	1,500	350.31	2	0	0	0	1	0	0	1	1	0	0	7
2013/12/26-13:07:22	62	1,500	350.31	10	0	0	7	0	0	1	1	0	0	1	44
2013/12/26-13:08:21	62	1,500	350.31	21	0	0	6	0	0	0	1	0	1	0	60
2013/12/26-13:09:40	62	1,500	350.31	1	0	0	0	0	0	0	1	0	1	0	30
2013/12/26-13:10:29	62	1,500	350.31	1	0	0	0	0	0	0	1	0	1	0	30
2013/12/26-13:11:17	62	1,500	350.31	7	0	0	0	0	0	0	1	0	1	0	30
2013/12/26-13:12:06	62	1,500	350.31	3	0	0	0	0	0	0	1	0	1	0	30
2013/12/26-13:12:54	62	1,500	350.31	6	0	0	0	0	0	0	1	0	1	0	45
2013/12/26-13:13:57	62	1,500	350.31	11	0	0	0	0	0	0	1	0	1	0	45
2013/12/26-13:15:01	62	1,500	350.31	15	0	0	0	0	0	0	1	0	1	0	60
2013/12/26-13:16:20	62	1,500	350.31	2	0	0	0	0	0	0	1	0	1	0	60
2013/12/26-13:17:38	62	1,500	350.31	5	0	0	0	1	0	0	1	1	0	0	29
2013/12/26-13:18:26	62	1,500	350.31	4	0	0	0	1	0	0	1	1	0	0	22
2013/12/26-13:19:06	62	1,500	350.31	5	0	0	0	1	0	0	1	1	0	0	25
2013/12/26-13:19:49	62	1,500	350.31	5	0	0	0	1	0	0	1	1	0	0	25
2013/12/26-13:20:33	62	1,500	350.31	11	0	0	3	0	0	0	1	0	1	0	30
2013/12/26-13:21:22	62	1,500	350.31	12	0	0	6	0	0	0	1	0	1	0	30
2013/12/26-13:25:50	62	1,500	350.31	4	0	1	3	0	0	0	1	0	1	0	19
2013/12/26-13:26:25	62	1,500	350.31	15	0	0	4	0	0	0	1	0	1	0	60
2013/12/26-13:27:43	62	1,500	350.31	2	0	0	0	0	0	0	1	1	0	0	12
2013/12/26-13:28:14	62	1,500	350.31	2	0	0	0	0	0	0	1	1	0	0	12
2013/12/26-13:28:45	62	1,500	350.31	4	0	0	0	0	0	0	1	1	0	0	19
2013/12/26-13:29:22	62	1,500	350.31	3	0	0	0	0	0	0	1	1	0	0	16
2013/12/26-13:29:56	62	1,500	350.31	1	0	0	0	0	0	0	1	1	0	0	4
2013/12/26-13:30:19	62	1,500	350.31	1	0	0	0	0	0	0	1	1	0	0	4
2013/12/26-13:30:41	62	1,500	350.31	16	0	0	0	0	0	0	1	0	1	0	60
2013/12/26-13:31:59	62	1,500	350.31	2	0	0	0	0	0	0	1	1	0	0	9
2013/12/26-13:32:27	62	1,500	350.31	0	0	0	0	0	0	0	1	1	0	0	5
2013/12/26-13:32:50	62	1,500	350.31	0	0	0	0	0	0	0	1	1	0	0	3
2013/12/26-13:33:11	62	1,500	350.31	1	0	0	0	0	0	0	1	1	0	0	7
2013/12/26-13:33:37	62	1,500	350.31	0	0	0	0	0	0	0	1	1	0	0	3
2013/12/26-13:33:58	62	1,500	350.31	3	0	0	1	0	0	0	1	1	0	0	15
2013/12/26-13:34:32	62	1,500	350.31	3	0	0	0	0	0	0	1	1	0	0	12
2013/12/26-16:04:17	40	1,629.679	54.996	2	0	1	0	0	0	0	1	0	0	1	10
2013/12/26-16:04:51	40	1,629.679	54.996	1	0	0	0	0	0	1	1	0	0	1	3
2013/12/26-16:05:15	40	1,629.679	54.996	0	0	1	0	0	0	0	1	0	0	1	4
2013/12/26-16:05:37	40	1,629.679	54.996	1	0	0	0	0	0	1	1	0	0	1	3
2013/12/26-16:06:05	40	1,629.679	54.996	5	0	0	0	1	0	0	1	1	0	0	15
2013/12/26-16:06:39	40	1,629.679	54.996	13	0	0	0	0	0	0	1	1	0	0	60
2013/12/26-16:07:54	40	1,629.679	54.996	12	0	1	2	0	0	0	1	0	0	1	42
2013/12/26-16:13:43	40	1,629.679	54.996	0	0	1	0	0	0	0	1	0	0	1	6
2013/12/26-16:14:11	40	1,629.679	54.996	1	0	1	1	0	0	0	1	0	0	1	3
2013/12/26-16:14:30	40	1,629.679	54.996	22	0	0	3	1	0	0	1	1	0	0	90
2013/12/26-16:16:17	40	1,629.679	54.996	17	0	0	7	0	0	1	1	0	0	1	72
2013/12/26-16:17:45	40	1,629.679	54.996	3	0	0	0	0	0	1	1	0	0	1	12
2013/12/26-16:18:12	40	1,629.679	54.996	4	0	0	0	1	0	1	1	0	0	1	12
2013/12/26-16:18:40	40	1,629.679	54.996	1	0	1	0	0	0	0	1	0	0	1	3
2013/12/26-21:52:06	34	1,683.19	52.622	16	0	0	0	0	0	0	1	1	0	0	49
2013/12/26-21:54:47	34	1,683.19	52.622	11	0	1	0	0	0	0	1	0	0	1	40
2013/12/26-21:55:43	34	1,683.19	52.622	3	0	0	1	1	0	0	1	1	0	0	10
2013/12/26-21:56:11	34	1,683.19	52.622	13	0	0	0	1	0	0	1	1	0	0	41
2013/12/26-21:59:18	34	1,683.19	52.622	2	0	0	0	0	0	0	1	1	0	0	10
2013/12/26-21:59:47	34	1,683.19	52.622	14	0	0	1	0	0	0	1	1	0	0	48
2013/12/26-22:00:56	34	1,683.19	52.622	0	0	1	0	0	0	0	1	0	0	1	6
2013/12/26-22:19:21	34	1,683.19	52.622	2	0	0	0	1	0	1	1	0	0	1	8
2013/12/26-22:19:53	34	1,683.19	52.622	1	0	0	1	0	0	1	1	0	0	1	3
2013/12/26-22:20:19	34	1,683.19	52.622	28	0	0	0	1	0	0	1	1	0	0	43
2013/12/26-22:21:21	34	1,683.19	52.622	14	0	0	0	1	0	0	1	1	0	0	58
2013/12/26-22:22:38	34	1,683.19	52.622	13	0	0	0	3	0	0	1	1	0	0	42
2013/12/26-22:23:39	34	1,683.19	52.622	15	0	0	1	0	0	0	1	1	0	0	47
2013/12/26-22:24:45	34	1,683.19	52.622	1	0	0	0	0	0	0	1	1	0	0	10
2013/12/26-22:40:22	35	1,684.38	51.282	12	0	0	0	0	0	1	1	0	0	1	31
2013/12/26-22:41:09	35	1,684.38	51.282	14	0	0	0	0	0	0	1	1	0	0	40
2013/12/26-22:42:08	35	1,684.38	51.282	6	0	0	0	0	0	0	1	1	0	0	20
2013/12/26-22:42:47	35	1,684.38	51.282	4	0	1	0	1	0	0	1	0	0	1	17
2013/12/26-22:43:23	35	1,684.38	51.282	14	0	0	0	1	0	0	1	1	0	0	61
2013/12/26-22:44:43	35	1,684.38	51.282	3	0	0	0	0	0	1	1	0	0	1	15
2013/12/26-22:48:19	35	1,684.38	51.282	11	0	0	0	2	0	0	1	1	0	0	40
2013/12/26-23:07:15	35	1,684.38	51.282	3	0	0	0	0	0	1	1	0	0	1	20
2013/12/26-23:07:54	35	1,684.38	51.282	4	0	0	0	0	0	1	1	0	0	1	8
2013/12/26-23:08:21	35	1,684.38	51.282	5	0	0	0	0	0	0	1	1	0	0	39
2013/12/26-23:09:19	35	1,684.38	51.282	0	0	1	1	0	0	0	1	0	0	1	7
2013/12/26-23:10:16	35	1,684.38	51.282	15	0	0	1	1	0	0	1	1	0	0	49
2013/12/26-23:11:23	35	1,684.38	51.282	6	0	0	0	0	0	0	1	1	0	0	18
2013/12/26-23:12:00	35	1,684.38	51.282	24	0	0	0	0	0	0	1	0	0	1	90
2013/12/26-23:29:12	35	1,684.38	51.282	6	0	0	2	0	0	1	1	0	0	1	24
2013/12/26-23:29:58	35	1,684.38	51.282	2	0	0	0	0	0	1	1	0	0	1	8
2013/12/26-23:30:26	35	1,684.38	51.282	1	0	0	1	0	0	1	1	0	0	1	3
2013/12/26-23:30:50	27	1,722.836	47.979	12	0	0	13	1	0	0	1	1	0	0	30
2013/12/26-23:31:39	27	1,722.836	47.979	6	0	0	0	1	0	1	1	0	0	1	8
2013/12/26-23:32:10	27	1,722.836	47.979	0	0	1	0	0	0	0	1	0	0	1	11
2013/12/26-23:32:39	27	1,722.836	47.979	18	0	0	1	1	0	0	1	1	0	0	68
2013/12/26-23:38:47	27	1,722.836	47.979	11	0	0	0	0	0	0	1	1	0	0	18
2013/12/26-23:39:24	27	1,722.836	47.979	23	0	0	0	2	0	0	1	1	0	0	83
2013/12/26-23:41:06	27	1,722.836	47.979	5	0	0	2	0	0	0	1	1	0	0	26
2013/12/26-23:41:49	27	1,722.836	47.979	2	0	1	0	0	0	0	1	0	0	1	10
2013/12/26-23:42:59	27	1,722.836	47.979	1	0	1	0	0	0	0	1	0	0	1	5
2013/12/26-23:43:24	27	1,722.836	47.979	3	0	0	0	0	0	1	1	0	0	1	10
2013/12/26-23:43:53	27	1,722.836	47.979	13	0	0	0	1	0	1	1	0	0	1	40
2013/12/27-00:01:37	27	1,722.836	47.979	0	0	0	0	0	0	0	1	1	0	0	8
2013/12/27-00:02:05	27	1,722.836	47.979	2	0	0	0	1	0	0	1	1	0	0	11
2013/12/27-00:02:34	27	1,722.836	47.979	0	0	0	2	0	0	0	1	1	0	0	4
2013/12/27-00:02:57	27	1,722.836	47.979	4	0	0	0	0	0	1	1	0	0	1	19
2013/12/27-00:03:35	27	1,722.836	47.979	13	0	0	1	0	0	1	1	0	0	1	46
2013/12/27-00:04:40	27	1,722.836	47.979	4	0	0	0	1	0	0	1	1	0	0	12
2013/12/27-00:05:10	27	1,722.836	47.979	17	0	1	4	0	0	0	1	0	0	1	50
2013/12/27-00:17:27	26	1,730.372	44.727	17	0	0	0	2	0	0	1	1	0	0	41
2013/12/27-00:18:26	26	1,730.372	44.727	0	0	0	0	0	0	0	1	1	0	0	60
2013/12/27-00:19:45	26	1,730.372	44.727	5	0	1	3	0	0	0	1	0	0	1	20
2013/12/27-00:20:37	26	1,730.372	44.727	12	0	0	3	0	0	1	1	0	0	1	55
2013/12/27-00:22:18	26	1,730.372	44.727	1	0	0	1	0	0	1	1	0	0	1	3
2013/12/27-00:22:40	26	1,730.372	44.727	3	0	0	0	0	0	1	1	0	0	1	4
2013/12/27-00:23:03	26	1,730.372	44.727	7	0	0	16	0	0	0	1	1	0	0	30
2013/12/27-00:23:59	26	1,730.372	44.727	4	0	0	0	1	0	1	1	0	0	1	6
2013/12/27-00:24:26	26	1,730.372	44.727	20	0	1	1	0	0	0	1	1	0	0	59
2013/12/27-00:25:43	26	1,730.372	44.727	2	0	0	0	0	0	1	1	0	0	1	10
2013/12/27-00:26:12	26	1,730.372	44.727	17	0	0	2	1	0	0	1	1	0	0	98
2013/12/27-00:28:28	26	1,730.372	44.727	8	0	1	3	1	0	0	1	1	0	0	65
2013/12/27-00:30:01	26	1,730.372	44.727	2	0	0	0	0	0	0	1	1	0	0	8
2013/12/27-00:30:29	26	1,730.372	44.727	5	0	1	0	0	0	0	1	0	0	1	12
2013/12/27-00:52:45	26	1,730.372	44.727	4	0	0	0	1	0	0	1	1	0	0	14
2013/12/27-00:53:17	26	1,730.372	44.727	14	0	0	3	0	0	0	1	1	0	0	39
2013/12/27-00:54:15	26	1,730.372	44.727	4	0	0	0	1	0	1	1	0	0	1	8
2013/12/27-00:54:41	26	1,730.372	44.727	0	0	0	0	0	0	0	1	1	0	0	3
2013/12/27-00:55:03	26	1,730.372	44.727	0	0	0	3	0	0	0	1	1	0	0	79
2013/12/27-00:56:40	26	1,730.372	44.727	5	0	0	0	0	0	0	1	1	0	0	24
2013/12/27-00:57:23	26	1,730.372	44.727	19	0	0	0	0	0	1	1	0	0	1	40
2013/12/27-01:08:14	27	1,719.277	42.152	9	0	0	0	0	0	0	1	1	0	0	38
2013/12/27-01:09:10	27	1,719.277	42.152	2	0	0	0	0	0	0	1	1	0	0	7
2013/12/27-01:09:36	27	1,719.277	42.152	14	0	0	4	1	0	0	1	1	0	0	39
2013/12/27-01:10:34	27	1,719.277	42.152	2	0	0	0	1	0	0	1	1	0	0	7
2013/12/27-01:11:02	27	1,719.277	42.152	3	0	0	3	0	0	1	1	0	0	1	32
2013/12/27-01:11:53	27	1,719.277	42.152	3	0	0	0	0	0	1	1	0	0	1	7
2013/12/27-01:12:31	27	1,719.277	42.152	9	0	0	2	0	0	0	1	1	0	0	20
2013/12/27-01:18:10	27	1,719.277	42.152	6	0	0	0	1	0	1	1	0	0	1	55
2013/12/27-01:20:11	27	1,719.277	42.152	3	0	0	0	1	0	0	1	1	0	0	10
2013/12/27-01:20:40	27	1,719.277	42.152	2	0	1	0	0	0	0	1	0	0	1	4
2013/12/27-01:21:17	27	1,719.277	42.152	0	0	1	0	0	0	0	1	0	1	0	2
2013/12/27-01:21:50	27	1,719.277	42.152	10	0	0	0	0	0	0	1	0	0	1	97
2013/12/27-01:24:30	27	1,719.277	42.152	20	0	0	5	0	0	0	1	1	0	0	64
2013/12/27-01:25:53	27	1,719.277	42.152	3	0	0	0	1	0	0	1	1	0	0	14
2013/12/27-01:42:26	23	1,745.808	39.741	12	0	0	0	2	0	0	1	1	0	0	38
2013/12/27-01:43:23	23	1,745.808	39.741	5	0	0	3	0	0	0	1	1	0	0	71
2013/12/27-01:44:52	23	1,745.808	39.741	12	0	1	4	0	0	0	1	0	0	1	50
2013/12/27-01:46:01	23	1,745.808	39.741	0	0	1	0	0	0	0	1	0	0	1	12
2013/12/27-01:46:32	23	1,745.808	39.741	8	0	0	0	0	0	1	1	0	0	1	42
2013/12/27-01:47:32	23	1,745.808	39.741	7	0	0	0	0	0	0	1	1	0	0	14
2013/12/27-01:48:05	23	1,745.808	39.741	24	0	0	0	2	0	0	1	1	0	0	88
2013/12/27-02:00:28	23	1,745.808	39.741	6	0	1	0	0	0	0	1	0	0	1	25
2013/12/27-02:01:47	23	1,745.808	39.741	4	0	0	0	0	0	0	1	1	0	0	15
2013/12/27-02:02:21	23	1,745.808	39.741	1	0	0	0	0	0	1	1	0	0	1	18
2013/12/27-02:03:04	23	1,745.808	39.741	14	0	1	0	0	0	0	1	0	0	1	47
2013/12/27-02:04:10	23	1,745.808	39.741	1	0	0	1	0	0	1	1	0	0	1	3
2013/12/27-02:04:36	23	1,745.808	39.741	3	0	0	0	0	0	1	1	0	0	1	3
2013/12/27-02:05:06	23	1,745.808	39.741	9	0	0	0	1	0	0	1	1	0	0	18
2013/12/27-02:05:49	23	1,745.808	39.741	13	0	0	0	2	0	0	1	1	0	0	30
2013/12/27-02:06:39	23	1,745.808	39.741	4	0	1	1	0	0	0	1	0	0	1	13
2013/12/27-02:07:14	23	1,745.808	39.741	12	0	1	0	2	0	0	1	1	0	0	86
2013/12/27-02:09:15	23	1,745.808	39.741	1	0	0	0	0	0	1	1	0	0	1	3
2013/12/27-02:09:44	23	1,745.808	39.741	2	0	0	0	0	0	0	1	1	0	0	6
2013/12/27-02:10:09	23	1,745.808	39.741	1	0	0	0	0	0	1	1	0	0	1	1
2013/12/27-02:10:39	23	1,745.808	39.741	1	0	1	1	0	0	0	1	0	0	1	2
2013/12/27-02:23:16	24	1,730.186	37.147	8	0	0	0	1	0	0	1	1	0	0	32
2013/12/27-02:24:07	24	1,730.186	37.147	2	0	0	0	0	0	0	1	1	0	0	8
2013/12/27-02:24:34	24	1,730.186	37.147	7	0	0	1	1	0	0	1	1	0	0	14
2013/12/27-02:25:06	24	1,730.186	37.147	1	0	0	0	0	0	1	1	0	0	1	3
2013/12/27-02:25:30	24	1,730.186	37.147	13	0	0	2	1	0	0	1	1	0	0	32
2013/12/27-02:26:21	24	1,730.186	37.147	0	0	0	2	0	0	0	1	1	0	0	4
2013/12/27-02:26:44	24	1,730.186	37.147	4	0	0	0	0	0	0	1	1	0	0	16
2013/12/27-02:49:43	24	1,730.186	37.147	3	0	0	1	0	0	1	1	0	0	1	7
2013/12/27-02:50:13	24	1,730.186	37.147	10	0	1	0	0	0	0	1	1	0	0	48
2013/12/27-02:51:21	24	1,730.186	37.147	7	0	0	0	0	0	0	1	1	0	0	32
2013/12/27-02:52:12	24	1,730.186	37.147	0	0	1	0	0	0	0	1	0	0	1	11
2013/12/27-02:52:42	24	1,730.186	37.147	7	0	0	0	0	0	0	1	1	0	0	20
2013/12/27-02:53:21	24	1,730.186	37.147	5	0	0	0	1	0	0	1	1	0	0	12
2013/12/27-02:53:52	24	1,730.186	37.147	5	0	1	0	0	0	0	1	0	0	1	20
2013/12/27-02:58:57	23	1,736.822	35.781	10	0	0	0	1	0	0	1	1	0	0	18
2013/12/27-02:59:34	23	1,736.822	35.781	2	0	0	0	2	0	0	1	1	0	0	8
2013/12/27-03:00:01	23	1,736.822	35.781	2	0	0	0	1	0	1	1	0	0	1	8
2013/12/27-03:00:34	23	1,736.822	35.781	1	0	0	0	0	0	1	1	0	0	1	2
2013/12/27-03:01:07	23	1,736.822	35.781	2	0	1	0	0	0	0	1	0	0	1	6
2013/12/27-03:01:36	23	1,736.822	35.781	8	0	0	2	0	0	1	1	0	0	1	27
2013/12/27-07:14:29	23	1,736.822	35.781	7	0	0	0	1	0	0	1	1	0	0	26
2013/12/27-07:21:11	23	1,736.822	35.781	1	0	0	16	0	0	0	1	1	0	0	51
2013/12/27-07:22:21	23	1,736.822	35.781	6	0	0	3	1	0	0	1	1	0	0	25
2013/12/27-07:23:05	23	1,736.822	35.781	5	0	0	0	2	0	0	1	1	0	0	18
2013/12/27-07:23:42	23	1,736.822	35.781	0	0	0	0	0	0	0	1	1	0	0	3
2013/12/27-07:24:03	23	1,736.822	35.781	9	0	0	0	0	0	1	1	0	0	1	31
2013/12/27-07:24:53	23	1,736.822	35.781	12	0	1	0	1	0	0	1	0	0	1	51
2013/12/27-07:26:03	23	1,736.822	35.781	3	0	0	0	1	0	0	1	1	0	0	7
2013/12/27-07:49:09	23	1,736.822	35.781	1	0	0	0	0	0	0	1	1	0	0	8
2013/12/27-07:49:36	23	1,736.822	35.781	17	0	1	0	0	0	0	1	0	0	1	63
2013/12/27-07:50:57	23	1,736.822	35.781	7	0	1	0	0	0	0	1	0	0	1	16
2013/12/27-07:51:33	23	1,736.822	35.781	1	0	0	1	0	0	1	1	0	0	1	3
2013/12/27-07:52:00	23	1,736.772	34.014	6	0	0	0	0	0	0	1	1	0	0	10
2013/12/27-07:52:29	23	1,736.772	34.014	7	0	0	8	1	0	0	1	1	0	0	28
2013/12/27-07:53:15	23	1,736.772	34.014	6	0	0	0	0	0	1	1	0	0	1	21
2013/12/27-07:59:26	23	1,736.772	34.014	3	0	0	1	0	0	1	1	0	0	1	12
2013/12/27-08:00:27	23	1,736.772	34.014	2	0	1	0	1	0	0	1	0	0	1	5
2013/12/27-08:00:51	23	1,736.772	34.014	7	0	0	1	1	0	0	1	1	0	0	31
2013/12/27-08:01:41	23	1,736.772	34.014	17	0	0	7	0	0	0	1	1	0	0	62
2013/12/27-08:03:02	23	1,736.772	34.014	23	0	0	0	0	0	0	1	1	0	0	90
2013/12/27-08:04:51	23	1,736.772	34.014	6	0	1	0	0	0	0	1	0	0	1	14
2013/12/27-08:05:23	23	1,736.772	34.014	6	0	0	0	0	0	0	1	1	0	0	18
2013/12/27-08:10:22	23	1,736.772	34.014	23	0	1	0	0	0	0	1	0	0	1	82
2013/12/27-08:12:07	23	1,736.772	34.014	0	0	0	2	0	0	0	1	1	0	0	4
2013/12/27-08:12:30	23	1,736.772	34.014	9	0	0	0	0	0	1	1	0	0	1	32
2013/12/27-08:13:21	23	1,736.772	34.014	9	0	1	1	0	0	0	1	0	0	1	40
2013/12/27-08:14:40	23	1,736.772	34.014	1	0	0	0	0	0	0	1	1	0	0	6
2013/12/27-08:15:04	23	1,736.772	34.014	11	0	0	0	1	0	0	1	1	0	0	32
2013/12/27-08:15:55	23	1,736.772	34.014	6	0	0	0	0	0	1	1	0	0	1	32
2013/12/27-08:40:25	23	1,735.525	32.708	3	0	0	0	0	0	0	1	1	0	0	10
2013/12/27-08:40:54	23	1,735.525	32.708	2	0	0	0	1	0	1	1	0	0	1	8
2013/12/27-08:41:21	23	1,735.525	32.708	1	0	0	1	1	0	1	1	0	0	1	3
2013/12/27-08:41:43	23	1,735.525	32.708	11	0	0	0	2	0	0	1	1	0	0	13
2013/12/27-08:42:16	23	1,735.525	32.708	14	0	1	3	2	0	0	1	0	0	1	62
2013/12/27-08:43:37	23	1,735.525	32.708	17	0	0	1	0	0	1	1	0	0	1	45
2013/12/27-08:44:40	23	1,735.525	32.708	1	0	0	0	1	0	0	1	1	0	0	41
2013/12/27-08:53:23	23	1,735.525	32.708	14	0	0	0	0	0	0	1	1	0	0	38
2013/12/27-08:54:19	23	1,735.525	32.708	3	0	0	0	0	0	1	1	0	0	1	5
2013/12/27-08:54:49	23	1,735.525	32.708	24	0	0	0	0	0	0	1	1	0	0	86
2013/12/27-08:56:34	23	1,735.525	32.708	4	0	0	0	1	0	0	1	1	0	0	13
2013/12/27-08:57:06	23	1,735.525	32.708	6	0	1	1	1	0	0	1	0	0	1	22
2013/12/27-08:57:47	23	1,735.525	32.708	9	0	0	0	1	0	0	1	1	0	0	30
2013/12/27-08:58:37	23	1,735.525	32.708	4	0	0	0	1	0	0	1	1	0	0	11
2013/12/27-09:03:51	23	1,735.525	32.708	0	0	0	2	0	0	0	1	1	0	0	21
2013/12/27-09:04:30	23	1,735.525	32.708	2	0	1	0	1	0	0	1	0	0	1	8
2013/12/27-09:04:57	23	1,735.525	32.708	23	0	0	0	0	0	0	1	1	0	0	83
2013/12/27-09:06:39	23	1,735.525	32.708	1	0	0	0	0	0	0	1	1	0	0	6
2013/12/27-09:07:03	23	1,735.525	32.708	16	0	0	2	0	0	0	1	1	0	0	53
2013/12/27-09:08:15	23	1,735.525	32.708	5	0	0	0	1	0	1	1	0	0	1	18
2013/12/27-09:08:51	23	1,735.525	32.708	7	0	0	0	0	0	0	1	1	0	0	40
2013/12/27-09:32:01	22	1,746.578	31.185	1	0	0	1	0	0	1	1	0	0	1	3
2013/12/27-09:32:23	22	1,746.578	31.185	15	0	0	3	0	0	1	1	0	0	1	61
2013/12/27-09:33:43	22	1,746.578	31.185	6	0	0	0	1	0	1	1	0	0	1	17
2013/12/27-09:34:20	22	1,746.578	31.185	6	0	0	0	0	0	0	1	1	0	0	20
2013/12/27-09:34:58	22	1,746.578	31.185	0	0	1	0	0	0	0	1	0	0	1	6
2013/12/27-09:35:23	22	1,746.578	31.185	32	0	0	4	0	0	0	1	1	0	0	64
2013/12/27-09:36:46	22	1,746.578	31.185	6	0	0	0	1	0	0	1	1	0	0	10
2013/12/27-09:42:40	22	1,746.578	31.185	7	0	0	1	1	0	0	1	1	0	0	27
2013/12/27-09:43:26	22	1,746.578	31.185	19	0	0	0	2	0	1	1	0	0	1	36
2013/12/27-09:44:21	22	1,746.578	31.185	8	0	0	0	2	0	0	1	1	0	0	26
2013/12/27-09:45:03	22	1,746.578	31.185	26	0	0	0	1	0	0	1	1	0	0	38
2013/12/27-09:45:59	22	1,746.578	31.185	6	0	0	0	1	0	0	1	1	0	0	22
2013/12/27-09:46:37	22	1,746.578	31.185	4	0	0	0	1	0	0	1	1	0	0	60
2013/12/27-09:47:53	22	1,746.578	31.185	25	0	0	0	0	0	0	1	0	0	1	90
2013/12/27-11:06:23	20	1,760.074	32.521	7	0	0	0	0	0	1	1	0	0	1	24
2013/12/27-11:07:11	20	1,760.074	32.521	0	0	1	0	0	0	0	1	0	0	1	7
2013/12/27-11:08:08	20	1,760.074	32.521	19	0	0	0	2	0	0	1	1	0	0	59
2013/12/27-11:09:26	20	1,760.074	32.521	31	0	0	0	2	0	0	1	1	0	0	49
2013/12/27-11:10:34	20	1,760.074	32.521	2	0	1	0	0	0	0	1	0	0	1	6
2013/12/27-11:19:55	19	1,760.111	32.466	17	0	0	0	0	0	0	1	1	0	0	60
2013/12/27-11:21:14	19	1,760.111	32.466	21	0	0	1	0	0	0	1	1	0	0	60
2013/12/27-11:22:33	19	1,760.111	32.466	1	0	0	0	1	0	1	1	1	0	0	16
2013/12/27-11:23:09	19	1,760.111	32.466	4	0	0	0	0	0	1	1	0	0	1	12
2013/12/27-11:23:54	19	1,760.111	32.466	7	0	1	0	0	0	0	1	0	0	1	11
2013/12/27-11:45:32	19	1,760.111	32.466	3	0	0	1	0	0	1	1	0	0	1	14
2013/12/27-11:46:06	19	1,760.111	32.466	6	0	0	0	0	0	1	1	0	0	1	20
2013/12/27-11:46:46	19	1,760.111	32.466	7	0	0	0	2	0	1	1	0	0	1	10
2013/12/27-11:47:16	19	1,760.111	32.466	7	0	0	0	0	0	0	1	0	0	1	60
2013/12/27-11:48:35	19	1,760.111	32.466	12	0	0	0	1	0	0	1	1	0	0	33
2013/12/27-19:44:56	17	1,760.116	44.018	1	0	0	0	1	0	0	1	1	0	0	8
2013/12/27-19:47:01	17	1,760.116	44.018	8	0	0	1	0	0	0	1	1	0	0	38
2013/12/27-19:47:58	17	1,760.116	44.018	10	0	0	0	0	0	1	1	0	0	1	19
2013/12/27-19:48:50	17	1,760.116	44.018	17	0	0	0	0	0	0	1	1	0	0	60
2013/12/27-19:50:08	17	1,760.116	44.018	8	0	0	0	0	0	0	1	1	0	0	29
2013/12/27-20:07:40	16	1,766.751	43.261	6	0	0	0	0	0	1	1	0	0	1	25
2013/12/27-20:08:49	16	1,766.751	43.261	6	0	0	0	1	0	0	1	1	0	0	20
2013/12/27-20:09:28	16	1,766.751	43.261	13	0	0	0	1	0	1	1	0	0	1	24
2013/12/27-20:10:10	16	1,766.751	43.261	9	0	0	0	0	0	0	1	1	0	0	31
2013/12/27-20:11:00	16	1,766.751	43.261	22	0	0	0	1	0	0	1	1	0	0	46
2013/12/27-20:25:14	16	1,766.751	43.261	9	0	0	0	0	0	0	1	1	0	0	16
2013/12/27-20:25:49	16	1,766.751	43.261	4	0	0	0	0	0	1	1	0	0	1	8
2013/12/27-20:26:17	16	1,766.751	43.261	13	0	0	2	0	0	0	1	1	0	0	60
2013/12/27-20:27:35	16	1,766.751	43.261	6	0	0	0	1	0	0	1	1	0	0	19
2013/12/27-20:28:14	16	1,766.751	43.261	0	0	0	0	0	0	0	1	1	0	0	4
2013/12/27-20:28:57	16	1,766.751	43.261	14	0	0	1	1	0	0	1	1	0	0	60
2013/12/27-20:30:17	16	1,766.751	43.261	3	0	0	0	1	0	0	1	1	0	0	18
2013/12/27-20:30:54	14	1,782.41	41.049	1	0	1	0	1	0	0	1	0	0	1	3
2013/12/27-20:31:24	14	1,782.41	41.049	4	0	0	0	0	0	0	1	1	0	0	15
2013/12/27-20:31:58	14	1,782.41	41.049	1	0	1	0	0	0	0	1	0	0	1	18
2013/12/27-20:49:26	14	1,782.41	41.049	4	0	0	0	0	0	1	1	0	0	1	10
2013/12/27-20:49:56	14	1,782.41	41.049	4	0	1	0	0	0	0	1	0	0	1	22
2013/12/27-20:50:37	14	1,782.41	41.049	6	0	0	5	0	0	0	1	1	0	0	19
2013/12/27-20:51:15	14	1,782.41	41.049	9	0	1	0	0	0	0	1	0	0	1	18
2013/12/27-20:51:52	14	1,782.41	41.049	9	0	0	0	1	0	0	1	1	0	0	36
2013/12/27-21:06:56	14	1,787.137	39.803	15	0	0	3	0	0	1	1	0	0	1	39
2013/12/27-21:07:54	14	1,787.137	39.803	3	0	1	0	0	0	0	1	0	0	1	18
2013/12/27-21:08:41	14	1,787.137	39.803	1	0	0	0	0	0	1	1	0	0	1	12
2013/12/27-21:10:00	14	1,787.137	39.803	20	0	0	0	2	0	0	1	1	0	0	42
2013/12/27-21:11:01	14	1,787.137	39.803	5	0	0	1	0	0	0	1	1	0	0	20
2013/12/27-21:12:01	14	1,787.137	39.803	6	0	0	0	0	0	0	1	1	0	0	20
2013/12/27-21:12:41	14	1,787.137	39.803	1	0	1	0	0	0	0	1	0	0	1	18
2013/12/27-21:13:18	14	1,787.137	39.803	5	0	0	0	2	0	0	1	1	0	0	18
2013/12/27-21:13:55	14	1,787.137	39.803	9	0	0	0	0	0	1	1	0	0	1	13
2013/12/27-21:14:26	14	1,787.137	39.803	7	0	0	0	0	0	0	1	1	0	0	17
2013/12/27-21:32:14	13	1,792.061	38.442	5	0	0	0	2	0	0	1	1	0	0	16
2013/12/27-21:32:50	13	1,792.061	38.442	3	0	1	0	0	0	0	1	0	0	1	20
2013/12/27-21:33:29	13	1,792.061	38.442	19	0	0	0	0	0	1	1	0	0	1	36
2013/12/27-21:34:24	13	1,792.061	38.442	10	0	0	2	1	0	0	1	1	0	0	28
2013/12/27-21:35:11	13	1,792.061	38.442	14	0	0	0	2	0	0	1	1	0	0	60
2013/12/27-22:04:00	13	1,792.061	38.442	13	0	0	0	0	0	1	1	0	0	1	32
2013/12/27-22:05:02	13	1,792.061	38.442	4	0	0	0	2	0	0	1	1	0	0	13
2013/12/27-22:05:34	13	1,792.061	38.442	7	0	0	0	0	0	0	1	1	0	0	24
2013/12/27-22:06:17	13	1,792.061	38.442	1	0	1	0	0	0	0	1	0	0	1	8
2013/12/27-22:07:36	13	1,792.061	38.442	3	0	0	0	1	0	0	1	1	0	0	17
2013/12/27-22:08:31	13	1,792.061	38.442	2	0	1	0	0	0	0	1	0	0	1	13
2013/12/27-22:09:04	13	1,792.061	38.442	2	0	0	0	1	0	0	1	1	0	0	7
2013/12/27-22:09:29	13	1,792.061	38.442	19	0	0	1	1	0	0	1	1	0	0	60
2013/12/27-22:10:48	13	1,792.061	38.442	6	0	0	0	3	0	0	1	1	0	0	18
2013/12/27-22:11:25	13	1,792.061	38.442	2	0	0	0	1	0	1	1	0	0	1	7
2013/12/27-22:51:55	10	1,806.506	36.542	8	0	0	0	0	0	0	1	1	0	0	24
2013/12/27-22:52:39	10	1,806.506	36.542	15	0	0	0	1	0	0	1	1	0	0	54
2013/12/27-22:53:52	10	1,806.506	36.542	10	0	0	0	1	0	1	1	0	0	1	24
2013/12/27-22:54:34	10	1,806.506	36.542	3	0	0	0	1	0	0	1	1	0	0	10
2013/12/27-22:55:03	10	1,806.506	36.542	19	0	0	0	0	0	0	1	0	0	1	60
2013/12/27-23:12:55	9	1,815.444	36.207	3	0	0	0	0	0	1	1	0	0	1	9
2013/12/27-23:13:26	9	1,815.444	36.207	4	0	0	0	1	0	1	1	0	0	1	14
2013/12/27-23:14:34	9	1,815.444	36.207	24	0	0	0	0	0	0	1	0	0	1	60
2013/12/27-23:15:52	9	1,815.444	36.207	8	0	0	0	0	0	1	1	0	0	1	25
2013/12/27-23:16:37	9	1,815.444	36.207	1	0	1	0	0	0	0	1	0	0	1	25
2013/12/27-23:19:07	9	1,815.444	36.207	13	0	0	0	1	0	0	1	1	0	0	26
2013/12/27-23:20:03	9	1,815.444	36.207	8	0	0	0	0	0	0	1	1	0	0	27
2013/12/27-23:20:49	9	1,815.444	36.207	7	0	0	0	1	0	0	1	1	0	0	10
2013/12/27-23:21:17	9	1,815.444	36.207	1	0	0	0	1	0	0	1	1	0	0	9
2013/12/27-23:21:45	9	1,815.444	36.207	15	0	0	1	1	0	1	1	0	0	1	44
2013/12/27-23:42:08	9	1,814.518	35.341	13	0	0	0	1	0	0	1	1	0	0	29
2013/12/27-23:42:56	9	1,814.518	35.341	0	0	0	0	0	0	0	1	1	0	0	4
2013/12/27-23:43:18	9	1,814.518	35.341	18	0	0	0	1	0	0	1	1	0	0	59
2013/12/27-23:44:36	9	1,814.518	35.341	17	0	0	0	0	0	1	1	0	0	1	60
2013/12/27-23:45:55	9	1,814.518	35.341	2	0	0	0	0	0	1	1	0	0	1	6
2013/12/28-00:00:33	9	1,814.518	35.341	20	0	0	0	0	0	0	1	1	0	0	60
2013/12/28-00:01:52	9	1,814.518	35.341	11	0	1	0	0	0	0	1	0	0	1	34
2013/12/28-00:02:45	9	1,814.518	35.341	7	0	0	0	3	0	0	1	1	0	0	25
2013/12/28-00:03:29	9	1,814.518	35.341	8	0	0	0	1	0	1	1	0	0	1	60
2013/12/28-00:04:48	9	1,814.518	35.341	8	0	0	1	1	0	0	1	1	0	0	31
2013/12/28-00:09:58	9	1,814.518	35.341	5	0	0	0	2	0	0	1	1	0	0	20
2013/12/28-00:10:36	9	1,814.518	35.341	4	0	1	0	0	0	0	1	0	0	1	19
2013/12/28-00:11:26	9	1,814.518	35.341	9	0	0	3	1	0	1	1	0	0	1	23
2013/12/28-00:12:08	6	1,824.325	34.065	2	0	0	0	0	0	0	1	1	0	0	10
2013/12/28-00:12:36	6	1,824.325	34.065	21	0	0	2	1	0	0	1	1	0	0	60
2013/12/28-00:28:33	6	1,824.325	34.065	6	0	0	0	1	0	0	1	1	0	0	14
2013/12/28-00:29:06	6	1,824.325	34.065	9	0	1	2	0	0	0	1	0	0	1	27
2013/12/28-00:30:25	6	1,824.325	34.065	11	0	0	0	0	0	0	1	1	0	0	45
2013/12/28-00:31:29	6	1,824.325	34.065	8	0	0	0	2	0	0	1	1	0	0	28
2013/12/28-00:32:16	6	1,824.325	34.065	12	0	0	5	0	0	1	1	0	0	1	53
2013/12/28-00:43:47	6	1,833.222	33.685	2	0	0	0	0	0	1	1	0	0	1	8
2013/12/28-00:44:18	6	1,833.222	33.685	5	0	0	0	0	0	1	1	0	0	1	15
2013/12/28-00:45:12	6	1,833.222	33.685	4	0	0	0	2	0	0	1	1	0	0	13
2013/12/28-00:45:44	6	1,833.222	33.685	0	0	1	0	0	0	0	1	0	0	1	15
2013/12/28-00:46:22	6	1,833.222	33.685	7	0	0	0	0	0	0	1	1	0	0	14
2013/12/28-00:47:15	6	1,833.222	33.685	2	0	0	0	0	0	0	1	1	0	0	7
2013/12/28-00:47:42	6	1,833.222	33.685	5	0	0	0	0	0	1	1	0	0	1	7
2013/12/28-00:48:29	6	1,833.222	33.685	7	0	0	0	1	0	0	1	1	0	0	38
2013/12/28-00:49:26	6	1,833.222	33.685	19	0	0	0	2	0	0	1	1	0	0	41
2013/12/28-00:50:27	6	1,833.222	33.685	0	0	0	0	0	0	0	1	1	0	0	5
2013/12/28-01:08:32	6	1,827.747	33.235	2	0	0	0	0	0	1	1	0	0	1	6
2013/12/28-01:09:24	6	1,827.747	33.235	16	0	0	0	1	0	0	1	1	0	0	20
2013/12/28-01:10:03	6	1,827.747	33.235	15	0	0	1	2	0	0	1	1	0	0	33
2013/12/28-01:10:55	6	1,827.747	33.235	0	0	1	0	0	0	0	1	0	0	1	18
2013/12/28-01:11:32	6	1,827.747	33.235	13	0	0	0	0	0	0	1	0	0	1	60
2013/12/28-01:29:14	6	1,827.747	33.235	2	0	1	0	0	0	0	1	0	0	1	25
2013/12/28-01:30:00	6	1,827.747	33.235	3	0	0	0	0	0	1	1	0	0	1	8
2013/12/28-01:30:52	6	1,827.747	33.235	17	0	0	0	2	0	0	1	1	0	0	60
2013/12/28-01:32:12	6	1,827.747	33.235	6	0	0	6	0	0	0	1	1	0	0	20
2013/12/28-01:32:51	6	1,827.747	33.235	18	0	0	0	1	0	0	1	1	0	0	60
2013/12/28-01:34:32	6	1,827.747	33.235	26	0	0	0	0	0	0	1	1	0	0	60
2013/12/28-01:35:51	6	1,827.747	33.235	14	0	0	1	0	0	0	1	1	0	0	39
2013/12/28-01:36:49	6	1,827.747	33.235	6	0	0	0	1	0	1	1	0	0	1	21
2013/12/28-01:37:29	6	1,827.747	33.235	18	0	0	6	0	0	0	1	0	0	1	60
2013/12/28-01:38:48	6	1,827.747	33.235	4	0	0	0	3	0	0	1	1	0	0	12
2013/12/28-01:59:43	6	1,830.487	32.318	4	0	0	0	2	0	0	1	1	0	0	19
2013/12/28-02:00:21	6	1,830.487	32.318	5	0	0	0	0	0	1	1	0	0	1	4
2013/12/28-02:00:53	6	1,830.487	32.318	1	0	1	0	0	0	0	1	0	0	1	7
2013/12/28-02:01:24	6	1,830.487	32.318	11	0	0	0	1	0	0	1	1	0	0	27
2013/12/28-02:02:10	6	1,830.487	32.318	1	0	0	0	0	0	0	1	1	0	0	5
2013/12/28-02:18:08	6	1,826.528	32.451	2	0	0	0	0	0	1	1	0	0	1	7
2013/12/28-02:19:16	6	1,826.528	32.451	13	0	0	2	1	0	0	1	1	0	0	38
2013/12/28-02:20:13	6	1,826.528	32.451	5	0	0	0	1	0	0	1	1	0	0	20
2013/12/28-02:20:52	6	1,826.528	32.451	0	0	1	0	0	0	0	1	0	0	1	22
2013/12/28-02:21:34	6	1,826.528	32.451	28	0	0	0	1	0	0	1	1	0	0	60
2013/12/28-02:23:14	6	1,826.528	32.451	2	0	0	0	0	0	0	1	1	0	0	11
2013/12/28-02:23:44	6	1,826.528	32.451	12	0	0	0	1	0	0	1	1	0	0	29
2013/12/28-02:24:32	6	1,826.528	32.451	2	0	0	0	1	0	0	1	1	0	0	7
2013/12/28-02:24:58	6	1,826.528	32.451	1	0	1	0	0	0	0	1	0	0	1	3
2013/12/28-02:25:22	6	1,826.528	32.451	0	0	0	0	0	0	0	1	1	0	0	4
2013/12/28-02:42:11	6	1,826.528	32.451	21	0	0	0	1	0	1	1	0	0	1	41
2013/12/28-02:43:11	6	1,826.528	32.451	4	0	0	0	1	0	0	1	1	0	0	13
2013/12/28-02:43:44	6	1,826.528	32.451	4	0	0	0	1	0	1	1	0	0	1	8
2013/12/28-02:45:03	6	1,828.355	31.814	8	0	0	1	1	0	1	1	0	0	1	28
2013/12/28-02:45:50	6	1,828.355	31.814	12	0	0	1	1	0	0	1	1	0	0	34
2013/12/28-02:59:28	6	1,828.355	31.814	1	0	1	0	0	0	0	1	0	0	1	12
2013/12/28-03:00:00	6	1,828.355	31.814	5	0	0	0	1	0	0	1	1	0	0	17
2013/12/28-03:00:37	6	1,828.355	31.814	14	0	0	0	0	0	1	1	0	0	1	41
2013/12/28-03:01:38	6	1,828.355	31.814	3	0	0	0	1	0	1	1	0	0	1	8
2013/12/28-03:02:08	6	1,828.355	31.814	4	0	0	1	0	0	1	1	0	0	1	17
2013/12/28-03:03:06	6	1,828.355	31.814	2	0	0	0	1	0	0	1	1	0	0	7
2013/12/28-03:03:32	6	1,828.355	31.814	10	0	0	0	0	0	0	1	1	0	0	39
2013/12/28-03:04:30	6	1,828.355	31.814	13	0	0	0	0	0	0	1	1	0	0	36
2013/12/28-03:05:25	6	1,828.355	31.814	10	0	0	0	1	0	0	1	1	0	0	22
2013/12/28-03:06:06	6	1,828.355	31.814	2	0	0	0	1	0	0	1	1	0	0	8
2013/12/28-03:20:38	6	1,835.028	31.353	9	0	0	5	0	0	1	1	0	0	1	36
2013/12/28-03:21:45	6	1,835.028	31.353	24	0	0	0	0	0	0	1	1	0	0	60
2013/12/28-03:23:04	6	1,835.028	31.353	4	0	1	0	0	0	0	1	0	0	1	7
2013/12/28-03:23:30	6	1,835.028	31.353	0	0	0	0	0	0	0	1	1	0	0	6
2013/12/28-03:23:56	6	1,835.028	31.353	15	0	0	0	0	0	0	1	0	0	1	60
2013/12/28-03:39:15	6	1,832.081	31.521	3	0	1	0	0	0	0	1	0	0	1	18
2013/12/28-03:39:59	6	1,832.081	31.521	4	0	0	0	0	0	0	1	1	0	0	21
2013/12/28-03:40:39	6	1,832.081	31.521	19	0	0	0	2	0	0	1	1	0	0	36
2013/12/28-03:41:35	6	1,832.081	31.521	1	0	0	0	0	0	0	1	1	0	0	13
2013/12/28-03:42:07	6	1,832.081	31.521	4	0	0	0	0	0	0	1	1	0	0	60
2013/12/28-03:43:48	6	1,832.081	31.521	16	0	0	3	0	0	1	1	0	0	1	49
2013/12/28-03:44:56	6	1,832.081	31.521	2	0	1	0	1	0	0	1	0	0	1	7
2013/12/28-03:45:22	6	1,832.081	31.521	0	0	0	0	0	0	0	1	1	0	0	5
2013/12/28-03:45:46	6	1,832.081	31.521	3	0	0	0	1	0	0	1	1	0	0	13
2013/12/28-03:46:18	6	1,832.081	31.521	9	0	1	0	1	0	0	1	1	0	0	13
2013/12/28-04:01:50	6	1,832.081	31.521	1	0	0	0	0	0	0	1	1	0	0	17
2013/12/28-04:02:26	6	1,832.081	31.521	6	0	0	0	0	0	1	1	0	0	1	19
2013/12/28-04:03:05	6	1,832.081	31.521	6	0	0	0	1	0	0	1	1	0	0	16
2013/12/28-04:03:39	6	1,832.081	31.521	2	0	0	0	1	0	1	1	0	0	1	6
2013/12/28-04:04:12	6	1,832.081	31.521	16	0	0	0	1	0	0	1	1	0	0	60
2013/12/28-04:17:56	6	1,842.708	30.758	7	0	0	0	2	0	0	1	1	0	0	18
2013/12/28-04:18:33	6	1,842.708	30.758	4	0	0	0	2	0	0	1	1	0	0	6
2013/12/28-04:18:59	6	1,842.708	30.758	3	0	0	1	1	0	1	1	0	0	1	7
2013/12/28-04:20:18	6	1,842.708	30.758	2	0	0	0	1	0	0	1	1	0	0	7
2013/12/28-04:20:45	6	1,842.708	30.758	2	0	0	0	1	0	1	1	0	0	1	6
2013/12/28-04:26:33	6	1,842.708	30.758	3	0	0	0	1	0	0	1	1	0	0	10
2013/12/28-04:27:02	6	1,842.708	30.758	7	0	0	0	1	0	0	1	1	0	0	26
2013/12/28-04:27:47	6	1,842.708	30.758	9	0	0	2	1	0	0	1	1	0	0	29
2013/12/28-04:28:35	6	1,842.708	30.758	3	0	0	0	0	0	0	1	1	0	0	16
2013/12/28-04:29:10	6	1,842.708	30.758	18	0	0	0	2	0	0	1	1	0	0	22
2013/12/28-04:46:13	5	1,849.058	30.53	1	0	1	0	0	0	0	1	0	0	1	5
2013/12/28-04:46:41	5	1,849.058	30.53	7	0	1	0	0	0	0	1	0	0	1	27
2013/12/28-04:47:27	5	1,849.058	30.53	15	0	0	0	0	0	0	1	0	0	1	60
2013/12/28-04:48:46	5	1,849.058	30.53	21	0	0	0	0	0	0	1	1	0	0	60
2013/12/28-04:50:05	5	1,849.058	30.53	18	0	0	0	0	0	1	1	0	0	1	34
2013/12/28-05:02:50	5	1,849.058	30.53	4	0	0	0	0	0	1	1	0	0	1	11
2013/12/28-05:03:36	5	1,849.058	30.53	13	0	1	0	1	0	0	1	0	0	1	53
2013/12/28-05:04:48	5	1,849.058	30.53	9	0	0	1	0	0	0	1	1	0	0	33
2013/12/28-05:05:41	5	1,845.29	30.372	2	0	0	0	2	0	1	1	0	0	1	6
2013/12/28-05:06:06	5	1,845.29	30.372	26	0	0	0	2	0	0	1	1	0	0	35
2013/12/28-05:11:26	5	1,845.29	30.372	14	0	0	1	0	0	0	1	1	0	0	60
2013/12/28-05:12:46	5	1,845.29	30.372	14	0	0	0	1	0	0	1	1	0	0	60
2013/12/28-05:14:05	5	1,845.29	30.372	15	0	0	7	0	0	0	1	1	0	0	47
2013/12/28-05:15:11	5	1,845.29	30.372	23	0	0	0	1	0	0	1	1	0	0	60
2013/12/28-05:16:30	5	1,845.29	30.372	8	0	0	0	0	0	0	1	1	0	0	15
2013/12/28-05:34:45	5	1,845.29	30.372	12	0	0	0	1	0	0	1	1	0	0	27
2013/12/28-05:35:32	5	1,845.29	30.372	4	0	0	0	0	0	0	1	1	0	0	24
2013/12/28-05:36:15	5	1,845.29	30.372	11	0	0	0	2	0	0	1	1	0	0	60
2013/12/28-05:37:34	5	1,845.29	30.372	5	0	0	0	3	0	0	1	1	0	0	19
2013/12/28-05:38:13	3	1,858.695	30.129	26	0	0	1	0	0	0	1	1	0	0	60
2013/12/28-05:49:15	3	1,858.695	30.129	1	0	0	0	0	0	1	1	0	0	1	3
2013/12/28-05:49:55	3	1,858.695	30.129	6	0	1	0	1	0	0	1	0	0	1	26
2013/12/28-05:50:40	3	1,858.695	30.129	17	0	0	2	0	0	0	1	1	0	0	60
2013/12/28-05:52:00	3	1,858.695	30.129	1	0	1	0	0	0	0	1	0	0	1	14
2013/12/28-05:52:33	3	1,858.695	30.129	3	0	0	0	0	0	1	1	0	0	1	5
2013/12/28-05:53:23	3	1,858.695	30.129	8	0	0	0	0	0	0	1	1	0	0	25
2013/12/28-05:54:07	3	1,858.695	30.129	5	0	0	0	0	0	0	1	1	0	0	16
2013/12/28-05:54:42	3	1,858.695	30.129	14	0	0	0	0	0	0	1	0	0	1	60
2013/12/28-05:56:02	3	1,858.695	30.129	5	0	0	0	0	0	1	1	0	0	1	6
2013/12/28-05:56:27	3	1,858.695	30.129	17	0	0	0	0	0	0	1	1	0	0	40
2013/12/28-06:18:06	4	1,853.077	30.064	28	0	0	0	1	0	0	1	1	0	0	60
2013/12/28-06:19:25	4	1,853.077	30.064	8	0	1	0	0	0	0	1	0	0	1	18
2013/12/28-06:20:03	4	1,853.077	30.064	5	0	0	0	0	0	1	1	0	0	1	16
2013/12/28-06:20:38	4	1,853.077	30.064	1	0	1	0	0	0	0	1	0	0	1	13
2013/12/28-06:21:10	4	1,853.077	30.064	7	0	0	0	0	0	0	1	1	0	0	32
2013/12/28-06:36:05	4	1,853.077	30.064	2	0	1	0	0	0	0	1	0	0	1	11
2013/12/28-06:36:48	4	1,853.077	30.064	4	0	0	0	2	0	0	1	1	0	0	13
2013/12/28-06:37:20	4	1,853.077	30.064	5	0	1	0	1	0	0	1	0	0	1	12
2013/12/28-06:37:56	4	1,853.077	30.064	23	0	0	0	1	0	0	1	1	0	0	60
2013/12/28-06:39:15	4	1,853.077	30.064	3	0	0	0	1	0	1	1	1	0	0	10
2013/12/28-06:40:09	4	1,853.077	30.064	0	0	0	0	0	0	0	1	1	0	0	9
2013/12/28-06:40:38	4	1,854.155	29.78	10	0	0	0	0	0	0	1	1	0	0	28
2013/12/28-06:41:25	4	1,854.155	29.78	6	0	0	0	0	0	0	1	1	0	0	31
2013/12/28-06:42:15	4	1,854.155	29.78	7	0	1	1	0	0	0	1	0	0	1	15
2013/12/28-06:43:00	4	1,854.155	29.78	3	0	0	0	0	0	0	1	1	0	0	12
2013/12/28-07:02:04	4	1,854.155	29.78	7	0	0	0	1	0	0	1	1	0	0	19
2013/12/28-07:02:40	4	1,854.155	29.78	1	0	1	0	0	0	0	1	0	0	1	3
2013/12/28-07:03:05	4	1,854.155	29.78	16	0	0	2	1	0	0	1	1	0	0	47
2013/12/28-07:04:11	4	1,854.155	29.78	13	0	0	8	3	0	0	1	1	0	0	53
2013/12/28-07:05:23	4	1,854.155	29.78	12	0	0	0	2	0	0	1	1	0	0	21
2013/12/28-07:20:33	4	1,853.28	29.901	1	0	1	0	0	0	0	1	0	0	1	8
2013/12/28-07:21:08	4	1,853.28	29.901	7	0	0	0	0	0	1	1	0	0	1	12
2013/12/28-07:21:43	4	1,853.28	29.901	26	0	0	0	2	0	0	1	1	0	0	48
2013/12/28-07:22:49	4	1,853.28	29.901	1	0	1	0	0	0	0	1	0	0	1	7
2013/12/28-07:23:23	4	1,853.28	29.901	2	0	0	0	0	0	0	1	1	0	0	16
2013/12/28-07:41:13	4	1,853.28	29.901	16	0	1	0	0	0	0	1	0	0	1	22
2013/12/28-07:41:54	4	1,853.28	29.901	15	0	0	0	0	0	0	1	1	0	0	60
2013/12/28-07:43:13	4	1,853.28	29.901	6	0	0	0	0	0	1	1	0	0	1	19
2013/12/28-07:43:52	4	1,853.28	29.901	8	0	0	0	0	0	1	1	0	0	1	27
2013/12/28-07:44:38	4	1,853.28	29.901	26	0	0	0	0	0	0	1	0	0	1	60
2013/12/28-07:56:28	2	1,849.024	29.68	2	0	0	0	0	0	1	1	0	0	1	8
2013/12/28-07:57:44	2	1,849.024	29.68	0	0	1	0	0	0	0	1	0	0	1	10
2013/12/28-07:58:13	2	1,849.024	29.68	5	0	0	0	0	0	1	1	0	0	1	8
2013/12/28-07:58:47	2	1,849.024	29.68	11	0	0	0	0	0	0	1	1	0	0	47
2013/12/28-07:59:53	2	1,849.024	29.68	7	0	0	4	0	0	0	1	1	0	0	22
2013/12/28-08:18:17	2	1,849.024	29.68	22	0	1	1	1	0	0	1	0	0	1	52
2013/12/28-08:19:25	2	1,849.024	29.68	2	0	0	0	1	0	0	1	1	0	0	11
2013/12/28-08:19:53	2	1,849.024	29.68	11	0	0	0	0	0	0	1	1	0	0	20
2013/12/28-08:20:32	2	1,849.024	29.68	1	0	0	0	0	0	1	1	0	0	1	10
2013/12/28-08:21:00	2	1,849.024	29.68	19	0	0	2	0	0	0	1	1	0	0	60
2013/12/28-14:19:18	3	1,856.726	45.83	9	0	0	1	1	0	1	1	0	0	1	28
2013/12/28-14:20:26	3	1,856.726	45.83	14	0	0	0	0	0	1	1	0	0	1	55
2013/12/28-14:21:45	3	1,856.726	45.83	1	0	0	0	0	0	0	1	1	0	0	8
2013/12/28-14:22:12	3	1,856.726	45.83	9	0	0	0	2	0	0	1	1	0	0	28
2013/12/28-14:22:59	3	1,856.726	45.83	13	0	1	0	0	0	0	1	0	0	1	33
2013/12/28-14:44:06	2	1,852.511	44.7	3	0	0	0	0	0	1	1	0	0	1	5
2013/12/28-14:44:29	2	1,852.511	44.7	2	0	0	0	0	0	1	1	0	0	1	8
2013/12/28-14:45:11	2	1,852.511	44.7	6	0	0	0	0	0	1	1	0	0	1	36
2013/12/28-14:46:17	2	1,852.511	44.7	2	0	0	0	0	0	1	1	0	0	1	7
2013/12/28-14:46:46	2	1,852.511	44.7	8	0	0	1	0	0	0	1	1	0	0	29
2013/12/28-14:57:00	2	1,852.511	44.7	2	0	0	0	1	0	1	1	0	0	1	6
2013/12/28-14:58:15	2	1,852.511	44.7	5	0	0	0	0	0	1	1	0	0	1	8
2013/12/28-14:59:34	2	1,852.511	44.7	6	0	0	2	0	0	0	1	1	0	0	17
2013/12/28-15:00:10	2	1,852.511	44.7	5	0	0	1	1	0	0	1	1	0	0	30
2013/12/28-15:00:59	2	1,852.511	44.7	21	0	0	0	1	0	1	1	0	0	1	45
2013/12/28-19:43:03	2	1,841.124	55.042	29	0	0	0	1	0	0	1	1	0	0	58
2013/12/28-19:44:21	2	1,841.124	55.042	17	0	0	1	2	0	0	1	1	0	0	57
2013/12/28-19:45:37	2	1,841.124	55.042	12	0	0	3	0	0	1	1	0	0	1	33
2013/12/28-19:46:29	2	1,841.124	55.042	3	0	0	0	1	0	1	1	0	0	1	4
2013/12/28-19:47:00	2	1,841.124	55.042	7	0	0	0	1	0	0	1	1	0	0	26
2013/12/28-20:13:07	1	1,854.614	52.769	21	0	0	3	1	0	0	1	1	0	0	60
2013/12/28-20:14:26	1	1,854.614	52.769	2	0	0	0	0	0	1	1	0	0	1	11
2013/12/28-20:14:57	1	1,854.614	52.769	18	0	0	0	1	0	0	1	1	0	0	60
2013/12/28-20:16:16	1	1,854.614	52.769	13	0	0	1	1	0	0	1	1	0	0	51
2013/12/28-20:17:26	1	1,854.614	52.769	7	0	1	0	0	0	0	1	0	0	1	20
2013/12/28-20:33:19	1	1,854.614	52.769	2	0	0	0	0	0	0	1	1	0	0	18
2013/12/28-20:33:57	1	1,854.614	52.769	8	0	0	0	2	0	0	1	1	0	0	13
2013/12/28-20:34:29	1	1,854.614	52.769	4	0	1	0	0	0	0	1	0	0	1	16
2013/12/28-20:35:08	1	1,854.614	52.769	4	0	0	2	1	0	1	1	0	0	1	16
2013/12/28-20:36:04	1	1,854.614	52.769	1	0	0	0	0	0	1	1	0	0	1	3
2013/12/28-22:00:53	1	1,865.069	50.603	0	0	1	0	0	0	0	1	0	0	1	3
2013/12/28-22:02:06	1	1,865.069	50.603	7	0	0	0	1	0	1	1	0	0	1	19
2013/12/28-22:02:44	1	1,865.069	50.603	4	0	0	0	0	0	0	1	1	0	0	22
2013/12/28-22:03:24	1	1,865.069	50.603	2	0	0	0	0	0	1	1	0	0	1	6
2013/12/28-22:04:22	1	1,865.069	50.603	7	0	0	3	0	0	0	1	1	0	0	26
2013/12/28-22:05:13	1	1,865.069	50.603	1	0	1	0	0	0	0	1	0	0	1	5
2013/12/28-22:05:57	1	1,865.069	50.603	2	0	0	0	0	0	1	1	0	0	1	6
2013/12/28-22:06:44	1	1,865.069	50.603	3	0	0	0	1	0	0	1	1	0	0	13
2013/12/28-22:07:15	1	1,865.069	50.603	3	0	0	0	2	0	1	1	0	0	1	11
2013/12/28-22:08:48	1	1,865.069	50.603	7	0	0	0	1	0	1	1	0	0	1	17
2013/12/28-22:16:17	1	1,865.069	50.603	12	0	0	0	3	0	0	1	1	0	0	46
2013/12/28-22:17:21	1	1,865.069	50.603	1	0	1	0	0	0	0	1	0	0	1	7
2013/12/28-22:17:49	1	1,865.069	50.603	2	0	1	0	0	0	0	1	0	0	1	11
2013/12/28-22:19:08	1	1,865.069	50.603	12	0	1	2	0	0	0	1	0	0	1	31
2013/12/28-22:19:58	1	1,851.117	46.691	1	0	0	0	1	0	1	1	0	0	1	3
2013/12/28-22:33:54	1	1,851.117	46.691	4	0	1	1	0	0	0	1	0	0	1	47
2013/12/28-22:35:03	1	1,851.117	46.691	7	0	0	0	2	0	1	1	0	0	1	24
2013/12/28-22:35:47	1	1,851.117	46.691	30	0	0	0	1	0	0	1	1	0	0	45
2013/12/28-22:36:50	1	1,851.117	46.691	14	0	1	0	0	0	0	1	0	0	1	38
2013/12/28-22:37:47	1	1,851.117	46.691	14	0	0	3	0	0	1	1	0	0	1	37
2013/12/28-22:58:01	1	1,849.981	45.132	1	0	0	0	0	0	1	1	0	0	1	3
2013/12/28-22:58:24	1	1,849.981	45.132	3	0	0	0	0	0	1	1	0	0	1	12
2013/12/28-22:58:56	1	1,849.981	45.132	12	0	0	0	0	0	1	1	0	0	1	30
2013/12/28-23:00:14	1	1,849.981	45.132	29	0	0	0	2	0	0	1	1	0	0	44
2013/12/28-23:01:18	1	1,849.981	45.132	1	0	0	0	0	0	0	1	1	0	0	6
2013/12/29-03:57:24	2	1,848.744	54.632	15	0	0	2	2	0	0	1	1	0	0	41
2013/12/29-03:58:25	2	1,848.744	54.632	4	0	1	0	0	0	0	1	0	0	1	8
2013/12/29-03:58:59	2	1,848.744	54.632	9	0	0	0	2	0	0	1	1	0	0	34
2013/12/29-03:59:52	2	1,853.22	53.321	7	0	0	0	0	0	1	1	0	0	1	5
2013/12/29-04:00:26	2	1,853.22	53.321	7	0	1	1	0	0	0	1	0	0	1	22
2013/12/29-04:22:19	2	1,853.22	53.321	5	0	0	0	0	0	1	1	0	0	1	16
2013/12/29-04:23:38	2	1,853.22	53.321	9	0	1	0	0	0	0	1	0	0	1	8
2013/12/29-04:24:07	2	1,853.22	53.321	6	0	0	1	0	0	1	1	0	0	1	26
2013/12/29-04:25:06	2	1,853.22	53.321	7	0	1	0	2	0	0	1	0	0	1	29
2013/12/29-04:25:54	2	1,853.22	53.321	5	0	0	7	0	0	1	1	0	0	1	21
2013/12/29-04:39:48	3	1,835.681	50.482	2	0	0	0	0	0	1	1	0	0	1	8
2013/12/29-04:40:41	3	1,835.681	50.482	13	0	0	0	0	0	0	1	1	0	0	41
2013/12/29-04:41:41	3	1,835.681	50.482	10	0	0	0	1	0	0	1	1	0	0	35
2013/12/29-04:42:36	3	1,835.681	50.482	1	0	1	0	0	0	0	1	0	0	1	9
2013/12/29-04:43:25	3	1,835.681	50.482	5	0	0	0	0	0	1	1	0	0	1	24
2013/12/29-09:41:31	3	1,837.044	58.547	5	0	1	0	1	0	0	1	0	0	1	14
2013/12/29-09:42:15	3	1,837.044	58.547	5	0	0	0	1	0	0	1	1	0	0	26
2013/12/29-09:42:59	3	1,837.044	58.547	17	0	0	2	2	0	0	1	1	0	0	43
2013/12/29-09:44:01	3	1,837.044	58.547	15	0	0	3	0	0	0	1	1	0	0	44
2013/12/29-09:45:03	3	1,837.044	58.547	1	0	0	0	0	0	1	1	0	0	1	6
2013/12/29-10:08:18	3	1,826.368	56.636	7	0	0	1	0	0	0	1	1	0	0	23
2013/12/29-10:09:00	3	1,826.368	56.636	8	0	0	4	0	0	1	1	0	0	1	23
2013/12/29-10:09:41	3	1,826.368	56.636	25	0	0	2	0	0	0	1	1	0	0	60
2013/12/29-10:11:00	3	1,826.368	56.636	10	0	0	0	1	0	1	1	0	0	1	27
2013/12/29-10:11:46	3	1,826.368	56.636	12	0	0	0	0	0	0	1	1	0	0	37
2013/12/29-10:24:39	2	1,839.744	54.332	18	0	0	4	1	0	1	1	0	0	1	49
2013/12/29-10:25:46	2	1,839.744	54.332	24	0	0	0	0	0	0	1	0	0	1	60
2013/12/29-10:27:05	2	1,839.744	54.332	16	0	0	2	1	0	1	1	0	0	1	40
2013/12/29-10:28:04	2	1,839.744	54.332	6	0	0	1	1	0	0	1	1	0	0	22
2013/12/29-10:28:45	2	1,839.744	54.332	20	0	0	0	1	0	0	1	1	0	0	48
2013/12/29-10:30:12	2	1,839.744	54.332	14	0	0	1	2	0	0	1	1	0	0	39
2013/12/29-10:31:10	2	1,839.744	54.332	5	0	0	1	1	0	1	1	0	0	1	19
2013/12/29-10:31:48	2	1,839.744	54.332	14	0	0	0	0	0	0	1	0	0	1	60
2013/12/29-10:33:07	2	1,839.744	54.332	11	0	0	1	2	0	0	1	1	0	0	23
2013/12/29-10:33:49	2	1,839.744	54.332	18	0	0	1	0	0	0	1	1	0	0	44
2013/12/29-10:52:35	2	1,839.744	54.332	7	0	0	3	1	0	0	1	1	0	0	23
2013/12/29-10:53:17	2	1,839.744	54.332	12	0	0	2	0	0	1	1	0	0	1	40
2013/12/29-10:54:16	2	1,839.744	54.332	12	0	0	2	0	0	0	1	1	0	0	34
2013/12/29-10:55:08	2	1,839.744	54.332	27	0	0	1	2	0	0	1	1	0	0	60
2013/12/29-10:56:27	1	1,862.211	50.272	23	0	0	3	0	0	0	1	0	0	1	60
2013/12/29-11:12:28	1	1,862.211	50.272	23	0	0	2	0	0	0	1	1	0	0	60
2013/12/29-11:13:47	1	1,862.211	50.272	6	0	0	2	0	0	1	1	0	0	1	16
2013/12/29-11:14:22	1	1,862.211	50.272	4	0	0	0	0	0	1	1	0	0	1	13
2013/12/29-11:15:01	1	1,862.211	50.272	7	0	0	1	1	0	1	1	0	0	1	21
2013/12/29-11:15:41	1	1,862.211	50.272	19	0	0	1	2	0	0	1	1	0	0	53
2013/12/29-12:11:43	1	1,859.561	50.248	6	0	0	0	0	0	1	1	0	0	1	19
2013/12/29-12:12:21	1	1,859.561	50.248	5	0	0	0	0	0	0	1	1	0	0	16
2013/12/29-12:12:56	1	1,859.561	50.248	8	0	1	1	1	0	0	1	0	0	1	24
2013/12/29-12:13:39	1	1,859.561	50.248	12	0	0	1	0	0	1	1	0	0	1	33
2013/12/29-12:14:31	1	1,859.561	50.248	7	0	0	2	0	0	0	1	1	0	0	31
2013/12/29-12:37:32	1	1,859.561	50.248	21	0	0	1	1	0	0	1	1	0	0	60
2013/12/29-12:38:51	1	1,859.561	50.248	17	0	0	2	0	0	0	1	1	0	0	55
2013/12/29-12:40:05	1	1,859.561	50.248	8	0	0	2	1	0	0	1	1	0	0	24
2013/12/29-12:40:47	1	1,859.561	50.248	13	0	0	0	1	0	0	1	1	0	0	39
2013/12/29-12:41:46	1	1,859.561	50.248	23	0	0	2	0	0	0	1	1	0	0	60
2013/12/29-12:59:09	1	1,861.558	48.568	17	0	0	3	0	0	1	1	0	0	1	40
2013/12/29-13:00:08	1	1,861.558	48.568	11	0	0	2	1	0	0	1	1	0	0	27
2013/12/29-13:00:54	1	1,861.558	48.568	17	0	0	0	0	0	1	1	0	0	1	47
2013/12/29-13:02:01	1	1,861.558	48.568	17	0	0	1	2	0	1	1	0	0	1	46
2013/12/29-13:03:06	1	1,861.558	48.568	18	0	0	0	0	0	0	1	0	0	1	60
2013/12/29-15:54:26	1	1,859.399	51.977	9	0	1	3	0	0	0	1	0	0	1	33
2013/12/29-17:01:07	1	1,859.399	51.977	11	0	0	9	1	0	0	1	1	0	0	43
2013/12/29-17:59:37	1	1,870.068	53.297	5	0	0	1	1	0	1	1	0	0	1	12
2013/12/29-18:00:56	1	1,870.068	53.297	6	0	0	1	3	0	0	1	1	0	0	19
2013/12/29-18:01:34	1	1,870.068	53.297	12	0	0	1	0	0	0	1	1	0	0	39
2013/12/29-18:02:31	1	1,870.068	53.297	9	0	0	0	0	0	0	1	1	0	0	23
2013/12/29-18:03:13	1	1,870.068	53.297	7	0	0	1	0	0	0	1	1	0	0	25
2013/12/29-18:26:13	1	1,864.017	53.101	7	0	0	0	2	0	0	1	1	0	0	21
2013/12/29-18:26:52	1	1,864.017	53.101	16	0	0	1	0	0	1	1	0	0	1	45
2013/12/29-18:28:03	1	1,864.017	53.101	13	0	0	6	1	0	1	1	0	0	1	37
2013/12/29-18:28:59	1	1,864.017	53.101	15	0	0	3	1	0	0	1	1	0	0	44
2013/12/29-18:30:01	1	1,864.017	53.101	8	0	0	1	0	0	1	1	0	0	1	31
2013/12/29-20:56:40	1	1,864.017	53.101	9	0	0	1	0	0	0	1	1	0	0	33
2013/12/29-20:57:32	1	1,864.017	53.101	24	0	0	1	0	0	0	1	0	0	1	60
2013/12/29-20:58:50	1	1,864.017	53.101	8	0	0	3	0	0	1	1	0	0	1	17
2013/12/29-20:59:58	1	1,864.017	53.101	5	0	0	0	0	0	0	1	1	0	0	20
2013/12/29-21:00:37	1	1,864.017	53.101	20	0	0	1	0	0	0	1	0	0	1	60
2013/12/29-23:22:45	4	1,837.669	55.324	17	0	0	1	1	0	0	1	1	0	0	60
2013/12/29-23:24:04	4	1,837.669	55.324	15	0	0	1	1	0	1	1	0	0	1	46
2013/12/29-23:25:09	4	1,837.669	55.324	6	0	0	5	1	0	0	1	1	0	0	19
2013/12/29-23:25:47	4	1,837.669	55.324	25	0	0	2	0	0	0	1	0	0	1	60
2013/12/29-23:27:05	4	1,837.669	55.324	5	0	0	0	0	0	1	1	0	0	1	20
2013/12/29-23:45:52	4	1,837.669	55.324	21	0	0	1	0	0	0	1	1	0	0	57
2013/12/29-23:47:07	4	1,837.669	55.324	11	0	0	1	1	0	0	1	1	0	0	36
2013/12/29-23:48:02	4	1,837.669	55.324	21	0	0	0	0	0	0	1	0	0	1	60
2013/12/29-23:49:21	4	1,837.669	55.324	6	0	0	0	0	0	1	1	0	0	1	22
2013/12/29-23:50:02	4	1,837.669	55.324	7	0	0	1	0	0	1	1	0	0	1	21
2013/12/30-00:09:24	3	1,853.124	51.236	8	0	0	0	0	0	1	1	0	0	1	24
2013/12/30-00:10:43	3	1,853.124	51.236	20	0	1	3	1	0	0	1	0	0	1	57
2013/12/30-00:11:59	3	1,853.124	51.236	22	0	0	2	0	0	0	1	0	0	1	60
2013/12/30-00:13:18	3	1,853.124	51.236	15	0	0	1	0	0	0	1	0	0	1	60
2013/12/30-00:14:37	3	1,853.124	51.236	23	0	0	2	0	0	0	1	0	0	1	60
2013/12/30-06:05:14	5	1,854.086	59.213	3	0	0	1	1	0	1	1	0	0	1	11
2013/12/30-06:06:13	5	1,854.086	59.213	22	0	1	0	1	0	0	1	0	0	1	54
2013/12/30-06:07:32	5	1,854.086	59.213	4	0	0	1	0	0	1	1	0	0	1	15
2013/12/30-06:08:51	5	1,854.086	59.213	6	0	0	0	0	0	1	1	0	0	1	15
2013/12/30-06:10:08	5	1,818.827	56.949	23	0	0	2	1	0	0	1	1	0	0	60
2013/12/30-06:23:27	5	1,818.827	56.949	10	0	0	1	0	0	0	1	1	0	0	29
2013/12/30-06:24:15	5	1,818.827	56.949	16	0	0	2	1	0	0	1	1	0	0	48
2013/12/30-06:25:22	5	1,818.827	56.949	5	0	0	0	0	0	1	1	0	0	1	13
2013/12/30-06:26:07	5	1,818.827	56.949	7	0	0	2	0	0	1	1	0	0	1	19
2013/12/30-06:26:45	5	1,818.827	56.949	19	0	0	1	0	0	0	1	1	0	0	46
2013/12/30-06:53:02	5	1,818.827	56.949	18	0	0	1	0	0	0	1	0	0	1	60
2013/12/30-06:54:21	5	1,818.827	56.949	7	0	0	2	0	0	1	1	0	0	1	25
2013/12/30-06:55:05	5	1,818.827	56.949	13	0	0	0	0	0	1	1	0	0	1	34
2013/12/30-06:56:24	5	1,818.827	56.949	8	0	0	2	1	0	1	1	0	0	1	27
2013/12/30-06:57:10	5	1,818.827	56.949	29	0	0	0	1	0	0	1	1	0	0	60
2013/12/30-13:48:42	3	1,853.18	65.869	6	0	0	1	0	0	1	1	0	0	1	25
2013/12/30-13:50:01	3	1,853.18	65.869	18	0	0	2	1	0	0	1	1	0	0	60
2013/12/30-13:51:20	3	1,853.18	65.869	15	0	0	1	1	0	0	1	1	0	0	55
2013/12/30-13:52:34	3	1,853.18	65.869	20	0	0	2	0	0	0	1	0	0	1	60
2013/12/30-13:53:53	3	1,853.18	65.869	14	0	0	2	0	0	0	1	0	0	1	60
2013/12/30-14:25:12	4	1,837.073	64.184	20	0	0	1	0	0	0	1	0	0	1	60
2013/12/30-14:26:31	4	1,837.073	64.184	19	0	0	1	0	0	0	1	1	0	0	51
2013/12/30-14:27:41	4	1,837.073	64.184	18	0	0	3	1	0	0	1	1	0	0	60
2013/12/30-14:29:00	4	1,837.073	64.184	16	0	0	2	2	0	0	1	1	0	0	60
2013/12/30-14:30:19	4	1,837.073	64.184	28	0	0	2	1	0	0	1	1	0	0	60
2013/12/30-14:46:49	4	1,837.073	64.184	5	0	0	2	0	0	1	1	0	0	1	13
2013/12/30-14:48:08	4	1,837.073	64.184	28	0	0	3	1	0	0	1	1	0	0	60
2013/12/30-14:49:27	4	1,837.073	64.184	9	0	1	1	0	0	0	1	0	0	1	27
2013/12/30-14:50:46	4	1,837.073	64.184	21	0	0	1	0	0	1	1	0	0	1	60
2013/12/30-14:52:05	4	1,837.073	64.184	25	0	0	0	0	0	0	1	0	0	1	60
2013/12/30-22:07:12	6	1,821.214	71.499	16	0	0	2	1	0	0	1	1	0	0	36
2013/12/30-22:08:07	6	1,821.214	71.499	5	0	0	1	1	0	1	1	0	0	1	17
2013/12/30-22:08:43	6	1,821.214	71.499	20	0	0	3	0	0	0	1	0	0	1	60
2013/12/30-22:10:02	6	1,821.214	71.499	18	0	0	2	2	0	0	1	1	0	0	49
2013/12/30-22:11:07	6	1,821.214	71.499	4	0	0	1	0	0	1	1	0	0	1	20
2013/12/30-23:26:16	6	1,821.214	71.499	0	0	0	0	0	0	0	1	1	0	0	4
2013/12/30-23:26:34	6	1,821.214	71.499	14	0	0	1	0	0	0	1	1	0	0	54
2013/12/30-23:27:38	6	1,821.214	71.499	4	0	0	0	1	0	0	1	1	0	0	10
2013/12/30-23:27:58	6	1,821.214	71.499	7	0	0	0	1	0	0	1	1	0	0	25
2013/12/30-23:28:39	6	1,821.214	71.499	0	0	0	4	0	0	0	1	1	0	0	83
2013/12/30-23:30:24	6	1,821.214	71.499	8	0	0	0	0	0	0	1	1	0	0	25
2013/12/30-23:31:00	6	1,821.214	71.499	4	0	0	0	1	0	0	1	1	0	0	25
2013/12/30-23:49:55	2	1,881.282	62.893	3	0	1	0	1	0	0	1	0	0	1	13
2013/12/30-23:50:50	2	1,881.282	62.893	6	0	0	2	0	0	0	1	1	0	0	22
2013/12/30-23:51:31	2	1,881.282	62.893	0	0	1	0	0	0	0	1	0	0	1	36
2013/12/30-23:52:26	2	1,881.282	62.893	15	0	1	1	1	0	0	1	0	0	1	63
2013/12/30-23:53:49	2	1,881.282	62.893	8	0	0	0	0	0	1	1	0	0	1	8
2013/12/30-23:54:15	2	1,881.282	62.893	10	0	0	1	1	0	0	1	1	0	0	28
2013/12/30-23:55:22	2	1,881.282	62.893	1	0	0	1	0	0	1	1	0	0	1	3
2013/12/31-00:01:07	2	1,881.282	62.893	33	0	0	3	0	0	0	1	0	0	1	90
2013/12/31-00:02:56	2	1,881.282	62.893	1	0	1	0	0	0	0	1	0	0	1	6
2013/12/31-00:03:18	2	1,881.282	62.893	6	0	0	0	0	0	0	1	1	0	0	18
2013/12/31-00:03:53	2	1,881.282	62.893	1	0	0	0	1	0	1	1	0	0	1	3
2013/12/31-00:04:12	2	1,881.282	62.893	3	0	0	0	0	0	1	1	0	0	1	16
2013/12/31-00:05:55	2	1,881.282	62.893	5	0	0	0	1	0	1	1	0	0	1	4
2013/12/31-00:06:21	2	1,881.282	62.893	9	0	0	0	1	0	0	1	1	0	0	20
2013/12/31-00:07:19	2	1,881.282	62.893	4	0	0	0	0	0	0	1	1	0	0	14
2013/12/31-00:07:51	2	1,881.282	62.893	3	0	0	0	0	0	0	1	1	0	0	9
2013/12/31-00:08:19	2	1,881.282	62.893	22	0	1	0	1	0	0	1	0	0	1	80
2013/12/31-00:09:58	2	1,881.282	62.893	0	0	0	0	0	0	0	1	1	0	0	4
2013/12/31-00:10:20	2	1,881.282	62.893	3	0	0	0	0	0	0	1	1	0	0	15
2013/12/31-00:10:54	2	1,881.282	62.893	0	0	1	5	0	0	0	1	1	0	0	79
2013/12/31-00:12:11	2	1,881.282	62.893	17	0	0	2	0	0	0	1	1	0	0	67
2013/12/31-00:30:19	3	1,858.875	54.872	3	0	0	1	0	0	1	1	0	0	1	14
2013/12/31-00:31:13	3	1,858.875	54.872	4	0	0	0	0	0	1	1	0	0	1	12
2013/12/31-00:32:09	3	1,858.875	54.872	0	0	1	0	0	0	0	1	0	0	1	12
2013/12/31-00:32:46	3	1,858.875	54.872	21	0	0	5	0	0	1	1	0	0	1	78
2013/12/31-00:34:23	3	1,858.875	54.872	7	0	0	0	0	0	0	1	1	0	0	20
2013/12/31-00:35:02	3	1,858.875	54.872	0	0	1	1	0	0	0	1	0	0	1	6
2013/12/31-00:35:26	3	1,858.875	54.872	2	0	0	0	1	0	1	1	0	0	1	6
2013/12/31-00:41:39	3	1,858.875	54.872	3	0	0	0	1	0	0	1	1	0	0	15
2013/12/31-00:42:13	3	1,858.875	54.872	6	0	0	0	1	0	0	1	1	0	0	19
2013/12/31-00:42:51	3	1,858.875	54.872	8	0	0	3	0	0	0	1	1	0	0	29
2013/12/31-00:43:39	3	1,858.875	54.872	1	0	0	0	0	0	0	1	1	0	0	5
2013/12/31-00:44:03	3	1,858.875	54.872	22	0	0	0	1	0	0	1	1	0	0	89
2013/12/31-00:45:50	3	1,858.875	54.872	48	0	0	0	0	0	1	1	0	0	1	72
2013/12/31-00:47:21	3	1,858.875	54.872	9	0	0	0	0	0	0	1	1	0	0	18
2013/12/31-00:53:58	3	1,858.875	54.872	0	0	0	0	0	0	0	1	1	0	0	3
2013/12/31-00:54:20	3	1,858.875	54.872	0	0	1	6	0	0	0	1	1	0	0	89
2013/12/31-00:56:07	3	1,858.875	54.872	24	0	1	0	0	0	0	1	0	0	1	88
2013/12/31-00:57:54	3	1,858.875	54.872	21	0	0	2	0	0	0	1	1	0	0	55
2013/12/31-00:59:07	3	1,858.875	54.872	13	0	0	1	1	0	0	1	1	0	0	51
2013/12/31-01:00:17	3	1,858.875	54.872	11	0	0	0	0	0	0	1	1	0	0	27
2013/12/31-01:01:02	3	1,858.875	54.872	7	0	0	0	0	0	0	1	1	0	0	23
2013/12/31-01:21:42	4	1,852.984	48.983	9	0	0	0	0	0	0	1	1	0	0	30
2013/12/31-01:22:31	4	1,852.984	48.983	10	0	0	2	0	0	1	1	0	0	1	25
2013/12/31-01:23:55	4	1,852.984	48.983	0	0	0	0	0	0	0	1	1	0	0	60
2013/12/31-01:25:13	4	1,852.984	48.983	25	0	0	0	1	0	1	1	0	0	1	43
2013/12/31-01:26:15	4	1,852.984	48.983	1	0	0	1	0	0	0	1	1	0	0	5
2013/12/31-01:26:39	4	1,852.984	48.983	11	0	0	0	0	0	1	1	0	0	1	39
2013/12/31-01:27:37	4	1,852.984	48.983	17	0	0	1	1	0	1	1	0	0	1	72
2013/12/31-01:39:12	4	1,852.984	48.983	2	0	1	0	0	0	0	1	0	0	1	8
2013/12/31-01:39:56	4	1,852.984	48.983	37	0	0	0	2	0	0	1	1	0	0	53
2013/12/31-01:41:09	4	1,852.984	48.983	5	0	0	3	0	0	1	1	0	0	1	26
2013/12/31-01:42:01	4	1,852.984	48.983	5	0	0	0	1	0	0	1	1	0	0	20
2013/12/31-01:42:40	4	1,852.984	48.983	1	0	0	0	0	0	0	1	1	0	0	8
2013/12/31-01:43:06	4	1,852.984	48.983	6	0	0	0	2	0	0	1	1	0	0	19
2013/12/31-01:43:44	4	1,852.984	48.983	2	0	0	0	1	0	1	1	0	0	1	6
2013/12/31-01:45:00	4	1,852.984	48.983	1	0	0	0	0	0	0	1	1	0	0	3
2013/12/31-01:45:22	4	1,852.984	48.983	8	0	0	0	0	0	1	1	0	0	1	22
2013/12/31-01:46:08	4	1,852.984	48.983	4	0	0	0	1	0	0	1	1	0	0	12
2013/12/31-01:46:39	4	1,852.984	48.983	1	0	1	0	0	0	0	1	0	0	1	12
2013/12/31-01:47:11	4	1,852.984	48.983	14	0	0	2	2	0	0	1	1	0	0	34
2013/12/31-01:48:04	4	1,852.984	48.983	0	0	1	2	0	0	0	1	0	0	1	19
2013/12/31-01:49:23	5	1,836.914	44.464	1	0	0	0	1	0	1	1	0	0	1	3
2013/12/31-02:18:37	5	1,836.914	44.464	18	0	0	0	0	0	0	1	1	0	0	71
2013/12/31-02:20:07	5	1,836.914	44.464	3	0	0	0	0	0	1	1	0	0	1	12
2013/12/31-02:20:55	5	1,836.914	44.464	29	0	0	0	0	0	0	1	1	0	0	90
2013/12/31-02:22:44	5	1,836.914	44.464	4	0	0	0	0	0	1	1	0	0	1	8
2013/12/31-02:23:14	5	1,836.914	44.464	8	0	0	0	0	0	1	1	0	0	1	18
2013/12/31-02:23:51	5	1,836.914	44.464	1	0	0	1	0	0	1	1	0	0	1	3
2013/12/31-02:24:17	5	1,836.914	44.464	1	0	0	0	0	0	1	1	0	0	1	22
2013/12/31-02:30:47	5	1,836.914	44.464	10	0	0	1	1	0	0	1	1	0	0	33
2013/12/31-02:31:38	5	1,836.914	44.464	6	0	1	0	1	0	0	1	0	0	1	23
2013/12/31-02:32:24	7	1,818.711	42.475	20	0	0	0	1	0	0	1	1	0	0	60
2013/12/31-02:33:43	7	1,818.711	42.475	1	0	0	0	0	0	1	1	0	0	1	3
2013/12/31-02:34:56	7	1,818.711	42.475	2	0	0	0	0	0	1	1	0	0	1	8
2013/12/31-02:35:55	7	1,818.711	42.475	16	0	0	0	2	0	0	1	1	0	0	27
2013/12/31-02:36:41	7	1,818.711	42.475	1	0	1	1	0	0	0	1	0	0	1	6
2013/12/31-02:41:33	7	1,818.711	42.475	10	0	0	0	0	0	0	1	1	0	0	41
2013/12/31-02:42:33	7	1,818.711	42.475	0	0	0	0	0	0	0	1	1	0	0	7
2013/12/31-02:42:58	7	1,818.711	42.475	5	0	0	0	0	0	0	1	1	0	0	14
2013/12/31-02:43:31	7	1,818.711	42.475	10	0	0	0	1	0	0	1	1	0	0	56
2013/12/31-02:44:45	7	1,818.711	42.475	0	0	1	1	0	0	0	1	0	0	1	23
2013/12/31-02:46:14	7	1,818.711	42.475	7	0	0	1	0	0	0	1	1	0	0	25
2013/12/31-02:46:58	7	1,818.711	42.475	1	0	0	0	0	0	0	1	1	0	0	5
2013/12/31-03:05:56	7	1,818.711	42.475	0	0	1	1	0	0	0	1	0	0	1	6
2013/12/31-03:06:26	7	1,818.711	42.475	5	0	0	0	0	0	0	1	1	0	0	17
2013/12/31-03:07:02	7	1,818.711	42.475	6	0	0	4	0	0	0	1	1	0	0	57
2013/12/31-03:08:18	7	1,818.711	42.475	17	0	1	1	0	0	0	1	0	0	1	59
2013/12/31-03:09:36	7	1,818.711	42.475	17	0	1	0	0	0	0	1	0	0	1	68
2013/12/31-03:11:03	7	1,818.711	42.475	3	0	1	0	0	0	0	1	0	0	1	8
2013/12/31-03:11:44	7	1,818.711	42.475	9	0	0	0	0	0	1	1	0	0	1	9
2013/12/31-03:18:37	9	1,802.982	39.388	26	0	0	0	0	0	0	1	1	0	0	87
2013/12/31-03:20:23	9	1,802.982	39.388	6	0	0	0	0	0	1	1	0	0	1	8
2013/12/31-03:21:00	9	1,802.982	39.388	3	0	0	0	0	0	1	1	0	0	1	8
2013/12/31-03:21:46	9	1,802.982	39.388	26	0	0	1	1	0	0	1	1	0	0	79
2013/12/31-03:23:24	9	1,802.982	39.388	5	0	1	0	1	0	0	1	0	0	1	19
2013/12/31-03:24:02	9	1,802.982	39.388	30	0	0	0	0	0	0	1	1	0	0	90
2013/12/31-03:25:51	9	1,802.982	39.388	5	0	0	0	1	0	0	1	1	0	0	9
2013/12/31-03:30:26	9	1,802.982	39.388	11	0	0	1	0	0	0	1	1	0	0	54
2013/12/31-03:31:39	9	1,802.982	39.388	3	0	0	0	0	0	1	1	0	0	1	10
2013/12/31-03:32:14	9	1,802.982	39.388	10	0	0	2	0	0	0	1	1	0	0	36
2013/12/31-03:33:08	9	1,802.982	39.388	1	0	0	0	0	0	0	1	1	0	0	6
2013/12/31-03:33:33	9	1,802.982	39.388	0	0	1	2	0	0	0	1	0	0	1	23
2013/12/31-03:34:15	9	1,802.982	39.388	20	0	1	1	0	0	0	1	0	0	1	42
2013/12/31-03:35:16	9	1,802.982	39.388	6	0	0	0	0	0	0	1	1	0	0	12
2013/12/31-03:55:26	9	1,803.308	37.522	8	0	0	0	0	0	1	1	0	0	1	23
2013/12/31-03:56:10	9	1,803.308	37.522	0	0	0	0	0	0	0	1	1	0	0	60
2013/12/31-03:57:29	9	1,803.308	37.522	3	0	1	2	1	0	0	1	0	0	1	21
2013/12/31-03:58:08	9	1,803.308	37.522	14	0	0	1	0	0	1	1	0	0	1	57
2013/12/31-03:59:25	9	1,803.308	37.522	3	0	1	0	1	0	0	1	0	0	1	5
2013/12/31-03:59:49	9	1,803.308	37.522	1	0	0	1	0	0	1	1	0	0	1	3
2013/12/31-04:00:14	9	1,803.308	37.522	9	0	0	2	1	0	0	1	1	0	0	29
2013/12/31-04:05:22	9	1,803.308	37.522	8	0	0	1	1	0	0	1	1	0	0	20
2013/12/31-04:06:01	9	1,803.308	37.522	5	0	0	0	1	0	0	1	1	0	0	8
2013/12/31-04:06:27	9	1,803.308	37.522	1	0	1	0	0	0	0	1	0	0	1	7
2013/12/31-04:07:22	9	1,803.308	37.522	18	0	1	0	1	0	0	1	0	0	1	62
2013/12/31-04:08:44	9	1,803.308	37.522	6	0	1	0	0	0	0	1	0	0	1	12
2013/12/31-04:09:15	9	1,803.308	37.522	4	0	0	0	0	0	1	1	0	0	1	14
2013/12/31-04:09:47	9	1,803.308	37.522	16	0	1	0	0	0	0	1	0	0	1	53
2013/12/31-04:15:47	9	1,803.308	37.522	5	0	0	2	0	0	1	1	0	0	1	21
2013/12/31-04:16:32	9	1,803.308	37.522	1	0	0	0	0	0	0	1	1	0	0	7
2013/12/31-04:16:58	9	1,803.308	37.522	2	0	0	0	1	0	0	1	1	0	0	6
2013/12/31-04:17:22	9	1,803.308	37.522	4	0	0	0	0	0	0	1	1	0	0	11
2013/12/31-04:17:52	9	1,803.308	37.522	10	0	0	0	1	0	0	1	1	0	0	36
2013/12/31-04:18:47	9	1,803.308	37.522	9	0	0	0	1	0	0	1	1	0	0	23
2013/12/31-04:19:29	9	1,803.308	37.522	10	0	1	13	0	0	0	1	0	0	1	66
2013/12/31-04:44:13	10	1,802.278	35.122	22	0	0	1	2	0	0	1	1	0	0	61
2013/12/31-04:45:32	10	1,802.278	35.122	7	0	0	0	0	0	0	1	1	0	0	17
2013/12/31-04:46:08	10	1,802.278	35.122	12	0	0	0	0	0	1	1	0	0	1	49
2013/12/31-04:47:16	10	1,802.278	35.122	9	0	0	0	1	0	0	1	1	0	0	24
2013/12/31-04:47:59	10	1,802.278	35.122	0	0	0	0	0	0	0	1	1	0	0	60
2013/12/31-04:49:17	10	1,802.278	35.122	20	0	0	2	0	0	0	1	1	0	0	59
2013/12/31-04:50:35	10	1,802.278	35.122	1	0	0	1	0	0	1	1	0	0	1	3
2013/12/31-04:55:30	10	1,802.278	35.122	3	0	0	0	0	0	1	1	0	0	1	8
2013/12/31-04:56:04	10	1,802.278	35.122	2	0	0	0	0	0	1	1	0	0	1	6
2013/12/31-04:57:28	10	1,802.278	35.122	8	0	0	0	0	0	1	1	0	0	1	28
2013/12/31-04:58:16	10	1,802.278	35.122	6	0	0	0	2	0	0	1	1	0	0	19
2013/12/31-04:58:53	10	1,802.278	35.122	21	0	0	3	1	0	0	1	1	0	0	59
2013/12/31-05:00:11	10	1,802.278	35.122	2	0	1	0	0	0	0	1	0	0	1	4
2013/12/31-05:00:38	10	1,802.278	35.122	2	0	0	0	0	0	1	1	0	0	1	7
2013/12/31-05:06:02	10	1,802.278	35.122	0	0	1	10	0	0	0	1	1	0	0	89
2013/12/31-05:07:50	10	1,802.278	35.122	1	0	0	0	0	0	0	1	1	0	0	4
2013/12/31-05:08:12	10	1,802.278	35.122	5	0	0	2	0	0	1	1	0	0	1	20
2013/12/31-05:08:51	10	1,802.278	35.122	0	0	0	0	0	0	0	1	1	0	0	12
2013/12/31-05:09:21	10	1,802.278	35.122	4	0	0	0	0	0	1	1	0	0	1	11
2013/12/31-05:09:51	10	1,802.278	35.122	7	0	0	0	0	0	0	1	1	0	0	24
2013/12/31-05:10:33	10	1,802.278	35.122	1	0	0	0	0	0	1	1	0	0	1	3
2013/12/31-05:29:21	10	1,806.335	33.155	32	0	0	0	0	0	0	1	1	0	0	90
2013/12/31-05:31:10	10	1,806.335	33.155	14	0	1	0	0	0	0	1	0	0	1	62
2013/12/31-05:32:37	10	1,806.335	33.155	19	0	0	0	1	0	0	1	1	0	0	31
2013/12/31-05:33:27	10	1,806.335	33.155	7	0	1	0	0	0	0	1	0	0	1	27
2013/12/31-05:34:21	10	1,806.335	33.155	1	0	1	1	0	0	0	1	0	0	1	6
2013/12/31-05:34:47	10	1,806.335	33.155	29	0	0	3	1	0	0	1	1	0	0	90
2013/12/31-05:36:36	10	1,806.335	33.155	0	0	0	0	0	0	0	1	1	0	0	16
2013/12/31-05:41:35	10	1,806.335	33.155	2	0	1	0	0	0	0	1	0	0	1	4
2013/12/31-05:42:08	10	1,806.335	33.155	24	0	0	0	0	0	0	1	1	0	0	83
2013/12/31-05:43:50	10	1,806.335	33.155	2	0	0	1	0	0	0	1	1	0	0	7
2013/12/31-05:44:15	10	1,806.335	33.155	19	0	0	0	2	0	0	1	1	0	0	60
2013/12/31-05:45:34	10	1,806.335	33.155	26	0	0	4	0	0	0	1	1	0	0	90
2013/12/31-05:47:23	10	1,806.335	33.155	28	0	0	0	2	0	0	1	1	0	0	90
2013/12/31-05:49:12	10	1,806.335	33.155	3	0	1	0	0	0	0	1	0	0	1	17
2013/12/31-06:02:15	8	1,811.783	32.22	8	0	0	3	1	0	0	1	1	0	0	23
2013/12/31-06:02:57	8	1,811.783	32.22	0	0	1	0	0	0	0	1	0	0	1	7
2013/12/31-06:03:23	8	1,811.783	32.22	5	0	0	0	1	0	0	1	1	0	0	19
2013/12/31-06:04:01	8	1,811.783	32.22	12	0	0	0	0	0	1	1	0	0	1	38
2013/12/31-06:04:58	8	1,811.783	32.22	0	0	1	5	0	0	0	1	1	0	0	89
2013/12/31-06:06:45	8	1,811.783	32.22	30	0	1	0	1	0	0	1	1	0	0	87
2013/12/31-06:08:31	8	1,811.783	32.22	3	0	0	0	1	0	0	1	1	0	0	9
2013/12/31-06:17:03	8	1,811.783	32.22	0	0	1	0	0	0	0	1	0	0	1	3
2013/12/31-06:17:32	8	1,811.783	32.22	1	0	0	0	1	0	1	1	0	0	1	4
2013/12/31-06:18:50	8	1,811.783	32.22	13	0	0	1	0	0	1	1	0	0	1	51
2013/12/31-06:20:03	8	1,811.783	32.22	8	0	0	1	0	0	1	1	0	0	1	18
2013/12/31-06:20:40	8	1,811.783	32.22	5	0	0	0	0	0	1	1	0	0	1	4
2013/12/31-06:21:09	8	1,811.783	32.22	4	0	0	0	0	0	1	1	0	0	1	15
2013/12/31-06:21:56	8	1,811.783	32.22	12	0	0	0	0	0	1	1	0	0	1	27
2013/12/31-06:28:11	8	1,811.783	32.22	2	0	0	0	0	0	1	1	0	0	1	7
2013/12/31-06:29:06	8	1,811.783	32.22	3	0	1	0	0	0	0	1	0	0	1	11
2013/12/31-06:29:40	8	1,811.783	32.22	11	0	0	7	0	0	1	1	0	0	1	36
2013/12/31-06:30:36	8	1,811.783	32.22	7	0	1	0	1	0	0	1	0	0	1	20
2013/12/31-06:31:18	8	1,811.783	32.22	1	0	1	0	0	0	0	1	0	0	1	5
2013/12/31-06:31:42	8	1,811.783	32.22	12	0	1	0	0	0	0	1	0	0	1	42
2013/12/31-06:32:44	8	1,811.783	32.22	12	0	0	0	1	0	0	1	1	0	0	13
2013/12/31-06:46:52	12	1,785.669	31.063	0	0	1	0	0	0	0	1	0	0	1	5
2013/12/31-06:47:16	12	1,785.669	31.063	8	0	0	0	2	0	0	1	1	0	0	31
2013/12/31-06:48:05	12	1,785.669	31.063	4	0	0	0	1	0	0	1	1	0	0	12
2013/12/31-06:48:36	12	1,785.669	31.063	0	0	1	5	0	0	0	1	1	0	0	89
2013/12/31-06:50:23	12	1,785.669	31.063	3	0	0	0	1	0	0	1	1	0	0	9
2013/12/31-06:50:50	12	1,785.669	31.063	3	0	0	0	0	0	0	1	1	0	0	11
2013/12/31-06:51:20	12	1,785.669	31.063	4	0	0	0	0	0	0	1	1	0	0	24
2013/12/31-07:02:11	12	1,785.669	31.063	0	0	1	0	0	0	0	1	0	0	1	3
2013/12/31-07:02:59	12	1,785.669	31.063	11	0	0	0	1	0	1	1	0	0	1	49
2013/12/31-07:04:12	12	1,785.669	31.063	2	0	0	0	0	0	1	1	0	0	1	8
2013/12/31-07:04:48	12	1,785.669	31.063	1	0	0	0	1	0	1	1	0	0	1	4
2013/12/31-07:05:17	12	1,785.669	31.063	1	0	0	1	0	0	1	1	0	0	1	3
2013/12/31-07:05:42	12	1,785.669	31.063	43	0	0	2	0	0	0	1	1	0	0	90
2013/12/31-07:07:31	12	1,785.669	31.063	10	0	0	0	1	0	0	1	1	0	0	14
2013/12/31-07:14:26	12	1,785.669	31.063	8	0	1	1	1	0	0	1	0	0	1	24
2013/12/31-07:15:06	12	1,785.669	31.063	1	0	0	0	0	0	0	1	1	0	0	5
2013/12/31-07:15:31	12	1,777.158	30.649	2	0	1	0	0	0	0	1	0	0	1	4
2013/12/31-07:16:11	12	1,777.158	30.649	24	0	0	0	1	0	0	1	1	0	0	83
2013/12/31-07:17:53	12	1,777.158	30.649	13	0	0	0	1	0	0	1	1	0	0	16
2013/12/31-07:18:28	12	1,777.158	30.649	17	0	0	0	1	0	1	1	0	0	1	34
2013/12/31-07:19:21	12	1,777.158	30.649	9	0	0	0	1	0	0	1	1	0	0	27
2013/12/31-07:36:05	12	1,777.158	30.649	12	0	1	0	0	0	0	1	0	0	1	32
2013/12/31-07:36:55	12	1,777.158	30.649	1	0	0	7	1	0	0	1	1	0	0	81
2013/12/31-07:38:35	12	1,777.158	30.649	2	0	0	0	0	0	0	1	1	0	0	7
2013/12/31-07:39:01	12	1,777.158	30.649	7	0	0	0	1	0	0	1	1	0	0	27
2013/12/31-07:39:46	12	1,777.158	30.649	3	0	0	0	1	0	0	1	1	0	0	9
2013/12/31-07:40:14	12	1,777.158	30.649	4	0	0	0	1	0	0	1	1	0	0	13
2013/12/31-07:40:45	12	1,777.158	30.649	0	0	1	0	0	0	0	1	0	0	1	10
2013/12/31-07:51:15	12	1,777.158	30.649	7	0	0	1	0	0	1	1	0	0	1	51
2013/12/31-07:52:25	12	1,777.158	30.649	0	0	1	0	0	0	0	1	0	0	1	18
2013/12/31-07:53:02	12	1,777.158	30.649	1	0	0	1	0	0	1	1	0	0	1	3
2013/12/31-07:53:27	12	1,777.158	30.649	2	0	0	0	0	0	1	1	0	0	1	5
2013/12/31-07:54:10	12	1,777.158	30.649	9	0	0	0	2	0	0	1	1	0	0	24
2013/12/31-07:54:53	12	1,777.158	30.649	21	0	0	0	0	0	1	1	0	0	1	62
2013/12/31-07:56:14	12	1,777.158	30.649	10	0	0	3	0	0	1	1	0	0	1	45
2013/12/31-08:02:45	12	1,780.445	29.917	5	0	0	0	0	0	1	1	0	0	1	29
2013/12/31-08:03:33	12	1,780.445	29.917	1	0	0	0	0	0	1	1	0	0	1	3
2013/12/31-08:04:21	12	1,780.445	29.917	19	0	0	0	2	0	0	1	1	0	0	41
2013/12/31-08:05:20	12	1,780.445	29.917	15	0	0	2	1	0	0	1	1	0	0	45
2013/12/31-08:06:24	12	1,780.445	29.917	3	0	0	0	0	0	1	1	0	0	1	5
2013/12/31-08:06:48	12	1,780.445	29.917	5	0	1	0	0	0	0	1	0	0	1	19
2013/12/31-08:07:26	12	1,780.445	29.917	5	0	0	0	1	0	0	1	1	0	0	14
2014/01/01-19:00:04	6	1,781.853	104.059	2	0	1	0	0	0	0	1	0	0	1	14
2014/01/03-14:36:07	8	1,781.853	145.325	17	0	1	3	0	0	0	1	0	0	1	51
2014/01/03-14:37:24	8	1,781.853	145.325	0	0	1	0	0	0	0	1	0	0	1	12
2014/01/03-14:38:00	8	1,781.853	145.325	4	0	0	0	1	0	0	1	1	0	0	16
2014/01/03-14:38:40	8	1,781.853	145.325	0	0	1	9	0	0	0	1	0	0	1	64
2014/01/03-14:40:15	8	1,781.853	145.325	1	0	1	0	0	0	0	1	0	0	1	6
2014/01/03-14:40:46	8	1,781.853	145.325	11	0	0	0	2	0	0	1	1	0	0	28
2014/01/03-14:41:40	8	1,781.853	145.325	2	0	1	0	0	0	0	1	0	0	1	7
2014/01/03-14:52:24	29	1,677.566	116.754	8	0	0	0	0	0	1	1	0	0	1	30
2014/01/03-14:53:30	29	1,677.566	116.754	1	0	1	0	0	0	0	1	0	0	1	7
2014/01/03-14:54:01	29	1,677.566	116.754	6	0	0	4	2	0	0	1	1	0	0	20
2014/01/03-14:54:46	29	1,677.566	116.754	4	0	0	1	1	0	0	1	1	0	0	7
2014/01/03-14:55:17	29	1,677.566	116.754	14	0	0	0	0	0	0	1	1	0	0	67
2014/01/03-14:56:49	29	1,677.566	116.754	2	0	0	0	0	0	1	1	0	0	1	8
2014/01/03-14:58:00	29	1,677.566	116.754	6	0	0	0	0	0	1	1	0	0	1	15
2014/01/03-15:16:53	29	1,677.566	116.754	28	0	1	2	1	0	0	1	0	0	1	73
2014/01/03-15:18:27	29	1,677.566	116.754	9	0	0	0	0	0	0	1	1	0	0	20
2014/01/03-15:19:11	29	1,677.566	116.754	3	0	1	0	0	0	0	1	0	0	1	9
2014/01/03-15:19:46	29	1,677.566	116.754	5	0	0	0	0	0	1	1	0	0	1	16
2014/01/03-15:20:35	29	1,677.566	116.754	2	0	1	0	0	0	0	1	0	0	1	10
2014/01/03-15:21:09	29	1,677.566	116.754	22	0	1	0	0	0	0	1	0	0	1	79
2014/01/03-15:22:53	29	1,677.566	116.754	5	0	0	0	1	0	1	1	0	0	1	5
2014/01/03-15:23:50	29	1,677.566	116.754	4	0	0	0	0	0	0	1	1	0	0	14
2014/01/03-15:24:29	29	1,677.566	116.754	23	0	0	2	3	0	0	1	1	0	0	56
2014/01/03-15:30:30	29	1,677.566	116.754	25	0	0	4	0	0	0	1	0	0	1	60
2014/01/03-15:31:54	29	1,677.566	116.754	4	0	0	0	0	0	1	1	0	0	1	12
2014/01/03-15:32:53	29	1,677.566	116.754	13	0	0	0	1	0	0	1	1	0	0	56
2014/01/03-15:34:13	29	1,677.566	116.754	14	0	0	1	1	0	1	1	0	0	1	47
2014/01/03-15:35:25	29	1,677.566	116.754	22	0	0	0	1	0	0	1	1	0	0	33
2014/01/03-15:36:23	29	1,677.566	116.754	9	0	1	0	0	0	0	1	0	0	1	16
2014/01/03-15:37:21	5	1,848.715	92.362	18	0	0	6	1	0	0	1	1	0	0	60
2014/01/03-15:38:43	5	1,848.715	92.362	1	0	1	0	1	0	0	1	0	0	1	6
2014/01/03-15:39:26	5	1,848.715	92.362	0	0	1	0	0	0	0	1	0	0	1	6
2014/01/03-15:39:57	5	1,848.715	92.362	25	0	0	3	0	0	0	1	1	0	0	60
2014/01/03-15:41:21	5	1,848.715	92.362	11	0	0	1	0	0	0	1	0	0	1	60
2014/01/03-15:42:46	5	1,848.715	92.362	24	0	0	0	1	0	0	1	1	0	0	41
2014/01/03-15:44:12	5	1,848.715	92.362	19	0	0	6	0	0	0	1	1	0	0	58
2014/01/03-15:45:32	5	1,848.715	92.362	22	0	0	0	1	0	0	1	1	0	0	60
2014/01/03-15:46:57	5	1,848.715	92.362	2	0	0	0	0	0	0	1	1	0	0	4
2014/01/03-15:47:26	5	1,848.715	92.362	17	0	0	1	0	0	0	1	0	0	1	60
2014/01/03-15:48:51	5	1,848.715	92.362	5	0	0	0	1	0	0	1	1	0	0	15
2014/01/03-15:49:31	5	1,848.715	92.362	11	0	0	0	0	0	1	1	0	0	1	16
2014/01/04-10:25:55	5	1,848.715	92.362	3	0	0	0	0	0	1	1	0	0	1	6
2014/01/04-10:26:22	5	1,848.715	92.362	3	0	0	0	0	0	1	1	0	0	1	10
2014/01/04-10:26:51	5	1,848.715	92.362	0	0	1	0	0	0	0	1	0	0	1	8
2014/01/04-10:27:26	5	1,848.715	92.362	8	0	0	0	2	0	0	1	1	0	0	29
2014/01/04-10:28:13	5	1,848.715	92.362	2	0	0	0	0	0	1	1	0	0	1	9
2014/01/04-10:45:04	2	1,888.168	78.641	22	0	0	0	2	0	0	1	1	0	0	36
2014/01/04-10:45:58	2	1,888.168	78.641	15	0	0	22	2	0	0	1	1	0	0	55
2014/01/04-10:47:12	2	1,888.168	78.641	0	0	1	0	0	0	0	1	0	0	1	13
2014/01/04-10:47:44	2	1,888.168	78.641	11	0	0	2	0	0	1	1	0	0	1	33
2014/01/04-10:48:42	2	1,888.168	78.641	4	0	0	0	0	0	0	1	1	0	0	21
2014/01/04-11:04:46	2	1,888.168	78.641	9	0	0	14	2	0	0	1	1	0	0	38
2014/01/04-11:05:43	2	1,888.168	78.641	13	0	1	0	0	0	0	1	0	0	1	39
2014/01/04-11:06:41	2	1,888.168	78.641	0	0	1	0	0	0	0	1	0	0	1	10
2014/01/04-11:07:10	2	1,888.168	78.641	3	0	0	1	0	0	1	1	0	0	1	10
2014/01/04-11:08:21	2	1,888.168	78.641	9	0	0	2	0	0	0	1	1	0	0	38
2014/01/04-16:35:34	2	1,892.631	79.731	0	0	1	0	0	0	0	1	0	0	1	8
2014/01/04-16:36:03	2	1,892.631	79.731	7	0	0	0	2	0	0	1	1	0	0	22
2014/01/04-16:36:44	2	1,892.631	79.731	10	0	1	10	0	0	0	1	0	0	1	32
2014/01/04-16:37:35	2	1,892.631	79.731	13	0	0	2	0	0	1	1	0	0	1	53
2014/01/04-16:38:47	2	1,892.631	79.731	4	0	0	0	0	0	1	1	0	0	1	9
2014/01/04-16:59:38	2	1,872.432	73.887	3	0	0	0	0	0	1	1	0	0	1	11
2014/01/04-17:00:58	2	1,872.432	73.887	2	0	0	0	0	0	0	1	1	0	0	4
2014/01/04-17:01:21	2	1,872.432	73.887	1	0	1	0	0	0	0	1	0	0	1	6
2014/01/04-17:02:40	2	1,872.432	73.887	11	0	0	2	1	0	0	1	1	0	0	25
2014/01/04-17:03:24	2	1,872.432	73.887	4	0	0	0	0	0	1	1	0	0	1	8
2014/01/04-17:24:32	2	1,872.432	73.887	5	0	0	0	3	0	0	1	1	0	0	17
2014/01/04-17:25:09	2	1,872.432	73.887	21	0	0	5	1	0	1	1	0	0	1	59
2014/01/04-17:26:27	2	1,872.432	73.887	23	0	0	2	0	0	0	1	0	0	1	60
2014/01/04-17:27:46	2	1,872.432	73.887	4	0	1	0	1	0	0	1	0	0	1	20
2014/01/04-17:28:26	2	1,872.432	73.887	7	0	0	0	0	0	1	1	0	0	1	42
2014/01/04-22:43:22	2	1,859.701	76.035	0	0	1	0	0	0	0	1	0	0	1	11
2014/01/04-22:44:08	2	1,859.701	76.035	9	0	0	0	2	0	0	1	1	0	0	33
2014/01/04-22:45:00	2	1,859.701	76.035	7	0	1	10	1	0	0	1	0	0	1	30
2014/01/04-22:46:11	2	1,859.701	76.035	4	0	0	0	0	0	1	1	0	0	1	12
2014/01/04-22:47:30	2	1,859.701	76.035	10	0	0	4	1	0	1	1	0	0	1	19
2014/01/04-23:00:10	2	1,859.701	76.035	11	0	0	0	1	0	0	1	1	0	0	29
2014/01/04-23:00:59	2	1,859.701	76.035	0	0	1	0	0	0	0	1	1	0	0	17
2014/01/04-23:01:35	2	1,859.701	76.035	4	0	0	0	1	0	1	1	0	0	1	21
2014/01/04-23:02:15	2	1,859.701	76.035	6	0	1	1	1	0	0	1	0	0	1	25
2014/01/04-23:03:05	2	1,859.701	76.035	7	0	0	0	0	0	1	1	0	0	1	30
2014/01/04-23:23:59	4	1,828.294	67.545	2	0	1	0	0	0	0	1	0	0	1	8
2014/01/04-23:24:47	4	1,828.294	67.545	2	0	1	0	2	0	0	1	1	0	0	6
2014/01/04-23:25:13	4	1,828.294	67.545	1	0	0	0	1	0	1	1	0	0	1	8
2014/01/04-23:25:40	4	1,828.294	67.545	13	0	1	0	0	0	0	1	0	0	1	25
2014/01/04-23:26:24	4	1,828.294	67.545	23	0	0	0	1	0	0	1	1	0	0	48
