2013/08/29-10:10:38	55	1,500	350.775	1	0	1	0	0	0	0	1	0	0	1	6
2013/08/29-10:11:14	55	1,500	350.775	1	0	1	0	0	0	0	1	0	0	1	3
2013/08/29-10:11:36	55	1,500	350.775	0	0	1	0	0	0	0	1	0	0	1	5
2013/08/29-10:12:05	55	1,500	350.775	1	0	0	0	0	0	1	1	0	0	1	4
2013/08/29-10:13:24	55	1,500	350.775	2	0	0	0	0	0	1	1	0	0	1	4
2013/08/29-10:14:00	55	1,500	350.775	1	0	0	0	1	0	1	1	0	0	1	3
2013/08/29-10:14:25	55	1,500	350.775	1	0	0	0	0	0	0	1	1	0	0	18
2013/08/29-10:15:01	55	1,500	350.775	2	0	1	0	0	0	0	1	0	0	1	25
2013/08/29-10:16:20	55	1,500	350.775	0	0	1	0	0	0	0	1	0	0	1	3
2013/08/29-10:16:42	55	1,500	350.775	1	0	0	0	0	0	1	1	0	0	1	3
2013/08/29-10:27:42	82	734.087	260.196	2	0	0	0	0	0	1	1	0	0	1	4
2013/08/29-10:28:07	82	734.087	260.196	2	0	0	0	0	0	0	1	1	0	0	16
2013/08/29-10:28:41	82	734.087	260.196	2	0	0	0	0	0	1	1	0	0	1	5
2013/08/29-10:29:07	82	734.087	260.196	1	0	1	0	0	0	0	1	0	0	1	3
2013/08/29-10:29:32	82	734.087	260.196	1	0	0	0	2	0	0	1	1	0	0	9
2013/08/29-11:31:59	79	917.786	214.584	1	0	0	0	1	0	1	1	1	0	0	4
2013/08/29-11:32:25	79	917.786	214.584	0	0	0	0	0	0	0	1	1	0	0	60
2013/08/29-11:33:44	79	917.786	214.584	0	0	0	0	0	0	0	1	1	0	0	60
2013/08/29-11:35:02	79	917.786	214.584	1	0	0	0	2	0	0	1	1	0	0	6
2013/08/29-11:35:27	79	917.786	214.584	3	0	0	1	0	0	0	1	1	0	0	60
2013/08/29-11:48:26	72	1,243.078	180.965	0	0	0	0	0	0	0	1	1	0	0	6
2013/08/29-11:48:51	72	1,243.078	180.965	0	0	0	0	0	0	0	1	1	0	0	6
2013/08/29-11:49:16	72	1,243.078	180.965	1	0	0	0	0	0	1	1	0	0	1	6
2013/08/29-11:49:41	72	1,243.078	180.965	1	0	0	0	1	0	0	1	1	0	0	6
2013/08/29-11:50:06	72	1,243.078	180.965	0	0	0	0	0	0	0	1	1	0	0	6
2013/08/29-12:00:22	72	1,243.078	180.965	1	0	0	0	0	0	1	1	0	0	1	3
2013/08/29-12:00:47	72	1,243.078	180.965	2	0	0	0	0	0	1	1	0	0	1	9
2013/08/29-12:01:37	72	1,243.078	180.965	1	0	1	0	0	0	0	1	0	0	1	6
2013/08/29-18:33:32	72	1,243.078	180.965	4	0	0	0	1	0	1	1	0	0	1	3
2013/08/29-18:34:00	72	1,243.078	180.965	1	0	0	0	0	0	1	1	0	0	1	3
