2013/09/02-16:38:25	61	1,500	350.775	0	0	1	0	0	0	0	1	0	0	1	6
2013/09/02-16:39:05	61	1,500	350.775	0	0	1	0	0	0	0	1	0	0	1	6
2013/09/02-16:39:30	61	1,500	350.775	0	0	1	0	0	0	0	1	0	0	1	6
2013/09/02-16:40:05	61	1,500	350.775	0	0	1	0	0	0	0	1	0	0	1	6
2013/09/02-16:40:38	61	1,500	350.775	0	0	1	0	0	0	0	1	0	0	1	6
2013/09/02-16:41:49	61	1,500	350.775	0	0	1	0	0	0	0	1	0	1	0	6
2013/09/02-16:42:20	61	1,500	350.775	0	0	1	0	0	0	0	1	0	1	0	6
2013/09/02-16:42:52	61	1,500	350.775	0	0	1	0	0	0	0	1	0	0	1	6
2013/09/02-16:53:26	61	1,500	350.775	0	0	1	0	0	0	0	1	0	0	1	4
2013/09/02-16:53:51	61	1,500	350.775	0	0	1	0	0	0	0	1	0	0	1	6
2013/09/02-16:54:32	61	1,500	350.775	0	0	1	0	0	0	0	1	0	0	1	6
2013/09/02-16:55:42	61	1,500	350.775	0	0	1	0	0	0	0	1	0	0	1	6
2013/09/02-16:56:22	61	1,500	350.775	0	0	1	0	0	0	0	1	0	0	1	6
2013/09/02-17:12:09	84	667.151	247.115	0	0	1	0	0	0	0	1	0	0	1	6
2013/09/02-17:12:34	84	667.151	247.115	0	0	1	0	0	0	0	1	0	0	1	6
2013/09/02-17:12:59	84	667.151	247.115	0	0	1	0	0	0	0	1	0	0	1	4
2013/09/02-17:13:25	84	667.151	247.115	0	0	1	0	0	0	0	1	0	0	1	6
2013/09/02-17:13:50	84	667.151	247.115	0	0	1	0	0	0	0	1	0	0	1	8
2013/09/02-18:35:06	83	705.662	203.695	0	0	1	0	0	0	0	1	0	0	1	6
2013/09/02-18:35:32	83	705.662	203.695	0	0	1	0	0	0	0	1	0	0	1	6
2013/09/02-18:36:38	83	705.662	203.695	0	0	1	0	0	0	0	1	0	0	1	3
2013/09/02-18:37:22	83	705.662	203.695	0	0	1	0	0	0	0	1	0	0	1	3
2013/09/02-18:37:50	83	705.662	203.695	0	0	1	0	0	0	0	1	0	0	1	6
2013/09/02-18:43:20	83	705.662	203.695	0	0	0	0	0	0	0	1	1	0	0	6
2013/09/02-18:43:45	83	705.662	203.695	0	0	1	0	0	0	0	1	0	0	1	6
2013/09/02-18:44:09	83	705.662	203.695	0	0	1	0	0	0	0	1	0	0	1	6
2013/09/02-18:44:34	83	705.662	203.695	0	0	1	0	0	0	0	1	0	0	1	6
2013/09/02-18:44:56	83	705.662	203.695	0	0	1	0	0	0	0	1	0	1	0	6
2013/09/02-18:45:27	83	705.662	203.695	0	0	0	0	0	0	0	1	1	0	0	6
2013/09/02-18:59:37	84	695.523	162.869	0	0	1	0	0	0	0	1	0	0	1	6
2013/09/02-19:00:02	84	695.523	162.869	0	0	1	0	0	0	0	1	0	0	1	6
2013/09/02-19:00:27	84	695.523	162.869	0	0	1	0	0	0	0	1	0	0	1	6
2013/09/02-19:00:52	84	695.523	162.869	0	0	1	0	0	0	0	1	0	0	1	6
2013/09/02-19:01:17	84	695.523	162.869	0	0	1	0	0	0	0	1	0	0	1	6
