2013/09/02-16:48:30	63	1,500	350.775	3	0	1	0	1	0	0	1	0	0	1	53
2013/09/02-16:49:43	63	1,500	350.775	0	0	1	0	0	0	0	1	0	0	1	57
2013/09/02-16:50:59	63	1,500	350.775	1	0	0	0	3	0	1	1	1	0	0	5
2013/09/02-16:51:23	63	1,500	350.775	1	0	1	0	1	0	0	1	0	0	1	26
2013/09/02-16:52:07	63	1,500	350.775	2	0	0	0	0	0	0	1	1	0	0	54
2013/09/02-17:02:48	63	1,500	350.775	0	0	1	0	0	0	0	1	0	0	1	22
2013/09/02-17:04:07	63	1,500	350.775	0	0	1	0	0	0	0	1	0	0	1	4
2013/09/02-17:05:11	63	1,500	350.775	1	0	1	0	0	0	0	1	0	0	1	34
2013/09/02-17:06:04	63	1,500	350.775	0	0	1	0	0	0	0	1	0	0	1	11
2013/09/02-17:06:50	63	1,500	350.775	0	0	1	0	0	0	0	1	0	0	1	28
2013/09/02-17:26:27	23	1,679.269	264.394	2	0	0	0	1	0	0	1	1	0	0	55
2013/09/02-17:27:44	23	1,679.269	264.394	1	0	1	0	0	0	0	1	0	0	1	3
2013/09/02-17:28:58	23	1,679.269	264.394	1	0	1	0	0	0	0	1	0	0	1	9
2013/09/02-17:29:38	23	1,679.269	264.394	0	0	0	0	0	0	0	1	1	0	0	10
2013/09/02-17:30:07	23	1,679.269	264.394	0	0	0	0	0	0	0	1	1	0	0	18
2013/09/02-20:52:37	21	1,666.861	216.488	0	0	0	0	0	0	0	1	0	1	0	60
2013/09/02-20:53:56	21	1,666.861	216.488	0	0	1	0	0	0	0	1	0	0	1	9
2013/09/02-20:54:59	21	1,666.861	216.488	0	0	1	0	0	0	0	1	0	0	1	12
2013/09/02-20:56:17	21	1,666.861	216.488	0	0	1	0	0	0	0	1	0	0	1	6
2013/09/02-20:57:30	21	1,666.861	216.488	0	0	1	0	0	0	0	1	0	0	1	10
2013/09/02-21:05:49	21	1,666.861	216.488	1	0	0	0	0	0	0	1	1	0	0	60
2013/09/02-21:07:08	26	1,629.753	174.063	0	0	1	0	0	0	0	1	0	0	1	9
2013/09/02-21:07:46	26	1,629.753	174.063	1	0	1	0	0	0	0	1	0	0	1	7
2013/09/02-21:08:14	26	1,629.753	174.063	0	0	0	0	0	0	0	1	1	0	0	6
2013/09/02-21:08:39	26	1,629.753	174.063	0	0	1	0	0	0	0	1	0	0	1	13
2013/09/02-21:22:52	26	1,629.753	174.063	0	0	0	0	0	0	0	1	1	0	0	60
2013/09/02-21:24:11	26	1,629.753	174.063	0	0	1	0	0	0	0	1	1	0	0	6
2013/09/02-21:24:36	26	1,629.753	174.063	0	0	0	0	0	0	0	1	1	0	0	60
2013/09/02-21:25:55	26	1,629.753	174.063	0	0	1	0	0	0	0	1	1	0	0	22
2013/09/02-21:26:36	26	1,629.753	174.063	1	0	1	0	0	0	0	1	0	0	1	6
2013/09/03-10:49:27	43	1,513.854	143.894	0	0	1	0	0	0	0	1	0	0	1	12
2013/09/03-10:50:46	43	1,513.854	143.894	1	0	1	0	0	0	0	1	0	0	1	10
2013/09/03-10:51:15	43	1,513.854	143.894	0	0	1	0	0	0	0	1	0	0	1	8
2013/09/03-10:51:59	43	1,513.854	143.894	0	0	1	0	0	0	0	1	0	0	1	15
2013/09/03-10:52:42	43	1,513.854	143.894	0	0	0	0	0	0	0	1	1	0	0	16
2013/09/03-10:53:24	43	1,513.854	143.894	0	0	1	0	0	0	0	1	0	0	1	16
2013/09/03-10:54:20	43	1,513.854	143.894	1	0	1	0	0	0	0	1	0	0	1	21
2013/09/03-10:55:10	43	1,513.854	143.894	0	0	1	0	0	0	0	1	0	0	1	4
2013/09/03-10:55:35	43	1,513.854	143.894	0	0	1	0	0	0	0	1	0	0	1	19
2013/09/03-10:56:22	43	1,513.854	143.894	0	0	0	0	0	0	0	1	1	0	0	60
2013/09/03-14:57:45	43	1,513.854	143.894	0	0	0	0	0	0	0	1	1	0	0	60
2013/09/03-14:59:04	43	1,513.854	143.894	0	0	1	0	0	0	0	1	0	0	1	4
2013/09/03-14:59:38	43	1,513.854	143.894	0	0	0	0	0	0	0	1	1	0	0	56
2013/09/03-15:00:53	43	1,513.854	143.894	1	0	0	0	0	0	0	1	1	0	0	8
2013/09/03-15:01:20	43	1,513.854	143.894	0	0	1	0	0	0	0	1	0	0	1	22
2013/09/03-23:43:16	46	1,466.061	122.047	0	0	1	0	0	0	0	1	0	0	1	4
2013/09/03-23:43:41	46	1,466.061	122.047	1	0	1	0	0	0	0	1	0	0	1	23
2013/09/03-23:44:22	46	1,467.696	114.015	0	0	1	0	0	0	0	1	0	0	1	6
2013/09/03-23:44:50	46	1,467.696	114.015	0	0	0	0	0	0	0	1	1	0	0	10
2013/09/03-23:45:22	46	1,467.696	114.015	0	0	0	0	0	0	0	1	1	0	0	30
2013/09/04-11:09:33	46	1,467.696	114.015	0	0	1	0	0	0	0	1	0	0	1	12
2013/09/04-11:10:04	46	1,467.696	114.015	1	0	0	0	0	0	1	1	0	0	1	3
2013/09/04-11:10:31	46	1,467.696	114.015	0	0	1	1	0	0	0	1	0	0	1	23
2013/09/04-11:11:32	44	1,513.599	99.679	1	0	1	0	0	0	0	1	0	0	1	25
2013/09/04-11:12:38	44	1,513.599	99.679	0	0	1	0	0	0	0	1	0	0	1	9
2013/09/04-11:22:20	44	1,513.599	99.679	0	0	1	0	0	0	0	1	0	0	1	10
2013/09/04-11:23:39	44	1,513.599	99.679	0	0	1	0	0	0	0	1	0	0	1	42
2013/09/04-11:24:40	44	1,513.599	99.679	0	0	0	0	0	0	0	1	1	0	0	17
2013/09/04-11:25:16	44	1,513.599	99.679	0	0	1	0	0	0	0	1	0	0	1	16
2013/09/04-11:26:35	44	1,513.599	99.679	1	0	0	0	1	0	1	1	0	0	1	5
2013/09/04-19:19:10	45	1,506.72	91.384	0	0	1	0	0	0	0	1	0	0	1	6
2013/09/04-19:19:41	45	1,506.72	91.384	0	0	1	0	0	0	0	1	0	0	1	23
2013/09/04-19:20:27	45	1,506.72	91.384	0	0	0	0	0	0	0	1	1	0	0	60
2013/09/04-19:21:46	45	1,506.72	91.384	0	0	1	0	0	0	0	1	0	0	1	16
2013/09/04-19:23:00	45	1,506.72	91.384	0	0	1	0	0	0	0	1	0	0	1	5
2013/09/04-19:36:05	41	1,522.088	83.13	0	0	0	0	0	0	0	1	1	0	0	6
2013/09/04-19:36:34	41	1,522.088	83.13	0	0	0	0	0	0	0	1	1	0	0	60
2013/09/04-19:37:53	41	1,522.088	83.13	0	0	1	0	0	0	0	1	0	0	1	14
2013/09/04-19:38:33	41	1,522.088	83.13	0	0	1	0	0	0	0	1	0	0	1	5
2013/09/04-19:39:07	41	1,522.088	83.13	0	0	1	0	0	0	0	1	0	0	1	15
2013/09/04-19:53:09	41	1,522.088	83.13	0	0	0	0	0	0	0	1	1	0	0	13
2013/09/04-20:33:22	41	1,522.088	83.13	0	0	1	1	0	0	0	1	0	0	1	19
2013/09/04-20:34:23	41	1,522.088	83.13	0	0	1	0	0	0	0	1	0	0	1	6
2013/09/04-20:35:17	41	1,522.088	83.13	1	0	0	0	0	0	1	1	0	0	1	6
2013/09/04-20:36:01	41	1,522.088	83.13	0	0	1	0	0	0	0	1	0	0	1	19
2013/09/05-02:04:40	40	1,529.833	78.309	0	0	1	0	0	0	0	1	0	0	1	11
2013/09/05-02:05:59	40	1,529.833	78.309	1	0	1	0	0	0	0	1	0	0	1	16
2013/09/05-02:07:13	40	1,529.833	78.309	2	0	1	0	0	0	0	1	0	0	1	20
2013/09/05-02:07:51	40	1,529.833	78.309	0	0	0	0	0	0	0	1	1	0	0	8
2013/09/05-02:08:17	40	1,529.833	78.309	0	0	1	0	0	0	0	1	0	0	1	9
2013/09/05-02:13:03	40	1,529.833	78.309	0	0	1	0	0	0	0	1	0	0	1	10
2013/09/05-02:14:22	40	1,529.833	78.309	0	0	0	0	0	0	0	1	1	0	0	3
2013/09/05-02:14:43	40	1,529.833	78.309	1	0	1	0	0	0	0	1	0	0	1	13
2013/09/05-02:16:02	40	1,529.833	78.309	0	0	1	0	0	0	0	1	0	0	1	37
2013/09/05-02:17:17	40	1,529.833	78.309	0	0	0	0	0	0	0	1	1	0	0	60
2013/09/05-02:36:42	44	1,508.265	69.073	0	0	1	0	0	0	0	1	0	0	1	6
2013/09/05-02:37:29	44	1,508.265	69.073	0	0	0	0	0	0	0	1	0	1	0	60
2013/09/05-02:38:48	44	1,508.265	69.073	0	0	1	0	0	0	0	1	0	0	1	8
2013/09/05-02:39:38	44	1,508.265	69.073	0	0	1	0	0	0	0	1	0	0	1	14
2013/09/05-02:40:35	44	1,508.265	69.073	0	0	1	0	0	0	0	1	0	0	1	12
2013/09/05-22:41:59	46	1,481.425	70.142	0	0	1	0	0	0	0	1	0	0	1	16
2013/09/05-22:43:11	46	1,481.425	70.142	0	0	1	0	0	0	0	1	0	0	1	7
2013/09/05-22:43:53	46	1,481.425	70.142	0	0	1	0	0	0	0	1	0	0	1	9
2013/09/05-22:44:26	46	1,481.425	70.142	0	0	1	0	0	0	0	1	0	0	1	9
2013/09/05-22:45:08	46	1,481.425	70.142	0	0	1	0	0	0	0	1	0	0	1	9
2013/09/07-10:24:16	47	1,462.59	74.211	0	0	1	0	0	0	0	1	0	0	1	8
2013/09/07-10:24:55	47	1,462.59	74.211	0	0	1	0	0	0	0	1	0	0	1	9
2013/09/07-10:25:57	47	1,462.59	74.211	0	0	1	0	0	0	0	1	0	0	1	19
2013/09/07-10:27:16	47	1,462.59	74.211	0	0	1	0	0	0	0	1	0	0	1	22
2013/09/07-10:28:46	47	1,462.59	74.211	0	0	0	0	0	0	0	1	0	0	1	60
2013/09/07-10:30:12	49	1,431.54	69.18	0	0	1	0	0	0	0	1	0	0	1	22
2013/09/07-10:31:30	49	1,431.54	69.18	0	0	1	0	0	0	0	1	0	0	1	9
2013/09/07-10:32:32	49	1,431.54	69.18	0	0	1	0	0	0	0	1	0	0	1	35
2013/09/07-10:33:51	49	1,431.54	69.18	0	0	1	0	0	0	0	1	0	0	1	22
2013/09/07-10:35:10	49	1,431.54	69.18	0	0	1	0	0	0	0	1	0	0	1	41
2013/09/07-10:53:43	49	1,431.54	69.18	0	0	0	0	0	0	0	1	1	0	0	60
2013/09/07-10:55:02	49	1,431.54	69.18	0	0	1	0	0	0	0	1	0	0	1	9
2013/09/07-10:55:34	49	1,431.54	69.18	0	0	1	0	0	0	0	1	0	0	1	28
2013/09/07-10:56:52	49	1,431.54	69.18	0	0	1	0	0	0	0	1	0	0	1	22
2013/09/07-10:57:33	49	1,431.54	69.18	0	0	0	0	0	0	0	1	0	0	1	60
2013/09/07-11:17:32	49	1,431.328	62.403	0	0	1	0	0	0	0	1	0	0	1	14
2013/09/07-11:18:51	49	1,431.328	62.403	3	0	1	0	0	0	0	1	0	0	1	60
2013/09/07-11:20:10	49	1,431.328	62.403	0	0	0	0	0	0	0	1	1	0	0	60
2013/09/07-11:21:29	49	1,431.328	62.403	0	0	1	0	0	0	0	1	0	0	1	15
2013/09/07-11:22:05	49	1,431.328	62.403	0	0	1	0	0	0	0	1	0	0	1	19
2013/09/07-11:38:43	49	1,431.328	62.403	0	0	0	0	0	0	0	1	1	0	0	31
2013/09/07-11:39:31	49	1,431.328	62.403	0	0	0	0	0	0	0	1	0	0	1	34
2013/09/07-12:23:44	49	1,431.328	62.403	0	0	1	0	0	0	0	1	0	0	1	19
2013/09/07-12:36:47	49	1,431.328	62.403	0	0	1	0	0	0	0	1	0	0	1	2
2013/09/07-12:48:57	49	1,431.328	62.403	0	0	1	0	0	0	0	1	0	0	1	12
2013/09/07-13:13:35	52	1,407.005	57.082	0	0	1	0	0	0	0	1	0	0	1	51
2013/09/07-13:14:54	52	1,407.005	57.082	0	0	1	0	0	0	0	1	0	0	1	32
2013/09/07-13:15:44	52	1,407.005	57.082	0	0	1	0	0	0	0	1	0	0	1	15
2013/09/07-13:16:34	52	1,407.005	57.082	0	0	1	0	0	0	0	1	0	0	1	12
2013/09/07-13:17:49	52	1,407.005	57.082	0	0	0	0	0	0	0	1	0	0	1	60
2013/09/09-01:16:50	54	1,384.216	60.185	0	0	1	0	0	0	0	1	0	0	1	19
2013/09/09-01:17:55	54	1,384.216	60.185	4	0	1	0	0	0	0	1	0	0	1	52
2013/09/09-01:19:06	54	1,384.216	60.185	0	0	0	2	0	0	0	1	1	0	0	57
2013/09/09-01:20:22	54	1,384.216	60.185	0	0	1	0	0	0	0	1	0	0	1	9
2013/09/09-01:21:19	54	1,384.216	60.185	0	0	1	0	0	0	0	1	0	0	1	19
2013/09/09-07:23:37	54	1,384.216	60.185	0	0	0	1	0	0	0	1	0	0	1	60
2013/09/09-07:24:55	54	1,384.216	60.185	0	0	1	0	0	0	0	1	0	0	1	9
2013/09/09-07:25:23	54	1,384.216	60.185	0	0	0	0	0	0	0	1	1	0	0	7
2013/09/09-07:25:49	54	1,384.216	60.185	1	0	1	1	0	0	0	1	0	0	1	23
2013/09/09-07:26:31	54	1,384.216	60.185	0	0	1	0	0	0	0	1	0	0	1	6
2013/09/09-07:46:32	52	1,399.377	55.08	0	0	0	0	0	0	0	1	1	0	0	9
2013/09/09-07:47:00	52	1,399.377	55.08	0	0	1	0	0	0	0	1	0	0	1	19
2013/09/09-07:47:46	52	1,399.377	55.08	0	0	1	0	0	0	0	1	0	0	1	25
2013/09/09-07:48:29	52	1,399.377	55.08	0	0	0	0	0	0	0	1	1	0	0	9
2013/09/09-07:48:57	52	1,399.377	55.08	0	0	1	0	0	0	0	1	0	0	1	9
2013/09/10-20:26:50	51	1,402.535	59.498	0	0	1	0	0	0	0	1	0	0	1	15
2013/09/10-20:27:25	51	1,402.535	59.498	0	0	1	0	0	0	0	1	0	0	1	9
2013/09/10-20:28:46	52	1,397.712	58.372	0	0	0	0	0	0	0	1	1	0	0	54
2013/09/10-20:29:59	52	1,397.712	58.372	0	0	1	0	0	0	0	1	0	0	1	9
2013/09/10-20:30:54	52	1,397.712	58.372	0	0	1	0	0	0	0	1	0	0	1	6
2013/09/10-20:44:05	52	1,397.712	58.372	0	0	0	0	0	0	0	1	1	0	0	9
2013/09/10-20:44:33	52	1,397.712	58.372	0	0	1	0	0	0	0	1	0	0	1	15
2013/09/10-20:45:16	52	1,397.712	58.372	0	0	1	0	0	0	0	1	0	0	1	9
2013/09/10-20:45:45	52	1,397.712	58.372	0	0	1	0	0	0	0	1	0	0	1	12
2013/09/10-20:46:18	52	1,397.712	58.372	0	0	1	0	0	0	0	1	0	0	1	10
2013/09/10-21:01:44	52	1,397.712	58.372	0	0	1	0	0	0	0	1	0	0	1	15
2013/09/10-21:02:19	52	1,397.712	58.372	0	0	1	0	0	0	0	1	0	0	1	28
2013/09/10-21:16:35	52	1,397.712	58.372	3	0	0	0	1	0	0	1	1	0	0	18
2013/09/10-21:17:12	52	1,397.712	58.372	0	0	1	0	0	0	0	1	0	0	1	15
2013/09/10-21:17:47	52	1,397.712	58.372	0	0	1	0	0	0	0	1	0	0	1	11
2013/09/11-11:31:48	55	1,377.772	60.458	0	0	1	0	0	0	0	1	0	0	1	9
2013/09/11-11:32:21	55	1,377.772	60.458	0	0	1	0	0	0	0	1	0	0	1	9
2013/09/11-11:32:48	55	1,377.772	60.458	0	0	1	0	0	0	0	1	0	0	1	32
2013/09/11-11:33:39	55	1,377.772	60.458	0	0	1	0	0	0	0	1	0	0	1	16
2013/09/11-11:34:57	55	1,377.772	60.458	0	0	1	0	0	0	0	1	0	0	1	9
2013/09/11-11:41:23	55	1,377.772	60.458	0	0	1	0	0	0	0	1	0	0	1	9
2013/09/11-11:42:05	57	1,369.098	56.968	0	0	1	0	0	0	0	1	0	0	1	9
2013/09/11-11:42:47	57	1,369.098	56.968	1	0	0	0	0	0	0	1	1	0	0	24
2013/09/11-11:43:30	57	1,369.098	56.968	0	0	0	0	0	0	0	1	1	0	0	37
2013/09/11-11:44:26	57	1,369.098	56.968	1	0	1	0	0	0	0	1	0	0	1	51
2013/09/11-13:36:22	57	1,369.098	56.968	0	0	0	0	0	0	0	1	1	0	0	24
2013/09/11-13:37:04	57	1,369.098	56.968	0	0	1	0	0	0	0	1	0	0	1	15
2013/09/11-14:14:03	57	1,369.098	56.968	1	0	0	0	0	0	0	1	1	0	0	43
2013/09/11-14:15:06	57	1,369.098	56.968	0	0	1	0	0	0	0	1	0	0	1	15
2013/09/11-14:15:40	57	1,369.098	56.968	0	0	1	0	0	0	0	1	0	0	1	15
2013/09/12-07:32:49	55	1,389.995	60.371	0	0	1	0	0	0	0	1	0	0	1	57
2013/09/12-07:34:06	55	1,389.995	60.371	2	0	1	0	0	0	0	1	0	0	1	30
2013/09/12-07:35:03	55	1,389.995	60.371	0	0	1	0	0	0	0	1	0	0	1	16
2013/09/12-07:35:37	55	1,389.995	60.371	0	0	1	0	0	0	0	1	0	0	1	51
2013/09/12-07:36:47	55	1,389.995	60.371	0	0	1	0	0	0	0	1	0	0	1	12
2013/09/12-07:47:29	55	1,389.995	60.371	0	0	1	0	0	0	0	1	0	0	1	12
2013/09/12-07:48:10	55	1,389.995	60.371	0	0	1	0	0	0	0	1	0	0	1	15
2013/09/12-07:48:55	55	1,389.995	60.371	0	0	1	0	0	0	0	1	0	0	1	9
2013/09/12-07:49:40	55	1,389.995	60.371	0	0	1	0	0	0	0	1	0	0	1	25
2013/09/12-07:50:43	55	1,389.995	60.371	0	0	1	0	0	0	0	1	0	0	1	21
2013/09/12-08:04:31	57	1,366.253	55.194	0	0	1	1	0	0	0	1	0	0	1	55
2013/09/12-08:05:45	57	1,366.253	55.194	0	0	1	0	0	0	0	1	0	0	1	13
2013/09/12-08:06:47	57	1,366.253	55.194	0	0	1	0	0	0	0	1	0	0	1	9
2013/09/12-08:08:06	57	1,366.253	55.194	0	0	0	0	0	0	0	1	1	0	0	5
2013/09/12-08:08:29	57	1,366.253	55.194	0	0	1	0	0	0	0	1	0	0	1	4
2013/09/13-20:04:52	57	1,351.841	69.517	0	0	1	0	0	0	0	1	0	0	1	19
2013/09/13-20:05:31	57	1,351.841	69.517	0	0	1	0	0	0	0	1	0	0	1	9
2013/09/13-20:06:50	57	1,351.841	69.517	0	0	1	0	0	0	0	1	0	0	1	12
2013/09/13-20:08:09	57	1,351.841	69.517	0	0	1	0	0	0	0	1	0	0	1	9
2013/09/13-20:09:28	57	1,351.841	69.517	0	0	1	0	0	0	0	1	0	0	1	38
2013/09/13-20:28:43	56	1,336.809	65.097	0	0	1	0	0	0	0	1	0	0	1	22
2013/09/13-20:29:24	56	1,336.809	65.097	0	0	1	0	0	0	0	1	0	0	1	15
2013/09/13-20:30:01	56	1,336.809	65.097	0	0	1	0	0	0	0	1	0	0	1	9
2013/09/13-20:30:48	56	1,336.809	65.097	0	0	1	0	0	0	0	1	0	0	1	16
2013/09/13-20:31:50	56	1,336.809	65.097	0	0	1	0	0	0	0	1	0	0	1	15
2013/09/13-20:42:31	56	1,336.809	65.097	0	0	1	0	0	0	0	1	0	0	1	19
2013/09/13-20:43:50	56	1,336.809	65.097	0	0	1	0	0	0	0	1	0	0	1	12
2013/09/13-20:44:24	56	1,336.809	65.097	0	0	1	0	0	0	0	1	0	0	1	9
2013/09/13-20:45:43	56	1,336.809	65.097	0	0	0	0	0	0	0	1	1	0	0	43
2013/09/13-20:46:45	56	1,336.809	65.097	1	0	0	0	0	0	0	1	1	0	0	21
2013/09/14-01:08:23	60	1,322.83	61.477	0	0	1	0	0	0	0	1	0	0	1	9
2013/09/14-01:08:59	60	1,322.83	61.477	0	0	1	0	0	0	0	1	0	0	1	16
2013/09/14-01:10:17	60	1,322.83	61.477	1	0	1	0	0	0	0	1	0	0	1	47
2013/09/14-01:11:36	60	1,322.83	61.477	0	0	1	0	0	0	0	1	0	0	1	16
2013/09/14-01:12:20	60	1,322.83	61.477	0	0	1	0	0	0	0	1	0	0	1	19
2013/09/14-01:23:40	60	1,319.359	60.37	0	0	1	0	0	0	0	1	0	0	1	16
2013/09/14-01:24:59	60	1,319.359	60.37	0	0	1	0	0	0	0	1	0	0	1	12
2013/09/14-01:26:18	60	1,319.359	60.37	0	0	1	0	0	0	0	1	0	0	1	9
2013/09/14-01:26:55	60	1,319.359	60.37	0	0	1	0	0	0	0	1	0	0	1	15
2013/09/14-01:27:29	60	1,319.359	60.37	3	0	0	0	0	0	0	1	0	0	1	60
2013/09/14-01:45:36	60	1,319.359	60.37	0	0	0	0	0	0	0	1	1	0	0	8
2013/09/14-01:46:02	60	1,319.359	60.37	0	0	1	0	0	0	0	1	0	0	1	7
2013/09/14-01:46:30	60	1,319.359	60.37	0	0	1	0	0	0	0	1	0	0	1	16
2013/09/14-01:47:05	60	1,319.359	60.37	0	0	1	0	0	0	0	1	0	0	1	9
2013/09/14-01:47:33	60	1,319.359	60.37	0	0	1	0	0	0	0	1	0	0	1	9
2013/09/14-02:11:27	61	1,288.367	56.318	0	0	1	0	0	0	0	1	0	0	1	9
2013/09/14-02:12:46	61	1,288.367	56.318	0	0	1	0	0	0	0	1	0	0	1	9
2013/09/14-02:13:59	61	1,288.367	56.318	0	0	1	0	0	0	0	1	0	0	1	4
2013/09/14-02:14:40	61	1,288.367	56.318	0	0	1	0	0	0	0	1	0	0	1	22
2013/09/14-02:15:59	61	1,288.367	56.318	0	0	1	0	0	0	0	1	0	0	1	9
2013/09/14-02:27:24	61	1,288.367	56.318	0	0	1	0	0	0	0	1	0	0	1	9
2013/09/14-02:28:43	61	1,288.367	56.318	0	0	1	0	0	0	0	1	0	0	1	12
2013/09/14-02:29:45	61	1,288.367	56.318	0	0	1	0	0	0	0	1	0	0	1	19
2013/09/14-02:30:22	61	1,288.367	56.318	2	0	1	0	1	0	0	1	0	0	1	37
2013/09/14-02:31:41	61	1,288.367	56.318	0	0	1	1	0	0	0	1	0	0	1	39
2013/09/14-02:51:09	61	1,292.084	53.604	1	0	0	0	0	0	0	1	1	0	0	18
2013/09/14-02:51:46	61	1,292.084	53.604	0	0	1	0	0	0	0	1	0	0	1	16
2013/09/14-02:52:40	61	1,292.084	53.604	0	0	1	0	0	0	0	1	0	0	1	16
2013/09/14-02:53:43	61	1,292.084	53.604	0	0	1	0	0	0	0	1	0	0	1	19
2013/09/14-02:54:34	61	1,292.084	53.604	1	0	1	0	0	0	0	1	0	0	1	24
2013/09/14-05:28:51	62	1,285.323	54.534	5	0	1	1	0	0	0	1	0	0	1	32
2013/09/14-05:29:42	62	1,285.323	54.534	0	0	1	0	0	0	0	1	0	0	1	16
2013/09/14-05:30:17	62	1,285.323	54.534	0	0	1	0	0	0	0	1	0	0	1	21
2013/09/14-05:30:56	62	1,285.323	54.534	0	0	1	0	0	0	0	1	0	0	1	30
2013/09/14-05:31:44	62	1,285.323	54.534	0	0	1	0	0	0	0	1	0	0	1	22
2013/09/14-05:50:15	63	1,289.682	53.411	1	0	1	0	0	0	0	1	0	0	1	57
2013/09/14-05:51:34	63	1,289.682	53.411	0	0	1	0	0	0	0	1	0	0	1	9
2013/09/14-05:52:52	63	1,289.682	53.411	0	0	1	0	0	0	0	1	0	0	1	16
2013/09/14-05:54:11	63	1,289.682	53.411	1	0	1	0	0	0	0	1	0	0	1	48
2013/09/14-05:55:30	63	1,289.682	53.411	0	0	1	0	0	0	0	1	0	0	1	6
2013/09/14-06:03:47	63	1,289.682	53.411	0	0	1	0	0	0	0	1	0	0	1	9
2013/09/14-06:05:06	63	1,289.682	53.411	0	0	1	0	0	0	0	1	0	0	1	28
2013/09/14-06:06:25	63	1,289.682	53.411	0	0	1	0	0	0	0	1	0	0	1	12
2013/09/14-06:06:56	63	1,289.682	53.411	0	0	1	0	0	0	0	1	0	0	1	6
2013/09/14-06:08:14	63	1,289.682	53.411	0	0	1	0	0	0	0	1	0	0	1	15
2013/09/14-11:23:52	63	1,281.887	55.077	2	0	1	0	0	0	0	1	0	0	1	21
2013/09/14-11:25:11	63	1,281.887	55.077	0	0	1	0	0	0	0	1	0	0	1	9
2013/09/14-11:26:21	63	1,281.887	55.077	0	0	1	0	0	0	0	1	0	0	1	9
2013/09/14-11:27:40	63	1,281.583	54.86	0	0	1	0	0	0	0	1	0	0	1	9
2013/09/14-11:28:49	63	1,281.583	54.86	0	0	1	0	0	0	0	1	0	0	1	38
2013/09/14-11:39:44	63	1,281.583	54.86	0	0	0	0	0	0	0	1	1	0	0	10
2013/09/14-11:40:12	63	1,281.583	54.86	0	0	0	0	0	0	0	1	1	0	0	9
2013/09/14-11:40:40	63	1,281.583	54.86	0	0	0	0	0	0	0	1	1	0	0	6
2013/09/14-11:41:05	63	1,281.583	54.86	0	0	0	0	0	0	0	1	1	0	0	6
2013/09/14-11:41:30	63	1,281.583	54.86	0	0	0	0	0	0	0	1	1	0	0	11
2013/09/14-12:07:49	62	1,294.325	53.868	0	0	0	0	0	0	0	1	1	0	0	7
2013/09/14-12:08:14	62	1,294.325	53.868	0	0	1	0	0	0	0	1	0	0	1	9
2013/09/14-12:08:42	62	1,294.325	53.868	0	0	1	0	0	0	0	1	0	0	1	19
2013/09/14-12:09:19	62	1,294.325	53.868	0	0	1	0	0	0	0	1	0	0	1	22
2013/09/14-12:10:00	62	1,294.325	53.868	0	0	1	0	0	0	0	1	0	0	1	35
2013/09/14-15:33:04	62	1,302.106	56.007	0	0	1	0	0	0	0	1	0	0	1	6
2013/09/14-15:34:19	62	1,302.106	56.007	0	0	1	0	0	0	0	1	0	0	1	16
2013/09/14-15:35:38	62	1,302.106	56.007	0	0	1	0	0	0	0	1	0	0	1	15
2013/09/14-15:36:57	62	1,302.106	56.007	0	0	1	0	0	0	0	1	0	0	1	21
2013/09/14-15:38:15	62	1,302.106	56.007	0	0	1	0	0	0	0	1	0	0	1	36
2013/09/14-15:51:47	62	1,302.205	55.238	0	0	1	0	0	0	0	1	0	0	1	16
2013/09/14-15:52:21	62	1,302.205	55.238	0	0	0	0	0	0	0	1	1	0	0	15
2013/09/14-15:52:55	62	1,302.205	55.238	0	0	1	0	0	0	0	1	0	0	1	16
2013/09/14-15:53:30	62	1,302.205	55.238	0	0	1	0	0	0	0	1	0	0	1	6
2013/09/14-15:53:59	62	1,302.205	55.238	0	0	0	0	0	0	0	1	1	0	0	13
2013/09/14-16:09:01	62	1,302.205	55.238	0	0	0	0	0	0	0	1	1	0	0	9
2013/09/14-16:09:29	62	1,302.205	55.238	0	0	0	0	0	0	0	1	1	0	0	8
2013/09/14-16:09:56	62	1,302.205	55.238	0	0	1	0	0	0	0	1	0	0	1	9
2013/09/14-16:10:24	62	1,302.205	55.238	0	0	0	0	0	0	0	1	1	0	0	9
2013/09/14-16:10:52	62	1,302.205	55.238	2	0	1	0	1	0	0	1	0	0	1	42
2013/09/14-19:24:57	61	1,315.738	57.002	0	0	1	0	0	0	0	1	0	0	1	15
2013/09/14-19:25:31	61	1,315.738	57.002	0	0	1	0	0	0	0	1	0	0	1	22
2013/09/14-19:26:11	61	1,315.738	57.002	0	0	1	0	0	0	0	1	0	0	1	15
2013/09/14-19:26:46	61	1,315.738	57.002	0	0	1	0	0	0	0	1	0	0	1	15
2013/09/14-19:27:20	61	1,315.738	57.002	0	0	1	0	0	0	0	1	0	0	1	12
2013/09/14-19:32:23	61	1,315.738	57.002	0	0	1	0	0	0	0	1	0	0	1	21
2013/09/14-19:33:21	61	1,315.738	57.002	0	0	1	0	0	0	0	1	0	0	1	16
2013/09/14-19:34:39	61	1,322.941	55.792	0	0	1	0	0	0	0	1	0	0	1	16
2013/09/14-19:35:58	61	1,322.941	55.792	1	0	1	0	0	0	0	1	0	0	1	19
2013/09/14-19:37:17	61	1,322.941	55.792	0	0	1	0	0	0	0	1	0	0	1	16
2013/09/14-19:48:18	61	1,322.941	55.792	0	0	0	0	0	0	0	1	0	0	1	60
2013/09/14-19:49:37	61	1,322.941	55.792	0	0	1	0	0	0	0	1	0	0	1	12
2013/09/14-19:50:56	61	1,322.941	55.792	0	0	1	0	0	0	0	1	0	0	1	9
2013/09/14-19:51:38	61	1,322.941	55.792	0	0	0	0	0	0	0	1	0	0	1	60
2013/09/14-19:52:57	61	1,322.941	55.792	2	0	1	0	0	0	0	1	0	0	1	19
2013/09/15-00:20:50	65	1,323.363	59.398	0	0	1	0	0	0	0	1	0	0	1	35
2013/09/15-00:21:54	65	1,323.363	59.398	0	0	1	0	0	0	0	1	0	0	1	9
2013/09/15-00:22:22	65	1,323.363	59.398	0	0	1	0	0	0	0	1	0	0	1	6
2013/09/15-00:22:47	65	1,323.363	59.398	0	0	1	0	0	0	0	1	0	0	1	16
2013/09/15-00:23:27	65	1,323.363	59.398	0	0	1	0	0	0	0	1	0	0	1	16
2013/09/15-00:40:24	65	1,328.649	58.061	0	0	0	0	0	0	0	1	1	0	0	10
2013/09/15-00:40:52	65	1,328.649	58.061	0	0	0	0	0	0	0	1	1	0	0	6
2013/09/15-00:41:17	65	1,328.649	58.061	0	0	0	0	0	0	0	1	1	0	0	6
2013/09/15-00:41:42	65	1,328.649	58.061	0	0	0	0	0	0	0	1	1	0	0	6
2013/09/15-00:42:07	65	1,328.649	58.061	0	0	0	0	0	0	0	1	1	0	0	6
2013/09/15-08:56:49	65	1,328.649	58.061	0	0	0	0	0	0	0	1	1	0	0	9
2013/09/15-08:57:17	65	1,328.649	58.061	0	0	0	0	0	0	0	1	1	0	0	9
2013/09/15-08:57:45	65	1,328.649	58.061	0	0	0	0	0	0	0	1	1	0	0	15
2013/09/15-08:58:19	65	1,328.649	58.061	0	0	1	0	0	0	0	1	0	0	1	9
2013/09/15-08:58:46	65	1,328.649	58.061	0	0	1	0	0	0	0	1	0	0	1	6
2013/09/15-14:14:51	63	1,339.152	61.103	0	0	1	0	0	0	0	1	0	0	1	12
2013/09/15-14:16:11	64	1,336.114	60.547	0	0	1	0	0	0	0	1	0	0	1	9
2013/09/15-14:16:49	64	1,336.114	60.547	0	0	1	0	0	0	0	1	0	0	1	15
2013/09/15-14:18:08	64	1,336.114	60.547	0	0	1	0	0	0	0	1	0	0	1	17
2013/09/15-14:19:27	64	1,336.114	60.547	0	0	1	0	0	0	0	1	0	0	1	9
2013/09/15-14:20:09	64	1,336.114	60.547	0	0	0	1	0	0	0	1	1	0	0	34
2013/09/15-14:21:02	64	1,336.114	60.547	0	0	0	1	0	0	0	1	1	0	0	60
2013/09/15-14:22:21	64	1,336.114	60.547	0	0	0	0	0	0	0	1	1	0	0	18
2013/09/15-14:22:57	64	1,336.114	60.547	0	0	0	0	0	0	0	1	1	0	0	16
2013/09/15-14:23:32	64	1,336.114	60.547	1	0	0	1	0	0	0	1	1	0	0	16
2013/09/15-15:34:15	64	1,336.114	60.547	0	0	1	0	0	0	0	1	0	0	1	18
2013/09/15-15:34:59	64	1,336.114	60.547	0	0	1	0	0	0	0	1	0	0	1	6
2013/09/15-15:35:31	64	1,336.114	60.547	0	0	1	0	0	0	0	1	0	0	1	9
2013/09/15-15:35:58	64	1,336.114	60.547	0	0	1	0	0	0	0	1	0	0	1	22
2013/09/15-15:36:39	64	1,336.114	60.547	0	0	1	0	0	0	0	1	0	0	1	22
2013/09/15-20:42:01	62	1,354.695	61.421	0	0	1	0	0	0	0	1	0	0	1	9
2013/09/15-20:42:30	62	1,354.695	61.421	0	0	1	0	0	0	0	1	0	0	1	17
2013/09/15-20:43:49	62	1,354.695	61.421	0	0	1	0	0	0	0	1	0	0	1	19
2013/09/15-20:44:27	62	1,354.695	61.421	0	0	1	0	0	0	0	1	0	0	1	9
2013/09/15-20:45:45	62	1,354.695	61.421	0	0	1	0	0	0	0	1	0	0	1	15
2013/09/15-20:56:14	62	1,354.695	61.421	0	0	0	0	0	0	0	1	0	0	1	60
2013/09/15-20:57:33	62	1,354.695	61.421	3	0	1	2	1	0	0	1	0	0	1	26
2013/09/15-20:58:18	62	1,354.695	61.421	0	0	1	0	0	0	0	1	0	0	1	31
2013/09/15-20:59:08	62	1,354.695	61.421	0	0	1	0	0	0	0	1	0	0	1	12
2013/09/15-21:00:27	62	1,354.695	61.421	0	0	1	0	0	0	0	1	0	0	1	22
2013/09/15-21:11:36	63	1,333.881	56.021	0	0	1	0	0	0	0	1	0	0	1	19
2013/09/15-21:12:14	63	1,333.881	56.021	0	0	0	0	0	0	0	1	1	0	0	15
2013/09/15-21:12:49	63	1,333.881	56.021	0	0	1	0	0	0	0	1	0	0	1	15
2013/09/15-21:13:48	63	1,333.881	56.021	0	0	1	0	0	0	0	1	0	0	1	28
2013/09/15-21:15:07	63	1,333.881	56.021	0	0	0	0	0	0	0	1	1	0	0	60
2013/09/15-22:32:29	63	1,327.83	54.538	1	0	1	0	0	0	0	1	0	0	1	31
2013/09/15-22:33:19	63	1,327.83	54.538	0	0	1	0	0	0	0	1	0	0	1	15
2013/09/15-22:34:01	63	1,327.83	54.538	0	0	1	0	0	0	0	1	0	0	1	16
2013/09/15-22:35:19	63	1,327.83	54.538	0	0	1	0	0	0	0	1	0	0	1	9
2013/09/15-22:36:03	63	1,327.83	54.538	0	0	1	0	0	0	0	1	0	0	1	15
2013/09/15-22:46:44	63	1,327.83	54.538	0	0	1	0	0	0	0	1	0	0	1	3
2013/09/15-22:47:09	63	1,324.915	53.933	0	0	1	0	0	0	0	1	0	0	1	7
2013/09/15-22:47:35	63	1,324.915	53.933	0	0	1	0	0	0	0	1	0	0	1	9
2013/09/15-22:48:02	63	1,324.915	53.933	0	0	1	0	0	0	0	1	0	0	1	21
2013/09/15-22:48:42	63	1,324.915	53.933	0	0	1	0	0	0	0	1	0	0	1	15
2013/09/15-23:01:48	63	1,324.915	53.933	0	0	1	0	0	0	0	1	0	0	1	22
2013/09/15-23:02:29	63	1,324.915	53.933	0	0	1	0	0	0	0	1	0	0	1	8
2013/09/15-23:03:09	63	1,324.915	53.933	0	0	1	0	0	0	0	1	0	0	1	28
2013/09/15-23:03:56	63	1,324.915	53.933	0	0	1	0	0	0	0	1	0	0	1	9
2013/09/15-23:04:35	63	1,324.915	53.933	0	0	0	0	0	0	0	1	1	0	0	16
2013/09/16-20:39:45	62	1,331.612	55.991	5	0	0	0	1	0	0	1	1	0	0	60
2013/09/16-20:41:05	62	1,331.612	55.991	0	0	1	0	0	0	0	1	0	0	1	9
2013/09/16-20:42:23	62	1,331.612	55.991	0	0	0	1	0	0	0	1	0	0	1	60
2013/09/16-20:43:42	62	1,331.612	55.991	0	0	1	0	0	0	0	1	0	0	1	18
2013/09/16-20:44:19	62	1,331.612	55.991	0	0	1	0	0	0	0	1	0	0	1	25
2013/09/16-21:04:46	62	1,331.612	55.991	0	0	1	0	0	0	0	1	0	0	1	9
2013/09/16-21:05:15	62	1,331.612	55.991	0	0	1	0	0	0	0	1	0	0	1	9
2013/09/16-21:06:33	62	1,331.612	55.991	0	0	0	0	0	0	0	1	1	0	0	4
2013/09/16-21:06:56	62	1,331.612	55.991	7	0	0	2	0	0	0	1	1	0	0	60
2013/09/16-21:08:15	62	1,331.612	55.991	0	0	1	0	0	0	0	1	0	0	1	15
2013/09/16-21:23:31	62	1,352.947	51.703	0	0	1	0	0	0	0	1	0	0	1	31
2013/09/16-21:24:39	62	1,352.947	51.703	0	0	1	0	0	0	0	1	0	0	1	9
2013/09/16-21:25:58	62	1,352.947	51.703	1	0	1	1	0	0	0	1	0	0	1	22
2013/09/16-21:26:39	62	1,352.947	51.703	0	0	1	0	0	0	0	1	0	0	1	9
2013/09/16-21:27:32	62	1,352.947	51.703	0	0	1	0	0	0	0	1	0	0	1	12
2013/09/18-00:57:41	62	1,345.021	62.807	1	0	1	0	1	0	0	1	0	0	1	13
2013/09/18-00:58:14	62	1,345.021	62.807	1	0	0	0	1	0	0	1	1	0	0	9
2013/09/18-00:58:42	62	1,345.021	62.807	2	0	0	0	0	0	0	1	1	0	0	60
2013/09/18-01:00:01	62	1,345.021	62.807	0	0	0	0	0	0	0	1	1	0	0	60
2013/09/18-01:01:20	62	1,345.021	62.807	3	0	0	0	1	0	0	1	1	0	0	21
2013/09/18-08:41:03	62	1,345.021	62.807	0	0	1	0	0	0	0	1	0	0	1	9
2013/09/18-08:42:22	62	1,345.021	62.807	3	0	1	0	0	0	0	1	0	0	1	27
2013/09/18-08:43:08	58	1,380.972	58.487	0	0	1	0	0	0	0	1	0	0	1	14
2013/09/18-08:43:51	58	1,380.972	58.487	0	0	1	0	0	0	0	1	0	0	1	17
2013/09/18-08:44:27	58	1,380.972	58.487	1	0	1	0	2	0	0	1	0	0	1	7
2013/09/18-08:57:30	58	1,380.972	58.487	0	0	1	0	0	0	0	1	0	0	1	22
2013/09/18-08:58:15	58	1,380.972	58.487	0	0	1	0	0	0	0	1	0	0	1	24
2013/09/18-08:58:59	58	1,380.972	58.487	1	0	0	0	1	0	1	1	0	0	1	5
2013/09/18-08:59:23	58	1,380.972	58.487	0	0	0	0	0	0	0	1	1	0	0	30
2013/09/18-09:00:12	58	1,380.972	58.487	2	0	0	0	0	0	1	1	0	0	1	7
2013/09/18-11:24:28	58	1,393.677	55.299	0	0	1	0	0	0	0	1	0	0	1	6
2013/09/18-11:24:53	58	1,393.677	55.299	0	0	1	0	0	0	0	1	0	0	1	27
2013/09/18-11:25:39	58	1,393.677	55.299	0	0	1	0	0	0	0	1	0	0	1	10
2013/09/18-11:26:58	58	1,393.677	55.299	0	0	1	0	0	0	0	1	0	0	1	6
2013/09/18-11:27:22	58	1,393.677	55.299	1	0	0	0	0	0	0	1	1	0	0	21
2013/09/18-11:48:54	54	1,417.536	54.806	1	0	1	0	0	0	0	1	0	0	1	21
2013/09/18-11:49:35	54	1,417.536	54.806	1	0	1	0	0	0	0	1	0	0	1	45
2013/09/18-11:50:38	54	1,417.536	54.806	0	0	1	0	0	0	0	1	0	0	1	11
2013/09/18-11:51:16	54	1,417.536	54.806	3	0	0	0	1	0	0	1	1	0	0	60
2013/09/18-11:52:34	54	1,417.536	54.806	0	0	1	0	0	0	0	1	0	0	1	10
2013/09/18-12:03:14	54	1,417.536	54.806	1	0	0	0	0	0	0	1	0	0	1	60
2013/09/18-12:04:34	54	1,417.536	54.806	0	0	0	0	0	0	0	1	1	0	0	22
2013/09/18-12:05:14	54	1,417.536	54.806	0	0	1	0	0	0	0	1	0	0	1	11
2013/09/18-12:05:59	54	1,417.536	54.806	1	0	1	0	0	0	0	1	0	0	1	6
2013/09/18-12:06:45	54	1,417.536	54.806	0	0	1	0	0	0	0	1	0	0	1	8
2013/09/18-15:01:43	52	1,475.061	57.456	1	0	0	0	0	0	0	1	1	0	0	14
2013/09/18-15:11:48	52	1,475.061	57.456	2	0	0	0	2	0	0	1	1	0	0	130
2013/09/18-15:14:20	52	1,475.061	57.456	0	0	1	0	0	0	0	1	0	0	1	15
2013/09/18-15:14:55	52	1,475.061	57.456	2	0	1	0	0	0	0	1	0	0	1	41
2013/09/18-15:15:54	52	1,475.061	57.456	0	0	0	0	0	0	0	1	1	0	0	60
2013/09/18-15:33:36	52	1,490.163	55.001	0	0	1	0	0	0	0	1	0	0	1	26
2013/09/18-15:34:21	52	1,490.163	55.001	0	0	1	0	0	0	0	1	0	0	1	6
2013/09/18-15:34:52	52	1,490.163	55.001	0	0	1	0	0	0	0	1	0	0	1	4
2013/09/18-15:35:15	52	1,490.163	55.001	0	0	1	0	0	0	0	1	0	0	1	9
2013/09/18-15:35:51	52	1,490.163	55.001	0	0	1	0	0	0	0	1	0	0	1	6
2013/09/18-15:46:59	52	1,475.634	52.825	1	0	1	0	0	0	0	1	0	0	1	4
2013/09/18-15:47:34	52	1,475.634	52.825	0	0	0	0	0	0	0	1	1	0	0	9
2013/09/18-15:48:02	52	1,475.634	52.825	1	0	0	0	0	0	0	1	1	0	0	60
2013/09/18-15:49:21	52	1,475.634	52.825	1	0	1	0	1	0	0	1	0	0	1	6
2013/09/18-15:49:49	52	1,475.634	52.825	0	0	1	0	0	0	0	1	0	0	1	12
2013/09/18-16:27:27	52	1,463.671	52.102	1	0	1	0	0	0	0	1	0	0	1	6
2013/09/18-16:28:46	52	1,463.671	52.102	1	0	0	0	0	0	1	1	0	0	1	5
2013/09/18-16:29:10	52	1,463.671	52.102	0	0	1	0	0	0	0	1	0	0	1	15
2013/09/18-16:29:44	52	1,463.671	52.102	0	0	1	0	0	0	0	1	0	0	1	29
2013/09/18-16:30:31	52	1,463.671	52.102	0	0	0	0	0	0	0	1	1	0	0	15
2013/09/18-16:51:54	52	1,463.671	52.102	0	0	1	0	0	0	0	1	0	0	1	26
2013/09/18-16:52:38	52	1,463.671	52.102	0	0	1	0	0	0	0	1	0	0	1	6
2013/09/18-16:53:40	52	1,463.671	52.102	0	0	1	0	0	0	0	1	0	0	1	16
2013/09/18-16:54:25	52	1,463.671	52.102	2	0	0	0	0	0	0	1	1	0	0	32
2013/09/18-16:55:16	52	1,463.671	52.102	2	0	1	0	0	0	0	1	0	0	1	57
2013/09/18-17:04:23	52	1,484.542	49.849	0	0	1	0	0	0	0	1	0	0	1	56
2013/09/18-17:05:38	52	1,484.542	49.849	1	0	1	0	0	0	0	1	0	0	1	11
2013/09/18-17:06:07	52	1,484.542	49.849	0	0	1	0	0	0	0	1	0	0	1	39
2013/09/18-17:07:05	52	1,484.542	49.849	0	0	1	1	0	0	0	1	0	0	1	33
2013/09/18-17:07:57	52	1,484.542	49.849	0	0	1	0	0	0	0	1	0	0	1	15
2013/09/19-11:35:15	49	1,503.229	65.546	1	0	1	0	0	0	0	1	0	0	1	15
2013/09/19-11:35:50	49	1,503.229	65.546	1	0	1	0	1	0	0	1	0	0	1	20
2013/09/19-11:36:28	49	1,503.229	65.546	0	0	1	0	0	0	0	1	0	0	1	21
2013/09/19-11:37:08	49	1,503.229	65.546	0	0	1	0	0	0	0	1	0	0	1	14
2013/09/19-11:37:41	49	1,503.229	65.546	1	0	0	0	1	0	0	1	1	0	0	5
2013/09/19-11:44:05	49	1,503.229	65.546	1	0	1	0	0	0	0	1	0	0	1	7
2013/09/19-11:45:24	49	1,503.229	65.546	2	0	1	0	0	0	0	1	0	0	1	42
2013/09/19-11:46:43	49	1,503.229	65.546	0	0	1	0	0	0	0	1	0	0	1	4
2013/09/19-11:47:06	49	1,503.229	65.546	0	0	1	0	0	0	0	1	0	0	1	15
2013/09/19-11:48:25	49	1,503.229	65.546	0	0	1	0	0	0	0	1	0	0	1	32
2013/09/19-11:59:22	48	1,520.356	61.492	0	0	1	0	0	0	0	1	0	0	1	4
2013/09/19-11:59:52	48	1,520.356	61.492	0	0	1	0	0	0	0	1	0	0	1	21
2013/09/19-12:00:33	48	1,520.356	61.492	0	0	1	0	0	0	0	1	0	0	1	5
2013/09/19-12:00:57	48	1,520.356	61.492	0	0	1	0	0	0	0	1	0	0	1	22
2013/09/19-12:01:59	48	1,520.356	61.492	0	0	1	0	0	0	0	1	0	0	1	15
2013/09/19-17:04:06	49	1,509.206	64.776	2	0	1	0	0	0	0	1	0	0	1	22
2013/09/19-17:04:47	49	1,509.206	64.776	1	0	0	0	1	0	1	1	1	0	0	5
2013/09/19-17:05:11	49	1,509.206	64.776	0	0	1	0	0	0	0	1	0	0	1	13
2013/09/19-17:06:25	49	1,509.206	64.776	0	0	0	0	0	0	0	1	1	0	0	60
2013/09/19-17:07:44	49	1,509.206	64.776	0	0	1	0	0	0	0	1	0	0	1	12
2013/09/19-17:24:12	49	1,509.206	64.776	0	0	0	0	0	0	0	1	1	0	0	9
2013/09/19-17:24:40	49	1,509.206	64.776	0	0	0	0	0	0	0	1	1	0	0	6
2013/09/19-17:25:05	49	1,509.206	64.776	1	0	0	0	1	0	0	1	1	0	0	4
2013/09/19-17:25:27	49	1,509.206	64.776	0	0	1	0	0	0	0	1	0	0	1	16
2013/09/19-17:26:02	49	1,509.206	64.776	1	0	0	0	1	0	0	1	1	0	0	10
2013/09/19-17:39:01	47	1,536.351	61.113	2	0	0	0	1	0	0	1	1	0	0	42
2013/09/19-17:40:01	47	1,536.351	61.113	1	0	1	0	0	0	0	1	0	0	1	10
2013/09/19-17:40:31	47	1,536.351	61.113	0	0	0	0	0	0	0	1	1	0	0	60
2013/09/19-17:41:50	47	1,536.351	61.113	1	0	1	0	1	0	0	1	0	0	1	7
2013/09/19-17:42:16	47	1,536.351	61.113	0	0	0	0	0	0	0	1	1	0	0	16
2013/09/19-21:12:21	45	1,553.89	64.449	2	0	1	0	0	0	0	1	0	0	1	9
2013/09/19-21:12:49	45	1,553.89	64.449	0	0	1	0	0	0	0	1	0	0	1	9
2013/09/19-21:14:01	45	1,553.89	64.449	1	0	1	0	0	0	0	1	0	0	1	16
2013/09/19-21:14:36	45	1,553.89	64.449	0	0	0	0	0	0	0	1	1	0	0	55
2013/09/19-21:15:50	45	1,553.89	64.449	0	0	1	0	0	0	0	1	0	0	1	3
2013/09/19-21:28:45	45	1,553.89	64.449	2	0	0	0	1	0	0	1	1	0	0	54
2013/09/19-21:29:58	44	1,557.77	61.781	1	0	1	0	0	0	0	1	0	0	1	12
2013/09/19-21:30:29	44	1,557.77	61.781	0	0	1	0	0	0	0	1	0	0	1	17
2013/09/19-21:31:05	44	1,557.77	61.781	0	0	0	0	0	0	0	1	1	0	0	60
2013/09/19-21:32:24	44	1,557.77	61.781	1	0	0	0	1	0	1	1	0	0	1	5
2013/09/19-21:45:32	44	1,557.77	61.781	0	0	1	0	0	0	0	1	0	0	1	15
2013/09/19-21:46:51	44	1,557.77	61.781	1	0	0	0	0	0	1	1	0	0	1	5
2013/09/19-21:48:10	44	1,557.77	61.781	0	0	1	0	0	0	0	1	0	0	1	9
2013/09/19-21:49:25	44	1,557.77	61.781	0	0	0	0	0	0	0	1	1	0	0	60
2013/09/19-21:50:44	44	1,557.77	61.781	0	0	1	0	0	0	0	1	0	0	1	6
2013/09/20-02:51:51	51	1,493.445	65.638	0	0	1	0	0	0	0	1	0	0	1	49
2013/09/20-02:52:59	51	1,493.445	65.638	0	0	1	0	0	0	0	1	0	0	1	7
2013/09/20-02:53:24	51	1,493.445	65.638	1	0	1	0	1	0	0	1	0	0	1	13
2013/09/20-02:53:56	51	1,493.445	65.638	1	0	1	0	1	0	0	1	0	0	1	35
2013/09/20-02:54:50	51	1,493.445	65.638	1	0	1	0	1	0	0	1	0	0	1	48
2013/09/20-03:09:56	51	1,493.445	65.638	0	0	1	0	0	0	0	1	0	0	1	7
2013/09/20-03:11:15	51	1,493.445	65.638	1	0	0	0	1	0	1	1	0	0	1	5
2013/09/20-03:11:55	51	1,493.445	65.638	0	0	1	0	0	0	0	1	0	0	1	14
2013/09/20-03:13:14	51	1,493.445	65.638	0	0	1	0	0	0	0	1	0	0	1	40
2013/09/20-03:14:13	51	1,493.445	65.638	1	0	1	0	0	0	0	1	0	0	1	16
2013/09/20-03:20:22	50	1,498.58	61.431	1	0	0	0	0	0	1	1	0	0	1	3
2013/09/20-03:21:41	50	1,498.58	61.431	0	0	1	0	0	0	0	1	0	0	1	20
2013/09/20-03:22:20	50	1,498.58	61.431	0	0	1	0	0	0	0	1	0	0	1	6
2013/09/20-03:22:58	50	1,498.58	61.431	2	0	0	0	0	0	0	1	1	0	0	29
2013/09/20-03:23:45	50	1,498.58	61.431	0	0	1	0	0	0	0	1	0	0	1	6
2013/09/20-07:38:27	50	1,485.816	66.467	0	0	0	0	0	0	0	1	1	0	0	9
2013/09/20-07:38:55	50	1,485.816	66.467	0	0	1	0	0	0	0	1	0	0	1	7
2013/09/20-07:39:21	50	1,485.816	66.467	1	0	0	0	0	0	1	1	0	0	1	3
2013/09/20-07:40:01	50	1,485.816	66.467	0	0	0	0	0	0	0	1	1	0	0	60
2013/09/20-07:41:20	50	1,485.816	66.467	1	0	0	0	0	0	0	1	0	0	1	60
2013/09/20-08:11:12	50	1,501.653	63.476	0	0	0	0	0	0	0	1	1	0	0	31
2013/09/20-08:12:02	50	1,501.653	63.476	2	0	1	0	0	0	0	1	0	0	1	29
2013/09/20-08:12:50	50	1,501.653	63.476	1	0	1	0	0	0	0	1	0	0	1	7
2013/09/20-08:13:16	50	1,501.653	63.476	0	0	0	0	0	0	0	1	0	0	1	60
2013/09/20-08:14:35	50	1,501.653	63.476	0	0	1	0	0	0	0	1	0	0	1	9
2013/09/20-08:27:20	48	1,526.413	60.213	0	0	1	0	0	0	0	1	0	0	1	12
2013/09/20-08:28:40	48	1,526.413	60.213	1	0	0	0	0	0	1	1	0	0	1	5
2013/09/20-08:29:06	48	1,526.413	60.213	1	0	0	0	0	0	1	1	0	0	1	3
2013/09/20-08:29:28	48	1,526.413	60.213	0	0	1	0	0	0	0	1	0	0	1	8
2013/09/20-08:29:55	48	1,526.413	60.213	0	0	1	0	0	0	0	1	0	0	1	24
2013/09/20-12:01:19	51	1,506.927	64.162	0	0	1	0	0	0	0	1	0	0	1	35
2013/09/20-12:02:13	51	1,506.927	64.162	1	0	1	0	0	0	0	1	0	0	1	13
2013/09/20-12:03:32	51	1,506.927	64.162	2	0	0	0	3	0	0	1	1	0	0	19
2013/09/20-12:04:09	51	1,506.927	64.162	0	0	0	0	0	0	0	1	0	0	1	60
2013/09/20-12:05:28	51	1,506.927	64.162	0	0	1	0	0	0	0	1	0	0	1	16
2013/09/20-12:23:57	50	1,513.474	61.51	1	0	0	0	0	0	1	1	0	1	0	3
2013/09/20-12:24:20	50	1,513.474	61.51	0	0	1	0	0	0	0	1	0	0	1	15
2013/09/20-12:25:10	50	1,513.474	61.51	0	0	1	0	0	0	0	1	0	0	1	19
2013/09/20-12:25:48	50	1,513.474	61.51	0	0	0	0	0	0	0	1	1	0	0	23
2013/09/20-12:26:30	50	1,513.474	61.51	0	0	1	0	0	0	0	1	0	0	1	10
2013/09/20-12:34:06	50	1,513.474	61.51	2	0	1	0	0	0	0	1	0	0	1	51
2013/09/20-12:35:17	50	1,513.474	61.51	0	0	0	0	0	0	0	1	1	0	0	4
2013/09/20-12:35:40	50	1,513.474	61.51	0	0	1	0	0	0	0	1	0	0	1	21
2013/09/20-12:36:20	50	1,513.474	61.51	0	0	1	0	0	0	0	1	0	0	1	12
2013/09/20-12:37:58	50	1,513.474	61.51	0	0	1	0	0	0	0	1	0	0	1	8
2013/09/20-17:58:51	47	1,551.103	63.55	0	0	1	0	0	0	0	1	0	0	1	9
2013/09/20-18:00:11	47	1,551.103	63.55	0	0	0	0	0	0	0	1	1	0	0	60
2013/09/20-18:01:30	47	1,551.103	63.55	0	0	0	0	0	0	0	1	1	0	0	60
2013/09/20-18:02:48	47	1,551.103	63.55	1	0	0	0	1	0	0	1	1	0	0	60
2013/09/20-18:04:07	47	1,551.103	63.55	1	0	1	0	0	0	0	1	0	0	1	10
2013/09/20-18:16:10	45	1,563.867	60.913	0	0	0	0	0	0	0	1	1	0	0	15
2013/09/20-18:16:44	45	1,563.867	60.913	1	0	0	0	1	0	1	1	0	0	1	5
2013/09/20-18:17:09	45	1,563.867	60.913	1	0	0	0	1	0	0	1	1	0	0	13
2013/09/20-18:17:41	45	1,563.867	60.913	0	0	0	0	0	0	0	1	1	0	0	10
2013/09/20-18:18:10	45	1,563.867	60.913	0	0	0	0	0	0	0	1	1	0	0	6
2013/09/20-18:31:22	45	1,563.867	60.913	0	0	0	0	0	0	0	1	1	0	0	19
2013/09/20-18:32:00	45	1,563.867	60.913	0	0	1	0	0	0	0	1	0	0	1	23
2013/09/20-18:33:20	45	1,563.867	60.913	0	0	1	0	0	0	0	1	0	0	1	6
2013/09/20-18:33:45	45	1,563.867	60.913	0	0	1	0	0	0	0	1	0	0	1	6
2013/09/20-18:34:20	45	1,563.867	60.913	2	0	0	8	0	0	0	1	0	0	1	60
2013/12/27-12:45:35	50	1,551.428	84.093	5	0	0	0	0	0	0	1	1	0	0	18
2013/12/27-12:46:13	50	1,551.428	84.093	1	0	0	0	0	0	1	1	0	0	1	21
2013/12/27-12:47:32	50	1,551.428	84.093	6	0	0	0	0	0	0	1	0	0	1	60
2013/12/27-12:48:51	50	1,551.428	84.093	7	0	0	0	2	0	0	1	1	0	0	60
2013/12/27-12:50:10	50	1,551.428	84.093	1	0	0	0	0	0	1	1	0	0	1	17
2013/12/27-13:06:38	50	1,551.428	84.093	0	0	1	0	0	0	0	1	0	0	1	7
2013/12/27-13:07:06	50	1,551.428	84.093	0	0	1	0	0	0	0	1	0	0	1	6
2013/12/27-13:07:31	50	1,551.428	84.093	0	0	1	0	0	0	0	1	0	0	1	17
2013/12/27-13:08:08	54	1,528.448	74.499	7	0	0	0	0	0	0	1	1	0	0	60
2013/12/27-13:09:27	54	1,528.448	74.499	0	0	1	0	0	0	0	1	0	0	1	8
2013/12/27-13:22:49	54	1,528.448	74.499	0	0	0	0	0	0	0	1	0	0	1	60
2013/12/27-13:24:08	54	1,528.448	74.499	1	0	0	0	0	0	0	1	1	0	0	5
2013/12/27-13:24:32	54	1,528.448	74.499	0	0	1	0	0	0	0	1	0	0	1	6
2013/12/27-13:25:04	54	1,528.448	74.499	0	0	1	0	0	0	0	1	0	0	1	6
2013/12/27-13:25:32	54	1,528.448	74.499	0	0	1	0	0	0	0	1	0	0	1	25
2013/12/27-21:12:01	56	1,527.808	74.627	0	0	1	0	0	0	0	1	0	0	1	6
2013/12/27-21:12:41	56	1,527.808	74.627	1	0	0	0	0	0	1	1	0	0	1	5
2013/12/27-21:13:18	56	1,527.808	74.627	0	0	1	0	0	0	0	1	0	0	1	7
2013/12/27-21:13:55	56	1,527.808	74.627	0	0	1	0	0	0	0	1	0	0	1	8
2013/12/27-21:14:26	56	1,527.808	74.627	0	0	1	0	0	0	0	1	0	0	1	17
2013/12/27-21:28:45	58	1,518.229	69.931	1	0	1	0	0	0	0	1	0	0	1	16
2013/12/27-21:29:19	58	1,518.229	69.931	0	0	1	0	0	0	0	1	0	0	1	13
2013/12/27-21:29:52	58	1,518.229	69.931	2	0	0	0	1	0	0	1	1	0	0	37
2013/12/27-21:30:48	58	1,518.229	69.931	0	0	1	0	0	0	0	1	0	0	1	12
2013/12/27-21:31:43	58	1,518.229	69.931	0	0	1	0	0	0	0	1	0	0	1	6
2013/12/27-21:39:58	58	1,518.229	69.931	0	0	1	0	0	0	0	1	0	0	1	16
2013/12/27-21:40:32	58	1,518.229	69.931	1	0	0	0	1	0	0	1	1	0	0	46
2013/12/27-21:41:38	58	1,518.229	69.931	0	0	1	0	0	0	0	1	0	0	1	46
2013/12/27-21:42:43	58	1,518.229	69.931	1	0	1	0	0	0	0	1	0	0	1	29
2013/12/27-21:43:31	58	1,518.229	69.931	0	0	0	0	0	0	0	1	1	0	0	30
2013/12/28-10:58:27	54	1,553.327	83.153	3	0	1	0	0	0	0	1	0	0	1	24
2013/12/28-10:59:10	54	1,553.327	83.153	2	0	0	0	0	0	0	1	0	0	1	60
2013/12/28-11:00:29	54	1,553.327	83.153	0	0	1	0	0	0	0	1	0	0	1	6
2013/12/28-11:00:58	54	1,553.327	83.153	7	0	1	0	0	0	0	1	0	0	1	48
2013/12/28-11:02:04	54	1,553.327	83.153	0	0	1	0	0	0	0	1	0	0	1	8
2013/12/28-11:21:10	55	1,547.869	76.229	0	0	0	0	0	0	0	1	1	0	0	11
2013/12/28-11:21:40	55	1,547.869	76.229	1	0	0	0	0	0	1	1	0	0	1	14
2013/12/28-11:22:13	55	1,547.869	76.229	5	0	1	0	0	0	0	1	0	0	1	35
2013/12/28-11:23:23	55	1,547.869	76.229	4	0	0	0	1	0	1	1	0	0	1	38
2013/12/28-11:24:28	55	1,547.869	76.229	1	0	1	0	1	0	0	1	0	0	1	4
2013/12/28-11:39:36	55	1,547.869	76.229	2	0	0	0	0	0	1	1	0	0	1	26
2013/12/28-11:40:21	55	1,547.869	76.229	1	0	0	0	0	0	1	1	0	0	1	23
2013/12/28-11:41:07	55	1,547.869	76.229	0	0	1	0	0	0	0	1	1	0	0	3
2013/12/28-11:41:29	53	1,566.802	68.503	1	0	1	0	0	0	0	1	0	0	1	17
2013/12/28-11:42:48	53	1,566.802	68.503	8	0	0	0	0	0	0	1	1	0	0	60
2013/12/28-17:00:15	51	1,560.486	73.53	1	0	1	0	0	0	0	1	0	0	1	42
2013/12/28-17:01:16	50	1,562.592	72.426	2	0	0	0	1	0	0	1	1	0	0	22
2013/12/28-17:01:57	50	1,562.592	72.426	12	0	1	0	1	0	0	1	0	0	1	54
2013/12/28-17:03:16	50	1,562.592	72.426	1	0	0	0	0	0	0	1	1	0	0	25
2013/12/28-17:03:59	50	1,562.592	72.426	0	0	1	0	0	0	0	1	0	0	1	4
2013/12/28-17:15:23	50	1,562.592	72.426	1	0	1	0	0	0	0	1	0	0	1	25
2013/12/28-17:16:07	50	1,562.592	72.426	0	0	0	0	0	0	0	1	1	0	0	60
2013/12/28-17:17:26	50	1,562.592	72.426	4	0	0	1	0	0	1	1	0	0	1	34
2013/12/28-17:18:45	50	1,562.592	72.426	2	0	1	0	0	0	0	1	0	0	1	16
2013/12/28-17:19:29	50	1,562.592	72.426	0	0	1	0	0	0	0	1	0	0	1	6
2013/12/28-17:29:30	50	1,562.592	72.426	1	0	0	0	1	0	0	1	1	0	0	6
2013/12/28-17:29:56	50	1,562.592	72.426	2	0	0	0	0	0	0	1	1	0	0	31
2013/12/28-17:30:45	48	1,574.581	64.161	7	0	0	0	0	0	0	1	1	0	0	60
2013/12/28-17:32:04	48	1,574.581	64.161	2	0	1	1	0	0	0	1	0	0	1	54
2013/12/28-17:33:17	48	1,574.581	64.161	1	0	0	0	0	0	1	1	0	0	1	8
2013/12/29-01:05:12	50	1,564.853	73.12	0	0	1	0	0	0	0	1	0	0	1	17
2013/12/29-01:05:58	50	1,564.853	73.12	0	0	1	0	0	0	0	1	0	0	1	22
2013/12/29-01:06:45	50	1,564.853	73.12	2	0	0	2	0	0	0	1	0	0	1	60
2013/12/29-01:08:04	50	1,564.853	73.12	2	0	0	0	1	0	0	1	1	0	0	60
2013/12/29-01:09:23	50	1,564.853	73.12	0	0	0	0	0	0	0	1	1	0	0	3
2013/12/29-01:27:04	50	1,571.706	68.14	0	0	0	0	0	0	0	1	1	0	0	11
2013/12/29-01:27:33	50	1,571.706	68.14	0	0	1	0	0	0	0	1	0	0	1	3
2013/12/29-01:27:59	50	1,571.706	68.14	2	0	1	0	0	0	0	1	0	0	1	18
2013/12/29-01:28:38	50	1,571.706	68.14	1	0	0	0	0	0	0	1	1	0	0	12
2013/12/29-01:29:10	50	1,571.706	68.14	4	0	0	2	0	0	0	1	1	0	0	32
2013/12/29-01:46:49	50	1,571.706	68.14	1	0	1	0	0	0	0	1	0	0	1	24
2013/12/29-01:47:32	50	1,571.706	68.14	1	0	1	0	1	0	0	1	0	0	1	24
2013/12/29-01:48:15	50	1,571.706	68.14	0	0	1	0	0	0	0	1	0	0	1	12
2013/12/29-01:48:53	50	1,571.706	68.14	0	0	0	0	0	0	0	1	1	0	0	9
2013/12/29-01:49:22	50	1,571.706	68.14	0	0	1	0	0	0	0	1	0	0	1	4
2013/12/29-05:48:36	46	1,589.856	67.664	0	0	1	0	0	0	0	1	0	0	1	6
2013/12/29-05:49:03	46	1,589.856	67.664	1	0	0	0	1	0	1	1	0	0	1	5
2013/12/29-05:49:29	46	1,589.856	67.664	2	0	1	0	0	0	0	1	0	0	1	26
2013/12/29-05:50:14	46	1,589.856	67.664	4	0	0	1	0	0	0	1	1	0	0	60
2013/12/29-05:51:33	46	1,589.856	67.664	1	0	1	0	0	0	0	1	0	0	1	11
2013/12/29-06:05:00	46	1,584.575	63.454	0	0	1	0	0	0	0	1	0	0	1	17
2013/12/29-06:05:44	46	1,584.575	63.454	5	0	0	0	1	0	1	1	0	0	1	33
2013/12/29-06:07:03	46	1,584.575	63.454	9	0	0	0	0	0	1	1	0	0	1	43
2013/12/29-06:08:05	46	1,584.575	63.454	3	0	1	0	1	0	0	1	0	0	1	24
2013/12/29-06:08:48	46	1,584.575	63.454	1	0	1	0	0	0	0	1	0	0	1	16
2013/12/29-06:21:19	46	1,584.575	63.454	2	0	1	0	1	0	0	1	0	0	1	21
2013/12/29-06:21:59	46	1,584.575	63.454	1	0	0	0	0	0	0	1	1	0	0	3
2013/12/29-06:22:21	46	1,584.575	63.454	7	0	0	0	0	0	0	1	0	0	1	60
2013/12/29-06:23:40	46	1,584.575	63.454	8	0	0	0	0	0	0	1	0	0	1	60
2013/12/29-06:25:00	46	1,584.575	63.454	13	0	0	0	0	0	0	1	1	0	0	60
2013/12/29-10:42:41	45	1,600.034	65.297	2	0	0	2	0	0	0	1	1	0	0	29
2013/12/29-10:43:30	45	1,600.034	65.297	0	0	1	0	0	0	0	1	0	0	1	15
2013/12/29-10:44:04	45	1,600.034	65.297	1	0	1	0	0	0	0	1	0	0	1	37
2013/12/29-10:45:00	45	1,600.034	65.297	2	0	1	0	0	0	0	1	0	0	1	19
2013/12/29-10:45:38	45	1,600.034	65.297	0	0	1	1	0	0	0	1	0	0	1	19
2013/12/29-10:52:35	45	1,600.034	65.297	0	0	1	0	0	0	0	1	0	0	1	11
2013/12/29-10:53:17	45	1,600.034	65.297	0	0	1	0	0	0	0	1	0	0	1	17
2013/12/29-10:54:16	45	1,600.034	65.297	0	0	1	1	0	0	0	1	0	0	1	22
2013/12/29-10:55:08	45	1,600.034	65.297	1	0	0	0	0	0	0	1	0	0	1	60
2013/12/29-10:56:27	47	1,594.398	60.397	2	0	1	1	0	0	0	1	0	0	1	26
2013/12/29-11:08:05	47	1,594.398	60.397	1	0	1	0	0	0	0	1	0	0	1	30
2013/12/29-11:08:54	47	1,594.398	60.397	2	0	1	1	0	0	0	1	0	0	1	38
2013/12/29-11:09:58	47	1,594.398	60.397	0	0	1	1	0	0	0	1	0	0	1	15
2013/12/29-11:10:37	47	1,594.398	60.397	1	0	1	0	0	0	0	1	0	0	1	24
2013/12/29-11:11:41	47	1,594.398	60.397	1	0	1	0	0	0	0	1	0	0	1	22
2013/12/29-14:11:04	46	1,591.64	61.444	0	0	1	0	0	0	0	1	0	0	1	7
2013/12/29-14:11:55	46	1,591.64	61.444	1	0	1	1	0	0	0	1	0	0	1	15
2013/12/29-14:12:33	46	1,591.64	61.444	2	0	1	2	0	0	0	1	0	0	1	25
2013/12/29-14:13:17	46	1,591.64	61.444	0	0	1	0	0	0	0	1	0	0	1	8
2013/12/29-14:13:55	46	1,591.64	61.444	0	0	1	0	0	0	0	1	0	0	1	16
2013/12/29-14:18:19	46	1,591.64	61.444	0	0	1	0	0	0	0	1	0	0	1	15
2013/12/29-14:18:53	46	1,591.64	61.444	1	0	1	0	0	0	0	1	0	0	1	20
2013/12/29-14:19:31	46	1,591.64	61.444	0	0	1	0	0	0	0	1	0	0	1	15
2013/12/29-14:20:06	46	1,591.64	61.444	3	0	0	0	0	0	0	1	1	0	0	16
2013/12/29-14:20:41	46	1,591.64	61.444	0	0	0	0	0	0	0	1	1	0	0	11
2013/12/29-14:34:06	53	1,559.129	57.596	0	0	1	0	0	0	0	1	0	0	1	8
2013/12/29-14:34:33	53	1,559.129	57.596	5	0	1	3	0	0	0	1	0	0	1	35
2013/12/29-14:35:27	53	1,559.129	57.596	1	0	1	0	0	0	0	1	0	0	1	25
2013/12/29-14:36:18	53	1,559.129	57.596	5	0	1	1	1	0	0	1	0	0	1	35
2013/12/29-14:37:12	53	1,559.129	57.596	2	0	0	0	0	0	0	1	1	0	0	40
2013/12/29-22:03:39	52	1,569.953	60.784	3	0	1	0	0	0	0	1	0	0	1	53
2013/12/29-22:04:52	52	1,569.953	60.784	3	0	1	2	0	0	0	1	0	0	1	29
2013/12/29-22:06:11	52	1,569.953	60.784	2	0	1	0	0	0	0	1	0	0	1	29
2013/12/29-22:07:18	52	1,569.953	60.784	2	0	1	1	0	0	0	1	0	0	1	26
2013/12/29-22:08:37	52	1,569.953	60.784	0	0	1	0	0	0	0	1	0	0	1	49
2013/12/29-22:25:57	51	1,560.693	57.807	0	0	1	0	0	0	0	1	0	0	1	13
2013/12/29-22:26:38	51	1,560.693	57.807	0	0	1	1	0	0	0	1	0	0	1	32
2013/12/29-22:27:29	51	1,560.693	57.807	9	0	1	0	0	0	0	1	0	0	1	49
2013/12/29-22:28:37	51	1,560.693	57.807	1	0	1	0	1	0	0	1	0	0	1	17
2013/12/29-22:29:26	51	1,560.693	57.807	2	0	1	0	0	0	0	1	0	0	1	18
2013/12/29-22:40:36	51	1,560.693	57.807	7	0	1	0	1	0	0	1	0	0	1	55
2013/12/29-22:41:50	51	1,560.693	57.807	2	0	1	1	1	0	0	1	0	0	1	23
2013/12/29-22:43:09	51	1,560.693	57.807	12	0	0	0	0	0	0	1	1	0	0	60
2013/12/29-22:44:28	51	1,560.693	57.807	3	0	0	1	0	0	0	1	0	0	1	60
2013/12/29-22:45:46	51	1,560.693	57.807	1	0	0	0	0	0	0	1	1	0	0	10
2013/12/30-02:41:34	50	1,558.185	58.575	4	0	0	0	0	0	0	1	0	0	1	60
2013/12/30-02:42:54	50	1,558.185	58.575	16	0	0	0	0	0	0	1	0	0	1	60
2013/12/30-02:44:12	50	1,558.185	58.575	2	0	0	2	0	0	0	1	0	0	1	60
2013/12/30-02:45:32	50	1,558.185	58.575	3	0	0	3	0	0	0	1	1	0	0	30
2013/12/30-02:46:21	50	1,558.185	58.575	2	0	1	1	0	0	0	1	0	0	1	24
2013/12/30-03:07:12	51	1,561.869	55.781	2	0	1	0	0	0	0	1	0	0	1	25
2013/12/30-03:07:56	51	1,561.869	55.781	7	0	1	0	0	0	0	1	0	0	1	32
2013/12/30-03:08:47	51	1,561.869	55.781	8	0	1	3	0	0	0	1	0	0	1	57
2013/12/30-03:10:02	51	1,561.869	55.781	0	0	1	0	0	0	0	1	0	0	1	6
2013/12/30-03:10:45	51	1,561.869	55.781	2	0	1	0	0	0	0	1	0	0	1	17
2013/12/30-03:26:40	51	1,561.869	55.781	2	0	1	0	0	0	0	1	0	0	1	30
2013/12/30-03:27:52	51	1,561.869	55.781	3	0	1	0	0	0	0	1	0	0	1	40
2013/12/30-03:28:51	51	1,561.869	55.781	3	0	1	1	0	0	0	1	0	0	1	35
2013/12/30-03:30:11	51	1,561.869	55.781	2	0	1	0	0	0	0	1	0	0	1	32
2013/12/30-03:31:30	51	1,561.869	55.781	8	0	0	0	0	0	0	1	1	0	0	32
2013/12/30-10:00:33	50	1,558.484	61.958	3	0	1	1	0	0	0	1	0	0	1	21
2013/12/30-10:01:34	50	1,558.484	61.958	0	0	1	1	0	0	0	1	0	0	1	43
2013/12/30-10:02:42	50	1,558.484	61.958	2	0	1	0	0	0	0	1	0	0	1	20
2013/12/30-10:03:28	50	1,558.484	61.958	1	0	1	0	0	0	0	1	0	0	1	20
2013/12/30-10:04:14	50	1,558.484	61.958	5	0	0	2	0	0	1	1	0	0	1	38
2013/12/30-10:16:07	53	1,544.763	58.78	17	0	0	0	1	0	0	1	1	0	0	60
2013/12/30-10:17:26	53	1,544.763	58.78	3	0	0	1	0	0	0	1	0	0	1	60
2013/12/30-10:18:45	53	1,544.763	58.78	1	0	1	0	0	0	0	1	0	0	1	20
2013/12/30-10:19:23	53	1,544.763	58.78	5	0	0	0	1	0	0	1	1	0	0	32
2013/12/30-10:20:14	53	1,544.763	58.78	3	0	0	0	1	0	0	1	1	0	0	60
2013/12/30-10:40:43	53	1,544.763	58.78	5	0	0	1	0	0	0	1	1	0	0	23
2013/12/30-10:41:25	53	1,544.763	58.78	1	0	1	1	0	0	0	1	0	0	1	28
2013/12/30-10:42:12	53	1,544.763	58.78	2	0	0	0	1	0	0	1	1	0	0	36
2013/12/30-10:43:07	53	1,544.763	58.78	1	0	1	0	0	0	0	1	0	0	1	40
2013/12/30-10:44:14	53	1,544.763	58.78	12	0	0	0	1	0	0	1	1	0	0	60
2013/12/30-15:08:55	46	1,583.643	61.322	16	0	0	0	0	0	0	1	0	0	1	60
2013/12/30-15:10:15	46	1,583.643	61.322	2	0	0	1	0	0	0	1	0	0	1	60
2013/12/30-15:11:33	46	1,583.643	61.322	1	0	1	2	0	0	0	1	0	0	1	19
2013/12/30-15:12:11	46	1,583.643	61.322	2	0	1	1	0	0	0	1	0	0	1	44
2013/12/30-15:13:14	46	1,583.643	61.322	0	0	1	0	0	0	0	1	0	0	1	8
2013/12/30-15:24:27	46	1,583.643	61.322	1	0	1	1	0	0	0	1	0	0	1	32
2013/12/30-15:25:21	46	1,583.643	61.322	1	0	1	0	0	0	0	1	0	0	1	32
2013/12/30-15:26:40	46	1,583.643	61.322	1	0	1	0	0	0	0	1	0	0	1	37
2013/12/30-15:27:58	46	1,583.643	61.322	7	0	1	0	0	0	0	1	0	0	1	40
2013/12/30-15:29:06	46	1,583.643	61.322	3	0	1	0	0	0	0	1	0	0	1	30
2013/12/30-15:43:48	50	1,563.829	56.736	6	0	1	0	0	0	0	1	0	0	1	31
2013/12/30-15:44:53	50	1,563.829	56.736	0	0	1	0	0	0	0	1	0	0	1	13
2013/12/30-15:46:06	50	1,563.829	56.736	3	0	0	2	0	0	0	1	0	0	1	60
2013/12/30-15:47:25	50	1,563.829	56.736	2	0	1	2	0	0	0	1	0	0	1	30
2013/12/30-15:48:27	50	1,563.829	56.736	0	0	1	0	0	0	0	1	0	0	1	13
2013/12/30-18:21:17	51	1,544.822	56.671	13	0	0	1	0	0	0	1	0	0	1	60
2013/12/30-18:22:37	51	1,544.822	56.671	8	0	0	1	1	0	0	1	1	0	0	60
2013/12/30-18:23:56	51	1,544.822	56.671	6	0	1	1	0	0	0	1	0	0	1	31
2013/12/30-18:25:00	51	1,544.822	56.671	0	0	0	0	0	0	0	1	0	0	1	60
2013/12/30-18:26:19	51	1,544.822	56.671	6	0	0	2	1	0	0	1	1	0	0	60
2013/12/30-18:49:42	51	1,554.572	54.12	10	0	0	1	1	0	0	1	1	0	0	60
2013/12/30-18:51:01	51	1,554.572	54.12	1	0	1	1	0	0	0	1	0	0	1	42
2013/12/30-18:52:20	51	1,554.572	54.12	6	0	1	1	0	0	0	1	0	0	1	35
2013/12/30-18:53:39	51	1,554.572	54.12	0	0	1	0	0	0	0	1	0	0	1	8
2013/12/30-18:54:16	51	1,554.572	54.12	8	0	0	0	1	0	0	1	1	0	0	60
2013/12/30-19:12:01	51	1,554.572	54.12	3	0	1	1	0	0	0	1	0	0	1	24
2013/12/30-19:12:58	51	1,554.572	54.12	3	0	1	1	0	0	0	1	0	0	1	29
2013/12/30-19:14:00	51	1,554.572	54.12	1	0	1	1	0	0	0	1	0	0	1	15
2013/12/30-19:15:02	51	1,554.572	54.12	2	0	1	0	0	0	0	1	0	0	1	30
2013/12/30-19:15:51	51	1,554.572	54.12	2	0	1	2	0	0	0	1	0	0	1	59
2013/12/31-12:45:31	56	1,534.067	77.12	4	0	1	0	0	0	0	1	0	0	1	52
2013/12/31-12:46:43	56	1,534.067	77.12	1	0	1	0	0	0	0	1	0	0	1	25
2013/12/31-12:47:43	56	1,534.067	77.12	0	0	1	0	0	0	0	1	0	0	1	10
2013/12/31-12:48:52	56	1,534.067	77.12	0	0	1	0	0	0	0	1	0	0	1	15
2013/12/31-12:49:37	56	1,534.067	77.12	0	0	1	0	0	0	0	1	0	0	1	18
2013/12/31-12:56:27	56	1,534.067	77.12	1	0	1	0	1	0	0	1	0	0	1	5
2013/12/31-12:57:46	56	1,534.067	77.12	7	0	0	3	0	0	0	1	1	0	0	60
2013/12/31-12:59:05	56	1,534.067	77.12	0	0	1	0	0	0	0	1	0	0	1	8
2013/12/31-12:59:32	56	1,534.067	77.12	0	0	0	0	0	0	0	1	1	0	0	60
2013/12/31-13:00:51	56	1,534.067	77.12	4	0	0	0	0	0	0	1	1	0	0	33
2013/12/31-13:14:43	56	1,534.067	77.12	4	0	0	0	1	0	0	1	1	0	0	28
2013/12/31-13:15:30	56	1,534.067	77.12	9	0	0	0	1	0	0	1	1	0	0	60
2013/12/31-13:16:49	56	1,534.067	77.12	0	0	1	0	0	0	0	1	0	0	1	7
2013/12/31-13:17:15	56	1,534.067	77.12	2	0	0	0	0	0	0	1	1	0	0	11
2013/12/31-13:17:44	44	1,605.621	66.906	1	0	1	0	0	0	0	1	0	0	1	14
2013/12/31-16:52:28	43	1,607.325	71.307	1	0	0	0	0	0	1	1	0	0	1	3
2013/12/31-16:53:40	43	1,607.325	71.307	0	0	1	0	0	0	0	1	0	0	1	18
2013/12/31-16:54:16	43	1,607.325	71.307	2	0	0	0	0	0	0	1	1	0	0	22
2013/12/31-16:54:57	43	1,607.325	71.307	1	0	1	0	1	0	0	1	0	0	1	8
2013/12/31-16:56:08	43	1,607.325	71.307	2	0	1	0	0	0	0	1	0	0	1	15
2013/12/31-17:18:35	43	1,607.325	71.307	1	0	0	0	1	0	1	1	0	0	1	5
2013/12/31-17:19:53	44	1,596.049	66.288	2	0	0	0	0	0	0	1	1	0	0	37
2013/12/31-17:20:50	44	1,596.049	66.288	1	0	1	0	0	0	0	1	0	0	1	13
2013/12/31-17:21:35	44	1,596.049	66.288	4	0	0	12	0	0	0	1	1	0	0	56
2013/12/31-17:22:50	44	1,596.049	66.288	5	0	0	0	0	0	0	1	1	0	0	60
2013/12/31-17:37:22	44	1,596.049	66.288	1	0	1	1	0	0	0	1	0	0	1	23
2013/12/31-17:38:13	44	1,596.049	66.288	3	0	1	0	0	0	0	1	0	0	1	47
2013/12/31-17:39:32	44	1,596.049	66.288	2	0	1	0	0	0	0	1	0	0	1	44
2013/12/31-17:40:51	44	1,596.049	66.288	2	0	1	0	0	0	0	1	0	0	1	18
2013/12/31-17:41:28	44	1,596.049	66.288	5	0	1	0	1	0	0	1	0	0	1	43
2013/12/31-20:56:47	41	1,620.204	65.741	5	0	1	0	1	0	0	1	0	0	1	55
2013/12/31-20:58:00	41	1,620.204	65.741	5	0	0	0	0	0	0	1	1	0	0	60
2013/12/31-20:59:19	41	1,620.204	65.741	0	0	1	0	0	0	0	1	0	0	1	8
2013/12/31-20:59:47	41	1,620.204	65.741	8	0	1	0	1	0	0	1	0	0	1	58
2013/12/31-21:01:04	41	1,620.204	65.741	0	0	1	0	0	0	0	1	0	0	1	4
2013/12/31-21:17:47	46	1,601.054	62.254	16	0	0	0	0	0	0	1	1	0	0	60
2013/12/31-21:19:06	46	1,601.054	62.254	1	0	1	0	0	0	0	1	0	0	1	13
2013/12/31-21:19:47	46	1,601.054	62.254	0	0	1	0	0	0	0	1	0	0	1	23
2013/12/31-21:20:30	46	1,601.054	62.254	0	0	1	0	0	0	0	1	0	0	1	4
2013/12/31-21:20:59	46	1,601.054	62.254	0	0	1	0	0	0	0	1	0	0	1	3
2013/12/31-21:32:33	46	1,601.054	62.254	0	0	1	0	0	0	0	1	0	0	1	10
2013/12/31-21:33:31	46	1,601.054	62.254	1	0	1	0	0	0	0	1	0	0	1	9
2013/12/31-21:33:59	46	1,601.054	62.254	0	0	1	0	0	0	0	1	0	0	1	8
2013/12/31-21:35:11	46	1,601.054	62.254	0	0	1	0	0	0	0	1	0	0	1	6
2013/12/31-21:35:39	46	1,601.054	62.254	1	0	1	0	0	0	0	1	0	0	1	17
2014/01/01-01:10:16	48	1,593.461	63.567	1	0	1	0	0	0	0	1	0	0	1	47
2014/01/01-01:11:21	48	1,593.461	63.567	0	0	1	0	0	0	0	1	0	0	1	4
2014/01/01-01:12:15	48	1,593.461	63.567	2	0	1	0	0	0	0	1	0	0	1	19
2014/01/01-01:12:52	48	1,593.461	63.567	2	0	0	0	1	0	0	1	1	0	0	6
2014/01/01-01:13:17	48	1,593.461	63.567	1	0	1	0	0	0	0	1	0	0	1	4
2014/01/01-01:20:46	48	1,593.461	63.567	5	0	1	0	1	0	0	1	0	0	1	35
2014/01/01-01:21:40	48	1,593.461	63.567	2	0	1	0	0	0	0	1	0	0	1	51
2014/01/01-01:22:51	48	1,593.461	63.567	0	0	1	0	0	0	0	1	0	0	1	7
2014/01/01-01:23:19	48	1,593.461	63.567	0	0	1	0	0	0	0	1	0	0	1	13
2014/01/01-01:24:11	48	1,593.461	63.567	1	0	1	0	0	0	0	1	0	0	1	21
2014/01/01-01:35:41	48	1,593.461	63.567	0	0	1	0	0	0	0	1	0	0	1	7
2014/01/01-01:36:17	53	1,560.573	57.952	2	0	0	2	0	0	0	1	1	0	0	17
2014/01/01-01:36:52	53	1,560.573	57.952	1	0	1	0	0	0	0	1	0	0	1	18
2014/01/01-01:37:29	53	1,560.573	57.952	0	0	1	0	0	0	0	1	0	0	1	6
2014/01/01-01:38:01	53	1,560.573	57.952	0	0	1	0	0	0	0	1	0	0	1	6
2014/01/01-05:18:13	45	1,583.034	61.912	0	0	1	0	0	0	0	1	0	0	1	14
2014/01/01-05:18:45	45	1,583.034	61.912	3	0	1	0	1	0	0	1	0	0	1	37
2014/01/01-05:19:41	45	1,583.034	61.912	3	0	1	0	1	0	0	1	0	0	1	34
2014/01/01-05:20:34	45	1,583.034	61.912	1	0	1	0	0	0	0	1	0	0	1	6
2014/01/01-05:21:40	45	1,583.034	61.912	2	0	1	0	1	0	0	1	0	0	1	8
2014/01/01-05:30:00	45	1,583.034	61.912	0	0	1	0	0	0	0	1	0	0	1	16
2014/01/01-05:30:53	45	1,583.034	61.912	1	0	0	0	1	0	0	1	1	0	0	10
2014/01/01-05:31:22	45	1,583.034	61.912	0	0	0	0	0	0	0	1	1	0	0	6
2014/01/01-05:31:47	45	1,583.034	61.912	4	0	1	0	0	0	0	1	0	0	1	28
2014/01/01-05:33:05	45	1,583.034	61.912	1	0	1	0	0	0	0	1	0	0	1	9
2014/01/01-05:48:38	45	1,588.019	57.383	1	0	0	0	0	0	1	1	0	0	1	31
2014/01/01-05:49:57	45	1,588.019	57.383	1	0	1	0	0	0	0	1	0	0	1	8
2014/01/01-05:50:26	45	1,588.019	57.383	1	0	0	0	0	0	0	1	1	0	0	14
2014/01/01-05:50:59	45	1,588.019	57.383	3	0	1	0	1	0	0	1	0	0	1	18
2014/01/01-05:52:18	45	1,588.019	57.383	0	0	1	0	0	0	0	1	0	0	1	26
2014/01/01-09:54:25	44	1,603.737	62.142	0	0	1	0	0	0	0	1	0	0	1	7
2014/01/01-09:54:51	44	1,603.737	62.142	0	0	1	0	0	0	0	1	0	0	1	4
2014/01/01-09:55:31	44	1,603.737	62.142	2	0	0	0	0	0	1	1	0	0	1	51
2014/01/01-09:56:41	44	1,603.737	62.142	0	0	0	0	0	0	0	1	1	0	0	11
2014/01/01-09:57:10	44	1,603.737	62.142	0	0	1	1	0	0	0	1	0	0	1	13
2014/01/01-10:26:26	43	1,608.443	58.89	0	0	1	0	0	0	0	1	0	0	1	14
2014/01/01-10:26:58	43	1,608.443	58.89	7	0	0	3	0	0	0	1	1	0	0	60
2014/01/01-10:28:17	43	1,608.443	58.89	1	0	0	0	0	0	0	1	1	0	0	60
2014/01/01-10:29:36	43	1,608.443	58.89	1	0	1	0	0	0	0	1	0	0	1	4
2014/01/01-10:30:15	43	1,608.443	58.89	2	0	1	0	0	0	0	1	0	0	1	18
2014/01/01-10:40:46	43	1,607.539	56.257	10	0	0	0	0	0	0	1	1	0	0	50
2014/01/01-10:41:56	43	1,607.539	56.257	15	0	0	0	1	0	0	1	1	0	0	60
2014/01/01-10:43:15	43	1,607.539	56.257	0	0	1	0	0	0	0	1	0	0	1	15
2014/01/01-10:44:05	43	1,607.539	56.257	1	0	0	0	0	0	0	1	0	0	1	60
2014/01/01-10:45:24	43	1,607.539	56.257	4	0	0	0	0	0	0	1	1	0	0	18
2014/01/01-14:23:44	42	1,618.714	59.965	0	0	1	0	0	0	0	1	0	0	1	13
2014/01/01-14:24:16	42	1,618.714	59.965	0	0	1	0	0	0	0	1	0	0	1	6
2014/01/01-14:24:42	42	1,618.714	59.965	7	0	0	0	1	0	0	1	1	0	0	60
2014/01/01-14:26:01	42	1,618.714	59.965	1	0	0	0	1	0	1	1	0	0	1	5
2014/01/01-14:26:41	42	1,618.714	59.965	2	0	1	0	1	0	0	1	0	0	1	8
2014/01/01-14:33:02	42	1,618.714	59.965	0	0	1	0	0	0	0	1	0	0	1	15
2014/01/01-14:33:44	42	1,618.714	59.965	1	0	0	0	1	0	1	1	0	0	1	5
2014/01/01-14:34:11	42	1,618.714	59.965	2	0	0	0	0	0	1	1	0	0	1	23
2014/01/01-14:35:30	42	1,618.714	59.965	6	0	1	4	0	0	0	1	0	0	1	41
2014/01/01-14:36:40	42	1,618.714	59.965	0	0	1	0	0	0	0	1	0	0	1	4
2014/01/01-14:46:25	51	1,567.252	55.979	1	0	1	0	0	0	0	1	0	0	1	13
2014/01/01-14:46:57	51	1,567.252	55.979	1	0	0	0	1	0	1	1	0	0	1	5
2014/01/01-14:47:21	51	1,567.252	55.979	6	0	0	1	0	0	0	1	1	0	0	28
2014/01/01-14:48:08	51	1,567.252	55.979	1	0	0	0	0	0	0	1	1	0	0	17
2014/01/01-14:48:44	51	1,567.252	55.979	1	0	0	0	0	0	0	1	1	0	0	38
2014/01/02-00:34:31	49	1,571.417	62.13	0	0	1	0	0	0	0	1	0	0	1	4
2014/01/02-00:34:59	49	1,571.417	62.13	0	0	0	0	0	0	0	1	1	0	0	60
2014/01/02-00:36:18	49	1,571.417	62.13	1	0	0	0	0	0	0	1	1	0	0	60
2014/01/02-00:37:37	49	1,571.417	62.13	1	0	0	0	1	0	1	1	0	0	1	5
2014/01/02-00:38:01	49	1,571.417	62.13	2	0	0	0	0	0	0	1	1	0	0	60
2014/01/02-00:42:13	49	1,571.417	62.13	5	0	0	0	0	0	0	1	1	0	0	42
2014/01/02-00:43:14	49	1,571.417	62.13	2	0	1	0	0	0	0	1	0	0	1	33
2014/01/02-00:44:07	49	1,571.417	62.13	5	0	1	0	1	0	0	1	0	0	1	38
2014/01/02-00:45:09	49	1,571.417	62.13	1	0	1	0	1	0	0	1	0	0	1	24
2014/01/02-00:46:28	49	1,571.417	62.13	1	0	1	0	1	0	0	1	0	0	1	8
2014/01/02-00:57:38	49	1,571.417	62.13	2	0	0	0	1	0	0	1	1	0	0	36
2014/01/02-00:58:33	49	1,571.417	62.13	10	0	1	0	0	0	0	1	0	0	1	45
2014/01/02-00:59:37	49	1,571.417	62.13	0	0	0	0	0	0	0	1	1	0	0	8
2014/01/02-01:00:04	49	1,571.417	62.13	7	0	0	0	2	0	0	1	1	0	0	34
2014/01/02-01:00:57	49	1,571.417	62.13	1	0	0	0	1	0	1	1	0	0	1	5
2014/01/02-05:36:02	53	1,551.454	64.642	0	0	1	0	0	0	0	1	0	0	1	3
2014/01/02-05:36:29	53	1,551.454	64.642	0	0	0	0	0	0	0	1	1	0	0	60
2014/01/02-05:37:48	53	1,551.454	64.642	3	0	0	0	2	0	0	1	1	0	0	10
2014/01/02-05:38:17	53	1,551.454	64.642	2	0	1	0	0	0	0	1	0	0	1	49
2014/01/02-05:39:24	53	1,551.454	64.642	2	0	1	1	0	0	0	1	0	0	1	35
2014/01/02-05:58:02	49	1,568.627	61.194	2	0	1	0	0	0	0	1	0	0	1	20
2014/01/02-05:58:41	49	1,568.627	61.194	0	0	1	0	0	0	0	1	0	0	1	17
2014/01/02-05:59:23	49	1,568.627	61.194	1	0	1	0	0	0	0	1	0	0	1	21
2014/01/02-06:00:09	49	1,568.627	61.194	2	0	1	0	0	0	0	1	0	0	1	16
2014/01/02-06:00:44	49	1,568.627	61.194	2	0	1	0	0	0	0	1	0	0	1	20
2014/01/02-06:14:19	49	1,568.627	61.194	12	0	1	0	1	0	0	1	0	0	1	41
2014/01/02-06:15:21	49	1,568.627	61.194	0	0	1	0	0	0	0	1	0	0	1	20
2014/01/02-06:16:40	49	1,568.627	61.194	0	0	1	0	0	0	0	1	0	0	1	7
2014/01/02-06:17:43	49	1,568.627	61.194	2	0	1	0	1	0	0	1	0	0	1	13
2014/01/02-06:18:15	49	1,568.627	61.194	4	0	1	0	0	0	0	1	0	0	1	22
2014/01/02-10:30:05	55	1,540.563	63.341	0	0	1	0	0	0	0	1	0	0	1	10
2014/01/02-10:30:34	55	1,540.563	63.341	5	0	0	0	0	0	0	1	1	0	0	60
2014/01/02-10:31:54	55	1,540.563	63.341	0	0	0	0	0	0	0	1	1	0	0	6
2014/01/02-10:32:19	55	1,540.563	63.341	0	0	1	0	0	0	0	1	0	0	1	6
2014/01/02-10:32:53	55	1,540.563	63.341	2	0	1	0	0	0	0	1	0	0	1	26
2014/01/02-10:52:22	55	1,540.563	63.341	0	0	1	0	0	0	0	1	0	0	1	13
2014/01/02-10:53:29	55	1,540.563	63.341	1	0	1	0	0	0	0	1	0	0	1	12
2014/01/02-10:54:00	55	1,540.563	63.341	0	0	1	1	0	0	0	1	0	0	1	43
2014/01/02-10:55:03	55	1,540.563	63.341	0	0	1	0	0	0	0	1	0	0	1	25
2014/01/02-10:55:47	55	1,540.563	63.341	0	0	1	0	0	0	0	1	0	0	1	4
2014/01/02-11:09:19	52	1,550.809	57.944	5	0	0	0	0	0	0	1	1	0	0	50
2014/01/02-11:10:28	52	1,550.809	57.944	0	0	1	0	0	0	0	1	0	0	1	7
2014/01/02-11:11:02	52	1,550.809	57.944	4	0	1	1	0	0	0	1	0	0	1	29
2014/01/02-11:11:51	52	1,550.809	57.944	0	0	1	0	0	0	0	1	0	0	1	3
2014/01/02-11:12:27	52	1,550.809	57.944	1	0	1	0	0	0	0	1	0	0	1	15
2014/01/02-14:51:50	51	1,558.431	61.48	2	0	1	0	0	0	0	1	0	0	1	8
2014/01/02-14:52:18	51	1,558.431	61.48	0	0	1	0	0	0	0	1	0	0	1	5
2014/01/02-14:52:46	51	1,558.431	61.48	1	0	1	0	0	0	0	1	0	0	1	26
2014/01/02-14:53:31	51	1,558.431	61.48	3	0	1	0	0	0	0	1	0	0	1	23
2014/01/02-14:54:13	51	1,558.431	61.48	6	0	1	1	0	0	0	1	0	0	1	46
2014/01/02-15:10:32	54	1,550.5	59.01	0	0	1	0	0	0	0	1	0	0	1	3
2014/01/02-15:10:55	54	1,550.5	59.01	2	0	0	0	2	0	0	1	1	0	0	41
2014/01/02-15:11:55	54	1,550.5	59.01	2	0	0	0	3	0	0	1	1	0	0	28
2014/01/02-15:12:42	54	1,550.5	59.01	2	0	1	0	0	0	0	1	0	0	1	18
2014/01/02-15:13:25	54	1,550.5	59.01	3	0	1	7	0	0	0	1	0	0	1	25
2014/01/02-15:22:36	54	1,550.5	59.01	3	0	1	3	0	0	0	1	0	0	1	40
2014/01/02-15:23:35	54	1,550.5	59.01	0	0	1	0	0	0	0	1	0	0	1	23
2014/01/02-15:24:16	54	1,550.5	59.01	0	0	1	0	0	0	0	1	0	0	1	16
2014/01/02-15:25:06	54	1,550.5	59.01	0	0	1	0	0	0	0	1	0	0	1	6
2014/01/02-15:25:30	54	1,550.5	59.01	1	0	1	0	0	0	0	1	0	0	1	23
2014/01/02-22:57:26	46	1,585.386	63.133	6	0	0	2	0	0	1	1	0	0	1	36
2014/01/02-22:58:46	46	1,585.386	63.133	1	0	0	0	0	0	1	1	0	0	1	5
2014/01/02-22:59:13	46	1,585.386	63.133	0	0	1	0	0	0	0	1	0	0	1	19
2014/01/02-23:00:32	46	1,585.386	63.133	1	0	1	0	0	0	0	1	0	0	1	13
2014/01/02-23:01:06	46	1,585.386	63.133	3	0	1	0	0	0	0	1	0	0	1	20
2014/01/02-23:02:09	46	1,585.386	63.133	15	0	0	0	0	0	0	1	1	0	0	60
2014/01/02-23:03:28	46	1,585.386	63.133	0	0	1	0	0	0	0	1	0	0	1	3
2014/01/02-23:03:52	46	1,585.386	63.133	5	0	1	0	1	0	0	1	0	0	1	32
2014/01/02-23:04:43	46	1,585.386	63.133	0	0	1	0	0	0	0	1	0	0	1	10
2014/01/02-23:05:26	46	1,585.386	63.133	0	0	1	0	0	0	0	1	0	0	1	3
2014/01/02-23:19:19	54	1,541.512	57.76	7	0	0	0	0	0	0	1	1	0	0	60
2014/01/02-23:20:38	54	1,541.512	57.76	11	0	0	3	0	0	0	1	1	0	0	60
2014/01/02-23:21:57	54	1,541.512	57.76	1	0	1	0	0	0	0	1	0	0	1	10
2014/01/02-23:22:29	54	1,541.512	57.76	18	0	0	0	0	0	0	1	0	0	1	60
2014/01/02-23:23:48	54	1,541.512	57.76	0	0	0	0	0	0	0	1	0	0	1	60
2014/01/03-03:00:21	54	1,536.648	62.081	0	0	1	0	0	0	0	1	0	0	1	14
2014/01/03-03:00:55	54	1,536.648	62.081	2	0	1	0	0	0	0	1	0	0	1	37
2014/01/03-03:01:55	54	1,536.648	62.081	8	0	1	0	0	0	0	1	0	0	1	46
2014/01/03-03:03:01	54	1,536.648	62.081	1	0	1	0	1	0	0	1	0	0	1	9
2014/01/03-03:03:29	54	1,536.648	62.081	1	0	1	0	1	0	0	1	0	0	1	4
2014/01/03-03:14:59	54	1,536.648	62.081	1	0	1	0	1	0	0	1	1	0	0	4
2014/01/03-03:15:22	54	1,536.648	62.081	1	0	0	0	0	0	0	1	1	0	0	17
2014/01/03-03:15:58	54	1,536.648	62.081	0	0	1	0	0	0	0	1	0	0	1	18
2014/01/03-03:16:40	54	1,536.648	62.081	2	0	1	0	0	0	0	1	0	0	1	19
2014/01/03-03:17:18	54	1,536.648	62.081	3	0	0	0	0	0	1	1	0	0	1	18
2014/01/03-03:31:55	54	1,535.395	57.425	2	0	0	0	2	0	0	1	1	0	0	12
2014/01/03-03:32:25	54	1,535.395	57.425	1	0	0	0	0	0	0	1	1	0	0	8
2014/01/03-03:32:52	54	1,535.395	57.425	0	0	0	0	0	0	0	1	1	0	0	8
2014/01/03-03:33:19	54	1,535.395	57.425	1	0	0	0	1	0	1	1	0	0	1	5
2014/01/03-03:33:45	54	1,535.395	57.425	0	0	0	0	0	0	0	1	1	0	0	8
2014/01/03-08:12:18	54	1,531.035	65.008	1	0	0	0	2	0	0	1	1	0	0	13
2014/01/03-08:12:50	54	1,531.035	65.008	0	0	1	0	0	0	0	1	0	0	1	6
2014/01/03-08:13:24	54	1,531.035	65.008	0	0	1	0	0	0	0	1	0	0	1	6
2014/01/03-08:14:03	54	1,531.035	65.008	1	0	1	0	0	0	0	1	0	0	1	19
2014/01/03-08:14:41	54	1,531.035	65.008	1	0	1	1	0	0	0	1	0	0	1	21
2014/01/03-08:33:05	54	1,531.035	65.008	0	0	1	0	0	0	0	1	0	0	1	6
2014/01/03-08:33:46	54	1,531.035	65.008	1	0	1	0	0	0	0	1	0	0	1	9
2014/01/03-08:34:30	54	1,531.035	65.008	1	0	1	0	0	0	0	1	0	0	1	23
2014/01/03-08:35:17	54	1,531.035	65.008	0	0	1	0	0	0	0	1	0	0	1	4
2014/01/03-08:35:52	54	1,530.028	59.776	2	0	1	1	0	0	0	1	0	0	1	35
2014/01/03-08:50:09	54	1,530.028	59.776	0	0	1	0	0	0	0	1	0	0	1	5
2014/01/03-08:50:34	54	1,530.028	59.776	2	0	1	0	0	0	0	1	0	0	1	9
2014/01/03-08:51:02	54	1,530.028	59.776	3	0	1	0	0	0	0	1	0	0	1	29
2014/01/03-08:51:50	54	1,530.028	59.776	0	0	0	0	0	0	0	1	1	0	0	60
2014/01/03-08:53:09	54	1,530.028	59.776	2	0	1	0	0	0	0	1	0	0	1	18
2014/01/04-13:45:10	53	1,536.473	65.008	0	0	1	0	0	0	0	1	0	0	1	7
2014/01/04-13:46:29	53	1,536.473	65.008	0	0	1	0	0	0	0	1	0	0	1	6
2014/01/04-13:47:01	53	1,536.473	65.008	0	0	1	0	0	0	0	1	0	0	1	4
2014/01/04-13:47:27	53	1,536.473	65.008	0	0	0	0	0	0	0	1	1	0	0	7
2014/01/04-13:47:53	53	1,536.473	65.008	2	0	0	0	0	0	0	1	1	0	0	13
2014/01/04-13:58:36	53	1,536.473	65.008	3	0	1	0	0	0	0	1	0	0	1	58
2014/01/04-13:59:55	53	1,536.473	65.008	0	0	1	0	0	0	0	1	0	0	1	4
2014/01/04-14:00:43	53	1,536.473	65.008	1	0	1	0	0	0	0	1	0	0	1	12
2014/01/04-14:01:14	53	1,536.473	65.008	1	0	0	0	0	0	1	1	0	0	1	4
2014/01/04-14:02:33	53	1,536.473	65.008	4	0	1	0	0	0	0	1	0	0	1	49
2014/01/04-14:15:39	54	1,522.973	58.816	3	0	0	0	0	0	0	1	0	0	1	60
2014/01/04-14:16:58	54	1,522.973	58.816	5	0	1	0	0	0	0	1	0	0	1	45
2014/01/04-14:18:02	54	1,522.973	58.816	2	0	0	0	0	0	0	1	1	0	0	23
2014/01/04-14:18:44	54	1,522.973	58.816	0	0	1	0	0	0	0	1	0	0	1	3
2014/01/04-14:19:09	54	1,522.973	58.816	9	0	0	2	0	0	0	1	1	0	0	60
2014/01/04-19:38:59	54	1,532.465	64.465	2	0	0	0	0	0	1	1	0	0	1	19
2014/01/04-19:40:19	54	1,532.465	64.465	0	0	1	0	0	0	0	1	0	0	1	4
2014/01/04-19:40:42	54	1,532.465	64.465	0	0	1	0	0	0	0	1	0	0	1	14
2014/01/04-19:41:15	54	1,532.465	64.465	0	0	0	0	0	0	0	1	1	0	0	4
2014/01/04-19:41:38	54	1,532.465	64.465	0	0	1	0	0	0	0	1	0	0	1	12
2014/01/04-20:11:10	51	1,543.933	60.834	0	0	1	0	0	0	0	1	0	0	1	13
2014/01/04-20:11:42	51	1,543.933	60.834	1	0	1	0	1	0	0	1	0	0	1	4
2014/01/04-20:12:16	51	1,543.933	60.834	13	0	0	0	0	0	0	1	1	0	0	60
2014/01/04-20:13:35	51	1,543.933	60.834	2	0	0	0	0	0	0	1	0	0	1	60
2014/01/04-20:14:54	51	1,543.933	60.834	0	0	1	0	0	0	0	1	0	0	1	20
2014/01/04-20:30:06	51	1,552.213	57.769	4	0	1	0	0	0	0	1	0	0	1	22
2014/01/04-20:31:25	51	1,552.213	57.769	1	0	1	0	0	0	0	1	0	0	1	12
2014/01/04-20:31:57	51	1,552.213	57.769	1	0	1	0	1	0	0	1	0	0	1	7
2014/01/04-20:32:23	51	1,552.213	57.769	1	0	1	0	0	0	0	1	0	0	1	5
2014/01/04-20:32:51	51	1,552.213	57.769	2	0	1	0	0	0	0	1	0	0	1	19
2014/01/05-09:15:45	52	1,528.615	64.89	1	0	1	0	0	0	0	1	0	0	1	36
2014/01/05-09:16:47	52	1,528.615	64.89	2	0	1	0	0	0	0	1	0	0	1	36
2014/01/05-09:17:43	52	1,528.615	64.89	1	0	1	1	0	0	0	1	0	0	1	26
2014/01/05-09:18:36	52	1,528.615	64.89	17	0	0	0	0	0	0	1	1	0	0	60
2014/01/05-09:19:55	52	1,528.615	64.89	2	0	1	0	0	0	0	1	0	0	1	23
2014/01/05-09:28:08	52	1,528.615	64.89	3	0	1	1	0	0	0	1	0	0	1	39
2014/01/05-09:29:27	52	1,528.615	64.89	1	0	1	0	0	0	0	1	0	0	1	16
2014/01/05-09:30:01	52	1,528.615	64.89	1	0	0	0	2	0	0	1	1	0	0	16
2014/01/05-09:30:36	52	1,528.615	64.89	0	0	1	0	0	0	0	1	0	0	1	5
2014/01/05-09:31:04	52	1,528.615	64.89	2	0	0	0	0	0	0	1	1	0	0	60
2014/01/05-09:48:07	51	1,543.477	59.48	0	0	1	0	0	0	0	1	0	0	1	7
2014/01/05-09:48:34	51	1,543.477	59.48	3	0	0	0	2	0	0	1	1	0	0	20
2014/01/05-09:49:13	51	1,543.477	59.48	2	0	1	0	0	0	0	1	0	0	1	23
2014/01/05-09:49:55	51	1,543.477	59.48	0	0	1	0	0	0	0	1	0	0	1	6
2014/01/05-09:50:20	51	1,543.477	59.48	1	0	1	0	0	0	0	1	0	0	1	26
