0
49
1;1500.0;350.0;0.06;0
2;1500.0;350.0;0.06;0
3;1500.0;350.0;0.06;0
4;1500.0;350.0;0.06;0
5;1500.0;350.0;0.06;0
6;1500.0;350.0;0.06;0
7;1500.0;350.0;0.06;0
8;1500.0;350.0;0.06;0
9;1500.0;350.0;0.06;0
10;1500.0;350.0;0.06;0
11;1500.0;350.0;0.06;0
12;1500.0;350.0;0.06;0
13;1500.0;350.0;0.06;0
14;1500.0;350.0;0.06;0
15;1500.0;350.0;0.06;0
17;1500.0;350.0;0.06;0
16;1500.0;350.0;0.06;0
18;1500.0;350.0;0.06;0
27;1500.0;350.0;0.06;0
32;1500.0;350.0;0.06;0
51;1500.0;350.0;0.06;0
50;1500.0;350.0;0.06;0
49;1500.0;350.0;0.06;0
55;1500.0;350.0;0.06;0
54;1500.0;350.0;0.06;0
53;1500.0;350.0;0.06;0
52;1500.0;350.0;0.06;0
59;1500.0;350.0;0.06;0
58;1500.0;350.0;0.06;0
57;1500.0;350.0;0.06;0
56;1500.0;350.0;0.06;0
63;1500.0;350.0;0.06;0
62;1500.0;350.0;0.06;0
61;1500.0;350.0;0.06;0
60;1500.0;350.0;0.06;0
69;1500.0;350.0;0.06;0
70;1500.0;350.0;0.06;0
71;1500.0;350.0;0.06;0
64;1500.0;350.0;0.06;0
65;1500.0;350.0;0.06;0
76;1500.0;350.0;0.06;0
77;1500.0;350.0;0.06;0
72;1500.0;350.0;0.06;0
73;1500.0;350.0;0.06;0
74;1500.0;350.0;0.06;0
75;1500.0;350.0;0.06;0
88;1500.0;350.0;0.06;0
91;1500.0;350.0;0.06;0
90;1500.0;350.0;0.06;0
49
1
0;0
2
0;0
3
0;0
4
0;0
5
0;0
6
0;0
7
0;0
8
0;0
9
0;0
10
0;0
11
0;0
12
0;0
13
0;0
14
0;0
15
0;0
17
0;0
16
0;0
18
0;0
27
0;0
32
0;0
51
0;0
50
0;0
49
0;0
55
0;0
54
0;0
53
0;0
52
0;0
59
0;0
58
0;0
57
0;0
56
0;0
63
0;0
62
0;0
61
0;0
60
0;0
69
0;0
70
0;0
71
0;0
64
0;0
65
0;0
76
0;0
77
0;0
72
0;0
73
0;0
74
0;0
75
0;0
88
0;0
91
0;0
90
0;0
