2013/08/29-00:02:43	1	1,500	350	4	0	0	2	0	0	1	1	0	0	1	7
2013/08/29-00:08:17	1	1,500	350	0	0	1	0	0	0	0	1	0	0	1	6
2013/08/29-00:11:48	1	1,500	350	1	0	0	0	0	0	1	1	0	0	1	3
2013/08/29-00:15:25	1	1,500	350	1	0	0	0	0	0	1	1	0	0	1	3
2013/08/29-00:23:04	1	1,500	350	0	0	1	0	0	0	0	1	0	0	1	6
2013/08/29-00:47:47	1	1,500	350	1	0	0	0	0	0	1	1	0	0	1	4
2013/08/29-00:53:08	1	1,500	350	1	0	0	0	0	0	1	1	0	0	1	3
2013/08/29-01:19:31	1	1,500	350	1	0	0	0	0	0	1	1	0	0	1	3
2013/08/29-01:24:34	1	1,500	350	0	0	1	0	0	0	0	1	0	0	1	6
2013/08/29-01:28:23	1	1,500	350	0	0	1	0	0	0	0	1	0	0	1	6
2013/08/29-01:33:21	86	606.327	263.837	1	0	0	0	0	0	1	1	0	0	1	3
2013/08/29-01:50:49	1	1,500	350	0	0	1	0	0	0	0	1	0	0	1	7
2013/08/29-01:51:36	1	1,500	350	1	0	0	0	0	0	1	1	0	0	1	3
2013/08/29-01:52:01	1	1,500	350	1	0	0	0	0	0	1	1	0	0	1	3
2013/08/29-01:52:51	1	1,500	350	1	0	0	0	0	0	1	1	0	0	1	4
2013/08/29-01:53:24	1	1,500	350	0	0	1	0	0	0	0	1	0	0	1	6
2013/08/29-02:06:16	1	1,500	350	0	0	1	0	0	0	0	1	0	0	1	6
2013/08/29-02:06:45	1	1,500	350	0	0	1	0	0	0	0	1	0	0	1	6
2013/08/29-02:07:11	1	1,500	350	1	0	1	0	1	0	0	1	0	0	1	3
2013/08/29-02:07:34	1	1,500	350	2	0	0	0	1	0	0	1	1	0	0	6
2013/08/29-02:07:59	1	1,500	350	1	0	0	0	1	0	1	1	0	0	1	4
2013/08/29-07:30:26	86	829.745	263.837	0	0	1	0	0	0	0	1	0	0	1	5
2013/08/29-07:30:53	86	829.745	263.837	1	0	0	0	1	0	1	1	0	0	1	3
2013/08/29-07:31:15	86	829.745	263.837	2	0	0	0	0	0	1	1	0	0	1	5
2013/08/29-07:31:57	86	829.745	263.837	0	0	0	0	0	0	0	1	1	0	0	6
2013/08/29-07:32:22	86	829.745	263.837	1	0	1	0	1	0	0	1	1	0	0	3
