2013/09/02-13:33:51	2	1,500	350	0	0	1	0	0	0	0	1	0	0	1	6
2013/09/02-13:34:17	2	1,500	350	0	0	1	0	0	0	0	1	0	0	1	6
2013/09/02-13:34:49	2	1,500	350	0	0	0	0	0	0	0	1	1	0	0	6
2013/09/02-13:35:14	2	1,500	350	0	0	1	0	0	0	0	1	0	0	1	6
2013/09/02-13:35:41	2	1,500	350	0	0	1	0	0	0	0	1	0	0	1	3
2013/09/02-14:04:54	2	1,500	350	0	0	1	0	0	0	0	1	0	0	1	5
2013/09/02-14:05:18	2	1,500	350	0	0	1	0	0	0	0	1	0	0	1	6
2013/09/02-14:05:57	2	1,500	350	0	0	1	0	0	0	0	1	0	0	1	6
2013/09/02-14:06:22	2	1,500	350	0	0	1	0	0	0	0	1	0	0	1	6
2013/09/02-14:07:12	2	1,500	350	0	0	1	0	0	0	0	1	0	0	1	6
2013/09/02-14:15:41	85	1,008.48	263.837	0	0	1	0	0	0	0	1	0	0	1	6
2013/09/02-14:16:06	85	1,008.48	263.837	0	0	1	0	0	0	0	1	0	0	1	6
2013/09/02-14:16:31	85	1,008.48	263.837	0	0	1	0	0	0	0	1	0	0	1	3
2013/09/02-14:16:56	85	1,008.48	263.837	0	0	1	0	0	0	0	1	0	0	1	6
2013/09/02-14:17:28	85	1,008.48	263.837	0	0	1	0	0	0	0	1	0	0	1	6
2013/09/02-17:43:28	75	1,101.578	217.309	0	0	1	0	0	0	0	1	0	0	1	6
2013/09/02-17:43:53	75	1,101.578	217.309	0	0	1	0	0	0	0	1	0	0	1	6
2013/09/02-17:44:18	75	1,161.816	192.226	0	0	1	0	0	0	0	1	0	0	1	6
2013/09/02-17:45:13	75	1,161.816	192.226	0	0	1	0	0	0	0	1	0	0	1	6
2013/09/02-17:45:42	75	1,161.816	192.226	0	0	1	0	0	0	0	1	0	0	1	3
2013/09/02-17:48:36	75	1,161.816	192.226	0	0	1	0	0	0	0	1	0	0	1	6
2013/09/02-17:49:01	75	1,161.816	192.226	0	0	0	0	0	0	0	1	1	0	0	6
2013/09/02-17:49:26	75	1,161.816	192.226	0	0	1	0	0	0	0	1	0	0	1	6
2013/09/02-17:49:51	75	1,161.816	192.226	0	0	1	0	0	0	0	1	0	0	1	6
2013/09/02-17:50:16	75	1,161.816	192.226	0	0	1	0	0	0	0	1	0	0	1	6
2013/09/02-17:50:48	75	1,161.816	192.226	0	0	1	0	0	0	0	1	0	0	1	6
2013/09/02-17:51:19	75	1,161.816	192.226	0	0	1	0	0	0	0	1	0	1	0	6
2013/09/02-17:51:50	75	1,161.816	192.226	0	0	0	0	0	0	0	1	1	0	0	6
2013/09/02-18:02:51	75	1,161.816	192.226	0	0	1	0	0	0	0	1	0	0	1	6
2013/09/02-18:03:16	75	1,161.816	192.226	0	0	1	0	0	0	0	1	0	0	1	3
2013/09/02-18:03:41	75	1,161.816	192.226	0	0	1	0	0	0	0	1	0	0	1	6
2013/09/02-18:04:06	75	1,161.816	192.226	0	0	1	0	0	0	0	1	0	0	1	6
2013/09/02-18:04:31	75	1,161.816	192.226	0	0	0	0	0	0	0	1	1	0	0	6
2013/09/03-00:17:26	76	832.259	147.302	0	0	1	0	0	0	0	1	0	0	1	6
2013/09/03-00:17:57	76	832.259	147.302	0	0	1	0	0	0	0	1	0	0	1	6
2013/09/03-00:18:23	76	832.259	147.302	0	0	1	0	0	0	0	1	0	0	1	6
2013/09/03-00:18:48	76	832.259	147.302	0	0	1	0	0	0	0	1	0	0	1	6
2013/09/03-00:19:13	76	832.259	147.302	0	0	1	0	0	0	0	1	0	0	1	6
2013/09/03-00:21:52	77	868.696	128.229	0	0	1	0	0	0	0	1	0	0	1	6
2013/09/03-00:22:17	77	868.696	128.229	0	0	0	0	0	0	0	1	1	0	0	6
2013/09/03-00:22:42	77	868.696	128.229	0	0	1	0	0	0	0	1	0	0	1	6
2013/09/03-00:23:07	77	868.696	128.229	0	0	1	0	0	0	0	1	0	0	1	6
2013/09/03-00:23:32	77	868.696	128.229	0	0	1	0	0	0	0	1	1	0	0	6
2013/09/03-00:30:52	77	868.696	128.229	0	0	1	0	0	0	0	1	0	0	1	6
2013/09/03-00:31:17	77	868.696	128.229	0	0	1	0	0	0	0	1	0	0	1	3
2013/09/03-00:31:42	77	868.696	128.229	0	0	0	0	0	0	0	1	1	0	0	6
2013/09/03-00:32:06	77	868.696	128.229	0	0	1	0	0	0	0	1	0	0	1	6
2013/09/03-00:32:31	77	868.696	128.229	0	0	1	0	0	0	0	1	0	0	1	3
2013/09/03-16:01:42	79	884.002	110.329	0	0	1	0	0	0	0	1	0	0	1	6
2013/09/03-16:02:08	79	884.002	110.329	0	0	0	0	0	0	0	1	1	0	0	6
2013/09/03-16:02:33	79	884.002	110.329	0	0	1	0	0	0	0	1	0	0	1	6
2013/09/03-16:02:58	79	884.002	110.329	0	0	1	0	0	0	0	1	0	0	1	6
2013/09/03-16:03:22	79	884.002	110.329	0	0	1	0	0	0	0	1	0	0	1	6
2013/09/03-16:03:54	79	884.002	110.329	0	0	1	0	0	0	0	1	0	0	1	3
2013/09/03-16:04:19	79	884.002	110.329	0	0	1	0	0	0	0	1	0	0	1	6
2013/09/03-16:04:45	79	884.002	110.329	0	0	1	0	0	0	0	1	0	0	1	6
2013/09/03-16:05:10	79	884.002	110.329	0	0	1	0	0	0	0	1	0	0	1	6
2013/09/03-16:05:35	79	884.002	110.329	0	0	1	0	0	0	0	1	0	0	1	6
2013/09/03-16:13:40	80	902.997	95.096	0	0	1	0	0	0	0	1	1	0	0	6
2013/09/03-16:14:05	80	902.997	95.096	0	0	1	0	0	0	0	1	0	0	1	6
2013/09/03-16:14:30	80	902.997	95.096	0	0	1	0	0	0	0	1	0	0	1	6
2013/09/03-16:14:55	80	902.997	95.096	0	0	0	0	0	0	0	1	1	0	0	6
2013/09/03-16:15:20	80	902.997	95.096	0	0	0	0	0	0	0	1	1	0	0	6
2013/09/03-20:44:03	78	944.083	90.331	0	0	1	0	0	0	0	1	0	0	1	6
2013/09/03-20:44:28	78	944.083	90.331	0	0	0	0	0	0	0	1	1	0	0	6
2013/09/03-20:44:53	78	944.083	90.331	0	0	1	0	0	0	0	1	0	0	1	6
2013/09/03-20:45:18	78	944.083	90.331	0	0	1	0	0	0	0	1	0	0	1	6
2013/09/03-20:45:43	78	944.083	90.331	0	0	1	0	0	0	0	1	0	0	1	4
2013/09/03-21:00:40	77	982.724	82.956	0	0	1	0	0	0	0	1	0	0	1	6
2013/09/03-21:01:05	77	982.724	82.956	0	0	1	0	0	0	0	1	0	0	1	5
2013/09/03-21:01:53	77	982.724	82.956	0	0	1	0	0	0	0	1	0	0	1	9
2013/09/03-21:02:30	77	982.724	82.956	0	0	1	0	0	0	0	1	0	0	1	6
2013/09/03-21:02:55	77	982.724	82.956	0	0	1	0	0	0	0	1	0	0	1	6
2013/09/03-21:08:55	75	996.801	76.531	0	0	1	0	0	0	0	1	0	0	1	6
2013/09/03-21:09:20	75	996.801	76.531	0	0	0	0	0	0	0	1	1	0	0	6
2013/09/03-21:09:44	75	996.801	76.531	0	0	0	0	0	0	0	1	1	0	0	6
2013/09/03-21:10:10	75	996.801	76.531	0	0	1	0	0	0	0	1	0	0	1	6
2013/09/03-21:10:35	75	996.801	76.531	0	0	0	0	0	0	0	1	1	0	0	6
2013/09/04-16:18:00	72	1,036.323	76.058	0	0	1	0	0	0	0	1	0	0	1	6
2013/09/04-16:18:25	72	1,036.323	76.058	0	0	1	0	0	0	0	1	0	0	1	6
2013/09/04-16:18:50	72	1,036.323	76.058	0	0	1	0	0	0	0	1	0	0	1	6
2013/09/04-16:19:15	72	1,036.323	76.058	0	0	0	0	0	0	0	1	1	0	0	6
2013/09/04-16:19:40	72	1,036.323	76.058	0	0	1	0	0	0	0	1	0	0	1	6
2013/09/04-16:22:22	72	1,036.323	76.058	0	0	1	0	0	0	0	1	0	0	1	6
2013/09/04-16:22:47	72	1,036.323	76.058	0	0	1	0	0	0	0	1	0	0	1	6
2013/09/04-16:23:11	72	1,036.323	76.058	0	0	0	0	0	0	0	1	1	0	0	6
2013/09/04-16:23:36	72	1,036.323	76.058	0	0	1	0	0	0	0	1	0	0	1	6
2013/09/04-16:24:01	72	1,036.323	76.058	0	0	1	0	0	0	0	1	0	0	1	6
2013/09/04-16:35:30	72	1,012.772	67.691	0	0	1	0	0	0	0	1	0	0	1	6
2013/09/04-16:35:55	72	1,012.772	67.691	0	0	1	0	0	0	0	1	0	0	1	3
2013/09/04-16:36:20	72	1,012.772	67.691	0	0	1	0	0	0	0	1	0	0	1	6
2013/09/04-16:36:48	72	1,012.772	67.691	0	0	1	0	0	0	0	1	0	0	1	6
2013/09/04-16:37:20	72	1,012.772	67.691	0	0	1	0	0	0	0	1	0	0	1	6
2013/09/04-21:29:20	73	997.709	69.42	0	0	1	0	0	0	0	1	1	0	0	6
2013/09/04-21:29:48	73	997.709	69.42	0	0	1	0	0	0	0	1	0	0	1	6
2013/09/04-21:30:14	73	997.709	69.42	0	0	1	0	0	0	0	1	0	0	1	6
2013/09/04-21:30:40	73	997.709	69.42	0	0	1	0	0	0	0	1	0	0	1	6
2013/09/04-21:31:06	73	1,002.148	65.925	0	0	1	0	0	0	0	1	0	0	1	3
2013/09/04-23:01:17	73	1,002.148	65.925	0	0	0	0	0	0	0	1	1	0	0	6
2013/09/04-23:01:42	73	1,002.148	65.925	0	0	1	0	0	0	0	1	0	0	1	6
2013/09/04-23:02:06	73	1,002.148	65.925	0	0	1	0	0	0	0	1	0	0	1	6
2013/09/04-23:02:31	73	1,002.148	65.925	0	0	1	0	0	0	0	1	0	0	1	6
2013/09/04-23:02:56	73	1,002.148	65.925	0	0	0	0	0	0	0	1	1	0	0	6
2013/09/04-23:13:48	71	1,018.805	61.409	0	0	1	0	0	0	0	1	0	0	1	6
2013/09/04-23:14:13	71	1,018.805	61.409	0	0	1	0	0	0	0	1	0	0	1	6
2013/09/04-23:14:38	71	1,018.805	61.409	0	0	1	0	0	0	0	1	0	0	1	6
2013/09/04-23:15:03	71	1,018.805	61.409	0	0	1	0	0	0	0	1	0	0	1	6
2013/09/04-23:15:28	71	1,018.805	61.409	0	0	1	0	0	0	0	1	0	0	1	6
2013/09/05-03:40:16	71	1,014.533	64.271	0	0	1	0	0	0	0	1	0	0	1	3
2013/09/05-03:40:40	71	1,014.533	64.271	0	0	1	0	0	0	0	1	0	0	1	6
2013/09/05-03:41:05	71	1,014.533	64.271	0	0	1	0	0	0	0	1	0	0	1	6
2013/09/05-03:41:30	75	987.197	62.036	0	0	1	0	0	0	0	1	0	0	1	6
2013/09/05-03:41:55	75	987.197	62.036	0	0	1	0	0	0	0	1	1	0	0	6
2013/09/05-03:42:26	75	987.197	62.036	0	0	0	0	0	0	0	1	1	0	0	6
2013/09/05-03:42:51	75	987.197	62.036	0	0	1	0	0	0	0	1	0	0	1	6
2013/09/05-03:43:16	75	987.197	62.036	0	0	1	0	0	0	0	1	0	0	1	6
2013/09/05-03:44:18	75	987.197	62.036	0	0	1	0	0	0	0	1	0	0	1	6
2013/09/05-03:44:42	75	987.197	62.036	0	0	1	0	0	0	0	1	0	0	1	6
2013/09/05-03:54:39	75	987.197	62.036	0	0	1	0	0	0	0	1	0	0	1	6
2013/09/05-03:55:04	75	987.197	62.036	0	0	1	0	0	0	0	1	0	0	1	6
2013/09/05-03:55:29	75	987.197	62.036	0	0	1	0	0	0	0	1	0	0	1	6
2013/09/05-03:55:54	75	987.197	62.036	0	0	1	0	0	0	0	1	0	0	1	6
2013/09/05-03:56:19	75	987.197	62.036	0	0	1	0	0	0	0	1	0	0	1	6
2013/09/06-01:17:14	76	984.733	62.22	0	0	1	0	0	0	0	1	0	0	1	6
2013/09/06-01:17:41	76	984.733	62.22	0	0	1	0	0	0	0	1	0	0	1	6
2013/09/06-01:18:06	76	984.733	62.22	0	0	1	0	0	0	0	1	0	0	1	6
2013/09/06-01:18:38	79	959.691	60.193	0	0	1	0	0	0	0	1	0	0	1	6
2013/09/06-01:19:03	79	959.691	60.193	0	0	1	0	0	0	0	1	0	0	1	6
2013/09/06-01:19:34	79	959.691	60.193	0	0	1	0	0	0	0	1	0	0	1	6
2013/09/06-01:19:59	79	959.691	60.193	0	0	0	0	0	0	0	1	1	0	0	6
2013/09/06-01:20:24	79	959.691	60.193	0	0	1	0	0	0	0	1	0	0	1	6
2013/09/06-01:20:48	79	959.691	60.193	0	0	1	0	0	0	0	1	0	0	1	6
2013/09/06-01:21:13	79	959.691	60.193	0	0	1	0	0	0	0	1	0	0	1	6
2013/09/06-01:32:18	79	959.691	60.193	0	0	1	0	0	0	0	1	0	0	1	6
2013/09/06-01:32:43	79	959.691	60.193	0	0	1	0	0	0	0	1	0	0	1	8
2013/09/06-01:33:09	79	959.691	60.193	0	0	1	0	0	0	0	1	0	0	1	6
2013/09/06-01:33:34	79	959.691	60.193	0	0	1	0	0	0	0	1	1	0	0	6
2013/09/06-01:33:59	79	959.691	60.193	0	0	1	0	0	0	0	1	0	0	1	6
2013/09/06-01:34:30	79	959.691	60.193	0	0	1	0	0	0	0	1	0	0	1	6
2013/09/10-21:31:06	78	959.909	77.094	0	0	1	0	0	0	0	1	0	0	1	6
2013/09/10-21:31:40	78	959.909	77.094	0	0	1	0	0	0	0	1	0	0	1	6
2013/09/10-21:32:20	78	959.909	77.094	0	0	1	0	0	0	0	1	0	0	1	6
2013/09/10-21:32:49	78	959.909	77.094	0	0	1	0	0	0	0	1	0	0	1	6
2013/09/10-21:33:14	78	959.909	77.094	0	0	1	0	0	0	0	1	0	0	1	6
2013/09/10-23:22:44	81	936.714	71.971	0	0	1	0	0	0	0	1	0	0	1	6
2013/09/10-23:23:09	81	936.714	71.971	0	0	1	0	0	0	0	1	0	0	1	0
2013/09/10-23:40:09	81	936.714	71.971	0	0	1	0	0	0	0	1	1	0	0	6
2013/09/10-23:40:33	81	936.714	71.971	0	0	1	0	0	0	0	1	0	0	1	6
2013/09/10-23:40:58	81	936.714	71.971	0	0	1	0	0	0	0	1	0	0	1	6
2013/09/10-23:50:32	81	936.714	71.971	0	0	1	0	0	0	0	1	0	0	1	6
2013/09/10-23:50:57	81	936.714	71.971	0	0	1	0	0	0	0	1	0	0	1	6
2013/09/10-23:51:22	81	936.714	71.971	0	0	1	0	0	0	0	1	0	0	1	6
2013/09/10-23:51:47	81	936.714	71.971	0	0	1	0	0	0	0	1	0	0	1	6
2013/09/10-23:52:15	81	936.714	71.971	0	0	1	0	0	0	0	1	0	0	1	6
2013/09/11-00:05:17	81	920.605	64.304	0	0	1	0	0	0	0	1	0	0	1	6
2013/09/11-00:05:57	81	920.605	64.304	0	0	1	0	0	0	0	1	0	0	1	6
2013/09/11-00:06:30	81	920.605	64.304	0	0	1	0	0	0	0	1	0	0	1	6
2013/09/11-00:06:56	81	920.605	64.304	0	0	1	0	0	0	0	1	0	0	1	6
2013/09/11-00:07:26	81	920.605	64.304	0	0	1	0	0	0	0	1	0	0	1	6
2013/09/11-00:19:37	81	920.605	64.304	0	0	1	0	0	0	0	1	0	0	1	6
2013/09/11-00:20:01	81	920.605	64.304	0	0	0	0	0	0	0	1	1	0	0	6
2013/09/11-00:20:26	81	920.605	64.304	0	0	1	0	0	0	0	1	0	0	1	6
2013/09/11-00:20:51	81	920.605	64.304	0	0	1	0	0	0	0	1	0	0	1	6
2013/09/11-00:21:16	81	920.605	64.304	0	0	0	0	0	0	0	1	1	0	0	6
2013/09/11-00:34:59	81	920.605	64.304	0	0	1	0	0	0	0	1	0	0	1	6
2013/09/11-00:35:24	81	920.605	64.304	0	0	1	0	0	0	0	1	0	0	1	6
2013/09/11-00:35:49	81	920.605	64.304	0	0	1	0	0	0	0	1	1	0	0	6
2013/09/11-00:36:14	81	920.605	64.304	0	0	1	0	0	0	0	1	0	0	1	6
2013/09/11-00:36:39	81	920.605	64.304	0	0	1	0	0	0	0	1	0	0	1	6
2013/09/12-09:09:21	81	912.397	72.419	0	0	1	0	0	0	0	1	0	0	1	6
2013/09/12-09:09:46	81	912.397	72.419	0	0	1	0	0	0	0	1	0	0	1	6
2013/09/12-09:10:16	81	912.397	72.419	0	0	1	0	0	0	0	1	0	0	1	6
2013/09/12-09:10:41	81	912.397	72.419	0	0	1	0	0	0	0	1	0	0	1	6
2013/09/12-09:11:06	81	912.397	72.419	0	0	1	0	0	0	0	1	0	0	1	6
2013/09/12-10:52:33	81	912.397	72.419	0	0	1	0	0	0	0	1	0	0	1	6
2013/09/12-10:53:52	81	912.397	72.419	0	0	1	0	0	0	0	1	0	0	1	6
2013/09/12-10:54:36	81	912.397	72.419	0	0	1	0	0	0	0	1	0	0	1	6
2013/09/12-10:55:02	82	911.742	68.037	0	0	1	0	0	0	0	1	0	0	1	6
2013/09/12-10:56:21	82	911.742	68.037	0	0	1	0	0	0	0	1	0	0	1	6
2013/09/12-11:01:59	82	911.742	68.037	0	0	1	0	0	0	0	1	0	0	1	6
2013/09/12-11:02:24	82	911.742	68.037	0	0	1	0	0	0	0	1	0	0	1	6
2013/09/12-11:02:49	82	911.742	68.037	0	0	1	0	0	0	0	1	0	0	1	6
2013/09/12-11:03:14	82	911.742	68.037	0	0	1	0	0	0	0	1	0	0	1	6
2013/09/12-11:03:39	82	911.742	68.037	0	0	1	0	0	0	0	1	0	0	1	6
2013/09/12-11:04:10	82	911.742	68.037	0	0	1	0	0	0	0	1	0	0	1	6
2013/09/13-11:22:33	83	896.92	68.221	0	0	1	0	0	0	0	1	0	0	1	6
2013/09/13-11:23:38	83	896.92	68.221	0	0	1	0	0	0	0	1	0	0	1	6
2013/09/13-11:24:50	83	896.92	68.221	0	0	1	0	0	0	0	1	0	0	1	6
2013/09/13-11:26:09	83	896.92	68.221	0	0	1	0	0	0	0	1	0	0	1	6
2013/09/13-11:26:58	83	896.92	68.221	0	0	1	0	0	0	0	1	0	0	1	6
2013/09/13-11:37:03	83	904.257	68.19	0	0	1	0	0	0	0	1	0	0	1	6
2013/09/13-11:37:35	83	904.257	68.19	0	0	1	0	0	0	0	1	0	0	1	6
2013/09/13-11:38:03	83	904.257	68.19	0	0	1	0	0	0	0	1	0	0	1	6
2013/09/13-11:38:40	83	904.257	68.19	0	0	1	0	0	0	0	1	0	0	1	6
2013/09/13-11:39:11	83	904.257	68.19	0	0	1	0	0	0	0	1	0	0	1	6
2013/09/13-11:52:33	83	904.257	68.19	0	0	1	0	0	0	0	1	0	0	1	6
2013/09/13-11:53:51	83	904.257	68.19	0	0	1	0	0	0	0	1	0	0	1	6
2013/09/13-11:54:19	83	904.257	68.19	0	0	1	0	0	0	0	1	0	0	1	6
2013/09/13-11:54:50	83	904.257	68.19	0	0	1	0	0	0	0	1	0	0	1	6
2013/09/13-11:55:22	83	904.257	68.19	0	0	1	0	0	0	0	1	0	0	1	6
2013/09/13-18:04:03	80	931.458	69.278	0	0	1	0	0	0	0	1	0	0	1	6
2013/09/13-18:05:22	80	931.458	69.278	0	0	1	0	0	0	0	1	0	0	1	6
2013/09/13-18:06:40	80	931.458	69.278	0	0	1	0	0	0	0	1	0	0	1	6
2013/09/13-18:07:59	80	931.458	69.278	0	0	1	0	0	0	0	1	0	0	1	6
2013/09/13-18:09:18	80	931.458	69.278	0	0	1	0	0	0	0	1	0	0	1	6
2013/09/13-18:10:43	80	931.458	69.278	0	0	1	0	0	0	0	1	0	0	1	6
2013/09/13-18:12:02	80	931.458	69.278	0	0	1	0	0	0	0	1	0	0	1	6
2013/09/13-18:12:39	80	931.458	69.278	0	0	1	0	0	0	0	1	0	0	1	6
2013/09/13-18:13:46	80	931.458	69.278	0	0	1	0	0	0	0	1	0	0	1	6
2013/09/13-18:14:51	80	931.458	69.278	0	0	1	0	0	0	0	1	0	0	1	6
2013/09/13-18:30:57	80	927.432	68.758	0	0	1	0	0	0	0	1	0	0	1	6
2013/09/13-18:31:22	80	927.432	68.758	0	0	1	0	0	0	0	1	0	0	1	6
2013/09/13-18:31:50	80	927.432	68.758	0	0	1	0	0	0	0	1	0	0	1	6
2013/09/13-18:32:15	80	927.432	68.758	0	0	1	0	0	0	0	1	0	0	1	6
2013/09/13-18:32:41	80	927.432	68.758	0	0	1	0	0	0	0	1	0	0	1	6
2013/09/13-21:11:24	79	938.585	69.175	0	0	1	0	0	0	0	1	0	0	1	6
2013/09/13-21:11:49	79	938.585	69.175	0	0	1	0	0	0	0	1	0	0	1	6
2013/09/13-21:12:14	79	938.585	69.175	0	0	1	0	0	0	0	1	0	0	1	6
2013/09/13-21:12:39	79	938.585	69.175	0	0	1	0	0	0	0	1	0	0	1	6
2013/09/13-21:13:04	79	938.585	69.175	0	0	1	0	0	0	0	1	0	0	1	6
2013/09/13-21:13:35	79	938.585	69.175	0	0	1	0	0	0	0	1	0	0	1	6
2013/09/13-21:14:00	79	938.585	69.175	0	0	1	0	0	0	0	1	0	0	1	6
2013/09/13-21:14:25	79	938.585	69.175	0	0	1	0	0	0	0	1	0	0	1	6
2013/09/13-21:14:50	79	938.585	69.175	0	0	0	0	0	0	0	1	1	0	0	6
2013/09/13-21:15:15	79	938.585	69.175	0	0	1	0	0	0	0	1	0	0	1	6
2013/09/13-21:26:00	78	959.426	62.538	0	0	0	0	0	0	0	1	1	0	0	6
2013/09/13-21:26:25	78	959.426	62.538	0	0	1	0	0	0	0	1	0	0	1	6
2013/09/13-21:26:50	78	959.426	62.538	0	0	1	0	0	0	0	1	0	0	1	6
2013/09/13-21:27:15	78	959.426	62.538	0	0	0	0	0	0	0	1	1	0	0	6
2013/09/13-21:27:40	78	959.426	62.538	0	0	0	0	0	0	0	1	1	0	0	6
2013/09/14-05:23:21	77	993.963	66.138	0	0	1	0	0	0	0	1	0	0	1	6
2013/09/14-05:24:39	77	993.963	66.138	0	0	1	0	0	0	0	1	0	0	1	6
2013/09/14-05:25:58	77	993.963	66.138	0	0	1	0	0	0	0	1	0	0	1	6
2013/09/14-05:27:17	77	993.963	66.138	0	0	1	0	0	0	0	1	0	0	1	6
2013/09/14-05:27:50	77	993.963	66.138	0	0	1	0	0	0	0	1	0	0	1	6
2013/09/14-05:38:42	77	993.963	66.138	0	0	1	0	0	0	0	1	0	0	1	6
2013/09/14-05:39:26	77	993.963	66.138	0	0	1	0	0	0	0	1	0	0	1	6
2013/09/14-05:39:55	77	993.963	66.138	0	0	1	0	0	0	0	1	0	0	1	6
2013/09/14-05:40:34	77	993.963	66.138	0	0	1	0	0	0	0	1	0	0	1	6
2013/09/14-05:41:02	77	993.963	66.138	0	0	1	0	0	0	0	1	0	0	1	6
2013/09/14-05:56:55	78	979.849	62.648	0	0	1	0	0	0	0	1	0	0	1	6
2013/09/14-05:57:20	78	979.849	62.648	0	0	1	0	0	0	0	1	1	0	0	6
2013/09/14-05:57:45	78	979.849	62.648	0	0	1	0	0	0	0	1	0	0	1	6
2013/09/14-05:58:09	78	979.849	62.648	0	0	0	0	0	0	0	1	1	0	0	6
2013/09/14-05:58:34	78	979.849	62.648	0	0	1	0	0	0	0	1	0	0	1	6
2013/09/14-11:33:28	76	978.465	63.849	0	0	1	0	0	0	0	1	0	0	1	6
2013/09/14-11:33:54	76	978.465	63.849	0	0	1	0	0	0	0	1	0	0	1	6
2013/09/14-11:34:42	76	978.465	63.849	0	0	1	0	0	0	0	1	0	0	1	6
2013/09/14-11:35:08	76	978.465	63.849	0	0	1	0	0	0	0	1	0	0	1	6
2013/09/14-11:35:48	76	978.465	63.849	0	0	1	0	0	0	0	1	0	0	1	6
2013/09/14-11:39:44	76	978.465	63.849	0	0	1	0	0	0	0	1	0	0	1	6
2013/09/14-11:40:12	76	978.465	63.849	0	0	1	0	0	0	0	1	0	0	1	6
2013/09/14-11:40:40	76	978.465	63.849	0	0	1	0	0	0	0	1	0	0	1	6
2013/09/14-11:41:05	76	978.465	63.849	0	0	1	0	0	0	0	1	0	0	1	6
2013/09/14-11:41:30	76	978.465	63.849	0	0	1	0	0	0	0	1	0	0	1	6
2013/09/14-12:07:49	76	978.252	60.213	0	0	1	0	0	0	0	1	0	0	1	6
2013/09/14-12:08:14	76	978.252	60.213	0	0	1	0	0	0	0	1	0	0	1	6
2013/09/14-12:08:42	76	978.252	60.213	0	0	1	0	0	0	0	1	0	0	1	6
2013/09/14-12:09:19	76	978.252	60.213	0	0	1	0	0	0	0	1	0	0	1	6
2013/09/14-12:10:00	76	978.252	60.213	0	0	1	0	0	0	0	1	0	0	1	6
2013/09/14-15:33:04	76	975.828	62.065	0	0	1	0	0	0	0	1	0	0	1	6
2013/09/14-15:34:19	76	975.828	62.065	0	0	1	0	0	0	0	1	0	0	1	6
2013/09/14-15:35:38	76	975.828	62.065	0	0	1	0	0	0	0	1	0	0	1	6
2013/09/14-15:36:57	76	975.828	62.065	0	0	1	0	0	0	0	1	0	0	1	6
2013/09/14-15:38:15	76	975.828	62.065	0	0	1	0	0	0	0	1	0	0	1	6
2013/09/14-15:49:13	77	970.171	61.48	0	0	1	0	0	0	0	1	0	0	1	6
2013/09/14-15:49:41	77	970.171	61.48	0	0	1	0	0	0	0	1	0	0	1	6
2013/09/14-15:50:07	77	970.171	61.48	0	0	1	0	0	0	0	1	0	0	1	6
2013/09/14-15:50:33	77	970.171	61.48	0	0	1	0	0	0	0	1	0	0	1	6
2013/09/14-15:51:09	77	970.171	61.48	0	0	1	0	0	0	0	1	0	0	1	10
2013/09/14-16:06:50	77	970.171	61.48	0	0	1	0	0	0	0	1	0	0	1	6
2013/09/14-16:07:15	77	970.171	61.48	0	0	0	0	0	0	0	1	1	0	0	6
2013/09/14-16:07:40	77	970.171	61.48	0	0	1	0	0	0	0	1	0	0	1	6
2013/09/14-16:08:05	77	970.171	61.48	0	0	1	0	0	0	0	1	0	0	1	6
2013/09/14-16:08:30	77	970.171	61.48	0	0	0	0	0	0	0	1	1	0	0	6
2013/09/14-19:24:57	77	959.997	61.45	0	0	1	0	0	0	0	1	0	0	1	6
2013/09/14-19:25:31	77	959.997	61.45	0	0	1	0	0	0	0	1	0	0	1	6
2013/09/14-19:26:11	77	959.997	61.45	0	0	1	0	0	0	0	1	0	0	1	6
2013/09/14-19:26:46	77	959.997	61.45	0	0	1	0	0	0	0	1	0	0	1	6
2013/09/14-19:27:20	77	959.997	61.45	0	0	1	0	0	0	0	1	0	0	1	8
2013/09/14-19:30:12	77	959.997	61.45	0	0	1	0	0	0	0	1	1	0	0	6
2013/09/14-19:30:37	77	959.997	61.45	0	0	1	0	0	0	0	1	0	0	1	6
2013/09/14-19:31:02	77	959.997	61.45	0	0	1	0	0	0	0	1	0	0	1	6
2013/09/14-19:31:27	77	959.997	61.45	0	0	1	0	0	0	0	1	0	0	1	6
2013/09/14-19:31:52	77	959.997	61.45	0	0	1	0	0	0	0	1	0	0	1	6
2013/09/14-19:43:48	77	954.66	56.995	0	0	1	0	0	0	0	1	1	0	0	6
2013/09/14-19:44:13	77	954.66	56.995	0	0	1	0	0	0	0	1	0	0	1	8
2013/09/14-19:44:42	77	954.66	56.995	0	0	1	0	0	0	0	1	0	0	1	6
2013/09/14-19:45:07	77	954.66	56.995	0	0	1	0	0	0	0	1	0	0	1	6
2013/09/14-19:45:32	77	954.66	56.995	0	0	1	0	0	0	0	1	0	0	1	6
2013/09/15-00:33:43	78	949.268	60.056	0	0	1	0	0	0	0	1	0	0	1	6
2013/09/15-00:35:02	78	949.268	60.056	0	0	1	0	0	0	0	1	0	0	1	6
2013/09/15-00:36:21	78	949.268	60.056	0	0	1	0	0	0	0	1	0	0	1	6
2013/09/15-00:37:40	78	949.268	60.056	0	0	1	0	0	0	0	1	0	0	1	6
2013/09/15-00:38:59	78	949.268	60.056	0	0	1	0	0	0	0	1	0	0	1	6
2013/09/15-00:40:24	78	944.623	58.731	0	0	1	0	0	0	0	1	0	0	1	6
2013/09/15-00:40:52	78	944.623	58.731	0	0	1	0	0	0	0	1	0	0	1	6
2013/09/15-00:41:17	78	944.623	58.731	0	0	1	0	0	0	0	1	0	0	1	6
2013/09/15-00:41:42	78	944.623	58.731	0	0	1	0	0	0	0	1	0	0	1	6
2013/09/15-00:42:07	78	944.623	58.731	0	0	1	0	0	0	0	1	0	0	1	6
2013/09/15-08:54:37	78	944.623	58.731	0	0	1	0	0	0	0	1	0	0	1	6
2013/09/15-08:55:03	78	944.623	58.731	0	0	1	0	0	0	0	1	0	0	1	6
2013/09/15-08:55:28	78	944.623	58.731	0	0	1	0	0	0	0	1	0	0	1	6
2013/09/15-08:55:53	78	944.623	58.731	0	0	0	0	0	0	0	1	1	0	0	6
2013/09/15-08:56:18	78	944.623	58.731	0	0	1	0	0	0	0	1	0	0	1	6
2013/09/15-15:56:36	80	932.468	61.64	0	0	1	0	0	0	0	1	0	0	1	6
2013/09/15-15:57:01	80	932.468	61.64	0	0	1	0	0	0	0	1	0	0	1	6
2013/09/15-15:57:26	80	932.468	61.64	0	0	1	0	0	0	0	1	0	0	1	6
2013/09/15-15:57:51	80	932.468	61.64	0	0	1	0	0	0	0	1	0	0	1	6
2013/09/15-15:59:09	80	932.468	61.64	0	0	1	0	0	0	0	1	0	0	1	6
2013/09/15-16:02:33	80	932.468	61.64	0	0	1	0	0	0	0	1	0	0	1	6
2013/09/15-16:02:58	80	932.468	61.64	0	0	0	0	0	0	0	1	1	0	0	6
2013/09/15-16:03:23	80	932.468	61.64	0	0	0	0	0	0	0	1	1	0	0	6
2013/09/15-16:03:48	80	952.385	57.175	0	0	1	0	0	0	0	1	0	0	1	6
2013/09/15-16:04:12	80	952.385	57.175	0	0	1	0	0	0	0	1	0	0	1	6
2013/09/15-16:12:00	80	952.385	57.175	0	0	1	0	0	0	0	1	0	0	1	6
2013/09/15-16:12:26	80	952.385	57.175	0	0	1	0	0	0	0	1	0	0	1	6
2013/09/15-16:12:50	80	952.385	57.175	0	0	1	0	0	0	0	1	1	0	0	6
2013/09/15-16:13:15	80	952.385	57.175	0	0	1	0	0	0	0	1	0	0	1	6
2013/09/15-16:13:40	80	952.385	57.175	0	0	1	0	0	0	0	1	0	0	1	6
2013/09/15-22:05:37	80	954.037	61.131	0	0	1	0	0	0	0	1	0	0	1	6
2013/09/15-22:06:06	80	954.037	61.131	0	0	1	0	0	0	0	1	0	0	1	6
2013/09/15-22:06:40	80	954.037	61.131	0	0	1	0	0	0	0	1	0	0	1	6
2013/09/15-22:07:05	80	954.037	61.131	0	0	1	0	0	0	0	1	0	0	1	6
2013/09/15-22:07:30	80	954.037	61.131	0	0	1	0	0	0	0	1	0	0	1	6
2013/09/15-22:08:05	80	954.037	61.131	0	0	1	0	0	0	0	1	0	0	1	6
2013/09/15-22:08:30	80	954.037	61.131	0	0	0	0	0	0	0	1	1	0	0	6
2013/09/15-22:08:55	80	954.037	61.131	0	0	0	0	0	0	0	1	1	0	0	6
2013/09/15-22:09:20	80	954.037	61.131	0	0	1	0	0	0	0	1	0	0	1	6
2013/09/15-22:09:45	80	954.037	61.131	0	0	1	0	0	0	0	1	0	0	1	6
2013/09/15-22:19:39	78	972.524	56.011	0	0	0	0	0	0	0	1	1	0	0	7
2013/09/15-22:20:04	78	972.524	56.011	0	0	1	0	0	0	0	1	0	0	1	6
2013/09/15-22:20:29	78	972.524	56.011	0	0	1	0	0	0	0	1	0	0	1	6
2013/09/15-22:20:54	78	972.524	56.011	0	0	1	0	0	0	0	1	1	0	0	6
2013/09/15-22:21:19	78	972.524	56.011	0	0	1	0	0	0	0	1	0	0	1	6
2013/09/16-21:33:06	78	982.009	60.159	0	0	0	0	0	0	0	1	1	0	0	6
2013/09/16-21:33:31	78	982.009	60.159	0	0	1	0	0	0	0	1	0	0	1	6
2013/09/16-21:33:56	78	982.009	60.159	0	0	1	0	0	0	0	1	0	0	1	6
2013/09/16-21:34:21	78	982.009	60.159	0	0	0	0	0	0	0	1	1	0	0	5
2013/09/16-21:34:44	78	982.009	60.159	0	0	1	0	0	0	0	1	0	0	1	6
2013/09/16-21:44:09	76	1,001.137	57.355	0	0	1	0	0	0	0	1	0	0	1	6
2013/09/16-21:44:34	76	1,001.137	57.355	0	0	1	0	0	0	0	1	0	0	1	6
2013/09/16-21:45:00	76	1,001.137	57.355	0	0	1	0	0	0	0	1	0	0	1	6
2013/09/16-21:45:25	76	1,001.137	57.355	0	0	1	0	0	0	0	1	0	0	1	6
2013/09/16-21:45:52	76	1,001.137	57.355	0	0	1	0	0	0	0	1	0	0	1	6
2013/09/16-21:51:43	76	1,001.137	57.355	0	0	1	0	0	0	0	1	0	0	1	6
2013/09/16-21:52:08	76	1,001.137	57.355	0	0	1	0	0	0	0	1	0	0	1	6
2013/09/16-21:52:33	76	1,001.137	57.355	0	0	1	0	0	0	0	1	0	0	1	6
2013/09/16-21:52:58	76	1,001.137	57.355	0	0	1	0	0	0	0	1	0	0	1	6
2013/09/16-21:53:23	76	1,001.137	57.355	0	0	1	0	0	0	0	1	0	0	1	6
2013/09/17-20:11:17	79	985.715	57.797	0	0	1	0	0	0	0	1	1	0	0	6
2013/09/17-20:11:43	79	985.715	57.797	0	0	1	0	0	0	0	1	0	0	1	6
2013/09/17-20:12:08	79	985.715	57.797	0	0	1	0	0	0	0	1	0	0	1	6
2013/09/17-20:12:35	79	985.715	57.797	0	0	1	0	0	0	0	1	0	0	1	6
2013/09/17-20:13:00	79	985.715	57.797	0	0	1	0	0	0	0	1	0	0	1	4
2013/09/17-20:18:41	79	985.715	57.797	0	0	1	0	0	0	0	1	0	0	1	3
2013/09/17-20:19:06	79	985.715	57.797	0	0	0	0	0	0	0	1	1	0	0	6
2013/09/17-20:19:31	79	985.715	57.797	0	0	1	0	0	0	0	1	0	0	1	6
2013/09/17-20:19:56	79	985.715	57.797	0	0	1	0	0	0	0	1	0	0	1	6
2013/09/17-20:20:21	79	985.715	57.797	0	0	1	0	0	0	0	1	0	0	1	6
2013/09/17-20:28:29	80	973.447	53.239	0	0	1	0	0	0	0	1	0	0	1	6
2013/09/17-20:28:54	80	973.447	53.239	0	0	1	0	0	0	0	1	0	0	1	6
2013/09/17-20:29:19	80	973.447	53.239	0	0	1	0	0	0	0	1	0	0	1	3
2013/09/17-20:29:44	80	973.447	53.239	0	0	1	0	0	0	0	1	0	0	1	4
2013/09/17-20:30:09	80	973.447	53.239	0	0	1	0	0	0	0	1	0	0	1	6
2013/09/17-20:50:56	80	967.138	51.025	0	0	1	0	0	0	0	1	0	0	1	6
2013/09/17-20:51:25	80	967.138	51.025	0	0	1	0	0	0	0	1	0	0	1	6
2013/09/17-20:52:21	80	967.138	51.025	0	0	1	0	0	0	0	1	0	0	1	3
2013/09/17-20:52:44	80	967.138	51.025	0	0	1	0	0	0	0	1	0	0	1	6
2013/09/17-20:53:46	80	967.138	51.025	0	0	1	0	0	0	0	1	0	0	1	5
2013/09/17-20:57:17	80	967.138	51.025	0	0	1	0	0	0	0	1	0	0	1	6
2013/09/17-20:57:41	80	967.138	51.025	0	0	1	0	0	0	0	1	0	0	1	3
2013/09/17-20:58:03	80	967.138	51.025	0	0	0	0	0	0	0	1	1	0	0	3
2013/09/17-20:58:25	80	967.138	51.025	0	0	1	0	0	0	0	1	0	0	1	6
2013/09/17-20:58:50	80	967.138	51.025	0	0	1	0	0	0	0	1	0	0	1	6
2013/09/17-21:10:57	80	967.138	51.025	0	0	1	0	0	0	0	1	0	0	1	5
2013/09/17-21:11:34	80	967.138	51.025	0	0	1	0	0	0	0	1	0	0	1	4
2013/09/17-21:12:00	80	967.138	51.025	0	0	1	0	0	0	0	1	0	0	1	3
2013/09/17-21:12:22	80	967.138	51.025	0	0	1	0	0	0	0	1	0	0	1	6
2013/09/17-21:13:05	80	967.138	51.025	0	0	1	0	0	0	0	1	0	0	1	6
2013/09/18-09:09:00	80	984.875	55.295	0	0	1	0	0	0	0	1	0	0	1	6
2013/09/18-09:09:27	80	984.875	55.295	0	0	1	0	0	0	0	1	0	0	1	6
2013/09/18-09:09:52	80	984.875	55.295	0	0	0	0	0	0	0	1	1	0	0	6
2013/09/18-09:10:17	80	990.091	54.009	0	0	1	0	0	0	0	1	0	0	1	6
2013/09/18-09:10:42	80	990.091	54.009	0	0	1	0	0	0	0	1	0	0	1	6
2013/09/18-11:06:46	80	990.091	54.009	0	0	1	0	0	0	0	1	0	0	1	6
2013/09/18-11:07:11	80	990.091	54.009	0	0	1	0	0	0	0	1	0	0	1	6
2013/09/18-11:08:29	80	990.091	54.009	0	0	1	0	0	0	0	1	0	0	1	6
2013/09/18-11:08:54	80	990.091	54.009	0	0	1	0	0	0	0	1	0	0	1	6
2013/09/18-11:09:24	80	990.091	54.009	0	0	1	0	0	0	0	1	0	0	1	6
2013/09/18-11:17:29	76	1,001.53	51.365	0	0	1	0	0	0	0	1	0	0	1	3
2013/09/18-11:18:03	76	1,001.53	51.365	0	0	1	0	0	0	0	1	0	0	1	6
2013/09/18-11:18:29	76	1,001.53	51.365	0	0	1	0	0	0	0	1	0	0	1	6
2013/09/18-11:18:54	76	1,001.53	51.365	0	0	1	0	0	0	0	1	0	0	1	3
2013/09/18-11:19:19	76	1,001.53	51.365	0	0	1	0	0	0	0	1	0	0	1	3
2013/09/18-16:00:43	78	992.854	56.539	0	0	1	0	0	0	0	1	0	0	1	6
2013/09/18-16:02:01	78	992.854	56.539	0	0	1	0	0	0	0	1	0	0	1	6
2013/09/18-16:02:26	78	992.854	56.539	0	0	1	0	0	0	0	1	0	0	1	6
2013/09/18-16:02:52	78	992.854	56.539	0	0	1	0	0	0	0	1	0	0	1	6
2013/09/18-16:03:31	78	992.854	56.539	0	0	1	0	0	0	0	1	0	0	1	6
2013/09/18-16:08:28	78	992.854	56.539	0	0	0	0	0	0	0	1	1	0	0	6
2013/09/18-16:08:53	78	992.854	56.539	0	0	0	0	0	0	0	1	1	0	0	6
2013/09/18-16:09:18	77	997.411	53.3	0	0	0	0	0	0	0	1	1	0	0	4
2013/09/18-16:09:41	77	997.411	53.3	0	0	1	0	0	0	0	1	0	0	1	6
2013/09/18-16:10:06	77	997.411	53.3	0	0	1	0	0	0	0	1	0	0	1	6
2013/09/18-16:19:31	77	997.411	53.3	0	0	1	0	0	0	0	1	0	0	1	6
2013/09/18-16:19:56	77	997.411	53.3	0	0	1	0	0	0	0	1	0	0	1	6
2013/09/18-16:20:21	77	997.411	53.3	0	0	1	0	0	0	0	1	0	0	1	3
2013/09/18-16:20:46	77	997.411	53.3	0	0	1	0	0	0	0	1	1	0	0	6
2013/09/18-16:21:11	77	997.411	53.3	0	0	1	0	0	0	0	1	0	0	1	6
2013/09/18-16:37:37	78	995.61	50.141	0	0	1	0	0	0	0	1	0	0	1	3
2013/09/18-16:38:10	78	995.61	50.141	0	0	1	0	0	0	0	1	0	0	1	6
2013/09/18-16:38:45	78	995.61	50.141	0	0	1	0	0	0	0	1	0	0	1	3
2013/09/18-16:39:18	78	995.61	50.141	0	0	1	0	0	0	0	1	0	0	1	6
2013/09/18-16:39:43	78	995.61	50.141	0	0	1	0	0	0	0	1	0	0	1	6
2013/09/18-16:43:29	78	995.61	50.141	0	0	1	0	0	0	0	1	0	0	1	6
2013/09/18-16:43:54	78	995.61	50.141	0	0	1	0	0	0	0	1	0	0	1	6
2013/09/18-16:44:19	78	995.61	50.141	0	0	0	0	0	0	0	1	1	0	0	4
2013/09/18-16:44:42	78	995.61	50.141	0	0	1	0	0	0	0	1	0	0	1	6
2013/09/18-16:45:55	78	995.61	50.141	0	0	1	0	0	0	0	1	0	0	1	6
2013/09/18-16:59:42	78	995.61	50.141	0	0	1	0	0	0	0	1	0	0	1	3
2013/09/18-17:00:58	78	995.61	50.141	0	0	1	0	0	0	0	1	0	0	1	6
2013/09/18-17:01:29	78	995.61	50.141	0	0	1	0	0	0	0	1	0	0	1	6
2013/09/18-17:01:55	76	1,030.155	48.804	0	0	1	0	0	0	0	1	0	0	1	6
2013/09/18-17:02:57	76	1,030.155	48.804	0	0	1	0	0	0	0	1	0	0	1	6
2013/09/19-11:27:01	77	1,028.035	62.462	0	0	1	0	0	0	0	1	0	0	1	6
2013/09/19-11:27:45	77	1,028.035	62.462	0	0	1	0	0	0	0	1	0	0	1	6
2013/09/19-11:28:10	77	1,028.035	62.462	0	0	1	0	0	0	0	1	0	0	1	6
2013/09/19-11:29:14	77	1,028.035	62.462	0	0	1	0	0	0	0	1	0	0	1	6
2013/09/19-11:29:47	77	1,045.255	62.018	0	0	1	0	0	0	0	1	0	0	1	6
2013/09/19-11:38:12	77	1,045.255	62.018	0	0	1	0	0	0	0	1	0	0	1	3
2013/09/19-11:38:37	77	1,045.255	62.018	0	0	1	0	0	0	0	1	0	0	1	6
2013/09/19-11:39:02	77	1,045.255	62.018	0	0	1	0	0	0	0	1	0	0	1	6
2013/09/19-11:39:34	77	1,045.255	62.018	0	0	1	0	0	0	0	1	0	0	1	6
2013/09/19-11:39:59	77	1,045.255	62.018	0	0	1	0	0	0	0	1	0	0	1	6
2013/09/19-11:52:47	77	1,045.255	62.018	0	0	1	0	0	0	0	1	0	0	1	6
2013/09/19-11:53:12	77	1,045.255	62.018	0	0	1	0	0	0	0	1	0	0	1	6
2013/09/19-11:53:37	77	1,045.255	62.018	0	0	1	0	0	0	0	1	0	0	1	6
2013/09/19-11:54:02	77	1,045.255	62.018	0	0	1	0	0	0	0	1	0	0	1	6
2013/09/19-11:54:27	77	1,045.255	62.018	0	0	1	0	0	0	0	1	0	0	1	6
2013/09/19-17:12:51	81	1,020.845	63.395	0	0	1	0	0	0	0	1	0	0	1	6
2013/09/19-17:13:48	81	1,020.845	63.395	0	0	1	0	0	0	0	1	0	0	1	3
2013/09/19-17:14:50	81	1,020.845	63.395	0	0	1	0	0	0	0	1	0	0	1	3
2013/09/19-17:15:55	81	1,020.845	63.395	0	0	1	0	0	0	0	1	0	0	1	6
2013/09/19-17:17:05	81	1,020.845	63.395	0	0	1	0	0	0	0	1	0	0	1	6
2013/09/19-17:18:04	81	1,020.845	63.395	0	0	1	0	0	0	0	1	0	0	1	6
2013/09/19-17:18:50	81	1,020.845	63.395	0	0	1	0	0	0	0	1	0	0	1	6
2013/09/19-17:20:09	81	1,020.845	63.395	0	0	1	0	0	0	0	1	0	0	1	3
2013/09/19-17:21:28	81	1,020.845	63.395	0	0	1	0	0	0	0	1	0	0	1	6
2013/09/19-17:22:47	81	1,020.845	63.395	0	0	1	0	0	0	0	1	0	0	1	6
2013/09/19-17:36:47	82	1,014.845	60.941	0	0	1	0	0	0	0	1	0	0	1	6
2013/09/19-17:37:12	82	1,014.845	60.941	0	0	1	0	0	0	0	1	0	0	1	6
2013/09/19-17:37:37	82	1,014.845	60.941	0	0	1	0	0	0	0	1	0	0	1	6
2013/09/19-17:38:02	82	1,014.845	60.941	0	0	0	0	0	0	0	1	1	0	0	6
2013/09/19-17:38:27	82	1,014.845	60.941	0	0	1	0	0	0	0	1	0	0	1	6
2013/09/19-21:25:54	81	1,023.512	63.341	0	0	1	0	0	0	0	1	0	0	1	6
2013/09/19-21:26:19	81	1,023.512	63.341	0	0	1	0	0	0	0	1	0	0	1	6
2013/09/19-21:26:49	81	1,023.512	63.341	0	0	1	0	0	0	0	1	0	0	1	6
2013/09/19-21:27:35	81	1,023.512	63.341	0	0	1	0	0	0	0	1	0	0	1	5
2013/09/19-21:28:13	81	1,023.512	63.341	0	0	1	0	0	0	0	1	0	0	1	3
2013/09/19-21:28:45	81	1,023.512	63.341	0	0	1	0	0	0	0	1	0	0	1	6
2013/09/19-21:29:58	81	1,042.856	62.147	0	0	1	0	0	0	0	1	0	0	1	6
2013/09/19-21:30:29	81	1,042.856	62.147	0	0	1	0	0	0	0	1	0	0	1	6
2013/09/19-21:31:05	81	1,042.856	62.147	0	0	1	0	0	0	0	1	0	0	1	6
2013/09/19-21:32:24	81	1,042.856	62.147	0	0	1	0	0	0	0	1	0	0	1	6
2013/09/19-21:43:20	81	1,042.856	62.147	0	0	1	0	0	0	0	1	0	0	1	6
2013/09/19-21:43:45	81	1,042.856	62.147	0	0	1	0	0	0	0	1	0	0	1	6
2013/09/19-21:44:10	81	1,042.856	62.147	0	0	1	0	0	0	0	1	0	0	1	6
2013/09/19-21:44:35	81	1,042.856	62.147	0	0	1	0	0	0	0	1	0	0	1	6
2013/09/19-21:45:00	81	1,042.856	62.147	0	0	1	0	0	0	0	1	0	0	1	6
2013/09/20-02:45:13	81	1,038.618	63.326	0	0	1	0	0	0	0	1	0	0	1	4
2013/09/20-02:45:39	81	1,038.618	63.326	0	0	1	0	0	0	0	1	0	0	1	6
2013/09/20-02:46:07	81	1,038.618	63.326	0	0	1	0	0	0	0	1	0	0	1	6
2013/09/20-02:46:39	81	1,038.618	63.326	0	0	1	0	0	0	0	1	0	0	1	9
2013/09/20-02:47:13	81	1,038.618	63.326	0	0	1	0	0	0	0	1	0	0	1	6
2013/09/20-03:03:00	82	1,044.432	62.759	0	0	1	0	0	0	0	1	0	0	1	6
2013/09/20-03:03:25	82	1,044.432	62.759	0	0	1	0	0	0	0	1	1	0	0	5
2013/09/20-03:03:49	82	1,044.432	62.759	0	0	1	0	0	0	0	1	0	0	1	3
2013/09/20-03:04:30	82	1,044.432	62.759	0	0	1	0	0	0	0	1	0	0	1	6
2013/09/20-03:04:55	82	1,044.432	62.759	0	0	1	0	0	0	0	1	0	0	1	6
2013/09/20-03:17:25	81	1,057.704	60.207	0	0	1	0	0	0	0	1	0	0	1	6
2013/09/20-03:18:28	81	1,057.704	60.207	0	0	1	0	0	0	0	1	0	0	1	3
2013/09/20-03:18:51	81	1,057.704	60.207	0	0	1	0	0	0	0	1	0	0	1	3
2013/09/20-03:19:18	81	1,057.704	60.207	0	0	1	0	0	0	0	1	0	0	1	6
2013/09/20-03:19:50	81	1,057.704	60.207	0	0	1	0	0	0	0	1	0	0	1	3
2013/09/20-06:51:57	81	1,066.875	64.636	0	0	1	0	0	0	0	1	0	0	1	6
2013/09/20-06:53:16	81	1,066.875	64.636	0	0	1	0	0	0	0	1	0	0	1	6
2013/09/20-06:54:35	81	1,066.875	64.636	0	0	1	0	0	0	0	1	0	0	1	6
2013/09/20-06:55:24	81	1,066.875	64.636	0	0	1	0	0	0	0	1	0	0	1	6
2013/09/20-06:56:43	81	1,066.875	64.636	0	0	1	0	0	0	0	1	0	0	1	4
2013/09/20-07:04:34	81	1,066.875	64.636	0	0	1	0	0	0	0	1	0	0	1	6
2013/09/20-07:04:59	81	1,066.875	64.636	0	0	1	0	0	0	0	1	0	0	1	6
2013/09/20-07:05:24	81	1,066.875	64.636	0	0	1	0	0	0	0	1	0	0	1	6
2013/09/20-07:05:50	81	1,066.875	64.636	0	0	1	0	0	0	0	1	0	0	1	6
2013/09/20-07:06:15	81	1,066.875	64.636	0	0	1	0	0	0	0	1	0	0	1	6
2013/09/20-07:21:44	82	1,068.838	61.083	0	0	1	0	0	0	0	1	0	0	1	6
2013/09/20-07:22:09	82	1,068.838	61.083	0	0	1	0	0	0	0	1	0	0	1	6
2013/09/20-07:22:34	82	1,068.838	61.083	0	0	1	0	0	0	0	1	0	0	1	6
2013/09/20-07:22:59	82	1,068.838	61.083	0	0	1	0	0	0	0	1	0	0	1	6
2013/09/20-07:23:24	82	1,068.838	61.083	0	0	1	0	0	0	0	1	0	0	1	6
2013/09/20-12:01:19	83	1,048.919	65.069	0	0	1	0	0	0	0	1	0	0	1	6
2013/09/20-12:02:13	83	1,048.919	65.069	0	0	1	0	0	0	0	1	0	0	1	3
2013/09/20-12:03:32	83	1,048.919	65.069	0	0	1	0	0	0	0	1	0	0	1	3
2013/09/20-12:04:09	83	1,048.919	65.069	0	0	1	0	0	0	0	1	0	0	1	3
2013/09/20-12:05:28	83	1,048.919	65.069	0	0	1	0	0	0	0	1	0	0	1	6
2013/09/20-12:14:43	83	1,048.919	65.069	0	0	1	0	0	0	0	1	0	0	1	6
2013/09/20-12:15:46	83	1,048.919	65.069	0	0	1	0	0	0	0	1	0	0	1	8
2013/09/20-12:16:59	83	1,048.919	65.069	0	0	1	0	0	0	0	1	0	0	1	6
2013/09/20-12:18:06	83	1,048.919	65.069	0	0	1	0	0	0	0	1	0	0	1	6
2013/09/20-12:18:57	83	1,048.919	65.069	0	0	1	0	0	0	0	1	0	0	1	6
2013/09/20-12:27:09	83	1,065.194	62.355	0	0	1	0	0	0	0	1	1	0	0	6
2013/09/20-12:27:34	83	1,065.194	62.355	0	0	1	0	0	0	0	1	0	0	1	6
2013/09/20-12:28:00	83	1,065.194	62.355	0	0	1	0	0	0	0	1	0	0	1	6
2013/09/20-12:28:25	83	1,065.194	62.355	0	0	1	0	0	0	0	1	0	0	1	6
2013/09/20-12:28:51	83	1,065.194	62.355	0	0	1	0	0	0	0	1	0	1	0	6
2013/09/20-18:05:33	82	1,086.637	64.838	0	0	1	0	0	0	0	1	0	0	1	6
2013/09/20-18:06:12	82	1,086.637	64.838	0	0	1	0	0	0	0	1	0	0	1	6
2013/09/20-18:07:06	82	1,086.637	64.838	0	0	1	0	0	0	0	1	0	0	1	6
2013/09/20-18:08:25	82	1,086.637	64.838	0	0	1	0	0	0	0	1	0	0	1	6
2013/09/20-18:08:57	82	1,086.637	64.838	0	0	1	0	0	0	0	1	0	0	1	3
2013/09/20-18:16:10	83	1,078.687	63.824	0	0	1	0	0	0	0	1	0	0	1	6
2013/09/20-18:16:44	83	1,078.687	63.824	0	0	0	0	0	0	0	1	1	0	0	6
2013/09/20-18:17:09	83	1,078.687	63.824	0	0	1	0	0	0	0	1	0	0	1	3
2013/09/20-18:17:41	83	1,078.687	63.824	0	0	1	0	0	0	0	1	0	0	1	6
2013/09/20-18:18:10	83	1,078.687	63.824	0	0	1	0	0	0	0	1	0	0	1	6
2013/09/20-18:18:41	83	1,078.687	63.824	0	0	1	0	0	0	0	1	0	1	0	6
2013/09/20-18:19:12	83	1,078.687	63.824	0	0	0	0	0	0	0	1	1	0	0	6
2013/09/20-18:28:34	83	1,078.687	63.824	0	0	0	0	0	0	0	1	1	0	0	6
2013/09/20-18:29:00	83	1,078.687	63.824	0	0	1	0	0	0	0	1	0	0	1	6
2013/09/20-18:29:25	83	1,078.687	63.824	0	0	1	0	0	0	0	1	0	0	1	3
2013/09/20-18:29:50	83	1,078.687	63.824	0	0	1	0	0	0	0	1	1	0	0	6
2013/09/20-18:30:16	83	1,078.687	63.824	0	0	1	0	0	0	0	1	0	0	1	9
2013/09/20-18:30:50	83	1,078.687	63.824	0	0	1	0	0	0	0	1	0	0	1	6
2013/09/20-20:21:18	81	1,098.999	60.238	0	0	1	0	0	0	0	1	0	0	1	6
2013/09/20-20:21:52	81	1,098.999	60.238	0	0	1	0	0	0	0	1	0	0	1	6
2013/09/20-20:22:16	81	1,098.999	60.238	0	0	1	0	0	0	0	1	0	0	1	3
2013/09/20-20:22:38	81	1,098.999	60.238	0	0	1	0	0	0	0	1	0	0	1	6
2013/09/20-20:23:06	81	1,098.999	60.238	0	0	1	0	0	0	0	1	0	0	1	6
2013/09/20-20:31:07	81	1,098.999	60.238	0	0	1	0	0	0	0	1	0	0	1	6
2013/09/20-20:31:32	80	1,111.814	57.048	0	0	1	0	0	0	0	1	0	0	1	6
2013/09/20-20:31:57	80	1,111.814	57.048	0	0	1	0	0	0	0	1	0	0	1	6
2013/09/20-20:32:22	80	1,111.814	57.048	0	0	1	0	0	0	0	1	0	0	1	6
2013/09/20-20:32:47	80	1,111.814	57.048	0	0	0	0	0	0	0	1	1	0	0	6
2013/09/20-20:45:00	80	1,111.814	57.048	0	0	1	0	0	0	0	1	0	0	1	6
2013/09/20-20:45:25	80	1,111.814	57.048	0	0	1	0	0	0	0	1	0	0	1	6
2013/09/20-20:46:06	80	1,111.814	57.048	0	0	1	0	0	0	0	1	0	0	1	6
2013/09/20-20:46:31	80	1,111.814	57.048	0	0	0	0	0	0	0	1	1	0	0	9
2013/09/20-20:46:59	80	1,111.814	57.048	0	0	1	0	0	0	0	1	0	0	1	6
