2013/08/29-00:05:45	3	1,500	350	0	0	0	0	0	0	0	1	1	0	0	39
2013/08/29-00:09:21	3	1,500	350	4	0	1	0	0	0	0	1	0	0	1	21
2013/08/29-00:12:19	3	1,500	350	2	0	0	0	0	0	0	1	1	0	0	60
2013/08/29-00:19:36	3	1,500	350	3	0	0	0	0	0	1	1	0	0	1	44
2013/08/29-00:49:44	3	1,500	350	1	0	0	0	0	0	0	1	1	0	0	43
2013/08/29-00:54:06	3	1,500	350	1	0	1	0	0	0	0	1	0	0	1	34
2013/08/29-01:26:00	3	1,500	350	1	0	0	0	0	0	0	1	1	0	0	33
2013/08/29-01:30:38	3	1,500	350	7	0	1	0	1	0	0	1	0	0	1	57
2013/08/29-01:56:34	3	1,500	350	5	0	0	1	1	0	0	1	1	0	0	23
2013/08/29-01:57:16	3	1,500	350	1	0	0	0	1	0	0	1	1	0	0	21
2013/08/29-01:57:56	3	1,500	350	1	0	0	0	0	0	0	1	1	0	0	3
2013/08/29-01:58:18	3	1,500	350	1	0	1	0	0	0	0	1	1	0	0	3
2013/08/29-01:58:40	3	1,500	350	1	0	0	0	1	0	1	1	0	0	1	3
2013/08/29-02:08:32	3	1,500	350	1	0	0	0	0	0	0	1	0	0	1	60
2013/08/29-02:09:52	3	1,500	350	2	0	0	1	0	0	0	1	1	0	0	60
2013/08/29-02:11:11	3	1,500	350	1	0	0	0	0	0	1	1	0	0	1	4
2013/08/29-02:11:35	3	1,500	350	4	0	1	0	0	0	0	1	0	0	1	53
2013/08/29-02:12:54	3	1,500	350	6	0	0	0	0	0	0	1	1	0	0	60
2013/08/29-07:36:53	3	1,991.52	263.837	1	0	0	0	0	0	1	1	0	0	1	3
2013/08/29-07:38:00	3	1,991.52	263.837	2	0	1	0	0	0	0	1	0	0	1	52
2013/08/29-07:39:10	3	1,991.52	263.837	1	0	1	0	0	0	0	1	0	0	1	4
2013/08/29-07:39:33	3	1,991.52	263.837	1	0	0	0	0	0	1	1	0	0	1	3
2013/08/29-07:39:55	3	1,991.52	263.837	1	0	1	0	0	0	0	1	0	0	1	18
