2013/08/29-00:06:51	4	1,500	350	4	0	0	1	0	0	1	1	0	0	1	15
2013/08/29-00:08:50	4	1,500	350	0	0	0	0	0	0	0	1	1	0	0	6
2013/08/29-00:11:48	4	1,500	350	0	0	0	0	0	0	0	1	1	0	0	6
2013/08/29-00:20:43	4	1,500	350	1	0	0	0	0	0	1	1	0	0	1	10
2013/08/29-00:22:01	4	1,500	350	0	0	0	0	0	0	0	1	1	0	0	6
2013/08/29-00:50:52	4	1,500	350	3	0	0	1	1	0	1	1	0	0	1	20
2013/08/29-00:53:08	4	1,500	350	0	0	0	0	0	0	0	1	1	0	0	33
2013/08/29-01:26:58	4	1,500	350	1	0	0	0	0	0	1	1	0	0	1	9
2013/08/29-01:28:23	4	1,500	350	0	0	0	0	0	0	0	1	1	0	0	17
2013/08/29-01:33:52	6	1,816.421	265.366	5	0	0	1	0	0	1	1	0	0	1	28
2013/08/29-01:59:11	4	1,500	350	1	0	0	0	0	0	1	1	0	0	1	18
2013/08/29-02:00:02	4	1,500	350	4	0	1	0	0	0	0	1	0	0	1	22
2013/08/29-02:01:00	4	1,500	350	3	0	0	0	1	0	1	1	0	0	1	21
2013/08/29-02:02:19	4	1,500	350	1	0	1	0	0	0	0	1	0	0	1	3
2013/08/29-02:02:41	4	1,500	350	1	0	1	0	1	0	0	1	1	0	0	6
2013/08/29-02:03:12	4	1,500	350	1	0	0	0	1	0	0	1	1	0	0	6
2013/08/29-02:03:37	4	1,500	350	1	0	0	0	0	0	0	1	1	0	0	6
2013/08/29-02:04:02	4	1,500	350	0	0	0	0	0	0	0	1	1	0	0	60
2013/08/29-02:05:21	4	1,500	350	0	0	0	0	0	0	0	1	1	0	0	6
2013/08/29-02:05:46	4	1,500	350	1	0	0	0	1	0	0	1	1	0	0	5
2013/08/29-07:30:26	4	1,857.469	263.837	2	0	0	0	0	0	0	1	1	0	0	9
2013/08/29-07:30:53	4	1,857.469	263.837	1	0	1	0	0	0	0	1	0	0	1	3
2013/08/29-07:31:15	4	1,857.469	263.837	0	0	0	0	0	0	0	1	1	0	0	23
2013/08/29-07:31:57	4	1,857.469	263.837	1	0	1	0	1	0	0	1	0	0	1	6
2013/08/29-07:32:22	4	1,857.469	263.837	1	0	1	0	2	0	0	1	0	0	1	3
