2013/09/02-13:33:51	5	1,500	350	1	0	1	0	0	0	0	1	0	0	1	7
2013/09/02-13:34:17	5	1,500	350	1	0	0	0	0	0	1	1	0	0	1	13
2013/09/02-13:34:49	5	1,500	350	0	0	1	0	0	0	0	1	0	0	1	3
2013/09/02-13:35:14	5	1,500	350	0	0	0	0	0	0	0	1	1	0	0	9
2013/09/02-13:35:41	5	1,500	350	0	0	1	0	0	0	0	1	0	0	1	4
2013/09/02-14:07:44	5	1,500	350	1	0	1	0	0	0	0	1	0	0	1	22
2013/09/02-14:08:25	5	1,500	350	2	0	0	1	0	0	0	1	1	0	0	60
2013/09/02-14:09:44	5	1,500	350	0	0	1	0	0	0	0	1	0	0	1	4
2013/09/02-14:10:07	5	1,500	350	0	0	0	0	0	0	0	1	1	0	0	13
2013/09/02-14:10:39	5	1,500	350	0	0	0	0	0	0	0	1	1	0	0	20
2013/09/02-14:25:12	2	2,036.204	263.837	0	0	0	0	0	0	0	1	1	0	0	3
2013/09/02-14:25:34	2	2,036.204	263.837	1	0	0	0	0	0	0	1	1	0	0	12
2013/09/02-14:26:04	2	2,036.204	263.837	0	0	1	0	0	0	0	1	0	0	1	24
2013/09/02-14:26:47	2	2,036.204	263.837	0	0	1	0	0	0	0	1	0	0	1	3
2013/09/02-14:27:55	2	2,036.204	263.837	0	0	1	0	0	0	0	1	0	0	1	4
2013/09/02-19:10:26	9	1,972.513	217.94	1	0	1	1	0	0	0	1	0	0	1	14
2013/09/02-19:11:20	9	1,972.513	217.94	0	0	1	0	0	0	0	1	0	0	1	14
2013/09/02-19:12:40	9	1,972.513	217.94	0	0	1	0	0	0	0	1	0	0	1	3
2013/09/02-19:13:11	9	1,972.513	217.94	0	0	1	0	0	0	0	1	0	0	1	38
2013/09/02-19:14:08	9	1,972.513	217.94	0	0	1	0	0	0	0	1	0	0	1	4
2013/09/02-19:33:48	13	1,826.173	182.33	0	0	1	0	0	0	0	1	0	0	1	25
2013/09/02-19:34:52	13	1,826.173	182.33	0	0	1	0	0	0	0	1	0	0	1	4
2013/09/02-19:35:25	13	1,826.173	182.33	0	0	1	0	0	0	0	1	0	0	1	5
2013/09/02-19:37:17	13	1,826.173	182.33	0	0	1	0	0	0	0	1	0	0	1	7
2013/09/02-19:38:31	13	1,826.173	182.33	0	0	1	0	0	0	0	1	0	0	1	4
2013/09/02-20:16:23	13	1,826.173	182.33	0	0	1	0	0	0	0	1	0	0	1	3
2013/09/02-20:18:33	13	1,826.173	182.33	0	0	0	0	0	0	0	1	1	0	0	84
2013/09/02-20:30:43	13	1,826.173	182.33	0	0	1	0	0	0	0	1	0	0	1	12
2013/09/02-20:31:36	13	1,826.173	182.33	1	0	1	0	0	0	0	1	0	0	1	9
2013/09/02-20:32:21	13	1,826.173	182.33	0	0	1	0	0	0	0	1	0	0	1	7
2013/09/02-20:47:14	25	1,631.532	145.802	0	0	1	0	0	0	0	1	0	0	1	8
2013/09/02-20:47:41	25	1,631.532	145.802	0	0	1	0	0	0	0	1	0	0	1	15
2013/09/02-20:49:00	25	1,631.532	145.802	1	0	0	0	0	0	0	1	1	0	0	49
2013/09/02-20:50:08	25	1,631.532	145.802	0	0	0	3	0	0	0	1	1	0	0	45
2013/09/02-20:51:12	25	1,631.532	145.802	0	0	1	0	0	0	0	1	0	0	1	4
2013/09/02-21:05:49	25	1,631.532	145.802	0	0	0	0	0	0	0	1	1	0	0	60
2013/09/02-21:07:08	24	1,651.106	124.644	0	0	1	0	0	0	0	1	0	0	1	19
2013/09/02-21:07:46	24	1,651.106	124.644	0	0	1	0	0	0	0	1	0	0	1	9
2013/09/02-21:08:14	24	1,651.106	124.644	1	0	1	0	0	0	0	1	0	0	1	3
2013/09/02-21:08:39	24	1,651.106	124.644	0	0	1	0	0	0	0	1	0	0	1	18
2013/09/02-21:27:22	24	1,651.106	124.644	0	0	1	0	0	0	0	1	0	0	1	10
2013/09/02-21:28:07	24	1,651.106	124.644	0	0	1	0	0	0	0	1	0	0	1	9
2013/09/02-21:28:58	24	1,651.106	124.644	0	0	1	0	0	0	0	1	0	0	1	3
2013/09/02-21:29:49	24	1,651.106	124.644	0	0	1	0	0	0	0	1	0	0	1	18
2013/09/02-21:30:25	24	1,651.106	124.644	0	0	1	0	0	0	0	1	0	0	1	17
2013/09/03-10:49:27	40	1,532.49	110.477	0	0	0	0	0	0	0	1	1	0	0	60
2013/09/03-10:50:46	40	1,532.49	110.477	0	0	1	0	0	0	0	1	0	0	1	7
2013/09/03-10:51:15	40	1,532.49	110.477	2	0	1	1	0	0	0	1	0	0	1	25
2013/09/03-10:51:59	40	1,532.49	110.477	1	0	1	0	0	0	0	1	0	0	1	24
2013/09/03-10:52:42	40	1,532.49	110.477	0	0	1	0	0	0	0	1	0	0	1	15
2013/09/03-10:57:47	40	1,532.49	110.477	0	0	1	0	0	0	0	1	0	0	1	13
2013/09/03-10:58:19	40	1,532.49	110.477	0	0	1	2	0	0	0	1	0	0	1	19
2013/09/03-10:59:28	40	1,532.49	110.477	0	0	1	0	0	0	0	1	0	0	1	25
2013/09/03-11:00:13	40	1,532.49	110.477	0	0	1	0	0	0	0	1	0	0	1	6
2013/09/03-11:01:16	40	1,532.49	110.477	0	0	1	0	0	0	0	1	0	0	1	8
2013/09/03-14:57:45	40	1,532.49	110.477	0	0	1	0	0	0	0	1	0	0	1	27
2013/09/03-14:59:04	40	1,532.49	110.477	0	0	0	0	0	0	0	1	1	0	0	15
2013/09/03-14:59:38	40	1,532.49	110.477	0	0	1	0	0	0	0	1	0	0	1	56
2013/09/03-15:00:53	40	1,532.49	110.477	0	0	1	0	0	0	0	1	0	0	1	4
2013/09/03-15:01:20	40	1,532.49	110.477	4	0	0	0	0	0	1	1	0	0	1	9
2013/09/03-15:16:17	53	1,431.327	92.344	0	0	0	0	0	0	0	1	1	0	0	60
2013/09/03-15:17:36	53	1,431.327	92.344	2	0	0	0	0	0	1	1	0	0	1	18
2013/09/03-15:18:12	53	1,431.327	92.344	0	0	1	0	0	0	0	1	0	0	1	5
2013/09/03-15:18:36	53	1,431.327	92.344	1	0	0	0	1	0	0	1	1	0	0	6
2013/09/03-15:19:01	53	1,431.327	92.344	2	0	0	0	0	0	1	1	0	0	1	4
2013/09/03-15:35:11	53	1,419.81	84.139	1	0	1	0	0	0	0	1	0	0	1	6
2013/09/03-15:35:36	53	1,419.81	84.139	0	0	1	0	0	0	0	1	0	0	1	14
2013/09/03-15:36:48	53	1,419.81	84.139	0	0	1	0	0	0	0	1	0	0	1	10
2013/09/03-15:37:27	53	1,419.81	84.139	0	0	1	0	0	0	0	1	0	0	1	14
2013/09/03-15:38:05	53	1,419.81	84.139	0	0	1	0	0	0	0	1	0	0	1	5
2013/09/03-15:47:55	53	1,419.81	84.139	0	0	1	0	0	0	0	1	0	0	1	7
2013/09/03-15:48:46	53	1,419.81	84.139	0	0	1	0	0	0	0	1	0	0	1	4
2013/09/03-15:49:09	53	1,419.81	84.139	0	0	0	0	0	0	0	1	1	0	0	10
2013/09/03-15:49:38	53	1,419.81	84.139	0	0	1	0	0	0	0	1	0	0	1	9
2013/09/03-15:50:05	53	1,419.81	84.139	0	0	1	0	0	0	0	1	0	0	1	7
2013/09/03-20:08:12	51	1,421.05	79.683	0	0	1	0	0	0	0	1	0	0	1	5
2013/09/03-20:09:31	51	1,421.05	79.683	0	0	1	0	0	0	0	1	0	0	1	6
2013/09/03-20:10:03	51	1,421.05	79.683	0	0	0	0	0	0	0	1	1	0	0	10
2013/09/03-20:10:31	51	1,421.05	79.683	0	0	1	0	0	0	0	1	0	0	1	16
2013/09/03-20:11:06	51	1,421.05	79.683	1	0	0	3	0	0	0	1	1	0	0	43
2013/09/03-20:21:14	51	1,421.05	79.683	0	0	1	0	0	0	0	1	1	0	0	3
2013/09/03-20:21:36	51	1,421.05	79.683	0	0	1	0	0	0	0	1	0	0	1	10
2013/09/03-20:22:05	51	1,421.05	79.683	2	0	0	4	0	0	0	1	1	0	0	60
2013/09/03-20:23:23	51	1,421.05	79.683	0	0	0	0	0	0	0	1	1	0	0	7
2013/09/03-20:23:49	51	1,421.05	79.683	0	0	0	0	0	0	0	1	1	0	0	60
2013/09/03-20:40:11	52	1,437.008	70.884	0	0	1	0	0	0	0	1	0	0	1	19
2013/09/03-20:40:50	52	1,437.008	70.884	0	0	1	0	0	0	0	1	0	0	1	3
2013/09/03-20:41:37	52	1,437.008	70.884	0	0	1	0	0	0	0	1	0	0	1	3
2013/09/03-20:41:58	52	1,437.008	70.884	0	0	1	0	0	0	0	1	0	0	1	7
2013/09/03-20:42:24	52	1,437.008	70.884	1	0	0	0	0	0	1	1	0	0	1	7
2013/09/04-15:32:46	53	1,416.4	71.883	0	0	1	0	0	0	0	1	0	0	1	5
2013/09/04-15:33:10	53	1,416.4	71.883	0	0	0	0	0	0	0	1	1	0	0	6
2013/09/04-15:33:35	53	1,416.4	71.883	0	0	1	0	0	0	0	1	0	0	1	7
2013/09/04-15:34:01	53	1,416.4	71.883	1	0	1	0	0	0	0	1	0	0	1	4
2013/09/04-15:34:32	53	1,416.4	71.883	0	0	1	0	0	0	0	1	0	0	1	3
2013/09/04-15:44:58	55	1,403.584	67.294	0	0	0	0	0	0	0	1	1	0	0	60
2013/09/04-15:46:17	55	1,403.584	67.294	0	0	1	0	0	0	0	1	0	0	1	15
2013/09/04-15:47:32	55	1,403.584	67.294	0	0	0	0	0	0	0	1	1	0	0	18
2013/09/04-15:48:09	55	1,403.584	67.294	0	0	1	0	0	0	0	1	0	0	1	6
2013/09/04-15:48:34	55	1,403.584	67.294	0	0	0	0	0	0	0	1	1	0	0	60
2013/09/04-16:01:43	55	1,403.584	67.294	0	0	1	0	0	0	0	1	0	0	1	6
2013/09/04-16:02:12	55	1,403.584	67.294	0	0	1	0	0	0	0	1	0	0	1	4
2013/09/04-16:02:44	55	1,403.584	67.294	0	0	0	0	0	0	0	1	1	0	0	60
2013/09/04-16:04:03	55	1,403.584	67.294	0	0	0	0	0	0	0	1	1	0	0	60
2013/09/04-16:05:22	55	1,403.584	67.294	0	0	1	0	0	0	0	1	0	0	1	23
2013/09/04-20:51:41	56	1,376.34	67.924	0	0	1	0	0	0	0	1	0	0	1	16
2013/09/04-20:52:17	56	1,376.34	67.924	1	0	1	0	0	0	0	1	0	0	1	47
2013/09/04-20:53:23	56	1,376.34	67.924	0	0	1	0	0	0	0	1	0	0	1	23
2013/09/04-20:54:05	56	1,376.34	67.924	0	0	1	0	0	0	0	1	0	0	1	13
2013/09/04-20:54:37	56	1,376.34	67.924	0	0	1	0	0	0	0	1	0	0	1	26
2013/09/04-21:12:24	54	1,381.046	63.909	0	0	0	0	0	0	0	1	1	0	0	10
2013/09/04-21:12:52	54	1,381.046	63.909	1	0	1	0	0	0	0	1	0	0	1	5
2013/09/04-21:13:21	54	1,381.046	63.909	0	0	1	0	0	0	0	1	0	0	1	5
2013/09/04-21:14:02	54	1,381.046	63.909	0	0	1	0	0	0	0	1	0	0	1	3
2013/09/04-21:14:31	54	1,381.046	63.909	0	0	1	0	0	0	0	1	0	0	1	3
2013/09/04-21:21:34	54	1,381.046	63.909	0	0	1	0	0	0	0	1	0	0	1	3
2013/09/04-21:22:08	54	1,381.046	63.909	0	0	0	0	0	0	0	1	1	0	0	60
2013/09/04-21:23:27	54	1,381.046	63.909	0	0	1	2	0	0	0	1	0	0	1	36
2013/09/04-21:24:22	54	1,381.046	63.909	0	0	1	0	0	0	0	1	0	0	1	4
2013/09/04-21:24:51	54	1,381.046	63.909	0	0	1	0	0	0	0	1	0	0	1	3
2013/09/05-02:59:47	53	1,365.955	64.888	2	0	0	0	0	0	1	1	0	0	1	10
2013/09/05-03:00:17	53	1,365.955	64.888	0	0	0	0	0	0	0	1	1	0	0	11
2013/09/05-03:00:46	53	1,365.955	64.888	0	0	0	0	0	0	0	1	1	0	0	60
2013/09/05-03:02:05	53	1,365.955	64.888	1	0	1	0	0	0	0	1	0	0	1	3
2013/09/05-03:02:44	53	1,365.955	64.888	0	0	1	0	0	0	0	1	0	0	1	4
2013/09/05-03:13:10	53	1,365.955	64.888	0	0	0	0	0	0	0	1	1	0	0	60
2013/09/05-03:14:29	53	1,365.955	64.888	8	0	0	1	1	0	0	1	1	0	0	46
2013/09/05-03:15:34	53	1,365.955	64.888	0	0	0	0	0	0	0	1	1	0	0	3
2013/09/05-03:15:55	53	1,365.955	64.888	0	0	1	0	0	0	0	1	0	0	1	4
2013/09/05-03:16:21	53	1,365.955	64.888	0	0	1	0	0	0	0	1	0	0	1	3
2013/09/05-03:27:58	54	1,362.55	58.867	0	0	1	0	0	0	0	1	0	0	1	13
2013/09/05-03:28:31	54	1,362.55	58.867	0	0	1	0	0	0	0	1	0	0	1	7
2013/09/05-03:28:56	54	1,362.55	58.867	0	0	1	0	0	0	0	1	0	0	1	33
2013/09/05-03:30:02	54	1,362.55	58.867	0	0	0	0	0	0	0	1	1	0	0	4
2013/09/05-03:30:25	54	1,362.55	58.867	0	0	1	0	0	0	0	1	0	0	1	10
2013/09/06-00:12:53	53	1,374.066	61.441	3	0	1	0	0	0	0	1	0	0	1	16
2013/09/06-00:13:40	55	1,362.729	60.864	0	0	0	2	0	0	0	1	1	0	0	60
2013/09/06-00:14:59	55	1,362.729	60.864	0	0	0	0	0	0	0	1	0	0	1	60
2013/09/06-00:16:17	55	1,362.729	60.864	5	0	1	4	0	0	0	1	0	0	1	51
2013/09/06-00:17:36	55	1,362.729	60.864	1	0	0	0	0	0	0	1	0	0	1	60
2013/09/06-00:38:48	55	1,362.729	60.864	1	0	1	0	0	0	0	1	0	0	1	8
2013/09/06-00:39:29	55	1,362.729	60.864	0	0	1	4	0	0	0	1	0	0	1	45
2013/09/06-00:40:33	55	1,362.729	60.864	0	0	1	0	0	0	0	1	0	0	1	23
2013/09/06-00:41:23	55	1,362.729	60.864	2	0	0	0	0	0	1	1	0	0	1	6
2013/09/06-00:42:05	55	1,362.729	60.864	0	0	1	0	0	0	0	1	0	0	1	9
2013/09/06-00:58:12	57	1,353.661	55.93	4	0	0	0	0	0	1	1	0	0	1	13
2013/09/06-00:59:30	57	1,353.661	55.93	0	0	0	0	0	0	0	1	0	0	1	60
2013/09/06-01:00:49	57	1,353.661	55.93	0	0	0	0	0	0	0	1	0	0	1	60
2013/09/06-01:02:08	57	1,353.661	55.93	2	0	0	1	0	0	0	1	1	0	0	60
2013/09/06-01:03:27	57	1,353.661	55.93	0	0	1	0	0	0	0	1	0	0	1	28
2013/09/07-11:17:32	57	1,354.018	62.506	3	0	0	0	0	0	0	1	1	0	0	60
2013/09/07-11:18:51	57	1,354.018	62.506	0	0	1	0	0	0	0	1	0	0	1	47
2013/09/07-11:20:10	57	1,354.018	62.506	2	0	0	0	0	0	1	1	0	0	1	5
2013/09/07-11:21:29	57	1,354.018	62.506	4	0	0	1	0	0	1	1	0	0	1	10
2013/09/07-11:22:05	57	1,354.018	62.506	1	0	0	1	0	0	0	1	1	0	0	60
2013/09/07-12:58:52	57	1,358.064	59.168	2	0	1	2	0	0	0	1	0	0	1	47
2013/09/07-13:00:09	57	1,358.064	59.168	2	0	1	1	0	0	0	1	0	0	1	15
2013/09/07-13:00:48	57	1,358.064	59.168	2	0	0	0	0	0	1	1	0	0	1	4
2013/09/07-13:02:06	57	1,358.064	59.168	2	0	1	0	0	0	0	1	0	0	1	26
2013/09/07-13:02:52	57	1,358.064	59.168	2	0	0	0	0	0	1	1	0	0	1	4
2013/09/07-13:19:14	57	1,358.064	59.168	2	0	0	1	0	0	0	1	0	0	1	60
2013/09/07-13:20:33	57	1,358.064	59.168	4	0	1	4	0	0	0	1	0	0	1	19
2013/09/07-13:21:44	57	1,358.064	59.168	1	0	0	1	0	0	0	1	0	0	1	60
2013/09/07-13:23:02	57	1,358.064	59.168	2	0	0	0	0	0	1	1	0	0	1	9
2013/09/07-13:24:21	57	1,358.064	59.168	2	0	0	1	0	0	0	1	0	0	1	60
2013/09/09-01:27:54	59	1,340.574	59.677	1	0	1	0	0	0	0	1	0	0	1	54
2013/09/09-01:29:08	59	1,340.574	59.677	1	0	0	1	0	0	0	1	1	0	0	60
2013/09/09-01:30:27	59	1,340.574	59.677	2	0	0	3	0	0	0	1	1	0	0	60
2013/09/09-01:31:45	59	1,340.574	59.677	2	0	0	2	0	0	0	1	1	0	0	60
2013/09/09-01:33:04	59	1,340.574	59.677	5	0	1	1	0	0	0	1	0	0	1	23
2013/09/09-07:31:16	59	1,340.574	59.677	0	0	1	0	0	0	0	1	0	0	1	27
2013/09/09-07:32:02	59	1,340.574	59.677	1	0	1	0	0	0	0	1	0	0	1	22
2013/09/09-07:33:21	59	1,340.574	59.677	0	0	0	0	0	0	0	1	1	0	0	60
2013/09/09-07:34:40	59	1,340.574	59.677	2	0	1	1	0	0	0	1	0	0	1	33
2013/09/09-07:35:47	58	1,364.672	55.024	1	0	0	0	0	0	0	1	0	0	1	60
2013/09/09-07:49:55	58	1,364.672	55.024	4	0	0	3	1	0	0	1	1	0	0	21
2013/09/09-07:50:35	58	1,364.672	55.024	1	0	1	2	0	0	0	1	0	0	1	15
2013/09/09-07:51:09	58	1,364.672	55.024	4	0	1	1	0	0	0	1	0	0	1	15
2013/09/09-07:52:27	58	1,364.672	55.024	0	0	1	0	0	0	0	1	0	0	1	21
2013/09/09-07:53:15	58	1,364.672	55.024	0	0	1	1	0	0	0	1	0	0	1	17
2013/09/10-20:11:43	58	1,357.39	58.82	0	0	0	0	0	0	0	1	0	1	0	325
2013/09/10-20:18:00	58	1,357.39	58.82	1	0	0	1	0	0	0	1	1	0	0	60
2013/09/10-20:22:39	58	1,357.39	58.82	0	0	1	0	0	0	0	1	0	0	1	6
2013/09/10-20:24:43	58	1,357.39	58.82	2	0	0	0	0	0	0	1	0	0	1	60
2013/09/10-20:26:02	58	1,357.39	58.82	0	0	1	0	0	0	0	1	0	0	1	23
2013/09/10-20:49:41	57	1,370.517	55.94	0	0	0	2	0	0	0	1	1	0	0	60
2013/09/10-20:51:00	57	1,370.517	55.94	2	0	1	2	0	0	0	1	0	0	1	26
2013/09/10-20:52:19	57	1,370.517	55.94	3	0	1	0	0	0	0	1	0	0	1	11
2013/09/10-20:53:21	57	1,370.517	55.94	1	0	1	1	0	0	0	1	0	0	1	35
2013/09/10-20:54:40	57	1,370.517	55.94	3	0	0	3	0	0	0	1	1	0	0	60
2013/09/10-21:26:36	58	1,364.336	53.406	1	0	1	0	0	0	0	1	0	0	1	22
2013/09/10-21:27:17	58	1,364.336	53.406	0	0	0	0	0	0	0	1	1	0	0	34
2013/09/10-21:28:10	58	1,364.336	53.406	3	0	1	1	0	0	0	1	0	0	1	12
2013/09/10-21:29:12	58	1,364.336	53.406	2	0	0	0	0	0	1	1	0	0	1	4
2013/09/10-21:29:54	58	1,364.336	53.406	2	0	1	1	0	0	0	1	0	0	1	33
2013/09/11-11:28:41	56	1,366.899	57.872	0	0	1	2	0	0	0	1	0	0	1	50
2013/09/11-11:29:51	56	1,366.899	57.872	2	0	0	0	1	0	1	1	0	0	1	5
2013/09/11-11:30:20	56	1,366.899	57.872	0	0	0	0	0	0	0	1	1	0	0	11
2013/09/11-11:30:50	56	1,366.899	57.872	2	0	0	0	0	0	1	1	0	0	1	4
2013/09/11-11:31:12	56	1,366.899	57.872	1	0	0	0	0	0	1	1	0	0	1	5
2013/09/11-11:35:31	56	1,366.899	57.872	1	0	0	0	0	0	1	1	0	0	1	8
2013/09/11-11:36:09	56	1,366.899	57.872	2	0	0	0	0	0	0	1	0	0	1	60
2013/09/11-11:37:27	56	1,366.899	57.872	3	0	0	0	0	0	0	1	0	0	1	60
2013/09/11-11:38:46	56	1,366.899	57.872	2	0	1	1	0	0	0	1	0	0	1	10
2013/09/11-11:39:58	56	1,366.899	57.872	0	0	0	0	0	0	0	1	0	0	1	60
2013/09/11-11:56:23	58	1,357.984	53.192	1	0	1	0	0	0	0	1	0	0	1	60
2013/09/11-11:57:41	58	1,357.984	53.192	0	0	1	0	0	0	0	1	0	0	1	2
2013/09/11-13:33:51	58	1,357.984	53.192	0	0	1	0	0	0	0	1	0	0	1	15
2013/09/11-13:34:24	58	1,357.984	53.192	1	0	1	1	0	0	0	1	0	0	1	37
2013/09/11-13:35:19	58	1,357.984	53.192	1	0	0	0	0	0	0	1	1	0	0	37
2013/09/12-00:33:34	58	1,358.432	58.627	1	0	0	0	0	0	0	1	1	0	0	31
2013/09/12-00:34:24	58	1,358.432	58.627	2	0	1	2	0	0	0	1	0	0	1	30
2013/09/12-00:35:43	58	1,358.432	58.627	0	0	0	1	0	0	0	1	1	0	0	41
2013/09/12-00:36:42	58	1,358.432	58.627	3	0	1	2	0	0	0	1	0	0	1	28
2013/09/12-00:37:29	58	1,358.432	58.627	0	0	1	0	0	0	0	1	0	0	1	22
2013/09/12-07:47:29	58	1,358.432	58.627	2	0	1	1	0	0	0	1	0	0	1	21
2013/09/12-07:48:10	58	1,358.432	58.627	0	0	1	0	0	0	0	1	0	0	1	10
2013/09/12-07:48:55	58	1,358.432	58.627	1	0	1	1	0	0	0	1	0	0	1	16
2013/09/12-07:49:40	58	1,358.432	58.627	2	0	1	0	0	0	0	1	0	0	1	10
2013/09/12-07:50:43	58	1,358.432	58.627	3	0	0	0	0	0	1	1	0	0	1	9
2013/09/12-08:04:31	58	1,354.797	53.718	2	0	1	1	0	0	0	1	0	0	1	19
2013/09/12-08:05:45	58	1,354.797	53.718	1	0	1	0	0	0	0	1	0	0	1	43
2013/09/12-08:06:47	58	1,354.797	53.718	0	0	0	1	0	0	0	1	0	0	1	60
2013/09/12-08:08:06	58	1,354.797	53.718	2	0	0	0	0	0	1	1	0	0	1	4
2013/09/12-08:08:29	58	1,354.797	53.718	2	0	0	2	0	0	0	1	0	0	1	60
2013/09/13-20:13:35	59	1,347.684	67.767	0	0	1	0	0	0	0	1	0	0	1	21
2013/09/13-20:14:40	59	1,347.684	67.767	2	0	0	0	0	0	1	1	0	0	1	4
2013/09/13-20:15:24	59	1,347.684	67.767	0	0	1	0	0	0	0	1	0	0	1	24
2013/09/13-20:16:17	59	1,347.684	67.767	2	0	0	3	0	0	0	1	1	0	0	60
2013/09/13-20:17:36	59	1,347.684	67.767	1	0	1	0	0	0	0	1	0	0	1	21
2013/09/13-20:22:47	57	1,334.752	63.625	0	0	0	0	0	0	0	1	0	0	1	60
2013/09/13-20:24:06	57	1,334.752	63.625	3	0	0	0	0	0	0	1	1	0	0	16
2013/09/13-20:24:40	57	1,334.752	63.625	0	0	0	1	0	0	0	1	0	0	1	60
2013/09/13-20:25:59	57	1,334.752	63.625	1	0	0	1	0	0	0	1	0	0	1	60
2013/09/13-20:27:18	57	1,334.752	63.625	0	0	1	0	0	0	0	1	0	0	1	12
2013/09/13-20:42:31	57	1,334.752	63.625	0	0	0	0	0	0	0	1	0	0	1	60
2013/09/13-20:43:50	57	1,334.752	63.625	2	0	1	2	0	0	0	1	0	0	1	15
2013/09/13-20:44:24	57	1,334.752	63.625	2	0	0	0	0	0	0	1	0	0	1	60
2013/09/13-20:45:43	57	1,334.752	63.625	1	0	1	0	0	0	0	1	0	0	1	11
2013/09/13-20:46:45	57	1,334.752	63.625	1	0	1	1	0	0	0	1	0	0	1	21
2013/09/14-07:19:29	59	1,331.301	68.133	1	0	1	1	0	0	0	1	0	0	1	18
2013/09/14-07:20:22	59	1,331.301	68.133	2	0	1	1	0	0	0	1	0	0	1	24
2013/09/14-07:21:31	59	1,331.301	68.133	2	0	1	1	0	0	0	1	0	0	1	37
2013/09/14-07:22:26	59	1,331.301	68.133	0	0	1	1	0	0	0	1	0	0	1	14
2013/09/14-07:23:24	59	1,331.301	68.133	2	0	1	0	0	0	0	1	0	0	1	17
2013/09/14-09:37:12	59	1,336.093	65.709	0	0	0	0	0	0	0	1	0	0	1	60
2013/09/14-09:38:32	59	1,336.093	65.709	0	0	0	0	0	0	0	1	0	0	1	60
2013/09/14-09:39:51	59	1,336.093	65.709	3	0	0	1	0	0	1	1	0	0	1	10
2013/09/14-09:41:09	59	1,336.093	65.709	0	0	0	0	0	0	0	1	0	0	1	60
2013/09/14-09:42:28	59	1,336.093	65.709	0	0	0	1	0	0	0	1	1	0	0	60
2013/09/14-09:55:01	59	1,336.093	65.709	2	0	0	1	0	0	0	1	1	0	0	60
2013/09/14-09:56:19	59	1,336.093	65.709	2	0	0	1	0	0	0	1	1	0	0	60
2013/09/14-09:57:38	59	1,336.093	65.709	2	0	0	2	0	0	0	1	0	0	1	60
2013/09/14-09:58:57	59	1,336.093	65.709	2	0	0	1	0	0	0	1	1	0	0	36
2013/09/14-09:59:52	59	1,336.093	65.709	0	0	0	0	0	0	0	1	1	0	0	60
2013/09/14-13:37:17	58	1,390.88	63.912	1	0	1	0	0	0	0	1	0	0	1	17
2013/09/14-13:38:07	58	1,390.88	63.912	0	0	1	0	0	0	0	1	0	0	1	11
2013/09/14-13:38:56	58	1,390.88	63.912	3	0	1	1	0	0	0	1	0	0	1	17
2013/09/14-13:39:48	58	1,390.88	63.912	0	0	1	0	0	0	0	1	0	0	1	13
2013/09/14-13:41:03	58	1,390.88	63.912	0	0	1	0	0	0	0	1	0	0	1	15
2013/09/14-13:41:50	58	1,390.88	63.912	3	0	0	0	0	0	1	1	0	0	1	10
2013/09/14-13:42:44	58	1,390.88	63.912	4	0	0	0	0	0	1	1	0	0	1	12
2013/09/14-13:44:03	58	1,390.88	63.912	1	0	1	4	0	0	0	1	0	0	1	42
2013/09/14-13:45:22	58	1,390.88	63.912	2	0	1	0	0	0	0	1	0	0	1	33
2013/09/14-13:46:30	58	1,390.88	63.912	1	0	1	2	0	0	0	1	0	0	1	32
2013/09/14-14:02:03	59	1,366.561	59.719	2	0	0	0	0	0	1	1	0	0	1	5
2013/09/14-14:03:10	59	1,366.561	59.719	0	0	1	1	0	0	0	1	0	0	1	22
2013/09/14-14:04:01	59	1,366.561	59.719	1	0	0	1	0	0	0	1	0	0	1	60
2013/09/14-14:05:20	59	1,366.561	59.719	3	0	0	0	0	0	0	1	1	0	0	17
2013/09/14-14:05:56	59	1,366.561	59.719	2	0	0	2	0	0	0	1	1	0	0	60
2013/09/14-17:26:04	58	1,383.102	61.35	0	0	0	0	0	0	0	1	0	0	1	60
2013/09/14-17:27:23	58	1,383.102	61.35	3	0	1	1	0	0	0	1	0	0	1	14
2013/09/14-17:28:19	58	1,383.102	61.35	2	0	0	0	0	0	1	1	0	0	1	4
2013/09/14-17:28:46	58	1,383.102	61.35	2	0	0	2	0	0	0	1	1	0	0	20
2013/09/14-17:29:25	58	1,383.102	61.35	1	0	1	0	0	0	0	1	0	0	1	22
2013/09/14-17:34:26	58	1,383.102	61.35	2	0	1	1	0	0	0	1	0	0	1	19
2013/09/14-17:35:20	58	1,383.102	61.35	5	0	0	1	0	0	1	1	0	0	1	14
2013/09/14-17:36:01	58	1,383.102	61.35	0	0	1	0	0	0	0	1	0	0	1	19
2013/09/14-17:36:54	58	1,383.102	61.35	0	0	1	1	0	0	0	1	0	0	1	30
2013/09/14-17:37:43	58	1,383.102	61.35	2	0	0	0	1	0	1	1	0	0	1	6
2013/09/14-17:47:29	58	1,383.102	61.35	0	0	0	0	0	0	0	1	0	0	1	60
2013/09/14-17:48:48	58	1,383.102	61.35	1	0	1	0	0	0	0	1	0	0	1	31
2013/09/14-17:49:37	58	1,383.102	61.35	2	0	0	0	0	0	1	1	0	0	1	4
2013/09/14-17:50:06	58	1,383.102	61.35	3	0	1	4	0	0	0	1	0	0	1	19
2013/09/14-17:51:25	58	1,382.165	55.384	2	0	0	0	0	0	1	1	0	0	1	4
2013/09/14-22:24:56	59	1,372.771	60.445	3	0	1	1	0	0	0	1	0	0	1	29
2013/09/14-22:25:58	59	1,372.771	60.445	0	0	1	0	0	0	0	1	0	0	1	11
2013/09/14-22:27:16	59	1,372.771	60.445	0	0	1	0	0	0	0	1	0	0	1	23
2013/09/14-22:28:35	59	1,372.771	60.445	4	0	1	2	0	0	0	1	0	0	1	28
2013/09/14-22:29:22	59	1,372.771	60.445	0	0	1	0	0	0	0	1	0	0	1	30
2013/09/14-22:40:20	59	1,372.771	60.445	2	0	1	1	0	0	0	1	0	0	1	38
2013/09/14-22:41:23	59	1,372.771	60.445	2	0	1	1	0	0	0	1	0	0	1	10
2013/09/14-22:41:53	59	1,372.771	60.445	1	0	1	1	0	0	0	1	0	0	1	18
2013/09/14-22:42:35	59	1,372.771	60.445	2	0	1	1	0	0	0	1	0	0	1	46
2013/09/14-22:43:40	59	1,372.771	60.445	2	0	1	1	0	0	0	1	0	0	1	20
2013/09/14-22:54:38	57	1,399.229	56.962	0	0	0	0	0	0	0	1	0	0	1	60
2013/09/14-22:55:57	57	1,399.229	56.962	3	0	0	2	0	0	0	1	1	0	0	60
2013/09/14-22:57:15	57	1,399.229	56.962	4	0	0	3	0	0	0	1	1	0	0	60
2013/09/14-22:58:34	57	1,399.229	56.962	3	0	0	2	0	0	0	1	1	0	0	60
2013/09/14-22:59:53	57	1,399.229	56.962	1	0	0	0	0	0	0	1	0	0	1	60
2013/09/15-10:10:36	56	1,425.252	59.05	3	0	1	1	0	0	0	1	0	0	1	20
2013/09/15-10:11:16	56	1,425.252	59.05	0	0	1	0	0	0	0	1	0	0	1	20
2013/09/15-10:12:13	56	1,425.252	59.05	4	0	0	1	0	0	1	1	0	0	1	11
2013/09/15-10:12:47	56	1,425.252	59.05	2	0	0	0	0	0	1	1	0	0	1	4
2013/09/15-10:13:49	56	1,425.252	59.05	3	0	0	1	0	0	0	1	1	0	0	25
2013/09/15-10:19:15	56	1,425.252	59.05	2	0	1	1	0	0	0	1	0	0	1	24
2013/09/15-10:19:57	56	1,425.252	59.05	0	0	1	0	0	0	0	1	0	0	1	11
2013/09/15-10:20:38	56	1,425.252	59.05	2	0	0	2	0	0	0	1	0	0	1	60
2013/09/15-10:21:57	56	1,425.252	59.05	2	0	1	1	0	0	0	1	0	0	1	16
2013/09/15-10:22:31	56	1,425.252	59.05	0	0	1	0	0	0	0	1	0	0	1	27
2013/09/15-10:36:25	56	1,425.252	59.05	0	0	1	0	0	0	0	1	0	0	1	8
2013/09/15-10:37:14	56	1,425.252	59.05	0	0	0	0	0	0	0	1	0	0	1	60
2013/09/15-10:38:33	56	1,425.252	59.05	0	0	0	0	0	0	0	1	0	0	1	60
2013/09/15-10:39:52	56	1,425.252	59.05	5	0	0	1	0	0	0	1	1	0	0	60
2013/09/15-10:41:11	55	1,430.258	53.581	2	0	1	2	0	0	0	1	0	0	1	25
2013/09/15-14:14:51	55	1,430.216	55.315	0	0	0	0	0	0	0	1	1	0	0	60
2013/09/15-14:16:11	54	1,433.47	55.027	2	0	0	0	0	0	1	1	0	0	1	4
2013/09/15-14:16:49	54	1,433.47	55.027	0	0	0	0	0	0	0	1	1	0	0	60
2013/09/15-14:18:08	54	1,433.47	55.027	1	0	0	1	0	0	0	1	1	0	0	60
2013/09/15-14:19:27	54	1,433.47	55.027	2	0	0	0	0	0	1	1	0	0	1	4
2013/09/15-14:28:33	54	1,433.47	55.027	2	0	0	2	0	0	0	1	1	0	0	58
2013/09/15-14:29:51	54	1,433.47	55.027	0	0	1	0	0	0	0	1	0	0	1	13
2013/09/15-14:30:28	54	1,433.47	55.027	2	0	0	0	0	0	1	1	0	0	1	4
2013/09/15-14:31:35	54	1,433.47	55.027	2	0	1	0	0	0	0	1	0	0	1	13
