2013/09/02-13:29:44	6	1,500	350	0	0	1	0	0	0	0	1	0	0	1	6
2013/09/02-13:31:05	6	1,500	350	0	0	1	0	0	0	0	1	0	0	1	3
2013/09/02-13:31:27	6	1,500	350	0	0	1	0	0	0	0	1	0	0	1	3
2013/09/02-13:32:00	6	1,500	350	0	0	1	0	0	0	0	1	0	0	1	3
2013/09/02-13:33:14	6	1,500	350	0	0	1	0	0	0	0	1	0	0	1	6
2013/09/02-14:04:54	6	1,500	350	0	0	0	0	0	0	0	1	1	0	0	5
2013/09/02-14:05:18	6	1,500	350	0	0	1	0	0	0	0	1	0	0	1	9
2013/09/02-14:05:57	6	1,500	350	0	0	0	0	0	0	0	1	1	0	0	6
2013/09/02-14:06:22	6	1,500	350	0	0	1	0	0	0	0	1	0	0	1	6
2013/09/02-14:07:12	6	1,500	350	0	0	1	0	0	0	0	1	0	0	1	3
2013/09/02-14:15:41	86	785.062	263.837	0	0	1	0	0	0	0	1	0	0	1	6
2013/09/02-14:16:06	86	785.062	263.837	0	0	0	0	0	0	0	1	1	0	0	6
2013/09/02-14:16:31	86	785.062	263.837	0	0	1	0	0	0	0	1	0	0	1	6
2013/09/02-14:16:56	86	785.062	263.837	0	0	1	0	0	0	0	1	0	0	1	3
2013/09/02-14:17:28	86	785.062	263.837	0	0	1	0	0	0	0	1	0	0	1	6
2013/09/02-17:37:10	78	965.061	222.709	0	0	1	0	0	0	0	1	0	0	1	3
2013/09/02-17:37:36	78	965.061	222.709	0	0	0	0	0	0	0	1	1	0	0	6
2013/09/02-17:38:00	78	965.061	222.709	0	0	1	0	0	0	0	1	0	0	1	6
2013/09/02-17:38:25	78	965.061	222.709	0	0	1	0	0	0	0	1	0	0	1	6
2013/09/02-17:38:50	78	965.061	222.709	0	0	1	0	0	0	0	1	0	0	1	3
2013/09/02-17:48:36	74	1,177.232	185.724	0	0	1	0	0	0	0	1	0	0	1	6
2013/09/02-17:49:01	74	1,177.232	185.724	0	0	1	0	0	0	0	1	0	0	1	6
2013/09/02-17:49:26	74	1,177.232	185.724	0	0	1	0	0	0	0	1	0	0	1	6
2013/09/02-17:49:51	74	1,177.232	185.724	0	0	1	0	0	0	0	1	0	0	1	6
2013/09/02-17:50:16	74	1,177.232	185.724	0	0	1	0	0	0	0	1	0	0	1	6
2013/09/02-17:50:48	74	1,177.232	185.724	0	0	0	0	0	0	0	1	1	0	0	6
2013/09/02-18:05:03	74	1,177.232	185.724	0	0	1	0	0	0	0	1	0	0	1	3
2013/09/02-18:05:29	74	1,177.232	185.724	0	0	1	0	0	0	0	1	0	0	1	6
2013/09/02-18:05:54	77	985.584	150.995	0	0	1	0	0	0	0	1	0	0	1	6
2013/09/02-18:06:28	77	985.584	150.995	0	0	1	0	0	0	0	1	0	0	1	3
2013/09/02-18:07:01	77	985.584	150.995	0	0	0	0	0	0	0	1	1	0	0	6
2013/09/03-00:10:16	70	1,061.186	141.035	0	0	1	0	0	0	0	1	0	0	1	6
2013/09/03-00:10:53	70	1,061.186	141.035	0	0	1	0	0	0	0	1	0	0	1	6
2013/09/03-00:11:18	70	1,061.186	141.035	0	0	1	0	0	0	0	1	0	0	1	6
2013/09/03-00:12:05	70	1,061.186	141.035	0	0	1	0	0	0	0	1	0	0	1	3
2013/09/03-00:12:27	70	1,061.186	141.035	0	0	0	0	0	0	0	1	1	0	0	6
2013/09/03-00:19:44	70	1,061.186	141.035	0	0	1	0	0	0	0	1	0	0	1	6
2013/09/03-00:20:09	71	1,066.863	122.02	0	0	0	0	0	0	0	1	1	0	0	6
2013/09/03-00:20:34	71	1,066.863	122.02	0	0	1	0	0	0	0	1	0	0	1	6
2013/09/03-00:20:59	71	1,066.863	122.02	0	0	1	0	0	0	0	1	0	0	1	6
2013/09/03-00:21:24	71	1,066.863	122.02	0	0	1	0	0	0	0	1	0	0	1	3
2013/09/03-00:33:02	71	1,066.863	122.02	0	0	0	0	0	0	0	1	1	0	0	6
2013/09/03-00:33:27	71	1,066.863	122.02	0	0	1	0	0	0	0	1	0	0	1	6
2013/09/03-00:33:52	71	1,066.863	122.02	0	0	1	0	0	0	0	1	0	0	1	6
2013/09/03-00:34:18	71	1,066.863	122.02	0	0	1	0	0	0	0	1	0	0	1	6
2013/09/03-00:34:42	71	1,066.863	122.02	0	0	1	0	0	0	0	1	0	0	1	6
2013/09/03-16:01:42	76	987.368	109.309	0	0	1	0	0	0	0	1	0	0	1	6
2013/09/03-16:02:08	76	987.368	109.309	0	0	1	0	0	0	0	1	0	0	1	6
2013/09/03-16:02:33	76	987.368	109.309	0	0	1	0	0	0	0	1	0	0	1	6
2013/09/03-16:02:58	76	987.368	109.309	0	0	0	0	0	0	0	1	1	0	0	6
2013/09/03-16:03:22	76	987.368	109.309	0	0	1	0	0	0	0	1	0	0	1	6
2013/09/03-16:08:18	76	987.368	109.309	0	0	1	0	0	0	0	1	0	0	1	6
2013/09/03-16:08:43	76	987.368	109.309	0	0	1	0	0	0	0	1	0	0	1	6
2013/09/03-16:09:08	76	987.368	109.309	0	0	1	0	0	0	0	1	0	0	1	10
2013/09/03-16:09:37	76	987.368	109.309	0	0	1	0	0	0	0	1	0	0	1	6
2013/09/03-16:10:02	74	1,031.476	94.35	0	0	1	0	0	0	0	1	0	0	1	6
2013/09/03-16:18:04	74	1,031.476	94.35	0	0	1	0	0	0	0	1	0	0	1	4
2013/09/03-16:18:29	74	1,031.476	94.35	0	0	1	0	0	0	0	1	0	0	1	6
2013/09/03-16:18:54	74	1,031.476	94.35	0	0	1	0	0	0	0	1	0	0	1	6
2013/09/03-16:19:19	74	1,031.476	94.35	0	0	1	0	0	0	0	1	1	0	0	6
2013/09/03-16:19:44	74	1,031.476	94.35	0	0	1	0	0	0	0	1	0	0	1	6
2013/09/03-20:50:47	70	1,054.541	89.982	0	0	1	0	0	0	0	1	0	0	1	6
2013/09/03-20:51:12	70	1,054.541	89.982	0	0	1	0	0	0	0	1	0	0	1	6
2013/09/03-20:51:36	70	1,054.541	89.982	0	0	1	0	0	0	0	1	1	0	0	6
2013/09/03-20:52:01	70	1,054.541	89.982	0	0	1	0	0	0	0	1	0	0	1	6
2013/09/03-20:52:26	70	1,054.541	89.982	0	0	1	0	0	0	0	1	0	0	1	6
2013/09/03-20:52:57	70	1,054.541	89.982	0	0	0	0	0	0	0	1	1	0	0	6
2013/09/03-20:55:50	70	1,054.541	89.982	0	0	1	0	0	0	0	1	0	0	1	6
2013/09/03-20:56:15	70	1,054.541	89.982	0	0	0	0	0	0	0	1	1	0	0	6
2013/09/03-20:56:40	70	1,054.541	89.982	0	0	1	0	0	0	0	1	0	0	1	6
2013/09/03-20:57:05	70	1,054.541	89.982	0	0	1	0	0	0	0	1	0	0	1	6
2013/09/03-20:57:30	70	1,054.541	89.982	0	0	1	0	0	0	0	1	0	0	1	6
2013/09/03-21:03:27	70	1,054.541	89.982	0	0	1	0	0	0	0	1	0	0	1	6
2013/09/03-21:03:51	70	1,054.541	89.982	0	0	1	0	0	0	0	1	0	0	1	6
2013/09/03-21:04:16	70	1,054.541	89.982	0	0	1	0	0	0	0	1	0	0	1	6
2013/09/03-21:04:41	70	1,054.541	89.982	0	0	0	0	0	0	0	1	1	0	0	6
2013/09/03-21:05:06	70	1,054.541	89.982	0	0	0	0	0	0	0	1	1	0	0	6
2013/09/03-21:18:19	77	993.234	75.314	0	0	0	0	0	0	0	1	1	0	0	6
2013/09/03-21:18:44	77	993.234	75.314	0	0	1	0	0	0	0	1	0	0	1	6
2013/09/03-21:19:08	77	993.234	75.314	0	0	1	0	0	0	0	1	0	0	1	6
2013/09/03-21:19:33	77	993.234	75.314	0	0	1	0	0	0	0	1	0	0	1	6
2013/09/03-21:19:58	77	993.234	75.314	0	0	1	0	0	0	0	1	0	0	1	6
2013/09/03-21:22:36	77	993.234	75.314	0	0	0	0	0	0	0	1	1	0	0	6
2013/09/03-21:23:01	77	993.234	75.314	0	0	1	0	0	0	0	1	0	0	1	6
2013/09/03-21:23:25	77	993.234	75.314	0	0	1	0	0	0	0	1	0	0	1	6
2013/09/03-21:23:50	77	993.234	75.314	0	0	0	0	0	0	0	1	1	0	0	6
2013/09/03-21:24:15	77	993.234	75.314	0	0	1	0	0	0	0	1	0	0	1	6
2013/09/03-21:33:28	76	979.973	67.173	0	0	1	0	0	0	0	1	0	0	1	6
2013/09/03-21:33:53	76	979.973	67.173	0	0	1	0	0	0	0	1	0	0	1	6
2013/09/03-21:34:19	76	979.973	67.173	0	0	0	0	0	0	0	1	1	0	0	6
2013/09/03-21:34:44	76	979.973	67.173	0	0	0	0	0	0	0	1	1	0	0	6
2013/09/03-21:35:09	76	979.973	67.173	0	0	0	0	0	0	0	1	1	0	0	6
2013/09/04-16:20:11	76	976.257	68.416	0	0	1	0	0	0	0	1	0	0	1	6
2013/09/04-16:20:36	76	976.257	68.416	0	0	1	0	0	0	0	1	0	0	1	6
2013/09/04-16:21:01	76	976.257	68.416	0	0	1	0	0	0	0	1	0	0	1	5
2013/09/04-16:21:26	76	976.257	68.416	0	0	1	0	0	0	0	1	0	0	1	6
2013/09/04-16:21:51	76	976.257	68.416	0	0	1	0	0	0	0	1	0	0	1	6
2013/09/04-16:22:22	76	976.257	68.416	0	0	1	0	0	0	0	1	0	0	1	6
2013/09/04-16:22:47	76	976.257	68.416	0	0	1	0	0	0	0	1	0	0	1	6
2013/09/04-16:23:11	76	976.257	68.416	0	0	1	0	0	0	0	1	0	0	1	3
2013/09/04-16:23:36	76	976.257	68.416	0	0	1	0	0	0	0	1	0	0	1	6
2013/09/04-16:24:01	76	976.257	68.416	0	0	1	0	0	0	0	1	0	0	1	6
2013/09/04-16:32:16	78	951.47	61.855	0	0	1	0	0	0	0	1	0	0	1	6
2013/09/04-16:32:41	78	951.47	61.855	0	0	1	0	0	0	0	1	0	0	1	6
2013/09/04-16:33:06	78	951.47	61.855	0	0	1	0	0	0	0	1	0	0	1	6
2013/09/04-16:33:31	78	951.47	61.855	0	0	0	0	0	0	0	1	1	0	0	6
2013/09/04-16:33:56	78	951.47	61.855	0	0	1	0	0	0	0	1	0	0	1	6
2013/09/04-16:34:28	78	951.47	61.855	0	0	1	0	0	0	0	1	0	1	0	6
2013/09/04-16:34:59	78	951.47	61.855	0	0	1	0	0	0	0	1	0	0	1	6
2013/09/04-16:48:45	75	972.34	57.361	0	0	1	0	0	0	0	1	0	0	1	6
2013/09/04-16:49:11	75	972.34	57.361	0	0	1	0	0	0	0	1	0	0	1	6
2013/09/04-16:49:35	75	972.34	57.361	0	0	1	0	0	0	0	1	0	0	1	6
2013/09/04-16:50:00	75	972.34	57.361	0	0	1	0	0	0	0	1	0	0	1	6
2013/09/04-16:50:25	75	972.34	57.361	0	0	1	0	0	0	0	1	0	0	1	6
2013/09/04-17:01:03	75	972.34	57.361	0	0	1	0	0	0	0	1	0	0	1	6
2013/09/04-17:01:28	75	972.34	57.361	0	0	1	0	0	0	0	1	0	0	1	6
2013/09/04-17:02:15	75	972.34	57.361	0	0	1	0	0	0	0	1	0	0	1	6
2013/09/04-17:02:48	75	972.34	57.361	0	0	1	0	0	0	0	1	0	0	1	3
2013/09/04-17:03:13	75	972.34	57.361	0	0	1	0	0	0	0	1	0	0	1	6
2013/09/04-17:07:58	75	972.34	57.361	0	0	1	0	0	0	0	1	0	0	1	6
2013/09/04-17:08:30	75	972.34	57.361	0	0	1	0	0	0	0	1	0	0	1	4
2013/09/04-17:08:56	77	963.119	55.289	0	0	1	0	0	0	0	1	0	0	1	6
2013/09/04-17:09:21	77	963.119	55.289	0	0	1	0	0	0	0	1	0	0	1	3
2013/09/04-17:10:06	77	963.119	55.289	0	0	1	0	0	0	0	1	0	0	1	6
2013/09/04-22:55:07	75	981.48	60.684	0	0	1	0	0	0	0	1	0	0	1	6
2013/09/04-22:56:02	75	981.48	60.684	0	0	1	0	0	0	0	1	0	0	1	6
2013/09/04-22:56:27	75	981.48	60.684	0	0	1	0	0	0	0	1	0	0	1	6
2013/09/04-22:56:52	75	981.48	60.684	0	0	1	0	0	0	0	1	0	0	1	6
2013/09/04-22:57:17	75	981.48	60.684	0	0	1	0	0	0	0	1	1	0	0	6
2013/09/04-23:01:17	75	981.48	60.684	0	0	1	0	0	0	0	1	0	0	1	6
2013/09/04-23:01:42	75	981.48	60.684	0	0	1	0	0	0	0	1	0	0	1	6
2013/09/04-23:02:06	75	981.48	60.684	0	0	0	0	0	0	0	1	1	0	0	6
2013/09/04-23:02:31	75	981.48	60.684	0	0	1	0	0	0	0	1	0	0	1	6
2013/09/04-23:02:56	75	981.48	60.684	0	0	1	0	0	0	0	1	0	0	1	6
2013/09/04-23:11:37	75	979.872	55.526	0	0	0	0	0	0	0	1	1	0	0	6
2013/09/04-23:12:02	75	979.872	55.526	0	0	1	0	0	0	0	1	0	0	1	6
2013/09/04-23:12:27	75	979.872	55.526	0	0	1	0	0	0	0	1	1	0	0	6
2013/09/04-23:12:52	75	979.872	55.526	0	0	1	0	0	0	0	1	0	0	1	6
2013/09/04-23:13:17	75	979.872	55.526	0	0	1	0	0	0	0	1	0	0	1	6
2013/09/05-03:34:34	74	992.23	59.808	0	0	1	0	0	0	0	1	0	0	1	6
2013/09/05-03:34:59	74	992.23	59.808	0	0	1	0	0	0	0	1	0	0	1	6
2013/09/05-03:35:23	74	992.23	59.808	0	0	1	0	0	0	0	1	0	0	1	6
2013/09/05-03:35:48	74	992.23	59.808	0	0	1	0	0	0	0	1	0	0	1	6
2013/09/05-03:36:13	74	992.23	59.808	0	0	1	0	0	0	0	1	0	0	1	6
2013/09/05-03:47:25	72	1,014.169	56.995	0	0	1	0	0	0	0	1	0	0	1	6
2013/09/05-03:47:50	72	1,014.169	56.995	0	0	1	0	0	0	0	1	0	0	1	5
2013/09/05-03:48:15	72	1,014.169	56.995	0	0	1	0	0	0	0	1	0	0	1	6
2013/09/05-03:49:11	72	1,014.169	56.995	0	0	1	0	0	0	0	1	0	0	1	6
2013/09/05-03:49:36	72	1,014.169	56.995	0	0	1	0	0	0	0	1	0	0	1	6
2013/09/05-03:56:50	72	1,014.169	56.995	0	0	1	0	0	0	0	1	0	0	1	6
2013/09/05-03:57:17	72	1,014.169	56.995	0	0	1	0	0	0	0	1	0	0	1	6
2013/09/05-03:57:42	72	1,014.169	56.995	0	0	1	0	0	0	0	1	0	0	1	6
2013/09/05-03:58:07	72	1,014.169	56.995	0	0	1	0	0	0	0	1	0	0	1	6
2013/09/05-03:58:32	73	1,000.972	52.985	0	0	1	0	0	0	0	1	0	0	1	3
2013/09/06-01:12:51	74	996.037	58.6	0	0	1	0	0	0	0	1	0	0	1	6
2013/09/06-01:13:15	74	996.037	58.6	0	0	1	0	0	0	0	1	0	0	1	6
2013/09/06-01:13:40	74	996.037	58.6	0	0	1	0	0	0	0	1	0	0	1	6
2013/09/06-01:14:08	74	996.037	58.6	0	0	1	0	0	0	0	1	0	0	1	6
2013/09/06-01:14:33	74	996.037	58.6	0	0	1	0	0	0	0	1	0	0	1	6
2013/09/06-01:21:44	72	999.545	55.92	0	0	1	0	0	0	0	1	0	0	1	6
2013/09/06-01:22:09	72	999.545	55.92	0	0	0	0	0	0	0	1	1	0	0	6
2013/09/06-01:22:34	72	999.545	55.92	0	0	0	0	0	0	0	1	1	0	0	6
2013/09/06-01:22:59	72	999.545	55.92	0	0	0	0	0	0	0	1	1	0	0	6
2013/09/06-01:23:23	72	999.545	55.92	0	0	0	0	0	0	0	1	1	0	0	6
2013/09/06-01:32:18	72	999.545	55.92	0	0	1	0	0	0	0	1	0	0	1	6
2013/09/06-01:32:43	72	999.545	55.92	0	0	1	0	0	0	0	1	0	0	1	6
2013/09/06-01:33:09	72	999.545	55.92	0	0	0	0	0	0	0	1	1	0	0	6
2013/09/06-01:33:34	72	999.545	55.92	0	0	1	0	0	0	0	1	1	0	0	6
2013/09/06-01:33:59	72	999.545	55.92	0	0	1	0	0	0	0	1	0	0	1	6
2013/09/09-08:37:08	74	1,021.809	68.723	3	0	0	0	0	0	1	1	0	0	1	4
2013/09/09-08:37:38	74	1,021.809	68.723	7	0	0	2	1	0	0	1	1	0	0	23
2013/09/09-08:38:19	74	1,021.809	68.723	3	0	0	0	0	0	0	1	1	0	0	10
2013/09/09-08:38:48	74	1,021.809	68.723	9	0	0	1	1	0	0	1	1	0	0	24
2013/09/09-08:39:31	74	1,021.809	68.723	15	0	0	2	1	0	0	1	1	0	0	33
2013/09/09-09:10:17	74	1,021.809	68.723	7	0	0	1	1	0	0	1	1	0	0	22
2013/09/09-09:10:59	74	1,021.809	68.723	5	0	0	1	1	0	0	1	1	0	0	30
2013/09/09-09:11:48	74	1,021.809	68.723	4	0	0	1	1	0	0	1	1	0	0	17
2013/09/09-09:12:23	74	1,021.809	68.723	8	0	0	1	1	0	0	1	1	0	0	27
2013/09/09-09:13:09	74	1,021.809	68.723	13	0	0	3	0	0	1	1	0	0	1	34
2013/09/09-21:31:10	69	1,127.544	62.125	7	0	1	1	1	0	0	1	0	0	1	22
2013/09/09-21:31:50	69	1,127.544	62.125	24	0	0	2	1	0	0	1	1	0	0	60
2013/09/09-21:33:09	69	1,127.544	62.125	21	0	0	2	1	0	0	1	1	0	0	60
2013/09/09-21:34:28	69	1,127.544	62.125	24	0	0	2	1	0	0	1	1	0	0	60
2013/09/09-21:35:47	69	1,127.544	62.125	2	0	0	0	0	0	1	1	0	0	1	8
2013/09/10-23:17:19	68	1,141.386	65.452	9	0	1	1	0	0	0	1	0	0	1	18
2013/09/10-23:17:56	68	1,141.386	65.452	6	0	0	0	0	0	0	1	1	0	0	18
2013/09/10-23:18:32	68	1,141.386	65.452	13	0	0	2	1	0	0	1	1	0	0	30
2013/09/10-23:19:21	68	1,141.386	65.452	1	0	0	0	0	0	0	1	1	0	0	12
2013/09/10-23:19:52	68	1,141.386	65.452	6	0	0	1	1	0	0	1	1	0	0	16
2013/09/10-23:45:49	67	1,170.467	61.98	4	0	0	1	0	0	1	1	0	0	1	14
2013/09/10-23:46:22	67	1,170.467	61.98	15	0	0	1	3	0	0	1	1	0	0	50
2013/09/10-23:47:31	67	1,170.467	61.98	10	0	0	1	0	0	1	1	0	0	1	28
2013/09/10-23:48:18	67	1,170.467	61.98	18	0	0	3	1	0	0	1	1	0	0	60
2013/09/10-23:49:37	67	1,170.467	61.98	8	0	0	2	2	0	1	1	0	0	1	30
2013/09/10-23:59:16	67	1,170.467	61.98	15	0	0	1	0	0	1	1	0	0	1	48
2013/09/11-00:00:35	67	1,170.467	61.98	3	0	0	1	0	0	1	1	0	0	1	15
2013/09/11-00:01:53	67	1,170.467	61.98	11	0	0	2	1	0	0	1	1	0	0	51
2013/09/11-00:03:03	67	1,170.467	61.98	5	0	0	0	1	0	0	1	1	0	0	16
2013/09/11-00:03:38	67	1,170.467	61.98	9	0	0	2	0	0	1	1	0	0	1	37
2013/09/11-14:27:31	65	1,181.789	64.365	7	0	0	1	1	0	0	1	1	0	0	28
2013/09/11-14:28:18	65	1,181.789	64.365	2	0	0	1	0	0	0	1	1	0	0	10
2013/09/11-14:28:47	65	1,181.789	64.365	3	0	0	1	0	0	0	1	1	0	0	14
2013/09/11-14:29:19	65	1,181.789	64.365	3	0	0	2	1	0	0	1	1	0	0	16
2013/09/11-14:29:54	65	1,181.789	64.365	9	0	0	1	1	0	0	1	1	0	0	30
2013/09/11-14:45:00	65	1,181.789	64.365	19	0	0	4	1	0	0	1	1	0	0	43
2013/09/11-14:46:02	65	1,181.789	64.365	19	0	0	1	1	0	0	1	1	0	0	56
2013/09/11-14:47:17	65	1,181.789	64.365	9	0	0	2	1	0	0	1	1	0	0	39
2013/09/11-14:48:15	63	1,236.273	59.509	11	0	0	2	1	0	0	1	1	0	0	60
2013/09/11-14:49:34	63	1,236.273	59.509	13	0	0	2	1	0	0	1	1	0	0	60
2013/09/11-14:59:13	63	1,236.273	59.509	11	0	0	4	2	0	0	1	1	0	0	45
2013/09/11-15:00:17	63	1,236.273	59.509	13	0	0	2	0	0	0	1	1	0	0	60
2013/09/11-15:01:35	63	1,236.273	59.509	21	0	0	1	2	0	0	1	1	0	0	59
2013/09/11-15:02:54	63	1,236.273	59.509	10	0	0	1	0	0	0	1	1	0	0	36
2013/09/11-15:03:48	63	1,236.273	59.509	7	0	0	1	2	0	0	1	1	0	0	27
2013/09/12-00:29:15	62	1,282.788	61.285	9	0	0	1	2	0	0	1	1	0	0	26
2013/09/12-00:30:00	62	1,282.788	61.285	7	0	0	3	2	0	0	1	1	0	0	29
2013/09/12-00:30:47	62	1,282.788	61.285	8	0	0	2	2	0	0	1	1	0	0	33
2013/09/12-00:31:39	62	1,282.788	61.285	9	0	0	2	2	0	0	1	1	0	0	37
2013/09/12-00:32:34	60	1,334.628	58.868	7	0	0	2	1	0	0	1	1	0	0	35
2013/09/12-07:47:29	60	1,334.628	58.868	6	0	0	1	1	0	0	1	1	0	0	21
2013/09/12-07:48:10	60	1,334.628	58.868	6	0	0	5	2	0	0	1	1	0	0	26
2013/09/12-07:48:55	60	1,334.628	58.868	8	0	0	3	2	0	0	1	1	0	0	27
2013/09/12-07:49:40	60	1,334.628	58.868	11	0	0	2	3	0	0	1	1	0	0	44
2013/09/12-07:50:43	60	1,334.628	58.868	8	0	0	1	1	0	0	1	1	0	0	56
2013/09/12-08:09:54	54	1,392.632	55.537	12	0	0	2	2	0	1	1	0	0	1	56
2013/09/12-08:27:15	54	1,392.632	55.537	9	0	0	1	1	0	1	1	0	0	1	20
2013/09/12-08:27:55	54	1,392.632	55.537	8	0	0	3	0	0	0	1	1	0	0	40
2013/09/12-08:28:54	54	1,392.632	55.537	18	0	0	3	0	0	1	1	0	0	1	40
2013/09/12-08:30:15	54	1,392.632	55.537	7	0	0	2	0	0	0	1	1	0	0	22
2013/09/13-20:10:31	53	1,408.905	75.573	6	0	0	2	1	0	0	1	1	0	0	20
2013/09/13-20:11:11	53	1,408.905	75.573	5	0	0	1	0	0	0	1	1	0	0	14
2013/09/13-20:11:44	53	1,408.905	75.573	7	0	0	3	0	0	0	1	1	0	0	28
2013/09/13-20:12:31	53	1,408.905	75.573	3	0	0	0	1	0	1	1	1	0	0	11
2013/09/13-20:13:01	53	1,408.905	75.573	2	0	0	0	1	0	0	1	1	0	0	8
2013/09/13-20:37:32	49	1,468.779	70.118	16	0	0	3	2	0	0	1	1	0	0	39
2013/09/13-20:38:29	49	1,468.779	70.118	2	0	0	0	0	0	0	1	1	0	0	60
2013/09/13-20:39:48	49	1,468.779	70.118	12	0	0	1	1	0	0	1	1	0	0	46
2013/09/13-20:40:53	49	1,468.779	70.118	6	0	0	1	1	0	0	1	1	0	0	23
2013/09/13-20:41:34	49	1,468.779	70.118	9	0	0	3	2	0	0	1	1	0	0	32
2013/09/13-20:58:30	49	1,468.779	70.118	5	0	0	2	2	0	0	1	1	0	0	26
2013/09/13-20:59:15	46	1,528.845	64.926	5	0	0	1	1	0	1	1	0	0	1	24
2013/09/13-20:59:58	46	1,528.845	64.926	10	0	0	2	1	0	0	1	1	0	0	60
2013/09/13-21:01:17	46	1,528.845	64.926	5	0	0	1	0	0	1	1	0	0	1	17
2013/09/13-21:01:57	46	1,528.845	64.926	15	0	0	2	2	0	0	1	1	0	0	60
2013/09/14-11:29:52	46	1,529.764	80.366	11	0	0	1	1	0	0	1	1	0	0	41
2013/09/14-11:30:53	46	1,529.764	80.366	8	0	0	1	1	0	1	1	0	0	1	13
2013/09/14-11:31:27	46	1,529.764	80.366	8	0	0	1	1	0	0	1	1	0	0	18
2013/09/14-11:32:04	46	1,529.764	80.366	2	0	0	1	1	0	0	1	1	0	0	21
2013/09/14-11:32:44	46	1,529.764	80.366	7	0	0	1	1	0	0	1	1	0	0	19
2013/09/14-11:42:07	46	1,529.764	80.366	13	0	0	4	1	0	0	1	1	0	0	60
2013/09/14-11:43:26	46	1,529.764	80.366	22	0	0	4	3	0	0	1	1	0	0	54
2013/09/14-11:44:38	46	1,529.764	80.366	12	0	0	5	2	0	0	1	1	0	0	47
2013/09/14-11:56:46	46	1,529.764	80.366	19	0	0	4	2	0	0	1	1	0	0	48
2013/09/14-11:57:56	46	1,529.764	80.366	3	0	1	1	0	0	0	1	0	0	1	19
2013/09/14-12:17:16	36	1,640.995	73.84	25	0	0	2	1	0	0	1	1	0	0	60
2013/09/14-12:18:35	36	1,640.995	73.84	11	0	0	1	0	0	1	1	0	0	1	27
2013/09/14-12:19:53	36	1,640.995	73.84	8	0	1	0	0	0	0	1	0	0	1	28
2013/09/14-12:21:12	36	1,640.995	73.84	5	0	0	1	0	0	1	1	0	0	1	12
2013/09/14-12:22:31	36	1,640.995	73.84	24	0	0	2	0	0	0	1	0	0	1	60
2013/09/14-15:45:06	38	1,645.28	73.849	4	0	0	1	1	0	1	1	0	0	1	18
2013/09/14-15:45:55	38	1,645.28	73.849	16	0	0	4	1	0	0	1	1	0	0	43
2013/09/14-15:46:57	38	1,645.28	73.849	9	0	0	1	0	0	0	1	1	0	0	19
2013/09/14-15:47:35	38	1,645.28	73.849	7	0	0	2	1	0	1	1	0	0	1	23
2013/09/14-15:48:17	38	1,645.28	73.849	13	0	0	3	1	0	1	1	0	0	1	31
2013/09/14-15:54:37	38	1,622.244	71.49	23	0	0	4	1	0	0	1	1	0	0	60
2013/09/14-15:55:56	38	1,622.244	71.49	12	0	0	2	0	0	1	1	0	0	1	22
2013/09/14-15:57:15	38	1,622.244	71.49	14	0	1	3	0	0	0	1	0	0	1	28
2013/09/14-15:58:33	38	1,622.244	71.49	9	0	0	3	1	0	1	1	0	0	1	23
2013/09/14-15:59:15	38	1,622.244	71.49	25	0	0	7	0	0	1	1	0	0	1	51
2013/09/14-16:11:59	38	1,622.244	71.49	14	0	0	2	3	0	0	1	1	0	0	59
2013/09/14-16:13:17	38	1,622.244	71.49	25	0	0	7	1	0	0	1	1	0	0	60
2013/09/14-16:14:36	38	1,622.244	71.49	13	0	0	5	2	0	0	1	1	0	0	34
2013/09/14-16:15:29	38	1,622.244	71.49	11	0	0	2	1	0	1	1	1	0	0	31
2013/09/14-16:16:18	38	1,622.244	71.49	18	0	0	3	0	0	1	1	0	0	1	41
2013/09/14-19:24:57	32	1,709.668	72.076	2	0	0	1	0	0	0	1	1	0	0	15
2013/09/14-19:25:31	32	1,709.668	72.076	6	0	0	2	1	0	0	1	1	0	0	22
2013/09/14-19:26:11	32	1,709.668	72.076	2	0	0	1	0	0	0	1	1	0	0	15
2013/09/14-19:26:46	32	1,709.668	72.076	4	0	0	0	0	0	0	1	1	0	0	15
2013/09/14-19:27:20	32	1,709.668	72.076	3	0	0	0	0	0	0	1	1	0	0	12
2013/09/14-19:38:42	33	1,715.529	71.414	15	0	0	4	0	0	1	1	0	0	1	33
2013/09/14-19:39:34	33	1,715.529	71.414	12	0	1	2	0	0	0	1	0	0	1	36
2013/09/14-19:40:28	33	1,715.529	71.414	17	0	0	5	1	0	0	1	1	0	0	60
2013/09/14-19:41:47	33	1,715.529	71.414	9	0	0	2	1	0	0	1	1	0	0	39
2013/09/14-19:42:45	33	1,715.529	71.414	10	0	0	2	0	0	0	1	1	0	0	37
2013/09/14-19:54:07	33	1,715.529	71.414	8	0	1	3	1	0	0	1	0	0	1	29
2013/09/14-19:55:05	33	1,715.529	71.414	4	0	0	0	1	0	1	1	0	0	1	13
2013/09/14-19:55:39	33	1,715.529	71.414	7	0	0	1	1	0	0	1	1	0	0	25
2013/09/14-19:56:24	33	1,715.529	71.414	2	0	1	0	1	0	0	1	0	0	1	7
2013/09/14-19:56:58	33	1,715.529	71.414	3	0	0	1	0	0	1	1	0	0	1	10
2013/09/14-23:29:10	26	1,734.76	71.775	18	0	0	2	1	0	1	1	0	0	1	38
2013/09/14-23:30:08	26	1,734.76	71.775	9	0	0	1	1	0	1	1	0	0	1	22
2013/09/14-23:30:49	26	1,734.76	71.775	12	0	0	2	0	0	1	1	0	0	1	26
2013/09/14-23:31:52	26	1,734.76	71.775	21	0	0	6	1	0	0	1	1	0	0	60
2013/09/14-23:33:11	26	1,734.76	71.775	8	0	0	2	0	0	1	1	0	0	1	21
2013/09/14-23:40:00	26	1,734.76	71.775	8	0	1	1	1	0	0	1	0	0	1	24
2013/09/14-23:40:43	26	1,734.76	71.775	10	0	0	2	1	0	0	1	1	0	0	21
2013/09/14-23:41:23	26	1,734.76	71.775	14	0	0	3	0	0	0	1	1	0	0	37
2013/09/14-23:42:19	26	1,734.76	71.775	7	0	0	2	1	0	0	1	1	0	0	17
2013/09/14-23:42:54	26	1,734.76	71.775	17	0	0	1	0	0	0	1	1	0	0	39
2013/09/15-00:03:50	26	1,745.936	67.189	11	0	0	2	1	0	0	1	1	0	0	42
2013/09/15-00:04:51	26	1,745.936	67.189	14	0	0	5	2	0	0	1	1	0	0	50
2013/09/15-00:06:00	26	1,745.936	67.189	11	0	0	4	0	0	1	1	0	0	1	46
2013/09/15-00:07:05	26	1,745.936	67.189	13	0	0	4	1	0	0	1	1	0	0	43
2013/09/15-00:08:06	26	1,745.936	67.189	5	0	0	1	0	0	0	1	1	0	0	31
2013/09/15-18:38:44	24	1,766.91	82.573	9	0	1	4	0	0	0	1	0	0	1	32
2013/09/15-18:39:36	24	1,766.91	82.573	22	0	0	4	0	0	0	1	1	0	0	60
2013/09/15-18:40:54	24	1,766.91	82.573	14	0	0	3	0	0	1	1	0	0	1	42
2013/09/15-18:41:55	24	1,766.91	82.573	6	0	0	1	0	0	1	1	0	0	1	19
2013/09/15-18:42:51	24	1,766.91	82.573	8	0	0	1	1	0	1	1	0	0	1	16
2013/09/15-18:48:57	24	1,766.91	82.573	12	0	0	5	1	0	1	1	0	0	1	40
2013/09/15-18:49:55	24	1,766.91	82.573	34	0	0	3	1	0	0	1	1	0	0	60
2013/09/15-18:51:14	24	1,766.91	82.573	5	0	1	2	0	0	0	1	0	0	1	19
2013/09/15-18:52:25	24	1,766.91	82.573	7	0	0	0	0	0	1	1	0	0	1	20
2013/09/15-18:53:43	24	1,766.91	82.573	4	0	0	2	0	0	1	1	0	0	1	12
2013/09/15-19:07:20	24	1,766.91	82.573	22	0	0	5	0	0	1	1	0	0	1	39
2013/09/15-19:08:18	24	1,766.91	82.573	16	0	0	5	2	0	0	1	1	0	0	36
2013/09/15-19:09:13	27	1,750.842	71.338	10	0	0	3	1	0	0	1	1	0	0	27
2013/09/15-19:09:59	27	1,750.842	71.338	14	0	0	2	2	0	0	1	1	0	0	43
2013/09/15-19:11:02	27	1,750.842	71.338	16	0	0	3	2	0	0	1	1	0	0	45
2013/09/16-00:48:48	21	1,787.843	77.63	12	0	0	4	1	0	0	1	1	0	0	37
2013/09/16-00:49:44	21	1,787.843	77.63	6	0	0	2	0	0	1	1	0	0	1	18
2013/09/16-00:51:02	21	1,787.843	77.63	13	0	0	1	0	0	1	1	0	0	1	26
2013/09/16-00:52:11	21	1,787.843	77.63	10	0	0	3	0	0	1	1	0	0	1	24
2013/09/16-00:53:01	21	1,787.843	77.63	24	0	0	3	0	0	0	1	0	0	1	60
2013/09/16-01:00:30	24	1,773.391	71.799	10	0	0	4	1	0	1	1	0	0	1	24
2013/09/16-01:01:13	24	1,773.391	71.799	21	0	0	4	0	0	1	1	0	0	1	53
2013/09/16-01:02:32	24	1,773.391	71.799	9	0	0	4	2	0	0	1	1	0	0	27
2013/09/16-01:03:18	24	1,773.391	71.799	24	0	0	4	1	0	0	1	1	0	0	60
2013/09/16-01:04:37	24	1,773.391	71.799	7	0	0	0	1	0	1	1	0	0	1	14
2013/09/16-01:22:12	24	1,773.391	71.799	24	0	0	3	0	0	0	1	0	0	1	60
2013/09/16-01:23:31	24	1,773.391	71.799	9	0	0	5	0	0	1	1	0	0	1	27
2013/09/16-01:24:31	24	1,773.391	71.799	18	0	0	3	1	0	0	1	1	0	0	60
2013/09/16-01:25:50	24	1,773.391	71.799	16	0	0	3	2	0	0	1	1	0	0	51
2013/09/16-01:27:01	24	1,773.391	71.799	4	0	1	1	0	0	0	1	0	0	1	13
2013/09/17-00:44:15	18	1,816.119	72.752	3	0	0	0	2	0	0	1	1	0	0	10
2013/09/17-00:44:44	18	1,828.562	71.756	9	0	1	0	0	0	0	1	0	0	1	6
2013/09/17-00:45:09	18	1,828.562	71.756	5	0	0	1	1	0	1	1	0	0	1	16
2013/09/17-00:45:46	18	1,828.562	71.756	4	0	0	0	1	0	1	1	0	0	1	8
2013/09/17-00:46:47	18	1,828.562	71.756	1	0	0	0	0	0	1	1	0	0	1	3
2013/09/17-07:08:57	18	1,828.562	71.756	23	0	0	7	2	0	0	1	1	0	0	45
2013/09/17-07:10:00	18	1,828.562	71.756	11	0	0	10	2	0	0	1	1	0	0	26
2013/09/17-07:10:45	18	1,828.562	71.756	9	0	0	0	2	0	0	1	1	0	0	31
2013/09/17-07:11:35	18	1,828.562	71.756	8	0	0	2	0	0	0	1	1	0	0	23
2013/09/17-07:12:17	18	1,828.562	71.756	18	0	0	0	1	0	0	1	1	0	0	25
2013/09/17-07:26:41	18	1,838.701	64.745	10	0	0	0	1	0	1	1	0	0	1	4
2013/09/17-07:28:00	18	1,838.701	64.745	9	0	0	1	1	0	1	1	0	0	1	28
2013/09/17-07:29:19	18	1,838.701	64.745	9	0	0	0	2	0	1	1	1	0	0	13
2013/09/17-07:29:51	18	1,838.701	64.745	1	0	0	0	1	0	1	1	0	0	1	3
2013/09/17-07:30:14	18	1,838.701	64.745	2	0	0	0	1	0	1	1	0	0	1	6
2013/09/17-22:41:32	20	1,808.568	70.391	9	0	0	2	2	0	0	1	1	0	0	33
2013/09/17-22:42:24	20	1,808.568	70.391	1	0	0	0	0	0	1	1	0	0	1	3
2013/09/17-22:42:47	20	1,808.568	70.391	12	0	0	7	3	0	0	1	1	0	0	23
2013/09/17-22:43:29	20	1,808.568	70.391	6	0	1	1	0	0	0	1	0	0	1	19
2013/09/17-22:44:14	20	1,808.568	70.391	15	0	0	0	2	0	1	1	0	0	1	32
2013/09/17-22:59:08	20	1,808.568	70.391	2	0	1	0	0	0	0	1	0	0	1	6
2013/09/17-23:00:27	20	1,808.568	70.391	12	0	0	8	2	0	1	1	0	0	1	35
2013/09/17-23:01:21	20	1,808.568	70.391	10	0	0	0	0	0	1	1	0	0	1	7
2013/09/17-23:02:07	20	1,808.568	70.391	1	0	0	0	0	0	1	1	0	0	1	3
2013/09/17-23:02:30	20	1,808.568	70.391	11	0	0	0	1	0	1	1	0	0	1	18
2013/09/17-23:13:11	26	1,774.527	63.014	8	0	0	0	0	0	1	1	0	0	1	4
2013/09/17-23:13:34	26	1,774.527	63.014	4	0	0	0	0	0	1	1	0	0	1	11
2013/09/17-23:14:32	26	1,774.527	63.014	13	0	0	0	2	0	0	1	1	0	0	22
2013/09/17-23:15:13	26	1,774.527	63.014	11	0	0	0	1	0	0	1	1	0	0	34
2013/09/17-23:16:06	26	1,774.527	63.014	1	0	0	0	0	0	1	1	0	0	1	3
2013/09/18-13:17:41	25	1,779.711	70.268	7	0	1	0	1	0	0	1	0	0	1	21
2013/09/18-13:18:22	25	1,779.711	70.268	6	0	0	0	0	0	1	1	0	0	1	4
2013/09/18-13:18:49	25	1,779.711	70.268	8	0	1	0	0	0	0	1	0	0	1	14
2013/09/18-13:19:22	25	1,779.711	70.268	4	0	0	2	2	0	1	1	0	0	1	10
2013/09/18-13:19:50	25	1,779.711	70.268	14	0	1	2	1	0	0	1	0	0	1	37
2013/09/18-13:29:12	23	1,782.66	65.732	6	0	1	0	1	0	0	1	0	0	1	16
2013/09/18-13:29:47	23	1,782.66	65.732	3	0	1	0	0	0	0	1	0	0	1	11
2013/09/18-13:30:18	23	1,782.66	65.732	1	0	1	0	0	0	0	1	0	0	1	3
2013/09/18-13:31:37	23	1,782.66	65.732	1	0	0	0	0	0	1	1	0	0	1	3
2013/09/18-13:32:55	23	1,782.66	65.732	3	0	0	0	0	0	1	1	0	0	1	8
2013/09/18-13:44:21	23	1,782.66	65.732	7	0	0	8	2	0	1	1	0	0	1	18
2013/09/18-13:44:58	23	1,782.66	65.732	1	0	0	0	0	0	1	1	0	0	1	8
2013/09/18-13:46:00	23	1,782.66	65.732	15	0	0	4	0	0	0	1	1	0	0	60
2013/09/18-13:47:19	23	1,782.66	65.732	1	0	0	0	0	0	1	1	0	0	1	3
2013/09/18-13:48:39	23	1,782.66	65.732	5	0	0	0	1	0	1	1	0	0	1	14
2013/09/18-18:15:40	27	1,744.248	71.564	6	0	1	0	0	0	0	1	0	0	1	19
2013/09/18-18:16:18	27	1,744.248	71.564	6	0	0	0	0	0	1	1	0	0	1	4
2013/09/18-18:16:44	27	1,744.248	71.564	29	0	0	0	1	0	0	1	1	0	0	60
2013/09/18-18:18:03	27	1,744.248	71.564	1	0	0	0	2	0	1	1	0	0	1	3
2013/09/18-18:18:24	27	1,744.248	71.564	3	0	0	0	0	0	1	1	0	0	1	9
2013/09/18-18:32:41	27	1,744.248	71.564	35	0	0	6	2	0	1	1	1	0	0	60
2013/09/18-18:34:00	27	1,744.248	71.564	5	0	0	2	1	0	0	1	1	0	0	24
2013/09/18-18:34:44	27	1,744.248	71.564	2	0	0	0	2	0	0	1	1	0	0	6
2013/09/18-18:35:09	27	1,744.248	71.564	6	0	0	0	0	0	1	1	0	0	1	13
2013/09/18-18:35:47	27	1,744.248	71.564	1	0	0	0	0	0	1	1	0	0	1	3
2013/09/18-18:50:51	27	1,757.95	63.897	5	0	0	0	2	0	0	1	1	0	0	14
2013/09/18-18:51:25	27	1,757.95	63.897	16	0	0	2	1	0	0	1	1	0	0	60
2013/09/18-18:52:44	27	1,757.95	63.897	1	0	0	0	0	0	1	1	0	0	1	3
2013/09/18-18:53:07	27	1,757.95	63.897	12	0	0	0	0	0	1	1	0	0	1	7
2013/09/18-18:53:42	27	1,757.95	63.897	14	0	0	7	1	0	0	1	1	0	0	55
2013/09/19-00:07:33	25	1,772.91	61.949	6	0	0	0	0	0	1	1	0	0	1	14
2013/09/19-00:08:06	25	1,772.91	61.949	19	0	0	0	0	0	0	1	1	0	0	24
2013/09/19-00:08:49	25	1,772.91	61.949	16	0	0	3	1	0	1	1	0	0	1	51
2013/09/19-00:09:58	25	1,772.91	61.949	1	0	0	0	0	0	1	1	0	0	1	3
2013/09/19-00:10:24	25	1,772.91	61.949	1	0	0	0	0	0	1	1	0	0	1	3
2013/09/19-00:35:24	26	1,757.515	60.719	7	0	0	0	0	0	1	1	0	0	1	6
2013/09/19-00:36:21	26	1,757.515	60.719	3	0	0	0	1	0	0	1	1	0	0	9
2013/09/19-00:36:50	26	1,757.515	60.719	1	0	0	0	0	0	1	1	0	0	1	3
2013/09/19-00:37:12	26	1,757.515	60.719	6	0	1	0	0	0	0	1	0	0	1	20
2013/09/19-00:37:50	26	1,757.515	60.719	1	0	1	0	1	0	0	1	0	0	1	3
2013/09/19-07:27:42	26	1,764.33	58.208	12	0	0	3	1	0	0	1	1	0	0	34
2013/09/19-07:28:35	26	1,764.33	58.208	8	0	0	0	1	0	1	1	0	0	1	6
2013/09/19-07:29:00	26	1,764.33	58.208	5	0	1	0	1	0	0	1	0	0	1	16
2013/09/19-07:29:35	26	1,764.33	58.208	2	0	0	0	0	0	1	1	0	0	1	6
2013/09/19-07:30:54	26	1,764.33	58.208	12	0	0	0	2	0	1	1	0	0	1	20
2013/09/19-08:23:24	22	1,791.885	58.117	26	0	0	2	1	0	0	1	1	0	0	59
2013/09/19-08:24:42	22	1,791.885	58.117	1	0	0	0	2	0	1	1	0	0	1	3
2013/09/19-08:25:04	22	1,791.885	58.117	7	0	0	0	3	0	0	1	1	0	0	20
2013/09/19-08:25:43	22	1,791.885	58.117	10	0	0	1	2	0	0	1	1	0	0	33
2013/09/19-08:26:37	22	1,791.885	58.117	10	0	0	0	1	0	0	1	1	0	0	9
2013/09/19-08:45:45	22	1,797.961	57.183	9	0	0	6	1	0	1	1	0	0	1	18
2013/09/19-08:46:47	22	1,797.961	57.183	39	0	0	0	1	0	1	1	0	0	1	46
2013/09/19-08:47:52	22	1,797.961	57.183	2	0	1	0	0	0	0	1	0	0	1	3
2013/09/19-08:48:14	22	1,797.961	57.183	1	0	0	0	0	0	1	1	0	0	1	3
2013/09/19-08:49:33	22	1,797.961	57.183	20	0	0	0	0	0	0	1	1	0	0	60
2013/09/19-09:01:26	22	1,797.961	57.183	14	0	0	2	2	0	0	1	1	0	0	43
2013/09/19-09:02:28	22	1,797.961	57.183	1	0	1	0	1	0	0	1	0	0	1	3
2013/09/19-09:03:47	22	1,797.961	57.183	10	0	0	0	2	0	1	1	0	0	1	22
2013/09/19-09:04:28	22	1,797.961	57.183	1	0	0	0	0	0	1	1	0	0	1	3
2013/09/19-09:04:53	22	1,797.961	57.183	8	0	0	2	1	0	0	1	1	0	0	15
2013/09/19-11:35:15	24	1,779.777	61.845	6	0	0	2	0	0	0	1	1	0	0	16
2013/09/19-11:35:50	24	1,779.777	61.845	4	0	0	3	2	0	0	1	1	0	0	20
2013/09/19-11:36:28	24	1,779.777	61.845	6	0	0	1	1	0	0	1	1	0	0	21
2013/09/19-11:37:08	24	1,779.777	61.845	5	0	0	0	1	0	0	1	1	0	0	14
2013/09/19-11:37:41	24	1,779.777	61.845	1	0	0	0	1	0	1	1	0	0	1	3
2013/09/19-11:49:50	24	1,779.777	61.845	1	0	1	0	0	0	0	1	0	0	1	3
2013/09/19-11:50:16	24	1,779.777	61.845	9	0	0	0	0	0	1	1	0	0	1	4
2013/09/19-11:50:54	24	1,779.777	61.845	15	0	0	0	1	0	1	1	0	0	1	27
2013/09/19-11:51:54	24	1,779.777	61.845	1	0	0	0	1	0	1	1	0	0	1	3
2013/09/19-11:52:15	24	1,779.777	61.845	1	0	0	0	1	0	1	1	0	0	1	3
2013/09/19-11:59:22	28	1,727.243	58.509	7	0	0	0	3	0	0	1	1	0	0	11
2013/09/19-11:59:52	28	1,727.243	58.509	5	0	0	2	1	0	0	1	1	0	0	21
2013/09/19-12:00:33	28	1,727.243	58.509	1	0	0	0	1	0	1	1	0	0	1	3
2013/09/19-12:00:57	28	1,727.243	58.509	13	0	0	2	1	0	0	1	1	0	0	43
2013/09/19-12:01:59	28	1,727.243	58.509	10	0	0	0	2	0	1	1	1	0	0	21
2013/09/19-17:04:06	29	1,733.475	67.189	9	0	0	2	3	0	0	1	1	0	0	22
2013/09/19-17:04:47	29	1,733.475	67.189	1	0	0	0	0	0	1	1	0	0	1	3
2013/09/19-17:05:11	29	1,733.475	67.189	14	0	0	3	2	0	0	1	1	0	0	56
2013/09/19-17:06:25	29	1,733.475	67.189	2	0	0	0	1	0	1	1	0	0	1	8
2013/09/19-17:07:44	29	1,733.475	67.189	6	0	1	0	0	0	0	1	0	0	1	19
2013/09/19-17:33:07	32	1,722.318	64.615	6	0	0	0	0	0	0	1	1	0	0	12
2013/09/19-17:33:38	32	1,722.318	64.615	3	0	0	0	2	0	0	1	1	0	0	9
2013/09/19-17:34:06	32	1,722.318	64.615	4	0	0	1	0	0	1	1	0	0	1	16
2013/09/19-17:34:41	32	1,722.318	64.615	9	0	1	0	1	0	0	1	0	0	1	17
2013/09/19-17:35:22	32	1,722.318	64.615	1	0	0	0	0	0	1	1	0	0	1	3
2013/09/19-17:47:42	32	1,722.318	64.615	17	0	0	5	0	0	0	1	1	0	0	60
2013/09/19-17:49:01	32	1,722.318	64.615	1	0	0	0	0	0	1	1	0	0	1	2
2013/09/19-17:49:31	32	1,722.318	64.615	2	0	0	0	0	0	1	1	0	0	1	3
2013/09/19-17:49:56	32	1,722.318	64.615	12	0	0	2	3	0	0	1	1	0	0	37
2013/09/19-17:50:53	32	1,722.318	64.615	14	0	0	0	1	0	0	1	1	0	0	25
2013/09/19-21:23:05	28	1,735.783	69.174	14	0	0	0	1	0	0	1	1	0	0	12
2013/09/19-21:23:36	28	1,735.783	69.174	5	0	1	0	2	0	0	1	0	0	1	18
2013/09/19-21:24:13	28	1,735.783	69.174	2	0	0	0	0	0	0	1	1	0	0	6
2013/09/19-21:24:38	28	1,735.783	69.174	5	0	1	0	0	0	0	1	0	0	1	10
2013/09/19-21:25:08	28	1,735.783	69.174	1	0	0	0	0	0	1	1	0	0	1	3
2013/09/19-21:40:18	32	1,706.575	66.873	1	0	0	0	0	0	1	1	0	0	1	3
2013/09/19-21:40:40	32	1,706.575	66.873	2	0	0	0	1	0	0	1	1	0	0	6
2013/09/19-21:41:05	32	1,706.575	66.873	4	0	0	1	0	0	1	1	0	0	1	12
2013/09/19-21:42:16	32	1,706.575	66.873	3	0	0	0	0	0	1	1	0	0	1	12
2013/09/19-21:42:51	32	1,706.575	66.873	3	0	1	0	1	0	0	1	0	0	1	4
2013/09/19-21:51:22	32	1,706.575	66.873	1	0	0	0	0	0	1	1	0	0	1	3
2013/09/19-21:51:44	32	1,706.575	66.873	4	0	0	0	1	0	1	1	0	0	1	4
2013/09/19-21:52:09	32	1,706.575	66.873	5	0	0	2	1	0	0	1	1	0	0	23
2013/09/19-21:52:51	32	1,706.575	66.873	9	0	0	0	1	0	1	1	1	0	0	14
2013/09/19-21:53:24	32	1,706.575	66.873	12	0	0	4	0	0	0	1	1	0	0	44
2013/09/20-02:48:38	32	1,693.955	70.574	5	0	0	0	1	0	1	1	0	0	1	16
2013/09/20-02:49:14	32	1,693.955	70.574	16	0	1	2	0	0	0	1	0	0	1	35
2013/09/20-02:50:07	32	1,693.955	70.574	1	0	0	0	0	0	1	1	0	0	1	3
2013/09/20-02:50:30	32	1,693.955	70.574	1	0	1	0	0	0	0	1	0	0	1	7
2013/09/20-02:50:56	37	1,667.264	68.777	10	0	0	9	0	0	0	1	1	0	0	30
2013/09/20-03:03:00	37	1,667.264	68.777	2	0	0	0	0	0	0	1	1	0	0	6
2013/09/20-03:03:25	37	1,667.264	68.777	1	0	0	0	1	0	1	1	0	0	1	3
2013/09/20-03:03:49	37	1,667.264	68.777	6	0	0	0	1	0	0	1	1	0	0	21
2013/09/20-03:04:30	37	1,667.264	68.777	2	0	0	0	0	0	0	1	1	0	0	6
2013/09/20-03:04:55	37	1,667.264	68.777	2	0	0	1	2	0	0	1	1	0	0	6
2013/09/20-03:17:25	37	1,657.009	68.034	8	0	0	2	0	0	0	1	1	0	0	44
2013/09/20-03:18:28	37	1,657.009	68.034	1	0	0	0	1	0	0	1	1	0	0	4
2013/09/20-03:18:51	37	1,657.009	68.034	2	0	0	0	2	0	0	1	1	0	0	8
2013/09/20-03:19:18	37	1,657.009	68.034	4	0	0	2	2	0	0	1	1	0	0	14
2013/09/20-03:19:50	37	1,657.009	68.034	10	0	0	0	2	0	1	1	0	0	1	5
2013/09/20-07:01:40	35	1,669.92	75.263	14	0	0	0	1	0	0	1	1	0	0	18
2013/09/20-07:02:17	35	1,669.92	75.263	4	0	0	0	0	0	1	1	0	0	1	9
2013/09/20-07:02:45	35	1,669.92	75.263	7	0	1	0	2	0	0	1	0	0	1	19
2013/09/20-07:03:23	35	1,669.92	75.263	1	0	0	0	0	0	1	1	0	0	1	8
2013/09/20-07:03:49	35	1,669.92	75.263	11	0	1	1	0	0	0	1	0	0	1	19
2013/09/20-07:10:42	35	1,669.92	75.263	3	0	0	1	2	0	0	1	1	0	0	13
2013/09/20-07:11:14	35	1,669.92	75.263	2	0	1	0	0	0	0	1	0	0	1	8
2013/09/20-07:12:34	35	1,669.92	75.263	1	0	0	0	0	0	1	1	0	0	1	3
2013/09/20-07:13:54	35	1,673.152	70.219	1	0	0	0	0	0	1	1	0	0	1	3
2013/09/20-07:14:42	35	1,673.152	70.219	1	0	1	0	0	0	0	1	0	0	1	7
2013/09/20-07:27:34	35	1,673.152	70.219	1	0	1	0	1	0	0	1	0	0	1	3
2013/09/20-07:27:57	35	1,673.152	70.219	17	0	0	2	0	0	0	1	1	0	0	60
2013/09/20-07:29:17	35	1,673.152	70.219	3	0	0	0	0	0	0	1	1	0	0	12
2013/09/20-07:29:48	35	1,673.152	70.219	1	0	1	0	0	0	0	1	0	0	1	3
2013/09/20-07:30:20	35	1,673.152	70.219	23	0	0	0	0	0	1	1	0	0	1	53
2013/09/20-11:57:05	34	1,669.991	77.398	1	0	0	0	0	0	1	1	0	0	1	3
2013/09/20-11:58:24	34	1,669.991	77.398	3	0	1	0	0	0	0	1	0	0	1	12
2013/09/20-11:58:55	34	1,669.991	77.398	1	0	0	0	0	0	1	1	0	0	1	3
2013/09/20-12:00:02	34	1,669.991	77.398	12	0	0	0	1	0	0	1	1	0	0	21
2013/09/20-12:00:41	34	1,669.991	77.398	5	0	0	2	0	0	1	1	0	0	1	13
2013/09/20-12:20:22	34	1,669.991	77.398	2	0	0	0	0	0	0	1	1	0	0	4
2013/09/20-12:20:44	34	1,669.991	77.398	4	0	1	0	0	0	0	1	0	0	1	12
2013/09/20-12:21:31	34	1,669.991	77.398	5	0	0	6	1	0	0	1	1	0	0	19
2013/09/20-12:22:09	36	1,634.917	70.046	1	0	1	0	0	0	0	1	0	0	1	8
2013/09/20-12:22:56	36	1,634.917	70.046	1	0	0	0	0	0	1	1	0	0	1	3
2013/09/20-12:39:23	36	1,634.917	70.046	3	0	1	0	0	0	0	1	0	0	1	7
2013/09/20-12:40:01	36	1,634.917	70.046	4	0	0	1	0	0	1	1	0	0	1	18
2013/09/20-12:40:43	36	1,634.917	70.046	2	0	1	0	1	0	0	1	0	0	1	4
2013/09/20-12:41:15	36	1,634.917	70.046	1	0	0	0	0	0	1	1	0	0	1	3
2013/09/20-12:42:35	36	1,634.917	70.046	1	0	0	0	1	0	1	1	0	0	1	2
2013/09/20-18:09:29	41	1,601.044	74.036	13	0	0	0	0	0	1	1	0	0	1	7
2013/09/20-18:10:00	41	1,601.044	74.036	5	0	0	0	0	0	1	1	0	0	1	9
2013/09/20-18:10:28	41	1,601.044	74.036	11	0	0	2	0	0	0	1	1	0	0	24
2013/09/20-18:11:10	41	1,601.044	74.036	1	0	0	0	0	0	0	1	1	0	0	4
2013/09/20-18:11:33	41	1,601.044	74.036	8	0	0	3	1	0	0	1	1	0	0	23
2013/09/20-18:25:12	39	1,613.792	70.372	5	0	0	0	1	0	1	1	0	0	1	15
2013/09/20-18:25:46	39	1,613.792	70.372	4	0	0	0	1	0	1	1	0	0	1	5
2013/09/20-18:26:13	39	1,613.792	70.372	13	0	0	6	1	0	1	1	1	0	0	45
2013/09/20-18:27:17	39	1,613.792	70.372	4	0	1	0	0	0	0	1	0	0	1	8
2013/09/20-18:27:55	39	1,613.792	70.372	5	0	0	3	1	0	0	1	1	0	0	13
2013/09/20-18:39:32	39	1,613.792	70.372	2	0	0	0	0	0	1	1	0	0	1	7
2013/09/20-18:40:04	39	1,613.792	70.372	1	0	1	0	0	0	0	1	0	0	1	3
2013/09/20-18:40:28	39	1,618.347	64.596	3	0	1	1	0	0	0	1	0	0	1	27
2013/09/20-18:41:16	39	1,618.347	64.596	13	0	0	0	0	0	1	1	0	0	1	26
2013/09/20-18:42:02	39	1,618.347	64.596	3	0	1	0	0	0	0	1	0	0	1	6
2013/12/27-12:03:55	40	1,634.245	97.441	8	0	0	12	1	0	1	1	0	0	1	21
2013/12/27-12:04:35	40	1,634.245	97.441	11	0	0	0	1	0	0	1	1	0	0	8
2013/12/27-12:05:02	40	1,634.245	97.441	9	0	0	0	2	0	0	1	1	0	0	14
2013/12/27-12:05:36	40	1,634.245	97.441	7	0	0	0	3	0	0	1	1	0	0	22
2013/12/27-12:06:17	40	1,634.245	97.441	5	0	0	1	1	0	1	1	0	0	1	12
2013/12/27-12:20:07	40	1,634.245	97.441	7	0	0	0	0	0	1	1	0	0	1	8
2013/12/27-12:21:26	40	1,634.245	97.441	1	0	0	0	0	0	1	1	0	0	1	3
2013/12/27-12:22:45	40	1,634.245	97.441	3	0	0	0	0	0	1	1	0	0	1	8
2013/12/27-12:24:04	40	1,634.245	97.441	1	0	0	0	0	0	1	1	0	0	1	3
2013/12/27-12:24:40	40	1,634.245	97.441	1	0	0	0	0	0	1	1	0	0	1	3
2013/12/27-12:33:14	40	1,634.245	97.441	18	0	0	2	0	0	0	1	0	0	1	60
2013/12/27-12:34:33	40	1,634.245	97.441	21	0	0	2	0	0	0	1	1	0	0	60
2013/12/27-12:35:52	41	1,618.88	82.042	23	0	0	5	2	0	0	1	1	0	0	51
2013/12/27-12:37:02	41	1,618.88	82.042	1	0	0	0	0	0	1	1	0	0	1	3
2013/12/27-12:37:24	41	1,618.88	82.042	16	0	0	0	1	0	0	1	1	0	0	33
2013/12/27-21:22:17	41	1,634.805	88.156	5	0	0	0	0	0	1	1	0	0	1	12
2013/12/27-21:22:57	41	1,634.805	88.156	1	0	0	0	1	0	1	1	0	0	1	3
2013/12/27-21:23:26	41	1,634.805	88.156	3	0	0	0	0	0	1	1	0	0	1	9
2013/12/27-21:24:08	41	1,634.805	88.156	4	0	1	0	1	0	0	1	0	0	1	13
2013/12/27-21:24:39	41	1,634.805	88.156	13	0	0	0	0	0	1	1	0	0	1	6
2013/12/27-21:28:45	44	1,601.563	80.702	5	0	0	2	2	0	0	1	1	0	0	16
2013/12/27-21:29:19	44	1,601.563	80.702	3	0	0	0	1	0	1	1	0	0	1	9
2013/12/27-21:29:52	44	1,601.563	80.702	1	0	0	0	0	0	1	1	0	0	1	3
2013/12/27-21:30:48	44	1,601.563	80.702	9	0	0	2	1	0	0	1	1	0	0	36
2013/12/27-21:31:43	44	1,601.563	80.702	7	0	0	0	0	0	0	1	1	0	0	6
2013/12/27-21:44:26	44	1,601.563	80.702	5	0	0	0	1	0	1	1	0	0	1	6
2013/12/27-21:44:51	44	1,601.563	80.702	8	0	1	0	1	0	0	1	0	0	1	25
2013/12/27-21:59:05	44	1,601.563	80.702	1	0	0	0	0	0	1	1	0	0	1	3
2013/12/27-21:59:51	44	1,601.563	80.702	11	0	1	0	2	0	0	1	0	0	1	22
2013/12/27-22:00:31	44	1,601.563	80.702	1	0	0	0	0	0	1	1	0	0	1	3
2013/12/28-09:36:41	48	1,588.411	97.158	4	0	1	0	1	0	0	1	0	0	1	10
2013/12/28-09:37:10	48	1,588.411	97.158	7	0	0	3	2	0	0	1	1	0	0	20
2013/12/28-09:37:50	48	1,588.411	97.158	4	0	0	0	0	0	1	1	0	0	1	7
2013/12/28-09:38:15	48	1,588.411	97.158	1	0	0	0	0	0	1	1	0	0	1	3
2013/12/28-09:38:40	48	1,588.411	97.158	5	0	1	1	1	0	0	1	0	0	1	13
2013/12/28-10:16:15	45	1,604.322	87.145	19	0	0	0	0	0	1	1	0	0	1	34
2013/12/28-10:17:07	45	1,604.322	87.145	5	0	0	1	0	0	1	1	0	0	1	16
2013/12/28-10:17:42	45	1,604.322	87.145	1	0	0	0	0	0	1	1	0	0	1	3
2013/12/28-10:18:04	45	1,604.322	87.145	3	0	1	0	1	0	0	1	0	0	1	12
2013/12/28-10:18:35	45	1,604.322	87.145	3	0	0	0	0	0	1	1	0	0	1	11
2013/12/28-10:28:21	45	1,604.322	87.145	4	0	1	0	0	0	0	1	0	0	1	12
2013/12/28-10:28:52	45	1,604.322	87.145	8	0	0	1	0	0	1	1	0	0	1	18
2013/12/28-10:30:48	45	1,604.322	87.145	1	0	0	0	0	0	1	1	0	0	1	3
2013/12/28-10:31:20	45	1,604.322	87.145	1	0	0	0	0	0	1	1	0	0	1	3
2013/12/28-10:31:43	45	1,604.322	87.145	10	0	0	0	2	0	0	1	1	0	0	15
2013/12/28-16:56:06	50	1,568.8	87.547	4	0	0	0	0	0	1	1	0	0	1	9
2013/12/28-16:57:17	50	1,568.8	87.547	1	0	0	0	0	0	1	1	0	0	1	3
2013/12/28-16:57:39	50	1,568.8	87.547	15	0	0	1	0	0	0	1	1	0	0	60
2013/12/28-16:58:58	50	1,568.8	87.547	7	0	0	0	1	0	0	1	1	0	0	21
2013/12/28-16:59:38	50	1,568.8	87.547	6	0	0	0	1	0	1	1	0	0	1	4
2013/12/28-17:11:19	55	1,529.347	79.829	10	0	0	2	1	0	0	1	1	0	0	30
2013/12/28-17:12:08	55	1,529.347	79.829	1	0	0	0	0	0	1	1	0	0	1	3
2013/12/28-17:13:03	55	1,529.347	79.829	6	0	0	0	2	0	0	1	1	0	0	9
2013/12/28-17:13:31	55	1,529.347	79.829	1	0	0	0	0	0	1	1	0	0	1	3
2013/12/28-17:14:26	55	1,529.347	79.829	9	0	0	3	0	0	0	1	1	0	0	31
2013/12/28-17:26:49	55	1,529.347	79.829	1	0	0	0	0	0	1	1	0	0	1	3
2013/12/28-17:27:25	55	1,529.347	79.829	5	0	1	0	0	0	0	1	0	0	1	14
2013/12/28-17:27:58	55	1,529.347	79.829	2	0	0	0	0	0	0	1	1	0	0	7
2013/12/28-17:28:24	55	1,529.347	79.829	2	0	0	1	0	0	0	1	1	0	0	7
2013/12/28-17:28:51	55	1,529.347	79.829	9	0	0	0	1	0	1	1	1	0	0	14
2013/12/29-01:05:12	53	1,551.674	86.819	16	0	0	0	2	0	0	1	1	0	0	26
2013/12/29-01:05:58	53	1,551.674	86.819	7	0	0	4	3	0	0	1	1	0	0	28
2013/12/29-01:06:45	53	1,551.674	86.819	21	0	0	4	1	0	0	1	1	0	0	60
2013/12/29-01:08:04	53	1,551.674	86.819	2	0	0	0	0	0	1	1	0	0	1	6
2013/12/29-01:09:23	53	1,551.674	86.819	1	0	0	0	0	0	1	1	0	0	1	3
2013/12/29-01:30:08	52	1,559.218	79.219	1	0	0	0	0	0	1	1	0	0	1	3
2013/12/29-01:30:30	52	1,559.218	79.219	3	0	0	0	1	0	1	1	0	0	1	9
2013/12/29-01:30:59	52	1,559.218	79.219	7	0	0	0	2	0	1	1	0	0	1	9
2013/12/29-01:31:27	52	1,559.218	79.219	17	0	0	5	1	0	1	1	0	0	1	21
2013/12/29-01:32:46	52	1,559.218	79.219	1	0	0	0	2	0	1	1	0	0	1	3
2013/12/29-01:42:47	52	1,559.218	79.219	6	0	0	7	2	0	0	1	1	0	0	13
2013/12/29-01:43:19	52	1,559.218	79.219	2	0	1	0	0	0	0	1	0	0	1	5
2013/12/29-01:44:34	52	1,559.218	79.219	8	0	0	2	1	0	0	1	1	0	0	19
2013/12/29-01:45:12	52	1,559.218	79.219	1	0	0	0	1	0	1	1	0	0	1	6
2013/12/29-01:45:51	52	1,559.218	79.219	7	0	0	4	1	0	0	1	1	0	0	32
2013/12/29-06:38:50	54	1,543.186	81.086	3	0	0	1	1	0	0	1	1	0	0	60
2013/12/29-06:40:09	54	1,543.186	81.086	12	0	0	2	3	0	0	1	1	0	0	42
2013/12/29-06:41:10	54	1,543.186	81.086	1	0	0	0	1	0	1	1	0	0	1	3
2013/12/29-06:41:32	54	1,543.186	81.086	4	0	0	0	0	0	1	1	0	0	1	7
2013/12/29-06:41:59	54	1,543.186	81.086	22	0	0	3	1	0	1	1	0	0	1	45
2013/12/29-07:12:07	52	1,559.866	74.542	6	0	0	0	1	0	1	1	0	0	1	10
2013/12/29-07:13:26	52	1,559.866	74.542	1	0	0	0	1	0	1	1	0	0	1	3
2013/12/29-07:13:48	52	1,559.866	74.542	3	0	1	0	1	0	0	1	0	0	1	7
2013/12/29-07:14:14	52	1,559.866	74.542	14	0	0	2	2	0	0	1	1	0	0	34
2013/12/29-07:15:07	52	1,559.866	74.542	9	0	0	3	2	0	0	1	1	0	0	27
2013/12/29-07:29:54	52	1,559.866	74.542	16	0	0	0	1	0	0	1	1	0	0	25
2013/12/29-07:30:38	52	1,559.866	74.542	4	0	1	0	2	0	0	1	0	0	1	11
2013/12/29-07:31:08	52	1,559.866	74.542	2	0	0	0	0	0	0	1	1	0	0	3
2013/12/29-07:31:31	52	1,559.866	74.542	1	0	0	0	0	0	1	1	0	0	1	3
2013/12/29-07:32:01	52	1,559.866	74.542	5	0	0	1	0	0	0	1	1	0	0	25
2013/12/29-09:00:29	41	1,614.243	69.35	2	0	0	0	0	0	1	1	0	0	1	6
2013/12/29-09:00:54	41	1,614.243	69.35	5	0	0	1	0	0	0	1	1	0	0	21
2013/12/29-09:01:34	41	1,614.243	69.35	6	0	0	0	0	0	0	1	1	0	0	13
2013/12/29-09:02:06	41	1,614.243	69.35	14	0	0	0	1	0	1	1	0	0	1	6
2013/12/29-09:02:31	41	1,614.243	69.35	18	0	0	5	0	0	1	1	0	0	1	50
2013/12/29-09:11:51	40	1,626.131	66.569	3	0	1	0	0	0	0	1	0	0	1	14
2013/12/29-09:13:11	40	1,626.131	66.569	7	0	0	5	1	0	1	1	0	0	1	33
2013/12/29-09:14:03	40	1,626.131	66.569	10	0	0	0	0	0	1	1	0	0	1	8
2013/12/29-09:14:32	40	1,626.131	66.569	8	0	0	0	1	0	0	1	1	0	0	20
2013/12/29-09:15:11	40	1,626.131	66.569	1	0	0	0	0	0	1	1	0	0	1	3
2013/12/29-09:26:48	40	1,626.131	66.569	3	0	1	0	0	0	0	1	0	0	1	9
2013/12/29-09:27:18	40	1,626.131	66.569	6	0	0	11	0	0	0	1	1	0	0	25
2013/12/29-09:28:02	40	1,626.131	66.569	11	0	0	0	1	0	1	1	0	0	1	17
2013/12/29-09:29:21	40	1,626.131	66.569	1	0	0	0	0	0	1	1	0	0	1	3
2013/12/29-09:29:46	40	1,626.131	66.569	13	0	0	3	0	0	1	1	0	0	1	33
2013/12/29-13:18:46	39	1,630.971	68.613	11	0	0	2	1	0	0	1	1	0	0	40
2013/12/29-13:19:45	39	1,630.971	68.613	11	0	0	1	1	0	0	1	1	0	0	32
2013/12/29-13:20:35	39	1,630.971	68.613	12	0	0	3	0	0	1	1	0	0	1	27
2013/12/29-13:21:21	38	1,641.262	66.852	14	0	0	3	1	0	0	1	1	0	0	42
2013/12/29-13:22:22	38	1,641.262	66.852	7	0	0	2	2	0	0	1	1	0	0	25
2013/12/29-13:35:19	38	1,641.262	66.852	3	0	0	0	0	0	1	1	0	0	1	8
2013/12/29-13:35:57	38	1,641.262	66.852	15	0	0	3	0	0	0	1	1	0	0	60
2013/12/29-13:37:16	38	1,641.262	66.852	8	0	0	1	1	0	1	1	0	0	1	13
2013/12/29-13:37:49	38	1,641.262	66.852	9	0	0	1	0	0	1	1	0	0	1	39
2013/12/29-13:38:46	38	1,641.262	66.852	3	0	1	0	0	0	0	1	0	0	1	11
2013/12/29-13:51:16	38	1,641.262	66.852	8	0	0	1	0	0	1	1	0	0	1	21
2013/12/29-13:52:11	38	1,641.262	66.852	2	0	1	0	1	0	0	1	0	0	1	10
2013/12/29-13:52:45	38	1,641.262	66.852	6	0	0	1	0	0	1	1	0	0	1	21
2013/12/29-13:53:25	38	1,641.262	66.852	11	0	0	2	0	0	1	1	0	0	1	31
2013/12/29-13:54:44	40	1,624.623	60.218	6	0	0	1	1	0	1	1	0	0	1	18
2013/12/29-21:02:16	41	1,615.873	66.623	15	0	0	1	1	0	1	1	0	0	1	32
2013/12/29-21:03:08	41	1,615.873	66.623	24	0	0	5	0	0	0	1	1	0	0	60
2013/12/29-21:04:27	41	1,618.562	65.658	9	0	0	0	0	0	1	1	0	0	1	23
2013/12/29-21:05:16	41	1,618.562	65.658	15	0	0	2	1	0	0	1	1	0	0	60
2013/12/29-21:06:34	41	1,618.562	65.658	11	0	0	1	2	0	0	1	1	0	0	31
2013/12/29-21:27:24	41	1,618.562	65.658	5	0	0	1	0	0	1	1	0	0	1	14
2013/12/29-21:27:57	41	1,618.562	65.658	12	0	0	1	0	0	0	1	1	0	0	26
2013/12/29-21:28:39	41	1,618.562	65.658	9	0	0	2	2	0	0	1	1	0	0	29
2013/12/29-21:29:26	41	1,618.562	65.658	13	0	0	1	0	0	0	1	1	0	0	51
2013/12/29-21:30:33	41	1,618.562	65.658	18	0	0	4	1	0	0	1	1	0	0	60
2013/12/29-21:52:23	28	1,678.113	60.808	15	0	0	1	0	0	1	1	0	0	1	40
2013/12/29-21:53:27	28	1,678.113	60.808	30	0	0	3	2	0	0	1	1	0	0	60
2013/12/29-21:54:46	28	1,678.113	60.808	24	0	0	4	1	0	0	1	1	0	0	60
2013/12/29-21:56:04	28	1,678.113	60.808	3	0	0	2	0	0	1	1	0	0	1	14
2013/12/29-21:57:23	28	1,678.113	60.808	3	0	1	0	0	0	0	1	0	0	1	14
2013/12/30-00:21:11	26	1,680.171	61.763	10	0	0	2	0	0	1	1	0	0	1	33
2013/12/30-00:22:30	26	1,680.171	61.763	20	0	0	3	1	0	0	1	1	0	0	60
2013/12/30-00:23:49	26	1,680.171	61.763	5	0	1	1	0	0	0	1	0	0	1	21
2013/12/30-00:25:08	26	1,680.171	61.763	8	0	0	3	2	0	0	1	1	0	0	20
2013/12/30-00:25:47	26	1,680.171	61.763	9	0	0	1	0	0	1	1	0	0	1	25
2013/12/30-00:50:40	28	1,672.89	58.616	5	0	0	1	0	0	1	1	0	0	1	16
2013/12/30-00:51:15	28	1,672.89	58.616	7	0	0	1	1	0	0	1	1	0	0	27
2013/12/30-00:52:01	28	1,672.89	58.616	15	0	0	3	0	0	1	1	0	0	1	37
2013/12/30-00:53:20	28	1,672.89	58.616	18	0	0	3	1	0	0	1	1	0	0	60
2013/12/30-00:54:39	28	1,672.89	58.616	12	0	0	3	1	0	1	1	0	0	1	28
2013/12/30-01:13:35	28	1,672.89	58.616	9	0	0	2	1	0	1	1	0	0	1	25
2013/12/30-01:14:19	28	1,672.89	58.616	20	0	0	2	1	0	1	1	0	0	1	31
2013/12/30-01:15:09	28	1,672.89	58.616	14	0	0	3	1	0	0	1	1	0	0	56
2013/12/30-01:16:24	28	1,672.89	58.616	13	0	0	2	1	0	0	1	1	0	0	60
2013/12/30-01:17:43	28	1,672.89	58.616	24	0	0	5	0	0	1	1	0	0	1	52
2013/12/30-05:11:20	22	1,705.128	63.617	8	0	0	4	1	0	0	1	1	0	0	25
2013/12/30-05:12:04	22	1,705.128	63.617	9	0	0	4	1	0	0	1	1	0	0	32
2013/12/30-05:12:56	22	1,705.128	63.617	9	0	0	2	1	0	0	1	1	0	0	31
2013/12/30-05:13:46	22	1,705.128	63.617	7	0	0	1	0	0	1	1	0	0	1	22
2013/12/30-05:14:37	22	1,705.128	63.617	8	0	0	2	1	0	0	1	1	0	0	29
2013/12/30-05:35:58	22	1,709.789	61.791	18	0	0	4	0	0	0	1	1	0	0	60
2013/12/30-05:37:17	22	1,709.789	61.791	15	0	0	3	0	0	0	1	0	0	1	60
2013/12/30-05:38:36	22	1,709.789	61.791	22	0	0	2	0	0	0	1	1	0	0	60
2013/12/30-05:39:55	22	1,709.789	61.791	21	0	0	4	1	0	0	1	1	0	0	60
2013/12/30-05:41:15	22	1,709.789	61.791	4	0	0	1	0	0	1	1	0	0	1	8
2013/12/30-05:52:39	22	1,709.789	61.791	18	0	0	4	0	0	0	1	1	0	0	48
2013/12/30-05:53:46	22	1,709.789	61.791	9	0	0	2	0	0	1	1	0	0	1	36
2013/12/30-05:55:05	22	1,709.789	61.791	25	0	0	4	2	0	0	1	1	0	0	60
2013/12/30-05:56:25	22	1,709.789	61.791	7	0	0	1	0	0	1	1	0	0	1	17
2013/12/30-05:57:44	22	1,709.789	61.791	16	0	0	3	0	0	0	1	0	0	1	60
2013/12/30-15:05:00	20	1,731.05	78.507	8	0	0	1	1	0	0	1	1	0	0	27
2013/12/30-15:05:47	20	1,731.05	78.507	4	0	0	0	1	0	0	1	1	0	0	19
2013/12/30-15:06:24	20	1,731.05	78.507	9	0	0	3	0	0	0	1	1	0	0	23
2013/12/30-15:07:06	20	1,731.05	78.507	7	0	0	2	0	0	0	1	1	0	0	37
2013/12/30-15:08:02	20	1,731.05	78.507	14	0	0	3	2	0	1	1	0	0	1	28
2013/12/30-15:24:27	20	1,731.05	78.507	15	0	0	2	2	0	0	1	1	0	0	34
2013/12/30-15:25:21	20	1,731.05	78.507	26	0	0	3	2	0	0	1	1	0	0	60
2013/12/30-15:26:40	20	1,731.05	78.507	21	0	0	1	1	0	0	1	1	0	0	60
2013/12/30-15:27:58	20	1,731.05	78.507	11	0	0	2	1	0	0	1	1	0	0	49
2013/12/30-15:29:06	20	1,731.05	78.507	9	0	0	2	0	0	1	1	0	0	1	28
2013/12/30-15:49:12	14	1,770.728	70.969	6	0	0	2	0	0	1	1	0	0	1	18
2013/12/30-15:50:31	14	1,770.728	70.969	9	0	0	3	1	0	1	1	0	0	1	25
2013/12/30-15:51:14	14	1,770.728	70.969	20	0	0	5	0	0	0	1	0	0	1	60
2013/12/30-15:52:34	14	1,770.728	70.969	27	0	0	2	0	0	0	1	0	0	1	60
2013/12/30-15:53:53	14	1,770.728	70.969	16	0	0	3	0	0	0	1	0	0	1	60
2013/12/30-20:55:00	16	1,767.959	75.952	4	0	0	1	1	0	0	1	1	0	0	19
2013/12/30-20:55:38	16	1,767.959	75.952	10	0	0	3	0	0	0	1	0	0	1	60
2013/12/30-20:56:57	16	1,767.959	75.952	14	0	0	3	2	0	0	1	1	0	0	57
2013/12/30-20:58:13	16	1,767.959	75.952	5	0	0	1	1	0	0	1	1	0	0	20
2013/12/30-20:58:51	16	1,767.959	75.952	5	0	1	0	0	0	0	1	0	0	1	24
2013/12/30-21:24:47	18	1,762.415	72.94	9	0	0	3	0	0	1	1	0	0	1	21
2013/12/30-21:26:06	18	1,762.415	72.94	2	0	0	0	0	0	1	1	0	0	1	4
2013/12/30-21:27:25	18	1,762.415	72.94	20	0	0	4	1	0	0	1	1	0	0	60
2013/12/30-21:28:44	18	1,762.415	72.94	8	0	0	2	3	0	0	1	1	0	0	33
2013/12/30-21:29:36	18	1,762.415	72.94	14	0	0	3	2	0	1	1	0	0	1	53
2013/12/30-21:44:07	18	1,762.415	72.94	8	0	0	2	1	0	0	1	1	0	0	19
2013/12/30-21:44:45	18	1,762.415	72.94	8	0	0	1	0	0	1	1	0	0	1	28
2013/12/30-21:46:04	18	1,762.415	72.94	7	0	0	2	0	0	1	1	0	0	1	13
2013/12/30-21:47:23	18	1,762.415	72.94	17	0	0	4	0	0	1	1	0	0	1	30
2013/12/30-21:48:13	18	1,762.415	72.94	28	0	0	3	0	0	0	1	0	0	1	60
2013/12/31-12:00:10	16	1,751.323	92.334	3	0	0	2	1	0	0	1	1	0	0	12
2013/12/31-12:00:41	16	1,751.323	92.334	23	0	0	4	1	0	0	1	1	0	0	55
2013/12/31-12:01:55	16	1,751.323	92.334	3	0	0	0	1	0	0	1	1	0	0	6
2013/12/31-12:02:20	16	1,751.323	92.334	6	0	1	0	0	0	0	1	0	0	1	10
2013/12/31-12:02:48	16	1,751.323	92.334	4	0	0	0	1	0	1	1	0	0	1	5
2013/12/31-12:15:33	17	1,746.985	87.101	11	0	0	13	2	0	1	1	0	0	1	18
2013/12/31-12:16:11	17	1,746.985	87.101	1	0	0	0	0	0	1	1	0	0	1	3
2013/12/31-12:16:35	17	1,746.985	87.101	4	0	1	0	1	0	0	1	1	0	0	11
2013/12/31-12:17:05	17	1,746.985	87.101	9	0	0	0	0	0	0	1	1	0	0	5
2013/12/31-12:17:29	17	1,746.985	87.101	11	0	0	3	1	0	0	1	1	0	0	40
2013/12/31-12:29:18	17	1,746.985	87.101	3	0	1	0	0	0	0	1	0	0	1	7
2013/12/31-12:29:48	17	1,746.985	87.101	1	0	0	0	0	0	1	1	0	0	1	3
2013/12/31-12:31:07	17	1,746.985	87.101	20	0	0	7	1	0	0	1	1	0	0	60
2013/12/31-12:32:26	17	1,746.985	87.101	8	0	1	0	0	0	0	1	0	0	1	8
2013/12/31-12:32:53	17	1,746.985	87.101	5	0	1	0	1	0	0	1	0	0	1	14
2013/12/31-16:04:39	12	1,783.594	83.291	8	0	0	0	0	0	1	1	0	0	1	14
2013/12/31-16:05:17	12	1,783.594	83.291	6	0	0	3	0	0	0	1	1	0	0	26
2013/12/31-16:06:01	12	1,783.594	83.291	5	0	1	1	1	0	0	1	0	0	1	39
2013/12/31-16:06:59	12	1,783.594	83.291	3	0	1	0	1	0	0	1	0	0	1	11
2013/12/31-16:07:28	12	1,783.594	83.291	1	0	1	0	0	0	0	1	0	0	1	3
2013/12/31-16:25:43	14	1,761.188	77.791	5	0	1	2	0	0	0	1	0	0	1	21
2013/12/31-16:26:27	14	1,761.188	77.791	9	0	0	1	0	0	1	1	0	0	1	33
2013/12/31-16:27:46	14	1,761.188	77.791	6	0	1	0	0	0	0	1	0	0	1	10
2013/12/31-16:29:04	14	1,761.188	77.791	2	0	0	0	0	0	1	1	0	0	1	6
2013/12/31-16:30:23	14	1,761.188	77.791	6	0	1	0	0	0	0	1	0	0	1	16
2013/12/31-16:43:38	14	1,761.188	77.791	11	0	0	0	1	0	0	1	1	0	0	7
2013/12/31-16:44:05	14	1,761.188	77.791	9	0	0	10	1	0	0	1	1	0	0	25
2013/12/31-16:44:49	14	1,761.188	77.791	2	0	1	0	0	0	0	1	0	0	1	9
2013/12/31-16:45:17	14	1,761.188	77.791	12	0	0	4	2	0	0	1	1	0	0	46
2013/12/31-16:46:22	14	1,761.188	77.791	19	0	0	0	1	0	0	1	1	0	0	30
2013/12/31-20:53:01	15	1,753.063	79.564	11	0	0	0	2	0	0	1	1	0	0	15
2013/12/31-20:53:35	15	1,753.063	79.564	16	0	0	4	0	0	0	1	1	0	0	60
2013/12/31-20:54:54	15	1,753.063	79.564	3	0	0	0	0	0	1	1	0	0	1	9
2013/12/31-20:55:29	15	1,753.063	79.564	5	0	0	6	1	0	0	1	1	0	0	19
2013/12/31-20:56:06	15	1,753.063	79.564	2	0	0	0	1	0	1	1	0	0	1	6
2013/12/31-21:17:47	16	1,729.889	75.512	1	0	0	0	0	0	1	1	0	0	1	3
2013/12/31-21:19:06	16	1,729.889	75.512	6	0	0	0	1	0	0	1	1	0	0	22
2013/12/31-21:19:47	16	1,729.889	75.512	12	0	0	0	1	0	1	1	0	0	1	23
2013/12/31-21:20:30	16	1,729.889	75.512	6	0	0	2	1	0	0	1	1	0	0	10
2013/12/31-21:20:59	16	1,729.889	75.512	2	0	0	0	0	0	0	1	1	0	0	6
2013/12/31-21:36:22	16	1,729.889	75.512	20	0	0	0	1	0	0	1	1	0	0	39
2013/12/31-21:37:19	16	1,729.889	75.512	4	0	0	2	1	0	0	1	1	0	0	22
2013/12/31-21:38:00	16	1,729.889	75.512	6	0	0	0	3	0	0	1	1	0	0	16
2013/12/31-21:38:35	16	1,729.889	75.512	11	0	0	2	3	0	0	1	1	0	0	34
2013/12/31-21:39:27	16	1,729.889	75.512	12	0	0	0	1	0	1	1	0	0	1	7
2014/01/01-00:58:09	11	1,774.37	75.133	2	0	0	0	2	0	1	1	0	0	1	3
2014/01/01-00:58:32	11	1,774.37	75.133	5	0	1	0	1	0	0	1	1	0	0	11
2014/01/01-00:59:01	11	1,774.37	75.133	1	0	0	0	1	0	1	1	0	0	1	3
2014/01/01-00:59:35	11	1,774.37	75.133	3	0	0	3	0	0	1	1	0	0	1	8
2014/01/01-01:00:03	11	1,774.37	75.133	10	0	0	0	1	0	0	1	1	0	0	16
2014/01/01-01:25:30	14	1,736.471	71.896	3	0	1	0	0	0	0	1	0	0	1	11
2014/01/01-01:26:00	14	1,736.471	71.896	11	0	0	0	1	0	1	1	0	0	1	17
2014/01/01-01:26:35	14	1,736.471	71.896	4	0	1	5	0	0	0	1	0	0	1	12
2014/01/01-01:27:14	14	1,736.471	71.896	10	0	0	0	0	0	1	1	0	0	1	8
2014/01/01-01:27:40	14	1,736.471	71.896	11	0	0	4	0	0	0	1	0	0	1	60
2014/01/01-01:35:41	14	1,736.471	71.896	8	0	0	1	1	0	0	1	1	0	0	16
2014/01/01-01:36:17	15	1,736.922	66.63	4	0	1	0	0	0	0	1	0	0	1	11
2014/01/01-01:36:52	15	1,736.922	66.63	13	0	0	0	1	0	0	1	1	0	0	18
2014/01/01-01:37:29	15	1,736.922	66.63	14	0	0	0	2	0	0	1	1	0	0	13
2014/01/01-01:38:01	15	1,736.922	66.63	1	0	0	0	0	0	1	1	0	0	1	3
2014/01/01-05:14:44	20	1,725.656	71.993	17	0	0	2	1	0	0	1	1	0	0	60
2014/01/01-05:16:03	20	1,725.656	71.993	10	0	0	0	0	0	1	1	0	0	1	15
2014/01/01-05:16:37	20	1,725.656	71.993	1	0	0	0	1	0	1	1	0	0	1	3
2014/01/01-05:17:04	20	1,725.656	71.993	5	0	0	3	2	0	0	1	1	0	0	20
2014/01/01-05:17:42	20	1,725.656	71.993	11	0	0	0	1	0	1	1	0	0	1	5
2014/01/01-05:34:04	20	1,725.656	71.993	6	0	1	0	0	0	0	1	0	0	1	17
2014/01/01-05:34:58	20	1,725.656	71.993	6	0	0	0	0	0	1	1	0	0	1	4
2014/01/01-05:35:26	20	1,725.656	71.993	12	0	0	3	1	0	0	1	1	0	0	31
2014/01/01-05:36:15	25	1,697.887	66.767	1	0	0	0	0	0	1	1	0	0	1	3
2014/01/01-05:36:59	25	1,697.887	66.767	5	0	1	0	3	0	0	1	0	0	1	11
2014/01/01-05:44:57	25	1,697.887	66.767	1	0	0	0	1	0	1	1	0	0	1	3
2014/01/01-05:45:20	25	1,697.887	66.767	17	0	0	6	1	0	1	1	0	0	1	41
2014/01/01-05:46:19	25	1,697.887	66.767	14	0	0	4	1	0	0	1	1	0	0	45
2014/01/01-05:47:23	25	1,697.887	66.767	14	0	0	0	1	0	0	1	1	0	0	26
2014/01/01-05:48:07	25	1,697.887	66.767	12	0	0	0	2	0	1	1	0	0	1	5
2014/01/01-09:11:43	27	1,686.714	70.449	7	0	0	2	1	0	0	1	1	0	0	25
2014/01/01-09:12:27	27	1,686.714	70.449	5	0	1	0	0	0	0	1	0	0	1	16
2014/01/01-09:13:01	27	1,686.714	70.449	7	0	0	0	1	0	1	1	0	0	1	15
2014/01/01-09:13:35	27	1,686.714	70.449	11	0	0	14	0	0	0	1	1	0	0	42
2014/01/01-09:14:36	27	1,686.714	70.449	8	0	0	0	1	0	0	1	1	0	0	15
2014/01/01-09:31:11	26	1,697.296	67.193	8	0	1	2	0	0	0	1	0	0	1	17
2014/01/01-09:31:48	26	1,697.296	67.193	3	0	1	0	1	0	0	1	0	0	1	4
2014/01/01-09:32:35	26	1,697.296	67.193	4	0	0	3	0	0	1	1	0	0	1	10
2014/01/01-09:33:18	26	1,697.296	67.193	5	0	0	0	0	0	0	1	1	0	0	13
2014/01/01-09:33:51	26	1,697.296	67.193	4	0	1	1	0	0	0	1	0	0	1	18
2014/01/01-09:45:13	26	1,697.296	67.193	6	0	0	3	3	0	0	1	1	0	0	23
2014/01/01-09:45:55	26	1,697.296	67.193	15	0	1	0	0	0	0	1	0	0	1	46
2014/01/01-09:47:00	26	1,697.296	67.193	15	0	0	0	2	0	0	1	1	0	0	27
2014/01/01-09:47:45	26	1,697.296	67.193	1	0	0	0	1	0	1	1	0	0	1	3
2014/01/01-09:48:14	26	1,697.296	67.193	11	0	0	3	3	0	0	1	1	0	0	34
2014/01/01-14:14:52	26	1,686.056	73.063	6	0	1	2	1	0	0	1	0	0	1	17
2014/01/01-14:15:28	26	1,686.056	73.063	1	0	0	0	1	0	1	1	0	0	1	3
2014/01/01-14:16:47	26	1,686.056	73.063	12	0	0	3	3	0	0	1	1	0	0	27
2014/01/01-14:17:33	26	1,686.056	73.063	10	0	0	0	2	0	1	1	0	0	1	9
2014/01/01-14:18:01	26	1,686.056	73.063	13	0	0	7	2	0	0	1	1	0	0	40
2014/01/01-14:42:40	26	1,681.252	68.565	14	0	0	0	1	0	1	1	0	0	1	26
2014/01/01-14:43:25	26	1,681.252	68.565	14	0	0	2	1	0	1	1	0	0	1	25
2014/01/01-14:44:21	26	1,681.252	68.565	3	0	0	0	1	0	0	1	1	0	0	6
2014/01/01-14:44:46	26	1,681.252	68.565	1	0	0	0	0	0	1	1	0	0	1	3
2014/01/01-14:45:36	26	1,681.252	68.565	3	0	1	0	0	0	0	1	0	0	1	7
2014/01/01-14:55:54	26	1,681.252	68.565	2	0	1	0	1	0	0	1	0	0	1	3
2014/01/01-14:56:24	26	1,681.252	68.565	16	0	0	2	2	0	0	1	1	0	0	59
2014/01/01-14:57:43	26	1,681.252	68.565	1	0	0	0	1	0	1	1	0	0	1	3
2014/01/01-14:58:09	26	1,681.252	68.565	3	0	0	1	0	0	0	1	1	0	0	9
2014/01/01-14:58:37	26	1,681.252	68.565	2	0	0	0	2	0	0	1	1	0	0	4
2014/01/01-19:02:10	35	1,660.964	62.176	6	0	0	1	0	0	1	1	0	0	1	17
2014/01/01-19:02:40	35	1,660.964	62.176	2	0	1	2	0	0	0	1	0	0	1	8
2014/01/01-19:02:58	32	1,670.236	61.077	2	0	1	2	1	0	0	1	0	0	1	7
2014/01/02-00:26:23	36	1,660.964	70.448	3	0	1	0	1	0	0	1	0	0	1	7
2014/01/02-00:26:48	36	1,660.964	70.448	24	0	0	6	0	0	0	1	1	0	0	60
2014/01/02-00:28:07	36	1,660.964	70.448	22	0	0	4	1	0	0	1	1	0	0	60
2014/01/02-00:29:26	36	1,660.964	70.448	9	0	0	0	0	0	0	1	1	0	0	13
2014/01/02-00:29:57	36	1,660.964	70.448	8	0	0	3	1	0	0	1	1	0	0	23
2014/01/02-00:49:30	24	1,692.948	67.179	4	0	0	2	1	0	0	1	1	0	0	19
2014/01/02-00:50:08	24	1,692.948	67.179	1	0	0	0	0	0	1	1	0	0	1	3
2014/01/02-00:50:36	24	1,692.948	67.179	4	0	1	0	0	0	0	1	0	0	1	9
2014/01/02-00:51:10	24	1,692.948	67.179	2	0	0	0	1	0	0	1	1	0	0	9
2014/01/02-00:51:37	24	1,692.948	67.179	4	0	0	1	1	0	0	1	1	0	0	18
2014/01/02-01:10:36	27	1,681.524	63.889	4	0	1	0	0	0	0	1	0	0	1	4
2014/01/02-01:11:05	27	1,681.524	63.889	10	0	0	0	2	0	0	1	1	0	0	29
2014/01/02-01:11:53	27	1,681.524	63.889	5	0	0	1	0	0	1	1	0	0	1	25
2014/01/02-01:13:04	27	1,681.524	63.889	2	0	0	0	0	0	1	1	0	0	1	7
2014/01/02-01:13:35	27	1,681.524	63.889	1	0	0	0	0	0	1	1	0	0	1	3
2014/01/02-04:39:50	39	1,653.227	69.256	6	0	0	0	3	0	0	1	1	0	0	23
2014/01/02-04:40:33	39	1,653.227	69.256	8	0	0	3	1	0	0	1	1	0	0	36
2014/01/02-04:41:28	39	1,653.227	69.256	1	0	0	0	0	0	1	1	0	0	1	3
2014/01/02-04:42:47	39	1,653.227	69.256	18	0	0	1	1	0	1	1	1	0	0	40
2014/01/02-04:43:46	39	1,653.227	69.256	5	0	0	0	0	0	1	1	0	0	1	10
2014/01/02-05:02:27	39	1,653.227	69.256	8	0	1	1	0	0	0	1	0	0	1	21
2014/01/02-05:03:11	39	1,653.227	69.256	9	0	0	0	1	0	0	1	1	0	0	21
2014/01/02-05:03:51	39	1,653.227	69.256	16	0	0	4	1	0	0	1	1	0	0	39
2014/01/02-05:04:49	36	1,661.837	64.052	1	0	0	0	0	0	1	1	0	0	1	3
2014/01/02-05:06:08	36	1,661.837	64.052	14	0	0	4	0	0	0	1	1	0	0	53
2014/01/02-05:25:33	36	1,661.837	64.052	6	0	0	0	0	0	1	1	0	0	1	8
2014/01/02-05:26:52	36	1,661.837	64.052	7	0	0	0	1	0	1	1	0	0	1	11
2014/01/02-05:27:22	36	1,661.837	64.052	4	0	0	1	0	0	1	1	0	0	1	12
2014/01/02-05:28:28	36	1,661.837	64.052	4	0	0	0	0	0	0	1	1	0	0	10
2014/01/02-05:28:57	36	1,661.837	64.052	1	0	0	0	0	0	1	1	0	0	1	3
2014/01/02-10:38:41	33	1,661.494	71.471	1	0	0	0	1	0	1	1	0	0	1	3
2014/01/02-10:39:12	33	1,661.494	71.471	10	0	0	0	1	0	1	1	0	0	1	5
2014/01/02-10:39:43	33	1,661.494	71.471	9	0	0	14	1	0	0	1	1	0	0	58
2014/01/02-10:40:59	33	1,661.494	71.471	5	0	0	0	0	0	0	1	1	0	0	12
2014/01/02-10:41:30	33	1,661.494	71.471	8	0	0	3	1	0	0	1	1	0	0	25
2014/01/02-10:52:22	33	1,661.494	71.471	17	0	0	0	0	0	1	1	0	0	1	30
2014/01/02-10:53:29	33	1,661.494	71.471	1	0	0	0	0	0	1	1	0	0	1	3
2014/01/02-10:54:00	33	1,661.494	71.471	14	0	0	2	1	0	1	1	0	0	1	43
2014/01/02-10:55:03	33	1,661.494	71.471	7	0	0	0	1	0	1	1	0	0	1	9
2014/01/02-10:55:47	33	1,661.494	71.471	17	0	0	18	0	0	0	1	1	0	0	60
2014/01/02-11:09:19	36	1,639.337	64.734	18	0	0	15	1	0	1	1	0	0	1	50
2014/01/02-11:10:28	36	1,639.337	64.734	1	0	0	0	0	0	1	1	0	0	1	3
2014/01/02-11:11:02	36	1,639.337	64.734	10	0	0	3	3	0	0	1	1	0	0	29
2014/01/02-11:11:51	36	1,639.337	64.734	7	0	1	0	1	0	0	1	0	0	1	17
2014/01/02-11:12:27	36	1,639.337	64.734	7	0	0	0	2	0	0	1	1	0	0	15
2014/01/02-14:55:25	37	1,641.907	69.618	1	0	0	0	0	0	1	1	0	0	1	3
2014/01/02-14:56:01	37	1,641.907	69.618	23	0	0	0	2	0	0	1	1	0	0	44
2014/01/02-14:57:04	37	1,641.907	69.618	3	0	0	0	2	0	0	1	1	0	0	10
2014/01/02-14:57:33	37	1,641.907	69.618	17	0	0	3	0	0	0	1	0	0	1	60
2014/01/02-14:58:52	37	1,641.907	69.618	10	0	0	3	1	0	0	1	1	0	0	21
2014/01/02-15:10:32	36	1,639.024	66.487	7	0	0	0	0	0	1	1	0	0	1	4
2014/01/02-15:10:55	36	1,639.024	66.487	3	0	1	0	0	0	0	1	0	0	1	11
2014/01/02-15:11:55	36	1,639.024	66.487	2	0	1	0	0	0	0	1	0	0	1	3
2014/01/02-15:12:42	36	1,639.024	66.487	11	0	0	0	2	0	0	1	1	0	0	24
2014/01/02-15:13:25	36	1,639.024	66.487	7	0	0	4	0	0	1	1	0	0	1	21
2014/01/02-15:19:26	36	1,639.024	66.487	19	0	0	0	0	0	1	1	0	0	1	26
2014/01/02-15:20:11	36	1,639.024	66.487	3	0	0	0	1	0	0	1	1	0	0	6
2014/01/02-15:20:37	36	1,639.024	66.487	15	0	0	0	3	0	0	1	1	0	0	20
2014/01/02-15:21:15	36	1,639.024	66.487	18	0	0	9	1	0	1	1	0	0	1	15
2014/01/02-15:21:49	36	1,639.024	66.487	1	0	0	0	0	0	1	1	0	0	1	3
2014/01/02-18:46:51	35	1,646.792	68.457	3	0	0	2	0	0	0	1	1	0	0	8
2014/01/02-18:47:19	35	1,646.792	68.457	8	0	0	3	1	0	0	1	1	0	0	22
2014/01/02-18:47:59	35	1,646.792	68.457	13	0	0	0	3	0	0	1	1	0	0	38
2014/01/02-18:48:57	35	1,646.792	68.457	24	0	0	6	2	0	0	1	1	0	0	51
2014/01/02-18:50:07	35	1,646.792	68.457	1	0	0	0	0	0	1	1	0	0	1	3
2014/01/02-22:18:51	32	1,664.14	65.228	29	0	0	0	0	0	1	1	0	0	1	40
2014/01/02-22:20:12	32	1,664.14	65.228	2	0	1	0	0	0	0	1	0	0	1	3
2014/01/02-22:21:30	32	1,664.14	65.228	14	0	0	3	0	0	0	1	1	0	0	53
2014/01/02-22:22:43	32	1,664.14	65.228	1	0	0	0	0	0	1	1	0	0	1	4
2014/01/02-22:24:02	32	1,664.14	65.228	1	0	0	0	0	0	1	1	0	0	1	3
2014/01/02-22:39:15	32	1,664.14	65.228	16	0	0	4	0	0	1	1	0	0	1	40
2014/01/02-22:40:13	32	1,664.14	65.228	1	0	0	0	0	0	1	1	0	0	1	3
2014/01/02-22:40:43	32	1,664.14	65.228	18	0	0	0	2	0	0	1	1	0	0	14
2014/01/02-22:41:16	32	1,664.14	65.228	12	0	1	3	1	0	0	1	0	0	1	34
2014/01/02-22:42:04	32	1,664.14	65.228	3	0	0	0	0	0	0	1	1	0	0	11
2014/01/03-03:11:42	32	1,659.91	70.698	1	0	0	0	1	0	1	1	0	0	1	3
2014/01/03-03:12:17	32	1,659.91	70.698	3	0	0	0	3	0	0	1	1	0	0	7
2014/01/03-03:12:43	32	1,659.91	70.698	10	0	0	3	1	0	0	1	1	0	0	31
2014/01/03-03:13:32	32	1,659.91	70.698	7	0	0	0	1	0	1	1	0	0	1	6
2014/01/03-03:14:02	32	1,659.91	70.698	4	0	1	2	0	0	0	1	0	0	1	15
2014/01/03-03:23:02	39	1,634.713	67.555	19	0	0	3	2	0	0	1	1	0	0	35
2014/01/03-03:23:56	39	1,634.713	67.555	14	0	0	17	1	0	0	1	1	0	0	49
2014/01/03-03:25:04	39	1,634.713	67.555	5	0	0	0	0	0	1	1	0	0	1	9
2014/01/03-03:25:49	39	1,634.713	67.555	1	0	0	0	0	0	1	1	0	0	1	3
2014/01/03-03:27:08	39	1,634.713	67.555	6	0	0	1	2	0	0	1	1	0	0	20
2014/01/03-03:43:33	39	1,634.713	67.555	15	0	0	5	1	0	1	1	0	0	1	43
2014/01/03-03:44:52	39	1,634.713	67.555	1	0	0	0	0	0	1	1	0	0	1	3
2014/01/03-03:45:26	39	1,634.713	67.555	9	0	0	0	2	0	1	1	0	0	1	4
2014/01/03-03:45:49	39	1,634.713	67.555	4	0	1	0	0	0	0	1	0	0	1	10
2014/01/03-03:46:34	39	1,634.713	67.555	4	0	1	0	0	0	0	1	0	0	1	10
2014/01/03-07:28:32	43	1,618.188	70.595	14	0	0	4	2	0	0	1	1	0	0	28
2014/01/03-07:29:20	43	1,618.188	70.595	1	0	0	0	0	0	1	1	0	0	1	3
2014/01/03-07:30:39	43	1,618.188	70.595	3	0	1	0	1	0	0	1	0	0	1	9
2014/01/03-07:31:06	43	1,618.188	70.595	13	0	0	0	1	0	0	1	1	0	0	28
2014/01/03-07:31:53	43	1,618.188	70.595	13	0	0	0	1	0	1	1	0	0	1	18
2014/01/03-07:40:30	43	1,618.188	70.595	7	0	0	6	0	0	1	1	0	0	1	32
2014/01/03-07:41:21	43	1,618.188	70.595	1	0	1	0	0	0	0	1	0	0	1	3
2014/01/03-07:41:52	43	1,618.188	70.595	32	0	1	0	0	0	0	1	0	0	1	56
2014/01/03-07:43:11	43	1,618.188	70.595	11	0	0	1	0	0	1	1	0	0	1	25
2014/01/03-07:44:30	43	1,618.188	70.595	16	0	0	2	1	0	1	1	0	0	1	38
2014/01/03-07:56:14	43	1,618.188	70.595	8	0	0	3	1	0	0	1	1	0	0	36
2014/01/03-07:57:09	43	1,618.188	70.595	10	0	0	3	3	0	0	1	1	0	0	36
2014/01/03-07:58:04	43	1,618.188	70.595	1	0	1	0	0	0	0	1	0	0	1	3
2014/01/03-07:58:27	42	1,632.46	62.84	1	0	0	0	0	0	1	1	0	0	1	3
2014/01/03-07:58:50	42	1,632.46	62.84	3	0	0	0	2	0	1	1	0	0	1	4
2014/01/03-14:01:49	41	1,625.969	63.371	10	0	1	0	0	0	0	1	0	0	1	24
2014/01/03-14:02:44	41	1,625.969	63.371	9	0	0	0	2	0	1	1	0	0	1	20
2014/01/03-14:03:29	41	1,625.969	63.371	5	0	0	0	1	0	1	1	0	0	1	13
2014/01/03-14:04:06	41	1,625.969	63.371	9	0	0	0	0	0	1	1	0	0	1	22
2014/01/03-14:04:53	41	1,625.969	63.371	5	0	0	0	0	0	0	1	1	0	0	18
2014/01/03-21:58:33	35	1,656.967	62.077	0	0	0	0	0	0	0	1	0	1	0	0
2014/01/04-12:13:48	33	1,658.134	66.167	9	0	0	2	0	0	0	1	1	0	0	24
2014/01/04-12:14:32	33	1,658.134	66.167	3	0	1	0	0	0	0	1	0	0	1	8
2014/01/04-12:14:59	33	1,658.134	66.167	5	0	0	1	1	0	1	1	0	0	1	12
2014/01/04-12:16:18	33	1,658.134	66.167	1	0	0	0	0	0	1	1	0	0	1	3
2014/01/04-12:16:57	33	1,658.134	66.167	8	0	1	0	1	0	0	1	0	0	1	15
2014/01/04-12:28:38	33	1,658.134	66.167	14	0	0	4	2	0	0	1	1	0	0	29
2014/01/04-12:29:27	33	1,658.134	66.167	11	0	0	7	1	0	0	1	1	0	0	36
2014/01/04-12:30:22	33	1,658.134	66.167	4	0	1	0	0	0	0	1	0	0	1	13
2014/01/04-12:30:54	33	1,658.134	66.167	2	0	1	0	0	0	0	1	0	0	1	6
2014/01/04-12:31:30	31	1,662.076	60.218	11	0	0	0	3	0	0	1	1	0	0	12
2014/01/04-12:48:56	31	1,662.076	60.218	22	0	0	5	1	0	0	1	1	0	0	55
2014/01/04-12:50:10	31	1,662.076	60.218	16	0	1	2	2	0	0	1	0	0	1	36
2014/01/04-12:51:05	31	1,662.076	60.218	28	0	0	0	2	0	0	1	1	0	0	42
2014/01/04-12:52:06	31	1,662.076	60.218	1	0	0	0	0	0	1	1	0	0	1	3
2014/01/04-12:53:06	31	1,662.076	60.218	25	0	0	11	0	0	1	1	0	0	1	54
2014/01/04-17:38:04	26	1,679.035	68.792	22	0	0	2	0	0	0	1	1	0	0	60
2014/01/04-17:39:23	26	1,679.035	68.792	28	0	1	0	1	0	0	1	1	0	0	57
2014/01/04-17:40:39	26	1,679.035	68.792	19	0	0	2	1	0	0	1	1	0	0	60
2014/01/04-17:41:58	26	1,679.035	68.792	6	0	0	0	1	0	0	1	1	0	0	19
2014/01/04-17:42:36	26	1,679.035	68.792	1	0	0	0	0	0	1	1	0	0	1	3
2014/01/04-18:01:02	26	1,679.035	68.792	4	0	0	0	0	0	1	1	0	0	1	3
2014/01/04-18:01:41	26	1,679.035	68.792	6	0	0	0	1	0	0	1	1	0	0	16
2014/01/04-18:02:16	26	1,679.035	68.792	1	0	0	0	0	0	1	1	0	0	1	3
2014/01/04-18:03:07	26	1,679.035	68.792	1	0	1	0	0	0	0	1	0	0	1	3
2014/01/04-18:03:30	26	1,679.035	68.792	12	0	0	3	0	0	1	1	0	0	1	35
2014/01/04-18:19:05	22	1,698.432	61.752	1	0	0	0	0	0	1	1	0	0	1	3
2014/01/04-18:19:42	22	1,698.432	61.752	6	0	0	1	0	0	1	1	0	0	1	19
2014/01/04-18:21:01	22	1,698.432	61.752	7	0	0	0	2	0	0	1	1	0	0	24
2014/01/04-18:21:45	22	1,698.432	61.752	3	0	0	1	0	0	1	1	0	0	1	10
2014/01/04-18:23:04	22	1,698.432	61.752	9	0	1	3	1	0	0	1	0	0	1	41
2014/01/04-21:59:37	28	1,681.011	67.064	4	0	1	0	1	0	0	1	1	0	0	9
2014/01/04-22:00:06	28	1,681.011	67.064	9	0	1	3	0	0	0	1	0	0	1	34
2014/01/04-22:00:59	28	1,681.011	67.064	19	0	0	0	0	0	0	1	0	0	1	60
2014/01/04-22:02:18	28	1,681.011	67.064	4	0	0	1	0	0	1	1	0	0	1	11
2014/01/04-22:02:48	28	1,681.011	67.064	1	0	0	0	1	0	1	1	0	0	1	3
2014/01/04-22:16:04	28	1,681.011	67.064	6	0	0	0	2	0	1	1	0	0	1	18
2014/01/04-22:16:42	28	1,681.011	67.064	20	0	0	4	1	0	0	1	1	0	0	56
2014/01/04-22:17:57	28	1,681.011	67.064	19	0	0	0	1	0	0	1	1	0	0	28
2014/01/04-22:18:45	28	1,681.011	67.064	2	0	0	0	0	0	1	1	0	0	1	6
2014/01/04-22:19:29	28	1,681.011	67.064	1	0	0	0	0	0	1	1	0	0	1	3
2014/01/04-22:33:24	34	1,656.09	62.428	1	0	0	0	0	0	1	1	0	0	1	3
2014/01/04-22:34:44	34	1,656.09	62.428	11	0	0	0	1	0	1	1	0	0	1	17
2014/01/04-22:35:20	34	1,656.09	62.428	13	0	0	0	0	0	1	1	0	0	1	8
2014/01/04-22:35:53	34	1,656.09	62.428	5	0	0	0	1	0	0	1	1	0	0	16
2014/01/04-22:36:29	34	1,656.09	62.428	1	0	1	0	0	0	0	1	0	0	1	6
