2013/08/29-00:06:51	7	1,500	350	9	0	0	2	0	0	0	1	1	0	0	60
2013/08/29-00:10:08	7	1,500	350	2	0	1	0	0	0	0	1	0	0	1	42
2013/08/29-00:14:24	7	1,500	350	0	0	1	0	0	0	0	1	0	0	1	11
2013/08/29-00:20:43	7	1,500	350	2	0	1	1	0	0	0	1	0	0	1	53
2013/08/29-00:23:04	7	1,500	350	1	0	0	0	0	0	0	1	1	0	0	6
2013/08/29-00:50:52	7	1,500	350	2	0	1	0	0	0	0	1	1	0	0	37
2013/08/29-00:54:06	7	1,500	350	2	0	0	0	0	0	0	1	0	0	1	60
2013/08/29-01:26:58	7	1,500	350	12	0	0	2	0	0	0	1	1	0	0	60
2013/08/29-01:32:02	5	1,866.503	267.15	11	0	0	2	0	0	1	1	0	0	1	54
2013/08/29-01:59:11	7	1,500	350	5	0	0	2	0	0	0	1	1	0	0	32
2013/08/29-02:00:02	7	1,500	350	4	0	1	0	0	0	0	1	0	0	1	32
2013/08/29-02:01:00	7	1,500	350	11	0	0	0	0	0	0	1	1	0	0	60
2013/08/29-02:02:19	7	1,500	350	1	0	0	0	1	0	1	1	0	0	1	3
2013/08/29-02:02:41	7	1,500	350	1	0	0	0	0	0	1	1	0	0	1	3
2013/08/29-02:08:32	7	1,500	350	2	0	1	0	0	0	0	1	0	0	1	7
2013/08/29-02:09:52	7	1,500	350	1	0	1	0	1	0	0	1	0	0	1	9
2013/08/29-02:11:11	7	1,500	350	1	0	0	0	0	0	1	1	0	0	1	3
2013/08/29-02:11:35	7	1,500	350	3	0	0	0	0	0	0	1	0	0	1	60
2013/08/29-02:12:54	7	1,500	350	2	0	0	0	0	0	0	1	1	0	0	60
2013/08/29-07:32:50	81	1,276.582	263.837	1	0	1	0	0	0	0	1	0	0	1	16
2013/08/29-07:33:25	81	1,276.582	263.837	1	0	1	0	1	0	0	1	0	0	1	3
2013/08/29-07:33:53	81	1,276.582	263.837	1	0	0	0	1	0	1	1	0	0	1	3
2013/08/29-07:34:38	81	1,276.582	263.837	14	0	0	0	1	0	0	1	1	0	0	57
2013/08/29-07:35:54	81	1,276.582	263.837	5	0	0	0	1	0	1	1	0	0	1	34
