2013/12/25-20:09:03	53	1,500	350	12	0	0	7	1	0	0	1	1	0	0	33
2013/12/25-20:09:54	53	1,500	350	10	0	0	6	1	0	0	1	1	0	0	24
2013/12/25-20:10:37	53	1,500	350	2	0	0	0	1	0	0	1	1	0	0	13
2013/12/25-20:11:08	53	1,500	350	3	0	0	0	1	0	0	1	1	0	0	13
2013/12/25-20:11:39	53	1,500	350	8	0	0	0	1	0	0	1	1	0	0	20
2013/12/25-20:12:17	53	1,500	350	8	0	0	0	1	0	0	1	1	0	0	20
2013/12/25-20:12:55	53	1,500	350	8	0	0	4	1	0	0	1	1	0	0	32
2013/12/25-20:13:46	53	1,500	350	8	0	0	4	1	0	0	1	1	0	0	33
2013/12/25-20:14:37	53	1,500	350	4	0	0	0	1	0	0	1	1	0	0	16
2013/12/25-20:15:12	53	1,500	350	4	0	0	0	1	0	0	1	1	0	0	16
2013/12/25-20:15:46	53	1,500	350	4	0	0	0	1	0	0	1	1	0	0	20
2013/12/25-20:16:25	53	1,500	350	5	0	0	0	1	0	0	1	1	0	0	24
2013/12/25-20:17:07	53	1,500	350	3	0	0	3	1	0	0	1	1	0	0	24
2013/12/25-20:17:50	53	1,500	350	3	0	0	3	1	0	0	1	1	0	0	24
2013/12/25-20:18:32	53	1,500	350	1	0	0	0	1	0	0	1	1	0	0	4
2013/12/25-20:18:54	53	1,500	350	1	0	0	0	1	0	0	1	1	0	0	4
2013/12/25-20:20:51	53	1,500	350	11	0	0	7	0	0	1	1	0	0	1	29
2013/12/25-20:21:40	53	1,500	350	19	0	0	13	1	0	0	1	1	0	0	37
2013/12/25-20:22:35	53	1,500	350	7	0	0	0	1	0	0	1	1	0	0	16
2013/12/25-20:23:10	53	1,500	350	7	0	0	0	1	0	0	1	1	0	0	16
2013/12/25-20:23:44	53	1,500	350	7	0	0	0	0	0	1	1	0	0	1	21
2013/12/25-20:24:23	53	1,500	350	10	0	0	0	1	0	0	1	1	0	0	23
2013/12/25-20:25:04	53	1,500	350	9	0	0	1	1	0	0	1	1	0	0	36
2013/12/25-20:25:58	53	1,500	350	8	0	0	0	1	0	0	1	1	0	0	28
2013/12/25-20:26:45	53	1,500	350	5	0	0	0	1	0	0	1	1	0	0	18
2013/12/25-20:27:21	53	1,500	350	7	0	0	0	1	0	0	1	1	0	0	33
2013/12/25-20:28:12	53	1,500	350	5	0	0	0	1	0	0	1	1	0	0	25
2013/12/25-20:28:56	53	1,500	350	4	0	0	0	1	0	0	1	1	0	0	21
2013/12/25-20:29:35	53	1,500	350	2	0	0	3	1	0	0	1	1	0	0	26
2013/12/25-20:30:19	53	1,500	350	2	0	0	3	1	0	0	1	1	0	0	25
2013/12/25-20:31:03	53	1,500	350	3	0	0	0	1	0	0	1	1	0	0	9
2013/12/25-20:31:31	53	1,500	350	6	0	0	1	1	0	0	1	1	0	0	12
2013/12/25-20:36:06	53	1,500	350	27	0	0	17	1	0	0	1	1	0	0	43
2013/12/25-20:37:05	53	1,500	350	10	0	0	4	0	0	1	1	0	0	1	24
2013/12/25-20:37:47	53	1,500	350	21	0	0	0	0	0	0	1	0	1	0	30
2013/12/25-20:38:35	53	1,500	350	18	0	0	1	0	0	0	1	0	1	0	30
2013/12/25-20:39:24	53	1,500	350	8	0	0	0	1	0	0	1	1	0	0	18
2013/12/25-20:40:00	53	1,500	350	13	0	0	0	1	0	0	1	1	0	0	24
2013/12/25-20:40:43	53	1,500	350	14	0	0	1	0	0	0	1	0	1	0	45
2013/12/25-20:41:46	53	1,500	350	12	0	0	3	0	0	0	1	0	1	0	45
2013/12/25-20:42:49	53	1,500	350	20	0	0	0	0	0	0	1	0	1	0	60
2013/12/25-20:44:08	53	1,500	350	17	0	0	0	1	0	0	1	1	0	0	52
2013/12/25-20:45:19	53	1,500	350	4	0	0	0	1	0	0	1	1	0	0	21
2013/12/25-20:45:58	53	1,500	350	5	0	0	0	1	0	0	1	1	0	0	24
2013/12/25-20:46:41	53	1,500	350	2	0	0	3	1	0	0	1	1	0	0	22
2013/12/25-20:47:22	53	1,500	350	2	0	0	3	1	0	0	1	1	0	0	22
2013/12/25-20:48:02	53	1,500	350	7	0	0	0	0	0	0	1	0	1	0	30
2013/12/25-20:48:51	53	1,500	350	5	0	0	0	1	0	0	1	1	0	0	14
2013/12/25-20:59:26	53	1,500	350	10	0	0	2	1	0	0	1	1	0	0	25
2013/12/25-21:00:07	53	1,500	350	21	0	0	3	1	0	0	1	1	0	0	32
2013/12/25-21:00:58	53	1,500	350	9	0	1	0	0	0	0	1	0	1	0	19
2013/12/25-21:01:36	53	1,500	350	18	0	1	0	0	0	0	1	0	1	0	25
2013/12/25-21:02:19	53	1,500	350	18	0	0	0	0	0	0	1	0	1	0	30
2013/12/25-21:03:07	53	1,500	350	13	0	0	0	0	0	1	1	0	0	1	23
2013/12/25-21:03:49	53	1,500	350	1	0	0	0	0	0	0	1	1	0	0	4
2013/12/25-21:04:11	53	1,500	350	1	0	0	0	0	0	0	1	1	0	0	4
2013/12/25-21:04:33	53	1,500	350	5	0	0	0	1	0	0	1	1	0	0	17
2013/12/25-21:05:08	53	1,500	350	7	0	0	0	0	0	0	1	1	0	0	21
2013/12/25-21:05:47	53	1,500	350	0	0	0	0	0	0	0	1	1	0	0	3
2013/12/25-21:06:08	53	1,500	350	0	0	0	0	0	0	0	1	1	0	0	3
2013/12/25-21:06:29	53	1,500	350	0	0	0	3	0	0	0	1	1	0	0	3
2013/12/25-21:06:50	53	1,500	350	0	0	0	3	0	0	0	1	1	0	0	3
2013/12/25-21:07:11	53	1,500	350	3	0	0	0	0	0	0	1	1	0	0	8
2013/12/25-21:07:38	53	1,500	350	2	0	0	0	1	0	0	1	1	0	0	6
2013/12/26-14:57:06	15	1,794.027	350.155	7	0	1	2	0	0	0	1	0	0	1	23
2013/12/26-14:58:03	15	1,794.027	350.155	5	0	0	0	2	0	0	1	1	0	0	18
2013/12/26-14:58:32	15	1,794.027	350.155	4	0	0	0	0	0	1	1	0	0	1	8
2013/12/26-14:58:57	15	1,794.027	350.155	12	0	1	0	0	0	0	1	0	0	1	46
2013/12/26-14:59:57	15	1,794.027	350.155	1	0	0	0	0	0	1	1	0	0	1	3
2013/12/26-15:00:36	15	1,794.027	350.155	4	0	0	0	0	0	1	1	0	0	1	11
2013/12/26-15:45:49	15	1,794.027	350.155	8	0	1	0	0	0	0	1	0	0	1	14
2013/12/26-15:46:45	15	1,794.027	350.155	12	0	0	2	0	0	1	1	0	0	1	20
2013/12/26-15:47:26	15	1,794.027	350.155	5	0	1	0	0	0	0	1	0	0	1	12
2013/12/26-15:48:09	15	1,794.027	350.155	16	0	0	0	1	0	1	1	0	0	1	14
2013/12/26-15:48:35	15	1,794.027	350.155	1	0	0	0	1	0	1	1	0	0	1	3
2013/12/26-15:49:01	15	1,794.027	350.155	7	0	0	1	2	0	1	1	1	0	0	10
2013/12/26-15:49:27	15	1,794.027	350.155	1	0	0	0	2	0	1	1	0	0	1	3
2013/12/26-15:49:41	15	1,794.027	350.155	18	0	0	20	1	0	1	1	1	0	0	59
2013/12/26-16:04:17	94	1,059.631	260.351	2	0	0	0	0	0	1	1	0	0	1	6
2013/12/26-16:04:51	94	1,059.631	260.351	2	0	0	0	0	0	1	1	0	0	1	3
2013/12/26-16:05:15	94	1,059.631	260.351	1	0	0	0	0	0	1	1	0	0	1	3
2013/12/26-16:05:37	94	1,059.631	260.351	4	0	0	0	0	0	0	1	1	0	0	10
2013/12/26-16:06:05	94	1,059.631	260.351	6	0	0	3	0	0	1	1	0	0	1	15
2013/12/26-16:06:39	94	1,059.631	260.351	2	0	0	0	1	0	1	1	0	0	1	7
2013/12/26-16:07:54	94	1,059.631	260.351	11	0	0	3	0	0	1	1	0	0	1	25
2013/12/26-16:08:58	94	1,059.631	260.351	1	0	1	0	0	0	0	1	0	0	1	3
2013/12/26-16:09:20	94	1,059.631	260.351	2	0	0	1	0	0	1	1	0	0	1	3
2013/12/26-16:09:46	94	1,059.631	260.351	9	0	0	0	0	0	1	1	0	0	1	12
2013/12/26-16:10:22	94	1,059.631	260.351	0	0	1	0	0	0	0	1	0	0	1	3
2013/12/26-16:11:03	94	1,059.631	260.351	6	0	0	1	0	0	1	1	0	0	1	15
2013/12/26-16:11:49	94	1,059.631	260.351	3	0	0	0	0	0	1	1	0	0	1	8
2013/12/26-16:12:44	94	1,059.631	260.351	1	0	0	0	0	0	1	1	0	0	1	3
2013/12/26-22:01:25	23	1,768.88	218.656	16	0	0	1	1	0	1	1	0	0	1	20
2013/12/26-22:02:03	23	1,768.88	218.656	4	0	1	0	0	0	0	1	0	0	1	22
2013/12/26-22:02:44	23	1,768.88	218.656	16	0	0	4	1	0	0	1	1	0	0	44
2013/12/26-22:03:42	23	1,768.88	218.656	1	0	0	0	0	0	1	1	0	0	1	3
2013/12/26-22:04:01	23	1,768.88	218.656	2	0	1	0	0	0	0	1	0	0	1	7
2013/12/26-22:04:30	23	1,768.88	218.656	3	0	0	0	0	0	1	1	0	0	1	9
2013/12/26-22:05:02	23	1,768.88	218.656	6	0	0	0	0	0	1	1	0	0	1	14
2013/12/26-22:15:13	23	1,768.88	218.656	5	0	0	0	0	0	1	1	0	0	1	16
2013/12/26-22:15:45	23	1,768.88	218.656	1	0	0	0	2	0	1	1	1	0	0	3
2013/12/26-22:16:06	23	1,768.88	218.656	5	0	0	0	1	0	1	1	0	0	1	13
2013/12/26-22:16:38	23	1,768.88	218.656	18	0	0	4	0	0	1	1	0	0	1	57
2013/12/26-22:17:54	23	1,768.88	218.656	3	0	1	1	0	0	0	1	0	0	1	13
2013/12/26-22:18:25	23	1,768.88	218.656	2	0	0	2	0	0	0	1	1	0	0	4
2013/12/26-22:18:48	23	1,768.88	218.656	11	0	0	0	2	0	1	1	1	0	0	8
2013/12/26-22:51:24	79	1,243.411	169.759	4	0	0	0	0	0	1	1	0	0	1	13
2013/12/26-22:52:13	79	1,243.411	169.759	4	0	0	0	0	0	1	1	0	0	1	10
2013/12/26-22:52:51	79	1,243.411	169.759	4	0	1	0	0	0	0	1	0	0	1	12
2013/12/26-22:53:22	79	1,243.411	169.759	6	0	0	1	0	0	1	1	0	0	1	9
2013/12/26-22:54:06	79	1,243.411	169.759	2	0	1	3	0	0	0	1	0	0	1	79
2013/12/26-22:55:43	79	1,243.411	169.759	10	0	0	0	1	0	0	1	1	0	0	21
2013/12/26-22:56:23	79	1,243.411	169.759	2	0	0	0	0	0	1	1	0	0	1	7
2013/12/26-23:13:55	79	1,243.411	169.759	9	0	0	5	0	0	1	1	0	0	1	22
2013/12/26-23:14:36	79	1,243.411	169.759	15	0	0	4	0	0	1	1	0	0	1	32
2013/12/26-23:15:52	79	1,243.411	169.759	11	0	0	0	2	0	0	1	1	0	0	11
2013/12/26-23:16:22	79	1,243.411	169.759	3	0	0	0	2	0	0	1	1	0	0	9
2013/12/26-23:16:50	79	1,243.411	169.759	6	0	0	0	0	0	1	1	0	0	1	11
2013/12/26-23:17:22	79	1,243.411	169.759	14	0	0	2	2	0	1	1	0	0	1	17
2013/12/26-23:17:59	79	1,243.411	169.759	12	0	0	2	0	0	1	1	0	0	1	40
2013/12/26-23:45:12	78	1,295.57	156.883	3	0	0	0	0	0	1	1	0	0	1	9
2013/12/26-23:45:40	78	1,295.57	156.883	2	0	1	0	0	0	0	1	0	0	1	7
2013/12/26-23:46:14	78	1,295.57	156.883	4	0	1	6	0	0	0	1	1	0	0	8
2013/12/26-23:46:41	78	1,295.57	156.883	9	0	0	0	0	0	0	1	1	0	0	23
2013/12/26-23:47:23	78	1,295.57	156.883	2	0	1	1	0	0	0	1	0	0	1	12
2013/12/26-23:47:53	78	1,295.57	156.883	3	0	0	0	0	0	1	1	0	0	1	12
2013/12/26-23:48:28	78	1,295.57	156.883	1	0	0	0	0	0	0	1	1	0	0	4
2013/12/27-00:17:27	41	1,622.722	137.249	22	0	1	0	0	0	0	1	0	0	1	34
2013/12/27-00:18:26	41	1,622.722	137.249	1	0	0	0	1	0	1	1	0	0	1	3
2013/12/27-00:19:45	41	1,622.722	137.249	16	0	0	5	3	0	0	1	1	0	0	33
2013/12/27-00:20:37	41	1,622.722	137.249	25	0	0	18	0	0	0	1	1	0	0	82
2013/12/27-00:22:18	41	1,622.722	137.249	1	0	0	1	1	0	1	1	0	0	1	3
2013/12/27-00:22:40	41	1,622.722	137.249	2	0	0	0	1	0	0	1	1	0	0	5
2013/12/27-00:23:03	41	1,622.722	137.249	1	0	0	0	0	0	1	1	0	0	1	3
2013/12/27-00:31:07	41	1,622.722	137.249	3	0	0	0	0	0	1	1	0	0	1	7
2013/12/27-00:32:04	41	1,622.722	137.249	1	0	1	0	0	0	0	1	0	0	1	1
2013/12/27-00:32:35	41	1,622.722	137.249	5	0	0	0	2	0	1	1	1	0	0	4
2013/12/27-00:33:00	41	1,622.722	137.249	5	0	0	1	0	0	1	1	0	0	1	19
2013/12/27-00:33:38	41	1,622.722	137.249	3	0	0	0	0	0	1	1	0	0	1	5
2013/12/27-00:34:34	41	1,622.722	137.249	2	0	0	0	1	0	1	1	0	0	1	3
2013/12/27-00:35:15	41	1,622.722	137.249	1	0	0	0	0	0	1	1	0	0	1	1
2013/12/27-00:52:45	41	1,622.722	137.249	4	0	0	0	0	0	1	1	0	0	1	14
2013/12/27-00:53:17	41	1,622.722	137.249	19	0	0	1	1	0	1	1	0	0	1	39
2013/12/27-00:54:15	41	1,622.722	137.249	6	0	0	0	0	0	0	1	1	0	0	8
2013/12/27-00:54:41	41	1,622.722	137.249	1	0	0	0	1	0	1	1	0	0	1	3
2013/12/27-00:55:03	41	1,622.722	137.249	0	0	1	2	0	0	0	1	0	0	1	79
2013/12/27-00:56:40	41	1,622.722	137.249	7	0	0	0	1	0	1	1	0	0	1	24
2013/12/27-00:57:23	41	1,622.722	137.249	11	0	0	2	0	0	1	1	0	0	1	18
2013/12/27-01:03:15	54	1,536.061	105.018	10	0	0	0	0	0	1	1	0	0	1	18
2013/12/27-01:03:52	54	1,536.061	105.018	21	0	0	18	2	0	0	1	1	0	0	68
2013/12/27-01:05:19	54	1,536.061	105.018	0	0	1	0	0	0	0	1	0	0	1	3
2013/12/27-01:05:46	54	1,536.061	105.018	6	0	0	0	0	0	0	1	1	0	0	13
2013/12/27-01:06:18	54	1,536.061	105.018	26	0	1	4	0	0	0	1	0	0	1	42
2013/12/27-01:07:19	54	1,536.061	105.018	1	0	0	0	2	0	0	1	1	0	0	3
2013/12/27-01:07:41	54	1,536.061	105.018	5	0	0	3	1	0	1	1	1	0	0	7
2013/12/27-01:18:10	54	1,536.061	105.018	2	0	0	0	0	0	1	1	0	0	1	3
2013/12/27-01:20:11	54	1,536.061	105.018	3	0	0	0	1	0	1	1	0	0	1	6
2013/12/27-01:20:40	54	1,536.061	105.018	5	0	1	0	1	0	0	1	0	0	1	15
2013/12/27-01:21:17	54	1,536.061	105.018	1	0	1	0	0	0	0	1	0	1	0	2
2013/12/27-01:21:50	54	1,536.061	105.018	1	0	0	0	0	0	1	1	0	0	1	3
2013/12/27-01:24:30	54	1,536.061	105.018	2	0	0	0	0	0	1	1	0	0	1	5
2013/12/27-01:25:53	54	1,536.061	105.018	2	0	1	0	0	0	0	1	0	0	1	5
2013/12/27-01:37:37	35	1,663.783	88.361	0	0	1	2	0	0	0	1	1	0	0	66
2013/12/27-01:39:01	35	1,663.783	88.361	7	0	0	1	1	0	0	1	1	0	0	11
2013/12/27-01:39:31	35	1,663.783	88.361	1	0	1	0	0	0	0	1	0	0	1	4
2013/12/27-01:40:02	35	1,663.783	88.361	2	0	0	0	0	0	1	1	0	0	1	6
2013/12/27-01:40:32	35	1,663.783	88.361	6	0	0	1	0	0	0	1	1	0	0	24
2013/12/27-01:41:15	35	1,663.783	88.361	4	0	0	0	0	0	1	1	0	0	1	16
2013/12/27-01:41:52	35	1,663.783	88.361	2	0	0	0	0	0	1	1	0	0	1	3
2013/12/27-01:49:59	35	1,663.783	88.361	8	0	0	0	2	0	0	1	1	0	0	23
2013/12/27-01:50:41	35	1,663.783	88.361	4	0	0	0	0	0	1	1	0	0	1	8
2013/12/27-01:51:24	35	1,663.783	88.361	1	0	0	0	1	0	1	1	0	0	1	3
2013/12/27-01:51:46	35	1,663.783	88.361	2	0	0	0	0	0	1	1	0	0	1	3
2013/12/27-01:52:34	35	1,663.783	88.361	19	0	0	8	0	0	1	1	0	0	1	57
2013/12/27-01:53:50	35	1,663.783	88.361	12	0	0	1	3	0	0	1	1	0	0	13
2013/12/27-01:54:22	35	1,663.783	88.361	12	0	0	0	0	0	1	1	0	0	1	12
2013/12/27-02:17:22	53	1,561.247	74.388	11	0	0	4	0	0	1	1	0	0	1	21
2013/12/27-02:18:09	53	1,561.247	74.388	4	0	0	0	0	0	1	1	0	0	1	5
2013/12/27-02:18:35	53	1,561.247	74.388	5	0	0	0	0	0	1	1	0	0	1	16
2013/12/27-02:19:10	53	1,561.247	74.388	0	0	1	13	0	0	0	1	0	0	1	89
2013/12/27-02:20:57	53	1,561.247	74.388	2	0	1	0	0	0	0	1	0	0	1	7
2013/12/27-02:21:35	53	1,561.247	74.388	4	0	1	0	0	0	0	1	0	0	1	17
2013/12/27-02:22:25	53	1,561.247	74.388	9	0	0	1	0	0	1	1	0	0	1	26
2013/12/27-02:38:28	53	1,561.247	74.388	1	0	0	0	3	0	1	1	1	0	0	3
2013/12/27-02:38:49	53	1,561.247	74.388	3	0	1	0	0	0	0	1	0	0	1	10
2013/12/27-02:39:18	53	1,561.247	74.388	1	0	0	0	0	0	1	1	0	0	1	3
2013/12/27-02:39:49	53	1,561.247	74.388	15	0	0	0	1	0	0	1	1	0	0	33
2013/12/27-02:40:40	53	1,561.247	74.388	2	0	1	2	1	0	0	1	0	0	1	3
2013/12/27-02:41:04	53	1,561.247	74.388	10	0	1	9	0	0	0	1	0	0	1	40
2013/12/27-02:42:22	53	1,561.247	74.388	6	0	0	0	1	0	1	1	0	0	1	8
2013/12/27-07:15:33	55	1,545.557	63.929	1	0	0	0	0	0	1	1	0	0	1	4
2013/12/27-07:16:01	55	1,545.557	63.929	12	0	0	1	0	0	1	1	0	0	1	21
2013/12/27-07:16:41	55	1,545.557	63.929	2	0	0	0	1	0	1	1	0	0	1	3
2013/12/27-07:17:03	55	1,545.557	63.929	27	0	0	0	1	0	0	1	1	0	0	81
2013/12/27-07:18:42	55	1,545.557	63.929	24	0	0	4	1	0	0	1	1	0	0	48
2013/12/27-07:19:48	55	1,545.557	63.929	1	0	0	0	0	0	1	1	0	0	1	3
2013/12/27-07:20:11	55	1,545.557	63.929	0	0	1	9	0	0	0	1	0	0	1	35
2013/12/27-07:49:09	55	1,545.557	63.929	0	0	1	0	0	0	0	1	0	0	1	3
2013/12/27-07:49:36	55	1,545.557	63.929	16	0	0	10	1	0	1	1	0	0	1	61
2013/12/27-07:50:57	55	1,545.557	63.929	10	0	0	0	2	0	1	1	0	0	1	16
2013/12/27-07:51:33	55	1,545.557	63.929	1	0	0	1	0	0	1	1	0	0	1	3
2013/12/27-07:52:00	54	1,545.783	57.582	9	0	0	0	0	0	1	1	0	0	1	10
2013/12/27-07:52:29	54	1,545.783	57.582	9	0	0	4	0	0	1	1	0	0	1	28
2013/12/27-07:53:15	54	1,545.783	57.582	19	0	0	1	2	0	1	1	1	0	0	35
2013/12/27-07:54:16	54	1,545.783	57.582	12	0	0	0	0	0	1	1	0	0	1	38
2013/12/27-07:55:12	54	1,545.783	57.582	6	0	0	0	2	0	1	1	1	0	0	18
2013/12/27-07:55:49	54	1,545.783	57.582	3	0	0	1	1	0	1	1	0	0	1	6
2013/12/27-07:56:17	54	1,545.783	57.582	8	0	0	0	0	0	0	1	1	0	0	17
2013/12/27-07:56:53	54	1,545.783	57.582	6	0	0	0	0	0	1	1	0	0	1	11
2013/12/27-07:57:53	54	1,545.783	57.582	6	0	0	0	1	0	1	1	0	0	1	6
2013/12/27-07:58:18	54	1,545.783	57.582	14	0	0	0	1	0	1	1	0	0	1	43
2013/12/27-08:16:52	54	1,545.783	57.582	12	0	0	0	0	0	1	1	0	0	1	27
2013/12/27-08:17:38	54	1,545.783	57.582	1	0	0	0	0	0	1	1	0	0	1	3
2013/12/27-08:18:03	54	1,545.783	57.582	18	0	1	1	0	0	0	1	0	0	1	67
2013/12/27-08:19:29	54	1,545.783	57.582	2	0	1	16	0	0	0	1	1	0	0	76
2013/12/27-08:21:03	54	1,545.783	57.582	10	0	0	1	0	0	1	1	0	0	1	19
2013/12/27-08:22:21	54	1,545.783	57.582	4	0	1	1	0	0	0	1	0	0	1	11
2013/12/27-08:23:18	54	1,545.783	57.582	1	0	0	0	0	0	0	1	1	0	0	3
2013/12/27-08:40:25	50	1,583.083	50.895	3	0	0	0	0	0	1	1	0	0	1	10
2013/12/27-08:40:54	50	1,583.083	50.895	4	0	0	0	0	0	0	1	1	0	0	8
2013/12/27-08:41:21	50	1,583.083	50.895	3	0	1	1	1	0	0	1	0	0	1	3
2013/12/27-08:41:43	50	1,583.083	50.895	12	0	1	0	0	0	0	1	0	0	1	13
2013/12/27-08:42:16	50	1,583.083	50.895	19	0	0	4	0	0	0	1	1	0	0	62
2013/12/27-08:43:37	50	1,583.083	50.895	16	0	0	2	0	0	1	1	0	0	1	29
2013/12/27-08:44:40	50	1,583.083	50.895	1	0	0	0	0	0	1	1	0	0	1	3
2013/12/27-08:53:23	50	1,583.083	50.895	18	0	1	0	1	0	0	1	0	0	1	38
2013/12/27-08:54:19	50	1,583.083	50.895	10	0	0	0	0	0	1	1	0	0	1	10
2013/12/27-08:54:49	50	1,583.083	50.895	4	0	0	0	0	0	1	1	0	0	1	14
2013/12/27-08:56:34	50	1,583.083	50.895	1	0	0	0	0	0	1	1	0	0	1	6
2013/12/27-08:57:06	50	1,583.083	50.895	1	0	0	0	0	0	1	1	0	0	1	3
2013/12/27-08:57:47	50	1,583.083	50.895	3	0	0	0	0	0	1	1	0	0	1	9
2013/12/27-08:58:37	50	1,583.083	50.895	3	0	0	0	0	0	1	1	0	0	1	6
2013/12/27-09:17:12	50	1,583.083	50.895	1	0	0	0	0	0	1	1	0	0	1	3
2013/12/27-09:17:37	50	1,583.083	50.895	2	0	1	1	0	0	0	1	0	0	1	6
2013/12/27-09:18:15	50	1,583.083	50.895	8	0	0	0	0	0	1	1	0	0	1	24
2013/12/27-09:19:11	50	1,583.083	50.895	0	0	1	2	0	0	0	1	0	0	1	4
2013/12/27-09:19:34	50	1,583.083	50.895	4	0	0	0	0	0	0	1	1	0	0	11
2013/12/27-09:20:04	50	1,583.083	50.895	1	0	0	0	0	0	1	1	0	0	1	5
2013/12/27-09:20:41	50	1,583.083	50.895	6	0	1	3	0	0	0	1	0	0	1	24
2013/12/27-09:21:42	50	1,583.083	50.895	3	0	0	0	0	0	1	1	0	0	1	8
2013/12/27-09:22:19	50	1,583.083	50.895	7	0	0	0	2	0	0	1	1	0	0	10
2013/12/27-09:22:48	51	1,561.92	44.905	2	0	0	0	2	0	0	1	1	0	0	14
2013/12/27-09:23:21	51	1,561.92	44.905	18	0	0	7	0	0	0	1	1	0	0	68
2013/12/27-09:24:45	51	1,561.92	44.905	3	0	0	1	1	0	1	1	0	0	1	3
2013/12/27-09:25:08	51	1,561.92	44.905	5	0	0	1	0	0	1	1	0	0	1	18
2013/12/27-09:25:53	51	1,561.92	44.905	7	0	0	0	2	0	0	1	1	0	0	19
2013/12/27-19:41:47	48	1,570.298	55.181	11	0	1	3	1	0	0	1	0	0	1	20
2013/12/27-19:42:30	48	1,570.298	55.181	9	0	0	0	1	0	0	1	1	0	0	27
2013/12/27-19:43:16	48	1,570.298	55.181	8	0	0	8	1	0	0	1	1	0	0	19
2013/12/27-19:43:54	48	1,570.298	55.181	5	0	0	0	1	0	0	1	1	0	0	15
2013/12/27-19:44:28	48	1,570.298	55.181	1	0	0	0	1	0	1	1	0	0	1	3
2013/12/27-20:04:53	45	1,599.462	53.058	3	0	0	0	0	0	1	1	0	0	1	5
2013/12/27-20:05:18	45	1,599.462	53.058	1	0	0	0	1	0	1	1	0	0	1	3
2013/12/27-20:05:41	45	1,599.462	53.058	4	0	1	0	0	0	0	1	0	0	1	10
2013/12/27-20:06:16	45	1,599.462	53.058	9	0	0	1	1	0	0	1	1	0	0	21
2013/12/27-20:06:56	45	1,599.462	53.058	1	0	1	0	0	0	0	1	0	0	1	3
2013/12/27-20:20:41	45	1,599.462	53.058	20	0	0	10	1	0	0	1	1	0	0	29
2013/12/27-20:21:30	45	1,599.462	53.058	6	0	0	0	0	0	1	1	0	0	1	13
2013/12/27-20:22:39	45	1,599.462	53.058	28	0	0	0	0	0	0	1	1	0	0	43
2013/12/27-20:23:41	45	1,599.462	53.058	8	0	1	0	1	0	0	1	0	0	1	9
2013/12/27-20:24:21	45	1,599.462	53.058	2	0	0	0	0	0	1	1	0	0	1	6
2013/12/27-20:28:57	45	1,599.462	53.058	8	0	1	0	0	0	0	1	0	0	1	19
2013/12/27-20:30:17	45	1,599.462	53.058	5	0	1	0	1	0	0	1	0	0	1	18
2013/12/27-20:30:54	45	1,596.974	48.827	2	0	0	1	2	0	1	1	1	0	0	10
2013/12/27-20:31:24	45	1,596.974	48.827	5	0	0	1	0	0	1	1	0	0	1	15
2013/12/27-20:31:58	45	1,596.974	48.827	1	0	1	0	0	0	0	1	0	0	1	3
2013/12/27-20:42:53	45	1,596.974	48.827	1	0	0	0	1	0	1	1	0	0	1	3
2013/12/27-20:43:32	45	1,596.974	48.827	5	0	0	0	0	0	0	1	1	0	0	14
2013/12/27-20:44:05	45	1,596.974	48.827	5	0	0	0	0	0	1	1	0	0	1	15
2013/12/27-20:44:39	45	1,596.974	48.827	12	0	0	0	1	0	0	1	1	0	0	10
2013/12/27-20:45:08	45	1,596.974	48.827	6	0	1	1	1	0	0	1	1	0	0	18
2013/12/27-21:01:02	43	1,613.737	46.516	2	0	0	0	0	0	1	1	0	0	1	6
2013/12/27-21:01:35	43	1,613.737	46.516	9	0	1	0	0	0	0	1	0	0	1	20
2013/12/27-21:02:21	43	1,613.737	46.516	2	0	0	0	0	0	0	1	1	0	0	6
2013/12/27-21:02:46	43	1,613.737	46.516	1	0	0	0	0	0	1	1	0	0	1	3
2013/12/27-21:03:10	43	1,613.737	46.516	4	0	0	0	2	0	0	1	1	0	0	14
2013/12/27-21:18:12	43	1,613.737	46.516	8	0	0	0	0	0	1	1	0	0	1	8
2013/12/27-21:18:47	43	1,613.737	46.516	8	0	0	1	0	0	1	1	0	0	1	24
2013/12/27-21:19:30	43	1,613.737	46.516	15	0	0	0	1	0	0	1	1	0	0	42
2013/12/27-21:20:31	43	1,613.737	46.516	2	0	0	0	0	0	1	1	0	0	1	7
2013/12/27-21:21:46	43	1,613.737	46.516	1	0	0	0	0	0	1	1	0	0	1	3
2013/12/27-21:25:10	43	1,613.737	46.516	1	0	0	0	0	0	1	1	0	0	1	3
2013/12/27-21:26:29	43	1,613.737	46.516	1	0	0	0	0	0	1	1	0	0	1	3
2013/12/27-21:26:51	43	1,613.737	46.516	11	0	0	0	1	0	0	1	1	0	0	18
2013/12/27-21:27:27	43	1,613.737	46.516	8	0	0	2	2	0	0	1	1	0	0	19
2013/12/27-21:28:06	45	1,597.502	43.212	4	0	0	0	1	0	0	1	1	0	0	13
2013/12/27-21:44:26	45	1,597.502	43.212	7	0	0	0	0	0	0	1	1	0	0	6
2013/12/27-21:44:51	45	1,597.502	43.212	8	0	0	0	1	0	0	1	1	0	0	25
2013/12/27-21:59:05	45	1,597.502	43.212	7	0	0	4	0	0	0	1	1	0	0	26
2013/12/27-21:59:51	45	1,597.502	43.212	6	0	1	0	0	0	0	1	0	0	1	16
2013/12/27-22:00:31	45	1,597.502	43.212	1	0	0	0	1	0	1	1	0	0	1	3
2013/12/27-22:12:08	42	1,611.629	41.962	6	0	1	0	1	0	0	1	0	0	1	15
2013/12/27-22:12:53	42	1,611.629	41.962	22	0	0	5	3	0	0	1	1	0	0	37
2013/12/27-22:13:49	42	1,611.629	41.962	16	0	0	0	2	0	1	1	1	0	0	14
2013/12/27-22:14:23	42	1,611.629	41.962	4	0	0	0	1	0	0	1	1	0	0	12
2013/12/27-22:14:53	42	1,611.629	41.962	1	0	1	0	0	0	0	1	0	0	1	3
2013/12/27-22:56:28	42	1,611.629	41.962	1	0	0	0	1	0	1	1	0	0	1	3
2013/12/27-22:56:58	42	1,611.629	41.962	26	0	1	0	0	0	0	1	0	0	1	59
2013/12/27-22:58:16	42	1,611.629	41.962	17	0	0	0	1	0	1	1	0	0	1	18
2013/12/27-23:00:54	42	1,611.629	41.962	1	0	1	0	0	0	0	1	0	0	1	4
2013/12/27-23:01:30	42	1,611.629	41.962	7	0	1	0	1	0	0	1	1	0	0	28
2013/12/27-23:09:35	40	1,623.172	40.063	1	0	0	0	0	0	1	1	0	0	1	3
2013/12/27-23:10:00	40	1,623.172	40.063	11	0	0	0	0	0	1	1	0	0	1	8
2013/12/27-23:10:32	40	1,623.172	40.063	18	0	0	0	1	0	0	1	1	0	0	40
2013/12/27-23:11:31	40	1,623.172	40.063	9	0	1	1	1	0	0	1	0	0	1	30
2013/12/27-23:12:20	40	1,623.172	40.063	3	0	0	0	1	0	1	1	0	0	1	9
2013/12/27-23:26:58	40	1,623.172	40.063	1	0	0	0	0	0	1	1	0	0	1	3
2013/12/27-23:27:25	40	1,623.172	40.063	19	0	0	1	0	0	1	1	0	0	1	38
2013/12/27-23:28:22	40	1,623.172	40.063	6	0	0	0	0	0	1	1	0	0	1	17
2013/12/27-23:29:06	40	1,623.172	40.063	7	0	0	0	0	0	1	1	0	0	1	13
2013/12/27-23:29:38	40	1,623.172	40.063	7	0	0	0	2	0	0	1	1	0	0	21
2013/12/27-23:34:14	40	1,623.172	40.063	1	0	0	0	1	0	1	1	0	0	1	3
2013/12/27-23:34:44	40	1,623.172	40.063	6	0	0	0	2	0	0	1	1	0	0	18
2013/12/27-23:35:22	40	1,623.172	40.063	10	0	0	0	2	0	0	1	1	0	0	21
2013/12/27-23:36:01	40	1,623.172	40.063	11	0	1	1	2	0	0	1	0	0	1	35
2013/12/27-23:36:55	40	1,623.172	40.063	13	0	0	1	3	0	0	1	1	0	0	41
2013/12/27-23:54:14	40	1,623.725	37.822	1	0	0	0	0	0	1	1	0	0	1	3
2013/12/27-23:54:57	40	1,623.725	37.822	19	0	0	0	0	0	1	1	0	0	1	36
2013/12/27-23:55:51	40	1,623.725	37.822	6	0	0	0	2	0	0	1	1	0	0	17
2013/12/27-23:56:27	40	1,623.725	37.822	14	0	0	0	1	0	1	1	0	0	1	19
2013/12/27-23:57:05	40	1,623.725	37.822	6	0	1	0	0	0	0	1	0	0	1	18
2013/12/28-00:09:58	40	1,623.725	37.822	3	0	0	0	0	0	1	1	0	0	1	10
2013/12/28-00:10:36	40	1,623.725	37.822	10	0	0	0	1	0	0	1	1	0	0	30
2013/12/28-00:11:26	40	1,623.725	37.822	11	0	0	1	0	0	0	1	1	0	0	23
2013/12/28-00:12:08	40	1,631.172	36.791	1	0	0	0	0	0	1	1	0	0	1	3
2013/12/28-00:12:36	40	1,631.172	36.791	26	0	0	4	0	0	0	1	0	0	1	60
2013/12/28-00:25:48	40	1,631.172	36.791	3	0	1	0	0	0	0	1	0	0	1	3
2013/12/28-00:26:16	40	1,631.172	36.791	11	0	0	0	0	0	1	1	0	0	1	28
2013/12/28-00:27:02	40	1,631.172	36.791	1	0	0	0	0	0	1	1	0	0	1	3
2013/12/28-00:27:24	40	1,631.172	36.791	1	0	1	0	0	0	0	1	0	0	1	6
2013/12/28-00:27:50	40	1,631.172	36.791	3	0	0	0	0	0	1	1	0	0	1	9
2013/12/28-00:39:42	42	1,623.91	36.01	6	0	1	0	1	0	0	1	0	0	1	15
2013/12/28-00:40:36	42	1,623.91	36.01	1	0	0	0	0	0	1	1	0	0	1	3
2013/12/28-00:41:20	42	1,623.91	36.01	8	0	0	0	1	0	0	1	1	0	0	7
2013/12/28-00:41:46	42	1,623.91	36.01	5	0	0	0	1	0	0	1	1	0	0	16
2013/12/28-00:42:21	42	1,623.91	36.01	7	0	1	0	0	0	0	1	0	0	1	13
2013/12/28-00:54:18	42	1,623.91	36.01	1	0	0	0	0	0	1	1	0	0	1	3
2013/12/28-00:54:50	42	1,623.91	36.01	15	0	1	2	0	0	0	1	0	0	1	35
2013/12/28-00:56:08	42	1,623.91	36.01	14	0	0	1	1	0	1	1	0	0	1	37
2013/12/28-00:57:05	42	1,623.91	36.01	4	0	0	0	1	0	1	1	0	0	1	12
2013/12/28-00:57:36	42	1,623.91	36.01	12	0	1	0	0	0	0	1	0	0	1	45
2013/12/28-01:02:28	42	1,623.91	36.01	7	0	0	0	0	0	1	1	0	0	1	10
2013/12/28-01:03:11	42	1,623.91	36.01	10	0	1	1	0	0	0	1	0	0	1	25
2013/12/28-01:03:55	42	1,623.91	36.01	3	0	1	0	0	0	0	1	0	0	1	9
2013/12/28-01:04:24	42	1,623.91	36.01	6	0	1	0	0	0	0	1	0	0	1	11
2013/12/28-01:04:54	42	1,623.91	36.01	12	0	0	0	1	0	1	1	0	0	1	37
2013/12/28-01:20:37	40	1,623.518	34.544	8	0	0	0	1	0	1	1	0	0	1	14
2013/12/28-01:21:16	40	1,623.518	34.544	4	0	1	0	1	0	0	1	0	0	1	11
2013/12/28-01:22:13	40	1,623.518	34.544	7	0	0	0	0	0	1	1	0	0	1	16
2013/12/28-01:23:12	40	1,623.518	34.544	8	0	0	3	1	0	1	1	0	0	1	23
2013/12/28-01:23:54	40	1,623.518	34.544	3	0	1	0	0	0	0	1	0	0	1	4
2013/12/28-01:39:26	40	1,623.518	34.544	4	0	0	0	0	0	1	1	0	0	1	8
2013/12/28-01:40:03	40	1,623.518	34.544	1	0	0	0	0	0	1	1	0	0	1	3
2013/12/28-01:40:35	40	1,623.518	34.544	4	0	0	0	1	0	1	1	0	0	1	11
2013/12/28-01:41:06	40	1,623.518	34.544	9	0	0	0	1	0	0	1	1	0	0	10
2013/12/28-01:41:35	40	1,623.518	34.544	1	0	0	0	0	0	1	1	0	0	1	3
2013/12/28-01:59:43	39	1,616.554	33.639	7	0	1	0	0	0	0	1	0	0	1	19
2013/12/28-02:00:21	39	1,616.554	33.639	4	0	0	0	0	0	1	1	0	0	1	4
2013/12/28-02:00:53	39	1,616.554	33.639	3	0	1	1	0	0	0	1	0	0	1	11
2013/12/28-02:01:24	39	1,616.554	33.639	10	0	0	0	1	0	1	1	0	0	1	14
2013/12/28-02:02:10	39	1,616.554	33.639	1	0	0	0	1	0	1	1	0	0	1	3
2013/12/28-02:14:49	39	1,616.554	33.639	4	0	1	0	1	0	0	1	0	0	1	14
2013/12/28-02:15:22	39	1,616.554	33.639	8	0	0	1	1	0	0	1	1	0	0	45
2013/12/28-02:16:27	39	1,621.554	33.186	3	0	0	0	2	0	1	1	0	0	1	7
2013/12/28-02:16:56	39	1,621.554	33.186	3	0	0	0	1	0	1	1	0	0	1	3
2013/12/28-02:17:21	39	1,621.554	33.186	6	0	0	2	0	0	1	1	0	0	1	21
2013/12/28-02:28:35	39	1,621.554	33.186	5	0	0	0	1	0	0	1	1	0	0	13
2013/12/28-02:29:07	39	1,621.554	33.186	8	0	1	0	0	0	0	1	0	0	1	36
2013/12/28-02:30:03	39	1,621.554	33.186	29	0	0	2	2	0	1	1	0	0	1	40
2013/12/28-02:31:02	39	1,621.554	33.186	6	0	0	0	0	0	1	1	0	0	1	11
2013/12/28-02:31:40	39	1,621.554	33.186	1	0	0	0	1	0	1	1	0	0	1	3
2013/12/28-02:35:53	39	1,621.554	33.186	7	0	0	1	2	0	0	1	1	0	0	20
2013/12/28-02:36:33	39	1,621.554	33.186	2	0	0	0	2	0	0	1	1	0	0	6
2013/12/28-02:36:58	39	1,621.554	33.186	25	0	0	0	0	0	0	1	1	0	0	60
2013/12/28-02:38:17	39	1,621.554	33.186	8	0	0	0	1	0	1	1	0	0	1	25
2013/12/28-02:39:01	39	1,621.554	33.186	1	0	0	0	1	0	1	1	0	0	1	3
2013/12/28-02:52:15	38	1,618.599	32.411	19	0	0	0	0	0	1	1	0	0	1	30
2013/12/28-02:53:04	38	1,618.599	32.411	1	0	0	0	1	0	1	1	0	0	1	3
2013/12/28-02:53:27	38	1,618.599	32.411	20	0	0	0	1	0	0	1	1	0	0	60
2013/12/28-02:54:46	38	1,618.599	32.411	3	0	0	0	1	0	0	1	1	0	0	8
2013/12/28-02:55:13	38	1,618.599	32.411	13	0	0	1	0	0	0	1	1	0	0	34
2013/12/28-03:11:51	38	1,623.209	32.342	3	0	0	0	0	0	1	1	0	0	1	10
2013/12/28-03:12:42	38	1,623.209	32.342	1	0	0	0	1	0	1	1	0	0	1	3
2013/12/28-03:13:04	38	1,623.209	32.342	1	0	0	0	1	0	1	1	0	0	1	3
2013/12/28-03:13:28	38	1,623.209	32.342	8	0	0	0	2	0	0	1	1	0	0	8
2013/12/28-03:13:55	38	1,623.209	32.342	5	0	0	0	3	0	0	1	1	0	0	15
2013/12/28-03:20:38	38	1,623.209	32.342	17	0	1	5	0	0	0	1	0	0	1	47
2013/12/28-03:21:45	38	1,623.209	32.342	8	0	0	0	0	0	1	1	0	0	1	21
2013/12/28-03:23:04	38	1,623.209	32.342	5	0	0	0	1	0	1	1	0	0	1	7
2013/12/28-03:23:30	38	1,623.209	32.342	1	0	0	0	0	0	1	1	0	0	1	3
2013/12/28-03:23:56	38	1,623.209	32.342	6	0	1	0	0	0	0	1	0	0	1	24
2013/12/28-03:36:29	38	1,623.209	32.342	4	0	1	0	0	0	0	1	0	0	1	9
2013/12/28-03:37:02	38	1,623.209	32.342	1	0	0	0	0	0	1	1	0	0	1	3
2013/12/28-03:37:25	38	1,623.209	32.342	6	0	0	0	2	0	0	1	1	0	0	21
2013/12/28-03:38:05	38	1,623.209	32.342	1	0	0	0	1	0	1	1	0	0	1	3
2013/12/28-03:38:29	38	1,623.209	32.342	4	0	1	0	0	0	0	1	0	0	1	17
2013/12/28-03:50:15	39	1,614.493	31.266	8	0	0	4	2	0	0	1	1	0	0	17
2013/12/28-03:50:51	39	1,614.493	31.266	4	0	1	0	1	0	0	1	0	0	1	11
2013/12/28-03:51:22	39	1,614.493	31.266	1	0	0	0	1	0	1	1	0	0	1	3
2013/12/28-03:51:44	39	1,614.493	31.266	1	0	0	0	1	0	1	1	0	0	1	3
2013/12/28-03:52:20	39	1,614.493	31.266	19	0	0	5	2	0	1	1	1	0	0	44
2013/12/28-04:05:38	39	1,614.493	31.266	4	0	0	0	1	0	0	1	1	0	0	10
2013/12/28-04:06:07	39	1,616.812	31.245	1	0	0	0	0	0	1	1	0	0	1	6
2013/12/28-04:06:33	39	1,616.812	31.245	2	0	0	0	0	0	1	1	0	0	1	8
2013/12/28-04:07:23	39	1,616.812	31.245	2	0	0	0	0	0	1	1	0	0	1	6
2013/12/28-04:07:49	39	1,616.812	31.245	1	0	0	0	0	0	1	1	0	0	1	3
2013/12/28-04:14:55	39	1,616.812	31.245	5	0	1	0	0	0	0	1	0	0	1	3
2013/12/28-04:15:24	39	1,616.812	31.245	3	0	0	0	1	0	1	1	0	0	1	7
2013/12/28-04:16:07	39	1,616.812	31.245	5	0	0	0	1	0	0	1	1	0	0	15
2013/12/28-04:16:42	39	1,616.812	31.245	3	0	1	0	1	0	0	1	0	0	1	9
2013/12/28-04:17:13	39	1,616.812	31.245	3	0	1	1	1	0	0	1	1	0	0	12
2013/12/28-04:34:07	39	1,616.812	31.245	5	0	0	1	1	0	1	1	0	0	1	14
2013/12/28-04:35:03	39	1,616.812	31.245	8	0	1	0	1	0	0	1	0	0	1	8
2013/12/28-04:35:30	39	1,615.954	30.589	6	0	0	0	0	0	1	1	0	0	1	18
2013/12/28-04:36:07	39	1,615.954	30.589	8	0	1	1	0	0	0	1	0	0	1	20
2013/12/28-04:36:46	39	1,615.954	30.589	2	0	1	0	0	0	0	1	0	0	1	6
2013/12/28-04:39:40	39	1,615.954	30.589	9	0	0	0	2	0	0	1	1	0	0	30
2013/12/28-04:40:29	39	1,615.954	30.589	1	0	0	0	0	0	1	1	0	0	1	3
2013/12/28-04:40:54	39	1,615.954	30.589	12	0	0	0	0	0	0	1	1	0	0	18
2013/12/28-04:41:31	39	1,615.954	30.589	6	0	0	0	2	0	0	1	1	0	0	21
2013/12/28-04:42:10	39	1,615.954	30.589	3	0	0	0	0	0	0	1	1	0	0	7
2013/12/28-04:53:43	39	1,615.954	30.589	26	0	0	2	2	0	1	1	0	0	1	34
2013/12/28-04:54:37	39	1,615.954	30.589	5	0	1	0	0	0	0	1	0	0	1	6
2013/12/28-04:55:19	39	1,615.954	30.589	14	0	1	0	2	0	0	1	0	0	1	20
2013/12/28-04:55:58	39	1,615.954	30.589	1	0	0	0	0	0	1	1	0	0	1	3
2013/12/28-04:56:46	39	1,615.954	30.589	17	0	0	0	2	0	0	1	1	0	0	55
2013/12/28-05:11:26	39	1,620.847	29.92	21	0	0	2	0	0	0	1	1	0	0	60
2013/12/28-05:12:46	39	1,620.847	29.92	20	0	0	0	0	0	0	1	0	0	1	60
2013/12/28-05:14:05	39	1,620.847	29.92	19	0	0	4	1	0	1	1	0	0	1	47
2013/12/28-05:15:11	39	1,620.847	29.92	3	0	0	0	0	0	1	1	0	0	1	8
2013/12/28-05:16:30	39	1,620.847	29.92	2	0	0	0	0	0	1	1	0	0	1	4
2013/12/28-05:31:07	39	1,620.847	29.92	9	0	1	0	0	0	0	1	0	0	1	15
2013/12/28-05:32:07	39	1,620.847	29.92	1	0	0	0	1	0	1	1	0	0	1	3
2013/12/28-05:32:42	39	1,620.847	29.92	17	0	0	0	0	0	1	1	0	0	1	17
2013/12/28-05:33:18	39	1,620.847	29.92	6	0	0	1	1	0	1	1	0	0	1	19
2013/12/28-05:33:57	39	1,620.847	29.92	7	0	0	0	1	0	0	1	1	0	0	23
2013/12/28-05:49:15	39	1,623.457	29.544	5	0	1	0	0	0	0	1	0	0	1	20
2013/12/28-05:49:55	39	1,623.457	29.544	2	0	1	0	0	0	0	1	0	0	1	7
2013/12/28-05:50:40	39	1,623.457	29.544	26	0	0	2	0	0	0	1	1	0	0	60
2013/12/28-05:52:00	39	1,623.457	29.544	1	0	0	0	0	0	1	1	0	0	1	2
2013/12/28-05:52:33	39	1,623.457	29.544	6	0	0	0	2	0	1	1	1	0	0	5
2013/12/28-05:53:23	39	1,623.457	29.544	8	0	0	0	1	0	1	1	0	0	1	25
2013/12/28-05:54:07	39	1,623.457	29.544	5	0	0	0	0	0	1	1	0	0	1	16
2013/12/28-05:54:42	39	1,623.457	29.544	18	0	0	0	1	0	0	1	1	0	0	60
2013/12/28-05:56:02	39	1,623.457	29.544	9	0	0	0	1	0	0	1	1	0	0	6
2013/12/28-05:56:27	39	1,623.457	29.544	24	0	0	0	0	0	1	1	0	0	1	40
2013/12/28-06:22:08	37	1,634.254	29.321	1	0	0	0	0	0	1	1	0	0	1	3
2013/12/28-06:22:34	37	1,634.254	29.321	2	0	0	0	0	0	1	1	0	0	1	9
2013/12/28-06:23:53	37	1,634.254	29.321	15	0	0	1	0	0	1	1	0	0	1	31
2013/12/28-06:24:44	37	1,634.254	29.321	6	0	0	0	0	0	0	1	1	0	0	16
2013/12/28-06:25:19	37	1,634.254	29.321	5	0	1	0	0	0	0	1	0	0	1	12
2013/12/28-06:36:05	37	1,634.254	29.321	5	0	1	0	1	0	0	1	0	0	1	14
2013/12/28-06:36:48	37	1,634.254	29.321	1	0	1	0	0	0	0	1	0	0	1	3
2013/12/28-06:37:20	37	1,634.254	29.321	5	0	0	0	1	0	1	1	0	0	1	12
2013/12/28-06:37:56	37	1,634.254	29.321	3	0	1	0	0	0	0	1	0	0	1	8
2013/12/28-06:39:15	37	1,634.254	29.321	4	0	1	0	0	0	0	1	1	0	0	10
2013/12/28-06:40:09	37	1,634.254	29.321	1	0	0	0	0	0	1	1	0	0	1	3
2013/12/28-06:40:38	38	1,630.129	28.942	12	0	0	0	0	0	1	1	0	0	1	28
2013/12/28-06:41:25	38	1,630.129	28.942	2	0	0	0	1	0	1	1	0	0	1	6
2013/12/28-06:42:15	38	1,630.129	28.942	11	0	0	1	1	0	1	1	0	0	1	26
2013/12/28-06:43:00	38	1,630.129	28.942	2	0	0	0	0	0	1	1	0	0	1	12
2013/12/28-06:52:51	38	1,630.129	28.942	18	0	0	6	1	0	1	1	0	0	1	45
2013/12/28-06:53:55	38	1,630.129	28.942	7	0	0	0	0	0	1	1	0	0	1	18
2013/12/28-06:54:47	38	1,630.129	28.942	6	0	0	0	1	0	0	1	1	0	0	13
2013/12/28-06:55:19	38	1,630.129	28.942	3	0	0	0	2	0	0	1	1	0	0	9
2013/12/28-06:55:47	38	1,630.129	28.942	7	0	0	0	1	0	1	1	0	0	1	24
2013/12/28-07:13:12	36	1,635.438	28.821	1	0	0	0	0	0	1	1	0	0	1	3
2013/12/28-07:13:35	36	1,635.438	28.821	5	0	1	0	0	0	0	1	0	0	1	13
2013/12/28-07:14:09	36	1,635.438	28.821	5	0	0	0	2	0	0	1	1	0	0	15
2013/12/28-07:14:43	36	1,635.438	28.821	11	0	0	0	2	0	0	1	1	0	0	32
2013/12/28-07:15:33	36	1,635.438	28.821	4	0	0	0	1	0	1	1	0	0	1	8
2013/12/28-09:57:03	36	1,633.658	32.84	2	0	0	0	2	0	0	1	1	0	0	6
2013/12/28-09:57:35	36	1,633.658	32.84	6	0	0	0	0	0	1	1	0	0	1	13
2013/12/28-09:58:54	36	1,633.658	32.84	8	0	0	0	1	0	0	1	1	0	0	25
2013/12/28-09:59:38	36	1,633.658	32.84	1	0	0	0	1	0	1	1	0	0	1	3
2013/12/28-10:00:57	36	1,633.658	32.84	4	0	0	0	2	0	0	1	1	0	0	12
2013/12/28-10:16:15	35	1,636.483	32.7	5	0	1	0	0	0	0	1	0	0	1	11
2013/12/28-10:17:07	35	1,636.483	32.7	1	0	1	0	0	0	0	1	0	0	1	3
2013/12/28-10:17:42	35	1,636.483	32.7	1	0	0	0	1	0	1	1	0	0	1	3
2013/12/28-10:18:04	35	1,636.483	32.7	3	0	1	0	0	0	0	1	0	0	1	9
2013/12/28-10:18:35	35	1,636.483	32.7	13	0	0	0	1	0	0	1	1	0	0	32
2013/12/28-10:33:43	35	1,636.483	32.7	12	0	1	0	1	0	0	1	0	0	1	19
2013/12/28-10:34:19	35	1,636.483	32.7	8	0	0	6	0	0	1	1	0	0	1	18
2013/12/28-10:34:56	35	1,636.483	32.7	4	0	0	0	2	0	0	1	1	0	0	12
2013/12/28-10:35:26	35	1,636.483	32.7	13	0	1	2	0	0	0	1	0	0	1	33
2013/12/28-10:36:18	35	1,636.483	32.7	4	0	0	0	0	0	1	1	0	0	1	8
2013/12/28-16:15:17	36	1,634.429	44.37	4	0	0	0	0	0	1	1	0	0	1	8
2013/12/28-16:16:02	36	1,634.429	44.37	6	0	1	0	0	0	0	1	0	0	1	9
2013/12/28-16:16:35	36	1,634.429	44.37	15	0	0	0	1	0	0	1	1	0	0	47
2013/12/28-16:17:41	36	1,634.429	44.37	4	0	0	0	0	0	0	1	1	0	0	11
2013/12/28-16:18:12	36	1,634.429	44.37	7	0	0	4	1	0	0	1	1	0	0	22
2013/12/28-16:30:31	36	1,640.778	43.237	1	0	0	0	0	0	1	1	0	0	1	3
2013/12/28-16:31:48	36	1,640.778	43.237	23	0	0	0	1	0	0	1	1	0	0	35
2013/12/28-16:32:42	36	1,640.778	43.237	8	0	0	0	3	0	0	1	1	0	0	24
2013/12/28-16:33:26	36	1,640.778	43.237	6	0	0	0	2	0	0	1	1	0	0	11
2013/12/28-16:33:56	36	1,640.778	43.237	14	0	0	1	3	0	0	1	1	0	0	28
2013/12/28-16:47:42	36	1,640.778	43.237	14	0	0	0	1	0	0	1	1	0	0	13
2013/12/28-16:48:14	36	1,640.778	43.237	5	0	1	0	1	0	0	1	0	0	1	13
2013/12/28-16:48:46	36	1,640.778	43.237	7	0	0	1	3	0	0	1	1	0	0	23
2013/12/28-16:49:28	36	1,640.778	43.237	1	0	0	0	1	0	1	1	0	0	1	3
2013/12/28-16:50:03	36	1,640.778	43.237	1	0	0	0	0	0	1	1	0	0	1	3
2013/12/28-20:46:58	32	1,658.542	49.092	4	0	1	0	1	0	0	1	0	0	1	16
2013/12/28-20:47:33	32	1,658.542	49.092	4	0	0	0	0	0	1	1	0	0	1	13
2013/12/28-20:48:21	31	1,660.104	48.581	9	0	1	0	0	0	0	1	0	0	1	27
2013/12/28-20:49:07	31	1,660.104	48.581	15	0	0	0	1	0	0	1	1	0	0	45
2013/12/28-20:50:12	31	1,660.104	48.581	1	0	0	0	0	0	1	1	0	0	1	3
2013/12/28-20:55:16	31	1,660.104	48.581	2	0	0	0	1	0	1	1	0	0	1	6
2013/12/28-20:55:45	31	1,660.104	48.581	1	0	0	0	0	0	1	1	0	0	1	3
2013/12/28-20:56:08	31	1,660.104	48.581	4	0	0	1	1	0	0	1	1	0	0	16
2013/12/28-20:56:43	31	1,660.104	48.581	12	0	0	3	0	0	1	1	0	0	1	28
2013/12/28-20:57:46	31	1,660.104	48.581	9	0	1	0	0	0	0	1	0	0	1	43
2013/12/28-21:12:56	31	1,660.104	48.581	1	0	0	0	0	0	1	1	0	0	1	3
2013/12/28-21:13:31	31	1,660.104	48.581	3	0	0	0	1	0	0	1	1	0	0	9
2013/12/28-21:13:58	31	1,660.104	48.581	1	0	0	0	0	0	1	1	0	0	1	3
2013/12/28-21:14:22	31	1,660.104	48.581	7	0	0	0	1	0	1	1	0	0	1	24
2013/12/28-21:15:08	31	1,660.104	48.581	14	0	1	0	0	0	0	1	0	0	1	28
2013/12/29-00:09:46	33	1,651.62	48.745	1	0	0	0	0	0	1	1	0	0	1	3
2013/12/29-00:10:30	33	1,651.62	48.745	4	0	0	0	1	0	1	1	0	0	1	8
2013/12/29-00:11:43	33	1,651.62	48.745	8	0	0	0	0	0	1	1	0	0	1	16
2013/12/29-00:12:28	33	1,651.62	48.745	28	0	0	0	2	0	1	1	0	0	1	37
2013/12/29-00:13:23	33	1,651.62	48.745	6	0	0	0	1	0	0	1	1	0	0	18
2013/12/29-00:33:16	36	1,641.613	47.127	2	0	0	0	0	0	1	1	0	0	1	6
2013/12/29-00:33:49	36	1,641.613	47.127	4	0	0	0	0	0	1	1	0	0	1	14
2013/12/29-00:34:40	36	1,641.613	47.127	1	0	0	0	0	0	1	1	0	0	1	3
2013/12/29-00:35:01	36	1,641.613	47.127	26	0	0	0	1	0	0	1	1	0	0	60
2013/12/29-00:36:20	36	1,641.613	47.127	6	0	0	0	0	0	1	1	0	0	1	14
2013/12/29-00:44:08	36	1,641.613	47.127	1	0	0	0	0	0	1	1	0	0	1	3
2013/12/29-00:45:27	36	1,641.613	47.127	1	0	0	0	0	0	0	1	1	0	0	3
2013/12/29-00:45:49	36	1,641.613	47.127	21	0	0	0	1	0	1	1	0	0	1	22
2013/12/29-00:46:30	36	1,641.613	47.127	1	0	0	0	0	0	1	1	0	0	1	3
2013/12/29-00:47:49	36	1,641.613	47.127	4	0	0	0	1	0	1	1	0	0	1	8
2013/12/29-06:01:15	39	1,622.513	55.301	11	0	0	3	1	0	0	1	1	0	0	31
2013/12/29-06:02:05	39	1,622.513	55.301	1	0	0	0	1	0	1	1	0	0	1	3
2013/12/29-06:02:30	39	1,622.513	55.301	12	0	0	1	2	0	0	1	1	0	0	39
2013/12/29-06:03:29	39	1,622.513	55.301	10	0	0	0	2	0	0	1	1	0	0	29
2013/12/29-06:04:17	39	1,622.513	55.301	2	0	0	0	0	0	1	1	0	0	1	8
2013/12/29-06:17:45	39	1,622.513	55.301	1	0	0	0	0	0	1	1	0	0	1	3
2013/12/29-06:18:15	39	1,622.513	55.301	3	0	1	0	0	0	0	1	0	0	1	8
2013/12/29-06:18:48	39	1,622.513	55.301	20	0	0	3	1	0	1	1	0	0	1	43
2013/12/29-06:19:51	39	1,622.513	55.301	7	0	0	0	1	0	0	1	1	0	0	24
2013/12/29-06:20:34	39	1,622.513	55.301	13	0	0	0	1	0	1	1	0	0	1	20
2013/12/29-06:30:27	39	1,622.513	55.301	9	0	0	0	2	0	0	1	1	0	0	29
2013/12/29-06:31:16	39	1,622.513	55.301	1	0	0	0	0	0	1	1	0	0	1	3
2013/12/29-06:31:38	37	1,629.596	50.481	6	0	0	0	3	0	0	1	1	0	0	19
2013/12/29-06:32:16	37	1,629.596	50.481	13	0	0	0	2	0	0	1	1	0	0	27
2013/12/29-06:33:02	37	1,629.596	50.481	8	0	1	0	0	0	0	1	0	0	1	38
2013/12/29-09:45:45	38	1,635.978	54.054	6	0	0	1	1	0	0	1	1	0	0	33
2013/12/29-09:46:38	38	1,635.978	54.054	11	0	0	0	1	0	0	1	1	0	0	28
2013/12/29-09:47:25	35	1,649.024	53.609	16	0	0	0	0	0	1	1	0	0	1	39
2013/12/29-09:48:22	35	1,649.024	53.609	21	0	1	1	1	0	0	1	0	0	1	41
2013/12/29-09:49:22	35	1,649.024	53.609	13	0	0	1	1	0	0	1	1	0	0	31
2013/12/29-10:02:57	35	1,649.024	53.609	6	0	0	0	1	0	1	1	0	0	1	17
2013/12/29-10:04:15	35	1,649.024	53.609	2	0	0	0	0	0	1	1	0	0	1	4
2013/12/29-10:05:00	35	1,649.024	53.609	9	0	0	2	0	0	1	1	0	0	1	15
2013/12/29-10:05:34	35	1,649.024	53.609	4	0	0	1	0	0	1	1	0	0	1	10
2013/12/29-10:06:53	35	1,649.024	53.609	12	0	0	1	0	0	1	1	0	0	1	24
2013/12/29-10:20:04	35	1,649.024	53.609	7	0	0	0	0	0	1	1	0	0	1	15
2013/12/29-10:20:42	35	1,649.024	53.609	11	0	0	4	0	0	1	1	0	0	1	23
2013/12/29-10:22:01	35	1,649.024	53.609	11	0	0	0	1	0	1	1	0	0	1	24
2013/12/29-10:22:57	37	1,644.757	50.019	18	0	0	2	1	0	0	1	1	0	0	33
2013/12/29-10:23:49	37	1,644.757	50.019	6	0	0	1	0	0	1	1	0	0	1	10
2013/12/29-10:34:58	37	1,644.757	50.019	15	0	0	0	1	0	1	1	0	0	1	31
2013/12/29-10:35:48	37	1,644.757	50.019	7	0	0	3	0	0	1	1	0	0	1	18
2013/12/29-10:36:32	37	1,644.757	50.019	21	0	0	1	1	0	0	1	1	0	0	37
2013/12/29-10:37:27	37	1,644.757	50.019	15	0	0	0	0	0	0	1	1	0	0	29
2013/12/29-10:38:15	37	1,644.757	50.019	9	0	0	3	0	0	1	1	0	0	1	27
2013/12/29-10:57:52	32	1,657.095	47.901	3	0	1	0	0	0	0	1	0	0	1	8
2013/12/29-10:58:28	32	1,657.095	47.901	10	0	0	1	0	0	1	1	0	0	1	21
2013/12/29-10:59:08	32	1,657.095	47.901	7	0	1	0	0	0	0	1	0	0	1	26
2013/12/29-10:59:56	32	1,657.095	47.901	11	0	1	3	0	0	0	1	0	0	1	22
2013/12/29-11:00:51	32	1,657.095	47.901	10	0	0	1	0	0	1	1	0	0	1	24
2013/12/29-11:08:05	32	1,657.095	47.901	6	0	0	0	0	0	1	1	0	0	1	18
2013/12/29-11:08:54	32	1,657.095	47.901	33	0	1	3	2	0	0	1	0	0	1	45
2013/12/29-11:09:58	32	1,657.095	47.901	2	0	0	0	0	0	1	1	0	0	1	4
2013/12/29-11:10:37	32	1,657.095	47.901	6	0	0	0	0	0	1	1	0	0	1	18
2013/12/29-11:11:41	32	1,657.095	47.901	7	0	0	2	1	0	0	1	1	0	0	22
2013/12/29-11:30:52	40	1,631.245	45.031	14	0	0	2	0	0	1	1	0	0	1	41
2013/12/29-11:31:53	40	1,631.245	45.031	5	0	0	0	0	0	1	1	0	0	1	12
2013/12/29-11:32:32	40	1,631.245	45.031	11	0	0	3	0	0	1	1	0	0	1	28
2013/12/29-11:33:18	40	1,631.245	45.031	24	0	0	0	0	0	0	1	0	0	1	60
2013/12/29-11:34:37	40	1,631.245	45.031	14	0	0	1	0	0	1	1	0	0	1	23
2013/12/29-11:40:20	40	1,631.245	45.031	14	0	0	2	0	0	0	1	1	0	0	30
2013/12/29-11:41:09	40	1,631.245	45.031	2	0	0	0	0	0	1	1	0	0	1	6
2013/12/29-11:41:36	40	1,631.245	45.031	12	0	0	1	1	0	0	1	1	0	0	28
2013/12/29-11:42:22	40	1,631.245	45.031	14	0	0	0	1	0	0	1	1	0	0	31
2013/12/29-11:43:12	40	1,631.245	45.031	18	0	0	0	1	0	1	1	0	0	1	37
2013/12/29-11:57:31	40	1,631.245	45.031	9	0	0	1	0	0	1	1	0	0	1	24
2013/12/29-11:58:14	40	1,631.245	45.031	6	0	0	1	0	0	0	1	1	0	0	19
2013/12/29-11:58:51	40	1,631.245	45.031	12	0	0	3	0	0	1	1	0	0	1	22
2013/12/29-12:00:10	40	1,631.245	45.031	13	0	0	2	1	0	1	1	0	0	1	38
2013/12/29-12:01:06	40	1,631.245	45.031	8	0	0	0	0	0	1	1	0	0	1	18
2013/12/29-12:15:26	42	1,616.901	42.432	13	0	0	0	2	0	0	1	1	0	0	26
2013/12/29-12:16:12	42	1,616.901	42.432	17	0	0	2	1	0	0	1	1	0	0	29
2013/12/29-12:17:00	42	1,616.901	42.432	19	0	0	0	1	0	0	1	1	0	0	34
2013/12/29-12:17:52	42	1,616.901	42.432	20	0	0	3	1	0	1	1	0	0	1	41
2013/12/29-12:18:52	42	1,616.901	42.432	27	0	0	1	1	0	1	1	0	0	1	54
2013/12/29-12:43:11	42	1,616.901	42.432	9	0	0	0	0	0	1	1	0	0	1	20
2013/12/29-12:43:54	42	1,616.901	42.432	16	0	0	2	0	0	0	1	1	0	0	28
2013/12/29-12:44:42	40	1,629.921	41.334	4	0	0	0	0	0	1	1	0	0	1	10
2013/12/29-12:45:18	40	1,629.921	41.334	1	0	0	0	0	0	1	1	0	0	1	6
2013/12/29-12:46:19	40	1,629.921	41.334	11	0	1	0	0	0	0	1	0	0	1	23
2013/12/29-12:59:09	40	1,629.921	41.334	3	0	0	0	0	0	1	1	0	0	1	13
2013/12/29-13:00:08	40	1,629.921	41.334	12	0	0	0	0	0	1	1	0	0	1	27
2013/12/29-13:00:54	40	1,629.921	41.334	3	0	1	0	0	0	0	1	0	0	1	7
2013/12/29-13:02:01	40	1,629.921	41.334	6	0	1	0	0	0	0	1	0	0	1	22
2013/12/29-13:03:06	40	1,629.921	41.334	14	0	0	1	0	0	1	1	0	0	1	33
2013/12/29-13:10:22	40	1,629.921	41.334	10	0	0	0	1	0	0	1	1	0	0	22
2013/12/29-13:10:59	40	1,629.921	41.334	3	0	0	1	0	0	1	1	0	0	1	8
2013/12/29-13:11:41	40	1,629.921	41.334	17	0	0	3	1	0	0	1	1	0	0	38
2013/12/29-13:12:38	40	1,629.921	41.334	4	0	0	1	1	0	1	1	0	0	1	15
2013/12/29-13:13:18	40	1,629.921	41.334	12	0	0	0	1	0	1	1	0	0	1	25
2013/12/29-13:29:43	40	1,620.575	39.223	25	0	0	3	1	0	0	1	1	0	0	55
2013/12/29-13:30:57	40	1,620.575	39.223	21	0	0	3	1	0	0	1	0	0	1	60
2013/12/29-13:32:16	40	1,620.575	39.223	20	0	0	0	1	0	0	1	1	0	0	60
2013/12/29-13:33:35	40	1,620.575	39.223	16	0	0	3	3	0	0	1	1	0	0	31
2013/12/29-13:34:26	40	1,620.575	39.223	11	0	0	2	1	0	1	1	1	0	0	28
2013/12/29-13:51:16	40	1,620.575	39.223	14	0	1	0	1	0	0	1	0	0	1	36
2013/12/29-13:52:11	40	1,620.575	39.223	2	0	1	0	1	0	0	1	0	0	1	10
2013/12/29-13:52:45	40	1,620.575	39.223	13	0	0	2	1	0	1	1	0	0	1	21
2013/12/29-13:53:25	40	1,620.575	39.223	4	0	0	0	0	0	1	1	0	0	1	12
2013/12/29-13:54:44	38	1,635.097	37.827	11	0	0	0	0	0	1	1	0	0	1	25
2013/12/29-14:11:04	38	1,635.097	37.827	11	0	0	0	2	0	0	1	1	0	0	32
2013/12/29-14:11:55	38	1,635.097	37.827	9	0	0	0	1	0	0	1	1	0	0	19
2013/12/29-14:12:33	38	1,635.097	37.827	12	0	0	1	1	0	0	1	1	0	0	25
2013/12/29-14:13:17	38	1,635.097	37.827	8	0	0	2	1	0	0	1	1	0	0	19
2013/12/29-14:13:55	38	1,635.097	37.827	7	0	0	0	1	0	0	1	1	0	0	17
2013/12/29-14:26:12	38	1,635.097	37.827	7	0	0	0	0	0	0	1	1	0	0	15
2013/12/29-14:26:46	38	1,635.097	37.827	7	0	0	0	1	0	1	1	0	0	1	17
2013/12/29-14:27:58	38	1,635.097	37.827	3	0	0	0	0	0	1	1	0	0	1	5
2013/12/29-14:29:17	38	1,635.097	37.827	10	0	0	0	1	0	0	1	1	0	0	41
2013/12/29-14:30:17	38	1,635.097	37.827	1	0	0	0	0	0	1	1	0	0	1	3
2013/12/29-14:43:26	38	1,641.935	36.614	13	0	0	1	0	0	1	1	0	0	1	26
2013/12/29-14:44:45	38	1,641.935	36.614	21	0	0	2	1	0	1	1	0	0	1	38
2013/12/29-14:45:42	38	1,641.935	36.614	18	0	0	1	2	0	0	1	1	0	0	39
2013/12/29-14:46:40	38	1,641.935	36.614	14	0	1	1	0	0	0	1	0	0	1	27
2013/12/29-14:47:25	38	1,641.935	36.614	19	0	0	1	1	0	1	1	0	0	1	47
2013/12/29-14:54:19	38	1,641.935	36.614	25	0	0	2	1	0	0	1	1	0	0	42
2013/12/29-14:55:19	38	1,641.935	36.614	10	0	0	0	0	0	1	1	0	0	1	22
2013/12/29-14:56:00	38	1,641.935	36.614	28	0	0	1	2	0	0	1	1	0	0	46
2013/12/29-14:57:05	38	1,641.935	36.614	22	0	0	0	1	0	0	1	1	0	0	37
2013/12/29-14:58:01	38	1,641.935	36.614	15	0	0	3	1	0	1	1	0	0	1	24
2013/12/29-15:20:16	33	1,653.358	35.45	22	0	0	1	1	0	0	1	1	0	0	44
2013/12/29-15:21:20	33	1,653.358	35.45	3	0	0	1	0	0	1	1	0	0	1	19
2013/12/29-15:22:05	33	1,653.358	35.45	10	0	0	0	0	0	1	1	0	0	1	25
2013/12/29-15:22:49	33	1,653.358	35.45	23	0	1	0	1	0	0	1	0	0	1	39
2013/12/29-15:23:47	33	1,653.358	35.45	30	0	0	2	1	0	0	1	1	0	0	60
2013/12/29-15:56:05	33	1,653.358	35.45	17	0	0	13	1	0	0	1	1	0	0	45
2013/12/29-15:57:06	33	1,653.358	35.45	2	0	0	0	0	0	1	1	0	0	1	7
2013/12/29-15:57:32	33	1,653.358	35.45	18	0	0	13	0	0	1	1	0	0	1	41
2013/12/29-15:58:31	33	1,653.358	35.45	1	0	0	0	0	0	1	1	0	0	1	3
2013/12/29-15:58:53	33	1,653.358	35.45	15	0	0	9	0	0	1	1	0	0	1	26
2013/12/29-15:59:38	33	1,653.358	35.45	1	0	0	0	1	0	0	1	1	0	0	4
2013/12/29-17:01:07	33	1,653.358	35.45	1	0	1	0	0	0	0	1	0	0	1	3
2013/12/29-17:05:11	33	1,653.358	35.45	22	0	0	6	1	0	0	1	1	0	0	44
2013/12/29-17:06:14	33	1,653.358	35.45	14	0	0	1	2	0	0	1	1	0	0	30
2013/12/29-17:07:02	33	1,653.358	35.45	13	0	1	0	1	0	0	1	0	0	1	32
2013/12/29-17:07:52	33	1,653.358	35.45	2	0	0	0	0	0	1	1	0	0	1	7
2013/12/29-17:08:48	31	1,668.104	33.841	12	0	1	0	1	0	0	1	0	0	1	28
2013/12/30-07:20:37	34	1,664.947	57.282	5	0	1	1	0	0	0	1	0	0	1	10
2013/12/30-07:21:09	34	1,664.947	57.282	3	0	0	0	1	0	1	1	0	0	1	8
2013/12/30-07:21:36	34	1,664.947	57.282	3	0	0	0	0	0	1	1	0	0	1	15
2013/12/30-07:22:17	34	1,664.947	57.282	18	0	0	2	0	0	1	1	0	0	1	32
2013/12/30-07:23:07	34	1,664.947	57.282	7	0	1	0	0	0	0	1	0	0	1	18
2013/12/30-07:42:36	34	1,664.947	57.282	2	0	0	0	1	0	1	1	0	0	1	7
2013/12/30-07:43:02	34	1,664.947	57.282	5	0	0	0	0	0	0	1	1	0	0	21
2013/12/30-07:43:42	34	1,664.947	57.282	2	0	0	0	1	0	0	1	1	0	0	8
2013/12/30-07:44:09	34	1,664.947	57.282	4	0	0	1	0	0	0	1	1	0	0	8
2013/12/30-07:44:35	34	1,664.947	57.282	2	0	0	0	0	0	0	1	1	0	0	8
2013/12/30-07:59:09	38	1,634.731	54.819	17	0	0	3	1	0	0	1	1	0	0	37
2013/12/30-08:00:05	38	1,634.731	54.819	13	0	0	2	1	0	0	1	1	0	0	37
2013/12/30-08:01:00	38	1,634.731	54.819	13	0	0	1	3	0	0	1	1	0	0	42
2013/12/30-08:02:01	38	1,634.731	54.819	10	0	0	1	2	0	0	1	1	0	0	27
2013/12/30-08:02:47	38	1,634.731	54.819	7	0	0	2	0	0	0	1	1	0	0	24
2013/12/30-08:25:03	38	1,634.731	54.819	8	0	0	0	1	0	0	1	1	0	0	22
2013/12/30-08:25:43	38	1,634.731	54.819	4	0	0	0	0	0	0	1	1	0	0	8
2013/12/30-08:26:10	35	1,654.448	53	20	0	0	1	2	0	0	1	1	0	0	41
2013/12/30-08:27:10	35	1,654.448	53	2	0	0	0	0	0	0	1	1	0	0	8
2013/12/30-08:27:37	35	1,654.448	53	5	0	0	0	2	0	0	1	1	0	0	12
2013/12/30-08:36:42	35	1,654.448	53	20	0	0	4	0	0	1	1	0	0	1	36
2013/12/30-08:37:36	35	1,654.448	53	9	0	0	1	1	0	0	1	1	0	0	19
2013/12/30-08:38:15	35	1,654.448	53	29	0	0	3	0	0	0	1	1	0	0	60
2013/12/30-08:39:33	35	1,654.448	53	21	0	0	0	2	0	1	1	0	0	1	41
2013/12/30-08:40:34	35	1,654.448	53	5	0	0	0	0	0	1	1	0	0	1	12
2013/12/30-08:55:26	31	1,675.054	50.718	8	0	0	0	0	0	1	1	0	0	1	19
2013/12/30-08:56:28	31	1,675.054	50.718	4	0	0	0	0	0	1	1	0	0	1	9
2013/12/30-08:57:43	31	1,675.054	50.718	20	0	0	3	1	0	1	1	0	0	1	40
2013/12/30-08:58:42	31	1,675.054	50.718	3	0	1	0	0	0	0	1	0	0	1	9
2013/12/30-08:59:10	31	1,675.054	50.718	9	0	0	1	0	0	1	1	0	0	1	24
2013/12/30-12:04:51	32	1,668.235	53.103	22	0	0	0	0	0	1	1	0	0	1	50
2013/12/30-12:06:00	32	1,668.235	53.103	2	0	0	0	0	0	1	1	0	0	1	7
2013/12/30-12:06:30	32	1,668.235	53.103	6	0	0	1	0	0	1	1	0	0	1	19
2013/12/30-12:07:36	32	1,668.235	53.103	8	0	0	0	0	0	1	1	0	0	1	17
2013/12/30-12:08:12	32	1,668.235	53.103	6	0	0	0	0	0	1	1	0	0	1	16
2013/12/30-12:38:52	34	1,655.903	51.672	14	0	0	1	0	0	1	1	0	0	1	30
2013/12/30-12:39:41	34	1,655.903	51.672	3	0	0	0	0	0	1	1	0	0	1	14
2013/12/30-12:40:56	34	1,655.903	51.672	10	0	0	0	0	0	1	1	0	0	1	20
2013/12/30-12:42:15	34	1,655.903	51.672	3	0	1	0	0	0	0	1	0	0	1	13
2013/12/30-12:43:31	34	1,655.903	51.672	17	0	0	3	0	0	1	1	0	0	1	24
2013/12/30-12:54:19	34	1,655.903	51.672	20	0	1	1	0	0	0	1	0	0	1	48
2013/12/30-12:55:27	34	1,655.903	51.672	21	0	0	0	1	0	0	1	1	0	0	54
2013/12/30-12:56:39	34	1,655.903	51.672	23	0	0	2	2	0	0	1	1	0	0	42
2013/12/30-12:57:40	34	1,655.903	51.672	5	0	0	0	0	0	1	1	0	0	1	10
2013/12/30-12:58:35	34	1,655.903	51.672	2	0	0	0	0	0	1	1	0	0	1	6
2013/12/30-17:13:00	34	1,646.476	56.308	17	0	0	1	1	0	1	1	0	0	1	42
2013/12/30-17:14:02	34	1,646.476	56.308	5	0	0	1	0	0	1	1	0	0	1	17
2013/12/30-17:14:41	34	1,646.476	56.308	16	0	0	2	1	0	1	1	0	0	1	35
2013/12/30-17:15:37	34	1,646.476	56.308	11	0	1	0	0	0	0	1	0	0	1	37
2013/12/30-17:16:44	34	1,646.476	56.308	17	0	0	3	0	0	0	1	1	0	0	38
2013/12/30-17:32:19	34	1,646.476	56.308	29	0	0	3	0	0	0	1	1	0	0	60
2013/12/30-17:33:38	34	1,646.476	56.308	18	0	0	0	2	0	0	1	1	0	0	46
2013/12/30-17:34:43	34	1,646.476	56.308	13	0	0	1	2	0	0	1	1	0	0	21
2013/12/30-17:35:24	34	1,646.476	56.308	6	0	0	0	0	0	1	1	0	0	1	13
2013/12/30-17:36:15	34	1,646.476	56.308	14	0	0	3	1	0	1	1	0	0	1	31
2013/12/30-17:54:19	34	1,646.476	56.308	6	0	1	0	0	0	0	1	0	0	1	21
2013/12/30-17:55:18	34	1,654.271	51.606	12	0	0	1	1	0	0	1	1	0	0	34
2013/12/30-17:56:11	34	1,654.271	51.606	15	0	0	1	0	0	1	1	0	0	1	46
2013/12/30-17:57:16	34	1,654.271	51.606	8	0	1	1	0	0	0	1	0	0	1	18
2013/12/30-17:57:54	34	1,654.271	51.606	4	0	0	0	0	0	1	1	0	0	1	12
2013/12/30-23:22:22	34	1,655.736	56.495	2	0	0	0	0	0	0	1	1	0	0	6
2013/12/30-23:22:44	34	1,655.736	56.495	35	0	0	27	1	0	0	1	1	0	0	74
2013/12/30-23:24:09	34	1,655.736	56.495	3	0	1	0	1	0	0	1	0	0	1	4
2013/12/30-23:24:23	34	1,655.736	56.495	1	0	1	0	1	0	0	1	0	0	1	3
2013/12/30-23:24:37	34	1,655.736	56.495	1	0	0	0	0	0	1	1	0	0	1	4
2013/12/30-23:24:59	34	1,655.736	56.495	9	0	0	1	1	0	0	1	1	0	0	29
2013/12/30-23:25:38	34	1,655.736	56.495	16	0	0	1	0	0	1	1	0	0	1	23
2013/12/30-23:49:55	34	1,662.524	53.297	16	0	0	0	0	0	1	1	0	0	1	36
2013/12/30-23:50:50	34	1,662.524	53.297	6	0	0	1	0	0	1	1	0	0	1	14
2013/12/30-23:51:31	34	1,662.524	53.297	1	0	0	0	1	0	1	1	0	0	1	3
2013/12/30-23:52:26	34	1,662.524	53.297	1	0	0	0	0	0	1	1	0	0	1	3
2013/12/30-23:53:49	34	1,662.524	53.297	11	0	0	0	1	0	1	1	0	0	1	5
2013/12/30-23:54:15	34	1,662.524	53.297	10	0	1	0	0	0	0	1	0	0	1	28
2013/12/30-23:55:22	34	1,662.524	53.297	1	0	0	1	0	0	1	1	0	0	1	3
2013/12/30-23:55:47	34	1,662.524	53.297	3	0	0	0	0	0	1	1	0	0	1	9
2013/12/30-23:57:32	34	1,662.524	53.297	3	0	0	0	0	0	0	1	1	0	0	6
2013/12/30-23:58:00	34	1,662.524	53.297	6	0	0	0	0	0	1	1	0	0	1	11
2013/12/30-23:58:31	34	1,662.524	53.297	1	0	0	0	0	0	1	1	0	0	1	3
2013/12/30-23:59:03	34	1,662.524	53.297	4	0	0	0	1	0	0	1	1	0	0	9
2013/12/30-23:59:31	34	1,662.524	53.297	12	0	0	2	0	0	0	1	1	0	0	28
2013/12/31-00:00:19	34	1,662.524	53.297	7	0	0	0	0	0	1	1	0	0	1	23
2013/12/31-00:21:38	34	1,662.524	53.297	6	0	0	0	1	0	1	1	0	0	1	11
2013/12/31-00:22:08	34	1,662.524	53.297	10	0	0	2	0	0	1	1	0	0	1	28
2013/12/31-00:22:55	34	1,662.524	53.297	1	0	0	0	0	0	1	1	0	0	1	3
2013/12/31-00:23:37	34	1,662.524	53.297	5	0	0	0	0	0	1	1	0	0	1	16
2013/12/31-00:24:11	34	1,662.524	53.297	0	0	0	4	0	0	0	1	1	0	0	4
2013/12/31-00:24:34	34	1,662.524	53.297	7	0	0	1	0	0	1	1	0	0	1	22
2013/12/31-00:25:15	34	1,662.524	53.297	13	0	0	4	1	0	0	1	1	0	0	23
2013/12/31-00:30:19	33	1,661.662	47.472	16	0	1	3	0	0	0	1	0	0	1	36
2013/12/31-00:31:13	33	1,661.662	47.472	11	0	0	0	0	0	1	1	0	0	1	25
2013/12/31-00:32:09	33	1,661.662	47.472	4	0	0	0	0	0	0	1	1	0	0	18
2013/12/31-00:32:46	33	1,661.662	47.472	9	0	0	0	0	0	1	1	0	0	1	31
2013/12/31-00:34:23	33	1,661.662	47.472	19	0	0	0	0	0	1	1	0	0	1	20
2013/12/31-00:35:02	33	1,661.662	47.472	5	0	0	2	2	0	0	1	1	0	0	6
2013/12/31-00:35:26	33	1,661.662	47.472	2	0	1	0	1	0	0	1	0	0	1	6
2013/12/31-00:48:04	33	1,661.662	47.472	6	0	0	0	0	0	1	1	0	0	1	4
2013/12/31-00:48:31	33	1,661.662	47.472	3	0	1	0	0	0	0	1	0	0	1	9
2013/12/31-00:48:59	33	1,661.662	47.472	8	0	1	5	0	0	0	1	0	0	1	30
2013/12/31-00:50:03	33	1,661.662	47.472	4	0	1	0	0	0	0	1	0	0	1	5
2013/12/31-00:50:28	33	1,661.662	47.472	9	0	1	0	2	0	0	1	0	0	1	28
2013/12/31-00:51:14	33	1,661.662	47.472	9	0	0	0	2	0	1	1	0	0	1	16
2013/12/31-00:51:48	33	1,661.662	47.472	1	0	0	0	0	0	1	1	0	0	1	3
2013/12/31-00:53:58	33	1,661.662	47.472	1	0	0	0	1	0	1	1	0	0	1	3
2013/12/31-00:54:20	33	1,661.662	47.472	0	0	1	3	0	0	0	1	1	0	0	89
2013/12/31-00:56:07	33	1,661.662	47.472	2	0	0	0	0	0	1	1	0	0	1	6
2013/12/31-00:57:54	33	1,661.662	47.472	9	0	0	2	0	0	1	1	0	0	1	22
2013/12/31-00:59:07	33	1,661.662	47.472	4	0	0	0	0	0	1	1	0	0	1	13
2013/12/31-01:00:17	33	1,661.662	47.472	8	0	0	0	0	0	1	1	0	0	1	14
2013/12/31-01:01:02	33	1,661.662	47.472	15	0	0	0	1	0	1	1	0	0	1	23
2013/12/31-01:16:15	31	1,668.927	42.791	3	0	0	0	0	0	1	1	0	0	1	3
2013/12/31-01:16:37	31	1,668.927	42.791	13	0	0	0	0	0	0	1	1	0	0	49
2013/12/31-01:17:45	31	1,668.927	42.791	4	0	0	0	0	0	1	1	0	0	1	13
2013/12/31-01:18:33	31	1,668.927	42.791	16	0	0	2	2	0	0	1	1	0	0	18
2013/12/31-01:19:10	31	1,668.927	42.791	1	0	0	0	2	0	1	1	0	0	1	3
2013/12/31-01:19:31	31	1,668.927	42.791	10	0	0	0	0	0	1	1	0	0	1	17
2013/12/31-01:20:34	31	1,668.927	42.791	18	0	0	5	2	0	0	1	1	0	0	43
2013/12/31-01:45:00	31	1,668.927	42.791	1	0	0	0	0	0	1	1	0	0	1	3
2013/12/31-01:45:22	31	1,668.927	42.791	19	0	0	1	1	0	0	1	1	0	0	28
2013/12/31-01:46:08	31	1,668.927	42.791	5	0	0	0	0	0	1	1	0	0	1	12
2013/12/31-01:46:39	31	1,668.927	42.791	2	0	1	0	1	0	0	1	0	0	1	14
2013/12/31-01:47:11	31	1,668.927	42.791	12	0	1	5	0	0	0	1	0	0	1	26
2013/12/31-01:48:04	31	1,668.927	42.791	0	0	0	5	0	0	0	1	1	0	0	61
2013/12/31-01:49:23	31	1,668.883	40.629	1	0	1	0	0	0	0	1	0	0	1	3
2013/12/31-02:07:54	31	1,668.883	40.629	7	0	1	0	0	0	0	1	0	0	1	11
2013/12/31-02:08:24	31	1,668.883	40.629	5	0	0	0	1	0	1	1	0	0	1	3
2013/12/31-02:08:51	31	1,668.883	40.629	15	0	0	8	0	0	1	1	0	0	1	49
2013/12/31-02:09:59	31	1,668.883	40.629	1	0	0	0	1	0	1	1	0	0	1	3
2013/12/31-02:11:48	31	1,668.883	40.629	10	0	0	1	0	0	1	1	0	0	1	13
2013/12/31-02:12:19	31	1,668.883	40.629	14	0	0	2	0	0	0	1	1	0	0	24
2013/12/31-02:13:02	31	1,668.883	40.629	1	0	0	0	2	0	1	1	0	0	1	3
2013/12/31-02:37:30	34	1,656.45	39.992	4	0	0	1	0	0	1	1	0	0	1	7
2013/12/31-02:38:09	34	1,656.45	39.992	8	0	0	0	1	0	0	1	1	0	0	24
2013/12/31-02:38:51	34	1,656.45	39.992	16	0	0	6	1	0	0	1	1	0	0	26
2013/12/31-02:39:36	34	1,656.45	39.992	1	0	1	0	0	0	0	1	0	0	1	3
2013/12/31-02:39:59	34	1,656.45	39.992	7	0	0	0	0	0	1	1	0	0	1	13
2013/12/31-02:40:30	34	1,656.45	39.992	0	0	1	2	0	0	0	1	0	0	1	16
2013/12/31-02:41:05	34	1,656.45	39.992	1	0	0	0	1	0	1	1	0	0	1	3
2013/12/31-03:05:56	34	1,656.45	39.992	6	0	0	1	1	0	1	1	0	0	1	6
2013/12/31-03:06:26	34	1,656.45	39.992	2	0	1	0	0	0	0	1	0	0	1	6
2013/12/31-03:07:02	34	1,656.45	39.992	18	0	0	4	2	0	1	1	0	0	1	57
2013/12/31-03:08:18	34	1,656.45	39.992	9	0	0	2	1	0	1	1	0	0	1	20
2013/12/31-03:09:36	34	1,656.45	39.992	14	0	0	4	0	0	0	1	1	0	0	68
2013/12/31-03:11:03	34	1,656.45	39.992	12	0	0	0	1	0	1	1	0	0	1	22
2013/12/31-03:11:44	34	1,656.45	39.992	4	0	0	0	1	0	1	1	0	0	1	3
2013/12/31-03:12:18	34	1,656.45	39.992	7	0	1	0	0	0	0	1	0	0	1	13
2013/12/31-03:13:17	34	1,661.064	37.651	28	0	1	0	1	0	0	1	0	0	1	49
2013/12/31-03:14:25	34	1,661.064	37.651	2	0	0	0	0	0	0	1	1	0	0	6
2013/12/31-03:14:50	34	1,661.064	37.651	1	0	0	0	0	0	1	1	0	0	1	3
2013/12/31-03:15:56	34	1,661.064	37.651	6	0	0	0	0	0	1	1	0	0	1	8
2013/12/31-03:16:33	34	1,661.064	37.651	1	0	0	0	0	0	1	1	0	0	1	3
2013/12/31-03:17:27	34	1,661.064	37.651	8	0	1	0	0	0	0	1	0	0	1	26
2013/12/31-03:26:40	34	1,661.064	37.651	2	0	1	0	0	0	0	1	0	0	1	3
2013/12/31-03:27:09	34	1,661.064	37.651	2	0	0	0	1	0	1	1	0	0	1	6
2013/12/31-03:27:34	34	1,661.064	37.651	0	0	0	7	0	0	0	1	1	0	0	21
2013/12/31-03:28:14	34	1,661.064	37.651	2	0	1	0	0	0	0	1	0	0	1	8
2013/12/31-03:28:41	34	1,661.064	37.651	10	0	1	1	0	0	0	1	0	0	1	14
2013/12/31-03:29:13	34	1,661.064	37.651	9	0	0	2	0	0	1	1	0	0	1	22
2013/12/31-03:29:54	34	1,661.064	37.651	2	0	0	0	0	0	1	1	0	0	1	7
2013/12/31-03:45:55	34	1,661.064	37.651	4	0	0	0	1	0	0	1	1	0	0	8
2013/12/31-03:46:21	34	1,661.064	37.651	12	0	0	9	0	0	0	1	1	0	0	43
2013/12/31-03:47:23	34	1,661.064	37.651	2	0	0	0	1	0	0	1	1	0	0	4
2013/12/31-03:47:46	34	1,661.064	37.651	12	0	0	1	1	0	1	1	0	0	1	40
2013/12/31-03:48:44	34	1,661.064	37.651	16	0	0	2	1	0	0	1	1	0	0	32
2013/12/31-03:49:35	34	1,661.064	37.651	20	0	0	3	3	0	0	1	1	0	0	25
2013/12/31-03:50:18	34	1,661.064	37.651	1	0	0	0	2	0	1	1	0	0	1	3
2013/12/31-04:15:47	30	1,665.966	35.49	13	0	0	3	1	0	1	1	1	0	0	26
2013/12/31-04:16:32	30	1,665.966	35.49	1	0	0	0	0	0	1	1	0	0	1	4
2013/12/31-04:16:58	30	1,665.966	35.49	2	0	1	0	0	0	0	1	0	0	1	3
2013/12/31-04:17:22	30	1,665.966	35.49	4	0	0	0	0	0	1	1	0	0	1	11
2013/12/31-04:17:52	30	1,665.966	35.49	10	0	0	0	0	0	1	1	0	0	1	36
2013/12/31-04:18:47	30	1,665.966	35.49	10	0	1	2	0	0	0	1	0	0	1	23
2013/12/31-04:19:29	30	1,665.966	35.49	6	0	0	6	0	0	0	1	1	0	0	66
2013/12/31-04:38:40	30	1,665.997	35.174	17	0	1	0	1	0	0	1	0	0	1	57
2013/12/31-04:40:03	30	1,665.997	35.174	2	0	0	0	0	0	1	1	0	0	1	6
2013/12/31-04:40:43	30	1,665.997	35.174	6	0	1	0	0	0	0	1	0	0	1	6
2013/12/31-04:41:11	30	1,665.997	35.174	2	0	0	0	0	0	1	1	0	0	1	8
2013/12/31-04:41:57	30	1,665.997	35.174	4	0	0	1	1	0	1	1	0	0	1	6
2013/12/31-04:42:22	30	1,665.997	35.174	13	0	0	2	0	0	1	1	0	0	1	25
2013/12/31-04:43:29	30	1,665.997	35.174	1	0	0	0	1	0	1	1	0	0	1	3
2013/12/31-04:51:07	30	1,665.997	35.174	12	0	0	0	0	0	0	1	1	0	0	20
2013/12/31-04:51:45	30	1,665.997	35.174	2	0	0	0	0	0	1	1	0	0	1	7
2013/12/31-04:52:26	30	1,665.997	35.174	2	0	0	0	2	0	0	1	1	0	0	6
2013/12/31-04:52:51	30	1,665.997	35.174	7	0	0	1	1	0	1	1	0	0	1	9
2013/12/31-04:53:19	30	1,665.997	35.174	9	0	1	0	0	0	0	1	0	0	1	5
2013/12/31-04:53:51	30	1,665.997	35.174	7	0	1	0	2	0	0	1	1	0	0	33
2013/12/31-04:54:42	30	1,665.997	35.174	12	0	1	2	0	0	0	1	0	0	1	22
2013/12/31-05:06:02	30	1,665.997	35.174	0	0	1	4	0	0	0	1	1	0	0	89
2013/12/31-05:07:50	30	1,665.997	35.174	1	0	0	0	0	0	1	1	0	0	1	4
2013/12/31-05:08:12	30	1,665.997	35.174	3	0	0	1	0	0	1	1	0	0	1	12
2013/12/31-05:08:51	30	1,665.997	35.174	1	0	0	0	0	0	1	1	0	0	1	3
2013/12/31-05:09:21	30	1,665.997	35.174	6	0	0	1	0	0	0	1	1	0	0	11
2013/12/31-05:09:51	30	1,665.997	35.174	7	0	0	0	1	0	1	1	0	0	1	24
2013/12/31-05:10:33	30	1,665.997	35.174	6	0	0	0	1	0	0	1	1	0	0	10
2013/12/31-05:23:47	30	1,665.645	33	23	0	0	8	0	0	1	1	0	0	1	63
2013/12/31-05:25:09	30	1,665.645	33	1	0	0	0	0	0	1	1	0	0	1	3
2013/12/31-05:25:54	30	1,665.645	33	19	0	0	0	2	0	0	1	1	0	0	23
2013/12/31-05:26:36	30	1,665.645	33	5	0	1	1	1	0	0	1	0	0	1	7
2013/12/31-05:27:04	30	1,665.645	33	10	0	0	1	1	0	1	1	0	0	1	31
2013/12/31-05:27:54	30	1,665.645	33	1	0	0	0	0	0	1	1	0	0	1	3
2013/12/31-05:28:32	30	1,665.645	33	3	0	0	0	0	0	1	1	0	0	1	8
2013/12/31-05:37:17	30	1,665.645	33	7	0	0	1	1	0	1	1	0	0	1	24
2013/12/31-05:38:00	30	1,665.645	33	13	0	1	0	1	0	0	1	0	0	1	21
2013/12/31-05:38:39	30	1,665.645	33	10	0	1	0	0	0	0	1	0	0	1	13
2013/12/31-05:39:10	30	1,665.645	33	3	0	1	1	0	0	0	1	0	0	1	6
2013/12/31-05:39:35	30	1,665.645	33	2	0	0	0	1	0	0	1	1	0	0	10
2013/12/31-05:40:04	30	1,665.645	33	1	0	1	0	1	0	0	1	0	0	1	6
2013/12/31-05:40:29	30	1,665.645	33	9	0	1	4	0	0	0	1	0	0	1	28
2013/12/31-05:55:43	30	1,665.645	33	8	0	1	1	0	0	0	1	0	0	1	18
2013/12/31-05:56:20	30	1,670.815	31.774	0	0	1	1	0	0	0	1	0	0	1	89
2013/12/31-05:58:07	30	1,670.815	31.774	8	0	1	0	0	0	0	1	0	0	1	26
2013/12/31-05:58:52	30	1,670.815	31.774	15	0	0	1	2	0	0	1	1	0	0	31
2013/12/31-05:59:42	30	1,670.815	31.774	17	0	0	4	0	0	0	1	1	0	0	49
2013/12/31-06:00:49	30	1,670.815	31.774	5	0	0	0	0	0	0	1	1	0	0	17
2013/12/31-06:01:25	30	1,670.815	31.774	7	0	1	0	0	0	0	1	0	0	1	21
2013/12/31-06:22:58	30	1,670.815	31.774	2	0	1	1	0	0	0	1	0	0	1	6
2013/12/31-06:23:31	30	1,670.815	31.774	4	0	0	0	1	0	1	1	0	0	1	4
2013/12/31-06:23:59	30	1,670.815	31.774	8	0	0	0	0	0	1	1	0	0	1	33
2013/12/31-06:24:50	30	1,670.815	31.774	4	0	0	0	2	0	1	1	0	0	1	17
2013/12/31-06:25:26	30	1,670.815	31.774	13	0	0	5	2	0	0	1	1	0	0	34
2013/12/31-06:26:19	30	1,670.815	31.774	14	0	0	6	0	0	1	1	0	0	1	53
2013/12/31-06:27:31	30	1,670.815	31.774	5	0	0	0	1	0	1	1	0	0	1	12
2013/12/31-06:28:11	30	1,670.815	31.774	2	0	0	0	0	0	1	1	0	0	1	6
2013/12/31-06:29:06	30	1,670.815	31.774	5	0	0	0	1	0	1	1	0	0	1	11
2013/12/31-06:29:40	30	1,670.815	31.774	11	0	0	0	0	0	0	1	1	0	0	36
2013/12/31-06:30:36	30	1,670.815	31.774	11	0	0	3	0	0	1	1	0	0	1	23
2013/12/31-06:31:18	30	1,670.815	31.774	5	0	1	1	0	0	0	1	0	0	1	6
2013/12/31-06:31:42	30	1,670.815	31.774	14	0	0	0	1	0	1	1	0	0	1	42
2013/12/31-06:32:44	30	1,670.815	31.774	12	0	1	0	1	0	0	1	0	0	1	13
2013/12/31-06:42:10	29	1,678.194	30.286	6	0	0	0	0	0	1	1	0	0	1	11
2013/12/31-06:42:39	29	1,678.194	30.286	1	0	0	0	0	0	1	1	0	0	1	3
2013/12/31-06:43:02	29	1,678.194	30.286	2	0	1	0	0	0	0	1	0	0	1	10
2013/12/31-06:43:41	29	1,678.194	30.286	18	0	1	4	0	0	0	1	0	0	1	55
2013/12/31-06:44:55	29	1,678.194	30.286	1	0	0	0	0	0	1	1	0	0	1	4
2013/12/31-06:45:18	29	1,678.194	30.286	17	0	0	14	2	0	0	1	1	0	0	42
2013/12/31-06:46:18	29	1,678.194	30.286	5	0	0	0	0	0	1	1	0	0	1	8
2013/12/31-06:57:00	29	1,678.194	30.286	20	0	0	0	2	0	0	1	1	0	0	27
2013/12/31-06:57:46	29	1,678.194	30.286	1	0	0	0	3	0	0	1	1	0	0	3
2013/12/31-06:58:07	29	1,678.194	30.286	3	0	0	0	0	0	1	1	0	0	1	9
2013/12/31-06:58:35	29	1,678.194	30.286	6	0	0	2	2	0	0	1	1	0	0	7
2013/12/31-06:59:00	29	1,678.194	30.286	18	0	0	0	0	0	0	1	1	0	0	69
2013/12/31-07:00:28	29	1,678.194	30.286	14	0	0	0	2	0	0	1	1	0	0	39
2013/12/31-07:01:26	29	1,678.194	30.286	10	0	1	1	0	0	0	1	0	0	1	20
2013/12/31-07:29:45	29	1,675.902	29.964	2	0	0	0	0	0	1	1	0	0	1	8
2013/12/31-07:30:16	29	1,675.902	29.964	9	0	0	2	0	0	1	1	0	0	1	28
2013/12/31-07:31:03	29	1,675.902	29.964	30	0	0	0	0	0	0	1	1	0	0	60
2013/12/31-07:32:21	29	1,675.902	29.964	30	0	1	20	0	0	0	1	0	0	1	71
2013/12/31-07:33:50	29	1,675.902	29.964	16	0	0	1	0	0	0	1	1	0	0	17
2013/12/31-07:34:27	29	1,675.902	29.964	6	0	1	0	0	0	0	1	0	0	1	14
2013/12/31-07:35:30	29	1,675.902	29.964	3	0	0	0	0	0	1	1	0	0	1	9
2013/12/31-07:51:15	29	1,675.902	29.964	8	0	1	4	0	0	0	1	0	0	1	21
2013/12/31-07:52:25	29	1,675.902	29.964	1	0	0	0	0	0	1	1	0	0	1	3
2013/12/31-07:53:02	29	1,675.902	29.964	1	0	0	1	0	0	1	1	0	0	1	3
2013/12/31-07:53:27	29	1,675.902	29.964	19	0	0	0	0	0	1	1	0	0	1	25
2013/12/31-07:54:10	29	1,675.902	29.964	4	0	0	0	0	0	1	1	0	0	1	8
2013/12/31-07:54:53	29	1,675.902	29.964	3	0	0	0	0	0	1	1	0	0	1	11
2013/12/31-07:56:14	29	1,675.902	29.964	13	0	0	0	0	0	0	1	1	0	0	45
2013/12/31-08:02:45	31	1,670.917	29.344	1	0	0	0	0	0	1	1	0	0	1	3
2013/12/31-08:03:33	31	1,670.917	29.344	8	0	0	0	0	0	1	1	0	0	1	29
2013/12/31-08:04:21	31	1,670.917	29.344	4	0	0	0	0	0	1	1	0	0	1	8
2013/12/31-08:05:20	31	1,670.917	29.344	8	0	0	0	0	0	1	1	0	0	1	28
2013/12/31-08:06:24	31	1,670.917	29.344	6	0	1	0	0	0	0	1	0	0	1	5
2013/12/31-08:06:48	31	1,670.917	29.344	9	0	0	1	1	0	1	1	0	0	1	19
2013/12/31-08:07:26	31	1,670.917	29.344	2	0	1	0	0	0	0	1	0	0	1	5
2014/01/01-19:00:04	32	1,664.43	87.686	4	0	1	0	0	0	0	1	0	0	1	14
2014/01/03-08:16:06	33	1,664.43	120.502	4	0	1	0	1	0	0	1	0	0	1	10
2014/01/03-08:16:36	33	1,664.43	120.502	18	0	0	0	2	0	0	1	1	0	0	43
2014/01/03-08:17:38	33	1,664.43	120.502	8	0	0	1	1	0	0	1	1	0	0	26
2014/01/03-08:18:23	33	1,664.43	120.502	1	0	0	0	1	0	1	1	0	0	1	3
2014/01/03-08:18:45	33	1,664.43	120.502	13	0	0	0	3	0	0	1	1	0	0	37
2014/01/03-08:33:05	33	1,664.43	120.502	7	0	0	0	0	0	1	1	0	0	1	23
2014/01/03-08:33:46	33	1,664.43	120.502	8	0	0	3	1	0	1	1	0	0	1	24
2014/01/03-08:34:30	33	1,664.43	120.502	20	0	0	0	1	0	1	1	0	0	1	28
2014/01/03-08:35:17	33	1,664.43	120.502	2	0	0	0	0	0	1	1	0	0	1	6
2014/01/03-08:35:52	20	1,704.184	102.274	23	0	0	2	2	0	1	1	0	0	1	42
2014/01/03-08:53:58	20	1,704.184	102.274	11	0	0	0	0	0	1	1	0	0	1	35
2014/01/03-08:54:52	20	1,704.184	102.274	2	0	0	0	0	0	1	1	0	0	1	5
2014/01/03-08:55:39	20	1,704.184	102.274	15	0	0	0	0	0	1	1	0	0	1	29
2014/01/03-08:56:29	20	1,704.184	102.274	16	0	0	0	2	0	1	1	0	0	1	48
2014/01/03-08:57:37	20	1,704.184	102.274	1	0	0	0	0	0	1	1	0	0	1	3
2014/01/03-14:36:07	25	1,682.671	90.435	16	0	0	2	0	0	1	1	0	0	1	33
2014/01/03-14:37:24	25	1,682.671	90.435	1	0	0	0	0	0	1	1	0	0	1	5
2014/01/03-14:38:00	25	1,682.671	90.435	2	0	1	0	0	0	0	1	0	0	1	7
2014/01/03-14:38:40	25	1,682.671	90.435	0	0	1	3	0	0	0	1	0	0	1	71
2014/01/03-14:40:15	25	1,682.671	90.435	3	0	0	0	1	0	1	1	0	0	1	6
2014/01/03-14:40:46	25	1,682.671	90.435	7	0	1	1	0	0	0	1	0	0	1	10
2014/01/03-14:41:40	25	1,682.671	90.435	13	0	1	0	1	0	0	1	1	0	0	39
2014/01/03-14:43:41	25	1,682.671	90.435	16	0	0	4	1	0	0	1	1	0	0	35
2014/01/03-14:45:32	25	1,682.671	90.435	0	0	1	0	0	0	0	1	0	0	1	3
2014/01/03-14:46:00	25	1,682.671	90.435	8	0	0	1	2	0	1	1	0	0	1	41
2014/01/03-14:47:05	25	1,682.671	90.435	1	0	0	1	0	0	1	1	0	0	1	3
2014/01/03-14:47:45	39	1,635.228	76.972	15	0	0	10	0	0	1	1	0	0	1	50
2014/01/03-14:49:21	39	1,635.228	76.972	3	0	0	0	1	0	1	1	0	0	1	8
2014/01/03-14:50:03	39	1,635.228	76.972	39	0	0	0	1	0	1	1	1	0	0	38
2014/01/04-12:13:48	41	1,626.325	75.845	8	0	0	1	2	0	1	1	0	0	1	24
2014/01/04-12:14:32	41	1,626.325	75.845	3	0	1	0	0	0	0	1	0	0	1	8
2014/01/04-12:14:59	41	1,626.325	75.845	21	0	0	1	0	0	0	1	1	0	0	60
2014/01/04-12:16:18	41	1,626.325	75.845	1	0	0	0	0	0	1	1	0	0	1	3
2014/01/04-12:16:57	41	1,626.325	75.845	9	0	0	0	2	0	0	1	1	0	0	15
2014/01/04-12:35:38	37	1,645.128	70.174	1	0	0	0	0	0	1	1	0	0	1	3
2014/01/04-12:36:01	37	1,645.128	70.174	12	0	1	0	0	0	0	1	0	0	1	36
2014/01/04-12:37:08	37	1,645.128	70.174	31	0	0	5	1	0	0	1	1	0	0	60
2014/01/04-12:38:27	37	1,645.128	70.174	2	0	0	0	0	0	1	1	0	0	1	6
2014/01/04-12:39:06	37	1,645.128	70.174	12	0	0	0	0	0	1	1	0	0	1	20
2014/01/04-12:54:25	37	1,645.128	70.174	6	0	0	1	0	0	0	1	1	0	0	25
2014/01/04-12:55:10	37	1,645.128	70.174	7	0	0	0	1	0	0	1	1	0	0	21
2014/01/04-13:25:56	37	1,645.128	70.174	5	0	0	1	0	0	1	1	0	0	1	15
2014/01/04-13:27:26	37	1,645.128	70.174	1	0	1	0	0	0	0	1	0	0	1	3
2014/01/04-13:27:48	37	1,645.128	70.174	13	0	0	0	3	0	0	1	1	0	0	15
2014/01/04-18:58:41	36	1,646.111	70.283	6	0	0	0	1	0	1	1	0	0	1	8
2014/01/04-18:59:09	36	1,646.111	70.283	24	0	0	1	0	0	0	1	0	0	1	60
2014/01/04-19:00:28	36	1,646.111	70.283	11	0	1	3	1	0	0	1	0	0	1	29
2014/01/04-19:01:33	36	1,646.111	70.283	3	0	0	0	3	0	0	1	1	0	0	8
2014/01/04-19:02:00	36	1,646.111	70.283	16	0	0	0	1	0	1	1	0	0	1	28
2014/01/04-19:12:10	38	1,644.58	65.665	6	0	0	0	1	0	0	1	1	0	0	5
2014/01/04-19:12:35	38	1,644.58	65.665	12	0	0	0	0	0	0	1	1	0	0	40
2014/01/04-19:13:34	38	1,644.58	65.665	9	0	0	0	2	0	0	1	1	0	0	28
2014/01/04-19:14:21	38	1,644.58	65.665	1	0	0	0	0	0	1	1	0	0	1	3
2014/01/04-19:14:56	38	1,644.58	65.665	2	0	0	0	1	0	1	1	0	0	1	7
2014/01/04-19:35:35	38	1,644.58	65.665	9	0	0	0	2	0	0	1	1	0	0	21
2014/01/04-19:36:15	38	1,644.58	65.665	11	0	0	1	1	0	1	1	0	0	1	25
2014/01/04-19:36:59	38	1,644.58	65.665	1	0	1	0	0	0	0	1	0	0	1	3
2014/01/04-19:37:22	38	1,644.58	65.665	9	0	0	3	0	0	0	1	1	0	0	25
2014/01/04-19:38:06	38	1,644.58	65.665	5	0	1	0	1	0	0	1	0	0	1	13
