2013/10/31-22:53:14	0	0	0	3	0	0	0	0	0	0	1	1	0	0	8
2013/10/31-22:53:56	0	0	0	1	0	0	0	0	0	1	1	0	0	1	3
2013/10/31-22:54:13	0	0	0	8	0	0	0	1	0	0	1	1	0	0	18
2013/10/31-22:55:51	0	0	0	2	0	0	0	0	0	1	1	0	0	1	8
2013/10/31-22:56:13	0	0	0	3	0	0	0	0	0	0	1	1	0	0	8
2013/10/31-22:56:31	0	0	0	3	0	0	0	0	0	0	1	1	0	0	8
2013/10/31-22:56:50	0	0	0	3	0	0	0	0	0	1	1	0	0	1	9
2013/10/31-22:57:09	0	0	0	3	0	0	0	0	0	0	1	1	0	0	8
2013/10/31-22:57:28	0	0	0	3	0	0	0	0	0	0	1	1	0	0	8
2013/10/31-22:58:01	0	0	0	2	0	0	0	0	0	1	1	0	0	1	8
2013/10/31-22:58:20	0	0	0	2	0	0	0	0	0	1	1	0	0	1	8
2013/10/31-22:58:43	0	0	0	6	0	0	0	1	0	1	1	0	1	0	8
2013/10/31-22:59:03	0	0	0	6	0	0	0	1	0	0	1	1	0	0	8
2013/10/31-22:59:22	0	0	0	4	0	0	0	0	0	1	1	0	0	1	8
2013/10/31-22:59:46	0	0	0	8	0	0	0	0	0	1	1	0	0	1	17
2013/10/31-23:00:34	0	0	0	2	0	1	0	0	0	0	1	0	0	1	11
2013/10/31-23:14:05	0	0	0	12	0	0	0	0	0	1	1	0	0	1	40
2013/11/02-11:22:00	0	0	0	3	0	1	0	0	0	0	1	0	0	1	9
2013/11/02-11:22:52	0	0	0	3	0	0	0	0	0	1	1	0	0	1	8
2013/11/02-11:24:15	0	0	0	5	0	1	0	0	0	0	1	0	1	0	19
