2013/09/02-13:36:12	11	1,500	350	1	0	0	0	0	0	1	1	0	0	1	3
2013/09/02-13:36:44	11	1,500	350	1	0	0	0	0	0	1	1	0	0	1	3
2013/09/02-13:37:05	11	1,500	350	1	0	0	0	0	0	1	1	0	0	1	4
2013/09/02-13:37:48	11	1,500	350	1	0	1	0	0	0	0	1	0	0	1	3
2013/09/02-13:38:41	11	1,500	350	2	0	0	0	0	0	1	1	0	0	1	7
2013/09/02-14:04:54	11	1,500	350	1	0	0	0	2	0	1	1	0	0	1	5
2013/09/02-14:05:18	11	1,500	350	5	0	0	1	0	0	1	1	0	0	1	19
2013/09/02-14:05:57	11	1,500	350	2	0	0	0	1	0	1	1	0	0	1	6
2013/09/02-14:06:22	11	1,500	350	6	0	0	0	0	0	0	1	1	0	0	32
2013/09/02-14:07:12	11	1,500	350	2	0	0	0	1	0	1	1	0	0	1	6
2013/09/02-14:18:00	82	1,321.266	263.837	6	0	0	13	1	0	0	1	1	0	0	60
2013/09/02-14:19:19	82	1,321.266	263.837	1	0	0	0	0	0	1	1	0	0	1	3
2013/09/02-14:20:38	82	1,321.266	263.837	1	0	0	0	0	0	1	1	0	0	1	4
2013/09/02-14:21:03	82	1,321.266	263.837	1	0	0	0	1	0	1	1	0	0	1	13
2013/09/02-14:21:35	82	1,321.266	263.837	2	0	0	0	0	0	1	1	0	0	1	3
2013/09/02-17:39:20	69	1,231.842	213.731	3	0	0	0	3	0	0	1	1	0	0	15
2013/09/02-17:39:54	69	1,231.842	213.731	3	0	0	0	0	0	1	1	0	0	1	10
2013/09/02-17:41:13	69	1,231.842	213.731	1	0	0	0	3	0	0	1	1	0	0	4
2013/09/02-17:41:35	69	1,231.842	213.731	3	0	0	0	1	0	1	1	0	0	1	9
2013/09/02-17:42:03	69	1,231.842	213.731	3	0	0	0	0	0	1	1	0	0	1	6
2013/09/02-17:54:36	72	1,224.984	177.765	0	0	1	0	0	0	0	1	0	0	1	4
2013/09/02-17:55:08	72	1,224.984	177.765	0	0	1	0	0	0	0	1	0	0	1	3
2013/09/02-17:55:32	72	1,224.984	177.765	1	0	1	0	0	0	0	1	1	0	0	3
2013/09/02-17:55:54	72	1,224.984	177.765	1	0	0	0	0	0	1	1	0	0	1	3
2013/09/02-17:56:38	72	1,224.984	177.765	2	0	1	0	0	0	0	1	0	0	1	15
2013/09/02-18:07:33	73	1,162.782	148.929	1	0	0	0	0	0	1	1	0	0	1	5
2013/09/02-18:07:56	73	1,162.782	148.929	0	0	0	0	0	0	0	1	1	0	0	6
2013/09/02-18:08:21	73	1,162.782	148.929	1	0	0	0	0	0	0	1	1	0	0	6
2013/09/02-18:08:46	73	1,162.782	148.929	2	0	0	0	1	0	1	1	0	0	1	6
2013/09/02-18:09:11	73	1,162.782	148.929	3	0	0	0	0	0	1	1	0	0	1	6
