2013/09/02-13:33:51	13	1,500	350	0	0	1	0	0	0	0	1	0	0	1	6
2013/09/02-13:34:17	13	1,500	350	0	0	1	0	0	0	0	1	0	0	1	6
2013/09/02-13:34:49	13	1,500	350	0	0	1	0	0	0	0	1	0	0	1	6
2013/09/02-13:35:14	13	1,500	350	0	0	1	0	0	0	0	1	0	0	1	3
2013/09/02-13:35:41	13	1,500	350	0	0	1	0	0	0	0	1	0	0	1	6
2013/09/02-14:02:28	13	1,500	350	0	0	1	0	0	0	0	1	0	0	1	6
2013/09/02-14:03:02	13	1,500	350	0	0	1	0	0	0	0	1	0	0	1	6
2013/09/02-14:03:32	13	1,500	350	0	0	1	0	0	0	0	1	0	0	1	6
2013/09/02-14:04:01	13	1,500	350	0	0	0	0	0	0	0	1	1	0	0	6
2013/09/02-14:04:25	13	1,500	350	0	0	0	0	0	0	0	1	1	0	0	4
2013/09/02-14:18:00	83	1,321.266	263.837	0	0	1	0	0	0	0	1	0	0	1	3
2013/09/02-14:19:19	83	1,321.266	263.837	0	0	1	0	0	0	0	1	0	0	1	6
2013/09/02-14:20:38	83	1,321.266	263.837	0	0	1	0	0	0	0	1	0	0	1	6
2013/09/02-14:21:03	83	1,321.266	263.837	0	0	1	0	0	0	0	1	0	0	1	6
2013/09/02-14:21:35	83	1,321.266	263.837	0	0	1	0	0	0	0	1	0	0	1	6
2013/09/02-17:37:10	70	1,198.559	213.731	0	0	1	0	0	0	0	1	0	0	1	6
2013/09/02-17:37:36	70	1,198.559	213.731	0	0	1	0	0	0	0	1	0	0	1	6
2013/09/02-17:38:00	70	1,198.559	213.731	0	0	1	0	0	0	0	1	0	0	1	6
2013/09/02-17:38:25	70	1,198.559	213.731	0	0	0	0	0	0	0	1	1	0	0	6
2013/09/02-17:38:50	70	1,198.559	213.731	0	0	1	0	0	0	0	1	1	0	0	5
2013/09/02-17:59:26	65	1,298.364	176.554	0	0	0	0	0	0	0	1	1	0	0	6
2013/09/02-17:59:49	65	1,298.364	176.554	0	0	1	0	0	0	0	1	0	0	1	5
2013/09/02-18:01:08	65	1,298.364	176.554	0	0	1	0	0	0	0	1	0	0	1	6
2013/09/02-18:01:33	65	1,298.364	176.554	0	0	1	0	0	0	0	1	0	0	1	4
2013/09/02-18:01:56	65	1,298.364	176.554	0	0	1	0	0	0	0	1	0	0	1	6
2013/09/02-18:07:33	71	1,232.763	153.621	0	0	1	0	0	0	0	1	0	0	1	4
2013/09/02-18:07:56	71	1,232.763	153.621	0	0	1	0	0	0	0	1	0	0	1	6
2013/09/02-18:08:21	71	1,232.763	153.621	0	0	1	0	0	0	0	1	0	0	1	6
2013/09/02-18:08:46	71	1,232.763	153.621	0	0	1	0	0	0	0	1	0	0	1	3
2013/09/02-18:09:11	71	1,232.763	153.621	0	0	1	0	0	0	0	1	0	0	1	6
2013/09/03-00:12:59	69	1,135.23	134.22	0	0	1	0	0	0	0	1	0	0	1	6
2013/09/03-00:13:25	69	1,135.23	134.22	0	0	1	0	0	0	0	1	0	0	1	3
2013/09/03-00:13:50	69	1,135.23	134.22	0	0	1	0	0	0	0	1	0	0	1	6
2013/09/03-00:14:15	69	1,135.23	134.22	0	0	1	0	0	0	0	1	0	0	1	6
2013/09/03-00:14:40	69	1,135.23	134.22	0	0	1	0	0	0	0	1	0	0	1	6
2013/09/03-00:24:03	70	1,080.896	118.547	0	0	1	0	0	0	0	1	0	0	1	3
2013/09/03-00:24:29	70	1,080.896	118.547	0	0	1	0	0	0	0	1	0	0	1	6
2013/09/03-00:24:54	70	1,080.896	118.547	0	0	1	0	0	0	0	1	0	0	1	6
2013/09/03-00:25:24	70	1,080.896	118.547	0	0	1	0	0	0	0	1	0	0	1	6
2013/09/03-00:25:48	70	1,080.896	118.547	0	0	1	0	0	0	0	1	0	0	1	3
2013/09/03-00:35:14	70	1,080.896	118.547	0	0	1	0	0	0	0	1	0	0	1	6
2013/09/03-00:35:39	70	1,080.896	118.547	0	0	1	0	0	0	0	1	0	0	1	6
2013/09/03-00:36:04	70	1,080.896	118.547	0	0	1	0	0	0	0	1	0	0	1	11
2013/09/03-00:36:33	70	1,080.896	118.547	0	0	1	0	0	0	0	1	0	0	1	6
2013/09/03-00:36:58	70	1,080.896	118.547	0	0	1	0	0	0	0	1	0	0	1	6
2013/09/03-00:45:41	72	1,039.972	99.267	0	0	1	0	0	0	0	1	0	0	1	6
2013/09/03-00:46:06	72	1,039.972	99.267	0	0	1	0	0	0	0	1	0	0	1	4
2013/09/03-00:46:29	72	1,039.972	99.267	0	0	1	0	0	0	0	1	0	0	1	6
2013/09/03-00:46:53	72	1,039.972	99.267	0	0	1	0	0	0	0	1	0	0	1	4
2013/09/03-00:47:37	72	1,039.972	99.267	0	0	1	0	0	0	0	1	0	0	1	6
2013/09/03-00:50:28	72	1,039.972	99.267	0	0	1	0	0	0	0	1	0	0	1	6
2013/09/03-00:50:53	72	1,039.972	99.267	0	0	0	0	0	0	0	1	1	0	0	6
2013/09/03-00:51:18	72	1,039.972	99.267	0	0	1	0	0	0	0	1	0	0	1	6
2013/09/03-00:51:43	72	1,039.972	99.267	0	0	1	0	0	0	0	1	0	1	0	6
2013/09/03-00:52:08	72	1,039.972	99.267	0	0	1	0	0	0	0	1	0	0	1	6
2013/09/03-01:02:25	72	1,039.972	99.267	0	0	0	0	0	0	0	1	1	0	0	3
2013/09/03-01:02:47	72	1,039.972	99.267	0	0	0	0	0	0	0	1	1	0	0	3
2013/09/03-01:03:08	72	1,039.972	99.267	0	0	0	0	0	0	0	1	1	0	0	4
2013/09/03-01:03:31	72	1,039.972	99.267	0	0	0	0	0	0	0	1	1	0	0	3
2013/09/03-01:03:53	72	1,039.972	99.267	0	0	0	0	0	0	0	1	1	0	0	3
2013/09/03-15:59:24	80	873.479	94.43	0	0	1	0	0	0	0	1	0	0	1	6
2013/09/03-15:59:49	80	873.479	94.43	0	0	0	0	0	0	0	1	1	0	0	6
2013/09/03-16:00:14	80	873.479	94.43	0	0	1	0	0	0	0	1	0	0	1	6
2013/09/03-16:00:39	80	873.479	94.43	0	0	1	0	0	0	0	1	0	0	1	6
2013/09/03-16:01:11	80	873.479	94.43	0	0	1	0	0	0	0	1	0	0	1	6
2013/09/03-16:06:06	80	873.479	94.43	0	0	0	0	0	0	0	1	1	0	0	6
2013/09/03-16:06:31	80	873.479	94.43	0	0	1	0	0	0	0	1	0	0	1	6
2013/09/03-16:06:56	80	873.479	94.43	0	0	0	0	0	0	0	1	1	0	0	6
2013/09/03-16:07:21	80	873.479	94.43	0	0	1	0	0	0	0	1	0	0	1	6
2013/09/03-16:07:46	80	873.479	94.43	0	0	1	0	0	0	0	1	0	0	1	6
2013/09/03-16:15:52	77	914.354	83.438	0	0	1	0	0	0	0	1	0	0	1	6
2013/09/03-16:16:17	77	914.354	83.438	0	0	1	0	0	0	0	1	0	0	1	6
2013/09/03-16:16:42	77	914.354	83.438	0	0	0	0	0	0	0	1	1	0	0	6
2013/09/03-16:17:07	77	914.354	83.438	0	0	1	0	0	0	0	1	0	0	1	6
2013/09/03-16:17:32	77	914.354	83.438	0	0	0	0	0	0	0	1	1	0	0	6
2013/09/03-20:48:34	75	991.147	82.525	0	0	1	0	0	0	0	1	0	0	1	6
2013/09/03-20:48:59	75	991.147	82.525	0	0	1	0	0	0	0	1	0	0	1	6
2013/09/03-20:49:24	78	981.353	79.63	0	0	0	0	0	0	0	1	1	0	0	6
2013/09/03-20:49:49	78	981.353	79.63	0	0	1	0	0	0	0	1	0	0	1	6
2013/09/03-20:50:15	78	981.353	79.63	0	0	0	0	0	0	0	1	1	0	0	6
2013/09/03-21:00:40	78	981.353	79.63	0	0	1	0	0	0	0	1	0	0	1	6
2013/09/03-21:01:05	78	981.353	79.63	0	0	1	0	0	0	0	1	0	0	1	6
2013/09/03-21:01:53	78	981.353	79.63	0	0	1	0	0	0	0	1	0	0	1	6
2013/09/03-21:02:30	78	981.353	79.63	0	0	1	0	0	0	0	1	0	0	1	3
2013/09/03-21:02:55	78	981.353	79.63	0	0	1	0	0	0	0	1	0	0	1	3
2013/09/03-21:08:55	78	979.414	72.054	0	0	0	0	0	0	0	1	1	0	0	6
2013/09/03-21:09:20	78	979.414	72.054	0	0	1	0	0	0	0	1	0	0	1	6
2013/09/03-21:09:44	78	979.414	72.054	0	0	1	0	0	0	0	1	0	0	1	6
2013/09/03-21:10:10	78	979.414	72.054	0	0	0	0	0	0	0	1	1	0	0	6
2013/09/03-21:10:35	78	979.414	72.054	0	0	1	0	0	0	0	1	0	0	1	6
2013/09/04-16:15:07	74	1,014.683	72.965	0	0	1	0	0	0	0	1	0	0	1	6
2013/09/04-16:15:32	74	1,014.683	72.965	0	0	0	0	0	0	0	1	1	0	0	6
2013/09/04-16:15:57	74	1,014.683	72.965	0	0	1	0	0	0	0	1	0	0	1	6
2013/09/04-16:16:27	74	1,014.683	72.965	0	0	1	0	0	0	0	1	0	0	1	6
2013/09/04-16:16:52	74	1,014.683	72.965	0	0	1	0	0	0	0	1	0	0	1	6
2013/09/04-16:22:22	74	1,014.683	72.965	0	0	1	0	0	0	0	1	0	0	1	6
2013/09/04-16:22:47	74	1,014.683	72.965	0	0	1	0	0	0	0	1	0	0	1	6
2013/09/04-16:23:11	74	1,014.683	72.965	0	0	1	0	0	0	0	1	0	0	1	3
2013/09/04-16:23:36	74	1,014.683	72.965	0	0	1	0	0	0	0	1	0	0	1	6
2013/09/04-16:24:01	74	1,014.683	72.965	0	0	1	0	0	0	0	1	0	0	1	6
2013/09/04-16:32:16	75	1,003.845	65.299	0	0	1	0	0	0	0	1	0	0	1	6
2013/09/04-16:32:41	75	1,003.845	65.299	0	0	0	0	0	0	0	1	1	0	0	6
2013/09/04-16:33:06	75	1,003.845	65.299	0	0	1	0	0	0	0	1	0	0	1	6
2013/09/04-16:33:31	75	1,003.845	65.299	0	0	1	0	0	0	0	1	0	0	1	6
2013/09/04-16:33:56	75	1,003.845	65.299	0	0	0	0	0	0	0	1	1	0	0	6
2013/09/04-16:34:28	75	1,003.845	65.299	0	0	1	0	0	0	0	1	0	1	0	6
2013/09/04-16:34:59	75	1,003.845	65.299	0	0	0	0	0	0	0	1	1	0	0	6
2013/09/04-22:57:48	71	1,003.804	67.271	0	0	1	0	0	0	0	1	0	0	1	6
2013/09/04-22:58:14	71	1,003.804	67.271	0	0	1	0	0	0	0	1	0	0	1	6
2013/09/04-22:58:39	71	1,003.804	67.271	0	0	1	0	0	0	0	1	0	0	1	6
2013/09/04-22:59:52	71	1,003.804	67.271	0	0	1	0	0	0	0	1	0	0	1	6
2013/09/04-23:00:45	71	1,003.804	67.271	0	0	1	0	0	0	0	1	0	0	1	6
2013/09/04-23:01:17	71	1,003.804	67.271	0	0	1	0	0	0	0	1	0	0	1	6
2013/09/04-23:01:42	71	1,003.804	67.271	0	0	0	0	0	0	0	1	1	0	0	6
2013/09/04-23:02:06	71	1,003.804	67.271	0	0	1	0	0	0	0	1	0	0	1	6
2013/09/04-23:02:31	71	1,003.804	67.271	0	0	0	0	0	0	0	1	1	0	0	6
2013/09/04-23:02:56	71	1,003.804	67.271	0	0	1	0	0	0	0	1	0	0	1	6
2013/09/04-23:13:48	79	948.43	60.661	0	0	1	0	0	0	0	1	0	0	1	6
2013/09/04-23:14:13	79	948.43	60.661	0	0	0	0	0	0	0	1	1	0	0	6
2013/09/04-23:14:38	79	948.43	60.661	0	0	1	0	0	0	0	1	0	0	1	6
2013/09/04-23:15:03	79	948.43	60.661	0	0	0	0	0	0	0	1	1	0	0	6
2013/09/04-23:15:28	79	948.43	60.661	0	0	1	0	0	0	0	1	0	0	1	4
2013/09/05-03:34:34	77	972.099	64.275	0	0	1	0	0	0	0	1	0	0	1	6
2013/09/05-03:34:59	77	972.099	64.275	0	0	1	0	0	0	0	1	0	0	1	4
2013/09/05-03:35:23	77	972.099	64.275	0	0	1	0	0	0	0	1	0	0	1	6
2013/09/05-03:35:48	77	972.099	64.275	0	0	0	0	0	0	0	1	1	0	0	6
2013/09/05-03:36:13	77	972.099	64.275	0	0	1	0	0	0	0	1	0	0	1	6
2013/09/05-03:45:14	77	979.844	60.91	0	0	0	0	0	0	0	1	1	0	0	6
2013/09/05-03:45:39	77	979.844	60.91	0	0	1	0	0	0	0	1	0	0	1	6
2013/09/05-03:46:04	77	979.844	60.91	0	0	1	0	0	0	0	1	0	0	1	6
2013/09/05-03:46:29	77	979.844	60.91	0	0	1	0	0	0	0	1	0	0	1	6
2013/09/05-03:46:54	77	979.844	60.91	0	0	1	0	0	0	0	1	0	0	1	6
2013/09/05-03:52:25	77	979.844	60.91	0	0	0	0	0	0	0	1	1	0	0	6
2013/09/05-03:52:50	77	979.844	60.91	0	0	1	0	0	0	0	1	0	0	1	6
2013/09/05-03:53:15	77	979.844	60.91	0	0	1	0	0	0	0	1	0	0	1	6
2013/09/05-03:53:40	77	979.844	60.91	0	0	1	0	0	0	0	1	1	0	0	6
2013/09/05-03:54:05	77	979.844	60.91	0	0	1	0	0	0	0	1	0	0	1	6
2013/09/06-01:17:14	79	974.389	62.427	0	0	1	0	0	0	0	1	0	0	1	6
2013/09/06-01:17:41	79	974.389	62.427	0	0	1	0	0	0	0	1	0	0	1	6
2013/09/06-01:18:06	79	974.389	62.427	0	0	1	0	0	0	0	1	0	0	1	6
2013/09/06-01:18:38	77	970.903	60.411	0	0	1	0	0	0	0	1	0	0	1	6
2013/09/06-01:19:03	77	970.903	60.411	0	0	1	0	0	0	0	1	0	0	1	6
2013/09/06-01:21:44	77	970.903	60.411	0	0	0	0	0	0	0	1	1	0	0	6
2013/09/06-01:22:09	77	970.903	60.411	0	0	1	0	0	0	0	1	0	0	1	6
2013/09/06-01:22:34	77	970.903	60.411	0	0	1	0	0	0	0	1	0	0	1	6
2013/09/06-01:22:59	77	970.903	60.411	0	0	1	0	0	0	0	1	0	0	1	6
2013/09/06-01:23:23	77	970.903	60.411	0	0	1	0	0	0	0	1	0	0	1	6
2013/09/06-01:32:18	77	970.903	60.411	0	0	0	0	0	0	0	1	1	0	0	6
2013/09/06-01:32:43	77	970.903	60.411	0	0	0	0	0	0	0	1	1	0	0	8
2013/09/06-01:33:09	77	970.903	60.411	0	0	1	0	0	0	0	1	0	0	1	6
2013/09/06-01:33:34	77	970.903	60.411	0	0	1	0	0	0	0	1	0	0	1	6
2013/09/06-01:33:59	77	970.903	60.411	0	0	1	0	0	0	0	1	0	0	1	6
2013/09/09-08:02:47	77	997.585	71.103	1	0	0	0	0	0	0	1	1	0	0	3
2013/09/09-08:05:11	77	997.585	71.103	2	0	0	2	0	0	0	1	1	0	0	4
2013/09/09-08:35:06	77	997.585	71.103	9	0	0	2	1	0	0	1	1	0	0	34
2013/09/09-08:35:59	77	997.585	71.103	5	0	0	0	0	0	0	1	1	0	0	16
2013/09/09-08:36:34	77	997.585	71.103	2	0	0	1	0	0	0	1	1	0	0	10
2013/09/09-20:25:04	70	1,078.221	66.704	2	0	0	0	1	0	0	1	1	0	0	13
2013/09/09-20:25:37	70	1,078.221	66.704	12	0	0	3	1	0	0	1	1	0	0	48
2013/09/09-20:26:43	70	1,078.221	66.704	17	0	0	1	0	0	0	1	1	0	0	60
2013/09/09-20:28:02	70	1,078.221	66.704	21	0	0	5	1	0	0	1	1	0	0	60
2013/09/09-20:29:20	70	1,078.221	66.704	22	0	0	2	1	0	0	1	1	0	0	60
2013/09/09-21:31:10	70	1,125.812	62.681	5	0	0	2	0	0	0	1	1	0	0	22
2013/09/09-21:31:50	70	1,125.812	62.681	19	0	0	1	0	0	0	1	0	0	1	60
2013/09/09-21:33:09	70	1,125.812	62.681	7	0	1	0	0	0	0	1	0	0	1	25
2013/09/09-21:34:28	70	1,125.812	62.681	20	0	0	2	0	0	0	1	0	0	1	60
2013/09/09-21:35:47	70	1,125.812	62.681	18	0	0	3	1	0	0	1	1	0	0	60
2013/09/10-21:33:48	69	1,140.19	66.379	0	0	1	0	0	0	0	1	0	1	0	3
2013/09/10-22:49:40	69	1,140.19	66.379	5	0	0	1	1	0	0	1	1	0	0	21
2013/09/10-22:50:21	69	1,140.19	66.379	15	0	0	1	0	0	0	1	1	0	0	60
2013/09/10-22:57:26	69	1,140.19	66.379	3	0	0	0	0	0	0	1	1	0	0	8
2013/09/10-23:05:08	69	1,140.19	66.379	1	0	0	0	0	0	0	1	1	0	0	0
2013/09/10-23:45:49	66	1,172.118	62.641	5	0	0	2	0	0	0	1	1	0	0	14
2013/09/10-23:46:22	66	1,172.118	62.641	15	0	1	2	0	0	0	1	0	0	1	50
2013/09/10-23:47:31	66	1,172.118	62.641	13	0	0	2	0	0	0	1	1	0	0	28
2013/09/10-23:48:18	66	1,172.118	62.641	14	0	0	3	1	0	0	1	0	0	1	60
2013/09/10-23:49:37	66	1,172.118	62.641	2	0	0	0	0	0	0	1	1	0	0	30
2013/09/10-23:59:16	66	1,172.118	62.641	14	0	0	3	0	0	0	1	1	0	0	60
2013/09/11-00:00:35	66	1,172.118	62.641	14	0	0	1	1	0	0	1	1	0	0	60
2013/09/11-00:01:53	66	1,172.118	62.641	9	0	0	5	0	0	1	1	0	0	1	41
2013/09/11-00:03:03	66	1,172.118	62.641	5	0	1	1	0	0	0	1	0	0	1	16
2013/09/11-00:03:38	66	1,172.118	62.641	11	0	0	2	0	0	0	1	1	0	0	60
2013/09/11-00:14:27	63	1,219.701	57.033	8	0	0	1	1	0	0	1	1	0	0	34
2013/09/11-00:15:20	63	1,219.701	57.033	12	0	0	2	1	0	0	1	1	0	0	45
2013/09/11-00:16:23	63	1,219.701	57.033	17	0	0	1	1	0	0	1	1	0	0	47
2013/09/11-00:17:28	63	1,219.701	57.033	5	0	0	1	0	0	0	1	1	0	0	49
2013/09/11-00:18:37	63	1,219.701	57.033	13	0	0	2	1	0	0	1	1	0	0	35
2013/09/11-00:28:41	63	1,219.701	57.033	11	0	0	2	1	0	0	1	1	0	0	41
2013/09/11-00:29:41	63	1,219.701	57.033	11	0	0	2	0	0	0	1	1	0	0	38
2013/09/11-00:30:38	63	1,219.701	57.033	2	0	1	0	0	0	0	1	0	0	1	22
2013/09/11-00:31:20	63	1,219.701	57.033	12	0	0	1	1	0	0	1	1	0	0	37
2013/09/11-00:32:16	63	1,219.701	57.033	5	0	0	3	1	0	0	1	1	0	0	17
2013/09/11-00:42:22	60	1,299.648	53.416	14	0	0	2	1	0	0	1	1	0	0	60
2013/09/11-00:43:41	60	1,299.648	53.416	14	0	0	1	0	0	0	1	1	0	0	43
2013/09/11-00:44:43	60	1,299.648	53.416	7	0	0	1	0	0	0	1	1	0	0	40
2013/09/11-00:45:42	60	1,299.648	53.416	20	0	0	3	1	0	0	1	1	0	0	60
2013/09/11-00:47:01	60	1,299.648	53.416	12	0	0	3	1	0	0	1	0	0	1	60
2013/09/11-10:20:48	58	1,350.78	58.625	7	0	0	0	0	0	0	1	1	0	0	38
2013/09/11-10:21:45	58	1,350.78	58.625	5	0	0	0	0	0	0	1	1	0	0	24
2013/09/11-10:22:28	58	1,350.78	58.625	7	0	0	1	0	0	0	1	1	0	0	28
2013/09/11-10:23:15	58	1,350.78	58.625	7	0	0	1	1	0	0	1	1	0	0	21
2013/09/11-10:23:55	58	1,350.78	58.625	6	0	0	3	0	0	0	1	1	0	0	37
2013/09/11-11:51:35	53	1,397.344	55.93	11	0	0	2	1	0	0	1	1	0	0	48
2013/09/11-11:52:42	53	1,397.344	55.93	12	0	0	5	1	0	0	1	1	0	0	43
2013/09/11-11:53:44	53	1,397.344	55.93	6	0	0	3	0	0	0	1	1	0	0	23
2013/09/11-11:54:26	53	1,397.344	55.93	12	0	0	2	1	0	0	1	1	0	0	41
2013/09/11-11:55:25	53	1,397.344	55.93	10	0	0	3	3	0	0	1	1	0	0	32
2013/09/11-14:20:18	53	1,397.344	55.93	4	0	0	3	2	0	0	1	1	0	0	25
2013/09/11-14:21:02	53	1,397.344	55.93	15	0	0	1	1	0	0	1	1	0	0	60
2013/09/11-14:22:21	53	1,397.344	55.93	3	0	0	1	1	0	0	1	1	0	0	28
2013/09/11-14:23:08	53	1,397.344	55.93	10	0	0	4	3	0	0	1	1	0	0	36
2013/09/11-14:24:02	53	1,397.344	55.93	4	0	0	1	1	0	0	1	1	0	0	12
2013/09/11-15:04:55	47	1,471.045	53.954	13	0	0	4	0	0	1	1	0	0	1	42
2013/09/11-15:05:56	47	1,471.045	53.954	16	0	0	2	0	0	0	1	0	0	1	60
2013/09/11-15:07:15	47	1,471.045	53.954	12	0	0	2	0	0	0	1	0	0	1	60
2013/09/11-15:08:33	47	1,471.045	53.954	7	0	0	1	0	0	0	1	1	0	0	22
2013/09/11-16:19:28	47	1,471.045	53.954	9	0	1	1	0	0	0	1	0	0	1	28
2013/09/11-16:42:37	47	1,477.413	54.36	22	0	0	3	0	0	0	1	0	0	1	60
2013/09/11-16:43:56	47	1,477.413	54.36	4	0	0	0	0	0	0	1	1	0	0	12
2013/09/11-16:44:26	47	1,477.413	54.36	6	0	1	2	0	0	0	1	0	0	1	22
2013/09/11-16:45:07	47	1,477.413	54.36	2	0	0	1	0	0	0	1	1	0	0	11
2013/09/11-16:45:37	47	1,477.413	54.36	9	0	0	1	0	0	1	1	0	0	1	21
2013/09/11-16:55:05	47	1,477.413	54.36	7	0	1	1	0	0	0	1	0	0	1	28
2013/09/11-16:56:24	47	1,477.413	54.36	6	0	0	2	1	0	1	1	0	0	1	15
2013/09/11-16:57:43	47	1,477.413	54.36	3	0	0	0	0	0	1	1	0	0	1	7
2013/09/11-16:59:02	47	1,477.413	54.36	24	0	0	3	2	0	0	1	1	0	0	60
2013/09/11-17:00:21	47	1,477.413	54.36	14	0	0	2	0	0	1	1	0	0	1	52
2013/09/11-22:46:35	45	1,512.738	58.658	17	0	0	3	1	0	0	1	1	0	0	60
2013/09/11-22:47:55	45	1,512.738	58.658	13	0	0	5	1	0	0	1	1	0	0	56
2013/09/11-22:49:09	45	1,512.738	58.658	9	0	0	2	1	0	0	1	1	0	0	34
2013/09/11-22:50:01	45	1,512.738	58.658	15	0	0	4	2	0	0	1	1	0	0	60
2013/09/11-22:51:20	45	1,512.738	58.658	10	0	0	1	0	0	0	1	1	0	0	26
2013/09/11-23:17:59	40	1,565.521	56.147	6	0	0	1	0	0	0	1	1	0	0	19
2013/09/11-23:18:37	40	1,565.521	56.147	19	0	0	2	0	0	0	1	1	0	0	60
2013/09/11-23:19:56	40	1,565.521	56.147	15	0	0	2	1	0	0	1	1	0	0	48
2013/09/11-23:21:03	40	1,565.521	56.147	6	0	0	3	0	0	1	1	0	0	1	36
2013/09/11-23:52:58	40	1,565.521	56.147	12	0	0	2	1	0	1	1	0	0	1	41
2013/09/12-00:23:28	40	1,565.521	56.147	11	0	0	6	1	0	0	1	1	0	0	40
2013/09/12-00:24:28	40	1,565.521	56.147	6	0	0	2	1	0	0	1	1	0	0	31
2013/09/12-00:25:17	40	1,565.521	56.147	6	0	0	2	1	0	1	1	0	0	1	18
2013/09/12-00:26:17	40	1,565.521	56.147	16	0	0	4	0	0	0	1	1	0	0	60
2013/09/12-00:27:36	40	1,565.521	56.147	15	0	0	3	1	0	0	1	1	0	0	60
2013/09/13-15:18:37	35	1,609.653	84.95	21	0	0	1	0	0	0	1	0	0	1	60
2013/09/13-15:19:56	34	1,617.308	84.274	17	0	0	0	0	0	0	1	0	0	1	60
2013/09/13-15:21:15	34	1,617.308	84.274	4	0	1	2	0	0	0	1	0	0	1	17
2013/09/13-15:22:01	34	1,617.308	84.274	15	0	1	4	0	0	0	1	0	0	1	49
2013/09/13-15:23:09	34	1,617.308	84.274	17	0	0	2	0	0	0	1	1	0	0	60
2013/09/13-15:46:11	34	1,617.308	84.274	13	0	0	1	1	0	1	1	0	0	1	43
2013/09/13-15:47:30	34	1,617.308	84.274	20	0	0	3	0	0	0	1	0	0	1	60
2013/09/13-15:48:49	34	1,617.308	84.274	14	0	1	3	0	0	0	1	0	0	1	55
2013/09/13-15:50:08	34	1,617.308	84.274	9	0	0	1	1	0	0	1	1	0	0	37
2013/09/13-15:51:04	34	1,617.308	84.274	16	0	0	1	0	0	0	1	0	0	1	60
2013/09/13-16:07:48	29	1,711.103	76.859	23	0	0	1	0	0	0	1	0	0	1	60
2013/09/13-16:09:07	29	1,711.103	76.859	10	0	0	2	1	0	1	1	0	0	1	29
2013/09/13-16:09:55	29	1,711.103	76.859	13	0	0	3	0	0	1	1	0	0	1	39
2013/09/13-16:11:04	29	1,711.103	76.859	7	0	0	2	0	0	1	1	0	0	1	21
2013/09/13-16:11:53	29	1,711.103	76.859	21	0	0	5	0	0	0	1	1	0	0	60
2013/09/14-14:22:19	27	1,754.589	122.914	18	0	0	5	0	0	0	1	1	0	0	60
2013/09/14-14:23:38	27	1,754.589	122.914	18	0	0	3	0	0	0	1	0	0	1	60
2013/09/14-14:24:56	27	1,754.589	122.914	11	0	0	1	1	0	0	1	1	0	0	40
2013/09/14-14:25:55	27	1,754.589	122.914	12	0	0	4	0	0	0	1	1	0	0	59
2013/09/14-14:27:13	27	1,754.589	122.914	12	0	0	2	0	0	0	1	0	0	1	60
2013/09/14-14:55:40	20	1,855.988	114.181	11	0	0	2	2	0	0	1	1	0	0	42
2013/09/14-14:56:42	20	1,855.988	114.181	12	0	0	1	0	0	1	1	0	0	1	27
2013/09/14-14:57:37	20	1,855.988	114.181	16	0	0	5	0	0	0	1	1	0	0	60
2013/09/14-14:58:56	20	1,855.988	114.181	11	0	0	3	0	0	0	1	1	0	0	47
2013/09/14-15:00:01	20	1,855.988	114.181	16	0	0	3	0	0	1	1	0	0	1	46
2013/09/14-15:20:15	13	1,932.709	101.305	7	0	1	1	0	0	0	1	0	0	1	29
2013/09/14-15:21:34	13	1,932.709	101.305	5	0	0	0	0	0	1	1	0	0	1	10
2013/09/14-15:22:44	13	1,932.709	101.305	5	0	0	0	0	0	1	1	0	0	1	10
2013/09/14-15:24:03	13	1,932.709	101.305	2	0	0	1	0	0	1	1	0	0	1	14
2013/09/14-15:25:22	13	1,932.709	101.305	5	0	0	1	0	0	1	1	0	0	1	24
2013/09/14-19:13:28	17	1,866.481	104.256	14	0	0	3	2	0	0	1	1	0	0	52
2013/09/14-19:14:39	17	1,866.481	104.256	9	0	0	1	0	0	1	1	0	0	1	39
2013/09/14-19:15:37	17	1,866.481	104.256	13	0	0	3	2	0	0	1	1	0	0	35
2013/09/14-19:16:31	17	1,866.481	104.256	11	0	0	1	1	0	0	1	1	0	0	43
2013/09/14-19:17:33	17	1,866.481	104.256	6	0	0	0	0	0	0	1	1	0	0	13
2013/09/14-19:32:23	17	1,866.481	104.256	11	0	0	2	1	0	0	1	1	0	0	39
2013/09/14-19:33:21	17	1,866.481	104.256	16	0	0	2	0	0	1	1	0	0	1	59
2013/09/14-19:34:39	19	1,859.197	97.195	20	0	0	3	1	0	0	1	1	0	0	60
2013/09/14-19:35:58	19	1,859.197	97.195	17	0	0	6	1	0	0	1	1	0	0	60
2013/09/14-19:37:17	19	1,859.197	97.195	18	0	0	1	1	0	0	1	1	0	0	60
2013/09/14-19:54:07	19	1,859.197	97.195	4	0	1	0	0	0	0	1	0	0	1	14
2013/09/14-19:55:05	19	1,859.197	97.195	2	0	0	0	0	0	0	1	1	0	0	15
2013/09/14-19:55:39	19	1,859.197	97.195	3	0	1	1	0	0	0	1	0	0	1	25
2013/09/14-19:56:24	19	1,859.197	97.195	3	0	0	2	0	0	0	1	1	0	0	15
2013/09/14-19:56:58	19	1,859.197	97.195	4	0	0	1	0	0	0	1	1	0	0	32
2013/09/14-23:33:58	10	1,915.867	96.092	11	0	0	5	1	0	0	1	1	0	0	48
2013/09/14-23:35:05	10	1,915.867	96.092	11	0	0	4	2	0	0	1	1	0	0	43
2013/09/14-23:36:07	10	1,915.867	96.092	20	0	0	1	0	0	0	1	1	0	0	60
2013/09/14-23:37:26	10	1,915.867	96.092	17	0	0	4	0	0	1	1	0	0	1	52
2013/09/14-23:38:36	10	1,915.867	96.092	5	0	0	1	0	0	1	1	0	0	1	23
2013/09/14-23:54:59	10	1,915.867	96.092	14	0	0	3	0	0	1	1	0	0	1	32
2013/09/14-23:56:02	10	1,915.867	96.092	12	0	0	1	0	0	0	1	0	0	1	60
2013/09/14-23:57:20	10	1,915.867	96.092	8	0	1	2	0	0	0	1	0	0	1	47
2013/09/14-23:58:39	10	1,915.867	96.092	20	0	0	2	0	0	0	1	0	0	1	60
2013/09/14-23:59:58	10	1,915.867	96.092	3	0	1	0	0	0	0	1	0	0	1	11
2013/09/15-00:09:02	11	1,893.694	86.38	15	0	0	1	0	0	0	1	1	0	0	49
2013/09/15-00:10:10	11	1,893.694	86.38	9	0	0	2	0	0	0	1	1	0	0	40
2013/09/15-00:11:09	11	1,893.694	86.38	19	0	0	5	0	0	0	1	0	0	1	60
2013/09/15-00:12:28	11	1,893.694	86.38	11	0	0	0	0	0	0	1	1	0	0	33
2013/09/15-00:13:20	11	1,893.694	86.38	7	0	0	2	1	0	0	1	1	0	0	36
2013/09/15-16:24:03	8	1,956.54	103.664	16	0	0	2	0	0	0	1	1	0	0	57
2013/09/15-16:25:19	8	1,956.54	103.664	5	0	1	3	0	0	0	1	0	0	1	20
2013/09/15-16:25:57	8	1,956.54	103.664	7	0	0	2	1	0	0	1	1	0	0	23
2013/09/15-16:26:39	8	1,956.54	103.664	1	0	0	0	0	0	0	1	1	0	0	11
2013/09/15-16:27:09	8	1,956.54	103.664	10	0	0	4	1	0	1	1	0	0	1	32
2013/09/15-16:44:40	8	1,956.54	103.664	14	0	0	3	0	0	0	1	1	0	0	52
2013/09/15-16:45:51	8	1,956.54	103.664	13	0	0	4	1	0	1	1	0	0	1	45
2013/09/15-16:46:55	8	1,956.54	103.664	3	0	0	1	0	0	0	1	1	0	0	36
2013/09/15-16:47:49	8	1,956.54	103.664	1	0	1	0	0	0	0	1	0	0	1	7
2013/09/15-16:48:15	8	1,956.54	103.664	4	0	0	1	0	0	0	1	1	0	0	24
2013/09/15-16:57:35	13	1,889.097	98.54	23	0	0	2	0	0	0	1	0	0	1	60
2013/09/15-16:58:54	13	1,889.097	98.54	7	0	0	0	0	0	0	1	0	0	1	60
2013/09/15-17:00:13	13	1,889.097	98.54	4	0	0	1	0	0	1	1	0	0	1	17
2013/09/15-17:01:32	13	1,889.097	98.54	12	0	0	1	0	0	0	1	0	0	1	60
2013/09/15-17:02:50	13	1,889.097	98.54	16	0	0	3	0	0	0	1	0	0	1	60
2013/09/15-17:10:50	13	1,889.097	98.54	17	0	0	3	0	0	0	1	0	0	1	60
2013/09/15-17:12:09	13	1,889.097	98.54	15	0	0	2	0	0	1	1	0	0	1	49
2013/09/15-17:13:16	13	1,889.097	98.54	10	0	0	2	0	0	1	1	0	0	1	41
2013/09/15-17:14:35	13	1,889.097	98.54	7	0	0	2	0	0	1	1	0	0	1	26
2013/09/15-17:15:39	13	1,889.097	98.54	21	0	0	3	0	0	0	1	0	0	1	60
2013/09/15-17:42:15	12	1,900.67	84.886	17	0	0	1	0	0	0	1	0	0	1	60
2013/09/15-17:43:33	12	1,900.67	84.886	13	0	0	4	0	0	1	1	0	0	1	59
2013/09/15-17:44:52	12	1,900.67	84.886	13	0	1	2	0	0	0	1	0	0	1	47
2013/09/15-17:46:11	12	1,900.67	84.886	23	0	0	4	0	0	0	1	0	0	1	60
2013/09/15-17:47:30	12	1,900.67	84.886	17	0	0	3	0	0	0	1	0	0	1	60
2013/09/15-18:08:16	12	1,900.67	84.886	21	0	0	4	1	0	0	1	1	0	0	51
2013/09/15-18:09:26	12	1,900.67	84.886	21	0	0	3	0	0	0	1	1	0	0	60
2013/09/15-18:10:45	12	1,900.67	84.886	9	0	0	3	0	0	0	1	0	0	1	60
2013/09/15-18:12:04	12	1,900.67	84.886	13	0	1	1	0	0	0	1	0	0	1	36
2013/09/15-18:13:23	12	1,900.67	84.886	15	0	1	3	0	0	0	1	0	0	1	54
2013/09/15-23:34:16	6	1,954.273	94.046	16	0	0	3	1	0	0	1	1	0	0	60
2013/09/15-23:35:35	6	1,954.273	94.046	5	0	1	1	0	0	0	1	0	0	1	14
2013/09/15-23:36:42	6	1,954.273	94.046	14	0	0	2	0	0	0	1	0	0	1	60
2013/09/15-23:38:01	6	1,954.273	94.046	16	0	0	1	0	0	0	1	0	0	1	60
2013/09/15-23:39:20	6	1,954.273	94.046	18	0	0	2	0	0	0	1	1	0	0	60
2013/09/15-23:53:35	6	1,954.273	94.046	18	0	0	4	0	0	0	1	0	0	1	60
2013/09/15-23:54:54	6	1,954.273	94.046	2	0	1	0	0	0	0	1	0	0	1	13
2013/09/15-23:56:11	6	1,954.273	94.046	2	0	0	0	0	0	1	1	0	0	1	10
2013/09/15-23:57:30	6	1,954.273	94.046	6	0	1	1	0	0	0	1	0	0	1	24
2013/09/15-23:58:48	6	1,954.273	94.046	26	0	0	3	0	0	0	1	0	0	1	60
2013/09/16-00:18:30	8	1,953.368	80.985	14	0	0	1	1	0	0	1	1	0	0	45
2013/09/16-00:19:34	8	1,953.368	80.985	20	0	0	3	0	0	0	1	1	0	0	60
2013/09/16-00:20:53	8	1,953.368	80.985	8	0	0	3	0	0	1	1	0	0	1	22
2013/09/16-00:22:12	8	1,953.368	80.985	10	0	0	3	0	0	1	1	0	0	1	30
2013/09/16-00:23:14	8	1,953.368	80.985	14	0	0	2	1	0	0	1	1	0	0	60
2013/09/16-23:43:19	5	1,982.468	89.654	1	0	0	0	0	0	1	1	0	0	1	7
2013/09/16-23:44:05	5	1,982.468	89.654	25	0	0	0	1	0	0	1	1	0	0	48
2013/09/16-23:45:11	5	1,982.468	89.654	2	0	1	0	0	0	0	1	0	0	1	6
2013/09/16-23:46:30	5	1,982.468	89.654	6	0	0	1	1	0	1	1	0	0	1	27
2013/09/16-23:47:15	5	1,982.468	89.654	19	0	0	2	0	0	1	1	0	0	1	59
2013/09/16-23:58:10	5	1,982.468	89.654	4	0	0	1	1	0	0	1	1	0	0	12
2013/09/16-23:58:41	5	1,982.468	89.654	3	0	1	0	0	0	0	1	0	0	1	8
2013/09/17-00:00:00	5	1,982.468	89.654	7	0	0	2	0	0	1	1	0	0	1	30
2013/09/17-00:00:56	5	1,982.468	89.654	6	0	1	0	0	0	0	1	0	0	1	24
2013/09/17-00:01:39	5	1,982.468	89.654	11	0	0	2	1	0	0	1	1	0	0	38
2013/09/17-00:24:33	6	1,966.224	77.76	20	0	0	0	1	0	0	1	1	0	0	60
2013/09/17-00:25:49	6	1,966.224	77.76	17	0	0	2	1	0	0	1	1	0	0	60
2013/09/17-00:27:08	6	1,966.224	77.76	2	0	0	0	0	0	1	1	0	0	1	13
2013/09/17-00:27:40	6	1,966.224	77.76	0	0	1	0	0	0	0	1	0	0	1	10
2013/09/17-00:28:58	6	1,966.224	77.76	30	0	0	0	0	0	0	1	1	0	0	60
2013/09/17-21:41:02	4	1,988.185	87.206	22	0	0	0	1	0	0	1	1	0	0	60
2013/09/17-21:42:21	4	1,988.185	87.206	3	0	0	0	0	0	1	1	0	0	1	3
2013/09/17-21:43:03	4	1,988.185	87.206	1	0	1	0	0	0	0	1	0	0	1	4
2013/09/17-21:43:55	4	1,988.185	87.206	2	0	0	0	2	0	1	1	0	0	1	7
2013/09/17-21:44:21	4	1,988.185	87.206	5	0	1	2	0	0	0	1	0	0	1	23
2013/09/17-21:50:42	4	1,988.185	87.206	10	0	0	0	0	0	0	1	1	0	0	60
2013/09/17-21:52:01	4	1,988.185	87.206	4	0	0	0	0	0	1	1	0	0	1	9
2013/09/17-21:53:20	4	1,988.185	87.206	18	0	0	0	0	0	0	1	1	0	0	60
2013/09/17-21:54:38	4	1,988.185	87.206	22	0	0	0	1	0	0	1	1	0	0	60
2013/09/17-21:55:57	4	1,988.185	87.206	7	0	0	0	0	0	1	1	0	0	1	34
2013/09/17-22:12:45	6	1,959.876	75.809	19	0	0	0	0	0	0	1	0	0	1	60
2013/09/17-22:14:03	6	1,959.876	75.809	23	0	0	5	0	0	0	1	1	0	0	60
2013/09/17-22:15:22	6	1,959.876	75.809	8	0	1	3	0	0	0	1	0	0	1	24
2013/09/17-22:16:41	6	1,959.876	75.809	4	0	0	0	0	0	1	1	0	0	1	4
2013/09/17-22:17:05	6	1,959.876	75.809	9	0	0	0	0	0	0	1	1	0	0	33
2013/09/18-11:24:28	7	1,958.709	85.447	2	0	0	0	0	0	0	1	1	0	0	6
2013/09/18-11:24:53	7	1,958.709	85.447	5	0	0	0	1	0	0	1	1	0	0	27
2013/09/18-11:25:39	7	1,958.709	85.447	17	0	0	2	0	0	0	1	1	0	0	60
2013/09/18-11:26:58	7	1,958.709	85.447	2	0	0	0	1	0	0	1	1	0	0	6
2013/09/18-11:27:22	7	1,958.709	85.447	3	0	1	0	0	0	0	1	0	0	1	9
2013/09/18-11:44:45	8	1,941.769	83.162	8	0	0	2	2	0	0	1	1	0	0	39
2013/09/18-11:45:43	8	1,941.769	83.162	1	0	0	0	0	0	1	1	0	0	1	3
2013/09/18-11:46:26	8	1,941.769	83.162	1	0	1	0	0	0	0	1	0	0	1	8
2013/09/18-11:46:53	8	1,941.769	83.162	16	0	0	0	2	0	0	1	1	0	0	40
2013/09/18-11:47:51	8	1,941.769	83.162	11	0	1	0	1	0	0	1	0	0	1	38
2013/09/18-12:03:14	8	1,941.769	83.162	1	0	1	0	0	0	0	1	0	0	1	11
2013/09/18-12:04:34	8	1,941.769	83.162	3	0	0	0	0	0	1	1	0	0	1	9
2013/09/18-12:05:14	8	1,941.769	83.162	7	0	1	0	0	0	0	1	0	0	1	25
2013/09/18-12:05:59	8	1,941.769	83.162	6	0	0	1	1	0	0	1	1	0	0	27
2013/09/18-12:06:45	8	1,941.769	83.162	1	0	0	0	0	0	1	1	0	0	1	4
2013/09/18-12:17:22	15	1,886.418	74.358	2	0	1	0	0	0	0	1	0	0	1	6
2013/09/18-12:18:29	15	1,886.418	74.358	13	0	0	0	1	0	1	1	0	0	1	55
2013/09/18-12:19:42	15	1,886.418	74.358	3	0	1	0	0	0	0	1	0	0	1	8
2013/09/18-12:21:01	15	1,886.418	74.358	11	0	0	3	0	0	0	1	1	0	0	60
2013/09/18-12:22:20	15	1,886.418	74.358	11	0	1	1	0	0	0	1	0	0	1	39
2013/09/18-12:34:29	15	1,886.418	74.358	1	0	1	0	0	0	0	1	0	0	1	3
2013/09/18-12:35:00	15	1,886.418	74.358	5	0	0	0	2	0	0	1	1	0	0	15
2013/09/18-12:35:33	15	1,886.418	74.358	21	0	0	10	1	0	0	1	1	0	0	58
2013/09/18-12:36:50	15	1,886.418	74.358	3	0	1	0	0	0	0	1	0	0	1	11
2013/09/18-12:37:44	15	1,886.418	74.358	2	0	1	0	1	0	0	1	0	0	1	7
2013/09/18-12:53:47	15	1,886.418	74.358	13	0	0	3	0	0	1	1	0	0	1	50
2013/09/18-12:55:06	14	1,882.224	65.72	1	0	1	0	0	0	0	1	0	0	1	3
2013/09/18-12:55:52	14	1,882.224	65.72	0	0	1	0	0	0	0	1	0	0	1	4
2013/09/18-12:57:12	14	1,882.224	65.72	15	0	0	0	1	0	0	1	1	0	0	44
2013/09/18-12:58:15	14	1,882.224	65.72	1	0	1	0	0	0	0	1	0	0	1	7
2013/09/18-17:14:20	14	1,881.464	81.666	2	0	0	0	0	0	1	1	0	0	1	13
2013/09/18-17:14:52	14	1,881.464	81.666	4	0	0	0	1	0	0	1	1	0	0	15
2013/09/18-17:15:26	14	1,881.464	81.666	2	0	1	0	0	0	0	1	0	0	1	13
2013/09/18-17:16:13	14	1,881.464	81.666	2	0	0	1	0	0	1	1	0	0	1	8
2013/09/18-17:17:13	14	1,881.464	81.666	17	0	0	2	0	0	0	1	1	0	0	60
2013/09/18-17:46:35	10	1,913.434	75.484	3	0	1	0	0	0	0	1	0	0	1	8
2013/09/18-17:47:31	10	1,913.434	75.484	5	0	1	0	0	0	0	1	0	0	1	20
2013/09/18-17:48:47	10	1,913.434	75.484	3	0	1	0	0	0	0	1	0	0	1	13
2013/09/18-17:49:27	10	1,913.434	75.484	12	0	0	0	2	0	1	1	0	0	1	27
2013/09/18-17:50:13	10	1,913.434	75.484	11	0	1	2	0	0	0	1	0	0	1	41
2013/09/18-18:00:48	10	1,913.434	75.484	23	0	0	0	1	0	0	1	1	0	0	60
2013/09/18-18:02:07	10	1,913.434	75.484	1	0	1	0	0	0	0	1	0	0	1	3
2013/09/18-18:02:40	10	1,913.434	75.484	8	0	0	1	0	0	1	1	0	0	1	41
2013/09/18-18:03:40	10	1,913.434	75.484	1	0	0	0	0	0	1	1	0	0	1	3
2013/09/18-18:04:59	10	1,913.434	75.484	3	0	0	0	0	0	1	1	0	0	1	8
2013/09/19-11:24:04	9	1,900.112	97.406	3	0	0	0	0	0	1	1	0	0	1	10
2013/09/19-11:24:36	9	1,900.112	97.406	3	0	0	1	0	0	0	1	1	0	0	17
2013/09/19-11:25:13	9	1,900.112	97.406	4	0	0	0	0	0	0	1	1	0	0	12
2013/09/19-11:25:44	9	1,900.112	97.406	3	0	0	0	0	0	0	1	1	0	0	10
2013/09/19-11:26:13	9	1,900.112	97.406	7	0	0	0	0	0	0	1	1	0	0	24
2013/09/19-11:44:05	9	1,888.888	93.505	17	0	0	2	0	0	0	1	1	0	0	60
2013/09/19-11:45:24	9	1,888.888	93.505	18	0	0	0	1	0	0	1	1	0	0	60
2013/09/19-11:46:43	9	1,888.888	93.505	2	0	1	0	2	0	0	1	1	0	0	4
2013/09/19-11:47:06	9	1,888.888	93.505	10	0	0	2	0	0	1	1	0	0	1	39
2013/09/19-11:48:25	9	1,888.888	93.505	18	0	0	0	2	0	0	1	1	0	0	60
2013/09/19-12:02:45	8	1,900.497	86.69	16	0	1	1	0	0	0	1	0	0	1	46
2013/09/19-12:03:55	8	1,900.497	86.69	21	0	0	0	1	0	0	1	1	0	0	60
2013/09/19-12:05:13	8	1,900.497	86.69	8	0	0	0	2	0	0	1	1	0	0	34
2013/09/19-12:06:06	8	1,900.497	86.69	4	0	0	0	1	0	1	1	0	0	1	13
2013/09/19-12:07:15	8	1,900.497	86.69	3	0	0	0	0	0	1	1	0	0	1	13
2013/09/19-16:21:38	12	1,868.843	88.825	5	0	1	0	2	0	0	1	0	0	1	16
2013/09/19-16:22:12	12	1,868.843	88.825	8	0	0	0	1	0	0	1	1	0	0	23
2013/09/19-16:22:54	12	1,868.843	88.825	4	0	0	0	1	0	0	1	1	0	0	13
2013/09/19-16:23:26	12	1,868.843	88.825	7	0	0	1	0	0	0	1	1	0	0	60
2013/09/19-16:24:45	12	1,868.843	88.825	10	0	0	0	1	0	0	1	1	0	0	49
2013/09/19-16:37:56	10	1,875.449	84.999	9	0	0	0	0	0	1	1	0	0	1	18
2013/09/19-16:38:33	10	1,875.449	84.999	2	0	0	0	1	0	1	1	0	0	1	6
2013/09/19-16:38:58	10	1,875.449	84.999	13	0	0	2	0	0	0	1	1	0	0	60
2013/09/19-16:40:17	10	1,875.449	84.999	1	0	1	0	0	0	0	1	0	0	1	6
2013/09/19-16:41:22	10	1,875.449	84.999	2	0	0	0	2	0	0	1	1	0	0	7
2013/09/19-16:54:13	10	1,875.449	84.999	1	0	0	0	0	0	1	1	0	0	1	4
2013/09/19-16:55:07	10	1,875.449	84.999	6	0	0	2	1	0	1	1	0	0	1	24
2013/09/19-16:55:50	12	1,858.589	76.486	0	0	1	0	0	0	0	1	0	0	1	6
2013/09/19-16:56:32	12	1,858.589	76.486	3	0	1	0	0	0	0	1	0	0	1	8
2013/09/19-16:57:51	12	1,858.589	76.486	7	0	0	1	0	0	0	1	1	0	0	60
2013/09/19-20:37:44	13	1,845.943	86.885	4	0	0	0	2	0	0	1	1	0	0	8
2013/09/19-20:38:11	13	1,845.943	86.885	3	0	0	0	1	0	0	1	1	0	0	11
2013/09/19-20:38:41	13	1,845.943	86.885	3	0	0	0	0	0	0	1	1	0	0	7
2013/09/19-20:39:07	13	1,845.943	86.885	6	0	1	1	0	0	0	1	0	0	1	35
2013/09/19-20:40:01	13	1,845.943	86.885	1	0	0	0	2	0	1	1	1	0	0	5
2013/09/19-20:51:10	13	1,845.943	86.885	1	0	1	0	0	0	0	1	0	0	1	3
2013/09/19-20:52:29	13	1,845.943	86.885	23	0	0	4	2	0	0	1	1	0	0	60
2013/09/19-20:53:48	13	1,845.943	86.885	8	0	0	1	0	0	0	1	1	0	0	38
2013/09/19-20:54:46	13	1,845.943	86.885	5	0	1	0	1	0	0	1	0	0	1	22
2013/09/19-20:55:39	13	1,845.943	86.885	16	0	0	3	1	0	1	1	0	0	1	35
2013/09/19-21:08:03	9	1,864.397	77.389	5	0	1	0	1	0	0	1	0	0	1	19
2013/09/19-21:08:47	9	1,864.397	77.389	2	0	0	0	1	0	1	1	0	0	1	11
2013/09/19-21:09:33	9	1,864.397	77.389	10	0	1	0	0	0	0	1	0	0	1	37
2013/09/19-21:10:30	9	1,864.397	77.389	1	0	0	0	0	0	1	1	0	0	1	2
2013/09/19-21:11:07	9	1,864.397	77.389	5	0	1	0	0	0	0	1	1	0	0	33
2013/09/20-02:48:38	9	1,858.262	87.801	5	0	0	0	1	0	0	1	1	0	0	16
2013/09/20-02:49:14	9	1,858.262	87.801	10	0	0	2	1	0	0	1	1	0	0	35
2013/09/20-02:50:07	9	1,858.262	87.801	1	0	0	0	1	0	1	1	0	0	1	4
2013/09/20-02:50:30	9	1,858.262	87.801	1	0	1	0	0	0	0	1	0	0	1	7
2013/09/20-02:50:56	9	1,836.511	85.069	8	0	0	4	1	0	1	1	0	0	1	30
2013/09/20-03:09:56	9	1,836.511	85.069	17	0	0	0	0	0	0	1	1	0	0	60
2013/09/20-03:11:15	9	1,836.511	85.069	3	0	0	0	0	0	0	1	1	0	0	21
2013/09/20-03:11:55	9	1,836.511	85.069	18	0	0	3	1	0	0	1	1	0	0	60
2013/09/20-03:13:14	9	1,836.511	85.069	12	0	0	0	3	0	0	1	1	0	0	40
2013/09/20-03:14:13	9	1,836.511	85.069	10	0	0	9	1	0	0	1	1	0	0	32
2013/09/20-03:24:17	6	1,869.939	78.845	18	0	0	4	0	0	0	1	1	0	0	60
2013/09/20-03:25:36	6	1,869.939	78.845	2	0	1	0	0	0	0	1	0	0	1	13
2013/09/20-03:26:10	6	1,869.939	78.845	3	0	0	0	1	0	1	1	0	0	1	8
2013/09/20-03:27:29	6	1,869.939	78.845	7	0	0	0	0	0	1	1	0	0	1	17
2013/09/20-03:28:06	6	1,869.939	78.845	16	0	0	0	0	0	0	1	1	0	0	60
2013/09/20-06:48:53	5	1,880.289	86.699	16	0	0	4	0	0	0	1	1	0	0	60
2013/09/20-06:50:12	5	1,880.289	86.699	1	0	0	0	2	0	0	1	1	0	0	4
2013/09/20-06:50:35	5	1,880.289	86.699	2	0	0	1	0	0	0	1	1	0	0	6
2013/09/20-06:51:00	5	1,880.289	86.699	2	0	0	0	0	0	0	1	1	0	0	7
2013/09/20-06:51:26	5	1,880.289	86.699	2	0	0	0	0	0	0	1	1	0	0	6
2013/09/20-07:10:42	5	1,880.289	86.699	1	0	0	0	0	0	1	1	0	0	1	3
2013/09/20-07:11:14	5	1,880.289	86.699	8	0	1	0	1	0	0	1	0	0	1	22
2013/09/20-07:12:34	5	1,880.289	86.699	1	0	0	0	0	0	1	1	0	0	1	8
2013/09/20-07:13:54	6	1,854.273	79.386	13	0	0	7	1	0	1	1	0	0	1	29
2013/09/20-07:14:42	6	1,854.273	79.386	2	0	0	0	0	0	0	1	1	0	0	7
2013/09/20-07:27:34	6	1,854.273	79.386	0	0	1	0	0	0	0	1	0	0	1	4
2013/09/20-07:27:57	6	1,854.273	79.386	9	0	0	2	0	0	0	1	1	0	0	60
2013/09/20-07:29:17	6	1,854.273	79.386	2	0	0	0	0	0	1	1	0	0	1	5
2013/09/20-07:29:48	6	1,854.273	79.386	2	0	0	0	0	0	1	1	0	0	1	13
2013/09/20-07:30:20	6	1,854.273	79.386	19	0	0	0	0	0	0	1	1	0	0	53
2013/09/20-10:59:25	6	1,850.756	86.299	3	0	0	0	0	0	0	1	1	0	0	7
2013/09/20-10:59:52	6	1,850.756	86.299	2	0	0	0	3	0	0	1	1	0	0	6
2013/09/20-11:00:16	6	1,850.756	86.299	20	0	0	0	0	0	1	1	0	0	1	49
2013/09/20-11:01:24	6	1,850.756	86.299	11	0	1	2	0	0	0	1	0	0	1	45
2013/09/20-11:02:27	6	1,850.756	86.299	4	0	0	2	0	0	1	1	0	0	1	16
2013/09/20-11:31:01	8	1,836.718	81.913	5	0	1	1	0	0	0	1	0	0	1	39
2013/09/20-11:32:00	8	1,836.718	81.913	8	0	0	0	1	0	1	1	0	0	1	15
2013/09/20-11:32:43	8	1,836.718	81.913	2	0	1	0	0	0	0	1	0	0	1	8
2013/09/20-11:33:28	8	1,836.718	81.913	2	0	1	0	0	0	0	1	0	0	1	10
2013/09/20-11:33:57	8	1,836.718	81.913	13	0	0	0	3	0	0	1	1	0	0	37
2013/09/20-11:41:02	8	1,836.718	81.913	2	0	0	0	0	0	1	1	0	0	1	11
2013/09/20-11:41:38	8	1,836.718	81.913	5	0	1	1	0	0	0	1	0	0	1	25
2013/09/20-11:42:22	8	1,836.718	81.913	3	0	0	0	0	0	1	1	0	0	1	11
2013/09/20-11:43:06	8	1,836.718	81.913	2	0	0	1	0	0	1	1	0	0	1	11
2013/09/20-11:43:56	8	1,836.718	81.913	1	0	1	0	0	0	0	1	0	0	1	6
2013/09/20-17:02:02	21	1,770.2	86.841	23	0	0	0	0	0	0	1	1	0	0	60
2013/09/20-17:03:22	21	1,770.2	86.841	12	0	0	0	2	0	0	1	1	0	0	26
2013/09/20-17:04:06	21	1,770.2	86.841	1	0	1	0	0	0	0	1	0	0	1	11
2013/09/20-17:04:36	21	1,770.2	86.841	14	0	0	0	0	0	0	1	1	0	0	60
2013/09/20-17:05:55	21	1,770.2	86.841	5	0	0	0	1	0	0	1	1	0	0	21
2013/09/20-17:28:00	13	1,793.857	81.565	4	0	0	0	2	0	0	1	1	0	0	13
2013/09/20-17:28:32	13	1,793.857	81.565	1	0	0	0	0	0	1	1	0	0	1	3
2013/09/20-17:29:14	13	1,793.857	81.565	18	0	0	0	0	0	1	1	0	0	1	39
2013/09/20-17:30:12	13	1,793.857	81.565	12	0	0	2	0	0	1	1	0	0	1	40
2013/09/20-17:31:31	13	1,793.857	81.565	1	0	0	0	0	0	1	1	0	0	1	4
2013/09/20-17:45:52	19	1,779.868	75.044	2	0	0	0	0	0	1	1	0	0	1	6
2013/09/20-17:47:11	19	1,779.868	75.044	6	0	1	0	2	0	0	1	1	0	0	17
2013/09/20-17:47:47	19	1,779.868	75.044	0	0	1	0	0	0	0	1	0	0	1	4
2013/09/20-17:48:11	19	1,779.868	75.044	9	0	0	0	1	0	0	1	1	0	0	23
2013/09/20-17:48:53	19	1,779.868	75.044	2	0	0	0	0	0	1	1	0	0	1	4
2013/12/27-10:05:41	15	1,779.303	116.279	6	0	1	0	1	0	0	1	0	0	1	13
2013/12/27-10:07:00	15	1,779.303	116.279	9	0	0	2	0	0	1	1	0	0	1	42
2013/12/27-10:08:20	15	1,779.303	116.279	1	0	1	0	0	0	0	1	0	0	1	5
2013/12/27-10:09:18	15	1,779.303	116.279	2	0	0	0	0	0	1	1	0	0	1	8
2013/12/27-10:10:37	15	1,779.303	116.279	5	0	1	0	0	0	0	1	0	0	1	24
2013/12/27-10:12:02	15	1,779.303	116.279	15	0	0	1	0	0	0	1	1	0	0	58
2013/12/27-10:13:19	15	1,779.303	116.279	1	0	1	0	0	0	0	1	0	0	1	9
2013/12/27-10:13:52	15	1,779.303	116.279	2	0	1	0	0	0	0	1	0	0	1	7
2013/12/27-10:14:47	15	1,779.303	116.279	2	0	0	0	0	0	1	1	0	0	1	6
2013/12/27-10:16:05	15	1,779.303	116.279	3	0	0	1	0	0	1	1	0	0	1	9
2013/12/27-10:32:22	15	1,779.303	116.279	19	0	0	0	0	0	0	1	1	0	0	60
2013/12/27-10:33:41	15	1,779.303	116.279	23	0	0	0	1	0	0	1	1	0	0	47
2013/12/27-10:34:47	15	1,779.303	116.279	9	0	0	0	0	0	0	1	1	0	0	48
2013/12/27-10:35:53	15	1,779.303	116.279	15	0	0	0	0	0	1	1	0	0	1	59
2013/12/27-10:37:11	15	1,779.303	116.279	2	0	0	0	0	0	1	1	0	0	1	12
2013/12/27-10:51:20	22	1,745.069	93.919	4	0	0	0	0	0	1	1	0	0	1	10
2013/12/27-10:52:40	22	1,745.069	93.919	18	0	0	0	0	0	0	1	0	1	0	60
2013/12/27-10:53:59	22	1,745.069	93.919	19	0	0	5	0	0	0	1	0	0	1	60
2013/12/27-10:55:17	22	1,745.069	93.919	18	0	0	0	1	0	1	1	0	0	1	55
2013/12/27-10:56:31	22	1,745.069	93.919	1	0	0	0	1	0	1	1	0	0	1	6
2013/12/27-11:11:09	22	1,745.069	93.919	1	0	0	0	0	0	1	1	0	0	1	3
2013/12/27-11:11:30	22	1,745.069	93.919	17	0	0	1	0	0	0	1	1	0	0	60
2013/12/27-11:12:49	22	1,745.069	93.919	1	0	1	0	0	0	0	1	0	0	1	7
2013/12/27-11:13:25	22	1,745.069	93.919	7	0	0	2	0	0	1	1	0	0	1	23
2013/12/27-11:14:44	22	1,745.069	93.919	3	0	1	0	1	0	0	1	0	0	1	13
2013/12/27-11:29:52	32	1,678.743	80.619	8	0	1	0	0	0	0	1	0	0	1	22
2013/12/27-11:31:04	32	1,678.743	80.619	15	0	0	0	0	0	1	1	0	0	1	36
2013/12/27-11:31:59	32	1,678.743	80.619	8	0	0	0	1	0	1	1	0	0	1	34
2013/12/27-11:32:52	32	1,678.743	80.619	16	0	0	1	0	0	0	1	1	0	0	60
2013/12/27-11:34:11	32	1,678.743	80.619	14	0	0	0	0	0	1	1	0	0	1	53
2013/12/28-06:40:09	30	1,672.907	122.831	2	0	0	0	0	0	1	1	0	0	1	9
2013/12/28-06:40:38	25	1,685.724	117.858	9	0	0	0	0	0	1	1	0	0	1	21
2013/12/28-06:41:25	25	1,685.724	117.858	1	0	1	0	0	0	0	1	0	0	1	6
2013/12/28-06:42:15	25	1,685.724	117.858	12	0	0	2	0	0	1	1	0	0	1	26
2013/12/28-06:43:00	25	1,685.724	117.858	1	0	1	0	0	0	0	1	0	0	1	7
2013/12/28-06:56:37	25	1,685.724	117.858	9	0	0	1	0	0	0	1	1	0	0	33
2013/12/28-06:57:29	25	1,685.724	117.858	20	0	0	0	0	0	0	1	1	0	0	59
2013/12/28-06:58:47	25	1,685.724	117.858	3	0	1	0	0	0	0	1	0	0	1	12
2013/12/28-06:59:19	25	1,685.724	117.858	5	0	0	1	0	0	1	1	0	0	1	19
2013/12/28-07:00:15	25	1,685.724	117.858	14	0	0	0	0	0	1	1	0	0	1	50
2013/12/28-07:13:12	35	1,635.571	99.743	1	0	0	0	1	0	1	1	0	0	1	3
2013/12/28-07:13:35	35	1,635.571	99.743	4	0	0	0	1	0	0	1	1	0	0	15
2013/12/28-07:14:09	35	1,635.571	99.743	4	0	0	0	0	0	1	1	0	0	1	9
2013/12/28-07:14:43	35	1,635.571	99.743	9	0	1	2	1	0	0	1	0	0	1	32
2013/12/28-07:15:33	35	1,635.571	99.743	5	0	0	0	1	0	0	1	1	0	0	11
2013/12/28-08:34:49	28	1,678.869	90.912	15	0	0	0	2	0	0	1	1	0	0	60
2013/12/28-08:36:08	28	1,678.869	90.912	3	0	1	0	0	0	0	1	0	0	1	12
2013/12/28-08:36:38	28	1,678.869	90.912	9	0	0	0	1	0	0	1	1	0	0	30
2013/12/28-08:37:27	28	1,678.869	90.912	16	0	0	1	1	0	0	1	1	0	0	60
2013/12/28-08:38:45	28	1,678.869	90.912	6	0	0	0	1	0	0	1	1	0	0	24
2013/12/28-08:56:47	28	1,678.869	90.912	4	0	1	0	1	0	0	1	0	0	1	8
2013/12/28-08:57:14	28	1,678.869	90.912	15	0	0	3	1	0	0	1	1	0	0	60
2013/12/28-08:58:33	28	1,678.869	90.912	18	0	0	5	0	0	0	1	1	0	0	60
2013/12/28-08:59:52	28	1,678.869	90.912	9	0	1	1	0	0	0	1	0	0	1	29
2013/12/28-09:00:54	28	1,678.869	90.912	3	0	0	0	1	0	0	1	1	0	0	9
2013/12/28-09:22:27	12	1,781.348	78.546	3	0	0	0	0	0	1	1	0	0	1	4
2013/12/28-09:23:46	12	1,781.348	78.546	3	0	0	0	0	0	0	1	1	0	0	9
2013/12/28-09:24:14	12	1,781.348	78.546	3	0	1	0	0	0	0	1	0	0	1	5
2013/12/28-09:24:39	12	1,781.348	78.546	5	0	1	0	0	0	0	1	0	0	1	12
2013/12/28-09:25:27	12	1,781.348	78.546	2	0	0	1	0	0	1	1	0	0	1	10
2013/12/28-15:06:07	17	1,751.671	88.629	21	0	0	0	0	0	0	1	0	0	1	60
2013/12/28-15:07:27	17	1,751.671	88.629	6	0	0	0	1	0	1	1	0	0	1	18
2013/12/28-15:08:04	17	1,751.671	88.629	9	0	0	1	0	0	1	1	0	0	1	29
2013/12/28-15:09:23	17	1,751.671	88.629	6	0	0	3	0	0	0	1	1	0	0	30
2013/12/28-15:10:12	17	1,751.671	88.629	8	0	0	0	0	0	1	1	0	0	1	22
2013/12/28-15:26:49	19	1,739.64	80.761	8	0	0	0	1	0	0	1	1	0	0	16
2013/12/28-15:27:24	19	1,739.64	80.761	6	0	0	0	0	0	0	1	1	0	0	18
2013/12/28-15:28:01	19	1,739.64	80.761	7	0	1	3	0	0	0	1	0	0	1	23
2013/12/28-15:29:03	19	1,739.64	80.761	10	0	0	0	1	0	0	1	1	0	0	45
2013/12/28-15:30:07	19	1,739.64	80.761	10	0	0	0	1	0	0	1	1	0	0	27
2013/12/28-15:50:29	19	1,739.64	80.761	6	0	0	0	0	0	0	1	1	0	0	20
2013/12/28-15:51:08	19	1,739.64	80.761	3	0	1	0	0	0	0	1	0	0	1	7
2013/12/28-15:52:26	19	1,739.64	80.761	24	0	0	4	1	0	0	1	1	0	0	60
2013/12/28-15:53:45	19	1,739.64	80.761	5	0	1	2	0	0	0	1	0	0	1	31
2013/12/28-15:55:04	10	1,786.717	71.599	4	0	0	0	0	0	0	1	1	0	0	30
2013/12/28-19:37:31	9	1,797.565	85.127	16	0	0	0	0	0	0	1	1	0	0	46
2013/12/28-19:38:36	9	1,797.565	85.127	1	0	1	0	0	0	0	1	0	0	1	8
2013/12/28-19:39:51	9	1,797.565	85.127	3	0	0	0	0	0	1	1	0	0	1	4
2013/12/28-19:41:10	9	1,797.565	85.127	3	0	0	0	2	0	0	1	1	0	0	9
2013/12/28-19:41:38	9	1,797.565	85.127	17	0	1	1	0	0	0	1	0	0	1	57
2013/12/28-20:13:07	6	1,812.749	77.938	8	0	1	0	0	0	0	1	0	0	1	33
2013/12/28-20:14:26	6	1,812.749	77.938	7	0	1	0	0	0	0	1	0	0	1	9
2013/12/28-20:14:57	6	1,812.749	77.938	9	0	0	0	0	0	1	1	0	0	1	28
2013/12/28-20:16:16	6	1,812.749	77.938	5	0	0	2	0	0	1	1	0	0	1	26
2013/12/28-20:17:26	6	1,812.749	77.938	2	0	1	3	0	0	0	1	0	0	1	17
2013/12/28-20:28:53	6	1,812.749	77.938	6	0	0	0	1	0	1	1	0	0	1	24
2013/12/28-20:29:46	6	1,812.749	77.938	3	0	1	0	0	0	0	1	0	0	1	8
2013/12/28-20:30:34	6	1,812.749	77.938	1	0	0	0	0	0	1	1	0	0	1	3
2013/12/28-20:31:10	6	1,812.749	77.938	22	0	0	4	0	0	0	1	0	0	1	60
2013/12/28-20:32:29	6	1,812.749	77.938	5	0	1	0	0	0	0	1	0	0	1	16
2013/12/29-09:50:19	15	1,744.124	114.143	15	0	0	3	0	0	1	1	0	0	1	39
2013/12/29-09:51:17	15	1,744.124	114.143	12	0	0	3	1	0	0	1	1	0	0	33
2013/12/29-09:52:08	15	1,744.124	114.143	16	0	1	4	1	0	0	1	0	0	1	38
2013/12/29-09:53:04	15	1,744.124	114.143	4	0	0	2	0	0	1	1	0	0	1	12
2013/12/29-09:53:43	15	1,744.124	114.143	9	0	0	2	0	0	0	1	1	0	0	22
2013/12/29-10:02:57	15	1,744.124	114.143	3	0	1	1	0	0	0	1	0	0	1	17
2013/12/29-10:04:15	15	1,744.124	114.143	9	0	0	0	0	0	1	1	0	0	1	26
2013/12/29-10:05:00	15	1,744.124	114.143	2	0	1	1	0	0	0	1	0	0	1	7
2013/12/29-10:05:34	15	1,744.124	114.143	26	0	0	4	0	0	0	1	1	0	0	60
2013/12/29-10:06:53	15	1,744.124	114.143	16	0	0	3	0	0	0	1	1	0	0	60
2013/12/29-10:13:03	15	1,744.124	114.143	0	0	0	0	0	0	0	1	1	0	0	53
2013/12/29-10:24:57	15	1,741.048	96.378	1	0	0	0	0	0	1	1	0	0	1	10
2013/12/29-10:24:39	15	1,741.048	96.378	6	0	0	3	0	0	1	1	0	0	1	27
2013/12/29-10:25:41	15	1,741.048	96.378	6	0	0	0	0	0	0	1	1	0	0	27
2013/12/29-10:25:46	15	1,741.048	96.378	14	0	0	1	0	0	0	1	1	0	0	60
2013/12/29-10:27:05	15	1,741.048	96.378	9	0	0	2	0	0	0	1	1	0	0	40
2013/12/29-10:27:36	15	1,741.048	96.378	5	0	0	0	0	0	1	1	0	0	1	23
2013/12/29-10:28:04	15	1,741.048	96.378	3	0	1	0	0	0	0	1	0	0	1	9
2013/12/29-10:28:45	15	1,741.048	96.378	18	0	0	2	1	0	1	1	0	0	1	48
2013/12/29-10:28:15	15	1,741.048	96.378	7	0	0	0	0	0	0	1	1	0	0	60
2013/12/29-12:20:56	13	1,780.396	90.892	5	0	0	1	1	0	0	1	1	0	0	34
2013/12/29-12:21:45	13	1,780.396	90.892	1	0	0	0	1	0	1	1	0	0	1	3
2013/12/29-12:21:59	13	1,780.396	90.892	6	0	0	0	1	0	0	1	1	0	0	20
2013/12/29-12:22:31	13	1,780.396	90.892	9	0	0	0	1	0	0	1	1	0	0	30
2013/12/29-12:26:55	13	1,780.396	90.892	2	0	0	0	1	0	1	1	0	0	1	10
2013/12/29-12:27:41	13	1,780.396	90.892	3	0	0	0	1	0	0	1	1	0	0	4
2013/12/29-12:27:56	13	1,780.396	90.892	4	0	0	0	2	0	0	1	1	0	0	22
2013/12/29-12:28:29	13	1,780.396	90.892	13	0	1	0	1	0	0	1	1	0	0	95
2013/12/29-13:04:45	13	1,780.396	92.923	7	0	0	2	0	0	1	1	0	0	1	20
2013/12/29-13:05:26	13	1,780.396	92.923	23	0	0	2	0	0	0	1	0	0	1	60
2013/12/29-13:06:45	13	1,780.396	92.923	13	0	0	1	0	0	1	1	0	0	1	38
2013/12/29-13:07:43	13	1,780.396	92.923	8	0	0	2	1	0	0	1	1	0	0	29
2013/12/29-13:08:31	13	1,780.396	92.923	2	0	1	0	0	0	0	1	0	0	1	7
2013/12/29-13:23:12	19	1,716.903	87.056	3	0	0	0	0	0	0	1	1	0	0	9
2013/12/29-13:23:40	19	1,716.903	87.056	5	0	0	1	0	0	0	1	1	0	0	27
2013/12/29-13:24:26	19	1,716.903	87.056	7	0	0	2	1	0	0	1	1	0	0	24
2013/12/29-13:25:09	19	1,716.903	87.056	5	0	0	3	0	0	0	1	1	0	0	26
2013/12/29-13:25:54	19	1,716.903	87.056	12	0	0	5	0	0	0	1	1	0	0	60
2013/12/29-13:43:14	19	1,716.903	87.056	7	0	0	2	1	0	0	1	1	0	0	39
2013/12/29-13:44:12	19	1,716.903	87.056	8	0	0	3	1	0	0	1	1	0	0	27
2013/12/29-13:44:58	19	1,716.903	87.056	10	0	0	2	0	0	0	1	1	0	0	38
2013/12/29-13:45:55	19	1,716.903	87.056	7	0	0	2	0	0	0	1	1	0	0	24
2013/12/29-13:46:38	19	1,716.903	87.056	8	0	0	4	1	0	0	1	1	0	0	27
2013/12/29-15:06:46	14	1,765.914	82.149	8	0	1	5	1	0	0	1	1	0	0	91
2013/12/29-15:16:31	14	1,765.914	84.52	3	0	1	0	0	0	0	1	1	0	0	91
2013/12/29-21:07:31	12	1,765.914	93.402	13	0	0	5	0	0	0	1	1	0	0	40
2013/12/29-21:08:31	12	1,765.914	93.402	5	0	1	1	0	0	0	1	0	0	1	29
2013/12/29-21:09:19	12	1,765.914	93.402	10	0	0	1	0	0	1	1	0	0	1	51
2013/12/29-21:10:29	12	1,765.914	93.402	11	0	0	5	0	0	0	1	1	0	0	29
2013/12/29-21:11:17	12	1,765.914	93.402	5	0	0	1	0	0	0	1	1	0	0	18
2013/12/29-21:31:59	12	1,765.914	93.402	17	0	0	2	0	0	0	1	0	0	1	60
2013/12/29-21:33:18	12	1,765.914	93.402	19	0	0	0	0	0	0	1	0	0	1	60
2013/12/29-21:34:36	12	1,765.914	93.402	1	0	1	0	0	0	0	1	0	0	1	10
2013/12/29-21:35:37	12	1,765.914	93.402	24	0	0	3	0	0	0	1	1	0	0	60
2013/12/29-21:36:56	12	1,765.914	93.402	18	0	0	3	0	0	1	1	0	0	1	56
2013/12/29-21:52:23	14	1,744.721	82.369	10	0	0	2	0	0	0	1	1	0	0	45
2013/12/29-21:53:27	14	1,744.721	82.369	6	0	1	2	0	0	0	1	0	0	1	32
2013/12/29-21:54:46	14	1,744.721	82.369	13	0	0	0	0	0	0	1	0	0	1	60
2013/12/29-21:56:04	14	1,744.721	82.369	20	0	0	1	0	0	0	1	0	0	1	60
2013/12/29-21:57:23	14	1,744.721	82.369	10	0	0	3	2	0	0	1	1	0	0	42
2013/12/29-23:22:45	12	1,772.477	78.547	2	0	1	0	0	0	0	1	0	0	1	12
2013/12/29-23:24:04	12	1,772.477	78.547	6	0	1	2	0	0	0	1	0	0	1	27
2013/12/29-23:25:09	12	1,772.477	78.547	3	0	0	0	0	0	1	1	0	0	1	4
2013/12/29-23:25:47	12	1,772.477	78.547	13	0	0	2	0	0	1	1	0	0	1	50
2013/12/29-23:27:05	12	1,772.477	78.547	11	0	0	3	1	0	0	1	1	0	0	34
2013/12/29-23:33:11	12	1,772.477	78.547	17	0	0	4	0	0	0	1	1	0	0	55
2013/12/29-23:34:25	12	1,772.477	78.547	7	0	0	1	0	0	1	1	0	0	1	31
2013/12/29-23:35:44	12	1,772.477	78.547	11	0	1	2	0	0	0	1	0	0	1	30
2013/12/29-23:37:03	12	1,772.477	78.547	21	0	0	2	0	0	0	1	1	0	0	60
2013/12/29-23:38:22	12	1,772.477	78.547	24	0	0	4	2	0	0	1	1	0	0	60
2013/12/29-23:57:15	12	1,772.477	78.547	16	0	0	4	0	0	0	1	1	0	0	60
2013/12/29-23:58:34	10	1,766.801	68.852	3	0	1	1	0	0	0	1	0	0	1	12
2013/12/29-23:59:53	10	1,766.801	68.852	18	0	0	3	1	0	0	1	1	0	0	60
2013/12/30-00:01:12	10	1,766.801	68.852	19	0	0	6	1	0	0	1	1	0	0	60
2013/12/30-00:02:31	10	1,766.801	68.852	16	0	0	4	0	0	0	1	1	0	0	60
2013/12/30-06:11:34	10	1,789.607	85.975	12	0	1	1	0	0	0	1	0	0	1	40
2013/12/30-06:12:53	10	1,789.607	85.975	21	0	0	5	1	0	1	1	0	0	1	48
2013/12/30-06:14:02	10	1,789.607	85.975	13	0	0	2	0	0	0	1	0	0	1	60
2013/12/30-06:15:21	10	1,789.607	85.975	2	0	1	0	0	0	0	1	0	0	1	17
2013/12/30-06:16:09	10	1,789.607	85.975	7	0	0	2	1	0	1	1	0	0	1	29
2013/12/30-06:27:56	10	1,789.607	85.975	15	0	0	3	0	0	0	1	0	0	1	60
2013/12/30-06:29:15	10	1,789.607	85.975	2	0	1	0	0	0	0	1	0	0	1	10
2013/12/30-06:30:04	10	1,789.607	85.975	9	0	0	1	0	0	1	1	0	0	1	32
2013/12/30-06:30:55	10	1,789.607	85.975	17	0	0	2	1	0	0	1	1	0	0	60
2013/12/30-06:32:14	10	1,789.607	85.975	13	0	0	1	0	0	0	1	0	0	1	60
2013/12/30-06:46:51	10	1,789.607	85.975	19	0	0	4	0	0	0	1	1	0	0	50
2013/12/30-06:48:00	10	1,789.607	85.975	3	0	1	1	0	0	0	1	0	0	1	19
2013/12/30-06:48:58	10	1,789.607	85.975	17	0	0	0	0	0	0	1	0	0	1	60
2013/12/30-06:50:17	10	1,789.607	85.975	5	0	0	2	0	0	1	1	0	0	1	23
2013/12/30-06:51:37	10	1,789.607	85.975	13	0	0	1	0	0	0	1	0	0	1	60
2013/12/30-14:59:49	16	1,755.553	99.268	20	0	0	2	1	0	0	1	0	0	1	60
2013/12/30-15:01:08	16	1,755.553	99.268	5	0	1	1	1	0	0	1	0	0	1	22
2013/12/30-15:02:11	16	1,755.553	99.268	10	0	0	2	0	0	1	1	0	0	1	31
2013/12/30-15:03:13	16	1,755.553	99.268	6	0	0	1	1	0	0	1	1	0	0	35
2013/12/30-15:04:06	16	1,755.553	99.268	6	0	0	4	1	0	0	1	1	0	0	28
2013/12/30-15:24:27	16	1,755.553	99.268	11	0	0	4	0	0	1	1	0	0	1	32
2013/12/30-15:25:21	16	1,755.553	99.268	15	0	0	1	0	0	0	1	0	0	1	60
2013/12/30-15:26:40	16	1,755.553	99.268	22	0	0	3	0	0	0	1	0	0	1	60
2013/12/30-15:27:58	16	1,755.553	99.268	19	0	0	5	0	0	1	1	0	0	1	49
2013/12/30-15:29:06	16	1,755.553	99.268	11	0	0	2	1	0	0	1	1	0	0	37
2013/12/30-15:49:12	18	1,740.527	85.927	1	0	1	0	0	0	0	1	0	0	1	11
2013/12/30-15:50:31	18	1,740.527	85.927	6	0	0	3	0	0	1	1	0	0	1	14
2013/12/30-15:51:14	18	1,740.527	85.927	4	0	1	2	0	0	0	1	0	0	1	29
2013/12/30-15:52:34	18	1,740.527	85.927	14	0	0	3	0	0	0	1	1	0	0	60
2013/12/30-15:53:53	18	1,740.527	85.927	17	0	0	3	1	0	0	1	1	0	0	60
2013/12/30-16:02:15	18	1,740.527	85.927	16	0	0	3	0	0	0	1	1	0	0	60
2013/12/30-16:03:34	18	1,740.527	85.927	3	0	0	0	0	0	1	1	0	0	1	10
2013/12/30-16:04:53	18	1,740.527	85.927	16	0	0	5	0	0	0	1	1	0	0	60
2013/12/30-16:06:12	18	1,740.527	85.927	15	0	0	2	1	0	0	1	0	0	1	60
2013/12/30-16:07:31	18	1,740.527	85.927	14	0	0	3	0	0	0	1	0	0	1	60
2013/12/30-16:30:19	20	1,741.973	74.782	8	0	1	2	0	0	0	1	0	0	1	32
2013/12/30-16:31:38	20	1,741.973	74.782	16	0	0	1	0	0	0	1	0	0	1	60
2013/12/30-16:32:57	20	1,741.973	74.782	15	0	0	2	2	0	0	1	1	0	0	57
2013/12/30-16:34:13	20	1,741.973	74.782	15	0	0	1	0	0	0	1	0	0	1	60
2013/12/30-16:35:32	20	1,741.973	74.782	4	0	0	2	0	0	0	1	1	0	0	25
2013/12/30-17:01:10	20	1,741.973	74.782	14	0	0	2	0	0	0	1	0	0	1	60
2013/12/30-17:02:29	20	1,741.973	74.782	8	0	1	2	1	0	0	1	0	0	1	23
2013/12/30-17:03:11	20	1,741.973	74.782	19	0	0	6	0	0	0	1	1	0	0	60
2013/12/30-17:04:30	20	1,741.973	74.782	5	0	0	2	0	0	1	1	0	0	1	21
2013/12/30-17:05:10	20	1,741.973	74.782	8	0	0	1	0	0	1	1	0	0	1	22
2013/12/31-11:57:06	15	1,751.771	118.073	6	0	0	0	1	0	0	1	1	0	0	20
2013/12/31-11:57:45	15	1,751.771	118.073	2	0	0	1	1	0	0	1	1	0	0	10
2013/12/31-11:58:14	15	1,751.771	118.073	3	0	0	0	2	0	1	1	0	0	1	6
2013/12/31-11:58:41	15	1,751.771	118.073	6	0	0	6	2	0	0	1	1	0	0	21
2013/12/31-11:59:20	15	1,751.771	118.073	6	0	0	0	1	0	0	1	1	0	0	24
2013/12/31-12:11:12	14	1,760.496	108.327	4	0	0	0	0	0	1	1	0	0	1	12
2013/12/31-12:12:08	14	1,760.496	108.327	5	0	0	0	0	0	1	1	0	0	1	16
2013/12/31-12:12:43	14	1,760.496	108.327	6	0	0	0	0	0	0	1	1	0	0	27
2013/12/31-12:13:29	14	1,760.496	108.327	15	0	0	3	1	0	0	1	1	0	0	60
2013/12/31-12:14:48	14	1,760.496	108.327	7	0	1	2	0	0	0	1	0	0	1	20
2013/12/31-12:29:18	14	1,760.496	108.327	3	0	0	0	0	0	0	1	1	0	0	11
2013/12/31-12:29:48	14	1,760.496	108.327	18	0	0	2	0	0	0	1	1	0	0	60
2013/12/31-12:31:07	14	1,760.496	108.327	8	0	1	1	0	0	0	1	0	0	1	29
2013/12/31-12:32:26	14	1,760.496	108.327	3	0	0	0	1	0	0	1	1	0	0	8
2013/12/31-12:32:53	14	1,760.496	108.327	4	0	0	0	2	0	0	1	1	0	0	14
2013/12/31-16:00:22	1	1,845.885	101.484	7	0	1	0	1	0	0	1	0	0	1	23
2013/12/31-16:01:04	1	1,845.885	101.484	16	0	0	4	0	0	1	1	0	0	1	47
2013/12/31-16:02:10	1	1,845.885	101.484	6	0	0	2	1	0	1	1	0	0	1	13
2013/12/31-16:02:51	1	1,845.885	101.484	1	0	0	0	0	0	1	1	0	0	1	5
2013/12/31-16:03:14	1	1,845.885	101.484	1	0	0	0	0	0	1	1	0	0	1	4
2013/12/31-16:17:35	15	1,756.919	93.096	12	0	0	11	0	0	0	1	1	0	0	42
2013/12/31-16:18:35	15	1,756.919	93.096	8	0	1	2	0	0	0	1	0	0	1	32
2013/12/31-16:19:26	15	1,756.919	93.096	10	0	0	2	0	0	0	1	1	0	0	45
2013/12/31-16:20:30	15	1,756.919	93.096	20	0	0	0	1	0	0	1	1	0	0	60
2013/12/31-16:21:48	15	1,756.919	93.096	5	0	0	0	3	0	0	1	1	0	0	17
2013/12/31-16:39:46	15	1,756.919	93.096	10	0	0	0	0	0	1	1	0	0	1	25
2013/12/31-16:40:35	15	1,756.919	93.096	5	0	0	0	0	0	0	1	1	0	0	26
2013/12/31-16:41:19	15	1,756.919	93.096	3	0	1	0	0	0	0	1	0	0	1	9
2013/12/31-16:41:51	15	1,756.919	93.096	11	0	0	4	1	0	0	1	1	0	0	37
2013/12/31-16:42:47	15	1,756.919	93.096	11	0	0	0	0	0	1	1	0	0	1	26
2013/12/31-19:56:27	11	1,767.022	92.848	9	0	1	1	0	0	0	1	0	0	1	39
2013/12/31-19:57:25	11	1,769.093	91.04	16	0	0	0	1	0	0	1	1	0	0	32
2013/12/31-19:58:17	11	1,769.093	91.04	1	0	0	0	0	0	0	1	1	0	0	4
2013/12/31-19:58:39	11	1,769.093	91.04	11	0	0	1	0	0	0	1	1	0	0	45
2013/12/31-19:59:43	11	1,769.093	91.04	12	0	0	0	1	0	1	1	0	0	1	46
2013/12/31-20:22:47	11	1,769.093	91.04	2	0	1	0	0	0	0	1	0	0	1	9
2013/12/31-20:24:06	11	1,769.093	91.04	2	0	0	0	0	0	0	1	1	0	0	4
2013/12/31-20:24:29	11	1,769.093	91.04	1	0	0	0	1	0	0	1	1	0	0	8
2013/12/31-20:24:56	11	1,769.093	91.04	9	0	0	1	1	0	0	1	1	0	0	47
2013/12/31-20:26:01	11	1,769.093	91.04	7	0	0	0	1	0	1	1	0	0	1	14
2013/12/31-20:46:57	3	1,828.657	79.599	2	0	1	0	0	0	0	1	0	0	1	9
2013/12/31-20:47:25	3	1,828.657	79.599	20	0	0	0	1	0	0	1	1	0	0	60
2013/12/31-20:48:44	3	1,828.657	79.599	19	0	0	6	0	0	0	1	1	0	0	60
2013/12/31-20:50:03	3	1,828.657	79.599	17	0	0	0	1	0	1	1	0	0	1	45
2013/12/31-20:51:22	3	1,828.657	79.599	17	0	0	2	0	0	0	1	1	0	0	60
2013/12/31-23:58:39	1	1,842.664	85.314	22	0	0	0	1	0	0	1	1	0	0	60
2013/12/31-23:59:58	1	1,842.664	85.314	19	0	0	0	1	0	1	1	0	0	1	30
2014/01/01-00:00:47	1	1,842.664	85.314	11	0	0	5	1	0	0	1	1	0	0	37
2014/01/01-00:01:43	1	1,842.664	85.314	13	0	0	0	0	0	1	1	0	0	1	41
2014/01/01-00:02:43	1	1,842.664	85.314	6	0	1	3	0	0	0	1	0	0	1	26
2014/01/01-00:30:15	2	1,835.707	79.562	1	0	0	0	1	0	0	1	1	0	0	4
2014/01/01-00:30:38	2	1,835.707	79.562	22	0	0	0	0	0	0	1	0	0	1	60
2014/01/01-00:31:57	2	1,835.707	79.562	1	0	0	0	0	0	1	1	0	0	1	4
2014/01/01-00:32:24	2	1,835.707	79.562	19	0	0	2	0	0	0	1	0	0	1	60
2014/01/01-00:33:43	2	1,835.707	79.562	6	0	1	0	0	0	0	1	0	0	1	22
2014/01/01-00:54:07	2	1,835.707	79.562	2	0	1	0	0	0	0	1	0	0	1	9
2014/01/01-00:54:36	2	1,835.707	79.562	0	0	1	0	0	0	0	1	0	0	1	6
2014/01/01-00:55:02	2	1,835.707	79.562	6	0	0	2	1	0	1	1	0	0	1	21
2014/01/01-00:55:45	2	1,835.707	79.562	14	0	0	2	0	0	0	1	1	0	0	60
2014/01/01-00:57:05	2	1,835.707	79.562	4	0	1	0	0	0	0	1	0	0	1	10
2014/01/01-05:06:36	5	1,788.649	87.279	4	0	0	0	0	0	0	1	1	0	0	13
2014/01/01-05:07:07	5	1,788.649	87.279	11	0	0	1	2	0	0	1	1	0	0	36
2014/01/01-05:08:02	5	1,788.649	87.279	7	0	0	0	1	0	0	1	1	0	0	16
2014/01/01-05:08:37	5	1,788.649	87.279	1	0	0	0	0	0	1	1	0	0	1	4
2014/01/01-05:09:01	5	1,788.649	87.279	6	0	0	0	0	0	0	1	1	0	0	16
2014/01/01-05:30:00	5	1,788.649	87.279	13	0	0	0	0	0	1	1	0	0	1	34
2014/01/01-05:30:53	5	1,788.649	87.279	0	0	1	0	0	0	0	1	0	0	1	5
2014/01/01-05:31:22	5	1,788.649	87.279	4	0	1	0	0	0	0	1	0	0	1	6
2014/01/01-05:31:47	5	1,788.649	87.279	19	0	0	6	1	0	1	1	0	0	1	59
2014/01/01-05:33:05	5	1,788.649	87.279	12	0	0	0	0	0	0	1	1	0	0	33
2014/01/01-05:44:57	14	1,747.056	78.405	1	0	0	0	0	0	1	1	0	0	1	4
2014/01/01-05:45:20	14	1,747.056	78.405	9	0	0	1	0	0	0	1	1	0	0	41
2014/01/01-05:46:19	14	1,747.056	78.405	1	0	1	0	0	0	0	1	0	0	1	4
2014/01/01-05:47:23	14	1,747.056	78.405	5	0	1	0	1	0	0	1	0	0	1	18
2014/01/01-05:48:07	14	1,747.056	78.405	5	0	1	0	0	0	0	1	0	0	1	5
2014/01/01-09:23:04	16	1,737.777	84.967	7	0	0	3	1	0	0	1	1	0	0	27
2014/01/01-09:23:50	16	1,737.777	84.967	5	0	0	0	2	0	0	1	1	0	0	18
2014/01/01-09:24:27	16	1,737.777	84.967	1	0	0	0	0	0	0	1	1	0	0	3
2014/01/01-09:24:49	16	1,737.777	84.967	2	0	0	0	0	0	0	1	1	0	0	8
2014/01/01-09:25:16	16	1,737.777	84.967	4	0	0	0	1	0	0	1	1	0	0	10
2014/01/01-09:35:16	8	1,765.355	81.046	6	0	0	0	0	0	0	1	1	0	0	12
2014/01/01-09:35:46	8	1,765.355	81.046	1	0	0	0	0	0	0	1	1	0	0	3
2014/01/01-09:36:08	8	1,765.355	81.046	11	0	0	3	1	0	0	1	1	0	0	43
2014/01/01-09:37:09	8	1,765.355	81.046	9	0	0	0	2	0	0	1	1	0	0	30
2014/01/01-09:37:58	8	1,765.355	81.046	3	0	1	0	0	0	0	1	0	0	1	10
2014/01/01-09:49:14	8	1,765.355	81.046	4	0	1	0	0	0	0	1	0	0	1	16
2014/01/01-09:50:01	8	1,765.355	81.046	11	0	0	2	0	0	0	1	1	0	0	41
2014/01/01-09:51:01	8	1,765.355	81.046	3	0	0	0	0	0	1	1	0	0	1	10
2014/01/01-09:51:42	8	1,765.355	81.046	7	0	0	0	0	0	1	1	0	0	1	22
2014/01/01-09:52:46	8	1,765.355	81.046	21	0	0	0	0	0	0	1	0	0	1	60
2014/01/01-13:13:06	7	1,785.259	83.634	14	0	0	0	2	0	0	1	1	0	0	50
2014/01/01-13:14:15	7	1,785.259	83.634	10	0	0	0	1	0	1	1	0	0	1	18
2014/01/01-13:14:52	7	1,785.259	83.634	8	0	1	0	0	0	0	1	0	0	1	20
2014/01/01-13:15:38	7	1,785.259	83.634	14	0	0	1	1	0	0	1	1	0	0	60
2014/01/01-13:16:57	7	1,785.259	83.634	15	0	0	4	0	0	0	1	0	0	1	60
2014/01/01-13:41:36	8	1,774.816	78.204	1	0	0	0	0	0	1	1	0	0	1	11
2014/01/01-13:42:27	8	1,774.816	78.204	4	0	1	0	0	0	0	1	0	0	1	11
2014/01/01-13:43:20	8	1,774.816	78.204	13	0	0	1	0	0	0	1	1	0	0	60
2014/01/01-13:44:39	8	1,774.816	78.204	11	0	0	0	1	0	1	1	0	0	1	30
2014/01/01-13:45:28	8	1,774.816	78.204	1	0	0	0	0	0	0	1	1	0	0	6
2014/01/01-14:04:30	10	1,758.729	72.934	3	0	1	0	0	0	0	1	0	0	1	4
2014/01/01-14:05:27	10	1,758.729	72.934	1	0	0	0	0	0	1	1	0	0	1	5
2014/01/01-14:05:54	10	1,758.729	72.934	16	0	0	0	0	0	0	1	0	0	1	60
2014/01/01-14:07:14	10	1,758.729	72.934	12	0	0	3	1	0	0	1	1	0	0	60
2014/01/01-14:08:33	10	1,758.729	72.934	20	0	0	0	1	0	0	1	1	0	0	60
2014/01/01-23:41:24	8	1,761.64	80.216	8	0	1	3	0	0	0	1	0	0	1	26
2014/01/01-23:42:09	8	1,761.64	80.216	2	0	1	0	0	0	0	1	0	0	1	7
2014/01/01-23:42:38	8	1,761.64	80.216	1	0	1	0	0	0	0	1	0	0	1	3
2014/01/01-23:43:16	8	1,761.64	80.216	3	0	1	0	1	0	0	1	0	0	1	9
2014/01/01-23:44:12	8	1,761.64	80.216	12	0	0	0	0	0	1	1	0	0	1	31
2014/01/01-23:50:38	8	1,761.64	80.216	3	0	0	0	1	0	0	1	1	0	0	9
2014/01/01-23:51:07	8	1,761.64	80.216	5	0	0	0	0	0	0	1	1	0	0	20
2014/01/01-23:51:46	8	1,761.64	80.216	7	0	1	0	0	0	0	1	0	0	1	40
2014/01/01-23:52:44	8	1,761.64	80.216	24	0	0	0	0	0	0	1	0	0	1	60
2014/01/01-23:54:03	19	1,720.428	73.246	7	0	0	0	0	0	0	1	1	0	0	30
2014/01/02-00:12:02	19	1,720.428	73.246	7	0	0	8	0	0	0	1	1	0	0	48
2014/01/02-00:13:08	19	1,720.428	73.246	11	0	0	2	0	0	1	1	0	0	1	35
2014/01/02-00:14:27	19	1,720.428	73.246	5	0	0	0	0	0	1	1	0	0	1	24
2014/01/02-00:15:10	19	1,720.428	73.246	26	0	0	0	0	0	0	1	1	0	0	60
2014/01/02-00:16:29	19	1,720.428	73.246	21	0	0	4	0	0	0	1	0	0	1	60
2014/01/02-04:51:31	17	1,717.73	85.744	1	0	0	0	1	0	0	1	1	0	0	9
2014/01/02-04:51:59	17	1,717.73	85.744	7	0	0	4	1	0	0	1	1	0	0	23
2014/01/02-04:52:40	17	1,717.73	85.744	3	0	0	0	1	0	0	1	1	0	0	10
2014/01/02-04:53:09	17	1,717.73	85.744	9	0	0	3	0	0	0	1	1	0	0	28
2014/01/02-04:53:56	17	1,717.73	85.744	20	0	0	0	1	0	0	1	1	0	0	60
2014/01/02-05:07:26	12	1,747.515	81.5	12	0	0	0	1	0	0	1	1	0	0	60
2014/01/02-05:08:45	12	1,747.515	81.5	1	0	0	0	0	0	0	1	1	0	0	5
2014/01/02-05:09:09	12	1,747.515	81.5	10	0	0	0	1	0	1	1	0	0	1	24
2014/01/02-05:09:52	12	1,747.515	81.5	18	0	0	0	0	0	0	1	1	0	0	60
2014/01/02-05:11:11	12	1,747.515	81.5	16	0	0	0	0	0	0	1	0	0	1	60
2014/01/02-05:25:33	12	1,747.515	81.5	19	0	0	0	0	0	0	1	1	0	0	60
2014/01/02-05:26:52	12	1,747.515	81.5	6	0	0	0	0	0	0	1	1	0	0	11
2014/01/02-05:27:22	12	1,747.515	81.5	1	0	1	1	0	0	0	1	0	0	1	9
2014/01/02-05:28:28	12	1,747.515	81.5	1	0	1	0	0	0	0	1	0	0	1	3
2014/01/02-05:28:57	12	1,747.515	81.5	1	0	1	0	0	0	0	1	0	0	1	6
2014/01/02-09:48:30	13	1,738.758	83.779	5	0	0	0	2	0	0	1	1	0	0	13
2014/01/02-09:49:02	13	1,738.758	83.779	6	0	0	0	1	0	1	1	0	0	1	18
2014/01/02-09:49:40	13	1,738.758	83.779	19	0	0	2	0	0	0	1	1	0	0	60
2014/01/02-09:50:59	13	1,738.758	83.779	4	0	1	0	0	0	0	1	0	0	1	23
2014/01/02-09:51:41	13	1,738.758	83.779	17	0	0	0	0	0	0	1	0	0	1	60
2014/01/02-10:02:37	19	1,716.462	79.485	1	0	1	0	0	0	0	1	0	0	1	3
2014/01/02-10:02:59	19	1,716.462	79.485	8	0	0	3	0	0	0	1	1	0	0	27
2014/01/02-10:03:45	19	1,716.462	79.485	0	0	1	0	0	0	0	1	0	0	1	7
2014/01/02-10:04:42	19	1,716.462	79.485	5	0	1	0	0	0	0	1	0	0	1	9
2014/01/02-10:05:10	19	1,716.462	79.485	3	0	1	0	0	0	0	1	0	0	1	8
2014/01/02-10:18:05	19	1,716.462	79.485	19	0	0	0	1	0	0	1	1	0	0	60
2014/01/02-10:19:24	19	1,716.462	79.485	1	0	0	0	1	0	1	1	0	0	1	3
2014/01/02-10:19:47	19	1,716.462	79.485	9	0	0	4	2	0	0	1	1	0	0	35
2014/01/02-10:20:41	19	1,716.462	79.485	1	0	0	0	1	0	1	1	0	0	1	3
2014/01/02-10:21:04	19	1,716.462	79.485	9	0	1	6	0	0	0	1	0	0	1	31
2014/01/02-13:53:38	17	1,724.098	83.964	13	0	0	0	1	0	1	1	0	0	1	35
2014/01/02-13:54:33	17	1,724.098	83.964	8	0	0	0	0	0	0	1	0	0	1	60
2014/01/02-13:55:52	17	1,724.098	83.964	5	0	1	2	0	0	0	1	0	0	1	17
2014/01/02-13:56:27	17	1,724.098	83.964	1	0	0	0	0	0	1	1	0	0	1	4
2014/01/02-13:57:07	17	1,724.098	83.964	1	0	0	0	0	0	1	1	0	0	1	3
2014/01/02-14:03:31	17	1,724.098	83.964	1	0	1	0	0	0	0	1	0	0	1	23
2014/01/02-14:04:13	17	1,724.098	83.964	8	0	0	2	0	0	0	1	1	0	0	31
2014/01/02-14:05:02	17	1,724.098	83.964	12	0	1	3	2	0	0	1	0	0	1	43
2014/01/02-14:06:04	17	1,724.098	83.964	2	0	1	0	0	0	0	1	0	0	1	7
2014/01/02-14:06:31	17	1,724.098	83.964	15	0	0	0	0	0	0	1	1	0	0	33
2014/01/02-14:25:47	17	1,724.098	83.964	3	0	0	0	0	0	1	1	0	0	1	7
2014/01/02-14:26:34	17	1,724.098	83.964	13	0	0	1	1	0	0	1	1	0	0	49
2014/01/02-14:27:42	17	1,724.098	83.964	18	0	1	0	0	0	0	1	0	0	1	40
2014/01/02-14:28:40	26	1,674.303	73.718	15	0	0	3	0	0	0	1	0	0	1	60
2014/01/02-14:29:59	26	1,674.303	73.718	16	0	0	5	3	0	1	1	1	0	0	49
2014/01/02-18:50:38	24	1,689.327	85.425	3	0	1	0	0	0	0	1	0	0	1	11
2014/01/02-18:51:08	24	1,689.327	85.425	2	0	0	0	0	0	1	1	0	0	1	6
2014/01/02-18:51:33	24	1,689.327	85.425	2	0	1	0	0	0	0	1	0	0	1	7
2014/01/02-18:52:32	24	1,689.327	85.425	25	0	0	0	2	0	0	1	1	0	0	60
2014/01/02-18:53:50	24	1,689.327	85.425	13	0	0	4	0	0	0	1	0	0	1	60
2014/01/02-22:18:51	24	1,688.23	79.398	21	0	0	0	0	0	0	1	1	0	0	60
2014/01/02-22:20:12	24	1,688.23	79.398	25	0	0	7	0	0	0	1	1	0	0	60
2014/01/02-22:21:30	24	1,688.23	79.398	9	0	0	2	1	0	1	1	0	0	1	23
2014/01/02-22:22:43	24	1,688.23	79.398	0	0	1	0	0	0	0	1	0	0	1	3
2014/01/02-22:24:02	24	1,688.23	79.398	19	0	0	2	1	0	0	1	1	0	0	60
2014/01/02-22:42:31	24	1,688.23	79.398	8	0	1	0	0	0	0	1	0	0	1	32
2014/01/02-22:43:19	24	1,688.23	79.398	5	0	1	0	0	0	0	1	0	0	1	8
2014/01/02-22:43:56	23	1,688.57	71.811	20	0	0	1	1	0	0	1	1	0	0	60
2014/01/02-22:45:15	23	1,688.57	71.811	16	0	0	7	2	0	0	1	1	0	0	60
2014/01/02-22:46:34	23	1,688.57	71.811	3	0	1	1	0	0	0	1	0	0	1	20
2014/01/03-02:20:37	19	1,704.237	80.609	6	0	0	0	0	0	1	1	0	0	1	18
2014/01/03-02:21:19	19	1,704.237	80.609	12	0	0	0	0	0	0	1	1	0	0	60
2014/01/03-02:22:37	19	1,704.237	80.609	9	0	0	2	0	0	0	1	1	0	0	24
2014/01/03-02:23:21	19	1,704.237	80.609	17	0	0	5	0	0	0	1	1	0	0	60
2014/01/03-02:24:40	19	1,704.237	80.609	8	0	0	3	1	0	1	1	0	0	1	23
2014/01/03-02:33:45	19	1,704.237	80.609	13	0	0	0	1	0	0	1	1	0	0	38
2014/01/03-02:34:42	19	1,704.237	80.609	17	0	0	0	0	0	0	1	0	0	1	60
2014/01/03-02:36:01	19	1,704.237	80.609	3	0	1	0	0	0	0	1	0	0	1	15
2014/01/03-02:37:21	19	1,704.237	80.609	1	0	1	0	0	0	0	1	0	0	1	6
2014/01/03-02:38:21	19	1,704.237	80.609	4	0	1	0	0	0	0	1	0	0	1	5
2014/01/03-02:51:25	21	1,687.209	71.987	7	0	1	0	1	0	0	1	0	0	1	13
2014/01/03-02:51:57	21	1,687.209	71.987	19	0	1	0	1	0	0	1	1	0	0	36
2014/01/03-02:52:52	21	1,687.209	71.987	1	0	1	0	0	0	0	1	0	0	1	5
2014/01/03-02:53:21	21	1,687.209	71.987	1	0	1	0	0	0	0	1	0	0	1	3
2014/01/03-02:54:19	21	1,687.209	71.987	5	0	0	0	1	0	0	1	1	0	0	13
2014/01/03-07:25:31	17	1,712.402	81.319	7	0	0	0	1	0	0	1	1	0	0	22
2014/01/03-07:26:12	17	1,712.402	81.319	2	0	0	0	2	0	0	1	1	0	0	13
2014/01/03-07:26:44	15	1,724.01	79.947	3	0	0	0	1	0	1	1	0	0	1	7
2014/01/03-07:27:12	15	1,724.01	79.947	2	0	0	0	0	0	0	1	1	0	0	4
2014/01/03-07:27:35	15	1,724.01	79.947	8	0	0	0	2	0	0	1	1	0	0	33
2014/01/03-07:40:30	15	1,724.01	79.947	1	0	1	0	0	0	0	1	0	0	1	6
2014/01/03-07:41:21	15	1,724.01	79.947	2	0	0	0	0	0	1	1	0	0	1	12
2014/01/03-07:41:52	15	1,724.01	79.947	21	0	0	0	1	0	0	1	1	0	0	60
2014/01/03-07:43:11	15	1,724.01	79.947	25	0	0	1	1	0	0	1	1	0	0	60
2014/01/03-07:44:30	15	1,724.01	79.947	13	0	0	4	0	0	1	1	0	0	1	39
2014/01/03-07:59:20	13	1,734.096	72.6	10	0	0	0	0	0	0	1	1	0	0	38
2014/01/03-08:00:18	13	1,734.096	72.6	3	0	0	0	2	0	0	1	1	0	0	11
2014/01/03-08:00:48	13	1,734.096	72.6	6	0	1	0	0	0	0	1	0	0	1	9
2014/01/03-08:01:16	13	1,734.096	72.6	15	0	0	5	1	0	0	1	1	0	0	60
2014/01/03-08:02:28	13	1,734.096	72.6	2	0	0	0	0	0	1	1	0	0	1	12
2014/01/03-14:01:49	12	1,747.632	70.248	11	0	0	0	0	0	1	1	0	0	1	28
2014/01/03-14:02:44	12	1,747.632	70.248	6	0	1	0	0	0	0	1	0	0	1	16
2014/01/03-14:03:29	12	1,747.632	70.248	4	0	0	0	0	0	0	1	1	0	0	13
2014/01/03-14:04:06	12	1,747.632	70.248	2	0	0	0	0	0	1	1	0	0	1	8
2014/01/03-14:04:53	12	1,747.632	70.248	4	0	0	0	1	0	1	1	0	0	1	10
2014/01/04-10:34:37	15	1,725.161	68.518	2	0	1	0	0	0	0	1	0	0	1	12
2014/01/04-10:35:50	15	1,725.161	68.518	2	0	0	0	0	0	1	1	0	0	1	8
2014/01/04-10:37:00	15	1,725.161	68.518	6	0	0	2	0	0	1	1	0	0	1	19
2014/01/04-10:37:44	15	1,725.161	68.518	2	0	1	0	0	0	0	1	0	0	1	4
2014/01/04-10:38:38	15	1,725.161	68.518	2	0	1	0	1	0	0	1	0	0	1	6
2014/01/04-10:39:49	15	1,725.161	68.518	9	0	0	0	0	0	1	1	0	0	1	24
2014/01/04-10:40:32	19	1,706.266	63.89	12	0	0	3	0	0	1	1	0	0	1	36
2014/01/04-10:41:51	19	1,706.266	63.89	0	0	1	0	0	0	0	1	0	0	1	6
2014/01/04-10:43:10	19	1,706.266	63.89	3	0	1	0	1	0	0	1	0	0	1	9
2014/01/04-10:43:38	19	1,706.266	63.89	9	0	1	3	0	0	0	1	0	0	1	29
2014/01/04-10:58:58	19	1,706.266	63.89	8	0	1	0	0	0	0	1	0	0	1	17
2014/01/04-11:00:06	19	1,706.266	63.89	14	0	0	3	0	0	0	1	1	0	0	60
2014/01/04-11:01:25	19	1,706.266	63.89	16	0	0	2	1	0	0	1	1	0	0	60
2014/01/04-11:02:44	19	1,706.266	63.89	5	0	0	0	1	0	1	1	0	0	1	17
2014/01/04-11:03:21	19	1,706.266	63.89	25	0	0	4	0	0	0	1	0	0	1	60
2014/01/04-11:27:55	15	1,727.299	58.593	16	0	1	0	0	0	0	1	0	0	1	32
2014/01/04-11:28:48	15	1,727.299	58.593	7	0	0	2	0	0	1	1	0	0	1	22
2014/01/04-11:30:08	15	1,727.299	58.593	16	0	0	0	0	0	0	1	1	0	0	60
2014/01/04-11:31:27	15	1,727.299	58.593	5	0	0	0	0	0	1	1	0	0	1	16
2014/01/04-11:32:08	15	1,727.299	58.593	3	0	1	0	0	0	0	1	0	0	1	13
2014/01/04-11:41:06	15	1,727.299	58.593	2	0	0	0	0	0	1	1	0	0	1	3
2014/01/04-11:41:44	15	1,727.299	58.593	8	0	1	1	0	0	0	1	0	0	1	23
2014/01/04-11:43:03	15	1,727.299	58.593	4	0	1	0	0	0	0	1	0	0	1	18
2014/01/04-11:43:41	15	1,727.299	58.593	12	0	0	0	0	0	1	1	0	0	1	29
2014/01/04-11:44:28	15	1,727.299	58.593	14	0	0	0	1	0	1	1	0	0	1	44
2014/01/04-11:54:37	15	1,727.299	58.593	17	0	0	0	1	0	0	1	1	0	0	60
2014/01/04-11:55:57	15	1,727.299	58.593	15	0	0	4	0	0	1	1	0	0	1	50
2014/01/04-11:57:16	15	1,727.299	58.593	5	0	0	0	1	0	1	1	0	0	1	16
2014/01/04-11:57:54	22	1,698.389	53.027	20	0	0	12	0	0	0	1	0	0	1	60
2014/01/04-11:59:13	22	1,698.389	53.027	21	0	0	0	0	0	0	1	0	1	0	60
2014/01/04-17:29:48	22	1,700.114	72.009	4	0	0	0	0	0	1	1	0	0	1	6
2014/01/04-17:30:13	22	1,700.114	72.009	1	0	0	0	0	0	1	1	0	0	1	4
2014/01/04-17:30:39	22	1,700.114	72.009	8	0	0	0	0	0	0	1	1	0	0	16
2014/01/04-17:31:14	22	1,700.114	72.009	5	0	0	1	0	0	1	1	0	0	1	12
2014/01/04-17:32:03	22	1,700.114	72.009	3	0	0	0	1	0	1	1	0	0	1	10
2014/01/04-17:49:30	24	1,690.368	67.262	10	0	1	1	0	0	0	1	0	0	1	31
2014/01/04-17:50:30	24	1,690.368	67.262	16	0	0	0	0	0	0	1	0	0	1	60
2014/01/04-17:51:49	24	1,690.368	67.262	15	0	0	2	0	0	0	1	0	0	1	60
2014/01/04-17:53:08	24	1,690.368	67.262	3	0	1	1	0	0	0	1	0	0	1	11
2014/01/04-17:54:21	24	1,690.368	67.262	17	0	1	0	2	0	0	1	0	0	1	46
2014/01/04-18:09:27	24	1,690.368	67.262	5	0	0	0	1	0	1	1	0	0	1	16
2014/01/04-18:10:01	24	1,690.368	67.262	9	0	1	0	0	0	0	1	0	0	1	48
2014/01/04-18:11:09	24	1,690.368	67.262	4	0	1	0	0	0	0	1	0	0	1	9
2014/01/04-18:11:51	24	1,690.368	67.262	9	0	1	2	0	0	0	1	0	0	1	37
2014/01/04-18:13:10	24	1,690.368	67.262	4	0	0	0	0	0	0	1	1	0	0	17
