2013/08/29-00:02:43	14	1,500	350	2	0	0	1	0	0	0	1	1	0	0	9
2013/08/29-00:09:21	14	1,500	350	5	0	0	1	0	0	0	1	1	0	0	21
2013/08/29-00:14:24	14	1,500	350	4	0	1	2	0	0	0	1	0	0	1	22
2013/08/29-00:15:25	14	1,500	350	8	0	0	7	0	0	0	1	1	0	0	60
2013/08/29-00:23:35	14	1,500	350	4	0	0	1	0	0	0	1	0	1	0	15
2013/08/29-00:47:47	14	1,500	350	3	0	1	0	0	0	0	1	0	0	1	16
2013/08/29-00:55:31	14	1,500	350	8	0	0	3	0	0	0	1	0	0	1	60
2013/08/29-01:19:31	14	1,500	350	5	0	0	4	0	0	0	1	1	0	0	32
2013/08/29-01:24:34	14	1,500	350	5	0	0	1	0	0	0	1	1	0	0	18
2013/08/29-01:30:38	14	1,500	350	13	0	0	7	1	0	0	1	1	0	0	57
2013/08/29-01:50:49	14	1,500	350	4	0	0	0	1	0	0	1	1	0	0	25
2013/08/29-01:51:36	14	1,500	350	1	0	0	2	0	0	0	1	1	0	0	6
2013/08/29-01:52:01	14	1,500	350	6	0	0	0	1	0	0	1	1	0	0	31
2013/08/29-01:52:51	14	1,500	350	4	0	0	2	1	0	0	1	1	0	0	14
2013/08/29-01:53:24	14	1,500	350	1	0	1	0	0	0	0	1	1	0	0	10
2013/08/29-02:08:32	14	1,500	350	1	0	0	0	2	0	0	1	1	0	0	60
2013/08/29-02:09:52	14	1,500	350	15	0	0	6	0	0	0	1	1	0	0	60
2013/08/29-02:11:11	14	1,500	350	1	0	0	0	1	0	1	1	1	0	0	4
2013/08/29-02:11:35	14	1,500	350	6	0	0	0	1	0	0	1	1	0	0	60
2013/08/29-02:12:54	14	1,500	350	3	0	0	0	0	0	1	1	0	0	1	24
2013/08/29-07:36:53	1	2,438.356	263.837	3	0	0	0	0	0	1	1	0	0	1	12
2013/08/29-07:38:00	1	2,438.356	263.837	4	0	0	0	0	0	1	1	0	0	1	43
2013/08/29-07:39:10	1	2,438.356	263.837	0	0	1	0	0	0	0	1	0	0	1	4
2013/08/29-07:39:33	1	2,438.356	263.837	0	0	1	0	0	0	0	1	0	0	1	3
2013/08/29-07:39:55	1	2,438.356	263.837	11	0	0	4	0	0	0	1	0	0	1	60
