2013/08/29-00:06:51	15	1,500	350	26	0	0	0	0	0	0	1	1	0	0	60
2013/08/29-00:09:21	15	1,500	350	5	0	0	1	1	0	1	1	0	0	1	21
2013/08/29-00:14:24	15	1,500	350	4	0	0	0	0	0	1	1	0	0	1	22
2013/08/29-00:20:43	15	1,500	350	20	0	0	0	1	0	1	1	0	0	1	53
2013/08/29-00:23:35	15	1,500	350	3	0	0	1	0	0	0	1	0	1	0	15
2013/08/29-00:50:52	15	1,500	350	6	0	0	1	1	0	1	1	1	0	0	37
2013/08/29-00:55:31	15	1,500	350	1	0	0	0	0	0	1	1	0	0	1	3
2013/08/29-01:26:58	15	1,500	350	3	0	0	0	0	0	1	1	0	0	1	16
2013/08/29-01:29:05	15	1,500	350	1	0	0	0	0	0	0	1	1	0	0	6
2013/08/29-01:33:52	7	1,680.812	265.366	2	0	0	0	0	0	0	1	1	0	0	30
2013/08/29-01:59:11	15	1,500	350	9	0	0	1	0	0	1	1	0	0	1	32
2013/08/29-02:00:02	15	1,500	350	19	0	0	0	3	0	1	1	1	0	0	40
2013/08/29-02:01:00	15	1,500	350	11	0	0	0	0	0	0	1	1	0	0	60
2013/08/29-02:02:19	15	1,500	350	1	0	0	0	1	0	0	1	1	0	0	3
2013/08/29-02:02:41	15	1,500	350	0	0	1	0	0	0	0	1	0	0	1	3
2013/08/29-07:24:33	15	1,500	350	5	0	0	0	2	0	0	1	1	0	0	14
2013/08/29-07:25:09	2	2,021.816	271.847	14	0	0	0	0	0	1	1	0	0	1	33
2013/08/29-07:26:00	2	2,021.816	271.847	1	0	0	0	1	0	1	1	0	0	1	4
2013/08/29-07:26:57	2	2,021.816	271.847	4	0	0	1	0	0	1	1	0	0	1	13
2013/08/29-07:27:47	2	2,021.816	271.847	1	0	0	0	0	0	1	1	0	0	1	3
2013/08/29-07:32:50	2	2,021.816	271.847	3	0	0	0	1	0	0	1	1	0	0	16
2013/08/29-07:33:25	2	2,021.816	271.847	3	0	0	0	1	0	1	1	1	0	0	9
2013/08/29-07:33:53	2	2,021.816	271.847	6	0	0	2	1	0	0	1	1	0	0	27
2013/08/29-07:34:38	2	2,021.816	271.847	2	0	0	0	0	0	1	1	0	0	1	22
2013/08/29-07:35:54	2	2,021.816	271.847	18	0	0	0	1	0	0	1	1	0	0	34
2013/08/29-10:43:00	70	1,325.673	226.42	1	0	1	0	0	0	0	1	1	0	0	5
2013/08/29-10:43:24	70	1,325.673	226.42	1	0	0	0	0	0	0	1	1	0	0	16
2013/08/29-10:43:59	70	1,325.673	226.42	5	0	0	0	2	0	0	1	1	0	0	13
2013/08/29-10:44:30	70	1,325.673	226.42	2	0	0	0	1	0	0	1	1	0	0	8
2013/08/29-10:44:57	70	1,325.673	226.42	10	0	0	0	0	0	1	1	0	0	1	33
2013/08/29-10:58:31	31	1,540.536	186.805	7	0	0	0	0	0	0	1	1	0	0	24
2013/08/29-10:59:15	31	1,540.536	186.805	4	0	0	0	1	0	1	1	0	0	1	10
2013/08/29-10:59:44	31	1,540.536	186.805	0	0	0	0	0	0	0	1	1	0	0	3
2013/08/29-11:00:06	31	1,540.536	186.805	1	0	0	0	1	0	1	1	0	0	1	3
2013/08/29-11:00:38	31	1,540.536	186.805	2	0	1	0	0	0	0	1	0	0	1	7
2013/08/29-11:10:52	65	1,371.672	161.58	0	0	0	0	0	0	0	1	1	0	0	3
2013/08/29-11:11:15	65	1,371.672	161.58	15	0	0	1	2	0	0	1	1	0	0	46
2013/08/29-11:12:19	65	1,371.672	161.58	4	0	0	0	1	0	0	1	1	0	0	17
2013/08/29-11:12:55	65	1,371.672	161.58	4	0	0	0	1	0	1	1	0	0	1	13
2013/08/29-11:13:27	65	1,371.672	161.58	1	0	0	0	1	0	1	1	0	0	1	6
