2013/09/02-13:36:12	16	1,500	350	2	0	0	0	0	0	1	1	0	0	1	12
2013/09/02-13:36:44	16	1,500	350	1	0	1	0	0	0	0	1	0	0	1	3
2013/09/02-13:37:05	16	1,500	350	7	0	0	0	2	0	0	1	1	0	0	24
2013/09/02-13:37:48	16	1,500	350	2	0	1	0	0	0	0	1	0	0	1	6
2013/09/02-13:38:41	16	1,500	350	1	0	0	0	0	0	1	1	0	0	1	5
2013/09/02-14:02:28	16	1,500	350	1	0	0	0	0	0	1	1	0	0	1	3
2013/09/02-14:03:02	16	1,500	350	4	0	1	0	0	0	0	1	0	0	1	12
2013/09/02-14:03:32	16	1,500	350	3	0	0	0	0	0	1	1	0	0	1	10
2013/09/02-14:04:01	16	1,500	350	1	0	0	0	0	0	1	1	0	0	1	3
2013/09/02-14:04:25	16	1,500	350	1	0	1	0	0	0	0	1	0	0	1	3
2013/09/02-14:15:41	84	1,142.531	263.837	2	0	0	0	0	0	0	1	1	0	0	6
2013/09/02-14:16:06	84	1,142.531	263.837	1	0	1	0	0	0	0	1	0	0	1	3
2013/09/02-14:16:31	84	1,142.531	263.837	2	0	0	0	0	0	0	1	1	0	0	6
2013/09/02-14:16:56	84	1,142.531	263.837	4	0	1	0	1	0	0	1	0	0	1	14
2013/09/02-14:17:28	84	1,142.531	263.837	2	0	0	0	0	0	0	1	1	0	0	6
2013/09/02-23:09:42	59	1,346.623	219.56	1	0	0	0	0	0	1	1	0	0	1	6
2013/09/02-23:10:27	59	1,346.623	219.56	2	0	0	0	2	0	0	1	1	0	0	6
2013/09/02-23:10:52	59	1,346.623	219.56	1	0	1	0	0	0	0	1	0	0	1	3
2013/09/02-23:11:13	59	1,346.623	219.56	2	0	1	0	0	0	0	1	0	0	1	6
2013/09/02-23:11:38	59	1,346.623	219.56	1	0	0	0	0	0	1	1	0	0	1	4
2013/09/02-23:19:14	59	1,346.623	219.56	4	0	0	0	0	0	0	1	1	0	0	16
2013/09/02-23:20:20	59	1,346.623	219.56	3	0	0	0	0	0	1	1	0	0	1	12
2013/09/02-23:20:49	59	1,346.623	219.56	20	0	0	0	0	0	0	1	1	0	0	60
2013/09/02-23:22:05	59	1,346.623	219.56	10	0	0	0	0	0	1	1	0	0	1	33
2013/09/02-23:23:02	59	1,346.623	219.56	1	0	0	0	0	0	1	1	0	0	1	3
2013/09/02-23:39:57	63	1,243.287	169.215	0	0	1	0	0	0	0	1	0	0	1	3
2013/09/02-23:40:22	63	1,243.287	169.215	13	0	0	0	1	0	1	1	0	0	1	41
2013/09/02-23:41:21	63	1,243.287	169.215	1	0	1	0	0	0	0	1	0	0	1	3
2013/09/02-23:42:02	63	1,243.287	169.215	1	0	0	0	0	0	1	1	0	0	1	4
2013/09/02-23:42:55	63	1,243.287	169.215	1	0	1	0	0	0	0	1	0	0	1	3
2013/09/03-15:57:08	69	1,174.529	145.145	1	0	0	0	0	0	0	1	1	0	0	6
2013/09/03-15:57:33	69	1,174.529	145.145	1	0	0	0	0	0	0	1	1	0	0	6
2013/09/03-15:57:58	69	1,174.529	145.145	2	0	0	0	0	0	0	1	1	0	0	6
2013/09/03-15:58:23	69	1,174.529	145.145	3	0	0	0	0	0	0	1	1	0	0	11
2013/09/03-15:58:52	69	1,174.529	145.145	1	0	0	0	0	0	1	1	0	0	1	5
2013/09/03-16:10:34	63	1,267.252	124.846	1	0	0	0	0	0	1	1	0	0	1	3
2013/09/03-16:10:59	63	1,267.252	124.846	1	0	0	0	1	0	1	1	0	0	1	3
2013/09/03-16:11:21	63	1,267.252	124.846	1	0	0	0	0	0	1	1	0	0	1	3
2013/09/03-16:11:49	63	1,267.252	124.846	2	0	0	0	1	0	0	1	1	0	0	6
2013/09/03-16:12:14	63	1,267.252	124.846	1	0	0	0	0	0	1	1	0	0	1	5
2013/09/03-16:18:04	63	1,267.252	124.846	1	0	0	0	1	0	1	1	0	0	1	4
2013/09/03-16:18:29	63	1,267.252	124.846	2	0	0	0	0	0	0	1	1	0	0	6
2013/09/03-16:18:54	63	1,267.252	124.846	2	0	0	0	0	0	0	1	1	0	0	6
2013/09/03-16:19:19	63	1,267.252	124.846	1	0	0	0	1	0	1	1	0	0	1	3
2013/09/03-16:19:44	63	1,267.252	124.846	2	0	0	0	1	0	0	1	1	0	0	6
2013/09/03-20:50:47	68	1,107.404	109.471	2	0	0	0	0	0	0	1	1	0	0	6
2013/09/03-20:51:12	68	1,107.404	109.471	2	0	0	0	0	0	0	1	1	0	0	6
2013/09/03-20:51:36	68	1,107.404	109.471	1	0	0	0	0	0	1	1	0	0	1	3
2013/09/03-20:52:01	68	1,107.404	109.471	1	0	0	0	0	0	1	1	0	0	1	5
2013/09/03-20:52:26	68	1,107.404	109.471	2	0	0	0	0	0	0	1	1	0	0	6
2013/09/03-21:00:40	68	1,107.404	109.471	3	0	0	0	0	0	0	1	1	0	0	6
2013/09/03-21:01:05	68	1,107.404	109.471	9	0	0	1	1	0	1	1	0	0	1	29
2013/09/03-21:01:53	68	1,107.404	109.471	6	0	0	1	0	0	1	1	0	0	1	18
2013/09/03-21:02:30	68	1,107.404	109.471	1	0	0	0	1	0	1	1	0	0	1	3
2013/09/03-21:02:55	68	1,107.404	109.471	2	0	0	0	1	0	0	1	1	0	0	6
2013/09/03-21:11:06	68	1,116.264	92.666	3	0	1	0	2	0	0	1	0	0	1	10
2013/09/03-21:11:36	68	1,116.264	92.666	2	0	0	0	2	0	1	1	0	0	1	7
2013/09/03-21:12:03	68	1,116.264	92.666	1	0	0	0	0	0	1	1	0	0	1	3
2013/09/03-21:12:40	68	1,116.264	92.666	2	0	0	0	1	0	1	1	0	0	1	4
2013/09/03-21:13:03	68	1,116.264	92.666	4	0	1	0	0	0	0	1	0	0	1	12
2013/09/03-21:20:29	68	1,116.264	92.666	2	0	0	0	0	0	0	1	1	0	0	6
2013/09/03-21:20:53	68	1,116.264	92.666	2	0	0	0	0	0	0	1	1	0	0	6
2013/09/03-21:21:18	68	1,116.264	92.666	2	0	0	0	1	0	0	1	1	0	0	6
2013/09/03-21:21:43	68	1,116.264	92.666	2	0	0	0	0	0	0	1	1	0	0	6
2013/09/03-21:22:07	68	1,116.264	92.666	1	0	1	0	0	0	0	1	0	0	1	4
2013/09/03-21:29:11	67	1,139.445	79.837	1	0	0	0	0	0	1	1	0	0	1	3
2013/09/03-21:29:36	67	1,139.445	79.837	4	0	0	0	1	0	1	1	0	0	1	16
2013/09/03-21:30:10	67	1,139.445	79.837	1	0	0	0	1	0	1	1	1	0	0	5
2013/09/03-21:30:34	67	1,139.445	79.837	1	0	0	0	0	0	1	1	0	0	1	3
2013/09/03-21:30:59	67	1,139.445	79.837	2	0	0	0	0	0	0	1	1	0	0	6
2013/09/03-21:37:53	67	1,139.445	79.837	1	0	0	0	0	0	1	1	0	0	1	5
2013/09/03-21:38:45	67	1,139.445	79.837	1	0	1	0	0	0	0	1	0	0	1	3
2013/09/03-21:39:20	67	1,139.445	79.837	3	0	0	0	0	0	1	1	0	0	1	10
2013/09/03-21:40:29	67	1,139.445	79.837	4	0	1	0	0	0	0	1	0	0	1	12
2013/09/03-21:41:47	67	1,139.445	79.837	1	0	0	0	0	0	1	1	0	0	1	6
2013/09/04-16:20:11	68	1,114.633	78.447	1	0	0	0	0	0	1	1	0	0	1	6
2013/09/04-16:20:36	68	1,114.633	78.447	2	0	0	0	0	0	0	1	1	0	0	6
2013/09/04-16:21:01	68	1,114.633	78.447	2	0	0	0	1	0	0	1	1	0	0	6
2013/09/04-16:21:26	68	1,114.633	78.447	2	0	0	0	0	0	0	1	1	0	0	6
2013/09/04-16:21:51	68	1,114.633	78.447	2	0	0	0	3	0	1	1	1	0	0	6
2013/09/04-16:30:07	68	1,132.894	72.969	2	0	0	0	0	0	0	1	1	0	0	6
2013/09/04-16:30:33	68	1,132.894	72.969	1	0	0	0	1	0	1	1	0	0	1	5
2013/09/04-16:30:56	68	1,132.894	72.969	1	0	0	0	2	0	0	1	1	0	0	3
2013/09/04-16:31:18	68	1,132.894	72.969	2	0	0	0	0	0	1	1	0	0	1	8
2013/09/04-16:31:45	68	1,132.894	72.969	2	0	0	0	0	0	0	1	1	0	0	6
2013/09/04-16:40:03	68	1,132.894	72.969	2	0	0	0	0	0	1	1	0	0	1	8
2013/09/04-16:41:22	68	1,132.894	72.969	2	0	0	0	2	0	1	1	0	0	1	4
2013/09/04-16:41:46	68	1,132.894	72.969	4	0	0	0	1	0	0	1	1	0	0	13
2013/09/04-16:42:18	68	1,132.894	72.969	2	0	0	0	0	0	0	1	1	0	0	6
2013/09/04-16:42:43	68	1,132.894	72.969	2	0	1	0	1	0	0	1	0	0	1	5
2013/09/04-16:50:56	67	1,179.228	65.165	1	0	0	0	0	0	1	1	0	0	1	5
2013/09/04-16:51:24	67	1,179.228	65.165	8	0	0	0	1	0	0	1	1	0	0	24
2013/09/04-16:52:07	67	1,179.228	65.165	2	0	0	0	1	0	1	1	0	0	1	8
2013/09/04-16:52:33	67	1,179.228	65.165	2	0	0	0	0	0	0	1	1	0	0	6
2013/09/04-16:52:58	67	1,179.228	65.165	4	0	1	0	0	0	0	1	0	0	1	14
2013/09/04-16:57:51	67	1,179.228	65.165	8	0	0	0	0	0	1	1	0	0	1	24
2013/09/04-16:58:48	67	1,179.228	65.165	3	0	1	0	0	0	0	1	0	0	1	7
2013/09/04-16:59:28	67	1,179.228	65.165	1	0	1	0	1	0	0	1	0	0	1	3
2013/09/04-16:59:58	67	1,179.228	65.165	1	0	0	0	1	0	1	1	0	0	1	4
2013/09/04-17:00:22	67	1,179.228	65.165	1	0	0	0	0	0	1	1	0	0	1	3
2013/09/04-17:07:58	67	1,179.228	65.165	4	0	1	0	0	0	0	1	0	0	1	11
2013/09/04-17:08:30	67	1,179.228	65.165	2	0	1	0	1	0	0	1	0	0	1	7
2013/09/04-17:08:56	65	1,206.981	62.566	1	0	0	0	0	0	1	1	0	0	1	4
2013/09/04-17:09:21	65	1,206.981	62.566	1	0	1	0	1	0	0	1	0	0	1	3
2013/09/04-17:10:06	65	1,206.981	62.566	1	0	0	0	0	0	1	1	0	0	1	3
2013/09/04-22:52:42	66	1,185.401	66.785	1	0	0	0	1	0	0	1	1	0	0	6
2013/09/04-22:53:08	66	1,185.401	66.785	5	0	0	5	0	0	1	1	0	0	1	17
2013/09/04-22:53:44	66	1,185.401	66.785	2	0	0	0	0	0	1	1	0	0	1	6
2013/09/04-22:54:09	66	1,185.401	66.785	2	0	0	0	2	0	0	1	1	0	0	6
2013/09/04-22:54:34	66	1,185.401	66.785	2	0	0	0	1	0	1	1	1	0	0	8
2013/09/04-23:08:07	66	1,185.401	66.785	1	0	0	0	1	0	1	1	0	0	1	3
2013/09/04-23:08:29	66	1,185.401	66.785	7	0	0	0	1	0	0	1	1	0	0	21
2013/09/04-23:09:09	66	1,185.401	66.785	1	0	0	0	0	0	1	1	0	0	1	5
2013/09/04-23:09:34	66	1,185.401	66.785	6	0	1	1	0	0	0	1	0	0	1	19
2013/09/04-23:10:12	66	1,185.401	66.785	1	0	1	0	0	0	0	1	0	0	1	4
2013/09/04-23:19:14	67	1,180.859	60.784	1	0	0	0	0	0	0	1	1	0	0	3
2013/09/04-23:19:36	67	1,180.859	60.784	1	0	0	0	0	0	1	1	0	0	1	3
2013/09/04-23:20:55	67	1,180.859	60.784	2	0	0	0	0	0	0	1	1	0	0	6
2013/09/04-23:21:19	67	1,180.859	60.784	2	0	1	0	0	0	0	1	0	0	1	7
2013/09/04-23:22:14	67	1,180.859	60.784	2	0	0	0	0	0	0	1	1	0	0	6
2013/09/05-03:34:34	66	1,191.619	64.048	2	0	0	0	0	0	0	1	1	0	0	6
2013/09/05-03:34:59	66	1,191.619	64.048	2	0	0	0	0	0	0	1	1	0	0	6
2013/09/05-03:35:23	66	1,191.619	64.048	1	0	0	0	0	0	1	1	0	0	1	4
2013/09/05-03:35:48	66	1,191.619	64.048	1	0	0	0	0	0	1	1	0	0	1	3
2013/09/05-03:36:13	66	1,191.619	64.048	2	0	0	0	2	0	0	1	1	0	0	6
2013/09/05-03:50:08	68	1,177.178	61.066	1	0	1	0	0	0	0	1	0	0	1	3
2013/09/05-03:50:30	68	1,177.178	61.066	3	0	0	0	1	0	0	1	1	0	0	11
2013/09/05-03:51:00	68	1,177.178	61.066	2	0	0	0	0	0	0	1	1	0	0	6
2013/09/05-03:51:25	68	1,177.178	61.066	3	0	1	0	0	0	0	1	0	0	1	9
2013/09/05-03:51:53	68	1,177.178	61.066	1	0	0	0	0	0	1	1	0	0	1	4
2013/09/05-03:59:03	68	1,171.003	58.138	1	0	0	0	0	0	1	1	0	0	1	3
2013/09/05-03:59:33	68	1,171.003	58.138	6	0	1	0	0	0	0	1	0	0	1	17
2013/09/05-04:00:50	68	1,171.003	58.138	8	0	1	0	0	0	0	1	1	0	0	25
2013/09/05-04:01:34	68	1,171.003	58.138	5	0	0	0	0	0	1	1	0	0	1	15
2013/09/05-04:02:08	68	1,171.003	58.138	1	0	1	0	0	0	0	1	0	0	1	3
2013/09/06-01:15:04	67	1,172.746	60.953	2	0	0	0	0	0	0	1	1	0	0	6
2013/09/06-01:15:29	67	1,172.746	60.953	2	0	0	0	0	0	0	1	1	0	0	6
2013/09/06-01:15:53	67	1,172.746	60.953	2	0	0	0	0	0	0	1	1	0	0	6
2013/09/06-01:16:18	67	1,172.746	60.953	2	0	0	0	0	0	0	1	1	0	0	6
2013/09/06-01:16:43	67	1,172.746	60.953	2	0	0	0	0	0	0	1	1	0	0	6
2013/09/06-01:23:55	66	1,197.948	58.361	16	0	0	1	0	0	1	1	0	0	1	48
2013/09/06-01:25:01	66	1,197.948	58.361	3	0	0	0	0	0	1	1	0	0	1	9
2013/09/06-01:25:32	66	1,197.948	58.361	1	0	0	0	0	0	1	1	0	0	1	4
2013/09/06-01:26:05	66	1,197.948	58.361	2	0	0	0	0	0	1	1	0	0	1	6
2013/09/06-01:27:16	66	1,197.948	58.361	1	0	0	0	0	0	1	1	0	0	1	3
2013/09/06-01:35:03	66	1,197.948	58.361	2	0	0	0	0	0	1	1	0	0	1	6
2013/09/06-01:35:27	66	1,197.948	58.361	2	0	0	0	0	0	1	1	0	0	1	6
2013/09/06-01:35:52	66	1,197.948	58.361	3	0	0	1	0	0	0	1	1	0	0	7
2013/09/06-01:36:18	66	1,197.948	58.361	1	0	0	0	0	0	1	1	0	0	1	4
2013/09/06-01:36:43	68	1,137.552	54.315	1	0	0	0	0	0	1	1	0	0	1	3
2013/09/09-08:02:47	69	1,126.719	70.406	0	0	1	0	0	0	0	1	0	0	1	0
2013/09/09-08:05:11	69	1,126.719	70.406	2	0	0	0	0	0	1	1	0	0	1	4
2013/09/09-08:35:06	69	1,126.719	70.406	1	0	0	0	0	0	1	1	0	0	1	6
2013/09/09-08:35:59	69	1,126.719	70.406	1	0	0	0	0	0	1	1	0	0	1	3
2013/09/09-08:36:34	69	1,126.719	70.406	1	0	0	0	0	0	1	1	0	0	1	3
2013/09/09-08:48:29	69	1,079.548	65.984	1	0	0	0	0	0	1	1	0	0	1	3
2013/09/09-08:48:53	69	1,079.548	65.984	2	0	0	0	0	0	1	1	0	0	1	6
2013/09/09-08:49:18	69	1,079.548	65.984	3	0	0	0	0	0	0	1	1	0	0	6
2013/09/09-08:49:43	69	1,079.548	65.984	2	0	0	0	1	0	1	1	1	0	0	8
2013/09/09-08:50:10	69	1,079.548	65.984	1	0	0	0	0	0	1	1	0	0	1	3
2013/09/09-20:32:57	69	1,079.548	65.984	5	0	0	0	0	0	0	1	1	0	0	16
2013/09/09-20:33:31	71	1,078.486	61.56	1	0	0	0	0	0	1	1	0	0	1	4
2013/09/09-20:33:56	71	1,078.486	61.56	2	0	0	0	0	0	1	1	0	0	1	6
2013/09/09-20:34:26	71	1,078.486	61.56	3	0	0	0	0	0	1	1	0	0	1	9
2013/09/09-20:34:54	71	1,078.486	61.56	5	0	0	0	0	0	0	1	1	0	0	13
2013/09/10-23:11:35	72	1,069.58	65.739	1	0	0	0	0	0	1	1	0	0	1	3
2013/09/10-23:13:12	72	1,069.58	65.739	1	0	0	0	0	0	1	1	0	0	1	3
2013/09/10-23:14:39	72	1,069.58	65.739	4	0	0	0	0	0	1	1	0	0	1	12
2013/09/10-23:15:12	72	1,069.58	65.739	1	0	0	0	0	0	1	1	0	0	1	3
2013/09/10-23:15:53	72	1,069.58	65.739	2	0	0	0	0	0	1	1	0	0	1	6
2013/09/10-23:22:44	75	1,019.976	61.993	2	0	0	0	0	0	0	1	1	0	0	6
2013/09/10-23:23:09	75	1,019.976	61.993	1	0	0	0	0	0	1	1	0	0	1	3
2013/09/10-23:40:09	75	1,019.976	61.993	2	0	0	0	0	0	1	1	0	0	1	6
2013/09/10-23:40:33	75	1,019.976	61.993	2	0	0	0	0	0	0	1	1	0	0	6
2013/09/10-23:40:58	75	1,019.976	61.993	1	0	0	0	0	0	1	1	0	0	1	5
2013/09/10-23:52:47	75	1,019.976	61.993	1	0	0	0	0	0	1	1	0	0	1	3
2013/09/10-23:53:11	75	1,019.976	61.993	1	0	0	0	0	0	1	1	0	0	1	3
2013/09/10-23:53:36	75	1,019.976	61.993	2	0	0	0	0	0	1	1	0	0	1	6
2013/09/10-23:54:01	75	1,019.976	61.993	2	0	0	0	0	0	0	1	1	0	0	6
2013/09/10-23:54:26	75	1,019.976	61.993	1	0	0	0	0	0	1	1	0	0	1	5
2013/09/11-14:34:00	76	1,010.665	64.742	1	0	0	0	0	0	1	1	0	0	1	6
2013/09/11-14:34:29	76	1,010.665	64.742	1	0	0	0	0	0	1	1	0	0	1	3
2013/09/11-14:34:54	76	1,010.665	64.742	1	0	0	0	0	0	1	1	0	0	1	3
2013/09/11-14:35:20	76	1,010.665	64.742	3	0	0	0	0	0	1	1	0	0	1	9
2013/09/11-14:35:48	76	1,010.665	64.742	1	0	0	0	0	0	1	1	0	0	1	3
2013/09/11-14:36:20	76	1,010.665	64.742	1	0	0	0	0	0	1	1	0	0	1	3
2013/09/11-14:36:45	76	1,010.665	64.742	2	0	0	0	0	0	1	1	0	0	1	6
2013/09/11-14:37:10	76	1,010.665	64.742	1	0	0	0	0	0	1	1	0	0	1	3
2013/09/11-14:37:35	76	1,010.665	64.742	1	0	0	0	0	0	1	1	0	0	1	3
2013/09/11-14:37:59	76	1,010.665	64.742	1	0	0	0	0	0	1	1	0	0	1	3
2013/09/11-14:50:59	79	943.713	58.797	1	0	0	0	0	0	1	1	0	0	1	3
2013/09/11-14:51:24	79	943.713	58.797	2	0	0	0	0	0	1	1	0	0	1	6
2013/09/11-14:51:49	79	943.713	58.797	1	0	0	0	0	0	1	1	0	0	1	3
2013/09/11-14:52:13	79	943.713	58.797	1	0	0	0	0	0	1	1	0	0	1	3
2013/09/11-14:52:38	79	943.713	58.797	2	0	0	0	0	0	0	1	1	0	0	6
2013/09/12-08:41:18	79	933.682	63.64	2	0	0	0	0	0	1	1	0	0	1	9
2013/09/12-08:41:58	79	934.306	63.14	1	0	0	0	0	0	1	1	0	0	1	3
2013/09/12-08:42:47	79	934.306	63.14	6	0	0	0	0	0	1	1	0	0	1	18
2013/09/12-08:43:25	79	934.306	63.14	3	0	0	0	0	0	1	1	0	0	1	9
2013/09/12-08:44:08	79	934.306	63.14	1	0	0	0	0	0	1	1	0	0	1	3
2013/09/12-08:47:32	79	934.306	63.14	1	0	0	0	0	0	1	1	0	0	1	3
2013/09/12-08:47:57	79	934.306	63.14	3	0	0	0	0	0	0	1	1	0	0	8
2013/09/12-08:48:23	79	934.306	63.14	2	0	0	0	0	0	1	1	0	0	1	6
2013/09/12-08:48:49	79	934.306	63.14	1	0	0	0	0	0	1	1	0	0	1	3
2013/09/12-08:50:55	79	934.306	63.14	1	0	0	0	0	0	1	1	0	0	1	3
2013/09/12-08:58:03	79	934.306	63.14	1	0	0	0	0	0	1	1	0	0	1	3
2013/09/12-08:58:28	79	934.306	63.14	2	0	0	0	0	0	1	1	0	0	1	6
2013/09/12-08:58:53	79	934.306	63.14	1	0	0	0	0	0	1	1	0	0	1	3
2013/09/12-08:59:18	79	934.306	63.14	1	0	0	0	0	0	1	1	0	0	1	3
2013/09/12-08:59:43	79	934.306	63.14	1	0	0	0	0	0	1	1	0	0	1	3
2013/09/12-09:11:37	82	902.945	56.455	1	0	0	0	0	0	1	1	0	0	1	3
2013/09/12-09:12:00	82	902.945	56.455	1	0	0	0	0	0	1	1	0	0	1	3
2013/09/12-09:12:42	82	902.945	56.455	7	0	0	2	1	0	1	1	0	0	1	19
2013/09/12-09:13:20	82	902.945	56.455	1	0	0	0	0	0	1	1	0	0	1	5
2013/09/12-09:13:48	82	902.945	56.455	5	0	0	1	0	0	1	1	0	0	1	15
2013/09/12-10:45:13	82	902.945	56.455	2	0	0	0	0	0	1	1	0	0	1	6
2013/09/12-10:45:38	82	902.945	56.455	1	0	0	0	0	0	1	1	0	0	1	3
2013/09/12-10:46:00	82	902.945	56.455	2	0	0	0	0	0	0	1	1	0	0	6
2013/09/12-10:46:25	82	902.945	56.455	2	0	0	0	0	0	1	1	0	0	1	6
2013/09/12-10:46:49	82	902.945	56.455	2	0	0	0	0	0	0	1	1	0	0	6
2013/09/12-10:59:42	83	906.51	53.453	1	0	0	0	0	0	1	1	0	0	1	4
2013/09/12-11:00:07	83	906.51	53.453	2	0	0	0	0	0	0	1	1	0	0	6
2013/09/12-11:00:31	83	906.51	53.453	3	0	0	1	0	0	0	1	1	0	0	11
2013/09/12-11:01:01	83	906.51	53.453	2	0	0	0	0	0	1	1	0	0	1	8
2013/09/12-11:01:28	83	906.51	53.453	1	0	0	0	0	0	1	1	0	0	1	3
2013/09/14-03:24:09	80	916.444	76.787	1	0	0	0	0	0	1	1	0	0	1	6
2013/09/14-03:25:01	80	916.444	76.787	3	0	0	0	0	0	1	1	0	0	1	9
2013/09/14-03:26:02	80	916.444	76.787	1	0	0	0	0	0	1	1	0	0	1	3
2013/09/14-03:27:20	80	916.444	76.787	2	0	0	0	0	0	1	1	0	0	1	6
2013/09/14-03:28:33	80	916.444	76.787	3	0	0	0	0	0	1	1	0	0	1	9
2013/09/14-03:37:19	80	916.444	76.787	1	0	0	0	0	0	1	1	0	0	1	3
2013/09/14-03:37:50	80	916.444	76.787	2	0	0	0	0	0	1	1	0	0	1	6
2013/09/14-03:39:02	80	916.444	76.787	1	0	0	0	0	0	1	1	0	0	1	3
2013/09/14-03:39:58	80	916.444	76.787	4	0	0	0	0	0	1	1	0	0	1	12
2013/09/14-03:41:17	80	916.444	76.787	1	0	0	0	0	0	1	1	0	0	1	3
2013/09/14-03:54:25	80	916.444	76.787	2	0	0	0	0	0	1	1	0	0	1	6
2013/09/14-03:54:50	80	916.444	76.787	3	0	0	0	0	0	1	1	0	0	1	9
2013/09/14-03:55:31	80	916.444	76.787	1	0	0	0	0	0	1	1	0	0	1	3
2013/09/14-03:56:01	80	916.444	76.787	1	0	0	0	0	0	1	1	0	0	1	3
2013/09/14-03:56:27	80	920.641	70.985	3	0	0	0	0	0	0	1	1	0	0	9
2013/09/14-06:31:41	79	942.854	73.123	2	0	0	0	0	0	1	1	0	0	1	8
2013/09/14-06:32:07	79	942.854	73.123	2	0	0	0	0	0	1	1	0	0	1	6
2013/09/14-06:32:36	79	942.854	73.123	1	0	0	0	0	0	1	1	0	0	1	3
2013/09/14-06:33:25	79	942.854	73.123	8	0	0	0	1	0	1	1	0	0	1	24
2013/09/14-06:34:08	79	942.854	73.123	1	0	0	0	0	0	1	1	0	0	1	3
2013/09/14-06:34:42	79	942.854	73.123	2	0	0	0	0	0	1	1	0	0	1	6
2013/09/14-06:35:07	79	942.854	73.123	1	0	0	0	0	0	1	1	0	0	1	3
2013/09/14-06:35:47	79	942.854	73.123	6	0	0	0	0	0	1	1	0	0	1	18
2013/09/14-06:36:27	79	942.854	73.123	3	0	0	0	0	0	1	1	0	0	1	9
2013/09/14-06:36:55	79	942.854	73.123	2	0	0	0	0	0	1	1	0	0	1	6
2013/09/14-06:52:09	79	942.854	73.123	1	0	0	0	0	0	1	1	0	0	1	3
2013/09/14-06:52:33	79	942.854	73.123	1	0	0	0	0	0	1	1	0	0	1	3
2013/09/14-06:52:58	79	942.854	73.123	1	0	0	0	0	0	1	1	0	0	1	3
2013/09/14-06:53:23	79	942.854	73.123	2	0	0	0	0	0	0	1	1	0	0	6
2013/09/14-06:53:48	79	945.45	66.452	2	0	0	0	0	0	0	1	1	0	0	6
2013/09/14-12:38:18	78	956.502	69.639	4	0	0	0	0	0	1	1	0	0	1	15
2013/09/14-12:39:13	78	956.502	69.639	2	0	0	0	0	0	1	1	0	0	1	7
2013/09/14-12:39:56	78	956.502	69.639	1	0	0	0	0	0	1	1	0	0	1	3
2013/09/14-12:40:21	78	956.502	69.639	4	0	0	0	0	0	1	1	0	0	1	14
2013/09/14-12:40:53	78	956.502	69.639	1	0	0	0	0	0	1	1	0	0	1	3
2013/09/14-12:41:48	76	976.221	67.854	1	0	0	0	0	0	1	1	0	0	1	3
2013/09/14-12:42:13	76	976.221	67.854	2	0	0	0	0	0	1	1	0	0	1	6
2013/09/14-12:42:47	76	976.221	67.854	1	0	0	0	0	0	1	1	0	0	1	3
2013/09/14-12:43:18	76	976.221	67.854	3	0	0	0	0	0	1	1	0	0	1	9
2013/09/14-12:44:04	76	976.221	67.854	1	0	0	0	0	0	1	1	0	0	1	3
2013/09/14-13:00:46	76	976.221	67.854	1	0	0	0	0	0	1	1	0	0	1	3
2013/09/14-13:01:10	76	976.221	67.854	2	0	0	0	0	0	0	1	1	0	0	7
2013/09/14-13:01:36	76	976.221	67.854	1	0	0	0	0	0	0	1	1	0	0	6
2013/09/14-13:02:01	76	976.221	67.854	2	0	0	0	0	0	0	1	1	0	0	7
2013/09/14-13:02:26	76	976.221	67.854	2	0	0	0	0	0	1	1	0	0	1	6
2013/09/14-16:27:57	76	975.574	66.919	1	0	0	0	0	0	1	1	0	0	1	3
2013/09/14-16:28:56	76	975.574	66.919	1	0	0	0	0	0	1	1	0	0	1	4
2013/09/14-16:29:35	76	975.574	66.919	13	0	0	1	1	0	1	1	0	0	1	41
2013/09/14-16:30:53	76	975.574	66.919	1	0	0	0	0	0	1	1	0	0	1	3
2013/09/14-16:32:12	76	975.574	66.919	1	0	0	0	0	0	1	1	0	0	1	4
2013/09/14-16:40:32	76	975.574	66.919	6	0	0	2	0	0	0	1	1	0	0	17
2013/09/14-16:41:08	76	975.574	66.919	4	0	0	0	0	0	1	1	0	0	1	15
2013/09/14-16:41:41	76	975.574	66.919	4	0	1	0	0	0	0	1	0	0	1	12
2013/09/14-16:42:12	76	975.574	66.919	1	0	0	0	0	0	1	1	0	0	1	3
2013/09/14-16:42:37	76	975.574	66.919	2	0	0	0	0	0	1	1	0	0	1	6
2013/09/14-16:56:56	76	990.837	62.694	2	0	0	0	0	0	1	1	0	0	1	7
2013/09/14-16:57:22	76	990.837	62.694	1	0	0	0	0	0	1	1	0	0	1	3
2013/09/14-16:57:55	76	990.837	62.694	3	0	0	0	0	0	0	1	1	0	0	10
2013/09/14-16:58:23	76	990.837	62.694	6	0	0	0	0	0	1	1	0	0	1	20
2013/09/14-16:59:02	76	990.837	62.694	1	0	0	0	0	0	1	1	0	0	1	3
2013/09/14-21:40:27	75	998.621	66.131	1	0	1	0	0	0	0	1	0	0	1	6
2013/09/14-21:41:16	75	998.621	66.131	2	0	0	0	0	0	1	1	0	0	1	7
2013/09/14-21:41:50	75	998.621	66.131	2	0	0	0	0	0	1	1	0	0	1	6
2013/09/14-21:42:15	75	998.621	66.131	6	0	0	0	0	0	1	1	0	0	1	20
2013/09/14-21:42:54	75	998.621	66.131	1	0	0	0	0	0	1	1	0	0	1	3
2013/09/14-21:47:20	75	1,029.437	64.214	2	0	0	0	0	0	1	1	0	0	1	6
2013/09/14-21:47:46	75	1,029.437	64.214	2	0	0	0	0	0	1	1	0	0	1	7
2013/09/14-21:48:11	75	1,029.437	64.214	2	0	0	0	0	0	1	1	0	0	1	8
2013/09/14-21:48:38	75	1,029.437	64.214	6	0	0	1	0	0	1	1	0	0	1	19
2013/09/14-21:49:16	75	1,029.437	64.214	1	0	0	0	0	0	1	1	0	0	1	3
2013/09/14-22:01:58	75	1,029.437	64.214	19	0	0	6	0	0	0	1	1	0	0	60
2013/09/14-22:03:17	75	1,029.437	64.214	1	0	0	0	0	0	1	1	0	0	1	4
2013/09/14-22:03:51	75	1,029.437	64.214	1	0	0	0	0	0	1	1	0	0	1	4
2013/09/14-22:04:22	75	1,029.437	64.214	1	0	0	0	0	0	1	1	0	0	1	3
2013/09/14-22:04:56	75	1,029.437	64.214	1	0	0	0	0	0	1	1	0	0	1	3
2013/09/15-09:16:46	75	1,043.907	64.74	2	0	0	0	0	0	1	1	0	0	1	8
2013/09/15-09:17:56	75	1,043.907	64.74	1	0	0	0	0	0	1	1	0	0	1	3
2013/09/15-09:19:01	75	1,043.907	64.74	4	0	0	0	0	0	1	1	0	0	1	10
2013/09/15-09:20:13	75	1,043.907	64.74	4	0	1	0	0	0	0	1	0	0	1	15
2013/09/15-09:21:31	75	1,043.907	64.74	2	0	0	0	0	0	1	1	0	0	1	8
2013/09/15-09:30:27	75	1,043.907	64.74	1	0	0	0	0	0	1	1	0	0	1	3
2013/09/15-09:30:52	75	1,043.907	64.74	2	0	0	0	0	0	0	1	1	0	0	6
2013/09/15-09:31:17	75	1,043.907	64.74	2	0	0	0	0	0	0	1	1	0	0	7
2013/09/15-09:31:43	75	1,043.907	64.74	1	0	0	0	0	0	1	1	0	0	1	5
2013/09/15-09:32:08	75	1,043.907	64.74	2	0	0	0	0	0	0	1	1	0	0	32
2013/09/15-09:49:06	75	1,050.139	60.382	2	0	0	0	0	0	0	1	1	0	0	8
2013/09/15-09:49:32	75	1,050.139	60.382	1	0	0	0	0	0	1	1	0	0	1	3
2013/09/15-09:49:58	75	1,050.139	60.382	1	0	0	0	0	0	1	1	0	0	1	3
2013/09/15-09:50:27	75	1,050.139	60.382	1	0	0	0	0	0	1	1	0	0	1	4
2013/09/15-09:50:53	75	1,050.139	60.382	1	0	0	0	0	0	1	1	0	0	1	3
