2013/09/02-21:42:16	33	1,500	352.012	0	0	1	0	0	0	0	1	0	0	1	6
2013/09/02-21:43:02	33	1,500	352.012	0	0	1	0	0	0	0	1	0	0	1	3
2013/09/02-21:43:25	33	1,500	352.012	0	0	1	0	0	0	0	1	0	0	1	6
2013/09/02-21:44:42	33	1,500	352.012	0	0	1	0	0	0	0	1	0	0	1	6
2013/09/02-21:45:48	33	1,500	352.012	0	0	1	0	0	0	0	1	0	0	1	6
2013/09/02-22:31:18	33	1,500	352.012	0	0	1	0	0	0	0	1	0	0	1	6
2013/09/02-22:32:37	33	1,500	352.012	0	0	1	0	0	0	0	1	0	0	1	6
2013/09/02-22:33:23	33	1,500	352.012	0	0	1	0	0	0	0	1	0	0	1	6
2013/09/02-22:33:50	33	1,500	352.012	0	0	1	0	0	0	0	1	0	0	1	3
2013/09/02-22:34:25	33	1,500	352.012	0	0	1	0	0	0	0	1	0	0	1	4
2013/09/02-22:44:42	86	374.231	265.281	0	0	1	0	0	0	0	1	0	0	1	6
2013/09/02-22:45:07	86	374.231	265.281	0	0	1	0	0	0	0	1	0	0	1	6
2013/09/02-22:45:32	86	374.231	265.281	0	0	1	0	0	0	0	1	0	0	1	3
2013/09/02-22:45:57	86	374.231	265.281	0	0	1	0	0	0	0	1	0	0	1	6
2013/09/02-22:46:22	86	374.231	265.281	0	0	1	0	0	0	0	1	0	0	1	6
2013/09/03-00:40:11	86	327.16	217.201	0	0	1	0	0	0	0	1	0	0	1	6
2013/09/03-00:40:53	86	327.16	217.201	0	0	1	0	0	0	0	1	0	0	1	3
2013/09/03-00:41:17	86	327.16	217.201	0	0	1	0	0	0	0	1	0	0	1	6
2013/09/03-00:41:50	86	327.16	217.201	0	0	1	0	0	0	0	1	0	0	1	4
2013/09/03-00:42:16	86	327.16	217.201	0	0	1	0	0	0	0	1	0	0	1	6
2013/09/03-00:50:28	86	327.16	217.201	0	0	1	0	0	0	0	1	0	0	1	6
2013/09/03-00:50:53	86	327.16	217.201	0	0	1	0	0	0	0	1	0	0	1	6
2013/09/03-00:51:18	86	327.16	217.201	0	0	0	0	0	0	0	1	1	0	0	6
2013/09/03-00:51:43	86	327.16	217.201	0	0	1	0	0	0	0	1	0	1	0	6
2013/09/03-00:52:08	86	327.16	217.201	0	0	0	0	0	0	0	1	1	0	0	6
2013/09/03-01:04:21	86	327.16	217.201	0	0	0	0	0	0	0	1	1	0	0	6
2013/09/03-01:04:46	86	327.16	217.201	0	0	0	0	0	0	0	1	1	0	0	6
2013/09/03-01:05:11	69	1,176.828	174.995	0	0	1	0	0	0	0	1	0	0	1	6
2013/09/03-01:05:36	69	1,176.828	174.995	0	0	1	0	0	0	0	1	0	0	1	6
2013/09/03-01:06:01	69	1,176.828	174.995	0	0	1	0	0	0	0	1	0	0	1	6
2013/09/03-15:54:55	73	1,042.15	163.3	0	0	1	0	0	0	0	1	0	0	1	6
2013/09/03-15:55:21	73	1,042.15	163.3	0	0	1	0	0	0	0	1	0	0	1	3
2013/09/03-15:55:46	73	1,042.15	163.3	0	0	1	0	0	0	0	1	0	0	1	6
2013/09/03-15:56:11	73	1,042.15	163.3	0	0	1	0	0	0	0	1	0	0	1	6
2013/09/03-15:56:36	73	1,042.15	163.3	0	0	1	0	0	0	0	1	0	0	1	6
2013/09/03-16:06:06	73	1,042.15	163.3	0	0	1	0	0	0	0	1	0	0	1	6
2013/09/03-16:06:31	73	1,042.15	163.3	0	0	1	0	0	0	0	1	0	0	1	6
2013/09/03-16:06:56	73	1,042.15	163.3	0	0	1	0	0	0	0	1	0	0	1	6
2013/09/03-16:07:21	73	1,042.15	163.3	0	0	1	0	0	0	0	1	0	0	1	6
2013/09/03-16:07:46	73	1,042.15	163.3	0	0	1	0	0	0	0	1	0	0	1	6
2013/09/03-16:13:40	76	988.126	130.585	0	0	1	0	0	0	0	1	1	0	0	6
2013/09/03-16:14:05	76	988.126	130.585	0	0	1	0	0	0	0	1	1	0	0	6
2013/09/03-16:14:30	76	988.126	130.585	0	0	0	0	0	0	0	1	1	0	0	6
2013/09/03-16:14:55	76	988.126	130.585	0	0	1	0	0	0	0	1	0	0	1	6
2013/09/03-16:15:20	76	988.126	130.585	0	0	1	0	0	0	0	1	0	0	1	6
2013/09/03-20:50:47	76	983.502	116.903	0	0	1	0	0	0	0	1	0	0	1	6
2013/09/03-20:51:12	76	983.502	116.903	0	0	1	0	0	0	0	1	0	0	1	6
2013/09/03-20:51:36	76	983.502	116.903	0	0	1	0	0	0	0	1	0	0	1	6
2013/09/03-20:52:01	76	983.502	116.903	0	0	0	0	0	0	0	1	1	0	0	6
2013/09/03-20:52:26	76	983.502	116.903	0	0	1	0	0	0	0	1	0	0	1	6
2013/09/03-20:58:02	76	983.502	116.903	0	0	1	0	0	0	0	1	0	0	1	6
2013/09/03-20:58:39	76	983.502	116.903	0	0	1	0	0	0	0	1	0	0	1	6
2013/09/03-20:59:09	76	983.502	116.903	0	0	1	0	0	0	0	1	1	0	0	6
2013/09/03-20:59:34	76	983.502	116.903	0	0	1	0	0	0	0	1	0	0	1	3
2013/09/03-21:00:09	76	983.502	116.903	0	0	1	0	0	0	0	1	0	0	1	6
2013/09/03-21:08:55	74	998.601	98.75	0	0	1	0	0	0	0	1	0	0	1	6
2013/09/03-21:09:20	74	998.601	98.75	0	0	1	0	0	0	0	1	0	0	1	6
2013/09/03-21:09:44	74	998.601	98.75	0	0	1	0	0	0	0	1	0	0	1	6
2013/09/03-21:10:10	74	998.601	98.75	0	0	1	0	0	0	0	1	0	0	1	6
2013/09/03-21:10:35	74	998.601	98.75	0	0	1	0	0	0	0	1	0	0	1	6
2013/09/03-21:13:54	74	998.601	98.75	0	0	1	0	0	0	0	1	0	0	1	6
2013/09/03-21:14:19	74	998.601	98.75	0	0	1	0	0	0	0	1	0	0	1	3
2013/09/03-21:14:43	74	998.601	98.75	0	0	1	0	0	0	0	1	0	0	1	4
2013/09/03-21:15:06	74	998.601	98.75	0	0	1	0	0	0	0	1	0	0	1	3
2013/09/03-21:15:31	74	998.601	98.75	0	0	1	0	0	0	0	1	0	0	1	6
2013/09/03-21:22:36	74	998.601	98.75	0	0	1	0	0	0	0	1	0	0	1	6
2013/09/03-21:23:01	74	998.601	98.75	0	0	0	0	0	0	0	1	1	0	0	6
2013/09/03-21:23:25	74	998.601	98.75	0	0	1	0	0	0	0	1	0	0	1	6
2013/09/03-21:23:50	74	998.601	98.75	0	0	1	0	0	0	0	1	0	0	1	6
2013/09/03-21:24:15	74	998.601	98.75	0	0	1	0	0	0	0	1	0	0	1	6
2013/09/03-21:31:30	80	878.806	82.792	0	0	0	0	0	0	0	1	1	0	0	3
2013/09/03-21:31:52	80	878.806	82.792	0	0	0	0	0	0	0	1	1	0	0	3
2013/09/03-21:32:13	80	878.806	82.792	0	0	0	0	0	0	0	1	1	0	0	4
2013/09/03-21:32:36	80	878.806	82.792	0	0	0	0	0	0	0	1	1	0	0	6
2013/09/03-21:33:00	80	878.806	82.792	0	0	1	0	0	0	0	1	0	1	0	3
2013/09/04-16:43:28	81	892.03	82.371	0	0	1	0	0	0	0	1	0	0	1	3
2013/09/04-16:44:05	81	892.03	82.371	0	0	1	0	0	0	0	1	0	0	1	3
2013/09/04-16:44:35	82	870.108	81.604	0	0	1	0	0	0	0	1	0	0	1	3
2013/09/04-16:45:11	82	870.108	81.604	0	0	1	0	0	0	0	1	0	0	1	6
2013/09/04-16:45:42	82	870.108	81.604	0	0	1	0	0	0	0	1	0	0	1	6
2013/09/04-16:53:37	82	870.108	81.604	0	0	1	0	0	0	0	1	0	0	1	6
2013/09/04-16:54:02	82	870.108	81.604	0	0	1	0	0	0	0	1	0	0	1	6
2013/09/04-16:54:27	82	870.108	81.604	0	0	1	0	0	0	0	1	0	0	1	6
2013/09/04-16:54:51	82	870.108	81.604	0	0	0	0	0	0	0	1	1	0	0	6
2013/09/04-16:55:16	82	870.108	81.604	0	0	0	0	0	0	0	1	1	0	0	6
2013/09/04-17:05:46	82	870.108	81.604	0	0	1	0	0	0	0	1	0	0	1	6
2013/09/04-17:06:11	82	870.108	81.604	0	0	1	0	0	0	0	1	0	0	1	6
2013/09/04-17:06:36	82	870.108	81.604	0	0	1	0	0	0	0	1	0	0	1	6
2013/09/04-17:07:01	82	870.108	81.604	0	0	1	0	0	0	0	1	0	0	1	6
2013/09/04-17:07:26	82	870.108	81.604	0	0	1	0	0	0	0	1	0	0	1	6
2013/09/04-23:28:20	83	849.238	76.732	0	0	1	0	0	0	0	1	0	0	1	6
2013/09/04-23:28:45	83	849.238	76.732	0	0	1	0	0	0	0	1	0	0	1	6
2013/09/04-23:29:10	83	849.238	76.732	0	0	1	0	0	0	0	1	0	0	1	4
2013/09/04-23:29:32	83	849.238	76.732	0	0	1	0	0	0	0	1	0	0	1	6
2013/09/04-23:29:57	83	849.238	76.732	0	0	1	0	0	0	0	1	0	0	1	6
2013/09/04-23:42:07	81	892.291	75.921	0	0	1	0	0	0	0	1	0	0	1	3
2013/09/04-23:42:28	81	892.291	75.921	0	0	1	0	0	0	0	1	0	0	1	3
2013/09/04-23:43:22	81	892.291	75.921	0	0	1	0	0	0	0	1	0	0	1	6
2013/09/04-23:43:55	81	892.291	75.921	0	0	1	0	0	0	0	1	0	0	1	6
2013/09/04-23:44:52	81	892.291	75.921	0	0	1	0	0	0	0	1	0	0	1	6
2013/09/04-23:49:46	81	892.291	75.921	0	0	1	0	0	0	0	1	0	0	1	6
2013/09/04-23:50:16	81	892.291	75.921	0	0	1	0	0	0	0	1	0	0	1	6
2013/09/04-23:51:35	81	892.291	75.921	0	0	1	0	0	0	0	1	0	0	1	6
2013/09/04-23:52:54	81	892.291	75.921	0	0	1	0	0	0	0	1	0	0	1	6
2013/09/04-23:53:55	81	892.291	75.921	0	0	1	0	0	0	0	1	0	0	1	6
2013/09/05-04:02:51	81	938.295	80.057	0	0	1	0	0	0	0	1	0	0	1	3
2013/09/05-04:03:12	81	938.295	80.057	0	0	1	0	0	0	0	1	0	0	1	6
2013/09/05-04:03:37	81	938.295	80.057	0	0	1	0	0	0	0	1	0	0	1	3
2013/09/05-04:03:59	81	938.295	80.057	0	0	0	0	0	0	0	1	1	0	0	6
2013/09/05-04:04:24	81	938.295	80.057	0	0	1	0	0	0	0	1	0	0	1	6
2013/09/05-04:23:06	81	938.295	80.057	0	0	1	0	0	0	0	1	0	0	1	6
2013/09/05-04:23:35	81	938.295	80.057	0	0	1	0	0	0	0	1	0	0	1	6
2013/09/05-04:24:54	81	938.295	80.057	0	0	1	0	0	0	0	1	0	0	1	3
2013/09/05-04:25:20	81	938.295	80.057	0	0	1	0	0	0	0	1	0	0	1	6
2013/09/05-04:26:39	81	938.295	80.057	0	0	1	0	0	0	0	1	0	0	1	6
2013/09/05-04:31:21	80	962.66	75.352	0	0	0	0	0	0	0	1	1	0	0	4
2013/09/05-04:31:44	80	962.66	75.352	0	0	1	0	0	0	0	1	0	0	1	6
2013/09/05-04:32:09	80	962.66	75.352	0	0	1	0	0	0	0	1	1	0	0	3
2013/09/05-04:32:32	80	962.66	75.352	0	0	1	0	0	0	0	1	0	0	1	3
2013/09/05-04:32:59	80	962.66	75.352	0	0	1	0	0	0	0	1	0	0	1	6
2013/09/06-01:10:37	78	976.613	74.899	0	0	1	0	0	0	0	1	0	0	1	6
2013/09/06-01:11:05	78	976.613	74.899	0	0	1	0	0	0	0	1	0	0	1	6
2013/09/06-01:11:30	78	976.613	74.899	0	0	1	0	0	0	0	1	0	0	1	6
2013/09/06-01:11:54	78	976.613	74.899	0	0	1	0	0	0	0	1	0	0	1	6
2013/09/06-01:12:19	78	976.613	74.899	0	0	1	0	0	0	0	1	0	0	1	6
2013/09/06-01:27:47	76	980.257	69.778	0	0	1	0	0	0	0	1	0	0	1	6
2013/09/06-01:28:16	76	980.257	69.778	0	0	1	0	0	0	0	1	0	0	1	6
2013/09/06-01:28:40	76	980.257	69.778	0	0	1	0	0	0	0	1	0	0	1	6
2013/09/06-01:29:05	76	980.257	69.778	0	0	1	0	0	0	0	1	0	0	1	6
2013/09/06-01:29:30	76	980.257	69.778	0	0	1	0	0	0	0	1	0	0	1	6
2013/09/06-01:35:03	76	980.257	69.778	0	0	1	0	0	0	0	1	0	0	1	6
2013/09/06-01:35:27	76	980.257	69.778	0	0	1	0	0	0	0	1	0	0	1	6
2013/09/06-01:35:52	76	980.257	69.778	0	0	1	0	0	0	0	1	0	0	1	6
2013/09/06-01:36:18	76	980.257	69.778	0	0	1	0	0	0	0	1	0	0	1	6
2013/09/06-01:36:43	78	963.478	63.53	0	0	1	0	0	0	0	1	0	0	1	6
2013/09/09-08:37:08	79	970.709	77.555	0	0	1	0	0	0	0	1	0	0	1	6
2013/09/09-08:37:38	79	970.709	77.555	0	0	1	0	0	0	0	1	0	0	1	6
2013/09/09-08:38:19	79	970.709	77.555	0	0	1	0	0	0	0	1	0	0	1	6
2013/09/09-08:38:48	79	970.709	77.555	0	0	1	0	0	0	0	1	0	0	1	6
2013/09/09-08:39:31	79	970.709	77.555	0	0	1	0	0	0	0	1	0	0	1	6
2013/09/09-08:51:12	79	970.709	77.555	0	0	1	0	0	0	0	1	0	0	1	6
2013/09/09-08:51:37	79	970.709	77.555	0	0	1	0	0	0	0	1	0	0	1	6
2013/09/09-08:52:02	79	970.709	77.555	0	0	1	0	0	0	0	1	0	0	1	6
2013/09/09-08:52:27	79	970.709	77.555	0	0	1	0	0	0	0	1	0	0	1	6
2013/09/09-09:09:45	79	970.709	77.555	0	0	1	0	0	0	0	1	0	0	1	6
2013/09/09-20:30:45	79	970.709	77.555	0	0	0	0	0	0	0	1	1	0	0	6
2013/09/09-20:31:11	79	970.709	77.555	0	0	1	0	0	0	0	1	0	0	1	6
2013/09/09-20:31:36	79	970.709	77.555	0	0	0	0	0	0	0	1	1	0	0	6
2013/09/09-20:32:01	79	970.709	77.555	0	0	1	0	0	0	0	1	0	0	1	6
2013/09/09-20:32:25	79	970.709	77.555	0	0	1	0	0	0	0	1	0	0	1	6
2013/09/09-21:37:26	81	933.316	66.549	0	0	1	0	0	0	0	1	0	0	1	6
2013/09/09-21:37:54	81	933.316	66.549	0	0	1	0	0	0	0	1	0	0	1	6
2013/09/09-22:01:34	81	933.316	66.549	0	0	1	0	0	0	0	1	0	0	1	6
2013/09/09-22:02:10	81	933.316	66.549	0	0	1	0	0	0	0	1	0	0	1	6
2013/09/09-22:04:10	81	933.316	66.549	0	0	1	0	0	0	0	1	0	0	1	6
2013/09/09-22:16:22	81	933.316	66.549	0	0	1	0	0	0	0	1	0	0	1	6
2013/09/09-22:16:46	81	933.316	66.549	0	0	1	0	0	0	0	1	0	0	1	6
2013/09/09-22:17:11	81	933.316	66.549	0	0	0	0	0	0	0	1	1	0	0	6
2013/09/09-22:17:36	81	933.316	66.549	0	0	0	0	0	0	0	1	1	0	0	6
2013/09/09-22:18:01	81	933.316	66.549	0	0	0	0	0	0	0	1	1	0	0	6
2013/09/09-22:30:40	81	937.822	61.717	0	0	1	0	0	0	0	1	0	0	1	6
2013/09/09-22:31:05	81	937.822	61.717	0	0	1	0	0	0	0	1	0	0	1	6
2013/09/09-22:31:30	81	937.822	61.717	0	0	1	0	0	0	0	1	0	0	1	6
2013/09/09-22:31:55	81	937.822	61.717	0	0	1	0	0	0	0	1	0	0	1	6
2013/09/09-22:32:20	81	937.822	61.717	0	0	1	0	0	0	0	1	0	0	1	6
2013/09/11-00:11:19	83	915.986	66.096	0	0	1	0	0	0	0	1	0	0	1	6
2013/09/11-00:11:44	83	915.986	66.096	0	0	1	0	0	0	0	1	0	0	1	6
2013/09/11-00:12:09	83	915.986	66.096	0	0	1	0	0	0	0	1	0	0	1	6
2013/09/11-00:12:34	83	915.986	66.096	0	0	1	0	0	0	0	1	0	0	1	6
2013/09/11-00:13:53	83	915.986	66.096	0	0	1	0	0	0	0	1	0	0	1	6
2013/09/11-00:19:37	83	915.986	66.096	0	0	1	0	0	0	0	1	0	0	1	6
2013/09/11-00:20:01	83	915.986	66.096	0	0	1	0	0	0	0	1	0	0	1	6
2013/09/11-00:20:26	83	915.986	66.096	0	0	0	0	0	0	0	1	1	0	0	6
2013/09/11-00:20:51	83	915.986	66.096	0	0	1	0	0	0	0	1	0	0	1	6
2013/09/11-00:21:16	83	915.986	66.096	0	0	1	0	0	0	0	1	0	0	1	6
2013/09/11-00:32:58	83	915.986	66.096	0	0	0	0	0	0	0	1	1	0	0	3
2013/09/11-00:33:20	83	915.986	66.096	0	0	0	0	0	0	0	1	1	0	0	6
2013/09/11-00:33:45	83	915.986	66.096	0	0	0	0	0	0	0	1	1	0	0	3
2013/09/11-00:34:06	83	915.986	66.096	0	0	0	0	0	0	0	1	1	0	0	3
2013/09/11-00:34:28	83	915.986	66.096	0	0	0	0	0	0	0	1	1	0	0	6
2013/09/11-15:04:55	81	909.781	65.201	0	0	1	0	0	0	0	1	0	0	1	6
2013/09/11-15:05:56	81	909.781	65.201	0	0	1	0	0	0	0	1	0	0	1	6
2013/09/11-15:07:15	81	909.781	65.201	0	0	1	0	0	0	0	1	0	0	1	6
2013/09/11-15:08:33	81	909.781	65.201	0	0	1	0	0	0	0	1	0	0	1	0
2013/09/11-16:19:28	81	909.781	65.201	0	0	1	0	0	0	0	1	0	0	1	6
2013/09/11-16:33:54	83	891.797	64.217	0	0	1	0	0	0	0	1	0	0	1	6
2013/09/11-16:34:19	83	891.797	64.217	0	0	1	0	0	0	0	1	0	0	1	6
2013/09/11-16:34:44	83	891.797	64.217	0	0	1	0	0	0	0	1	0	0	1	6
2013/09/11-16:35:09	83	891.797	64.217	0	0	1	0	0	0	0	1	0	0	1	6
2013/09/11-16:35:33	83	891.797	64.217	0	0	1	0	0	0	0	1	1	0	0	6
2013/09/11-16:46:23	83	891.797	64.217	0	0	0	0	0	0	0	1	1	0	0	3
2013/09/11-16:46:45	83	891.797	64.217	0	0	0	0	0	0	0	1	1	0	0	3
2013/09/11-16:47:07	83	891.797	64.217	0	0	0	0	0	0	0	1	1	0	0	3
2013/09/11-16:47:29	83	891.797	64.217	0	0	0	0	0	0	0	1	1	0	0	6
2013/09/11-16:47:53	83	891.797	64.217	0	0	0	0	0	0	0	1	1	0	0	6
2013/09/12-09:16:42	84	887.871	64.905	0	0	1	0	0	0	0	1	0	0	1	6
2013/09/12-09:17:07	84	887.871	64.905	0	0	1	0	0	0	0	1	0	0	1	6
2013/09/12-09:17:32	84	887.871	64.905	0	0	1	0	0	0	0	1	0	0	1	6
2013/09/12-09:17:59	84	887.871	64.905	0	0	1	0	0	0	0	1	0	0	1	6
2013/09/12-09:18:24	84	887.871	64.905	0	0	1	0	0	0	0	1	0	0	1	6
2013/09/12-10:47:21	84	887.871	64.905	0	0	1	0	0	0	0	1	0	0	1	6
2013/09/12-10:48:19	84	887.871	64.905	0	0	1	0	0	0	0	1	0	0	1	6
2013/09/12-10:49:38	84	887.871	64.905	0	0	1	0	0	0	0	1	0	0	1	6
2013/09/12-10:50:50	84	887.871	64.905	0	0	1	0	0	0	0	1	0	0	1	6
2013/09/12-10:51:22	84	887.871	64.905	0	0	1	0	0	0	0	1	0	0	1	6
2013/09/12-11:01:59	79	929.966	62.769	0	0	1	0	0	0	0	1	0	0	1	6
2013/09/12-11:02:24	79	929.966	62.769	0	0	1	0	0	0	0	1	0	0	1	6
2013/09/12-11:02:49	79	929.966	62.769	0	0	1	0	0	0	0	1	0	0	1	6
2013/09/12-11:03:14	79	929.966	62.769	0	0	1	0	0	0	0	1	0	0	1	6
2013/09/12-11:03:39	79	929.966	62.769	0	0	1	0	0	0	0	1	0	0	1	6
2013/09/12-11:04:10	79	929.966	62.769	0	0	0	0	0	0	0	1	1	0	0	6
2013/09/13-22:46:19	81	916.091	75.994	0	0	1	0	0	0	0	1	0	0	1	6
2013/09/13-22:47:23	81	916.091	75.994	0	0	1	0	0	0	0	1	0	0	1	6
2013/09/13-22:48:41	81	916.091	75.994	0	0	1	0	0	0	0	1	0	0	1	6
2013/09/13-22:50:00	81	916.091	75.994	0	0	1	0	0	0	0	1	0	0	1	6
2013/09/13-22:51:18	81	916.091	75.994	0	0	1	0	0	0	0	1	0	0	1	6
2013/09/13-23:16:45	81	914.803	75.971	0	0	1	0	0	0	0	1	0	0	1	6
2013/09/13-23:17:34	81	914.803	75.971	0	0	1	0	0	0	0	1	0	0	1	6
2013/09/13-23:18:11	81	914.803	75.971	0	0	1	0	0	0	0	1	0	0	1	6
2013/09/13-23:18:51	81	914.803	75.971	0	0	1	0	0	0	0	1	0	0	1	6
2013/09/13-23:19:29	81	914.803	75.971	0	0	1	0	0	0	0	1	0	0	1	6
2013/09/13-23:33:57	81	914.803	75.971	0	0	1	0	0	0	0	1	0	0	1	6
2013/09/13-23:34:22	81	914.803	75.971	0	0	1	0	0	0	0	1	0	0	1	6
2013/09/13-23:34:47	81	914.803	75.971	0	0	1	0	0	0	0	1	0	0	1	6
2013/09/13-23:35:12	81	914.803	75.971	0	0	1	0	0	0	0	1	0	0	1	6
2013/09/13-23:35:37	81	896.595	68.896	0	0	1	0	0	0	0	1	0	0	1	6
2013/09/14-04:22:41	81	902.128	71.353	0	0	1	0	0	0	0	1	0	0	1	6
2013/09/14-04:23:25	81	902.128	71.353	0	0	1	0	0	0	0	1	0	0	1	6
2013/09/14-04:24:43	81	902.128	71.353	0	0	1	0	0	0	0	1	0	0	1	6
2013/09/14-04:25:27	81	902.128	71.353	0	0	1	0	0	0	0	1	0	0	1	6
2013/09/14-04:26:46	81	902.128	71.353	0	0	1	0	0	0	0	1	0	0	1	6
2013/09/14-04:39:40	81	900.445	71.286	0	0	1	0	0	0	0	1	0	0	1	6
2013/09/14-04:40:26	81	900.445	71.286	0	0	1	0	0	0	0	1	0	0	1	6
2013/09/14-04:41:22	81	900.445	71.286	0	0	1	0	0	0	0	1	0	0	1	6
2013/09/14-04:41:57	81	900.445	71.286	0	0	1	0	0	0	0	1	0	0	1	11
2013/09/14-04:43:02	81	900.445	71.286	0	0	1	0	0	0	0	1	0	0	1	6
2013/09/14-04:55:14	81	900.445	71.286	0	0	1	0	0	0	0	1	0	0	1	6
2013/09/14-04:56:25	81	900.445	71.286	0	0	1	0	0	0	0	1	0	0	1	11
2013/09/14-04:57:40	81	900.445	71.286	0	0	1	0	0	0	0	1	0	0	1	6
2013/09/14-04:58:38	81	900.445	71.286	0	0	1	0	0	0	0	1	0	0	1	6
2013/09/14-04:59:15	81	900.445	71.286	0	0	1	0	0	0	0	1	0	0	1	6
2013/09/14-10:32:40	80	906.109	74.799	0	0	1	0	0	0	0	1	0	0	1	6
2013/09/14-10:33:38	80	906.109	74.799	0	0	1	0	0	0	0	1	0	0	1	6
2013/09/14-10:34:52	80	906.109	74.799	0	0	1	0	0	0	0	1	0	0	1	6
2013/09/14-10:35:19	80	906.109	74.799	0	0	1	0	0	0	0	1	0	0	1	6
2013/09/14-10:36:11	80	906.109	74.799	0	0	1	0	0	0	0	1	0	0	1	6
2013/09/14-10:37:12	80	906.109	74.799	0	0	1	0	0	0	0	1	0	0	1	6
2013/09/14-10:38:31	80	906.109	74.799	0	0	1	0	0	0	0	1	0	0	1	6
2013/09/14-10:39:50	80	906.109	74.799	0	0	1	0	0	0	0	1	0	0	1	6
2013/09/14-10:41:08	80	906.109	74.799	0	0	1	0	0	0	0	1	0	0	1	6
2013/09/14-10:42:05	80	906.109	74.799	0	0	1	0	0	0	0	1	0	0	1	6
2013/09/14-10:56:55	80	927.144	72.051	0	0	0	0	0	0	0	1	1	0	0	6
2013/09/14-10:57:19	80	927.144	72.051	0	0	1	0	0	0	0	1	0	0	1	6
2013/09/14-10:57:44	80	927.144	72.051	0	0	1	0	0	0	0	1	0	0	1	6
2013/09/14-10:58:09	80	927.144	72.051	0	0	1	0	0	0	0	1	0	0	1	6
2013/09/14-10:58:34	80	927.144	72.051	0	0	0	0	0	0	0	1	1	0	0	6
2013/09/14-14:39:19	79	933.067	71.624	0	0	1	0	0	0	0	1	0	0	1	6
2013/09/14-14:40:03	79	933.067	71.624	0	0	1	0	0	0	0	1	0	0	1	6
2013/09/14-14:40:55	79	933.067	71.624	0	0	1	0	0	0	0	1	0	0	1	6
2013/09/14-14:41:41	79	933.067	71.624	0	0	1	0	0	0	0	1	0	0	1	6
2013/09/14-14:42:34	79	933.067	71.624	0	0	1	0	0	0	0	1	0	0	1	6
2013/09/14-14:44:00	79	933.067	71.624	0	0	1	0	0	0	0	1	0	0	1	6
2013/09/14-14:44:53	79	933.067	71.624	0	0	1	0	0	0	0	1	0	0	1	6
2013/09/14-14:46:12	79	933.067	71.624	0	0	1	0	0	0	0	1	0	0	1	6
2013/09/14-14:47:01	79	933.067	71.624	0	0	1	0	0	0	0	1	0	0	1	6
2013/09/14-14:47:57	79	933.067	71.624	0	0	1	0	0	0	0	1	0	0	1	6
2013/09/14-15:07:05	79	933.067	71.624	0	0	1	0	0	0	0	1	0	0	1	6
2013/09/14-15:07:30	79	933.067	71.624	0	0	1	0	0	0	0	1	0	0	1	6
2013/09/14-15:07:55	79	933.067	71.624	0	0	1	0	0	0	0	1	0	0	1	6
2013/09/14-15:08:20	79	933.067	71.624	0	0	1	0	0	0	0	1	0	0	1	6
2013/09/14-15:08:45	81	921.599	66.632	0	0	1	0	0	0	0	1	0	0	1	6
2013/09/14-15:09:16	81	921.599	66.632	0	0	1	0	0	0	0	1	0	0	1	6
2013/09/14-19:24:57	82	902.94	70.266	0	0	1	0	0	0	0	1	0	0	1	6
2013/09/14-19:25:31	82	902.94	70.266	0	0	1	0	0	0	0	1	0	0	1	6
2013/09/14-19:26:11	82	902.94	70.266	0	0	1	0	0	0	0	1	0	0	1	6
2013/09/14-19:26:46	82	902.94	70.266	0	0	1	0	0	0	0	1	0	0	1	6
2013/09/14-19:27:20	82	902.94	70.266	0	0	1	0	0	0	0	1	0	0	1	6
2013/09/14-19:27:57	82	902.94	70.266	0	0	1	0	0	0	0	1	0	0	1	6
2013/09/14-19:28:24	82	902.94	70.266	0	0	0	0	0	0	0	1	1	0	0	6
2013/09/14-19:28:48	82	902.94	70.266	0	0	1	0	0	0	0	1	0	0	1	6
2013/09/14-19:29:13	82	902.94	70.266	0	0	1	0	0	0	0	1	0	0	1	6
2013/09/14-19:29:38	82	902.94	70.266	0	0	1	0	0	0	0	1	0	0	1	6
2013/09/14-19:43:48	82	905.901	65.087	0	0	1	0	0	0	0	1	0	0	1	6
2013/09/14-19:44:13	82	905.901	65.087	0	0	1	0	0	0	0	1	0	0	1	6
2013/09/14-19:44:42	82	905.901	65.087	0	0	1	0	0	0	0	1	0	0	1	6
2013/09/14-19:45:07	82	905.901	65.087	0	0	1	0	0	0	0	1	0	0	1	6
2013/09/14-19:45:32	82	905.901	65.087	0	0	1	0	0	0	0	1	0	0	1	6
2013/09/14-23:29:10	83	883.65	65.892	0	0	1	0	0	0	0	1	0	0	1	6
2013/09/14-23:30:08	83	883.65	65.892	0	0	1	0	0	0	0	1	0	0	1	6
2013/09/14-23:30:49	83	883.65	65.892	0	0	1	0	0	0	0	1	0	0	1	6
2013/09/14-23:31:52	83	883.65	65.892	0	0	1	0	0	0	0	1	0	0	1	6
2013/09/14-23:33:11	83	883.65	65.892	0	0	1	0	0	0	0	1	0	0	1	6
2013/09/14-23:43:58	83	883.65	65.892	0	0	1	0	0	0	0	1	0	0	1	6
2013/09/14-23:45:17	83	883.65	65.892	0	0	1	0	0	0	0	1	0	0	1	6
2013/09/14-23:46:36	83	883.65	65.892	0	0	1	0	0	0	0	1	0	0	1	6
2013/09/14-23:47:55	83	883.65	65.892	0	0	1	0	0	0	0	1	0	0	1	6
2013/09/14-23:48:39	83	883.65	65.892	0	0	1	0	0	0	0	1	0	0	1	6
2013/09/15-00:01:24	83	883.65	65.892	0	0	1	0	0	0	0	1	0	0	1	10
2013/09/15-00:02:04	83	883.65	65.892	0	0	1	0	0	0	0	1	0	0	1	6
2013/09/15-00:02:29	83	883.65	65.892	0	0	1	0	0	0	0	1	0	0	1	6
2013/09/15-00:02:53	83	883.65	65.892	0	0	1	0	0	0	0	1	0	0	1	6
2013/09/15-00:03:18	81	911.131	62.98	0	0	1	0	0	0	0	1	0	0	1	6
