2013/09/02-21:51:42	35	1,500	352.012	6	0	1	1	0	0	0	1	0	0	1	24
2013/09/02-21:53:01	35	1,500	352.012	14	0	0	1	1	0	0	1	1	0	0	55
2013/09/02-21:54:15	35	1,500	352.012	3	0	0	0	0	0	1	1	0	0	1	6
2013/09/02-21:54:55	35	1,500	352.012	6	0	0	0	1	0	0	1	1	0	0	60
2013/09/02-21:56:14	35	1,500	352.012	4	0	0	0	0	0	1	1	0	0	1	10
2013/09/02-22:40:14	42	1,500	276.558	6	0	0	0	0	0	1	1	0	0	1	5
2013/09/02-22:40:55	42	1,500	276.558	7	0	0	0	0	0	1	1	0	0	1	25
2013/09/02-22:41:39	42	1,500	276.558	21	0	0	0	1	0	0	1	1	0	0	39
2013/09/02-22:42:50	42	1,500	276.558	13	0	0	7	2	0	0	1	1	0	0	56
2013/09/02-22:44:04	42	1,500	276.558	4	0	0	0	1	0	0	1	1	0	0	12
2013/09/02-22:53:52	42	1,500	276.558	7	0	0	2	0	0	1	1	0	0	1	19
2013/09/02-22:54:30	42	1,500	276.558	4	0	1	0	1	0	0	1	0	0	1	10
2013/09/02-22:55:02	42	1,500	276.558	17	0	0	3	0	0	0	1	1	0	0	60
2013/09/02-22:56:21	42	1,500	276.558	0	0	1	0	0	0	0	1	0	0	1	3
2013/09/02-22:56:53	42	1,500	276.558	10	0	0	1	0	0	0	1	0	0	1	60
2013/09/03-01:14:18	1	2,384.963	222.029	20	0	0	0	1	0	0	1	1	0	0	60
2013/09/03-01:15:37	1	2,384.963	222.029	5	0	1	0	0	0	0	1	0	0	1	13
2013/09/03-01:16:09	1	2,384.963	222.029	7	0	0	9	0	0	1	1	0	0	1	41
2013/09/03-01:17:09	1	2,384.963	222.029	3	0	0	0	1	0	0	1	1	0	0	10
2013/09/03-01:17:38	1	2,384.963	222.029	9	0	1	0	0	0	0	1	0	0	1	29
2013/09/03-07:15:10	2	2,323.955	185.951	20	0	0	0	0	0	0	1	1	0	0	60
2013/09/03-07:16:29	2	2,323.955	185.951	15	0	0	0	1	0	0	1	1	0	0	60
2013/09/03-07:17:48	2	2,323.955	185.951	19	0	0	1	0	0	1	1	0	0	1	37
2013/09/03-07:19:07	2	2,323.955	185.951	19	0	0	0	1	0	0	1	1	0	0	60
2013/09/03-07:20:26	2	2,323.955	185.951	11	0	1	0	1	0	0	1	0	0	1	38
2013/09/03-07:41:26	2	2,323.955	185.951	1	0	0	0	0	0	1	1	0	0	1	3
2013/09/03-07:41:54	2	2,323.955	185.951	9	0	0	0	2	0	1	1	0	0	1	26
2013/09/03-07:42:39	2	2,323.955	185.951	12	0	1	4	1	0	0	1	0	0	1	55
2013/09/03-07:43:53	2	2,293.678	149.139	11	0	1	0	0	0	0	1	0	0	1	27
2013/09/03-07:44:55	2	2,293.678	149.139	1	0	1	0	1	0	0	1	0	0	1	3
2013/09/03-17:12:14	4	2,246.5	137.897	6	0	0	0	1	0	1	1	0	0	1	17
2013/09/03-17:12:50	4	2,246.5	137.897	16	0	0	1	1	0	0	1	1	0	0	60
2013/09/03-17:14:09	4	2,246.5	137.897	18	0	0	0	0	0	0	1	1	0	0	60
2013/09/03-17:15:28	4	2,246.5	137.897	7	0	0	3	0	0	1	1	0	0	1	27
2013/09/03-17:16:14	4	2,246.5	137.897	3	0	0	0	2	0	0	1	1	0	0	9
2013/09/03-17:30:03	4	2,246.5	137.897	5	0	1	0	0	0	0	1	0	0	1	18
2013/09/03-17:30:40	3	2,265.119	118.283	1	0	1	0	0	0	0	1	0	0	1	10
2013/09/03-17:31:59	3	2,265.119	118.283	17	0	0	0	0	0	1	1	0	0	1	45
2013/09/03-17:33:02	3	2,265.119	118.283	5	0	1	0	0	0	0	1	0	0	1	8
2013/09/03-17:33:55	3	2,265.119	118.283	2	0	0	0	0	0	1	1	0	0	1	6
2013/09/03-17:45:09	3	2,265.119	118.283	14	0	0	1	0	0	0	1	1	0	0	46
2013/09/03-17:46:14	3	2,265.119	118.283	17	0	0	0	1	0	0	1	1	0	0	60
2013/09/03-17:47:33	3	2,265.119	118.283	22	0	0	0	0	0	1	1	0	0	1	48
2013/09/03-17:48:40	3	2,265.119	118.283	1	0	1	0	0	0	0	1	0	0	1	6
2013/09/03-17:49:59	3	2,265.119	118.283	6	0	1	0	0	0	0	1	0	0	1	9
2013/09/03-21:56:18	7	2,172.999	103.869	10	0	0	0	0	0	0	1	1	0	0	60
2013/09/03-21:57:37	7	2,172.999	103.869	8	0	0	0	0	0	1	1	0	0	1	9
2013/09/03-21:58:25	7	2,172.999	103.869	0	0	1	0	0	0	0	1	0	0	1	3
2013/09/03-21:58:58	7	2,172.999	103.869	18	0	0	1	1	0	0	1	1	0	0	60
2013/09/03-22:00:16	7	2,172.999	103.869	21	0	0	0	0	0	0	1	1	0	0	60
2013/09/03-22:13:25	7	2,172.999	103.869	22	0	0	0	1	0	0	1	1	0	0	60
2013/09/03-22:14:43	7	2,172.999	103.869	11	0	0	0	0	0	0	1	0	0	1	60
2013/09/03-22:16:02	7	2,172.999	103.869	9	0	0	0	0	0	0	1	1	0	0	34
2013/09/03-22:16:55	7	2,172.999	103.869	6	0	0	0	2	0	0	1	1	0	0	23
2013/09/03-22:17:37	7	2,172.999	103.869	15	0	0	3	0	0	1	1	0	0	1	22
2013/09/03-22:36:49	3	2,237.936	88.518	14	0	0	0	1	0	0	1	1	0	0	60
2013/09/03-22:38:08	3	2,237.936	88.518	5	0	0	0	0	0	0	1	1	0	0	16
2013/09/03-22:38:43	3	2,237.936	88.518	16	0	0	3	0	0	0	1	1	0	0	60
2013/09/03-22:40:02	3	2,237.936	88.518	13	0	0	0	0	0	0	1	1	0	0	60
2013/09/03-22:41:21	3	2,237.936	88.518	12	0	0	0	0	0	1	1	0	0	1	38
2013/09/04-17:14:39	1	2,283.183	85.224	4	0	0	0	0	0	1	1	0	0	1	17
2013/09/04-17:15:59	1	2,283.183	85.224	23	0	0	2	0	0	0	1	0	0	1	60
2013/09/04-17:17:17	1	2,283.183	85.224	2	0	0	0	0	0	1	1	0	0	1	7
2013/09/04-17:18:22	1	2,283.183	85.224	6	0	0	0	0	0	1	1	0	0	1	19
2013/09/04-17:19:41	1	2,283.183	85.224	11	0	1	0	0	0	0	1	0	0	1	49
2013/09/04-17:39:49	1	2,283.183	85.224	1	0	0	0	0	0	1	1	0	0	1	3
2013/09/04-17:40:50	1	2,283.183	85.224	3	0	0	0	1	0	1	1	0	0	1	9
2013/09/04-17:41:39	1	2,283.183	85.224	24	0	0	0	0	0	0	1	1	0	0	60
2013/09/04-17:42:58	3	2,203.571	76.316	10	0	0	0	0	0	1	1	0	0	1	24
2013/09/04-17:43:41	3	2,203.571	76.316	4	0	1	0	0	0	0	1	0	0	1	14
2013/09/04-17:54:34	3	2,203.571	76.316	6	0	0	0	1	0	0	1	1	0	0	19
2013/09/04-17:55:12	3	2,203.571	76.316	6	0	0	0	0	0	0	1	1	0	0	20
2013/09/04-17:55:51	3	2,203.571	76.316	6	0	0	0	1	0	0	1	1	0	0	24
2013/09/04-17:56:33	3	2,203.571	76.316	3	0	0	0	3	0	0	1	1	0	0	8
2013/09/04-17:57:01	3	2,203.571	76.316	20	0	0	3	1	0	0	1	1	0	0	30
2013/09/04-23:59:17	1	2,244.401	74.799	2	0	0	0	0	0	1	1	0	0	1	6
2013/09/05-00:00:04	1	2,244.401	74.799	11	0	0	0	0	0	0	1	1	0	0	50
2013/09/05-00:01:13	1	2,244.401	74.799	13	0	0	1	0	0	0	1	1	0	0	60
2013/09/05-00:02:32	1	2,244.401	74.799	6	0	0	0	1	0	1	1	0	0	1	16
2013/09/05-00:03:10	1	2,244.401	74.799	3	0	0	0	0	0	1	1	0	0	1	7
2013/09/05-00:18:44	4	2,209.831	69.73	8	0	0	0	2	0	0	1	1	0	0	30
2013/09/05-00:19:33	4	2,209.831	69.73	6	0	0	2	1	0	0	1	1	0	0	20
2013/09/05-00:20:11	4	2,209.831	69.73	18	0	0	0	1	0	0	1	1	0	0	60
2013/09/05-00:21:30	4	2,209.831	69.73	1	0	0	0	0	0	1	1	0	0	1	6
2013/09/05-00:21:58	4	2,209.831	69.73	13	0	0	1	1	0	1	1	0	0	1	25
2013/09/05-00:40:40	2	2,232.45	65.445	24	0	0	4	0	0	0	1	1	0	0	60
2013/09/05-00:41:59	2	2,232.45	65.445	12	0	1	0	0	0	0	1	0	0	1	43
2013/09/05-00:43:18	2	2,232.45	65.445	24	0	0	0	2	0	1	1	0	0	1	39
2013/09/05-00:44:15	2	2,232.45	65.445	6	0	0	0	1	0	0	1	1	0	0	20
2013/09/05-00:44:54	2	2,232.45	65.445	16	0	0	1	1	0	0	1	1	0	0	60
2013/09/05-07:58:49	2	2,241.949	67.865	19	0	0	2	1	0	0	1	1	0	0	60
2013/09/05-08:00:07	2	2,241.949	67.865	27	0	0	2	1	0	0	1	1	0	0	60
2013/09/05-08:01:26	2	2,241.949	67.865	21	0	0	2	0	0	0	1	1	0	0	60
2013/09/05-08:02:45	2	2,241.949	67.865	8	0	0	1	0	0	1	1	0	0	1	31
2013/09/05-08:03:35	2	2,241.949	67.865	22	0	0	3	1	0	0	1	1	0	0	60
2013/09/05-10:32:35	2	2,274.636	63.911	22	0	0	1	0	0	0	1	0	0	1	60
2013/09/05-10:33:56	2	2,274.636	63.911	7	0	1	1	1	0	0	1	0	0	1	15
2013/09/05-10:34:56	2	2,274.636	63.911	14	0	0	0	0	0	1	1	0	0	1	32
2013/09/05-10:36:15	2	2,274.636	63.911	21	0	0	3	1	0	0	1	1	0	0	54
2013/09/05-10:37:37	2	2,274.636	63.911	19	0	0	0	0	0	0	1	0	0	1	60
2013/09/05-10:56:11	2	2,274.636	63.911	10	0	0	1	0	0	1	1	0	0	1	17
2013/09/05-10:57:30	2	2,248.61	60.064	12	0	0	2	0	0	1	1	0	0	1	18
2013/09/05-10:58:49	2	2,248.61	60.064	4	0	0	0	0	0	1	1	0	0	1	7
2013/09/05-11:00:08	2	2,248.61	60.064	12	0	1	0	0	0	0	1	0	0	1	42
2013/09/05-11:01:16	2	2,248.61	60.064	15	0	0	1	0	0	1	1	0	0	1	27
2013/09/06-23:49:41	3	2,210.954	66.071	26	0	0	2	1	0	0	1	1	0	0	40
2013/09/06-23:50:40	3	2,210.954	66.071	4	0	0	0	0	0	1	1	0	0	1	6
2013/09/06-23:51:38	3	2,210.954	66.071	16	0	1	1	0	0	0	1	0	0	1	41
2013/09/06-23:52:38	3	2,210.954	66.071	20	0	0	2	0	0	0	1	1	0	0	60
2013/09/06-23:53:56	3	2,210.954	66.071	20	0	0	2	0	0	0	1	1	0	0	56
2013/09/07-00:11:51	3	2,210.954	66.071	12	0	0	3	0	0	1	1	0	0	1	25
2013/09/07-00:13:06	3	2,210.954	66.071	18	0	0	2	1	0	0	1	1	0	0	60
2013/09/07-00:14:24	3	2,219.46	61.29	22	0	0	2	0	0	0	1	0	0	1	60
2013/09/07-00:15:43	3	2,219.46	61.29	11	0	0	2	0	0	1	1	0	0	1	17
2013/09/07-00:17:02	3	2,219.46	61.29	22	0	1	4	0	0	0	1	0	0	1	45
2013/09/07-00:34:41	3	2,219.46	61.29	15	0	1	2	0	0	0	1	0	0	1	28
2013/09/07-00:36:00	3	2,219.46	61.29	17	0	0	1	0	0	1	1	0	0	1	36
2013/09/07-00:37:18	3	2,219.46	61.29	6	0	0	0	0	0	1	1	0	0	1	9
2013/09/07-00:38:03	3	2,219.46	61.29	21	0	0	3	1	0	0	1	1	0	0	60
2013/09/07-00:39:22	3	2,219.46	61.29	17	0	0	4	0	0	0	1	0	0	1	60
2013/09/08-18:49:50	4	2,181.287	62.942	17	0	0	2	1	0	1	1	0	0	1	26
2013/09/08-18:50:36	4	2,181.287	62.942	6	0	0	0	0	0	1	1	0	0	1	9
2013/09/08-18:51:55	4	2,181.287	62.942	26	0	0	2	0	0	0	1	1	0	0	60
2013/09/08-18:53:14	4	2,181.287	62.942	15	0	0	2	2	0	0	1	1	0	0	35
2013/09/08-18:54:08	4	2,181.287	62.942	15	0	0	2	1	0	0	1	1	0	0	50
2013/09/08-19:36:33	4	2,193.004	59.604	21	0	0	1	0	0	0	1	0	0	1	60
2013/09/08-19:37:53	4	2,193.004	59.604	15	0	0	1	0	0	1	1	0	0	1	42
2013/09/08-19:59:37	4	2,193.004	59.604	20	0	0	0	0	0	1	1	0	0	1	49
2013/09/08-20:00:53	4	2,193.004	59.604	21	0	0	7	0	0	0	1	0	0	1	60
2013/09/08-20:02:11	4	2,193.004	59.604	22	0	0	4	1	0	1	1	0	0	1	50
2013/09/08-20:12:55	4	2,193.004	59.604	23	0	0	2	1	0	0	1	1	0	0	60
2013/09/08-20:14:14	4	2,193.004	59.604	19	0	0	3	0	0	1	1	0	0	1	36
2013/09/08-20:15:19	4	2,193.004	59.604	9	0	0	1	0	0	1	1	0	0	1	14
2013/09/08-20:16:38	4	2,193.004	59.604	17	0	0	2	0	0	0	1	0	0	1	60
2013/09/08-20:17:57	4	2,193.004	59.604	24	0	0	4	0	0	0	1	0	0	1	60
2013/09/10-00:28:14	3	2,191.192	61.669	15	0	0	2	0	0	1	1	0	0	1	35
2013/09/10-00:29:17	3	2,191.192	61.669	7	0	0	0	0	0	1	1	0	0	1	15
2013/09/10-00:30:31	4	2,170.949	60.461	15	0	1	1	2	0	0	1	1	0	0	36
2013/09/10-00:31:26	4	2,170.949	60.461	26	0	0	5	0	0	0	1	0	0	1	60
2013/09/10-00:32:45	4	2,170.949	60.461	14	0	1	2	0	0	0	1	0	0	1	57
2013/09/10-00:49:54	4	2,170.949	60.461	20	0	0	1	0	0	0	1	1	0	0	48
2013/09/10-00:51:01	4	2,170.949	60.461	26	0	0	5	0	0	0	1	0	0	1	60
2013/09/10-00:52:19	4	2,170.949	60.461	25	0	0	1	0	0	0	1	0	0	1	60
2013/09/10-00:53:38	4	2,170.949	60.461	4	0	0	0	0	0	1	1	0	0	1	7
2013/09/10-00:54:57	4	2,170.949	60.461	20	0	0	0	0	0	0	1	0	0	1	60
2013/09/10-01:13:21	4	2,170.949	60.461	22	0	0	1	1	0	0	1	1	0	0	48
2013/09/10-01:14:29	4	2,170.949	60.461	19	0	0	1	1	0	1	1	0	0	1	52
2013/09/10-01:15:40	4	2,170.949	60.461	16	0	0	0	1	0	0	1	1	0	0	55
2013/09/10-01:16:54	4	2,170.949	60.461	6	0	0	1	0	0	1	1	0	0	1	9
2013/09/10-01:17:56	4	2,170.949	60.461	27	0	0	5	1	0	0	1	1	0	0	60
2013/09/11-01:00:37	3	2,181.3	62.561	7	0	0	1	0	0	1	1	0	0	1	11
2013/09/11-01:01:23	3	2,181.3	62.561	11	0	0	1	0	0	1	1	0	0	1	29
2013/09/11-01:02:11	3	2,181.3	62.561	16	0	0	1	1	0	0	1	1	0	0	37
2013/09/11-01:03:07	3	2,181.3	62.561	14	0	0	1	0	0	0	1	1	0	0	40
2013/09/11-01:04:06	3	2,181.3	62.561	14	0	0	2	1	0	0	1	1	0	0	32
2013/09/11-01:21:31	3	2,189.937	59.436	10	0	0	2	0	0	1	1	0	0	1	23
2013/09/11-01:22:38	3	2,189.937	59.436	23	0	0	1	0	0	0	1	0	0	1	60
2013/09/11-01:23:57	3	2,189.937	59.436	15	0	0	2	0	0	0	1	0	0	1	60
2013/09/11-01:25:15	3	2,189.937	59.436	16	0	0	0	0	0	1	1	0	0	1	36
2013/09/11-01:26:34	3	2,189.937	59.436	15	0	0	4	0	0	1	1	0	0	1	50
2013/09/11-01:43:38	3	2,189.937	59.436	12	0	0	3	0	0	1	1	0	0	1	20
2013/09/11-01:44:28	3	2,189.937	59.436	22	0	0	4	0	0	0	1	1	0	0	60
2013/09/11-01:45:47	3	2,189.937	59.436	24	0	0	3	1	0	0	1	0	0	1	60
2013/09/11-01:47:06	3	2,189.937	59.436	23	0	0	1	0	0	0	1	0	0	1	60
2013/09/11-01:48:25	3	2,189.937	59.436	4	0	0	0	0	0	1	1	0	0	1	9
2013/09/11-17:19:59	4	2,160.212	62.626	10	0	0	2	0	0	0	1	1	0	0	20
2013/09/11-17:20:38	4	2,160.212	62.626	30	0	0	1	0	0	0	1	0	0	1	60
2013/09/11-17:21:57	4	2,160.212	62.626	26	0	0	3	0	0	0	1	0	0	1	60
2013/09/11-17:23:15	4	2,160.212	62.626	16	0	0	1	0	0	0	1	0	0	1	60
2013/09/11-17:24:34	4	2,160.212	62.626	11	0	0	4	0	0	1	1	0	0	1	24
2013/09/11-17:35:13	4	2,160.212	62.626	11	0	0	3	0	0	1	1	0	0	1	20
2013/09/11-17:36:12	4	2,160.212	62.626	14	0	0	1	0	0	0	1	1	0	0	52
2013/09/11-17:37:23	4	2,160.212	62.626	16	0	0	4	2	0	0	1	1	0	0	36
2013/09/11-17:38:17	4	2,160.212	62.626	24	0	0	3	0	0	0	1	0	0	1	60
2013/09/11-17:39:36	4	2,160.212	62.626	19	0	0	2	0	0	0	1	0	0	1	60
2013/09/11-18:04:35	4	2,190.462	57.233	14	0	0	3	1	0	1	1	0	0	1	36
2013/09/11-18:05:53	4	2,190.462	57.233	19	0	0	2	0	0	0	1	1	0	0	60
2013/09/11-18:07:12	4	2,190.462	57.233	21	0	0	3	0	0	1	1	0	0	1	55
2013/09/11-18:08:31	4	2,190.462	57.233	8	0	0	1	0	0	1	1	0	0	1	19
2013/09/11-18:09:50	4	2,190.462	57.233	6	0	0	1	0	0	1	1	0	0	1	9
2013/09/12-12:06:21	4	2,185.697	61.997	21	0	0	1	1	0	1	1	1	0	0	50
2013/09/12-12:07:30	4	2,185.697	61.997	3	0	0	0	0	0	1	1	0	0	1	8
2013/09/12-12:08:23	4	2,185.697	61.997	14	0	0	3	0	0	0	1	1	0	0	56
2013/09/12-12:09:38	5	2,186.169	60.084	10	0	1	2	0	0	0	1	0	0	1	19
2013/09/12-12:10:22	5	2,186.169	60.084	11	0	0	1	1	0	0	1	1	0	0	31
2013/09/12-12:28:53	5	2,186.169	60.084	21	0	0	3	0	0	0	1	0	0	1	60
2013/09/12-12:30:12	5	2,186.169	60.084	3	0	0	0	0	0	1	1	0	0	1	6
2013/09/12-12:30:56	5	2,186.169	60.084	15	0	0	3	0	0	0	1	0	0	1	60
2013/09/12-12:32:15	5	2,186.169	60.084	7	0	0	1	0	0	1	1	0	0	1	12
2013/09/12-12:33:34	5	2,186.169	60.084	12	0	0	1	0	0	1	1	0	0	1	27
2013/09/12-12:47:04	5	2,186.169	60.084	4	0	0	0	0	0	1	1	0	0	1	6
2013/09/12-12:48:23	5	2,186.169	60.084	9	0	0	0	0	0	1	1	0	0	1	16
2013/09/12-12:48:58	5	2,186.169	60.084	2	0	0	0	0	0	1	1	0	0	1	3
2013/09/12-12:49:44	5	2,186.169	60.084	21	0	0	3	0	0	0	1	0	0	1	60
2013/09/12-12:51:03	4	2,166.299	54.941	15	0	0	1	0	0	0	1	0	0	1	60
2013/09/14-00:56:38	3	2,169.979	72.472	4	0	0	0	0	0	1	1	0	0	1	6
2013/09/14-01:03:01	3	2,169.979	72.472	24	0	0	1	0	0	0	1	0	0	1	60
2013/09/14-01:04:20	3	2,169.979	72.472	22	0	0	2	0	0	0	1	1	0	0	60
2013/09/14-01:05:39	3	2,169.979	72.472	25	0	0	4	0	0	0	1	0	0	1	60
2013/09/14-01:06:57	3	2,169.979	72.472	20	0	0	0	0	0	0	1	0	0	1	60
2013/09/14-01:39:45	3	2,117.011	71.781	15	0	1	1	0	0	0	1	0	0	1	52
2013/09/14-01:40:56	3	2,117.011	71.781	3	0	0	0	0	0	1	1	0	0	1	6
2013/09/14-01:41:34	3	2,117.011	71.781	21	0	0	4	1	0	0	1	0	0	1	60
2013/09/14-01:42:53	3	2,117.011	71.781	23	0	0	4	1	0	0	1	1	0	0	59
2013/09/14-01:44:11	3	2,117.011	71.781	25	0	0	4	0	0	0	1	0	0	1	60
2013/09/14-01:59:06	3	2,117.011	71.781	15	0	0	0	0	0	0	1	0	0	1	60
2013/09/14-02:00:25	5	2,091.824	67.457	23	0	0	3	0	0	0	1	0	0	1	60
2013/09/14-02:01:43	5	2,091.824	67.457	11	0	1	0	0	0	0	1	0	0	1	24
2013/09/14-02:03:02	5	2,091.824	67.457	10	0	0	2	0	0	1	1	0	0	1	22
2013/09/14-02:04:21	5	2,091.824	67.457	15	0	0	2	0	0	1	1	0	0	1	24
2013/09/14-02:05:24	5	2,091.824	67.457	14	0	0	1	0	0	0	1	1	0	0	30
2013/09/14-02:06:13	5	2,091.824	67.457	17	0	0	2	0	0	0	1	0	0	1	60
2013/09/14-02:07:31	5	2,091.824	67.457	27	0	0	1	2	0	1	1	1	0	0	53
2013/09/14-02:08:43	5	2,091.824	67.457	19	0	0	3	0	0	0	1	1	0	0	60
2013/09/14-02:10:02	5	2,091.824	67.457	20	0	0	0	0	0	0	1	0	0	1	60
2013/09/14-02:38:40	5	2,091.824	67.457	9	0	0	2	1	0	0	1	1	0	0	36
2013/09/14-02:39:34	5	2,091.824	67.457	6	0	0	0	0	0	1	1	0	0	1	10
2013/09/14-02:40:53	9	2,047.523	62.992	4	0	0	0	0	0	1	1	0	0	1	8
2013/09/14-02:42:12	9	2,047.523	62.992	17	0	0	1	1	0	0	1	1	0	0	50
2013/09/14-02:43:21	9	2,047.523	62.992	20	0	0	3	0	0	1	1	0	0	1	28
2013/09/14-03:02:04	9	2,047.523	62.992	22	0	0	4	0	0	0	1	1	0	0	54
2013/09/14-03:03:17	9	2,047.523	62.992	17	0	0	2	0	0	0	1	0	0	1	60
2013/09/14-03:04:36	9	2,047.523	62.992	16	0	0	1	1	0	0	1	1	0	0	38
2013/09/14-03:05:33	9	2,047.523	62.992	20	0	0	2	1	0	0	1	1	0	0	51
2013/09/14-03:06:42	9	2,047.523	62.992	17	0	0	1	2	0	0	1	1	0	0	60
2013/09/14-04:27:43	8	2,028.139	61.571	3	0	0	0	0	0	1	1	0	0	1	6
2013/09/14-04:28:30	8	2,028.139	61.571	20	0	0	5	0	0	0	1	1	0	0	40
2013/09/14-04:29:28	8	2,028.139	61.571	24	0	0	4	1	0	1	1	0	0	1	53
2013/09/14-04:30:44	8	2,028.139	61.571	17	0	0	1	2	0	0	1	1	0	0	39
2013/09/14-04:31:42	8	2,028.139	61.571	27	0	0	1	0	0	1	1	0	0	1	53
2013/09/14-04:49:09	11	2,002.994	60.118	22	0	0	2	0	0	0	1	0	0	1	60
2013/09/14-04:50:28	11	2,002.994	60.118	17	0	0	1	0	0	0	1	0	0	1	60
2013/09/14-04:51:47	11	2,002.994	60.118	4	0	0	0	0	0	1	1	0	0	1	6
2013/09/14-04:52:33	11	2,002.994	60.118	10	0	0	0	0	0	1	1	0	0	1	20
2013/09/14-04:53:51	11	2,002.994	60.118	11	0	0	4	0	0	1	1	0	0	1	26
2013/09/14-05:05:18	11	2,002.994	60.118	22	0	0	1	1	0	0	1	0	0	1	60
2013/09/14-05:06:37	11	2,002.994	60.118	19	0	0	0	1	0	0	1	1	0	0	60
2013/09/14-05:07:56	11	2,002.994	60.118	11	0	0	2	0	0	1	1	0	0	1	32
2013/09/14-05:08:55	11	2,002.994	60.118	17	0	0	2	1	0	0	1	1	0	0	60
2013/09/14-05:10:13	11	2,002.994	60.118	9	0	1	0	0	0	0	1	0	0	1	23
2013/09/14-10:22:39	13	1,940.719	62.883	19	0	0	2	1	0	0	1	1	0	0	60
2013/09/14-10:23:59	13	1,940.719	62.883	21	0	0	3	0	0	0	1	0	0	1	60
2013/09/14-10:25:17	13	1,940.719	62.883	28	0	0	3	0	0	0	1	0	0	1	60
2013/09/14-10:26:36	13	1,940.719	62.883	17	0	0	4	2	0	0	1	1	0	0	44
2013/09/14-10:27:39	13	1,940.719	62.883	17	0	0	0	1	0	1	1	0	0	1	37
2013/09/14-10:46:23	13	1,940.719	62.883	10	0	0	1	0	0	1	1	0	0	1	31
2013/09/14-10:47:14	13	1,940.719	62.883	7	0	1	1	0	0	0	1	0	0	1	17
2013/09/14-10:47:58	13	1,946.089	60.511	27	0	0	5	1	0	0	1	1	0	0	60
2013/09/14-10:49:17	13	1,946.089	60.511	10	0	0	1	0	0	1	1	0	0	1	34
2013/09/14-10:50:14	13	1,946.089	60.511	19	0	0	3	0	0	0	1	0	0	1	60
2013/09/14-11:11:53	13	1,946.089	60.511	17	0	0	2	0	0	0	1	0	0	1	60
2013/09/14-11:13:12	13	1,946.089	60.511	27	0	0	2	0	0	0	1	1	0	0	60
2013/09/14-11:14:31	13	1,946.089	60.511	17	0	1	3	0	0	0	1	0	0	1	43
2013/09/14-11:15:50	13	1,946.089	60.511	4	0	0	0	0	0	1	1	0	0	1	6
2013/09/14-11:17:09	13	1,946.089	60.511	9	0	0	3	0	0	1	1	0	0	1	37
2013/09/14-14:39:19	9	1,974.745	63.21	10	0	0	1	0	0	1	1	0	0	1	18
2013/09/14-14:40:03	9	1,974.745	63.21	15	0	0	2	1	0	0	1	1	0	0	34
2013/09/14-14:40:55	9	1,974.745	63.21	8	0	0	2	0	0	1	1	0	0	1	20
2013/09/14-14:41:41	9	1,974.745	63.21	13	0	0	4	2	0	0	1	1	0	0	34
2013/09/14-14:42:34	9	1,974.745	63.21	22	0	0	5	1	0	0	1	1	0	0	60
2013/09/14-15:01:15	9	1,974.745	63.21	6	0	0	1	0	0	1	1	0	0	1	9
2013/09/14-15:02:34	9	1,974.745	63.21	12	0	0	2	0	0	1	1	0	0	1	25
2013/09/14-15:03:18	9	1,974.745	63.21	21	0	0	0	0	0	0	1	0	0	1	60
2013/09/14-15:04:37	9	1,974.745	63.21	12	0	0	1	0	0	1	1	0	0	1	29
2013/09/14-15:05:39	9	1,974.745	63.21	23	0	0	2	0	0	1	1	0	0	1	59
2013/09/14-15:16:04	12	1,944.169	60.311	9	0	0	1	0	0	1	1	0	0	1	17
2013/09/14-15:16:47	12	1,944.169	60.311	13	0	0	3	0	0	0	1	1	0	0	32
2013/09/14-15:17:38	12	1,944.169	60.311	13	0	0	3	1	0	0	1	1	0	0	35
2013/09/14-15:18:32	12	1,944.169	60.311	7	0	0	1	0	0	1	1	0	0	1	14
2013/09/14-15:19:22	12	1,944.169	60.311	4	0	0	0	0	0	1	1	0	0	1	6
2013/09/14-18:22:38	11	1,927.529	62.971	12	0	0	1	0	0	1	1	0	0	1	25
2013/09/14-18:23:56	11	1,927.529	62.971	17	0	0	5	0	0	0	1	0	0	1	60
2013/09/14-18:25:15	11	1,927.529	62.971	19	0	0	4	0	0	0	1	0	0	1	60
2013/09/14-18:26:34	11	1,927.529	62.971	12	0	0	3	0	0	1	1	0	0	1	28
2013/09/14-18:27:47	11	1,927.529	62.971	25	0	0	2	0	0	0	1	0	0	1	60
2013/09/14-18:34:51	15	1,890.972	60.914	17	0	0	2	0	0	0	1	1	0	0	37
2013/09/14-18:35:47	15	1,890.972	60.914	15	0	0	1	2	0	0	1	1	0	0	38
2013/09/14-18:36:43	15	1,890.972	60.914	8	0	0	1	0	0	1	1	0	0	1	21
2013/09/14-18:37:23	15	1,890.972	60.914	6	0	0	0	0	0	1	1	0	0	1	13
2013/09/14-18:38:22	15	1,890.972	60.914	21	0	0	2	1	0	0	1	1	0	0	46
2013/09/14-18:57:04	15	1,890.972	60.914	13	0	0	2	1	0	0	1	1	0	0	43
2013/09/14-18:58:06	15	1,890.972	60.914	8	0	1	1	0	0	0	1	0	0	1	14
2013/09/14-18:58:56	15	1,890.972	60.914	5	0	1	0	0	0	0	1	0	0	1	11
2013/09/14-18:59:58	15	1,890.972	60.914	11	0	0	2	1	0	0	1	1	0	0	41
2013/09/14-19:00:58	15	1,890.972	60.914	2	0	0	0	0	0	1	1	0	0	1	3
2013/09/14-23:17:58	19	1,865.729	64.239	19	0	0	2	1	0	0	1	1	0	0	60
2013/09/14-23:19:17	19	1,865.729	64.239	18	0	0	3	0	0	0	1	0	0	1	60
2013/09/14-23:20:36	19	1,865.729	64.239	25	0	0	3	1	0	0	1	1	0	0	60
2013/09/14-23:21:55	19	1,865.729	64.239	25	0	0	3	1	0	0	1	1	0	0	60
2013/09/14-23:23:13	19	1,865.729	64.239	6	0	0	1	0	0	1	1	0	0	1	14
2013/09/14-23:49:30	14	1,878.911	62.6	12	0	0	2	0	0	1	1	0	0	1	28
2013/09/14-23:50:16	14	1,878.911	62.6	16	0	0	3	0	0	0	1	1	0	0	38
2013/09/14-23:51:13	14	1,878.911	62.6	24	0	0	0	0	0	0	1	0	0	1	60
2013/09/14-23:52:32	14	1,878.911	62.6	6	0	0	0	0	0	1	1	0	0	1	9
2013/09/14-23:53:34	14	1,878.911	62.6	25	0	0	1	0	0	0	1	0	0	1	60
2013/09/15-00:14:21	13	1,886.381	59.354	10	0	0	1	0	0	1	1	0	0	1	44
2013/09/15-00:15:40	13	1,886.381	59.354	28	0	0	3	0	0	0	1	1	0	0	60
2013/09/15-00:16:59	13	1,886.381	59.354	4	0	0	0	0	0	1	1	0	0	1	6
2013/09/15-00:17:52	13	1,886.381	59.354	16	0	0	2	0	0	1	1	0	0	1	34
2013/09/15-00:19:11	13	1,886.381	59.354	3	0	0	0	0	0	1	1	0	0	1	6
2013/09/15-11:01:36	14	1,878.336	62.48	20	0	0	5	0	0	1	1	0	0	1	39
2013/09/15-11:02:55	14	1,878.336	62.48	4	0	0	0	0	0	1	1	0	0	1	6
2013/09/15-11:03:50	14	1,878.336	62.48	20	0	0	5	1	0	0	1	1	0	0	60
2013/09/15-11:05:09	14	1,878.336	62.48	21	0	0	3	1	0	0	1	1	0	0	60
2013/09/15-11:06:27	14	1,878.336	62.48	5	0	0	0	0	0	1	1	0	0	1	11
2013/09/15-11:28:21	17	1,866.121	60.337	21	0	0	4	0	0	0	1	0	0	1	60
2013/09/15-11:29:40	17	1,866.121	60.337	9	0	0	2	1	0	0	1	1	0	0	43
2013/09/15-11:30:41	17	1,866.121	60.337	18	0	0	2	1	0	1	1	0	0	1	40
2013/09/15-11:31:49	17	1,866.121	60.337	16	0	0	5	1	0	0	1	1	0	0	42
2013/09/15-11:32:49	17	1,866.121	60.337	26	0	0	1	1	0	0	1	1	0	0	60
2013/09/15-17:17:04	11	1,897.652	65.773	25	0	0	3	0	0	0	1	1	0	0	60
2013/09/15-17:18:24	11	1,897.652	65.773	21	0	0	2	0	0	0	1	0	0	1	60
2013/09/15-17:19:42	11	1,897.652	65.773	13	0	0	1	1	0	0	1	1	0	0	60
2013/09/15-17:21:01	11	1,897.652	65.773	8	0	0	0	0	0	1	1	0	0	1	12
2013/09/15-17:22:02	11	1,897.652	65.773	12	0	0	2	0	0	1	1	0	0	1	26
2013/09/15-17:48:55	11	1,906.125	62.172	21	0	0	2	0	0	0	1	1	0	0	60
2013/09/15-17:50:14	11	1,906.125	62.172	7	0	0	1	0	0	1	1	0	0	1	15
2013/09/15-17:51:33	11	1,906.125	62.172	17	0	0	2	0	0	1	1	0	0	1	42
2013/09/15-17:52:52	11	1,906.125	62.172	23	0	0	1	0	0	0	1	0	0	1	60
2013/09/15-17:54:11	11	1,906.125	62.172	14	0	1	2	0	0	0	1	0	0	1	22
2013/09/15-18:08:16	11	1,906.125	62.172	21	0	0	3	1	0	1	1	0	0	1	51
2013/09/15-18:09:26	11	1,906.125	62.172	11	0	0	1	0	0	1	1	0	0	1	21
2013/09/15-18:10:45	11	1,906.125	62.172	8	0	0	1	0	0	1	1	0	0	1	19
2013/09/15-18:12:04	11	1,906.125	62.172	21	0	0	2	1	0	0	1	0	0	1	60
2013/09/15-18:13:23	11	1,906.125	62.172	9	0	0	3	0	0	1	1	0	0	1	19
2013/09/15-22:32:29	13	1,903.669	64.623	12	0	0	3	1	0	0	1	1	0	0	31
2013/09/15-22:33:19	13	1,903.669	64.623	15	0	0	4	0	0	1	1	0	0	1	22
2013/09/15-22:34:01	13	1,903.669	64.623	20	0	0	1	0	0	0	1	0	0	1	60
2013/09/15-22:35:19	13	1,903.669	64.623	14	0	0	2	0	0	1	1	0	0	1	25
2013/09/15-22:36:03	13	1,903.669	64.623	17	0	0	3	0	0	0	1	1	0	0	50
2013/09/15-22:49:22	14	1,893.21	63.394	18	0	0	2	0	0	1	1	0	0	1	36
2013/09/15-22:50:25	14	1,893.21	63.394	9	0	0	1	0	0	1	1	0	0	1	24
2013/09/15-22:51:09	14	1,893.21	63.394	11	0	0	0	0	0	1	1	0	0	1	36
2013/09/15-22:52:04	14	1,893.21	63.394	7	0	0	3	0	0	1	1	0	0	1	17
2013/09/15-22:52:44	14	1,893.21	63.394	9	0	0	1	0	0	1	1	0	0	1	39
2013/09/15-23:05:16	14	1,893.21	63.394	15	0	0	4	0	0	0	1	1	0	0	30
2013/09/15-23:06:05	14	1,893.21	63.394	7	0	0	0	0	0	0	1	1	0	0	15
2013/09/15-23:06:39	14	1,893.21	63.394	16	0	0	2	1	0	0	1	1	0	0	53
2013/09/15-23:07:51	14	1,893.21	63.394	11	0	0	1	1	0	0	1	1	0	0	29
2013/09/15-23:08:39	14	1,893.21	63.394	12	0	0	2	0	0	1	1	0	0	1	24
2013/09/15-23:15:54	14	1,893.21	63.394	14	0	0	1	0	0	1	1	0	0	1	40
2013/09/15-23:17:05	14	1,893.21	63.394	12	0	0	3	1	0	1	1	0	0	1	18
2013/09/15-23:18:23	14	1,893.21	63.394	13	0	0	1	0	0	1	1	0	0	1	29
2013/09/15-23:19:42	14	1,893.21	63.394	9	0	1	2	0	0	0	1	0	0	1	13
2013/09/15-23:20:38	14	1,893.21	63.394	25	0	0	3	1	0	0	1	0	0	1	60
2013/09/15-23:46:55	18	1,863.417	57.806	17	0	0	1	0	0	0	1	0	0	1	60
2013/09/15-23:48:13	18	1,863.417	57.806	25	0	0	4	1	0	0	1	1	0	0	60
2013/09/15-23:49:32	18	1,863.417	57.806	19	0	0	1	0	0	0	1	0	0	1	60
2013/09/15-23:50:51	18	1,863.417	57.806	23	0	0	5	0	0	0	1	1	0	0	60
2013/09/15-23:52:10	18	1,863.417	57.806	20	0	0	1	1	0	0	1	1	0	0	60
2013/09/16-00:12:36	12	1,896.579	55.267	24	0	0	2	1	0	0	1	1	0	0	60
2013/09/16-00:13:55	12	1,896.579	55.267	2	0	0	0	0	0	1	1	0	0	1	3
2013/09/16-00:15:01	12	1,896.579	55.267	17	0	0	0	0	0	0	1	0	0	1	60
2013/09/16-00:16:20	12	1,896.579	55.267	11	0	0	1	0	0	1	1	0	0	1	21
2013/09/16-00:17:05	12	1,896.579	55.267	17	0	0	2	0	0	1	1	0	0	1	45
2013/09/16-23:38:50	14	1,885.584	61.739	8	0	0	1	2	0	0	1	1	0	0	27
2013/09/16-23:39:41	14	1,885.584	61.739	13	0	0	0	1	0	1	1	0	0	1	41
2013/09/16-23:40:59	14	1,885.584	61.739	2	0	0	0	0	0	1	1	0	0	1	6
2013/09/16-23:41:32	14	1,885.584	61.739	1	0	0	0	1	0	0	1	1	0	0	3
2013/09/16-23:41:54	14	1,885.584	61.739	7	0	0	3	0	0	1	1	0	0	1	28
2013/09/17-00:08:42	14	1,904.043	58.854	20	0	0	0	1	0	0	1	1	0	0	60
2013/09/17-00:10:01	14	1,904.043	58.854	10	0	0	0	1	0	0	1	1	0	0	60
2013/09/17-00:11:20	14	1,904.043	58.854	5	0	0	0	0	0	0	1	1	0	0	19
2013/09/17-00:11:58	14	1,904.043	58.854	1	0	0	0	0	0	1	1	0	0	1	3
2013/09/17-00:13:17	14	1,904.043	58.854	9	0	0	0	3	0	0	1	1	0	0	43
2013/09/17-00:34:55	14	1,904.043	58.854	5	0	1	0	0	0	0	1	0	0	1	9
2013/09/17-00:35:52	14	1,904.043	58.854	17	0	0	1	0	0	0	1	1	0	0	60
2013/09/17-00:37:11	14	1,904.043	58.854	2	0	0	0	0	0	1	1	0	0	1	9
2013/09/17-00:37:39	14	1,904.043	58.854	6	0	1	0	1	0	0	1	0	0	1	29
2013/09/17-00:38:28	14	1,904.043	58.854	4	0	0	0	1	0	0	1	1	0	0	27
2013/09/17-21:24:23	6	1,963.197	63.478	14	0	1	0	0	0	0	1	0	0	1	53
2013/09/17-21:25:42	6	1,963.197	63.478	27	0	0	3	1	0	1	1	0	0	1	59
2013/09/17-21:27:01	6	1,963.197	63.478	13	0	0	5	1	0	0	1	1	0	0	33
2013/09/17-21:27:53	6	1,963.197	63.478	2	0	1	0	0	0	0	1	0	0	1	7
2013/09/17-21:28:39	6	1,963.197	63.478	9	0	0	3	0	0	0	1	0	0	1	60
2013/09/17-21:45:46	6	1,963.197	63.478	2	0	0	0	3	0	0	1	1	0	0	7
2013/09/17-21:46:12	6	1,963.197	63.478	13	0	0	3	1	0	0	1	1	0	0	52
2013/09/17-21:47:23	6	1,963.197	63.478	4	0	0	0	2	0	0	1	1	0	0	16
2013/09/17-21:47:58	6	1,963.197	63.478	2	0	0	0	0	0	1	1	0	0	1	3
2013/09/17-21:49:16	6	1,963.197	63.478	7	0	0	0	0	0	1	1	0	0	1	10
2013/09/17-22:12:45	5	1,969.785	57.718	23	0	0	0	2	0	0	1	1	0	0	60
2013/09/17-22:14:03	5	1,969.785	57.718	16	0	0	2	0	0	0	1	1	0	0	60
2013/09/17-22:15:22	5	1,969.785	57.718	25	0	0	2	1	0	0	1	1	0	0	60
2013/09/17-22:16:41	5	1,969.785	57.718	2	0	0	0	0	0	0	1	1	0	0	5
2013/09/17-22:17:05	5	1,969.785	57.718	2	0	1	0	0	0	0	1	0	0	1	6
2013/09/18-12:23:45	4	1,990.348	66.901	7	0	0	0	0	0	1	1	0	0	1	21
2013/09/18-12:24:45	4	1,990.348	66.901	8	0	0	0	0	0	1	1	0	0	1	41
2013/09/18-12:25:45	4	1,990.348	66.901	7	0	0	0	1	0	1	1	0	0	1	9
2013/09/18-12:26:21	4	1,990.348	66.901	14	0	0	0	2	0	0	1	1	0	0	31
2013/09/18-12:27:10	4	1,990.348	66.901	14	0	0	0	1	0	0	1	1	0	0	60
2013/09/18-12:38:16	4	1,990.348	66.901	4	0	0	0	0	0	1	1	0	0	1	14
2013/09/18-12:39:35	4	1,990.348	66.901	10	0	1	0	0	0	0	1	0	0	1	20
2013/09/18-12:40:14	4	1,990.348	66.901	12	0	0	1	0	0	0	1	1	0	0	47
2013/09/18-12:41:19	4	1,990.348	66.901	22	0	0	6	0	0	0	1	1	0	0	60
2013/09/18-12:42:38	4	1,990.348	66.901	9	0	0	3	0	0	0	1	1	0	0	41
2013/09/18-13:03:15	3	2,011.821	60.361	3	0	0	0	2	0	0	1	1	0	0	11
2013/09/18-13:03:45	3	2,011.821	60.361	3	0	1	0	0	0	0	1	0	0	1	7
2013/09/18-13:04:37	3	2,011.821	60.361	3	0	0	0	0	0	1	1	0	0	1	10
2013/09/18-13:05:14	3	2,011.821	60.361	2	0	1	0	0	0	0	1	0	0	1	17
2013/09/18-13:05:51	3	2,011.821	60.361	4	0	0	0	0	0	1	1	0	0	1	5
2013/09/18-17:21:40	3	2,008.916	67.357	25	0	0	2	1	0	0	1	1	0	0	59
2013/09/18-17:22:58	3	2,008.916	67.357	12	0	0	1	0	0	0	1	1	0	0	30
2013/09/18-17:23:47	3	2,008.916	67.357	14	0	0	0	1	0	0	1	1	0	0	54
2013/09/18-17:25:00	3	2,008.916	67.357	3	0	0	0	0	0	1	1	0	0	1	9
2013/09/18-17:25:28	3	2,008.916	67.357	4	0	0	0	0	0	1	1	0	0	1	5
2013/09/18-17:41:34	4	2,013.002	63.466	21	0	0	0	0	0	1	1	0	0	1	57
2013/09/18-17:42:49	4	2,013.002	63.466	9	0	1	0	0	0	0	1	0	0	1	20
2013/09/18-17:44:08	4	2,013.002	63.466	1	0	1	0	0	0	0	1	0	0	1	3
2013/09/18-17:44:30	4	2,013.002	63.466	10	0	0	6	0	0	1	1	0	0	1	20
2013/09/18-17:45:10	4	2,013.002	63.466	3	0	0	0	0	0	0	1	0	0	1	60
2013/09/18-18:00:48	4	2,013.002	63.466	9	0	0	0	0	0	1	1	0	0	1	21
2013/09/18-18:02:07	4	2,013.002	63.466	3	0	0	0	1	0	1	1	0	0	1	13
2013/09/18-18:02:40	4	2,013.002	63.466	1	0	0	0	0	0	1	1	0	0	1	6
2013/09/18-18:03:40	4	2,013.002	63.466	4	0	1	0	0	0	0	1	0	0	1	6
2013/09/18-18:04:59	4	2,013.002	63.466	5	0	0	0	0	0	1	1	0	0	1	17
2013/09/19-09:15:21	4	1,991.963	70.111	2	0	0	0	1	0	0	1	1	0	0	7
2013/09/19-09:15:47	4	1,991.963	70.111	5	0	0	0	1	0	0	1	1	0	0	15
2013/09/19-09:16:21	4	1,991.963	70.111	5	0	0	0	0	0	0	1	1	0	0	13
2013/09/19-09:16:53	4	1,991.963	70.111	7	0	0	1	1	0	0	1	1	0	0	36
2013/09/19-09:17:48	4	1,991.963	70.111	13	0	0	0	1	0	0	1	1	0	0	27
2013/09/19-09:30:08	4	1,991.963	70.111	8	0	0	0	1	0	1	1	0	0	1	25
2013/09/19-09:30:59	4	1,991.963	70.111	10	0	0	2	0	0	0	1	1	0	0	26
2013/09/19-09:31:44	4	1,991.963	70.111	17	0	0	0	0	0	0	1	0	0	1	60
2013/09/19-09:33:03	4	1,991.963	70.111	21	0	0	4	0	0	0	1	1	0	0	60
2013/09/19-09:34:22	4	1,991.963	70.111	1	0	1	0	0	0	0	1	0	0	1	4
2013/09/19-09:51:01	3	2,008.031	65.024	11	0	0	3	0	0	0	1	0	0	1	62
2013/09/19-09:52:25	3	2,008.031	65.024	5	0	0	1	0	0	1	1	0	0	1	19
2013/09/19-09:53:26	3	2,008.031	65.024	4	0	0	0	0	0	0	1	1	0	0	18
2013/09/19-09:54:03	3	2,008.031	65.024	5	0	0	0	1	0	1	1	0	0	1	17
2013/09/19-09:54:44	3	2,008.031	65.024	0	0	1	0	0	0	0	1	0	0	1	17
2013/09/19-12:08:09	4	1,987.957	67.487	16	0	0	0	0	0	0	1	0	0	1	60
2013/09/19-12:09:28	4	1,987.957	67.487	17	0	0	0	0	0	0	1	1	0	0	59
2013/09/19-12:10:46	4	1,987.957	67.487	15	0	0	1	1	0	0	1	1	0	0	60
2013/09/19-12:12:05	4	1,987.957	67.487	3	0	0	0	0	0	0	1	1	0	0	13
2013/09/19-12:12:37	4	1,987.957	67.487	2	0	0	0	0	0	0	1	1	0	0	9
2013/09/19-14:02:38	4	1,986.552	66.18	2	0	0	0	1	0	1	1	0	0	1	9
2013/09/19-14:03:06	4	1,986.552	66.18	25	0	0	0	0	0	0	1	0	0	1	60
2013/09/19-14:04:25	4	1,986.552	66.18	6	0	0	1	0	0	1	1	0	0	1	14
2013/09/19-14:05:44	4	1,986.552	66.18	14	0	0	1	1	0	0	1	1	0	0	51
2013/09/19-14:06:54	4	1,986.552	66.18	14	0	0	0	0	0	1	1	0	0	1	23
2013/09/19-14:24:34	4	1,986.552	66.18	14	0	0	2	0	0	0	1	1	0	0	44
2013/09/19-14:25:38	4	1,986.552	66.18	3	0	0	0	0	0	0	1	1	0	0	9
2013/09/19-14:26:06	5	1,977.202	62.396	10	0	0	1	3	0	0	1	1	0	0	45
2013/09/19-14:27:10	5	1,977.202	62.396	2	0	1	0	0	0	0	1	0	0	1	7
2013/09/19-14:28:04	5	1,977.202	62.396	1	0	0	0	0	0	1	1	0	0	1	12
2013/09/19-17:56:49	3	1,965.998	67.72	6	0	0	0	2	0	0	1	1	0	0	17
2013/09/19-17:57:25	3	1,965.998	67.72	9	0	0	0	3	0	0	1	1	0	0	25
2013/09/19-17:58:09	3	1,965.998	67.72	14	0	0	0	1	0	1	1	0	0	1	30
2013/09/19-17:58:58	3	1,965.998	67.72	16	0	0	1	1	0	0	1	1	0	0	60
2013/09/19-18:00:17	3	1,971.261	66.168	16	0	0	0	1	0	0	1	1	0	0	60
2013/09/19-18:24:54	3	1,971.261	66.168	2	0	0	0	0	0	1	1	0	0	1	6
2013/09/19-18:26:04	3	1,971.261	66.168	21	0	0	1	1	0	0	1	1	0	0	60
2013/09/19-18:27:23	3	1,971.261	66.168	3	0	0	0	0	0	1	1	0	0	1	10
2013/09/19-18:28:23	3	1,971.261	66.168	22	0	0	3	0	0	0	1	0	0	1	60
2013/09/19-18:29:42	3	1,971.261	66.168	3	0	1	0	0	0	0	1	0	0	1	10
2013/09/19-18:38:52	4	1,929.883	62.804	7	0	0	0	2	0	0	1	1	0	0	22
2013/09/19-18:39:33	4	1,929.883	62.804	1	0	1	0	0	0	0	1	0	0	1	2
2013/09/19-18:39:56	4	1,929.883	62.804	5	0	0	0	0	0	0	1	1	0	0	21
2013/09/19-18:40:36	4	1,929.883	62.804	7	0	0	0	0	0	1	1	0	0	1	19
2013/09/19-18:41:16	4	1,929.883	62.804	6	0	0	1	0	0	1	1	0	0	1	19
2013/09/19-22:02:25	5	1,934.159	68.432	10	0	0	1	1	0	0	1	1	0	0	44
2013/09/19-22:03:29	5	1,934.159	68.432	18	0	0	0	1	0	0	1	1	0	0	60
2013/09/19-22:04:47	5	1,934.159	68.432	9	0	0	3	2	0	0	1	1	0	0	34
2013/09/19-22:05:40	5	1,934.159	68.432	21	0	0	1	0	0	0	1	1	0	0	60
2013/09/19-22:06:59	5	1,934.159	68.432	4	0	0	0	1	0	0	1	1	0	0	11
2013/09/20-00:02:13	3	1,946.428	66.087	12	0	0	2	0	0	0	1	1	0	0	35
2013/09/20-00:03:05	3	1,946.428	66.087	3	0	0	0	0	0	1	1	0	0	1	9
2013/09/20-00:04:21	3	1,946.428	66.087	10	0	0	0	0	0	0	1	1	0	0	24
2013/09/20-00:05:04	3	1,946.428	66.087	9	0	0	0	2	0	0	1	1	0	0	30
2013/09/20-00:05:53	3	1,946.428	66.087	12	0	0	0	2	0	0	1	1	0	0	54
2013/09/20-00:18:46	3	1,946.428	66.087	15	0	0	8	1	0	0	1	1	0	0	47
2013/09/20-00:19:52	3	1,946.428	66.087	14	0	0	0	1	0	0	1	1	0	0	48
2013/09/20-00:21:00	3	1,946.428	66.087	10	0	0	1	0	0	1	1	0	0	1	48
2013/09/20-00:22:06	3	1,946.428	66.087	19	0	0	0	1	0	0	1	1	0	0	60
2013/09/20-00:23:25	3	1,946.428	66.087	8	0	0	0	0	0	0	1	0	0	1	60
2013/09/20-04:22:27	2	1,985.006	71.648	1	0	0	0	0	0	0	1	1	0	0	19
2013/09/20-04:23:05	2	1,985.006	71.648	19	0	0	2	1	0	0	1	1	0	0	60
2013/09/20-04:24:24	2	1,985.006	71.648	1	0	0	0	0	0	1	1	0	0	1	9
2013/09/20-04:24:52	2	1,985.006	71.648	6	0	0	0	3	0	0	1	1	0	0	19
2013/09/20-04:25:29	2	1,985.006	71.648	8	0	0	0	1	0	0	1	1	0	0	60
2013/09/20-04:51:57	1	2,007.104	68.161	6	0	0	2	0	0	1	1	0	0	1	13
2013/09/20-04:53:16	1	2,007.104	68.161	17	0	0	0	1	0	0	1	1	0	0	60
2013/09/20-04:54:35	1	2,007.104	68.161	1	0	0	0	0	0	1	1	0	0	1	4
2013/09/20-04:54:58	1	2,007.104	68.161	1	0	0	0	0	0	1	1	0	0	1	3
2013/09/20-04:55:42	1	2,007.104	68.161	13	0	0	0	0	0	0	1	1	0	0	60
2013/09/20-05:04:37	1	2,007.104	68.161	3	0	0	0	0	0	1	1	0	0	1	32
2013/09/20-05:05:28	1	2,007.104	68.161	7	0	0	1	0	0	1	1	0	0	1	21
2013/09/20-05:06:11	1	2,007.104	68.161	4	0	0	0	0	0	0	1	1	0	0	30
2013/09/20-05:07:00	1	2,007.104	68.161	21	0	0	0	0	0	0	1	1	0	0	60
2013/09/20-05:08:20	1	2,007.104	68.161	11	0	0	0	0	0	0	1	1	0	0	57
2013/09/20-08:35:23	2	1,973.433	71.176	25	0	0	0	1	0	0	1	1	0	0	60
2013/09/20-08:36:42	2	1,973.433	71.176	22	0	0	2	0	0	0	1	0	1	0	60
2013/09/20-08:38:01	2	1,973.433	71.176	11	0	0	1	1	0	0	1	1	0	0	35
2013/09/20-08:38:55	2	1,973.433	71.176	0	0	1	0	0	0	0	1	0	0	1	6
2013/09/20-08:39:55	2	1,973.433	71.176	2	0	1	0	0	0	0	1	0	0	1	13
2013/09/20-09:05:27	2	1,947.813	67.656	23	0	0	2	0	0	0	1	0	0	1	60
2013/09/20-09:06:46	2	1,947.813	67.656	3	0	1	0	0	0	0	1	0	0	1	6
2013/09/20-09:07:16	2	1,947.813	67.656	4	0	0	0	1	0	0	1	1	0	0	13
2013/09/20-09:07:48	2	1,947.813	67.656	7	0	0	0	0	0	1	1	0	0	1	11
2013/09/20-09:08:37	2	1,947.813	67.656	6	0	1	0	0	0	0	1	0	0	1	16
2013/09/20-09:17:27	2	1,947.813	67.656	0	0	0	0	0	0	0	1	1	0	0	7
2013/09/20-09:17:54	2	1,947.813	67.656	17	0	0	3	1	0	0	1	1	0	0	60
2013/09/20-09:19:12	2	1,947.813	67.656	3	0	0	0	0	0	0	1	1	0	0	16
2013/09/20-09:19:47	2	1,947.813	67.656	4	0	1	0	0	0	0	1	0	0	1	36
2013/09/20-09:20:43	2	1,947.813	67.656	3	0	1	0	0	0	0	1	0	0	1	22
2013/09/20-12:46:49	2	1,931.862	70.403	13	0	0	3	0	0	1	1	0	0	1	21
2013/09/20-12:48:08	2	1,931.862	70.403	7	0	0	0	1	0	1	1	0	0	1	11
2013/09/20-12:48:38	2	1,931.862	70.403	11	0	0	0	0	0	1	1	0	0	1	53
2013/09/20-12:49:49	2	1,931.862	70.403	4	0	0	1	1	0	0	1	1	0	0	11
2013/09/20-12:50:19	3	1,913.07	68.473	2	0	0	0	0	0	0	1	1	0	0	4
2013/09/20-15:09:00	3	1,913.07	68.473	4	0	0	0	0	0	0	1	1	0	0	32
2013/09/20-15:09:51	3	1,913.07	68.473	20	0	0	4	0	0	0	1	0	0	1	60
2013/09/20-15:11:10	3	1,913.07	68.473	3	0	0	0	1	0	0	1	1	0	0	13
2013/09/20-15:11:42	3	1,913.07	68.473	23	0	0	0	1	0	1	1	0	0	1	60
2013/09/20-15:13:00	3	1,913.07	68.473	4	0	1	0	0	0	0	1	0	0	1	9
2013/09/20-15:24:45	3	1,910.803	64.324	6	0	0	3	1	0	1	1	0	0	1	47
2013/09/20-15:25:51	3	1,910.803	64.324	4	0	0	0	0	0	1	1	0	0	1	8
2013/09/20-15:27:10	3	1,910.803	64.324	5	0	0	2	1	0	0	1	1	0	0	15
2013/09/20-15:27:43	3	1,910.803	64.324	5	0	0	0	0	0	1	1	0	0	1	6
2013/09/20-15:29:02	3	1,910.803	64.324	8	0	0	0	0	0	1	1	0	0	1	14
2013/09/20-20:52:42	2	1,895.902	75.864	7	0	0	1	1	0	0	1	1	0	0	21
2013/09/20-20:53:24	2	1,895.902	75.864	4	0	0	0	1	0	0	1	1	0	0	35
2013/09/20-20:54:17	2	1,895.902	75.864	17	0	0	0	2	0	0	1	1	0	0	47
2013/09/20-20:55:23	2	1,895.902	75.864	3	0	0	0	1	0	0	1	1	0	0	8
2013/09/20-20:55:50	2	1,895.902	75.864	11	0	0	0	1	0	0	1	1	0	0	10
2013/09/20-21:12:57	2	1,895.902	75.864	10	0	1	3	0	0	0	1	0	0	1	39
2013/09/20-21:13:54	2	1,895.902	75.864	18	0	0	1	0	0	0	1	0	0	1	60
2013/09/20-21:15:13	2	1,895.902	75.864	19	0	0	0	1	0	0	1	1	0	0	52
2013/09/20-21:16:24	2	1,895.902	75.864	11	0	0	4	0	0	1	1	0	0	1	29
2013/09/20-21:17:12	2	1,895.902	75.864	10	0	0	1	0	0	1	1	0	0	1	19
2013/09/20-21:31:58	2	1,893.4	70.086	14	0	0	0	0	0	1	1	0	0	1	33
2013/09/20-21:32:56	2	1,893.4	70.086	3	0	1	0	0	0	0	1	0	0	1	27
2013/09/20-21:33:54	2	1,893.4	70.086	28	0	0	2	0	0	0	1	1	0	0	60
2013/09/20-21:35:13	2	1,893.4	70.086	21	0	0	3	0	0	1	1	0	0	1	50
2013/09/20-21:36:22	2	1,893.4	70.086	8	0	0	0	1	0	0	1	1	0	0	29
2013/09/20-21:42:03	2	1,893.4	70.086	18	0	0	5	0	0	1	1	0	0	1	33
2013/09/20-21:43:22	2	1,893.4	70.086	11	0	1	0	1	0	0	1	0	0	1	58
2013/09/20-21:44:39	2	1,893.4	70.086	1	0	0	0	0	0	1	1	0	0	1	3
2013/09/20-21:45:38	2	1,893.4	70.086	11	0	0	2	0	0	1	1	0	0	1	45
2013/09/20-21:46:42	2	1,893.4	70.086	23	0	0	0	1	0	0	1	1	0	0	60
2013/09/20-22:09:08	3	1,870.763	63.577	12	0	0	0	1	0	0	1	1	0	0	42
2013/09/20-22:10:09	3	1,870.763	63.577	17	0	0	10	0	0	1	1	0	0	1	44
2013/09/20-22:11:12	3	1,870.763	63.577	7	0	1	0	1	0	0	1	0	0	1	18
2013/09/20-22:11:53	3	1,870.763	63.577	1	0	0	0	0	0	1	1	0	0	1	8
2013/09/20-22:13:12	3	1,870.763	63.577	17	0	0	0	1	0	0	1	1	0	0	60
2013/09/20-22:34:22	3	1,870.763	63.577	11	0	0	1	1	0	1	1	0	0	1	29
2013/09/20-22:35:11	3	1,870.763	63.577	3	0	0	0	0	0	1	1	0	0	1	8
2013/09/20-22:36:12	3	1,870.763	63.577	10	0	0	2	1	0	1	1	1	0	0	44
2013/09/20-22:37:18	3	1,870.763	63.577	0	0	1	0	0	0	0	1	0	0	1	7
2013/09/20-22:37:44	1	1,879.803	58.178	9	0	0	1	0	0	0	1	1	0	0	34
2013/12/14-19:08:23	1	1,879.803	58.178	0	0	1	0	0	0	0	1	0	0	1	4
2013/12/14-19:09:59	1	1,879.803	58.178	0	0	1	1	0	0	0	1	0	0	1	28
2013/12/14-19:11:16	1	1,879.803	58.178	0	0	1	4	0	0	0	1	0	0	1	55
2013/12/14-19:12:22	1	1,879.803	58.178	6	0	1	13	0	0	0	1	0	0	1	66
2013/12/14-19:13:38	1	1,879.803	58.178	5	0	0	2	1	0	1	1	0	0	1	54
2013/12/14-19:14:46	1	1,879.803	58.178	0	0	1	0	0	0	0	1	0	0	1	4
2013/12/14-19:15:53	1	1,879.803	58.178	0	0	1	10	0	0	0	1	0	0	1	55
2013/12/14-19:17:28	1	1,879.803	58.178	0	0	1	0	0	0	0	1	0	0	1	4
2013/12/14-19:19:29	1	1,879.803	58.178	0	0	1	9	0	0	0	1	0	0	1	71
2013/12/14-19:23:04	1	1,879.803	58.178	0	0	1	1	0	0	0	1	0	0	1	4
2013/12/14-19:24:15	1	1,879.803	58.178	0	0	1	0	0	0	0	1	0	0	1	4
2013/12/15-17:30:41	1	1,879.803	58.178	0	0	1	0	0	0	0	1	0	0	1	4
2013/12/15-17:31:07	14	1,798.364	52.991	0	0	1	0	0	0	0	1	0	0	1	4
2013/12/20-23:07:49	14	1,798.364	52.991	0	0	1	0	0	0	0	1	0	0	1	4
2013/12/22-18:01:56	14	1,798.364	52.991	0	0	0	0	0	0	0	1	1	0	0	9
2013/12/22-18:02:35	14	1,798.364	52.991	0	0	0	3	0	0	0	1	1	0	0	19
