2013/09/02-18:17:06	40	1,500	351.239	0	0	1	0	0	0	0	1	0	0	1	6
2013/09/02-18:17:35	40	1,500	351.239	0	0	1	0	0	0	0	1	1	0	0	5
2013/09/02-18:18:03	40	1,500	351.239	0	0	1	0	0	0	0	1	0	1	0	4
2013/09/02-18:18:29	40	1,500	351.239	0	0	1	0	0	0	0	1	0	0	1	5
2013/09/02-18:18:57	40	1,500	351.239	0	0	1	0	0	0	0	1	0	0	1	4
2013/09/02-18:19:29	40	1,500	351.239	0	0	1	0	0	0	0	1	0	1	0	6
2013/09/02-18:20:02	40	1,500	351.239	0	0	1	0	0	0	0	1	0	1	0	6
2013/09/02-18:20:34	40	1,500	351.239	0	0	1	0	0	0	0	1	0	1	0	5
2013/09/02-18:21:09	40	1,500	351.239	0	0	1	0	0	0	0	1	0	1	0	6
2013/09/02-18:21:44	40	1,500	351.239	0	0	1	0	0	0	0	1	0	1	0	2
2013/09/02-18:22:25	40	1,500	351.239	0	0	1	0	0	0	0	1	0	1	0	2
2013/09/02-18:23:16	40	1,500	351.239	0	0	1	0	0	0	0	1	0	1	0	5
2013/09/02-18:34:34	40	1,500	351.239	0	0	0	0	0	0	0	1	1	0	0	6
2013/09/02-18:48:09	86	0	280.765	0	0	1	0	0	0	0	1	0	0	1	6
2013/09/02-18:49:05	86	0	280.765	0	0	1	0	0	0	0	1	0	0	1	4
2013/09/02-18:50:15	86	0	280.765	0	0	1	0	0	0	0	1	0	0	1	3
2013/09/02-18:51:17	86	0	280.765	0	0	1	0	0	0	0	1	0	0	1	3
2013/09/02-18:51:39	86	0	280.765	0	0	1	0	0	0	0	1	0	0	1	6
2013/09/02-19:01:48	86	0	280.765	0	0	1	0	0	0	0	1	0	0	1	6
2013/09/02-19:02:14	86	0	280.765	0	0	1	0	0	0	0	1	0	0	1	6
2013/09/02-19:03:33	86	0	280.765	0	0	1	0	0	0	0	1	0	0	1	6
2013/09/02-19:03:58	86	0	280.765	0	0	1	0	0	0	0	1	0	0	1	6
2013/09/02-19:04:29	86	0	280.765	0	0	1	0	0	0	0	1	0	0	1	6
2013/09/03-00:42:47	82	620.548	280.585	0	0	1	0	0	0	0	1	0	0	1	6
2013/09/03-00:43:12	82	620.548	280.585	0	0	1	0	0	0	0	1	0	0	1	6
2013/09/03-00:43:59	82	620.548	280.585	0	0	1	0	0	0	0	1	0	0	1	6
2013/09/03-00:44:38	82	620.548	280.585	0	0	1	0	0	0	0	1	0	0	1	6
2013/09/03-00:45:12	82	620.548	280.585	0	0	1	0	0	0	0	1	0	0	1	4
2013/09/03-00:52:39	82	620.548	280.585	0	0	1	0	0	0	0	1	0	0	1	6
2013/09/03-00:53:04	82	620.548	280.585	0	0	1	0	0	0	0	1	0	0	1	6
2013/09/03-00:53:29	82	620.548	280.585	0	0	1	0	0	0	0	1	0	0	1	3
2013/09/03-00:53:51	82	620.548	280.585	0	0	1	0	0	0	0	1	0	0	1	6
2013/09/03-00:54:16	82	620.548	280.585	0	0	1	0	0	0	0	1	0	0	1	6
2013/09/03-01:04:21	82	620.548	280.585	0	0	1	0	0	0	0	1	0	0	1	6
2013/09/03-01:04:46	82	620.548	280.585	0	0	1	0	0	0	0	1	0	0	1	6
2013/09/03-01:05:11	83	755.838	206.847	0	0	1	0	0	0	0	1	0	0	1	6
2013/09/03-01:05:36	83	755.838	206.847	0	0	0	0	0	0	0	1	1	0	0	6
2013/09/03-01:06:01	83	755.838	206.847	0	0	1	0	0	0	0	1	0	0	1	6
2013/09/03-16:23:11	81	870.533	180.553	0	0	1	0	0	0	0	1	0	0	1	6
2013/09/03-16:23:46	81	870.533	180.553	0	0	1	0	0	0	0	1	0	0	1	4
2013/09/03-16:24:09	81	870.533	180.553	0	0	1	0	0	0	0	1	0	0	1	5
2013/09/03-16:24:43	81	870.533	180.553	0	0	1	0	0	0	0	1	0	0	1	3
2013/09/03-16:25:05	81	870.533	180.553	0	0	1	0	0	0	0	1	0	0	1	3
2013/09/03-16:34:37	76	983.604	162.19	0	0	1	0	0	0	0	1	0	0	1	6
2013/09/03-16:35:02	76	983.604	162.19	0	0	0	0	0	0	0	1	1	0	0	6
2013/09/03-16:35:27	76	983.604	162.19	0	0	1	0	0	0	0	1	0	0	1	6
2013/09/03-16:35:52	76	983.604	162.19	0	0	1	0	0	0	0	1	0	0	1	6
2013/09/03-16:36:17	76	983.604	162.19	0	0	1	0	0	0	0	1	0	0	1	6
2013/09/03-16:44:41	76	983.604	162.19	0	0	0	0	0	0	0	1	1	0	0	6
2013/09/03-16:45:06	76	983.604	162.19	0	0	1	0	0	0	0	1	0	1	0	3
2013/09/03-16:45:28	76	983.604	162.19	0	0	0	0	0	0	0	1	1	0	0	3
2013/09/03-16:45:50	76	983.604	162.19	0	0	0	0	0	0	0	1	1	0	0	3
2013/09/03-16:46:12	76	983.604	162.19	0	0	0	0	0	0	0	1	1	0	0	3
2013/09/03-21:20:29	84	710.338	121.541	0	0	1	0	0	0	0	1	0	0	1	6
2013/09/03-21:20:53	84	710.338	121.541	0	0	1	0	0	0	0	1	0	0	1	6
2013/09/03-21:21:18	84	710.338	121.541	0	0	1	0	0	0	0	1	0	0	1	6
2013/09/03-21:21:43	84	710.338	121.541	0	0	1	0	0	0	0	1	0	0	1	6
2013/09/03-21:22:07	84	710.338	121.541	0	0	0	0	0	0	0	1	1	0	0	4
2013/09/03-21:26:48	84	710.338	121.541	0	0	1	0	0	0	0	1	0	0	1	6
2013/09/03-21:27:16	84	710.338	121.541	0	0	1	0	0	0	0	1	0	0	1	6
2013/09/03-21:27:41	84	710.338	121.541	0	0	1	0	0	0	0	1	0	0	1	3
2013/09/03-21:28:09	84	710.338	121.541	0	0	1	0	0	0	0	1	0	0	1	6
2013/09/03-21:28:37	83	841.548	108.402	0	0	1	0	0	0	0	1	0	0	1	9
2013/09/03-21:35:41	83	841.548	108.402	0	0	1	0	0	0	0	1	0	0	1	6
2013/09/03-21:36:06	83	841.548	108.402	0	0	1	0	0	0	0	1	0	0	1	6
2013/09/03-21:36:31	83	841.548	108.402	0	0	1	0	0	0	0	1	0	0	1	6
2013/09/03-21:36:57	83	841.548	108.402	0	0	1	0	0	0	0	1	0	0	1	6
2013/09/03-21:37:22	83	841.548	108.402	0	0	1	0	0	0	0	1	0	0	1	6
2013/09/04-16:46:14	81	886.38	100.505	0	0	1	0	0	0	0	1	0	0	1	6
2013/09/04-16:46:39	81	886.38	100.505	0	0	1	0	0	0	0	1	0	0	1	6
2013/09/04-16:47:11	81	886.38	100.505	0	0	1	0	0	0	0	1	0	0	1	6
2013/09/04-16:47:36	81	886.38	100.505	0	0	1	0	0	0	0	1	0	0	1	6
2013/09/04-16:48:04	81	886.38	100.505	0	0	1	0	0	0	0	1	0	0	1	6
2013/09/04-16:53:37	81	886.38	100.505	0	0	0	0	0	0	0	1	1	0	0	6
2013/09/04-16:54:02	81	886.38	100.505	0	0	0	0	0	0	0	1	1	0	0	6
2013/09/04-16:54:27	81	886.38	100.505	0	0	1	0	0	0	0	1	0	0	1	6
2013/09/04-16:54:51	81	886.38	100.505	0	0	1	0	0	0	0	1	0	0	1	6
2013/09/04-16:55:16	81	886.38	100.505	0	0	1	0	0	0	0	1	0	0	1	6
2013/09/04-17:05:46	81	886.38	100.505	0	0	0	0	0	0	0	1	1	0	0	6
2013/09/04-17:06:11	81	886.38	100.505	0	0	1	0	0	0	0	1	0	0	1	6
2013/09/04-17:06:36	81	886.38	100.505	0	0	1	0	0	0	0	1	1	0	0	6
2013/09/04-17:07:01	81	886.38	100.505	0	0	1	0	0	0	0	1	0	0	1	6
2013/09/04-17:07:26	81	886.38	100.505	0	0	0	0	0	0	0	1	1	0	0	6
2013/09/04-23:25:47	82	870.464	88.712	0	0	1	0	0	0	0	1	0	0	1	6
2013/09/04-23:26:12	82	870.464	88.712	0	0	1	0	0	0	0	1	0	0	1	6
2013/09/04-23:26:51	82	870.464	88.712	0	0	1	0	0	0	0	1	0	0	1	6
2013/09/04-23:27:15	82	870.464	88.712	0	0	1	0	0	0	0	1	0	0	1	4
2013/09/04-23:27:43	82	870.464	88.712	0	0	1	0	0	0	0	1	0	0	1	6
2013/09/04-23:33:24	82	870.464	88.712	0	0	0	0	0	0	0	1	1	0	0	6
2013/09/04-23:33:49	82	870.464	88.712	0	0	1	0	0	0	0	1	0	0	1	6
2013/09/04-23:34:13	83	884.372	82.824	0	0	0	0	0	0	0	1	1	0	0	6
2013/09/04-23:34:38	83	884.372	82.824	0	0	1	0	0	0	0	1	0	0	1	6
2013/09/04-23:35:03	83	884.372	82.824	0	0	1	0	0	0	0	1	0	0	1	6
2013/09/04-23:47:35	83	884.372	82.824	0	0	1	0	0	0	0	1	0	0	1	6
2013/09/04-23:48:00	83	884.372	82.824	0	0	1	0	0	0	0	1	0	0	1	6
2013/09/04-23:48:25	83	884.372	82.824	0	0	1	0	0	0	0	1	0	0	1	6
2013/09/04-23:48:50	83	884.372	82.824	0	0	1	0	0	0	0	1	0	0	1	6
2013/09/04-23:49:15	83	884.372	82.824	0	0	0	0	0	0	0	1	1	0	0	6
2013/09/05-03:36:44	80	939.035	78.982	0	0	1	0	0	0	0	1	0	0	1	6
2013/09/05-03:37:09	80	939.035	78.982	0	0	1	0	0	0	0	1	0	0	1	6
2013/09/05-03:38:28	80	939.035	78.982	0	0	1	0	0	0	0	1	0	0	1	3
2013/09/05-03:38:52	80	939.035	78.982	0	0	1	0	0	0	0	1	0	0	1	6
2013/09/05-03:39:17	80	939.035	78.982	0	0	1	0	0	0	0	1	0	0	1	6
2013/09/05-03:45:14	81	927.376	73.315	0	0	1	0	0	0	0	1	0	0	1	6
2013/09/05-03:45:39	81	927.376	73.315	0	0	0	0	0	0	0	1	1	0	0	6
2013/09/05-03:46:04	81	927.376	73.315	0	0	1	0	0	0	0	1	0	0	1	6
2013/09/05-03:46:29	81	927.376	73.315	0	0	1	0	0	0	0	1	0	0	1	6
2013/09/05-03:46:54	81	927.376	73.315	0	0	0	0	0	0	0	1	1	0	0	6
2013/09/05-03:54:39	81	927.376	73.315	0	0	1	0	0	0	0	1	1	0	0	6
2013/09/05-03:55:04	81	927.376	73.315	0	0	1	0	0	0	0	1	0	0	1	6
2013/09/05-03:55:29	81	927.376	73.315	0	0	0	0	0	0	0	1	1	0	0	6
2013/09/05-03:55:54	81	927.376	73.315	0	0	0	0	0	0	0	1	1	0	0	6
2013/09/05-03:56:19	81	927.376	73.315	0	0	0	0	0	0	0	1	1	0	0	6
2013/09/05-04:10:48	71	1,014.787	65.265	0	0	0	0	0	0	0	1	1	0	0	6
2013/09/05-04:11:13	71	1,014.787	65.265	0	0	1	0	0	0	0	1	0	0	1	6
2013/09/05-04:11:38	71	1,014.787	65.265	0	0	1	0	0	0	0	1	0	0	1	6
2013/09/05-04:12:06	71	1,014.787	65.265	0	0	1	0	0	0	0	1	0	0	1	6
2013/09/05-04:12:36	71	1,014.787	65.265	0	0	1	0	0	0	0	1	0	0	1	6
2013/09/05-04:13:07	71	1,014.787	65.265	0	0	1	0	0	0	0	1	0	1	0	6
2013/09/05-04:13:38	71	1,014.787	65.265	0	0	0	0	0	0	0	1	1	0	0	6
2013/09/05-04:18:27	71	1,014.787	65.265	0	0	1	0	0	0	0	1	0	0	1	4
2013/09/05-04:19:35	71	1,014.787	65.265	0	0	1	0	0	0	0	1	0	0	1	6
2013/09/05-04:20:49	71	1,014.787	65.265	0	0	1	0	0	0	0	1	0	0	1	3
2013/09/05-04:21:28	71	1,014.787	65.265	0	0	1	0	0	0	0	1	0	0	1	6
2013/09/05-04:22:29	71	1,014.787	65.265	0	0	1	0	0	0	0	1	0	0	1	6
2013/09/05-04:31:21	71	1,016.596	62.168	0	0	1	0	0	0	0	1	0	0	1	3
2013/09/05-04:31:44	71	1,016.596	62.168	0	0	1	0	0	0	0	1	0	0	1	6
2013/09/05-04:32:09	71	1,016.596	62.168	0	0	1	0	0	0	0	1	0	0	1	3
2013/09/05-04:32:32	71	1,016.596	62.168	0	0	1	0	0	0	0	1	0	0	1	3
2013/09/05-04:32:59	71	1,016.596	62.168	0	0	1	0	0	0	0	1	0	0	1	6
2013/09/06-01:10:37	73	998.212	64.337	0	0	1	0	0	0	0	1	0	0	1	6
2013/09/06-01:11:05	73	998.212	64.337	0	0	1	0	0	0	0	1	0	0	1	6
2013/09/06-01:11:30	73	998.212	64.337	0	0	1	0	0	0	0	1	0	0	1	6
2013/09/06-01:11:54	73	998.212	64.337	0	0	1	0	0	0	0	1	0	0	1	6
2013/09/06-01:12:19	73	998.212	64.337	0	0	1	0	0	0	0	1	0	0	1	6
2013/09/06-01:21:44	73	990.1	60.857	0	0	1	0	0	0	0	1	0	0	1	6
2013/09/06-01:22:09	73	990.1	60.857	0	0	1	0	0	0	0	1	0	0	1	6
2013/09/06-01:22:34	73	990.1	60.857	0	0	1	0	0	0	0	1	0	0	1	6
2013/09/06-01:22:59	73	990.1	60.857	0	0	1	0	0	0	0	1	0	0	1	6
2013/09/06-01:23:23	73	990.1	60.857	0	0	1	0	0	0	0	1	0	0	1	6
2013/09/06-01:30:08	73	990.1	60.857	0	0	1	0	0	0	0	1	0	0	1	6
2013/09/06-01:30:33	73	990.1	60.857	0	0	1	0	0	0	0	1	0	0	1	6
2013/09/06-01:30:58	73	990.1	60.857	0	0	0	0	0	0	0	1	1	0	0	6
2013/09/06-01:31:22	73	990.1	60.857	0	0	1	0	0	0	0	1	0	0	1	6
2013/09/06-01:31:47	73	990.1	60.857	0	0	1	0	0	0	0	1	0	0	1	6
2013/09/09-08:40:29	77	1,005.288	72.921	0	0	1	0	0	0	0	1	0	1	0	0
2013/09/09-08:45:57	77	1,005.288	72.921	0	0	1	0	0	0	0	1	0	0	1	6
2013/09/09-08:46:24	77	1,005.288	72.921	0	0	1	0	0	0	0	1	0	0	1	6
2013/09/09-08:46:54	77	1,005.288	72.921	0	0	1	0	0	0	0	1	0	0	1	6
2013/09/09-08:47:24	77	1,005.288	72.921	0	0	1	0	0	0	0	1	0	0	1	6
2013/09/09-08:47:56	77	1,005.288	72.921	0	0	1	0	0	0	0	1	0	0	1	6
2013/09/09-08:48:29	77	1,005.288	72.921	0	0	1	0	0	0	0	1	0	0	1	6
2013/09/09-08:48:53	77	1,005.288	72.921	0	0	1	0	0	0	0	1	0	0	1	6
2013/09/09-08:49:18	77	1,005.288	72.921	0	0	1	0	0	0	0	1	0	0	1	6
2013/09/09-08:49:43	77	1,005.288	72.921	0	0	1	0	0	0	0	1	0	0	1	6
2013/09/09-08:50:10	77	1,005.288	72.921	0	0	1	0	0	0	0	1	0	0	1	6
2013/09/09-08:50:41	77	1,005.288	72.921	0	0	1	0	0	0	0	1	0	0	1	6
2013/09/09-20:30:45	77	1,005.288	72.921	0	0	1	0	0	0	0	1	0	0	1	6
2013/09/09-20:31:11	77	1,005.288	72.921	0	0	0	0	0	0	0	1	1	0	0	6
2013/09/09-20:31:36	77	1,005.288	72.921	0	0	1	0	0	0	0	1	0	0	1	6
2013/09/09-20:32:01	77	1,005.288	72.921	0	0	0	0	0	0	0	1	1	0	0	6
2013/09/09-20:32:25	77	1,005.288	72.921	0	0	0	0	0	0	0	1	1	0	0	6
2013/09/10-23:17:19	76	989.167	69.305	0	0	1	0	0	0	0	1	0	0	1	6
2013/09/10-23:17:56	76	989.167	69.305	0	0	1	0	0	0	0	1	0	0	1	6
2013/09/10-23:18:32	76	989.167	69.305	0	0	1	0	0	0	0	1	0	0	1	6
2013/09/10-23:19:21	76	989.167	69.305	0	0	1	0	0	0	0	1	0	0	1	6
2013/09/10-23:19:52	76	989.167	69.305	0	0	1	0	0	0	0	1	0	0	1	6
2013/09/10-23:20:34	76	989.167	69.305	0	0	0	0	0	0	0	1	1	0	0	6
2013/09/10-23:20:58	76	989.167	69.305	0	0	1	0	0	0	0	1	0	0	1	6
2013/09/10-23:21:23	76	989.167	69.305	0	0	1	0	0	0	0	1	0	0	1	6
2013/09/10-23:21:48	76	989.167	69.305	0	0	0	0	0	0	0	1	1	0	0	6
2013/09/10-23:22:13	77	988.921	62.96	0	0	1	0	0	0	0	1	0	0	1	6
2013/09/10-23:52:47	77	988.921	62.96	0	0	0	0	0	0	0	1	1	0	0	6
2013/09/10-23:53:11	77	988.921	62.96	0	0	1	0	0	0	0	1	0	0	1	6
2013/09/10-23:53:36	77	988.921	62.96	0	0	1	0	0	0	0	1	0	0	1	6
2013/09/10-23:54:01	77	988.921	62.96	0	0	1	0	0	0	0	1	0	0	1	6
2013/09/10-23:54:26	77	988.921	62.96	0	0	1	0	0	0	0	1	0	0	1	6
2013/09/11-14:27:31	77	996.625	66.419	0	0	1	0	0	0	0	1	0	0	1	6
2013/09/11-14:28:18	77	996.625	66.419	0	0	1	0	0	0	0	1	0	0	1	6
2013/09/11-14:28:47	77	996.625	66.419	0	0	1	0	0	0	0	1	0	0	1	6
2013/09/11-14:29:19	77	996.625	66.419	0	0	1	0	0	0	0	1	0	0	1	6
2013/09/11-14:29:54	77	996.625	66.419	0	0	1	0	0	0	0	1	0	0	1	6
2013/09/11-14:36:20	77	996.625	66.419	0	0	1	0	0	0	0	1	0	0	1	6
2013/09/11-14:36:45	77	996.625	66.419	0	0	1	0	0	0	0	1	0	0	1	6
2013/09/11-14:37:10	77	996.625	66.419	0	0	1	0	0	0	0	1	0	0	1	6
2013/09/11-14:37:35	77	996.625	66.419	0	0	1	0	0	0	0	1	0	0	1	6
2013/09/11-14:37:59	77	996.625	66.419	0	0	1	0	0	0	0	1	0	0	1	6
2013/09/11-14:53:10	76	992.986	60.229	0	0	1	0	0	0	0	1	0	0	1	6
2013/09/11-14:53:46	76	992.986	60.229	0	0	1	0	0	0	0	1	0	0	1	6
2013/09/11-14:54:12	76	992.986	60.229	0	0	1	0	0	0	0	1	0	0	1	6
2013/09/11-14:54:46	76	992.986	60.229	0	0	1	0	0	0	0	1	0	0	1	6
2013/09/11-14:55:12	76	992.986	60.229	0	0	1	0	0	0	0	1	0	0	1	6
2013/09/12-08:33:59	77	972.381	64.051	0	0	1	0	0	0	0	1	0	0	1	6
2013/09/12-08:34:27	77	972.381	64.051	0	0	1	0	0	0	0	1	0	0	1	6
2013/09/12-08:34:52	77	972.381	64.051	0	0	1	0	0	0	0	1	0	0	1	6
2013/09/12-08:35:35	77	972.381	64.051	0	0	1	0	0	0	0	1	0	0	1	6
2013/09/12-08:36:02	77	972.381	64.051	0	0	1	0	0	0	0	1	0	0	1	6
2013/09/12-08:44:49	78	955.094	60.895	0	0	1	0	0	0	0	1	0	0	1	6
2013/09/12-08:45:14	78	955.094	60.895	0	0	1	0	0	0	0	1	0	0	1	6
2013/09/12-08:45:39	78	955.094	60.895	0	0	1	0	0	0	0	1	0	0	1	6
2013/09/12-08:46:04	78	955.094	60.895	0	0	1	0	0	0	0	1	0	0	1	6
2013/09/12-08:46:29	78	955.094	60.895	0	0	1	0	0	0	0	1	0	0	1	6
2013/09/12-08:47:00	78	955.094	60.895	0	0	0	0	0	0	0	1	1	0	0	6
2013/09/12-08:58:03	78	955.094	60.895	0	0	0	0	0	0	0	1	1	0	0	6
2013/09/12-08:58:28	78	955.094	60.895	0	0	0	0	0	0	0	1	1	0	0	6
2013/09/12-08:58:53	78	955.094	60.895	0	0	0	0	0	0	0	1	1	0	0	6
2013/09/12-08:59:18	78	955.094	60.895	0	0	1	0	0	0	0	1	0	0	1	6
2013/09/12-08:59:43	78	955.094	60.895	0	0	1	0	0	0	0	1	0	0	1	6
2013/09/13-10:18:10	77	977.748	61.194	0	0	1	0	0	0	0	1	0	0	1	6
2013/09/13-10:19:30	77	977.408	61.448	0	0	1	0	0	0	0	1	0	0	1	6
2013/09/13-10:20:49	77	977.408	61.448	0	0	1	0	0	0	0	1	0	0	1	6
2013/09/13-10:22:07	77	977.408	61.448	0	0	1	0	0	0	0	1	0	0	1	6
2013/09/13-10:23:26	77	977.408	61.448	0	0	1	0	0	0	0	1	0	0	1	6
2013/09/13-10:33:38	77	977.408	61.448	0	0	1	0	0	0	0	1	0	0	1	6
2013/09/13-10:34:21	77	977.408	61.448	0	0	1	0	0	0	0	1	0	0	1	6
2013/09/13-10:34:48	77	977.408	61.448	0	0	1	0	0	0	0	1	0	0	1	6
2013/09/13-10:36:07	77	977.408	61.448	0	0	1	0	0	0	0	1	0	0	1	6
2013/09/13-10:36:55	77	977.408	61.448	0	0	1	0	0	0	0	1	0	0	1	6
2013/09/13-10:50:17	77	977.408	61.448	0	0	1	0	0	0	0	1	0	0	1	6
2013/09/13-10:50:43	77	977.408	61.448	0	0	1	0	0	0	0	1	0	0	1	6
2013/09/13-10:51:10	77	977.408	61.448	0	0	1	0	0	0	0	1	0	0	1	6
2013/09/13-10:51:35	77	977.408	61.448	0	0	0	0	0	0	0	1	1	0	0	6
2013/09/13-10:52:00	77	977.408	61.448	0	0	1	0	0	0	0	1	0	0	1	6
2013/09/13-21:08:48	75	1,026.515	69.371	0	0	1	0	0	0	0	1	0	0	1	6
2013/09/13-21:09:14	75	1,026.515	69.371	0	0	1	0	0	0	0	1	0	0	1	11
2013/09/13-21:09:43	75	1,026.515	69.371	0	0	1	0	0	0	0	1	0	0	1	6
2013/09/13-21:10:23	75	1,026.515	69.371	0	0	1	0	0	0	0	1	0	0	1	6
2013/09/13-21:10:49	75	1,026.515	69.371	0	0	1	0	0	0	0	1	0	0	1	6
2013/09/13-21:13:35	75	1,026.515	69.371	0	0	1	0	0	0	0	1	0	0	1	6
2013/09/13-21:14:00	75	1,026.515	69.371	0	0	0	0	0	0	0	1	1	0	0	6
2013/09/13-21:14:25	75	1,026.515	69.371	0	0	1	0	0	0	0	1	0	0	1	6
2013/09/13-21:14:50	75	1,026.515	69.371	0	0	1	0	0	0	0	1	0	0	1	6
2013/09/13-21:15:15	75	1,026.515	69.371	0	0	1	0	0	0	0	1	0	0	1	6
2013/09/13-21:28:11	76	1,015.735	62.44	0	0	1	0	0	0	0	1	0	0	1	6
2013/09/13-21:28:40	76	1,015.735	62.44	0	0	1	0	0	0	0	1	0	0	1	6
2013/09/13-21:29:05	76	1,015.735	62.44	0	0	1	0	0	0	0	1	0	0	1	6
2013/09/13-21:29:30	76	1,015.735	62.44	0	0	1	0	0	0	0	1	0	0	1	6
2013/09/13-21:29:55	76	1,015.735	62.44	0	0	1	0	0	0	0	1	0	0	1	6
2013/09/14-06:15:53	77	980.652	67.881	0	0	1	0	0	0	0	1	0	0	1	6
2013/09/14-06:17:10	77	980.652	67.881	0	0	1	0	0	0	0	1	0	0	1	6
2013/09/14-06:18:02	77	980.652	67.881	0	0	1	0	0	0	0	1	0	0	1	6
2013/09/14-06:18:44	77	980.652	67.881	0	0	1	0	0	0	0	1	0	0	1	6
2013/09/14-06:19:39	77	980.652	67.881	0	0	1	0	0	0	0	1	0	0	1	6
2013/09/14-06:37:32	78	975.581	67.279	0	0	1	0	0	0	0	1	0	0	1	6
2013/09/14-06:37:59	78	975.581	67.279	0	0	1	0	0	0	0	1	0	0	1	10
2013/09/14-06:38:28	78	975.581	67.279	0	0	1	0	0	0	0	1	0	0	1	6
2013/09/14-06:38:53	78	975.581	67.279	0	0	1	0	0	0	0	1	0	0	1	6
2013/09/14-06:39:21	78	975.581	67.279	0	0	1	0	0	0	0	1	0	0	1	6
2013/09/14-06:52:09	78	975.581	67.279	0	0	1	0	0	0	0	1	0	0	1	6
2013/09/14-06:52:33	78	975.581	67.279	0	0	1	0	0	0	0	1	1	0	0	6
2013/09/14-06:52:58	78	975.581	67.279	0	0	1	0	0	0	0	1	1	0	0	6
2013/09/14-06:53:23	78	975.581	67.279	0	0	1	0	0	0	0	1	0	0	1	6
2013/09/14-06:53:48	78	961.853	62.104	0	0	1	0	0	0	0	1	0	0	1	6
2013/09/14-12:33:43	79	949.594	65.511	0	0	1	0	0	0	0	1	0	0	1	6
2013/09/14-12:34:12	79	949.594	65.511	0	0	1	0	0	0	0	1	0	0	1	6
2013/09/14-12:34:56	79	949.594	65.511	0	0	1	0	0	0	0	1	0	0	1	6
2013/09/14-12:36:15	79	949.594	65.511	0	0	1	0	0	0	0	1	0	0	1	6
2013/09/14-12:37:26	79	949.594	65.511	0	0	1	0	0	0	0	1	0	0	1	6
2013/09/14-12:44:40	79	946.081	64.195	0	0	1	0	0	0	0	1	0	0	1	6
2013/09/14-12:45:04	79	946.081	64.195	0	0	1	0	0	0	0	1	0	0	1	6
2013/09/14-12:45:32	79	946.081	64.195	0	0	1	0	0	0	0	1	0	0	1	6
2013/09/14-12:46:05	79	946.081	64.195	0	0	1	0	0	0	0	1	0	0	1	6
2013/09/14-12:46:45	79	946.081	64.195	0	0	1	0	0	0	0	1	0	0	1	6
2013/09/14-12:47:20	79	946.081	64.195	0	0	1	0	0	0	0	1	0	0	1	6
2013/09/14-13:00:46	79	946.081	64.195	0	0	1	0	0	0	0	1	0	0	1	6
2013/09/14-13:01:10	79	946.081	64.195	0	0	1	0	0	0	0	1	0	0	1	6
2013/09/14-13:01:36	79	946.081	64.195	0	0	1	0	0	0	0	1	0	0	1	6
2013/09/14-13:02:01	79	946.081	64.195	0	0	1	0	0	0	0	1	0	0	1	6
2013/09/14-13:02:26	79	946.081	64.195	0	0	1	0	0	0	0	1	0	0	1	6
2013/09/14-13:02:58	79	946.081	64.195	0	0	1	0	0	0	0	1	0	0	1	6
2013/09/14-16:24:39	80	932.069	63.341	0	0	1	0	0	0	0	1	0	0	1	6
2013/09/14-16:25:37	80	932.069	63.341	0	0	1	0	0	0	0	1	0	0	1	6
2013/09/14-16:26:23	80	932.069	63.341	0	0	1	0	0	0	0	1	0	0	1	6
2013/09/14-16:26:52	80	932.069	63.341	0	0	1	0	0	0	0	1	0	0	1	6
2013/09/14-16:27:18	80	932.069	63.341	0	0	1	0	0	0	0	1	0	0	1	6
2013/09/14-16:43:11	80	932.069	63.341	0	0	1	0	0	0	0	1	0	0	1	6
2013/09/14-16:43:37	80	932.069	63.341	0	0	1	0	0	0	0	1	0	0	1	6
2013/09/14-16:44:02	80	932.069	63.341	0	0	1	0	0	0	0	1	0	0	1	6
2013/09/14-16:44:27	80	932.069	63.341	0	0	1	0	0	0	0	1	0	0	1	6
2013/09/14-16:44:53	80	932.069	63.341	0	0	1	0	0	0	0	1	0	0	1	6
2013/09/14-16:54:42	79	936.17	59.628	0	0	1	0	0	0	0	1	0	0	1	6
2013/09/14-16:55:07	79	936.17	59.628	0	0	1	0	0	0	0	1	0	0	1	6
2013/09/14-16:55:35	79	936.17	59.628	0	0	1	0	0	0	0	1	1	0	0	6
2013/09/14-16:56:00	79	936.17	59.628	0	0	1	0	0	0	0	1	0	0	1	6
2013/09/14-16:56:25	79	936.17	59.628	0	0	0	0	0	0	0	1	1	0	0	6
2013/09/14-21:37:15	80	938.227	63.14	0	0	1	0	0	0	0	1	0	0	1	6
2013/09/14-21:37:42	80	938.227	63.14	0	0	1	0	0	0	0	1	0	0	1	6
2013/09/14-21:38:34	80	938.227	63.14	0	0	1	0	0	0	0	1	0	0	1	6
2013/09/14-21:39:04	80	938.227	63.14	0	0	1	0	0	0	0	1	0	0	1	6
2013/09/14-21:39:41	80	938.227	63.14	0	0	1	0	0	0	0	1	0	0	1	6
2013/09/14-21:47:20	79	941.14	61.755	0	0	1	0	0	0	0	1	0	0	1	6
2013/09/14-21:47:46	79	941.14	61.755	0	0	1	0	0	0	0	1	0	0	1	6
2013/09/14-21:48:11	79	941.14	61.755	0	0	1	0	0	0	0	1	0	0	1	6
2013/09/14-21:48:38	79	941.14	61.755	0	0	1	0	0	0	0	1	0	0	1	6
2013/09/14-21:49:16	79	941.14	61.755	0	0	1	0	0	0	0	1	0	0	1	6
2013/09/14-21:58:47	79	941.14	61.755	0	0	1	0	0	0	0	1	0	0	1	6
2013/09/14-21:59:31	79	941.14	61.755	0	0	1	0	0	0	0	1	0	0	1	6
2013/09/14-22:00:25	79	941.14	61.755	0	0	1	0	0	0	0	1	0	0	1	6
2013/09/14-22:00:57	79	941.14	61.755	0	0	1	0	0	0	0	1	0	0	1	6
2013/09/14-22:01:22	79	941.14	61.755	0	0	1	0	0	0	0	1	0	0	1	6
2013/09/15-09:11:46	79	941.058	62.582	0	0	1	0	0	0	0	1	0	0	1	6
2013/09/15-09:12:50	79	941.058	62.582	0	0	1	0	0	0	0	1	0	0	1	6
2013/09/15-09:13:44	79	941.058	62.582	0	0	1	0	0	0	0	1	0	0	1	6
2013/09/15-09:14:28	79	941.058	62.582	0	0	1	0	0	0	0	1	0	0	1	6
2013/09/15-09:15:46	79	941.058	62.582	0	0	1	0	0	0	0	1	0	0	1	6
2013/09/15-09:30:27	79	941.058	62.582	0	0	1	0	0	0	0	1	0	0	1	6
2013/09/15-09:30:52	79	941.058	62.582	0	0	1	0	0	0	0	1	0	0	1	6
2013/09/15-09:31:17	79	941.058	62.582	0	0	1	0	0	0	0	1	0	0	1	6
2013/09/15-09:31:43	79	941.058	62.582	0	0	1	0	0	0	0	1	0	0	1	6
2013/09/15-09:32:08	79	941.058	62.582	0	0	1	0	0	0	0	1	0	0	1	3
2013/09/15-09:46:57	78	952.634	58.625	0	0	0	0	0	0	0	1	1	0	0	5
2013/09/15-09:47:20	78	952.634	58.625	0	0	1	0	0	0	0	1	0	0	1	6
2013/09/15-09:47:45	78	952.634	58.625	0	0	1	0	0	0	0	1	0	0	1	6
2013/09/15-09:48:10	78	952.634	58.625	0	0	1	0	0	0	0	1	0	0	1	6
2013/09/15-09:48:34	78	952.634	58.625	0	0	1	0	0	0	0	1	0	0	1	6
2013/09/15-15:49:46	77	965.511	62.399	0	0	1	0	0	0	0	1	0	0	1	6
2013/09/15-15:50:11	77	965.511	62.399	0	0	1	0	0	0	0	1	0	0	1	6
2013/09/15-15:50:36	77	965.511	62.399	0	0	1	0	0	0	0	1	0	0	1	6
2013/09/15-15:51:00	77	965.511	62.399	0	0	1	0	0	0	0	1	0	0	1	6
2013/09/15-15:51:25	77	965.511	62.399	0	0	1	0	0	0	0	1	0	0	1	6
2013/09/15-15:59:41	77	965.511	62.399	0	0	1	0	0	0	0	1	0	0	1	6
2013/09/15-16:00:06	77	965.511	62.399	0	0	1	0	0	0	0	1	0	0	1	6
2013/09/15-16:00:33	77	965.511	62.399	0	0	1	0	0	0	0	1	0	0	1	6
2013/09/15-16:00:59	77	965.511	62.399	0	0	1	0	0	0	0	1	0	0	1	6
2013/09/15-16:01:28	77	965.511	62.399	0	0	1	0	0	0	0	1	0	0	1	6
2013/09/15-16:02:00	77	965.511	62.399	0	0	0	0	0	0	0	1	1	0	0	6
2013/09/15-16:12:00	77	975.017	56.727	0	0	0	0	0	0	0	1	1	0	0	6
2013/09/15-16:12:26	77	975.017	56.727	0	0	0	0	0	0	0	1	1	0	0	6
2013/09/15-16:12:50	77	975.017	56.727	0	0	1	0	0	0	0	1	1	0	0	6
2013/09/15-16:13:15	77	975.017	56.727	0	0	1	0	0	0	0	1	0	0	1	6
2013/09/15-16:13:40	77	975.017	56.727	0	0	1	0	0	0	0	1	0	0	1	6
2013/09/15-16:28:06	76	995.987	54.23	0	0	1	0	0	0	0	1	0	0	1	6
2013/09/15-16:28:34	76	995.987	54.23	0	0	1	0	0	0	0	1	0	0	1	6
2013/09/15-16:28:58	76	995.987	54.23	0	0	1	0	0	0	0	1	0	0	1	6
2013/09/15-16:29:58	76	995.987	54.23	0	0	1	0	0	0	0	1	0	0	1	6
2013/09/15-16:30:25	76	995.987	54.23	0	0	1	0	0	0	0	1	0	0	1	6
2013/09/15-16:34:54	76	995.987	54.23	0	0	1	0	0	0	0	1	0	0	1	6
2013/09/15-16:35:26	76	995.987	54.23	0	0	1	0	0	0	0	1	0	0	1	6
2013/09/15-16:35:51	76	995.987	54.23	0	0	1	0	0	0	0	1	0	0	1	6
2013/09/15-16:36:16	76	995.987	54.23	0	0	1	0	0	0	0	1	0	0	1	6
2013/09/15-16:36:41	76	995.987	54.23	0	0	1	0	0	0	0	1	0	0	1	6
2013/09/15-16:49:04	76	995.987	54.23	0	0	0	0	0	0	0	1	1	0	0	3
2013/09/15-16:49:26	76	995.987	54.23	0	0	1	0	0	0	0	1	0	0	1	6
2013/09/15-16:49:51	76	995.987	54.23	0	0	0	0	0	0	0	1	1	0	0	6
2013/09/15-16:50:15	76	995.987	54.23	0	0	0	0	0	0	0	1	1	0	0	3
2013/09/15-16:50:37	76	995.987	54.23	0	0	0	0	0	0	0	1	1	0	0	4
2013/09/15-21:58:13	77	978.908	57.954	0	0	1	0	0	0	0	1	0	0	1	6
2013/09/15-21:58:47	77	978.908	57.954	0	0	1	0	0	0	0	1	0	0	1	6
2013/09/15-21:59:11	77	978.908	57.954	0	0	1	0	0	0	0	1	0	0	1	6
2013/09/15-21:59:36	77	978.908	57.954	0	0	1	0	0	0	0	1	0	0	1	6
2013/09/15-22:00:43	77	978.908	57.954	0	0	1	0	0	0	0	1	0	0	1	6
2013/09/15-22:08:05	77	976.37	55.491	0	0	1	0	0	0	0	1	0	0	1	6
2013/09/15-22:08:30	77	976.37	55.491	0	0	1	0	0	0	0	1	0	0	1	6
2013/09/15-22:08:55	77	976.37	55.491	0	0	1	0	0	0	0	1	0	0	1	6
2013/09/15-22:09:20	77	976.37	55.491	0	0	1	0	0	0	0	1	0	0	1	6
2013/09/15-22:09:45	77	976.37	55.491	0	0	1	0	0	0	0	1	0	0	1	6
2013/09/15-22:17:27	77	976.37	55.491	0	0	1	0	0	0	0	1	0	0	1	6
2013/09/15-22:17:52	77	976.37	55.491	0	0	1	0	0	0	0	1	0	0	1	6
2013/09/15-22:18:17	80	966.244	52.365	0	0	1	0	0	0	0	1	1	0	0	6
2013/09/15-22:18:42	80	966.244	52.365	0	0	1	0	0	0	0	1	0	0	1	6
2013/09/15-22:19:07	80	966.244	52.365	0	0	0	0	0	0	0	1	1	0	0	6
2013/09/16-21:35:17	79	975.975	58.828	0	0	0	0	0	0	0	1	1	0	0	6
2013/09/16-21:35:42	79	975.975	58.828	0	0	0	0	0	0	0	1	1	0	0	6
2013/09/16-21:36:07	79	975.975	58.828	0	0	1	0	0	0	0	1	0	0	1	6
2013/09/16-21:36:32	79	975.975	58.828	0	0	1	0	0	0	0	1	0	0	1	6
2013/09/16-21:36:57	79	975.975	58.828	0	0	1	0	0	0	0	1	0	0	1	6
2013/09/16-21:41:51	78	997.68	56.196	0	0	1	0	0	0	0	1	0	0	1	6
2013/09/16-21:42:17	78	997.68	56.196	0	0	1	0	0	0	0	1	0	0	1	6
2013/09/16-21:42:42	78	997.68	56.196	0	0	1	0	0	0	0	1	0	0	1	6
2013/09/16-21:43:10	78	997.68	56.196	0	0	1	0	0	0	0	1	0	0	1	6
2013/09/16-21:43:35	78	997.68	56.196	0	0	1	0	0	0	0	1	0	0	1	6
2013/09/16-21:51:43	78	997.68	56.196	0	0	1	0	0	0	0	1	0	0	1	6
2013/09/16-21:52:08	78	997.68	56.196	0	0	1	0	0	0	0	1	0	0	1	6
2013/09/16-21:52:33	78	997.68	56.196	0	0	1	0	0	0	0	1	0	0	1	6
2013/09/16-21:52:58	78	997.68	56.196	0	0	1	0	0	0	0	1	0	0	1	6
2013/09/16-21:53:23	78	997.68	56.196	0	0	1	0	0	0	0	1	0	0	1	6
2013/09/17-20:11:17	76	997.254	57.553	0	0	1	0	0	0	0	1	1	0	0	6
2013/09/17-20:11:43	76	997.254	57.553	0	0	1	0	0	0	0	1	0	0	1	6
2013/09/17-20:12:08	76	997.254	57.553	0	0	1	0	0	0	0	1	0	0	1	6
2013/09/17-20:12:35	76	997.254	57.553	0	0	1	0	0	0	0	1	0	0	1	6
2013/09/17-20:13:00	76	997.254	57.553	0	0	1	0	0	0	0	1	0	0	1	6
2013/09/17-20:24:04	76	999.767	55.115	0	0	1	0	0	0	0	1	0	0	1	5
2013/09/17-20:24:29	76	999.767	55.115	0	0	1	0	0	0	0	1	0	0	1	5
2013/09/17-20:24:53	76	999.767	55.115	0	0	1	0	0	0	0	1	0	0	1	6
2013/09/17-20:25:21	76	999.767	55.115	0	0	1	0	0	0	0	1	0	0	1	6
2013/09/17-20:25:46	76	999.767	55.115	0	0	1	0	0	0	0	1	0	0	1	6
2013/09/17-20:30:40	76	999.767	55.115	0	0	1	0	0	0	0	1	0	0	1	6
2013/09/17-20:31:14	76	999.767	55.115	0	0	1	0	0	0	0	1	0	0	1	6
2013/09/17-20:31:39	76	999.767	55.115	0	0	1	0	0	0	0	1	0	0	1	6
2013/09/17-20:32:08	76	999.767	55.115	0	0	1	0	0	0	0	1	0	0	1	4
2013/09/17-20:32:30	76	999.767	55.115	0	0	1	0	0	0	0	1	0	0	1	6
2013/09/18-09:05:01	76	1,010.091	58.736	0	0	1	0	0	0	0	1	0	0	1	6
2013/09/18-09:05:27	76	1,010.091	58.736	0	0	1	0	0	0	0	1	0	0	1	6
2013/09/18-09:06:45	76	1,010.091	58.736	0	0	1	0	0	0	0	1	0	0	1	6
2013/09/18-09:07:10	76	1,010.091	58.736	0	0	1	0	0	0	0	1	0	0	1	6
2013/09/18-09:08:29	76	1,010.091	58.736	0	0	1	0	0	0	0	1	0	0	1	6
2013/09/18-09:16:23	76	1,014.014	56.115	0	0	1	0	0	0	0	1	0	0	1	6
2013/09/18-09:16:48	76	1,014.014	56.115	0	0	1	0	0	0	0	1	0	0	1	6
2013/09/18-09:17:13	76	1,014.014	56.115	0	0	1	0	0	0	0	1	0	0	1	3
2013/09/18-09:17:38	76	1,014.014	56.115	0	0	1	0	0	0	0	1	0	0	1	6
2013/09/18-09:18:03	76	1,014.014	56.115	0	0	1	0	0	0	0	1	0	0	1	6
2013/09/18-11:13:06	76	1,014.014	56.115	0	0	1	0	0	0	0	1	1	0	0	6
2013/09/18-11:13:31	76	1,014.014	56.115	0	0	1	0	0	0	0	1	0	0	1	6
2013/09/18-11:13:56	76	1,014.014	56.115	0	0	1	0	0	0	0	1	0	0	1	6
2013/09/18-11:14:21	76	1,014.014	56.115	0	0	1	0	0	0	0	1	0	0	1	6
2013/09/18-11:14:46	77	998.987	52.075	0	0	0	0	0	0	0	1	1	0	0	6
2013/09/18-16:04:02	76	1,005.698	59.363	0	0	1	0	0	0	0	1	0	0	1	6
2013/09/18-16:04:28	76	1,005.698	59.363	0	0	1	0	0	0	0	1	0	0	1	6
2013/09/18-16:04:54	76	1,005.698	59.363	0	0	1	0	0	0	0	1	0	0	1	6
2013/09/18-16:05:20	76	1,005.698	59.363	0	0	1	0	0	0	0	1	0	0	1	6
2013/09/18-16:05:45	76	1,005.698	59.363	0	0	1	0	0	0	0	1	0	0	1	6
2013/09/18-16:10:38	80	980.91	56.638	0	0	1	0	0	0	0	1	0	0	1	4
2013/09/18-16:11:03	80	980.91	56.638	0	0	1	0	0	0	0	1	0	0	1	6
2013/09/18-16:11:28	80	980.91	56.638	0	0	1	0	0	0	0	1	0	0	1	6
2013/09/18-16:11:53	80	980.91	56.638	0	0	1	0	0	0	0	1	0	0	1	6
2013/09/18-16:12:17	80	980.91	56.638	0	0	1	0	0	0	0	1	0	0	1	6
2013/09/18-16:17:20	80	980.91	56.638	0	0	1	0	0	0	0	1	0	0	1	6
2013/09/18-16:17:45	80	980.91	56.638	0	0	1	0	0	0	0	1	0	0	1	3
2013/09/18-16:18:10	80	980.91	56.638	0	0	1	0	0	0	0	1	0	0	1	6
2013/09/18-16:18:34	80	980.91	56.638	0	0	1	0	0	0	0	1	0	0	1	6
2013/09/18-16:19:00	80	980.91	56.638	0	0	1	0	0	0	0	1	0	0	1	6
2013/09/19-10:46:54	83	960.614	67.356	0	0	1	0	0	0	0	1	0	0	1	6
2013/09/19-10:47:45	83	960.614	67.356	0	0	1	0	0	0	0	1	0	0	1	4
2013/09/19-10:48:50	83	960.614	67.356	0	0	1	0	0	0	0	1	0	0	1	6
2013/09/19-10:50:09	83	960.614	67.356	0	0	1	0	0	0	0	1	0	0	1	6
2013/09/19-10:50:39	83	960.614	67.356	0	0	1	0	0	0	0	1	0	0	1	6
2013/09/19-10:52:05	83	960.614	67.356	0	0	1	0	0	0	0	1	0	0	1	3
2013/09/19-10:53:24	83	960.614	67.356	0	0	1	0	0	0	0	1	0	0	1	6
2013/09/19-10:54:41	83	960.614	67.356	0	0	1	0	0	0	0	1	0	0	1	6
2013/09/19-10:55:06	83	960.614	67.356	0	0	1	0	0	0	0	1	0	0	1	6
2013/09/19-10:56:25	83	960.614	67.356	0	0	1	0	0	0	0	1	0	0	1	6
2013/09/19-11:08:50	83	979.289	65.42	0	0	1	0	0	0	0	1	0	0	1	5
2013/09/19-11:09:15	83	979.289	65.42	0	0	1	0	0	0	0	1	0	0	1	6
2013/09/19-11:10:00	83	979.289	65.42	0	0	1	0	0	0	0	1	0	0	1	5
2013/09/19-11:10:24	83	979.289	65.42	0	0	0	0	0	0	0	1	1	0	0	3
2013/09/19-11:10:45	83	979.289	65.42	0	0	1	0	0	0	0	1	0	0	1	6
2013/09/19-16:21:38	83	993.913	68.401	0	0	1	0	0	0	0	1	0	0	1	3
2013/09/19-16:22:12	83	993.913	68.401	0	0	1	0	0	0	0	1	0	0	1	6
2013/09/19-16:22:54	83	993.913	68.401	0	0	1	0	0	0	0	1	0	0	1	6
2013/09/19-16:23:26	83	993.913	68.401	0	0	1	0	0	0	0	1	0	0	1	6
2013/09/19-16:24:45	83	993.913	68.401	0	0	1	0	0	0	0	1	0	0	1	4
2013/09/19-16:26:00	83	993.913	68.401	0	0	1	0	0	0	0	1	0	0	1	6
2013/09/19-16:26:25	79	1,026.682	67.622	0	0	1	0	0	0	0	1	0	0	1	3
2013/09/19-16:27:02	79	1,026.682	67.622	0	0	1	0	0	0	0	1	0	0	1	6
2013/09/19-16:27:50	79	1,026.682	67.622	0	0	1	0	0	0	0	1	0	0	1	6
2013/09/19-16:29:09	79	1,026.682	67.622	0	0	1	0	0	0	0	1	0	0	1	6
2013/09/19-16:41:54	79	1,026.682	67.622	0	0	1	0	0	0	0	1	0	0	1	6
2013/09/19-16:42:19	79	1,026.682	67.622	0	0	1	0	0	0	0	1	0	0	1	6
2013/09/19-16:42:44	79	1,026.682	67.622	0	0	1	0	0	0	0	1	0	0	1	6
2013/09/19-16:43:10	79	1,026.682	67.622	0	0	1	0	0	0	0	1	1	0	0	6
2013/09/19-16:43:35	79	1,026.682	67.622	0	0	1	0	0	0	0	1	0	0	1	6
2013/09/19-20:24:50	80	1,040.248	69.238	0	0	1	0	0	0	0	1	0	0	1	6
2013/09/19-20:25:26	80	1,040.248	69.238	0	0	1	0	0	0	0	1	0	0	1	6
2013/09/19-20:26:12	80	1,040.248	69.238	0	0	1	0	0	0	0	1	0	0	1	3
2013/09/19-20:26:59	80	1,040.248	69.238	0	0	1	0	0	0	0	1	0	0	1	5
2013/09/19-20:27:24	80	1,040.248	69.238	0	0	1	0	0	0	0	1	0	0	1	6
2013/09/19-20:45:28	80	1,037.035	68.924	0	0	1	0	0	0	0	1	0	0	1	6
2013/09/19-20:45:53	80	1,037.035	68.924	0	0	1	0	0	0	0	1	0	0	1	6
2013/09/19-20:46:19	80	1,037.035	68.924	0	0	1	0	0	0	0	1	0	0	1	6
2013/09/19-20:47:03	80	1,037.035	68.924	0	0	1	0	0	0	0	1	0	0	1	4
2013/09/19-20:47:31	80	1,037.035	68.924	0	0	1	0	0	0	0	1	0	0	1	3
2013/09/19-20:57:05	80	1,037.035	68.924	0	0	1	0	0	0	0	1	0	0	1	6
2013/09/19-20:57:32	80	1,037.035	68.924	0	0	1	0	0	0	0	1	0	0	1	6
2013/09/19-20:57:57	80	1,037.035	68.924	0	0	1	0	0	0	0	1	0	0	1	6
2013/09/19-20:58:23	80	1,037.035	68.924	0	0	1	0	0	0	0	1	0	0	1	6
2013/09/19-20:58:48	80	1,037.035	68.924	0	0	1	0	0	0	0	1	0	0	1	6
2013/09/20-02:08:19	83	1,034.962	70.201	0	0	1	0	0	0	0	1	0	0	1	3
2013/09/20-02:09:24	83	1,034.962	70.201	0	0	1	0	0	0	0	1	0	0	1	3
2013/09/20-02:09:53	83	1,034.962	70.201	0	0	1	0	0	0	0	1	0	0	1	4
2013/09/20-02:10:28	83	1,034.962	70.201	0	0	1	0	0	0	0	1	0	0	1	3
2013/09/20-02:11:47	83	1,034.962	70.201	0	0	1	0	0	0	0	1	0	0	1	6
2013/09/20-02:12:31	83	1,034.962	70.201	0	0	1	0	0	0	0	1	0	0	1	6
2013/09/20-02:13:34	83	1,034.962	70.201	0	0	1	0	0	0	0	1	0	0	1	6
2013/09/20-02:14:53	83	1,034.962	70.201	0	0	1	0	0	0	0	1	0	0	1	6
2013/09/20-02:15:27	83	1,034.962	70.201	0	0	1	0	0	0	0	1	0	0	1	6
2013/09/20-02:16:25	83	1,034.962	70.201	0	0	1	0	0	0	0	1	0	0	1	3
2013/09/20-02:29:46	83	1,032.897	68.586	0	0	1	0	0	0	0	1	0	0	1	4
2013/09/20-02:30:10	83	1,032.897	68.586	0	0	1	0	0	0	0	1	0	0	1	6
2013/09/20-02:30:35	83	1,032.897	68.586	0	0	1	0	0	0	0	1	0	0	1	11
2013/09/20-02:31:05	83	1,032.897	68.586	0	0	1	0	0	0	0	1	0	0	1	6
2013/09/20-02:31:30	83	1,032.897	68.586	0	0	1	0	0	0	0	1	0	0	1	5
2013/09/20-06:02:37	82	1,046.694	70.953	0	0	1	0	0	0	0	1	0	0	1	4
2013/09/20-06:03:02	82	1,046.694	70.953	0	0	1	0	0	0	0	1	0	0	1	6
2013/09/20-06:04:19	82	1,046.694	70.953	0	0	1	0	0	0	0	1	0	0	1	6
2013/09/20-06:04:45	82	1,046.694	70.953	0	0	1	0	0	0	0	1	0	0	1	4
2013/09/20-06:05:11	82	1,046.694	70.953	0	0	1	0	0	0	0	1	0	0	1	4
2013/09/20-06:15:31	82	1,061.152	69.777	0	0	1	0	0	0	0	1	0	0	1	6
2013/09/20-06:16:27	82	1,061.152	69.777	0	0	1	0	0	0	0	1	0	0	1	3
2013/09/20-06:16:49	82	1,061.152	69.777	0	0	1	0	0	0	0	1	0	0	1	5
2013/09/20-06:18:08	82	1,061.152	69.777	0	0	1	0	0	0	0	1	0	0	1	3
2013/09/20-06:18:35	82	1,061.152	69.777	0	0	1	0	0	0	0	1	0	0	1	6
2013/09/20-06:29:15	82	1,061.152	69.777	0	0	1	0	0	0	0	1	0	0	1	6
2013/09/20-06:30:34	82	1,061.152	69.777	0	0	1	0	0	0	0	1	0	0	1	6
2013/09/20-06:31:53	82	1,061.152	69.777	0	0	1	0	0	0	0	1	0	0	1	6
2013/09/20-06:32:18	82	1,061.152	69.777	0	0	1	0	0	0	0	1	0	0	1	6
2013/09/20-06:32:43	82	1,061.152	69.777	0	0	1	0	0	0	0	1	0	0	1	6
2013/09/20-10:59:25	81	1,083.042	72.422	0	0	1	0	0	0	0	1	0	0	1	5
2013/09/20-10:59:52	81	1,083.042	72.422	0	0	1	0	0	0	0	1	0	0	1	3
2013/09/20-11:00:16	81	1,083.042	72.422	0	0	1	0	0	0	0	1	0	0	1	10
2013/09/20-11:01:24	81	1,083.042	72.422	0	0	1	0	0	0	0	1	0	0	1	6
2013/09/20-11:02:27	81	1,083.042	72.422	0	0	1	0	0	0	0	1	0	0	1	6
2013/09/20-11:22:25	81	1,082.423	71.719	0	0	1	0	0	0	0	1	0	0	1	6
2013/09/20-11:22:55	81	1,082.423	71.719	0	0	1	0	0	0	0	1	0	0	1	3
2013/09/20-11:23:20	81	1,082.423	71.719	0	0	1	0	0	0	0	1	0	0	1	6
2013/09/20-11:23:47	81	1,082.423	71.719	0	0	1	0	0	0	0	1	1	0	0	6
2013/09/20-11:24:12	81	1,082.423	71.719	0	0	1	0	0	0	0	1	0	0	1	6
2013/09/20-11:35:00	81	1,082.423	71.719	0	0	1	0	0	0	0	1	1	0	0	6
2013/09/20-11:35:25	81	1,082.423	71.719	0	0	1	0	0	0	0	1	0	0	1	6
2013/09/20-11:35:50	81	1,082.423	71.719	0	0	1	0	0	0	0	1	1	0	0	6
2013/09/20-11:36:16	81	1,082.423	71.719	0	0	1	0	0	0	0	1	0	0	1	6
2013/09/20-11:36:41	81	1,082.423	71.719	0	0	1	0	0	0	0	1	0	0	1	6
2013/09/20-17:02:02	83	1,081.876	70.569	0	0	1	0	0	0	0	1	0	0	1	6
2013/09/20-17:03:22	83	1,081.876	70.569	0	0	1	0	0	0	0	1	0	0	1	3
2013/09/20-17:04:06	83	1,081.876	70.569	0	0	1	0	0	0	0	1	0	0	1	6
2013/09/20-17:04:36	83	1,081.876	70.569	0	0	1	0	0	0	0	1	0	0	1	6
2013/09/20-17:05:55	83	1,081.876	70.569	0	0	1	0	0	0	0	1	0	0	1	6
2013/09/20-17:23:06	83	1,078.245	70.173	0	0	1	0	0	0	0	1	0	0	1	6
2013/09/20-17:23:32	83	1,078.245	70.173	0	0	1	0	0	0	0	1	0	0	1	3
2013/09/20-17:24:51	83	1,078.245	70.173	0	0	1	0	0	0	0	1	0	0	1	6
2013/09/20-17:25:16	83	1,078.245	70.173	0	0	1	0	0	0	0	1	0	0	1	6
2013/09/20-17:26:35	83	1,078.245	70.173	0	0	1	0	0	0	0	1	0	0	1	6
2013/09/20-17:37:53	83	1,078.245	70.173	0	0	1	0	0	0	0	1	0	0	1	6
2013/09/20-17:38:20	83	1,078.245	70.173	0	0	1	0	0	0	0	1	0	0	1	6
2013/09/20-17:38:45	83	1,078.245	70.173	0	0	1	0	0	0	0	1	0	0	1	6
2013/09/20-17:39:10	83	1,078.245	70.173	0	0	1	0	0	0	0	1	0	0	1	6
2013/09/20-17:39:35	83	1,078.245	70.173	0	0	1	0	0	0	0	1	0	0	1	6
2013/09/20-20:26:32	83	1,085.751	69.048	0	0	1	0	0	0	0	1	0	0	1	6
2013/09/20-20:26:57	83	1,085.751	69.048	0	0	1	0	0	0	0	1	0	0	1	6
2013/09/20-20:27:22	83	1,085.751	69.048	0	0	1	0	0	0	0	1	0	0	1	6
2013/09/20-20:27:52	83	1,085.751	69.048	0	0	1	0	0	0	0	1	0	0	1	6
2013/09/20-20:28:17	83	1,085.751	69.048	0	0	1	0	0	0	0	1	0	0	1	6
2013/09/20-20:33:18	83	1,077.314	65.064	0	0	1	0	0	0	0	1	0	0	1	6
2013/09/20-20:33:43	83	1,077.314	65.064	0	0	1	0	0	0	0	1	0	0	1	6
2013/09/20-20:34:08	83	1,077.314	65.064	0	0	1	0	0	0	0	1	0	0	1	6
2013/09/20-20:34:39	83	1,077.314	65.064	0	0	1	0	0	0	0	1	0	0	1	6
2013/09/20-20:35:04	83	1,077.314	65.064	0	0	1	0	0	0	0	1	0	0	1	6
2013/09/20-20:45:00	83	1,077.314	65.064	0	0	1	0	0	0	0	1	0	0	1	6
2013/09/20-20:45:25	83	1,077.314	65.064	0	0	1	0	0	0	0	1	0	0	1	6
2013/09/20-20:46:06	83	1,077.314	65.064	0	0	1	0	0	0	0	1	0	0	1	3
2013/09/20-20:46:31	83	1,077.314	65.064	0	0	1	0	0	0	0	1	0	0	1	6
2013/09/20-20:46:59	83	1,077.314	65.064	0	0	1	0	0	0	0	1	0	0	1	9
2013/12/27-14:42:30	95	1,072.746	80.494	0	0	1	0	0	0	0	1	0	0	1	6
2013/12/27-14:43:48	95	1,072.746	80.494	0	0	0	0	0	0	0	1	1	0	0	60
2013/12/27-14:45:08	95	1,072.746	80.494	0	0	0	0	0	0	0	1	1	0	0	60
2013/12/27-14:46:27	95	1,072.746	80.494	0	0	0	0	0	0	0	1	1	0	0	60
2013/12/27-14:47:46	95	1,072.746	80.494	0	0	1	0	0	0	0	1	0	0	1	10
2013/12/27-14:53:16	95	1,072.746	80.494	0	0	1	0	0	0	0	1	0	0	1	3
2013/12/27-14:53:39	95	1,072.746	80.494	0	0	1	0	0	0	0	1	0	0	1	7
2013/12/27-14:54:05	95	1,072.746	80.494	0	0	0	0	0	0	0	1	1	0	0	60
2013/12/27-14:55:24	95	1,072.746	80.494	0	0	1	0	0	0	0	1	0	0	1	6
2013/12/27-14:56:43	95	1,072.746	80.494	0	0	0	0	0	0	0	1	1	0	0	60
2013/12/27-17:12:59	96	1,107.703	71.236	0	0	0	0	0	0	0	1	1	0	0	60
2013/12/27-17:14:21	96	1,107.703	71.236	0	0	1	0	0	0	0	1	0	0	1	4
2013/12/27-17:14:49	96	1,107.703	71.236	0	0	1	0	0	0	0	1	0	0	1	4
2013/12/27-17:15:16	96	1,107.703	71.236	0	0	0	0	0	0	0	1	0	0	1	60
2013/12/27-17:16:36	96	1,107.703	71.236	0	0	1	0	0	0	0	1	0	0	1	5
2013/12/28-05:17:10	96	1,116.504	81.935	0	0	1	0	0	0	0	1	0	0	1	3
2013/12/28-05:17:44	96	1,116.504	81.935	0	0	1	0	0	0	0	1	0	0	1	6
2013/12/28-05:18:20	96	1,116.504	81.935	0	0	1	0	0	0	0	1	0	0	1	3
2013/12/28-05:18:48	96	1,116.504	81.935	0	0	1	0	0	0	0	1	0	0	1	6
2013/12/28-05:19:43	96	1,116.504	81.935	0	0	1	0	0	0	0	1	0	0	1	6
2013/12/28-05:27:31	96	1,116.504	81.935	0	0	1	0	0	0	0	1	0	0	1	4
2013/12/28-05:27:55	96	1,116.504	81.935	0	0	1	0	0	0	0	1	0	0	1	6
2013/12/28-05:28:36	96	1,116.504	81.935	0	0	1	0	0	0	0	1	0	0	1	6
2013/12/28-05:29:15	96	1,116.504	81.935	0	0	1	0	0	0	0	1	0	0	1	4
2013/12/28-05:30:09	96	1,116.504	81.935	0	0	1	0	0	0	0	1	0	0	1	6
2013/12/28-05:39:38	95	1,127.461	77.934	0	0	1	0	0	0	0	1	0	0	1	6
2013/12/28-05:40:04	95	1,127.461	77.934	0	0	1	0	0	0	0	1	0	0	1	6
2013/12/28-05:41:06	95	1,127.461	77.934	0	0	1	0	0	0	0	1	0	0	1	6
2013/12/28-05:41:40	95	1,127.461	77.934	0	0	1	0	0	0	0	1	0	0	1	6
2013/12/28-05:42:05	95	1,127.461	77.934	0	0	1	0	0	0	0	1	0	0	1	6
2013/12/28-12:45:19	90	1,150.686	81.563	0	0	0	0	0	0	0	1	1	0	0	8
2013/12/28-12:45:46	90	1,150.686	81.563	0	0	1	0	0	0	0	1	0	0	1	6
2013/12/28-12:46:13	90	1,150.686	81.563	0	0	1	0	0	0	0	1	0	0	1	7
2013/12/28-12:46:39	90	1,150.686	81.563	0	0	1	0	0	0	0	1	0	0	1	8
2013/12/28-12:47:05	90	1,150.686	81.563	0	0	1	0	0	0	0	1	1	0	0	7
2013/12/28-12:59:38	90	1,150.686	81.563	0	0	1	0	0	0	0	1	0	0	1	8
2013/12/28-13:00:57	90	1,150.686	81.563	0	0	1	0	0	0	0	1	0	0	1	8
2013/12/28-13:02:16	90	1,150.686	81.563	0	0	1	0	0	0	0	1	0	0	1	8
2013/12/28-13:03:35	90	1,150.686	81.563	0	0	1	0	0	0	0	1	0	0	1	8
2013/12/28-13:04:54	90	1,150.686	81.563	0	0	1	0	0	0	0	1	0	0	1	8
2013/12/28-13:10:43	90	1,150.686	81.563	0	0	1	0	0	0	0	1	0	0	1	5
2013/12/28-13:11:10	92	1,134.587	71.366	0	0	1	0	0	0	0	1	0	0	1	8
2013/12/28-13:11:37	92	1,134.587	71.366	0	0	1	0	0	0	0	1	0	0	1	8
2013/12/28-13:12:04	92	1,134.587	71.366	0	0	1	0	0	0	0	1	0	0	1	8
2013/12/28-13:12:31	92	1,134.587	71.366	0	0	1	0	0	0	0	1	0	0	1	8
2013/12/28-18:35:21	91	1,124.677	74.047	0	0	1	0	0	0	0	1	0	0	1	8
2013/12/28-18:35:53	91	1,124.677	74.047	0	0	0	0	0	0	0	1	1	0	0	8
2013/12/28-18:36:20	91	1,124.677	74.047	0	0	1	0	0	0	0	1	0	0	1	8
2013/12/28-18:36:46	91	1,124.677	74.047	0	0	1	0	0	0	0	1	0	0	1	8
2013/12/28-18:37:13	91	1,124.677	74.047	0	0	1	0	0	0	0	1	0	0	1	8
2013/12/28-18:42:26	91	1,124.677	74.047	0	0	1	0	0	0	0	1	0	0	1	8
2013/12/28-18:43:09	91	1,124.677	74.047	0	0	1	0	0	0	0	1	0	0	1	8
2013/12/28-18:43:36	91	1,124.677	74.047	0	0	1	0	0	0	0	1	0	0	1	8
2013/12/28-18:44:03	91	1,124.677	74.047	0	0	1	0	0	0	0	1	0	0	1	8
2013/12/28-18:44:30	91	1,124.677	74.047	0	0	1	0	0	0	0	1	0	0	1	3
2013/12/28-18:52:42	91	1,124.677	74.047	0	0	1	0	0	0	0	1	0	0	1	6
2013/12/28-18:53:13	91	1,124.677	74.047	0	0	1	0	0	0	0	1	0	0	1	8
2013/12/28-18:53:41	91	1,124.677	74.047	0	0	1	0	0	0	0	1	0	0	1	7
2013/12/28-18:54:07	91	1,124.677	74.047	0	0	1	0	0	0	0	1	0	0	1	8
2013/12/28-18:54:38	91	1,124.677	74.047	0	0	1	0	0	0	0	1	0	0	1	8
2013/12/28-19:07:41	95	1,101.461	64.097	0	0	1	0	0	0	0	1	0	0	1	8
2013/12/28-19:09:00	95	1,101.461	64.097	0	0	1	0	0	0	0	1	0	0	1	4
2013/12/28-19:09:22	95	1,101.461	64.097	0	0	1	0	0	0	0	1	0	0	1	8
2013/12/28-19:10:41	95	1,101.461	64.097	0	0	1	0	0	0	0	1	0	0	1	4
2013/12/28-19:11:04	95	1,101.461	64.097	0	0	1	0	0	0	0	1	0	0	1	3
2013/12/28-19:13:46	95	1,101.461	64.097	0	0	1	0	0	0	0	1	0	0	1	8
2013/12/28-19:14:12	95	1,101.461	64.097	0	0	1	0	0	0	0	1	0	0	1	8
2013/12/28-19:14:40	95	1,101.461	64.097	0	0	1	0	0	0	0	1	0	0	1	8
2013/12/28-19:15:06	95	1,101.461	64.097	0	0	1	0	0	0	0	1	0	0	1	8
2013/12/28-19:15:33	95	1,101.461	64.097	0	0	1	0	0	0	0	1	0	0	1	8
2013/12/28-19:27:26	95	1,101.461	64.097	0	0	0	0	0	0	0	1	1	0	0	8
2013/12/28-19:27:53	95	1,101.461	64.097	0	0	1	0	0	0	0	1	0	0	1	8
2013/12/28-19:28:21	95	1,101.461	64.097	0	0	1	0	0	0	0	1	0	0	1	8
2013/12/28-19:28:48	95	1,101.461	64.097	0	0	1	0	0	0	0	1	0	0	1	8
2013/12/28-19:29:15	95	1,101.461	64.097	0	0	1	0	0	0	0	1	0	0	1	8
2013/12/29-02:35:47	94	1,122.842	67.286	0	0	1	0	0	0	0	1	0	0	1	8
2013/12/29-02:37:07	94	1,122.842	67.286	0	0	1	0	0	0	0	1	0	0	1	8
2013/12/29-02:37:34	94	1,122.842	67.286	0	0	1	0	0	0	0	1	0	0	1	8
2013/12/29-02:38:00	94	1,122.842	67.286	0	0	1	0	0	0	0	1	0	0	1	8
2013/12/29-02:39:20	94	1,122.842	67.286	0	0	1	0	0	0	0	1	0	0	1	10
2013/12/29-02:47:13	94	1,122.842	67.286	0	0	1	0	0	0	0	1	0	0	1	7
2013/12/29-02:47:39	94	1,122.842	67.286	0	0	0	0	0	0	0	1	1	0	0	8
2013/12/29-02:48:06	94	1,122.842	67.286	0	0	1	0	0	0	0	1	0	0	1	3
2013/12/29-02:48:28	94	1,122.842	67.286	0	0	1	0	0	0	0	1	0	0	1	4
2013/12/29-02:48:55	94	1,122.842	67.286	0	0	1	0	0	0	0	1	1	0	0	9
2013/12/29-02:59:42	90	1,147.352	60.831	0	0	0	0	0	0	0	1	1	0	0	7
2013/12/29-03:00:08	90	1,147.352	60.831	0	0	0	0	0	0	0	1	1	0	0	8
2013/12/29-03:00:35	90	1,147.352	60.831	0	0	1	0	0	0	0	1	0	0	1	3
2013/12/29-03:01:02	90	1,147.352	60.831	0	0	1	0	0	0	0	1	0	0	1	8
2013/12/29-03:01:29	90	1,147.352	60.831	0	0	1	0	0	0	0	1	0	0	1	7
2013/12/29-08:21:33	89	1,155.714	65.3	0	0	1	0	0	0	0	1	0	0	1	8
2013/12/29-08:22:12	89	1,155.714	65.3	0	0	1	0	0	0	0	1	0	0	1	3
2013/12/29-08:22:37	89	1,155.714	65.3	0	0	1	0	0	0	0	1	0	0	1	3
2013/12/29-08:23:08	89	1,155.714	65.3	0	0	1	0	0	0	0	1	0	0	1	8
2013/12/29-08:23:35	89	1,155.714	65.3	0	0	0	0	0	0	0	1	1	0	0	8
2013/12/29-08:39:38	89	1,155.714	65.3	0	0	1	0	0	0	0	1	0	0	1	8
2013/12/29-08:40:05	89	1,161.159	61.044	0	0	1	0	0	0	0	1	0	0	1	8
2013/12/29-08:40:33	89	1,161.159	61.044	0	0	1	0	0	0	0	1	0	0	1	8
2013/12/29-08:41:00	89	1,161.159	61.044	0	0	1	0	0	0	0	1	0	0	1	8
2013/12/29-08:41:27	89	1,161.159	61.044	0	0	1	0	0	0	0	1	0	0	1	8
2013/12/29-08:46:41	89	1,161.159	61.044	0	0	1	0	0	0	0	1	0	0	1	3
2013/12/29-08:47:08	89	1,161.159	61.044	0	0	1	0	0	0	0	1	0	0	1	7
2013/12/29-08:47:34	89	1,161.159	61.044	0	0	1	0	0	0	0	1	0	0	1	8
2013/12/29-08:49:42	89	1,161.159	61.044	0	0	1	0	0	0	0	1	0	0	1	8
2013/12/29-08:50:07	89	1,161.159	61.044	0	0	1	0	0	0	0	1	0	0	1	8
2013/12/29-18:10:16	90	1,165.33	67.412	0	0	1	0	0	0	0	1	0	0	1	8
2013/12/29-18:10:59	90	1,165.33	67.412	0	0	1	0	0	0	0	1	0	0	1	8
2013/12/29-18:11:37	90	1,165.33	67.412	0	0	1	0	0	0	0	1	0	0	1	8
2013/12/29-18:12:23	90	1,165.33	67.412	0	0	1	0	0	0	0	1	0	0	1	8
2013/12/29-18:13:05	90	1,165.33	67.412	0	0	1	0	0	0	0	1	0	0	1	8
2013/12/29-18:19:47	90	1,165.33	67.412	0	0	1	0	0	0	0	1	0	0	1	8
2013/12/29-18:20:27	89	1,167.748	64.071	0	0	1	0	0	0	0	1	0	0	1	8
2013/12/29-18:21:16	89	1,167.748	64.071	0	0	1	0	0	0	0	1	0	0	1	8
2013/12/29-18:22:03	89	1,167.748	64.071	0	0	1	0	0	0	0	1	0	0	1	8
2013/12/29-18:22:34	89	1,167.748	64.071	0	0	1	0	0	0	0	1	0	0	1	8
2013/12/29-20:43:20	89	1,167.748	64.071	0	0	1	0	0	0	0	1	0	0	1	8
2013/12/29-20:43:47	89	1,167.748	64.071	0	0	1	0	0	0	0	1	0	0	1	8
2013/12/29-20:44:17	89	1,167.748	64.071	0	0	1	0	0	0	0	1	0	0	1	8
2013/12/29-20:44:45	89	1,167.748	64.071	0	0	1	0	0	0	0	1	0	0	1	8
2013/12/29-20:45:24	89	1,167.748	64.071	0	0	1	0	0	0	0	1	0	0	1	8
2013/12/30-04:40:12	91	1,151.601	67.987	0	0	1	0	0	0	0	1	0	0	1	8
2013/12/30-04:40:39	91	1,151.601	67.987	0	0	1	0	0	0	0	1	0	0	1	8
2013/12/30-04:41:07	91	1,151.601	67.987	0	0	1	0	0	0	0	1	0	0	1	8
2013/12/30-04:41:34	91	1,151.601	67.987	0	0	0	0	0	0	0	1	1	0	0	8
2013/12/30-04:42:01	91	1,151.601	67.987	0	0	1	0	0	0	0	1	0	0	1	8
2013/12/30-04:52:06	89	1,168.509	63.805	0	0	1	0	0	0	0	1	1	0	0	8
2013/12/30-04:52:33	89	1,168.509	63.805	0	0	1	0	0	0	0	1	0	0	1	8
2013/12/30-04:53:00	89	1,168.509	63.805	0	0	1	0	0	0	0	1	0	0	1	8
2013/12/30-04:53:27	89	1,168.509	63.805	0	0	0	0	0	0	0	1	1	0	0	8
2013/12/30-04:53:54	89	1,168.509	63.805	0	0	1	0	0	0	0	1	0	0	1	8
2013/12/30-04:54:27	89	1,168.509	63.805	0	0	1	0	0	0	0	1	0	0	1	8
2013/12/30-05:02:15	89	1,168.509	63.805	0	0	1	0	0	0	0	1	0	0	1	8
2013/12/30-05:02:42	89	1,168.509	63.805	0	0	1	0	0	0	0	1	0	0	1	8
2013/12/30-05:03:09	89	1,168.509	63.805	0	0	1	0	0	0	0	1	0	0	1	8
2013/12/30-05:03:42	89	1,168.509	63.805	0	0	1	0	0	0	0	1	0	0	1	8
2013/12/30-05:04:18	89	1,168.509	63.805	0	0	1	0	0	0	0	1	0	0	1	8
2013/12/30-05:20:24	89	1,168.509	63.805	0	0	1	0	0	0	0	1	0	0	1	8
2013/12/30-05:21:10	89	1,168.509	63.805	0	0	1	0	0	0	0	1	0	0	1	8
2013/12/30-05:21:39	89	1,168.509	63.805	0	0	1	0	0	0	0	1	0	0	1	8
2013/12/30-05:22:29	87	1,176.646	56.71	0	0	1	0	0	0	0	1	0	0	1	8
2013/12/30-05:23:03	87	1,176.646	56.71	0	0	1	0	0	0	0	1	0	0	1	8
2013/12/30-05:26:57	87	1,176.646	56.71	0	0	1	0	0	0	0	1	1	0	0	8
2013/12/30-05:27:24	87	1,176.646	56.71	0	0	1	0	0	0	0	1	0	0	1	8
2013/12/30-05:27:53	87	1,176.646	56.71	0	0	1	0	0	0	0	1	0	0	1	8
2013/12/30-05:28:20	87	1,176.646	56.71	0	0	1	0	0	0	0	1	0	0	1	8
2013/12/30-05:28:46	87	1,176.646	56.71	0	0	1	0	0	0	0	1	0	0	1	8
2013/12/30-05:44:09	87	1,176.646	56.71	0	0	1	0	0	0	0	1	0	0	1	8
2013/12/30-05:44:37	87	1,176.646	56.71	0	0	1	0	0	0	0	1	0	0	1	8
2013/12/30-05:45:04	87	1,176.646	56.71	0	0	1	0	0	0	0	1	0	0	1	8
2013/12/30-05:45:32	87	1,176.646	56.71	0	0	1	0	0	0	0	1	0	0	1	8
2013/12/30-05:46:01	87	1,176.646	56.71	0	0	1	0	0	0	0	1	0	0	1	8
2013/12/30-13:48:42	87	1,174.339	63.533	0	0	1	0	0	0	0	1	0	0	1	8
2013/12/30-13:50:01	87	1,174.339	63.533	0	0	1	0	0	0	0	1	0	0	1	8
2013/12/30-13:51:20	87	1,174.339	63.533	0	0	1	0	0	0	0	1	0	0	1	8
2013/12/30-13:52:34	87	1,174.339	63.533	0	0	1	0	0	0	0	1	0	0	1	8
2013/12/30-13:53:53	87	1,174.339	63.533	0	0	1	0	0	0	0	1	0	0	1	8
2013/12/30-14:16:23	87	1,165.332	62.458	0	0	1	0	0	0	0	1	0	0	1	8
2013/12/30-14:16:52	87	1,165.332	62.458	0	0	1	0	0	0	0	1	0	0	1	8
2013/12/30-14:17:19	87	1,165.332	62.458	0	0	1	0	0	0	0	1	0	0	1	8
2013/12/30-14:17:50	87	1,165.332	62.458	0	0	1	0	0	0	0	1	0	0	1	8
2013/12/30-14:18:19	87	1,165.332	62.458	0	0	1	0	0	0	0	1	0	0	1	8
2013/12/30-14:19:02	87	1,165.332	62.458	0	0	1	0	0	0	0	1	0	0	1	8
2013/12/30-14:31:44	87	1,165.332	62.458	0	0	1	0	0	0	0	1	0	0	1	8
2013/12/30-14:32:11	87	1,165.332	62.458	0	0	1	0	0	0	0	1	0	0	1	8
2013/12/30-14:32:38	87	1,165.332	62.458	0	0	1	0	0	0	0	1	0	0	1	8
2013/12/30-14:33:05	87	1,165.332	62.458	0	0	1	0	0	0	0	1	0	0	1	8
2013/12/30-14:33:32	87	1,165.332	62.458	0	0	0	0	0	0	0	1	1	0	0	8
2013/12/30-20:25:19	91	1,142.836	63.452	0	0	1	0	0	0	0	1	0	0	1	8
2013/12/30-20:25:45	91	1,142.836	63.452	0	0	1	0	0	0	0	1	0	0	1	8
2013/12/30-20:26:15	91	1,142.836	63.452	0	0	1	0	0	0	0	1	0	0	1	8
2013/12/30-20:26:42	91	1,142.836	63.452	0	0	1	0	0	0	0	1	0	0	1	8
2013/12/30-20:27:09	91	1,142.836	63.452	0	0	1	0	0	0	0	1	0	0	1	8
2013/12/30-20:30:03	91	1,142.836	63.452	0	0	1	0	0	0	0	1	0	0	1	8
2013/12/30-20:30:30	91	1,142.836	63.452	0	0	1	0	0	0	0	1	0	0	1	8
2013/12/30-20:30:57	91	1,142.836	63.452	0	0	1	0	0	0	0	1	0	0	1	8
2013/12/30-20:31:24	91	1,142.836	63.452	0	0	1	0	0	0	0	1	0	0	1	8
2013/12/30-20:31:51	91	1,142.836	63.452	0	0	1	0	0	0	0	1	0	0	1	8
2013/12/30-20:39:54	91	1,127.176	57.688	0	0	1	0	0	0	0	1	0	0	1	8
2013/12/30-20:40:21	91	1,127.176	57.688	0	0	1	0	0	0	0	1	0	0	1	8
2013/12/30-20:40:48	91	1,127.176	57.688	0	0	0	0	0	0	0	1	1	0	0	8
2013/12/30-20:41:15	91	1,127.176	57.688	0	0	1	0	0	0	0	1	0	0	1	8
2013/12/30-20:41:42	91	1,127.176	57.688	0	0	0	0	0	0	0	1	1	0	0	8
2013/12/31-12:00:10	93	1,133.876	72.846	0	0	1	0	0	0	0	1	0	0	1	6
2013/12/31-12:00:41	93	1,133.876	72.846	0	0	1	0	0	0	0	1	0	0	1	8
2013/12/31-12:01:55	93	1,133.876	72.846	0	0	1	0	0	0	0	1	0	0	1	3
2013/12/31-12:02:20	93	1,133.876	72.846	0	0	1	0	0	0	0	1	0	0	1	8
2013/12/31-12:02:48	93	1,133.876	72.846	0	0	1	0	0	0	0	1	0	0	1	4
2013/12/31-12:03:18	93	1,133.876	72.846	0	0	1	0	0	0	0	1	0	0	1	6
2013/12/31-12:03:45	93	1,133.876	72.846	0	0	1	0	0	0	0	1	0	0	1	8
2013/12/31-12:05:04	93	1,133.876	72.846	0	0	1	0	0	0	0	1	0	0	1	8
2013/12/31-12:06:23	93	1,133.876	72.846	0	0	1	0	0	0	0	1	0	0	1	8
2013/12/31-12:07:41	93	1,133.876	72.846	0	0	1	0	0	0	0	1	0	0	1	3
2013/12/31-12:18:34	93	1,147.551	68.401	0	0	1	0	0	0	0	1	0	0	1	8
2013/12/31-12:19:01	93	1,147.551	68.401	0	0	0	0	0	0	0	1	1	0	0	8
2013/12/31-12:19:27	93	1,147.551	68.401	0	0	0	0	0	0	0	1	1	0	0	8
2013/12/31-12:19:54	93	1,147.551	68.401	0	0	1	0	0	0	0	1	0	0	1	8
2013/12/31-12:20:21	93	1,147.551	68.401	0	0	1	0	0	0	0	1	0	0	1	8
2013/12/31-16:12:18	88	1,184.835	69.278	0	0	1	0	0	0	0	1	0	0	1	3
2013/12/31-16:13:37	88	1,184.835	69.278	0	0	1	0	0	0	0	1	0	0	1	8
2013/12/31-16:14:39	88	1,184.835	69.278	0	0	1	0	0	0	0	1	0	0	1	8
2013/12/31-16:15:58	88	1,184.835	69.278	0	0	1	0	0	0	0	1	0	0	1	3
2013/12/31-16:16:49	88	1,184.835	69.278	0	0	1	0	0	0	0	1	0	0	1	8
2013/12/31-16:17:35	88	1,184.835	69.278	0	0	1	0	0	0	0	1	0	0	1	6
2013/12/31-16:18:35	88	1,184.835	69.278	0	0	1	0	0	0	0	1	0	0	1	6
2013/12/31-16:19:26	88	1,184.835	69.278	0	0	1	0	0	0	0	1	0	0	1	8
2013/12/31-16:20:30	88	1,184.835	69.278	0	0	1	0	0	0	0	1	0	0	1	5
2013/12/31-16:21:48	88	1,184.835	69.278	0	0	1	0	0	0	0	1	0	0	1	3
2013/12/31-16:36:07	88	1,184.835	69.278	0	0	1	0	0	0	0	1	0	0	1	8
2013/12/31-16:36:34	88	1,184.835	69.278	0	0	1	0	0	0	0	1	0	0	1	8
2013/12/31-16:37:07	88	1,184.835	69.278	0	0	1	0	0	0	0	1	0	0	1	8
2013/12/31-16:37:51	88	1,184.835	69.278	0	0	1	0	0	0	0	1	0	0	1	8
2013/12/31-16:39:09	88	1,184.835	69.278	0	0	1	0	0	0	0	1	0	0	1	6
2013/12/31-21:05:53	89	1,178.974	70.331	0	0	1	0	0	0	0	1	0	0	1	8
2013/12/31-21:06:28	89	1,178.974	70.331	0	0	1	0	0	0	0	1	0	0	1	8
2013/12/31-21:07:16	89	1,178.974	70.331	0	0	1	0	0	0	0	1	0	0	1	3
2013/12/31-21:07:48	89	1,178.974	70.331	0	0	1	0	0	0	0	1	0	0	1	3
2013/12/31-21:09:07	89	1,178.974	70.331	0	0	1	0	0	0	0	1	0	0	1	3
2013/12/31-21:10:32	89	1,178.974	70.331	0	0	1	0	0	0	0	1	0	0	1	6
2013/12/31-21:10:57	89	1,178.974	70.331	0	0	1	0	0	0	0	1	0	0	1	3
2013/12/31-21:12:05	89	1,178.974	70.331	0	0	1	0	0	0	0	1	0	0	1	8
2013/12/31-21:12:38	91	1,175.523	66.882	0	0	1	0	0	0	0	1	0	0	1	6
2013/12/31-21:13:05	91	1,175.523	66.882	0	0	1	0	0	0	0	1	1	0	0	6
2013/12/31-21:25:32	91	1,175.523	66.882	0	0	1	0	0	0	0	1	0	0	1	8
2013/12/31-21:26:37	91	1,175.523	66.882	0	0	1	0	0	0	0	1	0	0	1	8
2013/12/31-21:27:04	91	1,175.523	66.882	0	0	1	0	0	0	0	1	0	0	1	8
2013/12/31-21:27:31	91	1,175.523	66.882	0	0	1	0	0	0	0	1	0	0	1	8
2013/12/31-21:28:17	91	1,175.523	66.882	0	0	1	0	0	0	0	1	0	0	1	8
2014/01/01-01:10:16	91	1,180.971	67.96	0	0	1	0	0	0	0	1	0	0	1	4
2014/01/01-01:11:21	91	1,180.971	67.96	0	0	1	0	0	0	0	1	0	0	1	8
2014/01/01-01:12:15	91	1,180.971	67.96	0	0	1	0	0	0	0	1	0	0	1	8
2014/01/01-01:12:52	91	1,180.971	67.96	0	0	1	0	0	0	0	1	0	0	1	3
2014/01/01-01:13:17	91	1,180.971	67.96	0	0	1	0	0	0	0	1	0	0	1	7
2014/01/01-01:13:55	91	1,180.971	67.96	0	0	1	0	0	0	0	1	0	0	1	8
2014/01/01-01:14:23	91	1,180.971	67.96	0	0	1	0	0	0	0	1	0	0	1	5
2014/01/01-01:14:50	91	1,180.971	67.96	0	0	1	0	0	0	0	1	0	0	1	8
2014/01/01-01:15:20	91	1,180.971	67.96	0	0	1	0	0	0	0	1	0	0	1	8
2014/01/01-01:15:50	91	1,180.971	67.96	0	0	1	0	0	0	0	1	0	0	1	8
2014/01/01-01:29:06	91	1,180.971	67.96	0	0	1	0	0	0	0	1	0	0	1	8
2014/01/01-01:29:32	91	1,180.971	67.96	0	0	1	0	0	0	0	1	0	0	1	8
2014/01/01-01:29:59	91	1,180.971	67.96	0	0	1	0	0	0	0	1	0	0	1	8
2014/01/01-01:31:00	91	1,180.971	67.96	0	0	1	0	0	0	0	1	0	0	1	4
2014/01/01-01:31:27	91	1,180.971	67.96	0	0	0	0	0	0	0	1	1	0	0	8
2014/01/01-05:18:13	91	1,180.166	66.789	0	0	1	0	0	0	0	1	0	0	1	8
2014/01/01-05:18:45	91	1,180.166	66.789	0	0	1	0	0	0	0	1	0	0	1	5
2014/01/01-05:19:41	91	1,180.166	66.789	0	0	1	0	0	0	0	1	0	0	1	3
2014/01/01-05:20:34	91	1,180.166	66.789	0	0	1	0	0	0	0	1	0	0	1	3
2014/01/01-05:21:40	91	1,180.166	66.789	0	0	1	0	0	0	0	1	0	0	1	3
2014/01/01-05:22:53	91	1,180.166	66.789	0	0	1	0	0	0	0	1	0	0	1	8
2014/01/01-05:23:22	91	1,180.166	66.789	0	0	1	0	0	0	0	1	0	0	1	8
2014/01/01-05:24:09	91	1,180.166	66.789	0	0	1	0	0	0	0	1	0	0	1	5
2014/01/01-05:24:49	91	1,180.166	66.789	0	0	1	0	0	0	0	1	0	0	1	6
2014/01/01-05:25:16	91	1,180.166	66.789	0	0	1	0	0	0	0	1	0	0	1	8
2014/01/01-05:37:36	95	1,164.954	63	0	0	1	0	0	0	0	1	0	0	1	8
2014/01/01-05:38:03	95	1,164.954	63	0	0	0	0	0	0	0	1	1	0	0	8
2014/01/01-05:38:29	95	1,164.954	63	0	0	1	0	0	0	0	1	0	0	1	3
2014/01/01-05:38:56	95	1,164.954	63	0	0	1	0	0	0	0	1	0	0	1	3
2014/01/01-05:39:23	95	1,164.954	63	0	0	1	0	0	0	0	1	0	0	1	6
2014/01/01-09:11:43	93	1,160.709	64.267	0	0	1	0	0	0	0	1	0	0	1	8
2014/01/01-09:12:27	93	1,160.709	64.267	0	0	1	0	0	0	0	1	0	0	1	3
2014/01/01-09:13:01	93	1,160.709	64.267	0	0	1	0	0	0	0	1	0	0	1	8
2014/01/01-09:13:35	93	1,160.709	64.267	0	0	1	0	0	0	0	1	0	0	1	6
2014/01/01-09:14:36	93	1,160.709	64.267	0	0	1	0	0	0	0	1	0	0	1	3
2014/01/01-09:28:39	93	1,161.074	63.376	0	0	1	0	0	0	0	1	0	0	1	7
2014/01/01-09:29:14	93	1,161.074	63.376	0	0	1	0	0	0	0	1	0	0	1	8
2014/01/01-09:29:41	93	1,161.074	63.376	0	0	1	0	0	0	0	1	0	0	1	8
2014/01/01-09:30:08	93	1,161.074	63.376	0	0	1	0	0	0	0	1	0	0	1	3
2014/01/01-09:30:33	93	1,161.074	63.376	0	0	1	0	0	0	0	1	0	0	1	8
2014/01/01-09:39:24	93	1,161.074	63.376	0	0	1	0	0	0	0	1	0	0	1	7
2014/01/01-09:39:51	93	1,161.074	63.376	0	0	1	0	0	0	0	1	0	0	1	8
2014/01/01-09:40:18	93	1,161.074	63.376	0	0	1	0	0	0	0	1	0	0	1	6
2014/01/01-09:40:42	93	1,161.074	63.376	0	0	1	0	0	0	0	1	0	0	1	8
2014/01/01-09:41:09	93	1,161.074	63.376	0	0	0	0	0	0	0	1	1	0	0	8
2014/01/01-13:27:49	94	1,168.726	63.768	0	0	1	0	0	0	0	1	0	0	1	4
2014/01/01-13:28:13	94	1,168.726	63.768	0	0	1	0	0	0	0	1	0	0	1	7
2014/01/01-13:29:32	94	1,168.726	63.768	0	0	1	0	0	0	0	1	0	0	1	8
2014/01/01-13:30:51	94	1,168.726	63.768	0	0	1	0	0	0	0	1	0	0	1	5
2014/01/01-13:31:20	94	1,168.726	63.768	0	0	1	0	0	0	0	1	0	0	1	3
2014/01/01-13:32:29	94	1,168.726	63.768	0	0	1	0	0	0	0	1	0	0	1	6
2014/01/01-13:33:48	94	1,168.726	63.768	0	0	0	0	0	0	0	1	1	0	0	5
2014/01/01-13:34:11	94	1,168.726	63.768	0	0	1	0	0	0	0	1	0	0	1	8
2014/01/01-13:35:30	94	1,168.726	63.768	0	0	1	0	0	0	0	1	0	0	1	8
2014/01/01-13:36:49	94	1,168.726	63.768	0	0	1	0	0	0	0	1	0	0	1	4
2014/01/01-13:50:45	94	1,168.726	63.768	0	0	1	0	0	0	0	1	0	0	1	8
2014/01/01-13:52:04	94	1,168.726	63.768	0	0	1	0	0	0	0	1	0	0	1	8
2014/01/01-13:53:23	94	1,168.726	63.768	0	0	1	0	0	0	0	1	0	0	1	8
2014/01/01-13:53:50	94	1,168.726	63.768	0	0	1	0	0	0	0	1	0	0	1	8
2014/01/01-13:54:16	94	1,168.726	63.768	0	0	1	0	0	0	0	1	0	0	1	3
2014/01/02-00:39:26	90	1,192.153	66.528	0	0	1	0	0	0	0	1	0	0	1	8
2014/01/02-00:40:05	90	1,192.153	66.528	0	0	1	0	0	0	0	1	0	0	1	3
2014/01/02-00:40:27	90	1,192.153	66.528	0	0	1	0	0	0	0	1	0	0	1	4
2014/01/02-00:40:58	90	1,192.153	66.528	0	0	1	0	0	0	0	1	0	0	1	6
2014/01/02-00:41:28	90	1,192.153	66.528	0	0	1	0	0	0	0	1	0	0	1	4
2014/01/02-00:47:04	90	1,192.153	66.528	0	0	1	0	0	0	0	1	0	0	1	8
2014/01/02-00:47:34	90	1,192.153	66.528	0	0	1	0	0	0	0	1	0	0	1	8
2014/01/02-00:48:04	90	1,192.153	66.528	0	0	1	0	0	0	0	1	0	0	1	4
2014/01/02-00:48:30	90	1,192.153	66.528	0	0	1	0	0	0	0	1	0	0	1	4
2014/01/02-00:48:57	90	1,192.153	66.528	0	0	1	0	0	0	0	1	0	0	1	8
2014/01/02-00:57:38	90	1,192.153	66.528	0	0	1	0	0	0	0	1	0	0	1	6
2014/01/02-00:58:33	90	1,192.153	66.528	0	0	1	0	0	0	0	1	0	0	1	3
2014/01/02-00:59:37	90	1,192.153	66.528	0	0	1	0	0	0	0	1	0	0	1	8
2014/01/02-01:00:04	90	1,192.153	66.528	0	0	1	0	0	0	0	1	0	0	1	3
2014/01/02-01:00:57	90	1,192.153	66.528	0	0	1	0	0	0	0	1	0	0	1	5
2014/01/02-04:44:25	90	1,198.511	65.816	0	0	1	0	0	0	0	1	0	0	1	8
2014/01/02-04:45:15	90	1,198.511	65.816	0	0	1	0	0	0	0	1	0	0	1	5
2014/01/02-04:45:46	90	1,198.511	65.816	0	0	1	0	0	0	0	1	0	0	1	4
2014/01/02-04:46:16	90	1,198.511	65.816	0	0	1	0	0	0	0	1	0	0	1	4
2014/01/02-04:47:35	90	1,198.511	65.816	0	0	1	0	0	0	0	1	0	0	1	3
2014/01/02-04:55:21	90	1,198.511	65.816	0	0	1	0	0	0	0	1	0	0	1	6
2014/01/02-04:55:47	90	1,198.511	65.816	0	0	1	0	0	0	0	1	0	0	1	8
2014/01/02-04:56:48	90	1,198.511	65.816	0	0	1	0	0	0	0	1	0	0	1	8
2014/01/02-04:57:15	90	1,198.511	65.816	0	0	1	0	0	0	0	1	0	0	1	8
2014/01/02-04:57:51	90	1,198.511	65.816	0	0	1	0	0	0	0	1	0	0	1	8
2014/01/02-05:12:36	91	1,191.153	62.302	0	0	1	0	0	0	0	1	0	0	1	8
2014/01/02-05:13:03	91	1,191.153	62.302	0	0	1	0	0	0	0	1	0	0	1	8
2014/01/02-05:13:30	91	1,191.153	62.302	0	0	0	0	0	0	0	1	1	0	0	8
2014/01/02-05:13:57	91	1,191.153	62.302	0	0	0	0	0	0	0	1	1	0	0	8
2014/01/02-05:14:23	91	1,191.153	62.302	0	0	1	0	0	0	0	1	0	0	1	8
2014/01/02-09:37:16	90	1,203.596	63.443	0	0	1	0	0	0	0	1	0	0	1	6
2014/01/02-09:38:29	90	1,203.596	63.443	0	0	1	0	0	0	0	1	0	0	1	3
2014/01/02-09:38:51	90	1,203.596	63.443	0	0	1	0	0	0	0	1	0	0	1	8
2014/01/02-09:39:30	90	1,203.596	63.443	0	0	1	0	0	0	0	1	0	0	1	3
2014/01/02-09:39:59	90	1,203.596	63.443	0	0	1	0	0	0	0	1	0	0	1	8
2014/01/02-09:56:48	89	1,209.845	62.417	0	0	1	0	0	0	0	1	0	0	1	6
2014/01/02-09:58:07	89	1,209.845	62.417	0	0	0	0	0	0	0	1	1	0	0	8
2014/01/02-09:58:34	89	1,209.845	62.417	0	0	1	0	0	0	0	1	0	0	1	8
2014/01/02-09:59:53	89	1,209.845	62.417	0	0	1	0	0	0	0	1	0	0	1	8
2014/01/02-10:01:12	89	1,209.845	62.417	0	0	1	0	0	0	0	1	0	0	1	8
2014/01/02-10:09:35	89	1,209.845	62.417	0	0	1	0	0	0	0	1	0	0	1	8
2014/01/02-10:10:06	89	1,209.845	62.417	0	0	1	0	0	0	0	1	0	0	1	8
2014/01/02-10:10:33	89	1,209.845	62.417	0	0	0	0	0	0	0	1	1	0	0	8
2014/01/02-10:11:00	89	1,209.845	62.417	0	0	1	0	0	0	0	1	0	0	1	12
2014/01/02-10:11:31	89	1,209.845	62.417	0	0	1	0	0	0	0	1	0	0	1	8
2014/01/02-14:42:02	89	1,235.844	64.051	0	0	1	0	0	0	0	1	0	0	1	8
2014/01/02-14:42:48	89	1,235.844	64.051	0	0	1	0	0	0	0	1	0	0	1	3
2014/01/02-14:43:25	89	1,235.844	64.051	0	0	1	0	0	0	0	1	0	0	1	4
2014/01/02-14:43:48	89	1,235.844	64.051	0	0	1	0	0	0	0	1	0	0	1	8
2014/01/02-14:44:36	89	1,235.844	64.051	0	0	1	0	0	0	0	1	0	0	1	8
2014/01/02-15:03:08	89	1,235.844	64.051	0	0	1	0	0	0	0	1	0	0	1	8
2014/01/02-15:03:35	89	1,235.844	64.051	0	0	1	0	0	0	0	1	0	0	1	8
2014/01/02-15:04:02	89	1,235.844	64.051	0	0	1	0	0	0	0	1	0	0	1	8
2014/01/02-15:04:29	89	1,235.844	64.051	0	0	1	0	0	0	0	1	0	0	1	8
2014/01/02-15:04:56	88	1,266.484	60.332	0	0	1	0	0	0	0	1	0	0	1	8
2014/01/02-15:14:15	88	1,266.484	60.332	0	0	1	0	0	0	0	1	0	0	1	8
2014/01/02-15:14:41	88	1,266.484	60.332	0	0	0	0	0	0	0	1	1	0	0	8
2014/01/02-15:15:08	88	1,266.484	60.332	0	0	1	0	0	0	0	1	0	0	1	4
2014/01/02-15:15:33	88	1,266.484	60.332	0	0	1	0	0	0	0	1	0	0	1	6
2014/01/02-15:16:00	88	1,266.484	60.332	0	0	1	0	0	0	0	1	0	0	1	8
2014/01/02-18:46:51	87	1,262.979	61.749	0	0	1	0	0	0	0	1	0	0	1	8
2014/01/02-18:47:19	87	1,262.979	61.749	0	0	1	0	0	0	0	1	0	0	1	8
2014/01/02-18:47:59	87	1,262.979	61.749	0	0	1	0	0	0	0	1	0	0	1	3
2014/01/02-18:48:57	87	1,262.979	61.749	0	0	1	0	0	0	0	1	0	0	1	8
2014/01/02-18:50:07	87	1,262.979	61.749	0	0	1	0	0	0	0	1	0	0	1	3
