2013/09/02-21:57:12	36	1,500	352.012	2	0	0	0	0	0	1	1	0	0	1	7
2013/09/02-22:01:41	36	1,500	352.012	10	0	0	0	0	0	0	1	1	0	0	60
2013/09/02-22:02:56	36	1,500	352.012	22	0	1	4	0	0	0	1	0	0	1	53
2013/09/02-22:11:48	36	1,500	352.012	2	0	0	0	1	0	0	1	1	0	0	7
2013/09/02-22:15:44	36	1,500	352.012	2	0	0	0	1	0	0	1	1	0	0	41
2013/09/02-22:40:14	19	1,891.526	276.558	0	0	1	0	0	0	0	1	0	0	1	11
2013/09/02-22:40:55	19	1,891.526	276.558	1	0	0	0	1	0	1	1	0	0	1	3
2013/09/02-22:41:39	19	1,891.526	276.558	8	0	1	0	0	0	0	1	0	0	1	37
2013/09/02-22:42:50	19	1,891.526	276.558	0	0	1	0	0	0	0	1	0	0	1	6
2013/09/02-22:44:04	19	1,891.526	276.558	3	0	1	0	0	0	0	1	0	0	1	12
2013/09/02-22:50:58	19	1,891.526	276.558	2	0	0	0	0	0	1	1	0	0	1	4
2013/09/02-22:51:44	19	1,891.526	276.558	2	0	1	0	0	0	0	1	0	0	1	16
2013/09/02-22:52:27	19	1,891.526	276.558	0	0	0	0	0	0	0	1	1	0	0	6
2013/09/02-22:52:52	19	1,891.526	276.558	0	0	0	0	0	0	0	1	1	0	0	3
2013/09/02-22:53:14	19	1,891.526	276.558	0	0	1	0	0	0	0	1	0	0	1	12
2013/09/03-10:37:28	38	1,534.642	214.877	16	0	0	4	0	0	0	1	0	1	0	60
2013/09/03-10:38:47	38	1,534.642	214.877	6	0	0	0	1	0	1	1	0	0	1	10
2013/09/03-10:39:20	38	1,534.642	214.877	1	0	0	0	0	0	0	1	1	0	0	60
2013/09/03-10:40:39	38	1,534.642	214.877	8	0	1	0	1	0	0	1	0	0	1	43
2013/09/03-10:41:46	38	1,534.642	214.877	1	0	0	0	0	0	0	1	1	0	0	7
2013/09/03-11:07:06	31	1,653.533	176.517	5	0	1	1	0	0	0	1	0	0	1	21
2013/09/03-11:08:25	31	1,653.533	176.517	0	0	1	0	0	0	0	1	0	0	1	12
2013/09/03-11:09:00	31	1,653.533	176.517	5	0	1	0	0	0	0	1	0	0	1	14
2013/09/03-14:56:38	31	1,653.533	176.517	3	0	1	0	2	0	0	1	0	0	1	11
2013/09/03-14:57:11	31	1,653.533	176.517	1	0	1	0	0	0	0	1	0	0	1	7
2013/09/03-15:06:15	47	1,470.19	148.711	4	0	1	0	0	0	0	1	0	0	1	12
2013/09/03-15:07:31	47	1,470.19	148.711	3	0	0	1	0	0	0	1	1	0	0	9
2013/09/03-15:07:59	47	1,470.19	148.711	2	0	1	0	0	0	0	1	0	0	1	9
2013/09/03-15:08:27	47	1,470.19	148.711	0	0	1	0	0	0	0	1	0	0	1	6
2013/09/03-15:08:52	47	1,470.19	148.711	0	0	1	0	0	0	0	1	0	0	1	12
2013/09/03-18:54:15	38	1,568.306	129.755	0	0	0	0	0	0	0	1	0	1	0	60
2013/09/03-18:55:34	38	1,568.306	129.755	2	0	0	7	1	0	0	1	1	0	0	59
2013/09/03-18:56:51	38	1,568.306	129.755	9	0	0	0	1	0	0	1	1	0	0	40
2013/09/03-18:57:50	38	1,568.306	129.755	4	0	0	0	0	0	1	1	0	0	1	9
2013/09/03-18:59:09	38	1,568.306	129.755	4	0	0	0	0	0	1	1	0	0	1	7
2013/09/03-19:19:30	39	1,579.552	112.201	1	0	0	0	0	0	0	1	1	0	0	25
2013/09/03-19:20:14	39	1,579.552	112.201	5	0	0	4	0	0	0	1	1	0	0	30
2013/09/03-19:21:03	39	1,579.552	112.201	7	0	0	3	0	0	0	1	1	0	0	60
2013/09/03-19:22:22	39	1,579.552	112.201	4	0	0	1	0	0	0	1	1	0	0	60
2013/09/03-19:23:41	39	1,579.552	112.201	4	0	0	0	1	0	0	1	1	0	0	15
2013/09/03-19:43:01	39	1,579.552	112.201	9	0	1	2	0	0	0	1	0	0	1	24
2013/09/03-19:58:54	39	1,579.552	112.201	2	0	1	0	0	0	0	1	0	0	1	18
2013/09/03-19:59:32	39	1,579.552	112.201	0	0	1	0	0	0	0	1	0	0	1	3
2013/09/03-20:00:03	39	1,579.552	112.201	2	0	1	0	0	0	0	1	0	0	1	12
2013/09/03-20:00:58	39	1,579.552	112.201	2	0	1	0	0	0	0	1	0	0	1	7
2013/09/03-23:46:17	33	1,671.072	98.617	3	0	0	6	0	0	0	1	1	0	0	31
2013/09/03-23:47:07	33	1,671.072	98.617	6	0	0	0	1	0	1	1	0	0	1	22
2013/09/03-23:47:51	33	1,671.072	98.617	1	0	1	0	0	0	0	1	0	0	1	4
2013/09/03-23:48:31	33	1,671.072	98.617	0	0	0	0	0	0	0	1	1	0	0	5
2013/09/03-23:48:55	33	1,671.072	98.617	2	0	0	0	1	0	1	1	0	0	1	9
2013/09/04-11:04:19	33	1,671.072	98.617	7	0	0	0	1	0	0	1	1	0	0	24
2013/09/04-11:05:02	33	1,671.072	98.617	4	0	0	0	2	0	0	1	1	0	0	10
2013/09/04-11:05:30	33	1,671.072	98.617	0	0	0	1	0	0	0	1	1	0	0	60
2013/09/04-11:06:49	33	1,671.072	98.617	15	0	0	2	0	0	0	1	1	0	0	60
2013/09/04-11:08:08	33	1,671.072	98.617	8	0	1	2	0	0	0	1	0	0	1	22
2013/09/04-11:27:06	33	1,678.022	84.682	1	0	1	0	0	0	0	1	0	0	1	7
2013/09/04-11:27:32	33	1,678.022	84.682	1	0	1	0	0	0	0	1	0	0	1	17
2013/09/04-11:28:51	33	1,678.022	84.682	2	0	0	0	0	0	1	1	0	0	1	10
2013/09/04-15:26:57	33	1,678.022	84.682	6	0	0	0	0	0	1	1	0	0	1	12
2013/09/04-15:27:29	33	1,678.022	84.682	6	0	1	3	0	0	0	1	0	0	1	30
2013/09/04-19:14:23	33	1,659.336	82.307	13	0	0	2	0	0	0	1	1	0	0	60
2013/09/04-19:15:42	33	1,659.336	82.307	5	0	0	0	0	0	0	1	1	0	0	17
2013/09/04-19:16:18	33	1,659.336	82.307	6	0	0	2	0	0	0	1	1	0	0	53
2013/09/04-19:17:38	33	1,659.336	82.307	0	0	1	0	0	0	0	1	0	0	1	6
2013/09/04-19:18:29	33	1,659.336	82.307	5	0	1	0	0	0	0	1	0	0	1	15
2013/09/04-19:39:47	33	1,662.526	76.129	1	0	0	0	1	0	0	1	1	0	0	5
2013/09/04-19:40:12	33	1,662.526	76.129	14	0	1	6	1	0	0	1	0	0	1	56
2013/09/04-19:41:39	33	1,662.526	76.129	13	0	0	0	2	0	1	1	0	0	1	45
2013/09/04-19:42:43	33	1,662.526	76.129	7	0	0	4	1	0	0	1	1	0	0	60
2013/09/04-19:44:02	33	1,662.526	76.129	13	0	0	0	0	0	0	1	1	0	0	40
2013/09/04-20:41:52	33	1,692.627	70.883	1	0	0	0	0	0	0	1	1	0	0	18
2013/09/04-20:42:29	33	1,692.627	70.883	0	0	1	0	0	0	0	1	0	0	1	6
2013/09/04-20:42:53	33	1,692.627	70.883	1	0	0	0	0	0	1	1	0	0	1	3
2013/09/04-20:44:12	33	1,692.627	70.883	11	0	0	5	0	0	1	1	0	0	1	53
2013/09/04-20:45:31	33	1,692.627	70.883	0	0	1	0	0	0	0	1	0	0	1	23
2013/09/05-01:56:32	33	1,652.708	71.926	4	0	0	0	0	0	0	1	1	0	0	10
2013/09/05-01:57:01	33	1,652.708	71.926	6	0	0	5	0	0	0	1	1	0	0	60
2013/09/05-01:58:19	33	1,652.708	71.926	4	0	0	0	0	0	1	1	0	0	1	11
2013/09/05-01:58:58	33	1,652.708	71.926	2	0	1	0	1	0	0	1	0	0	1	11
2013/09/05-01:59:27	33	1,652.708	71.926	1	0	0	0	1	0	0	1	1	0	0	6
2013/09/05-02:23:27	32	1,666.805	67.372	4	0	0	0	2	0	1	1	0	0	1	15
2013/09/05-02:24:01	32	1,666.805	67.372	12	0	0	0	0	0	0	1	1	0	0	46
2013/09/05-02:25:05	32	1,666.805	67.372	3	0	1	0	0	0	0	1	0	0	1	16
2013/09/05-02:25:40	32	1,666.805	67.372	0	0	1	0	0	0	0	1	0	0	1	3
2013/09/05-02:26:59	32	1,666.805	67.372	2	0	0	2	0	0	0	1	0	0	1	60
2013/09/05-02:44:05	32	1,666.805	67.372	10	0	0	4	1	0	0	1	1	0	0	42
2013/09/05-02:45:06	32	1,666.805	67.372	1	0	1	0	0	0	0	1	0	0	1	6
2013/09/05-02:45:40	32	1,666.805	67.372	6	0	0	0	1	0	0	1	1	0	0	21
2013/09/05-02:46:20	32	1,666.805	67.372	8	0	1	3	0	0	0	1	0	0	1	41
2013/09/05-02:47:20	32	1,666.805	67.372	0	0	1	0	0	0	0	1	0	0	1	9
2013/09/05-04:08:22	32	1,676.184	63.472	3	0	0	0	0	0	0	1	1	0	0	7
2013/09/05-04:08:47	32	1,676.184	63.472	2	0	0	0	1	0	0	1	1	0	0	6
2013/09/05-04:09:12	32	1,676.184	63.472	0	0	0	0	0	0	0	1	1	0	0	6
2013/09/05-04:09:37	32	1,676.184	63.472	9	0	0	1	0	0	0	1	1	0	0	21
2013/09/05-04:10:17	32	1,676.184	63.472	2	0	0	0	1	0	0	1	1	0	0	6
2013/09/05-04:18:27	32	1,676.184	63.472	4	0	1	0	0	0	0	1	0	0	1	50
2013/09/05-04:19:35	32	1,676.184	63.472	17	0	0	0	0	0	1	1	0	0	1	54
2013/09/05-04:20:49	32	1,676.184	63.472	0	0	1	0	0	0	0	1	0	0	1	21
2013/09/05-04:21:28	32	1,676.184	63.472	2	0	1	0	0	0	0	1	0	0	1	14
2013/09/05-04:22:29	32	1,676.184	63.472	4	0	0	0	0	0	1	1	0	0	1	12
2013/09/05-04:33:36	32	1,679.196	61.515	2	0	0	0	0	0	1	1	0	0	1	13
2013/09/05-07:49:12	32	1,679.196	61.515	7	0	0	0	2	0	0	1	1	0	0	15
2013/09/05-07:49:47	32	1,679.196	61.515	2	0	0	0	0	0	1	1	0	0	1	3
2013/09/05-07:50:59	32	1,679.196	61.515	1	0	1	0	0	0	0	1	0	0	1	3
2013/09/05-07:51:21	32	1,679.196	61.515	1	0	1	0	0	0	0	1	0	0	1	42
2013/09/05-11:15:51	32	1,688.133	60.64	8	0	0	2	0	0	1	1	0	0	1	22
2013/09/05-11:16:44	32	1,688.133	60.64	23	0	1	0	0	0	0	1	0	0	1	52
2013/09/05-11:18:03	32	1,688.133	60.64	2	0	0	0	0	0	1	1	0	0	1	3
2013/09/05-11:19:21	32	1,688.133	60.64	2	0	0	0	0	0	1	1	0	0	1	9
2013/09/05-11:20:16	32	1,688.133	60.64	6	0	0	1	1	0	1	1	0	0	1	17
2013/09/05-11:31:54	32	1,688.133	60.64	11	0	1	3	0	0	0	1	0	0	1	51
2013/09/05-21:30:30	32	1,688.133	60.64	8	0	0	0	0	0	1	1	0	0	1	27
2013/09/05-21:31:25	32	1,688.133	60.64	2	0	0	0	0	0	1	1	0	0	1	3
2013/09/05-21:32:09	32	1,688.133	60.64	2	0	0	0	0	0	1	1	0	0	1	4
2013/09/05-21:33:22	32	1,688.133	60.64	10	0	0	2	1	0	0	1	1	0	0	60
2013/09/05-22:22:01	32	1,688.133	60.64	4	0	1	2	0	0	0	1	0	0	1	46
2013/09/05-22:23:06	32	1,688.133	60.64	11	0	0	0	1	0	0	1	1	0	0	57
2013/09/05-22:24:22	30	1,689.178	54.924	0	0	1	0	0	0	0	1	0	0	1	5
2013/09/05-22:25:17	30	1,689.178	54.924	3	0	1	2	0	0	0	1	0	0	1	36
2013/09/05-22:26:12	30	1,689.178	54.924	0	0	1	0	0	0	0	1	0	0	1	4
2013/09/05-22:26:38	30	1,689.178	54.924	8	0	0	7	0	0	0	1	1	0	0	62
2013/09/05-22:27:59	30	1,689.178	54.924	4	0	0	1	1	0	1	1	0	0	1	3
2013/09/05-22:28:26	30	1,689.178	54.924	0	0	1	0	0	0	0	1	0	0	1	3
2013/09/05-22:28:54	30	1,689.178	54.924	16	0	1	3	0	0	0	1	0	0	1	66
2013/09/05-22:30:18	30	1,689.178	54.924	3	0	1	0	0	0	0	1	0	0	1	18
2013/09/05-22:30:57	30	1,689.178	54.924	4	0	1	0	1	0	0	1	0	0	1	22
2013/09/05-22:31:38	30	1,689.178	54.924	16	0	1	0	0	0	0	1	0	0	1	48
2013/09/05-22:32:44	30	1,689.178	54.924	2	0	0	1	0	0	1	1	0	0	1	7
2013/09/05-22:33:45	30	1,689.178	54.924	23	0	0	0	1	0	0	1	1	0	0	61
2013/09/05-22:35:04	30	1,689.178	54.924	8	0	0	1	0	0	0	1	1	0	0	40
2013/09/05-22:36:03	30	1,689.178	54.924	2	0	1	0	0	0	0	1	0	0	1	6
2013/09/05-22:36:33	30	1,689.178	54.924	0	0	1	0	0	0	0	1	0	0	1	3
2013/09/05-22:36:57	30	1,689.178	54.924	6	0	1	12	0	0	0	1	0	0	1	30
2013/09/05-22:38:15	30	1,689.178	54.924	2	0	1	0	0	0	0	1	0	0	1	3
2013/09/05-22:38:43	30	1,689.178	54.924	0	0	1	0	0	0	0	1	0	0	1	8
2013/09/05-22:39:12	30	1,689.178	54.924	10	0	1	3	0	0	0	1	1	0	0	61
2013/09/05-22:40:32	30	1,689.178	54.924	7	0	1	0	0	0	0	1	0	0	1	51
2013/09/05-22:47:23	30	1,689.178	54.924	12	0	0	2	0	0	0	1	1	0	0	52
2013/09/05-22:48:32	30	1,689.178	54.924	6	0	0	0	0	0	1	1	0	0	1	14
2013/09/05-22:49:21	30	1,689.178	54.924	3	0	1	2	0	0	0	1	0	0	1	36
2013/09/05-22:50:15	30	1,689.178	54.924	0	0	1	1	0	0	0	1	0	0	1	14
2013/09/05-22:50:59	30	1,689.178	54.924	0	0	1	0	0	0	0	1	0	0	1	3
2013/09/05-22:51:20	30	1,689.178	54.924	26	0	0	4	0	0	0	1	0	1	0	90
2013/09/05-22:53:09	30	1,689.178	54.924	2	0	1	1	0	0	0	1	0	0	1	4
2013/09/05-22:53:32	30	1,689.178	54.924	0	0	1	0	0	0	0	1	0	0	1	3
2013/09/05-22:54:05	30	1,689.178	54.924	4	0	1	1	0	0	0	1	0	0	1	17
2013/09/05-22:55:31	30	1,689.178	54.924	3	0	1	0	0	0	0	1	0	0	1	24
2013/09/05-23:39:07	31	1,689.942	47.118	6	0	0	0	0	0	1	1	0	0	1	11
2013/09/05-23:39:54	31	1,689.942	47.118	13	0	1	0	0	0	0	1	0	0	1	27
2013/09/05-23:41:14	31	1,689.942	47.118	1	0	1	0	0	0	0	1	0	0	1	10
2013/09/05-23:41:42	31	1,689.942	47.118	0	0	1	1	0	0	0	1	0	0	1	7
2013/09/05-23:42:53	31	1,689.942	47.118	0	0	1	0	0	0	0	1	0	0	1	3
2013/09/05-23:43:17	31	1,689.942	47.118	0	0	1	0	0	0	0	1	0	0	1	6
2013/09/05-23:43:58	31	1,689.942	47.118	2	0	0	1	1	0	1	1	1	0	0	4
2013/09/05-23:44:20	31	1,689.942	47.118	3	0	0	2	0	0	1	1	0	0	1	38
2013/09/05-23:46:00	31	1,689.942	47.118	9	0	0	2	0	0	1	1	0	0	1	37
2013/09/05-23:47:11	31	1,689.942	47.118	2	0	0	0	0	0	1	1	0	0	1	34
2013/09/05-23:48:06	31	1,689.942	47.118	15	0	0	2	0	0	0	1	0	1	0	90
2013/09/05-23:49:54	31	1,689.942	47.118	5	0	0	0	0	0	1	1	0	0	1	14
2013/09/05-23:51:01	31	1,689.942	47.118	22	0	0	2	0	0	0	1	0	1	0	90
2013/09/05-23:52:50	31	1,689.942	47.118	20	0	0	0	0	0	0	1	1	0	0	59
2013/09/05-23:54:07	31	1,689.942	47.118	1	0	1	0	0	0	0	1	0	0	1	4
2013/09/05-23:54:30	31	1,689.942	47.118	0	0	1	1	0	0	0	1	0	0	1	10
2013/09/05-23:56:00	31	1,689.942	47.118	0	0	1	0	0	0	0	1	0	0	1	3
2013/09/05-23:56:24	31	1,689.942	47.118	0	0	1	0	0	0	0	1	0	0	1	16
2013/09/05-23:57:15	31	1,689.942	47.118	4	0	1	1	0	0	0	1	0	0	1	4
2013/09/05-23:57:39	31	1,689.942	47.118	0	0	1	0	0	0	0	1	0	0	1	9
2013/09/05-23:58:12	31	1,689.942	47.118	10	0	1	2	0	0	0	1	0	0	1	46
2013/09/05-23:59:29	31	1,689.942	47.118	5	0	1	0	1	0	0	1	0	0	1	42
2013/09/06-00:00:34	31	1,689.942	47.118	1	0	0	0	1	0	0	1	1	0	0	6
2013/09/06-00:00:58	31	1,689.942	47.118	6	0	1	0	1	0	0	1	1	0	0	48
2013/09/06-00:02:06	31	1,689.942	47.118	13	0	0	3	0	0	0	1	1	0	0	41
2013/09/06-00:03:05	31	1,689.942	47.118	6	0	0	0	0	0	0	1	1	0	0	41
2013/09/06-00:04:05	31	1,689.942	47.118	2	0	1	0	0	0	0	1	0	0	1	7
2013/09/06-00:05:03	31	1,689.942	47.118	0	0	1	2	0	0	0	1	0	0	1	12
2013/09/06-00:05:33	31	1,689.942	47.118	0	0	1	0	0	0	0	1	0	0	1	3
2013/09/06-00:05:57	31	1,689.942	47.118	23	0	0	18	1	0	0	1	1	0	0	75
2013/09/06-07:59:14	30	1,691.667	44.952	8	0	0	0	0	0	1	1	0	0	1	15
2013/09/06-08:00:06	30	1,691.667	44.952	16	0	0	0	0	0	0	1	1	0	0	57
2013/09/06-08:01:21	30	1,691.667	44.952	0	0	1	0	0	0	0	1	0	0	1	5
2013/09/06-08:01:45	30	1,691.667	44.952	16	0	0	2	0	0	0	1	0	1	0	90
2013/09/06-08:03:34	30	1,691.667	44.952	0	0	1	0	0	0	0	1	0	0	1	3
2013/09/06-08:03:58	30	1,691.667	44.952	0	0	1	0	0	0	0	1	0	0	1	6
2013/09/06-08:04:23	30	1,691.168	43.45	0	0	1	1	0	0	0	1	0	0	1	3
2013/09/06-08:04:45	30	1,691.168	43.45	0	0	1	0	0	0	0	1	0	0	1	3
2013/09/06-08:06:00	30	1,691.168	43.45	22	0	0	1	0	0	0	1	0	1	0	90
2013/09/06-08:07:48	30	1,691.168	43.45	6	0	0	0	1	0	1	1	0	0	1	20
2013/09/06-08:08:28	30	1,691.168	43.45	0	0	1	0	0	0	0	1	0	0	1	3
2013/09/06-08:08:56	30	1,691.168	43.45	9	0	0	0	0	0	0	1	1	0	0	42
2013/09/06-08:09:58	30	1,691.168	43.45	10	0	1	4	0	0	0	1	0	0	1	32
2013/09/06-08:11:18	30	1,691.168	43.45	5	0	0	0	0	0	0	1	1	0	0	52
2013/09/06-08:12:30	30	1,691.168	43.45	9	0	1	1	1	0	0	1	0	0	1	36
2013/09/06-08:13:24	30	1,691.168	43.45	3	0	0	3	0	0	1	1	0	0	1	40
2013/09/06-08:14:50	30	1,691.168	43.45	0	0	1	0	0	0	0	1	0	0	1	3
2013/09/06-08:15:13	30	1,691.168	43.45	0	0	1	0	0	0	0	1	0	0	1	4
2013/09/06-08:15:35	30	1,691.168	43.45	1	0	0	0	2	0	0	1	1	0	0	4
2013/09/06-08:15:58	30	1,691.168	43.45	4	0	0	1	0	0	1	1	0	0	1	27
2013/09/06-08:16:44	30	1,691.168	43.45	4	0	0	2	2	0	0	1	1	0	0	25
2013/09/06-21:18:22	30	1,691.168	43.45	7	0	1	2	0	0	0	1	0	0	1	27
2013/09/06-21:19:19	30	1,691.168	43.45	14	0	1	0	1	0	0	1	0	0	1	57
2013/09/06-21:20:35	30	1,691.168	43.45	1	0	0	0	2	0	0	1	1	0	0	7
2013/09/06-21:21:01	30	1,691.168	43.45	2	0	1	2	0	0	0	1	0	0	1	17
2013/09/06-21:21:37	30	1,691.168	43.45	0	0	1	0	0	0	0	1	0	0	1	3
2013/09/06-21:22:00	30	1,691.168	43.45	3	0	0	12	0	0	1	1	0	0	1	34
2013/09/06-21:22:54	30	1,691.168	43.45	1	0	1	0	0	0	0	1	0	0	1	3
2013/09/06-21:23:16	30	1,691.168	43.45	7	0	0	4	0	0	1	1	0	0	1	40
2013/09/06-21:24:48	30	1,691.168	43.45	10	0	0	4	1	0	0	1	1	0	0	68
2013/09/06-21:26:14	30	1,691.168	43.45	7	0	0	0	0	0	0	1	1	0	0	33
2013/09/06-21:27:06	30	1,691.168	43.45	2	0	0	0	0	0	0	1	1	0	0	7
2013/09/06-21:27:32	30	1,691.168	43.45	1	0	0	0	0	0	1	1	0	0	1	5
2013/09/06-21:28:31	30	1,691.168	43.45	2	0	0	0	0	0	1	1	0	0	1	3
2013/09/06-21:29:17	30	1,691.168	43.45	3	0	0	0	0	0	1	1	0	0	1	9
2013/09/06-21:30:24	30	1,691.168	43.45	1	0	0	0	1	0	1	1	0	0	1	4
2013/09/06-21:30:47	30	1,691.168	43.45	0	0	1	1	0	0	0	1	0	0	1	16
2013/09/06-21:31:51	30	1,691.168	43.45	0	0	1	0	0	0	0	1	0	0	1	4
2013/09/06-21:32:23	30	1,691.168	43.45	27	0	0	4	1	0	0	1	0	1	0	90
2013/09/06-21:34:11	30	1,691.168	43.45	2	0	1	1	1	0	0	1	0	0	1	3
2013/09/06-21:34:34	30	1,691.168	43.45	0	0	1	0	0	0	0	1	0	0	1	3
2013/09/06-21:36:15	30	1,691.168	43.45	3	0	0	1	0	0	1	1	0	0	1	18
2013/09/06-22:16:01	31	1,701.344	38.052	19	0	1	2	0	0	0	1	0	0	1	53
2013/09/06-22:17:17	31	1,701.344	38.052	4	0	1	0	0	0	0	1	0	0	1	8
2013/09/06-22:17:53	31	1,701.344	38.052	2	0	0	0	0	0	0	1	1	0	0	7
2013/09/06-22:18:18	31	1,701.344	38.052	0	0	1	2	0	0	0	1	0	0	1	18
2013/09/06-22:18:55	31	1,701.344	38.052	0	0	1	0	0	0	0	1	0	0	1	3
2013/09/06-22:19:19	31	1,701.344	38.052	0	0	1	0	0	0	0	1	0	0	1	6
2013/09/06-22:19:44	31	1,701.344	38.052	2	0	1	1	0	0	0	1	0	0	1	4
2013/09/06-22:20:15	31	1,701.344	38.052	8	0	1	4	0	0	0	1	0	1	0	33
2013/09/06-22:22:04	31	1,701.344	38.052	5	0	1	0	0	0	0	1	0	0	1	9
2013/09/06-22:23:04	31	1,701.344	38.052	0	0	1	0	0	0	0	1	0	0	1	8
2013/09/06-22:23:34	31	1,701.344	38.052	1	0	0	1	0	0	0	1	1	0	0	15
2013/09/06-22:24:08	31	1,701.344	38.052	0	0	1	0	0	0	0	1	0	0	1	3
2013/09/06-22:24:32	31	1,701.344	38.052	0	0	1	0	0	0	0	1	0	0	1	14
2013/09/06-22:25:18	31	1,701.344	38.052	1	0	1	1	0	0	0	1	0	0	1	3
2013/09/06-22:25:40	31	1,701.344	38.052	0	0	1	0	0	0	0	1	0	0	1	6
2013/09/06-22:27:18	31	1,701.344	38.052	9	0	1	2	0	0	0	1	0	0	1	51
2013/09/06-22:28:49	31	1,701.344	38.052	1	0	1	0	0	0	0	1	0	0	1	20
2013/09/06-22:29:42	31	1,701.344	38.052	3	0	1	0	1	0	0	1	1	0	0	11
2013/09/06-22:30:04	31	1,701.344	38.052	13	0	0	0	1	0	0	1	1	0	0	50
2013/09/06-22:31:10	31	1,701.344	38.052	5	0	1	4	0	0	0	1	0	1	0	27
2013/09/06-22:32:59	31	1,701.344	38.052	4	0	0	0	0	0	1	1	0	0	1	11
2013/09/06-22:34:05	31	1,701.344	38.052	13	0	1	3	0	0	0	1	0	0	1	60
2013/09/06-22:35:24	31	1,701.344	38.052	0	0	1	1	0	0	0	1	0	0	1	10
2013/09/06-22:36:15	31	1,701.344	38.052	0	0	1	0	0	0	0	1	0	0	1	3
2013/09/06-22:36:39	31	1,701.344	38.052	11	0	0	19	1	0	0	1	0	1	0	90
2013/09/06-22:38:28	31	1,701.344	38.052	4	0	0	1	1	0	1	1	0	0	1	3
2013/09/06-22:38:57	31	1,701.344	38.052	0	0	1	0	0	0	0	1	0	0	1	3
2013/09/06-22:40:42	31	1,701.344	38.052	12	0	1	3	0	0	0	1	0	0	1	46
2013/09/06-22:41:57	31	1,701.344	38.052	3	0	0	0	0	0	0	1	1	0	0	23
2013/09/06-22:42:38	31	1,701.344	38.052	2	0	0	0	0	0	1	1	0	0	1	10
2013/09/06-22:43:07	31	1,701.344	38.052	6	0	0	0	0	0	0	1	1	0	0	48
2013/09/06-22:44:14	31	1,701.344	38.052	8	0	0	4	1	0	0	1	1	0	0	31
2013/09/06-22:45:03	31	1,701.344	38.052	2	0	1	0	0	0	0	1	0	0	1	18
2013/09/06-22:45:40	31	1,701.344	38.052	0	0	1	0	0	0	0	1	0	0	1	6
2013/09/06-22:46:05	31	1,701.344	38.052	0	0	1	1	0	0	0	1	0	0	1	7
2013/09/06-22:46:51	31	1,701.344	38.052	0	0	1	0	0	0	0	1	0	0	1	3
2013/09/06-22:47:15	31	1,697.115	33.945	7	0	1	7	0	0	0	1	0	0	1	62
2013/09/06-22:49:05	31	1,697.115	33.945	2	0	0	0	0	0	1	1	0	0	1	4
2013/09/06-22:50:40	31	1,697.115	33.945	22	0	1	0	1	0	0	1	1	0	0	57
2013/09/06-22:51:55	31	1,697.115	33.945	2	0	0	1	0	0	0	1	1	0	0	35
2013/09/06-22:52:49	31	1,697.115	33.945	0	0	1	1	0	0	0	1	0	0	1	10
2013/09/06-22:54:16	31	1,697.115	33.945	0	0	1	0	0	0	0	1	0	0	1	3
2013/09/06-22:54:40	31	1,697.115	33.945	0	0	1	0	0	0	0	1	0	0	1	4
2013/09/06-22:55:02	31	1,697.115	33.945	3	0	1	1	0	0	0	1	0	0	1	4
2013/09/06-22:55:26	31	1,697.115	33.945	0	0	1	0	0	0	0	1	0	0	1	3
2013/09/06-22:57:05	31	1,697.115	33.945	15	0	1	2	0	0	0	1	1	0	0	67
2013/09/06-23:08:26	31	1,697.115	33.945	11	0	0	6	0	0	1	1	0	0	1	54
2013/09/06-23:09:44	31	1,697.115	33.945	4	0	0	0	0	0	0	1	1	0	0	18
2013/09/06-23:10:21	31	1,697.115	33.945	11	0	0	2	0	0	0	1	1	0	0	60
2013/09/06-23:11:40	31	1,697.115	33.945	2	0	1	3	1	0	0	1	0	0	1	31
2013/09/06-23:12:30	31	1,697.115	33.945	0	0	1	0	0	0	0	1	0	0	1	3
2013/09/06-23:12:54	31	1,697.115	33.945	8	0	1	9	0	0	0	1	0	0	1	62
2013/09/06-23:14:15	31	1,697.115	33.945	3	0	1	1	0	0	0	1	0	1	0	3
2013/09/06-23:14:37	31	1,697.115	33.945	0	0	1	0	0	0	0	1	0	0	1	4
2013/09/06-23:15:46	31	1,697.115	33.945	18	0	0	3	1	0	0	1	1	0	0	61
2013/09/06-23:17:06	31	1,697.115	33.945	1	0	1	0	0	0	0	1	0	0	1	11
2013/09/06-23:17:51	31	1,697.115	33.945	0	0	1	0	0	0	0	1	0	0	1	3
2013/09/06-23:18:19	31	1,697.115	33.945	17	0	0	0	0	0	0	1	1	0	0	64
2013/09/06-23:19:43	31	1,697.115	33.945	16	0	0	3	0	0	0	1	1	0	0	60
2013/09/06-23:21:02	31	1,697.115	33.945	5	0	0	0	0	0	1	1	0	0	1	11
2013/09/06-23:21:58	31	1,697.115	33.945	1	0	0	0	0	0	1	1	0	0	1	5
2013/09/06-23:22:26	31	1,697.115	33.945	11	0	1	2	1	0	0	1	0	0	1	64
2013/09/06-23:23:48	31	1,697.115	33.945	0	0	1	0	0	0	0	1	0	0	1	3
2013/09/06-23:24:12	31	1,697.115	33.945	8	0	0	15	0	0	0	1	1	0	0	89
2013/09/06-23:26:00	31	1,697.115	33.945	3	0	1	1	1	0	0	1	1	0	0	4
2013/09/06-23:26:23	31	1,697.115	33.945	0	0	1	0	0	0	0	1	0	0	1	7
2013/09/06-23:28:03	31	1,697.115	33.945	6	0	0	3	0	0	0	1	1	0	0	67
2013/09/06-23:29:28	31	1,697.115	33.945	2	0	0	0	1	0	1	1	0	0	1	5
2013/09/06-23:29:56	31	1,697.115	33.945	0	0	1	0	0	0	0	1	0	0	1	6
2013/09/06-23:30:23	31	1,697.115	33.945	3	0	1	0	0	0	0	1	0	0	1	11
2013/09/06-23:31:28	31	1,697.115	33.945	28	0	0	3	0	0	0	1	0	1	0	90
2013/09/06-23:33:17	31	1,697.115	33.945	6	0	0	0	0	0	1	1	0	0	1	35
2013/09/06-23:34:11	31	1,707.861	30.794	0	0	1	0	0	0	0	1	0	0	1	3
2013/09/06-23:35:05	31	1,707.861	30.794	2	0	1	0	1	0	0	1	0	0	1	5
2013/09/06-23:35:39	31	1,707.861	30.794	0	0	1	0	0	0	0	1	0	0	1	3
2013/09/06-23:36:03	31	1,707.861	30.794	0	0	1	1	0	0	0	1	0	0	1	32
2013/09/07-01:09:32	31	1,703.382	32.402	2	0	0	0	0	0	1	1	0	0	1	4
2013/09/07-01:10:51	31	1,703.382	32.402	7	0	0	1	1	0	0	1	1	0	0	60
2013/09/07-01:12:10	31	1,703.382	32.402	4	0	0	0	0	0	1	1	0	0	1	7
2013/09/07-01:13:02	31	1,703.382	32.402	7	0	0	3	0	0	0	1	1	0	0	81
2013/09/07-01:14:42	31	1,703.382	32.402	9	0	1	1	0	0	0	1	0	0	1	26
2013/09/07-01:21:33	31	1,703.382	32.402	13	0	0	2	0	0	0	1	0	0	1	60
2013/09/07-01:22:51	31	1,703.382	32.402	2	0	0	0	0	0	1	1	0	0	1	4
2013/09/07-01:24:10	31	1,703.382	32.402	4	0	0	0	0	0	1	1	0	0	1	9
2013/09/07-09:24:01	31	1,703.382	32.402	2	0	0	0	0	0	1	1	0	0	1	3
2013/09/07-09:25:26	31	1,703.382	32.402	3	0	0	0	0	0	1	1	0	0	1	4
2013/09/07-09:39:43	31	1,703.382	32.402	2	0	1	0	0	0	0	1	0	0	1	6
2013/09/07-09:41:02	31	1,703.382	32.402	5	0	1	2	0	0	0	1	0	0	1	17
2013/09/07-09:42:21	31	1,703.382	32.402	2	0	0	0	0	0	1	1	0	0	1	4
2013/09/07-09:43:40	31	1,703.382	32.402	14	0	0	0	0	0	1	1	0	0	1	27
2013/09/07-09:44:59	32	1,688.347	31.243	2	0	0	0	0	0	1	1	0	0	1	4
2013/09/08-22:05:51	32	1,685.621	40.422	8	0	0	0	0	0	1	1	0	0	1	27
2013/09/08-22:06:53	32	1,685.621	40.422	2	0	0	0	0	0	1	1	0	0	1	3
2013/09/08-22:08:09	32	1,685.621	40.422	5	0	0	2	2	0	0	1	1	0	0	38
2013/09/08-22:09:06	32	1,685.621	40.422	2	0	0	0	0	0	1	1	0	0	1	3
2013/09/08-22:10:24	32	1,685.621	40.422	16	0	0	2	0	0	0	1	0	0	1	60
2013/09/08-22:16:35	32	1,685.621	40.422	3	0	0	0	0	0	1	1	0	0	1	4
2013/09/08-22:17:12	32	1,685.621	40.422	10	0	0	2	0	0	1	1	0	0	1	23
2013/09/08-22:18:31	32	1,685.621	40.422	7	0	0	1	0	0	1	1	0	0	1	14
2013/09/08-22:19:49	32	1,685.621	40.422	11	0	1	3	0	0	0	1	0	0	1	45
2013/09/08-22:23:19	32	1,685.621	40.422	6	0	1	1	0	0	0	1	0	0	1	19
2013/09/08-22:42:24	32	1,685.621	40.422	10	0	0	3	0	0	0	1	1	0	0	34
2013/09/08-22:43:16	32	1,685.621	40.422	6	0	1	1	0	0	0	1	0	0	1	25
2013/09/08-22:44:29	32	1,685.621	40.422	4	0	0	0	0	0	1	1	0	0	1	8
2013/09/08-22:45:48	32	1,685.621	40.422	9	0	1	3	0	0	0	1	0	0	1	42
2013/09/08-22:46:54	32	1,685.621	40.422	4	0	0	1	0	0	0	1	1	0	0	28
2013/09/11-07:09:28	31	1,680.333	57.592	2	0	0	0	0	0	1	1	0	0	1	4
2013/09/11-07:10:48	31	1,680.333	57.592	2	0	0	0	0	0	1	1	0	0	1	3
2013/09/11-07:12:05	31	1,680.333	57.592	14	0	1	2	1	0	0	1	0	0	1	59
2013/09/11-07:15:35	31	1,680.333	57.592	8	0	1	1	0	0	0	1	0	0	1	20
2013/09/11-07:17:00	31	1,680.333	57.592	7	0	1	0	0	0	0	1	0	0	1	20
2013/09/11-07:18:25	31	1,680.333	57.592	3	0	0	0	0	0	1	1	0	0	1	4
2013/09/11-07:19:44	31	1,680.333	57.592	8	0	0	0	0	0	1	1	0	0	1	30
2013/09/11-08:11:41	31	1,680.333	57.592	8	0	1	3	0	0	0	1	0	0	1	32
2013/09/11-08:12:38	31	1,680.333	57.592	17	0	0	1	0	0	0	1	0	0	1	60
2013/09/11-08:13:56	31	1,680.333	57.592	2	0	0	0	0	0	1	1	0	0	1	3
2013/09/11-08:33:18	32	1,648.312	53.195	16	0	0	4	0	0	1	1	0	0	1	53
2013/09/11-08:34:29	32	1,648.312	53.195	14	0	0	3	0	0	0	1	0	0	1	60
2013/09/11-08:35:48	32	1,648.312	53.195	7	0	1	0	0	0	0	1	0	0	1	13
2013/09/11-08:42:11	32	1,648.312	53.195	3	0	0	0	0	0	1	1	0	0	1	4
2013/09/11-08:43:31	32	1,648.312	53.195	7	0	1	2	0	0	0	1	0	0	1	34
2013/09/11-18:23:06	32	1,648.185	57.888	2	0	0	0	0	0	1	1	0	0	1	4
2013/09/11-20:31:18	32	1,648.185	57.888	2	0	0	0	0	0	1	1	0	0	1	4
2013/09/11-20:32:42	32	1,648.185	57.888	6	0	0	0	0	0	1	1	0	0	1	10
2013/09/11-20:34:00	32	1,648.185	57.888	14	0	0	2	0	0	0	1	0	0	1	60
2013/09/11-20:35:19	32	1,648.185	57.888	2	0	0	0	0	0	1	1	0	0	1	4
2013/09/11-20:43:01	32	1,637.009	55.403	11	0	1	0	0	0	0	1	0	0	1	35
2013/09/11-20:44:20	32	1,637.009	55.403	8	0	1	2	0	0	0	1	0	0	1	38
2013/09/11-21:37:36	32	1,637.009	55.403	7	0	1	2	1	0	0	1	0	0	1	41
2013/09/11-21:50:45	32	1,637.009	55.403	8	0	1	4	0	0	0	1	0	0	1	42
2013/09/11-21:51:50	32	1,637.009	55.403	16	0	0	2	0	0	0	1	0	0	1	60
2013/09/11-22:12:59	32	1,637.009	55.403	13	0	0	2	0	0	1	1	0	0	1	34
2013/09/11-22:13:54	32	1,637.009	55.403	7	0	1	2	0	0	0	1	0	0	1	18
2013/09/11-22:15:12	32	1,637.009	55.403	2	0	0	0	0	0	1	1	0	0	1	3
2013/09/11-22:17:52	32	1,637.009	55.403	3	0	0	0	0	0	1	1	0	0	1	4
2013/09/11-22:19:12	32	1,637.009	55.403	7	0	0	2	0	0	1	1	0	0	1	27
2013/09/12-13:10:32	32	1,633.182	58.861	2	0	0	0	0	0	1	1	0	0	1	4
2013/09/12-14:31:05	32	1,633.182	58.861	23	0	0	1	0	0	0	1	0	0	1	60
2013/09/12-14:32:25	32	1,633.182	58.861	16	0	0	0	0	0	0	1	0	0	1	60
2013/09/12-14:33:44	32	1,633.182	58.861	10	0	0	1	0	0	1	1	0	0	1	24
2013/09/12-14:35:02	32	1,633.182	58.861	2	0	0	0	0	0	1	1	0	0	1	3
2013/09/12-14:42:32	32	1,633.182	58.861	2	0	0	0	0	0	1	1	0	0	1	3
2013/09/12-21:24:15	32	1,633.182	58.861	11	0	0	2	0	0	1	1	0	0	1	45
2013/09/12-21:25:22	32	1,633.182	58.861	23	0	1	4	0	0	0	1	0	0	1	57
2013/09/12-21:26:38	32	1,633.182	58.861	7	0	1	2	0	0	0	1	0	0	1	42
2013/09/12-21:27:57	32	1,633.182	58.861	3	0	0	0	0	0	1	1	0	0	1	4
2013/09/12-21:28:31	32	1,633.182	58.861	6	0	1	1	0	0	0	1	0	0	1	59
2013/09/12-22:26:38	33	1,617.676	54.927	2	0	0	0	0	0	1	1	0	0	1	5
2013/09/12-22:27:02	33	1,617.676	54.927	5	0	0	0	0	0	1	1	0	0	1	10
2013/09/12-22:27:30	33	1,617.676	54.927	7	0	0	1	0	0	0	1	1	0	0	39
2013/09/12-22:28:28	33	1,617.676	54.927	10	0	1	2	0	0	0	1	0	0	1	45
2013/09/12-22:29:42	33	1,617.676	54.927	2	0	0	0	0	0	1	1	0	0	1	3
2013/09/12-22:52:03	33	1,617.676	54.927	16	0	0	1	0	0	0	1	0	0	1	60
2013/09/12-22:53:22	33	1,617.676	54.927	3	0	0	0	0	0	1	1	0	0	1	8
2013/09/12-22:54:40	33	1,617.676	54.927	9	0	0	1	0	0	0	1	1	0	0	29
2013/09/12-23:16:35	33	1,617.676	54.927	3	0	0	0	0	0	1	1	0	0	1	4
2013/09/12-23:17:37	33	1,617.676	54.927	9	0	0	2	0	0	0	1	0	0	1	60
2013/09/13-08:53:17	35	1,600.614	51.148	2	0	0	0	0	0	1	1	0	0	1	7
2013/09/13-08:54:36	35	1,600.614	51.148	2	0	0	0	0	0	1	1	0	0	1	3
2013/09/13-08:55:55	35	1,600.614	51.148	10	0	0	4	0	0	0	1	0	0	1	60
2013/09/13-08:57:21	35	1,600.614	51.148	10	0	0	2	0	0	0	1	0	0	1	60
2013/09/13-09:00:07	35	1,600.614	51.148	3	0	0	0	0	0	1	1	0	0	1	4
2013/09/13-09:12:54	35	1,600.614	51.148	20	0	0	3	0	0	0	1	0	0	1	60
2013/09/13-09:14:13	35	1,600.614	51.148	15	0	0	2	0	0	1	1	0	0	1	38
2013/09/13-09:15:09	35	1,600.614	51.148	14	0	0	2	0	0	0	1	1	0	0	60
2013/09/13-09:16:28	35	1,600.614	51.148	13	0	0	2	0	0	1	1	0	0	1	42
2013/09/13-09:17:28	35	1,600.614	51.148	2	0	0	0	0	0	1	1	0	0	1	4
2013/09/13-09:47:58	36	1,604.663	48.598	16	0	0	4	0	0	1	1	0	0	1	52
2013/09/13-09:49:17	36	1,604.663	48.598	14	0	0	3	0	0	1	1	0	0	1	29
2013/09/13-09:50:35	36	1,604.663	48.598	16	0	1	2	0	0	0	1	0	0	1	32
2013/09/13-09:51:54	36	1,604.663	48.598	14	0	0	1	0	0	1	1	0	0	1	22
2013/09/13-09:53:13	36	1,604.663	48.598	4	0	0	0	0	0	1	1	0	0	1	8
2013/09/13-10:18:10	36	1,604.663	48.598	6	0	0	0	0	0	1	1	0	0	1	11
2013/09/13-10:19:30	36	1,594.087	47.259	4	0	0	0	0	0	1	1	0	0	1	6
2013/09/13-10:20:49	36	1,594.087	47.259	12	0	0	2	0	0	1	1	0	0	1	24
2013/09/13-10:22:07	36	1,594.087	47.259	32	0	0	2	0	0	0	1	1	0	0	60
2013/09/13-10:23:26	36	1,594.087	47.259	2	0	0	0	0	0	1	1	0	0	1	3
2013/09/13-10:30:09	36	1,594.087	47.259	2	0	0	0	0	0	1	1	0	0	1	3
2013/09/13-10:30:37	36	1,594.087	47.259	6	0	0	3	0	0	1	1	0	0	1	13
2013/09/13-10:31:27	36	1,594.087	47.259	5	0	1	1	0	0	0	1	0	0	1	20
2013/09/13-10:32:06	36	1,594.087	47.259	9	0	1	3	0	0	0	1	0	0	1	32
2013/09/13-10:32:57	36	1,594.087	47.259	7	0	0	2	1	0	0	1	1	0	0	16
2013/09/13-10:52:32	36	1,594.087	47.259	2	0	0	0	0	0	1	1	0	0	1	3
2013/09/13-10:53:51	36	1,594.087	47.259	8	0	0	1	0	0	1	1	0	0	1	38
2013/09/13-10:55:09	40	1,566.538	45.442	8	0	0	1	0	0	1	1	0	0	1	24
2013/09/13-10:56:28	40	1,566.538	45.442	13	0	0	1	0	0	0	1	0	0	1	60
2013/09/13-10:57:47	40	1,566.538	45.442	12	0	1	2	0	0	0	1	0	0	1	25
2013/09/13-11:22:33	40	1,566.538	45.442	11	0	0	3	1	0	0	1	1	0	0	47
2013/09/13-11:23:38	40	1,566.538	45.442	7	0	0	1	0	0	1	1	0	0	1	14
2013/09/13-11:24:50	40	1,566.538	45.442	10	0	1	3	0	0	0	1	0	0	1	29
2013/09/13-11:26:09	40	1,566.538	45.442	2	0	0	0	0	0	1	1	0	0	1	3
2013/09/13-11:26:58	40	1,566.538	45.442	13	0	0	2	0	0	0	1	1	0	0	60
2013/09/13-11:34:08	40	1,566.538	45.442	1	0	0	0	0	0	1	1	0	0	1	5
2013/09/13-11:34:55	40	1,566.538	45.442	2	0	0	0	0	0	1	1	0	0	1	3
2013/09/13-11:35:35	40	1,566.538	45.442	2	0	0	0	0	0	1	1	0	0	1	3
2013/09/13-11:36:02	44	1,546.752	43.855	4	0	0	0	0	0	1	1	0	0	1	6
2013/09/13-11:36:27	44	1,546.752	43.855	3	0	0	0	0	0	1	1	0	0	1	4
2013/09/13-11:52:33	44	1,546.752	43.855	22	0	0	3	0	0	0	1	1	0	0	60
2013/09/13-11:53:51	44	1,546.752	43.855	2	0	0	2	0	0	0	1	1	0	0	9
2013/09/13-11:54:19	44	1,546.752	43.855	4	0	0	1	0	0	0	1	1	0	0	12
2013/09/13-11:54:50	44	1,546.752	43.855	7	0	0	0	0	0	0	1	1	0	0	13
2013/09/13-11:55:22	44	1,546.752	43.855	8	0	0	0	0	0	0	1	1	0	0	12
2013/09/13-14:18:03	44	1,544.265	43.302	9	0	0	4	0	0	1	1	0	0	1	47
2013/09/13-14:19:22	44	1,544.265	43.302	12	0	1	1	0	0	0	1	0	0	1	21
2013/09/13-14:20:16	44	1,544.265	43.302	19	0	0	2	0	0	0	1	0	0	1	60
2013/09/13-14:21:35	44	1,544.265	43.302	3	0	0	0	0	0	1	1	0	0	1	4
2013/09/13-14:22:42	44	1,544.265	43.302	15	0	1	1	0	0	0	1	0	0	1	30
2013/09/13-14:29:09	44	1,544.265	43.302	10	0	0	4	1	0	0	1	1	0	0	22
2013/09/13-14:29:50	44	1,544.265	43.302	2	0	0	0	0	0	1	1	0	0	1	4
2013/09/13-14:30:28	44	1,544.265	43.302	9	0	0	2	0	0	0	1	1	0	0	40
2013/09/13-14:31:27	44	1,544.265	43.302	9	0	0	1	0	0	0	1	1	0	0	37
2013/09/13-14:32:23	44	1,544.265	43.302	7	0	0	0	0	0	1	1	0	0	1	15
2013/09/13-14:50:30	45	1,530.807	42.535	4	0	0	0	0	0	1	1	0	0	1	7
2013/09/13-14:51:06	45	1,530.807	42.535	9	0	0	1	0	0	1	1	0	0	1	23
2013/09/13-14:51:56	45	1,530.807	42.535	7	0	0	1	0	0	1	1	0	0	1	17
2013/09/13-14:52:31	45	1,530.807	42.535	6	0	1	2	0	0	0	1	0	0	1	25
2013/09/13-14:53:30	45	1,530.807	42.535	8	0	1	2	1	0	0	1	0	0	1	30
2013/09/13-15:12:38	45	1,530.807	42.535	7	0	1	2	0	0	0	1	0	0	1	31
2013/09/13-15:13:56	45	1,530.807	42.535	6	0	0	0	0	0	1	1	0	0	1	10
2013/09/13-15:14:34	45	1,530.807	42.535	13	0	1	5	0	0	0	1	0	0	1	55
2013/09/13-15:15:53	45	1,530.807	42.535	6	0	0	0	0	0	1	1	0	0	1	19
2013/09/13-15:17:12	45	1,530.807	42.535	8	0	0	2	0	0	0	1	0	0	1	60
2013/09/13-15:35:39	45	1,528.557	41.616	11	0	0	1	1	0	0	1	1	0	0	30
2013/09/13-15:36:27	45	1,528.557	41.616	3	0	0	0	0	0	1	1	0	0	1	4
2013/09/13-15:37:00	45	1,528.557	41.616	11	0	0	2	0	0	0	1	1	0	0	60
2013/09/13-15:38:19	45	1,528.557	41.616	6	0	0	1	1	0	0	1	1	0	0	16
2013/09/13-15:38:54	45	1,528.557	41.616	3	0	0	0	0	0	1	1	0	0	1	4
2013/09/13-15:55:56	45	1,528.557	41.616	20	0	0	1	3	0	0	1	1	0	0	33
2013/09/13-15:56:49	45	1,528.557	41.616	5	0	0	0	0	0	1	1	0	0	1	9
2013/09/13-15:57:23	45	1,528.632	40.738	2	0	0	0	0	0	1	1	0	0	1	4
2013/09/13-15:58:42	45	1,528.632	40.738	2	0	0	0	0	0	1	1	0	0	1	3
2013/09/13-16:00:01	45	1,528.632	40.738	12	0	0	1	0	0	0	1	1	0	0	41
2013/09/13-16:19:08	45	1,528.632	40.738	9	0	0	1	0	0	1	1	0	0	1	22
2013/09/13-16:20:19	45	1,528.632	40.738	6	0	0	1	0	0	0	1	0	0	1	60
2013/09/13-16:21:38	45	1,528.632	40.738	7	0	1	2	0	0	0	1	0	0	1	21
2013/09/13-16:22:34	45	1,528.632	40.738	11	0	1	1	0	0	0	1	0	0	1	38
2013/09/13-16:23:39	45	1,528.632	40.738	7	0	1	2	0	0	0	1	0	0	1	17
2013/09/13-16:36:22	45	1,528.632	40.738	15	0	0	4	1	0	1	1	0	0	1	45
2013/09/13-16:37:26	45	1,528.632	40.738	13	0	0	5	0	0	0	1	1	0	0	60
2013/09/13-16:38:45	45	1,528.632	40.738	11	0	1	2	0	0	0	1	0	0	1	33
2013/09/13-16:40:04	44	1,536.13	39.632	11	0	0	2	0	0	1	1	0	0	1	27
2013/09/13-16:40:50	44	1,536.13	39.632	5	0	0	3	0	0	1	1	0	0	1	13
2013/09/13-16:58:29	44	1,536.13	39.632	6	0	0	2	0	0	0	1	1	0	0	27
2013/09/13-16:59:15	44	1,536.13	39.632	2	0	0	0	0	0	1	1	0	0	1	3
2013/09/13-16:59:41	44	1,536.13	39.632	7	0	0	1	1	0	0	1	1	0	0	18
2013/09/13-17:00:17	44	1,536.13	39.632	6	0	0	2	1	0	0	1	1	0	0	60
2013/09/13-17:01:36	44	1,536.13	39.632	2	0	0	0	0	0	1	1	0	0	1	4
2013/09/13-18:04:03	45	1,527.51	39.183	2	0	0	0	0	0	1	1	0	0	1	6
2013/09/13-18:05:22	45	1,527.51	39.183	6	0	0	0	0	0	1	1	0	0	1	11
2013/09/13-18:06:40	45	1,527.51	39.183	21	0	0	2	1	0	0	1	1	0	0	60
2013/09/13-18:07:59	45	1,527.51	39.183	9	0	1	0	0	0	0	1	0	0	1	15
2013/09/13-18:09:18	45	1,527.51	39.183	10	0	1	1	0	0	0	1	0	0	1	21
2013/09/13-18:15:58	45	1,527.51	39.183	2	0	0	0	0	0	0	1	1	0	0	4
2013/09/13-18:16:21	45	1,527.51	39.183	2	0	0	0	0	0	1	1	0	0	1	3
2013/09/13-18:16:48	45	1,527.51	39.183	4	0	0	2	0	0	0	1	1	0	0	12
2013/09/13-18:17:18	45	1,527.51	39.183	3	0	0	0	0	0	0	1	1	0	0	6
2013/09/13-18:17:43	45	1,527.51	39.183	6	0	0	0	0	0	0	1	1	0	0	14
2013/09/13-18:34:07	45	1,525.041	38.753	6	0	0	0	0	0	1	1	0	0	1	11
2013/09/13-18:34:36	45	1,525.041	38.753	22	0	0	4	0	0	0	1	0	0	1	60
2013/09/13-18:35:55	45	1,525.041	38.753	3	0	0	0	0	0	1	1	0	0	1	4
2013/09/13-18:36:57	45	1,525.041	38.753	16	0	0	2	0	0	0	1	0	0	1	60
2013/09/13-18:38:16	45	1,525.041	38.753	6	0	0	2	0	0	1	1	0	0	1	18
2013/09/13-19:04:16	45	1,525.041	38.753	9	0	1	1	0	0	0	1	0	0	1	35
2013/09/13-19:05:35	45	1,525.041	38.753	8	0	0	0	0	0	1	1	0	0	1	13
2013/09/13-19:06:54	45	1,525.041	38.753	6	0	0	0	0	0	1	1	0	0	1	10
2013/09/13-19:08:13	46	1,518.027	37.757	8	0	0	1	0	0	0	1	1	0	0	60
2013/09/13-19:09:31	46	1,518.027	37.757	15	0	0	2	1	0	1	1	0	0	1	45
2013/09/13-19:32:24	46	1,518.027	37.757	10	0	1	2	0	0	0	1	0	0	1	37
2013/09/13-19:33:19	46	1,518.027	37.757	5	0	1	1	0	0	0	1	0	0	1	20
2013/09/13-19:34:38	46	1,518.027	37.757	2	0	0	0	0	0	1	1	0	0	1	4
2013/09/13-19:35:57	46	1,518.027	37.757	5	0	1	1	0	0	0	1	0	0	1	13
2013/09/13-19:36:32	46	1,518.027	37.757	10	0	0	2	1	0	0	1	1	0	0	36
2013/09/13-19:53:40	47	1,519.528	36.859	4	0	0	0	0	0	1	1	0	0	1	6
2013/09/13-19:54:46	47	1,519.528	36.859	14	0	0	2	0	0	0	1	1	0	0	42
2013/09/13-19:55:47	47	1,519.528	36.859	9	0	0	5	1	0	0	1	1	0	0	50
2013/09/13-19:56:56	47	1,519.528	36.859	7	0	1	2	0	0	0	1	0	0	1	37
2013/09/13-19:57:52	47	1,519.528	36.859	10	0	0	1	0	0	0	1	0	0	1	60
2013/09/20-10:59:25	47	1,531.82	137.631	0	0	1	0	0	0	0	1	0	0	1	7
2013/09/20-10:59:52	47	1,531.82	137.631	0	0	1	0	0	0	0	1	0	0	1	6
2013/09/20-11:00:16	47	1,531.82	137.631	2	0	1	0	0	0	0	1	0	0	1	12
2013/09/20-11:01:24	47	1,531.82	137.631	10	0	1	2	0	0	0	1	0	0	1	26
2013/09/20-11:02:27	47	1,531.82	137.631	4	0	1	3	0	0	0	1	0	0	1	28
2013/09/20-11:17:06	47	1,531.82	137.631	0	0	0	0	0	0	0	1	1	0	0	60
2013/09/20-11:18:25	44	1,571.85	122.049	8	0	0	2	1	0	0	1	1	0	0	22
2013/09/20-11:19:06	44	1,571.85	122.049	4	0	0	0	2	0	0	1	1	0	0	15
2013/09/20-11:19:40	44	1,571.85	122.049	3	0	0	1	0	0	0	1	1	0	0	60
2013/09/20-11:20:59	44	1,571.85	122.049	5	0	0	0	1	0	0	1	1	0	0	60
2013/09/20-11:37:12	44	1,571.85	122.049	2	0	0	0	1	0	1	1	0	0	1	7
2013/09/20-11:37:38	44	1,571.85	122.049	12	0	0	4	1	0	0	1	1	0	0	60
2013/09/20-11:38:57	44	1,571.85	122.049	4	0	0	0	2	0	0	1	1	0	0	17
2013/09/20-11:39:33	44	1,571.85	122.049	5	0	0	4	0	0	1	1	0	0	1	38
2013/09/20-11:40:30	44	1,571.85	122.049	0	0	1	0	0	0	0	1	0	0	1	3
2013/09/20-17:02:02	35	1,631.782	106.815	7	0	0	0	0	0	1	1	0	0	1	39
2013/09/20-17:03:22	35	1,631.782	106.815	3	0	1	0	0	0	0	1	0	0	1	18
2013/09/20-17:04:06	35	1,631.782	106.815	2	0	0	1	1	0	1	1	0	0	1	11
2013/09/20-17:04:36	35	1,631.782	106.815	5	0	0	16	0	0	0	1	1	0	0	60
2013/09/20-17:05:55	35	1,631.782	106.815	6	0	0	0	0	0	1	1	0	0	1	21
2013/09/20-17:19:06	36	1,634.036	98.216	8	0	0	0	1	0	0	1	1	0	0	60
2013/09/20-17:20:25	36	1,634.036	98.216	3	0	0	7	0	0	0	1	1	0	0	34
2013/09/20-17:21:18	36	1,634.036	98.216	8	0	0	1	1	0	1	1	0	0	1	14
2013/09/20-17:21:50	36	1,634.036	98.216	8	0	0	1	3	0	1	1	1	0	0	25
2013/09/20-17:22:34	36	1,634.036	98.216	2	0	0	0	2	0	0	1	1	0	0	6
2013/09/20-17:40:08	33	1,664.882	91.012	14	0	0	0	1	0	0	1	1	0	0	60
2013/09/20-17:41:27	33	1,664.882	91.012	4	0	0	5	1	0	0	1	1	0	0	59
2013/09/20-17:42:45	33	1,664.882	91.012	2	0	0	0	0	0	0	1	0	1	0	60
2013/09/20-17:44:04	33	1,664.882	91.012	6	0	0	2	0	0	1	1	0	0	1	11
2013/09/20-17:45:23	33	1,664.882	91.012	0	0	1	0	0	0	0	1	0	0	1	3
2013/12/27-11:49:48	38	1,638.786	99.709	1	0	0	0	0	0	0	1	1	0	0	7
2013/12/27-11:50:14	38	1,638.786	99.709	7	0	0	2	0	0	0	1	1	0	0	49
2013/12/27-11:51:21	38	1,638.786	99.709	5	0	0	0	0	0	1	1	0	0	1	13
2013/12/27-11:52:40	38	1,638.786	99.709	2	0	0	0	0	0	0	1	1	0	0	9
2013/12/27-11:53:07	38	1,638.786	99.709	6	0	0	0	0	0	1	1	0	0	1	51
2013/12/27-12:15:44	33	1,672.898	89.351	0	0	1	0	0	0	0	1	0	0	1	24
2013/12/27-12:16:28	33	1,672.898	89.351	1	0	0	0	1	0	0	1	1	0	0	4
2013/12/27-12:16:50	33	1,672.898	89.351	0	0	0	2	0	0	0	1	1	0	0	60
2013/12/27-12:18:09	33	1,672.898	89.351	3	0	0	0	1	0	1	1	0	0	1	10
2013/12/27-12:18:41	33	1,672.898	89.351	6	0	0	2	0	0	0	1	0	0	1	60
2013/12/27-12:38:23	31	1,688.964	81.162	0	0	1	0	0	0	0	1	0	0	1	6
2013/12/27-12:38:47	31	1,688.964	81.162	8	0	0	0	1	0	0	1	1	0	0	60
2013/12/27-12:40:06	31	1,688.964	81.162	1	0	1	0	0	0	0	1	0	0	1	6
2013/12/27-12:40:42	31	1,688.964	81.162	6	0	1	0	0	0	0	1	0	0	1	9
2013/12/27-12:42:01	31	1,688.964	81.162	0	0	1	0	0	0	0	1	0	0	1	3
2013/12/27-19:41:47	34	1,675.936	78.184	3	0	0	0	0	0	1	1	0	0	1	4
2013/12/27-19:42:30	34	1,675.936	78.184	2	0	1	0	0	0	0	1	0	0	1	12
2013/12/27-19:43:16	34	1,675.936	78.184	2	0	1	2	1	0	0	1	0	0	1	19
2013/12/27-19:43:54	34	1,675.936	78.184	0	0	1	0	0	0	0	1	0	0	1	3
2013/12/27-19:44:28	34	1,675.936	78.184	0	0	1	0	0	0	0	1	0	0	1	3
2013/12/27-19:57:19	34	1,675.936	78.184	0	0	1	0	0	0	0	1	0	0	1	14
2013/12/27-19:57:51	41	1,636.606	71.886	3	0	1	0	0	0	0	1	0	0	1	12
2013/12/27-19:58:22	41	1,636.606	71.886	11	0	0	3	0	0	0	1	1	0	0	36
2013/12/27-19:59:17	41	1,636.606	71.886	0	0	1	0	0	0	0	1	0	0	1	8
2013/12/27-20:00:11	41	1,636.606	71.886	5	0	0	0	0	0	1	1	0	0	1	13
2013/12/27-20:15:33	41	1,636.606	71.886	6	0	0	0	0	0	1	1	0	0	1	16
2013/12/27-20:16:23	41	1,636.606	71.886	3	0	1	0	0	0	0	1	0	0	1	13
2013/12/27-20:17:07	41	1,636.606	71.886	0	0	1	0	0	0	0	1	0	0	1	12
2013/12/27-20:18:27	41	1,636.606	71.886	0	0	1	0	0	0	0	1	0	0	1	6
2013/12/27-20:19:45	41	1,636.606	71.886	2	0	0	0	0	0	1	1	0	0	1	3
2013/12/28-05:20:26	48	1,586.157	78.086	0	0	1	0	0	0	0	1	0	0	1	13
2013/12/28-05:20:58	48	1,586.157	78.086	2	0	1	0	0	0	0	1	0	0	1	9
2013/12/28-05:21:33	48	1,586.157	78.086	7	0	1	0	0	0	0	1	0	0	1	29
2013/12/28-05:22:21	48	1,586.157	78.086	2	0	1	1	0	0	0	1	0	0	1	20
2013/12/28-05:23:40	48	1,586.157	78.086	1	0	0	0	1	0	0	1	1	0	0	3
2013/12/28-05:31:07	48	1,586.157	78.086	4	0	1	0	1	0	0	1	0	0	1	18
2013/12/28-05:32:07	48	1,586.157	78.086	3	0	1	0	0	0	0	1	0	0	1	16
2013/12/28-05:32:42	48	1,586.157	78.086	1	0	1	0	0	0	0	1	0	0	1	5
2013/12/28-05:33:18	48	1,586.157	78.086	0	0	1	0	0	0	0	1	0	0	1	8
2013/12/28-05:33:57	48	1,586.157	78.086	1	0	1	0	0	0	0	1	0	0	1	3
2013/12/28-05:45:43	47	1,594.422	69.461	0	0	1	0	0	0	0	1	0	0	1	9
2013/12/28-05:46:11	47	1,594.422	69.461	9	0	1	1	1	0	0	1	0	0	1	22
2013/12/28-05:46:53	47	1,594.422	69.461	6	0	0	0	0	0	0	1	1	0	0	19
2013/12/28-05:47:31	47	1,594.422	69.461	0	0	1	0	0	0	0	1	0	0	1	3
2013/12/28-05:48:02	47	1,594.422	69.461	1	0	1	0	0	0	0	1	0	0	1	21
2013/12/28-09:27:07	41	1,607.682	69.292	4	0	1	0	0	0	0	1	0	0	1	11
2013/12/28-09:27:51	41	1,607.682	69.292	5	0	0	0	0	0	1	1	0	0	1	6
2013/12/28-09:29:10	41	1,607.682	69.292	1	0	0	0	1	0	0	1	1	0	0	6
2013/12/28-09:29:35	41	1,607.682	69.292	8	0	0	11	1	0	0	1	1	0	0	60
2013/12/28-09:30:53	41	1,607.682	69.292	1	0	1	0	0	0	0	1	0	0	1	11
2013/12/28-10:16:15	42	1,606.32	64.798	3	0	0	0	1	0	1	1	0	0	1	11
2013/12/28-10:17:07	42	1,606.32	64.798	0	0	1	0	0	0	0	1	0	0	1	3
2013/12/28-10:17:42	42	1,606.32	64.798	0	0	1	0	0	0	0	1	0	0	1	3
2013/12/28-10:18:04	42	1,606.32	64.798	4	0	0	0	1	0	1	1	0	0	1	12
2013/12/28-10:18:35	42	1,606.32	64.798	8	0	1	1	1	0	0	1	0	0	1	32
2013/12/28-10:28:21	42	1,606.32	64.798	3	0	0	0	2	0	0	1	1	0	0	13
2013/12/28-10:28:52	42	1,606.32	64.798	8	0	0	3	0	0	0	1	1	0	0	60
2013/12/28-10:30:48	42	1,606.32	64.798	0	0	1	0	0	0	0	1	0	0	1	9
2013/12/28-10:31:20	42	1,606.32	64.798	1	0	1	0	1	0	0	1	0	0	1	4
2013/12/28-10:31:43	42	1,606.32	64.798	1	0	1	0	1	0	0	1	0	0	1	15
2013/12/28-16:11:22	40	1,619.497	65.925	1	0	1	0	0	0	0	1	0	0	1	12
2013/12/28-16:12:05	40	1,619.497	65.925	0	0	1	0	0	0	0	1	0	0	1	3
2013/12/28-16:12:54	40	1,619.497	65.925	5	0	1	1	0	0	0	1	0	0	1	18
2013/12/28-16:13:42	40	1,619.497	65.925	2	0	0	0	1	0	1	1	0	0	1	6
2013/12/28-16:14:07	40	1,619.497	65.925	8	0	1	2	1	0	0	1	0	0	1	45
2013/12/28-16:21:38	40	1,619.497	65.925	8	0	0	4	0	0	0	1	1	0	0	52
2013/12/28-16:22:49	40	1,619.497	65.925	3	0	1	0	0	0	0	1	0	0	1	13
2013/12/28-16:23:22	40	1,619.497	65.925	0	0	1	0	0	0	0	1	0	0	1	7
2013/12/28-16:24:34	40	1,619.497	65.925	1	0	1	0	0	0	0	1	0	0	1	5
2013/12/28-16:25:53	40	1,619.497	65.925	3	0	1	0	0	0	0	1	0	0	1	15
2013/12/28-16:39:34	44	1,595.509	59.519	0	0	1	0	0	0	0	1	0	0	1	3
2013/12/28-16:40:39	44	1,595.509	59.519	7	0	1	1	0	0	0	1	1	0	0	39
2013/12/28-16:41:37	44	1,595.509	59.519	1	0	0	0	0	0	1	1	0	0	1	5
2013/12/28-16:42:03	44	1,595.509	59.519	9	0	0	5	0	0	0	1	1	0	0	60
2013/12/28-16:43:22	44	1,595.509	59.519	3	0	0	0	0	0	0	1	1	0	0	8
2013/12/28-21:54:42	45	1,604.73	64.009	1	0	1	0	1	0	0	1	0	0	1	4
2013/12/28-21:55:12	45	1,604.73	64.009	4	0	0	0	0	0	1	1	0	0	1	10
2013/12/28-21:55:55	45	1,604.73	64.009	1	0	1	0	0	0	0	1	0	0	1	7
2013/12/28-21:56:43	45	1,604.73	64.009	0	0	1	0	0	0	0	1	0	0	1	16
2013/12/29-00:09:46	46	1,597.156	62.774	0	0	1	0	0	0	0	1	0	0	1	25
2013/12/29-00:10:30	46	1,597.156	62.774	14	0	0	0	1	0	0	1	1	0	0	55
2013/12/29-00:11:43	46	1,597.156	62.774	6	0	0	1	0	0	1	1	0	0	1	13
2013/12/29-00:12:28	46	1,597.156	62.774	1	0	1	0	0	0	0	1	0	0	1	4
2013/12/29-00:13:23	46	1,597.156	62.774	2	0	1	1	0	0	0	1	0	0	1	18
2013/12/29-00:40:36	46	1,598.148	59.267	4	0	1	0	0	0	0	1	0	0	1	13
2013/12/29-00:41:08	46	1,598.148	59.267	0	0	1	0	0	0	0	1	0	0	1	3
2013/12/29-00:42:01	46	1,598.148	59.267	6	0	0	4	0	0	1	1	0	0	1	21
2013/12/29-00:42:48	46	1,598.148	59.267	1	0	1	0	0	0	0	1	0	0	1	19
2013/12/29-00:43:27	46	1,598.148	59.267	2	0	1	0	0	0	0	1	0	0	1	13
2013/12/29-00:54:18	46	1,589.61	56.311	6	0	1	0	0	0	0	1	0	0	1	14
2013/12/29-00:54:51	46	1,589.61	56.311	9	0	0	3	1	0	1	1	0	0	1	24
2013/12/29-00:55:34	46	1,589.61	56.311	6	0	0	1	0	0	1	1	0	0	1	29
2013/12/29-00:56:21	46	1,589.61	56.311	1	0	0	0	0	0	0	1	1	0	0	3
2013/12/29-00:56:43	46	1,589.61	56.311	0	0	1	0	0	0	0	1	0	0	1	9
2013/12/29-06:01:15	44	1,601.995	61.487	10	0	0	3	0	0	1	1	0	0	1	31
2013/12/29-06:02:05	44	1,601.995	61.487	0	0	1	0	0	0	0	1	0	0	1	3
2013/12/29-06:02:30	44	1,601.995	61.487	0	0	1	0	0	0	0	1	0	0	1	23
2013/12/29-06:03:29	44	1,601.995	61.487	9	0	0	0	0	0	1	1	0	0	1	29
2013/12/29-06:04:17	44	1,601.995	61.487	4	0	1	0	0	0	0	1	0	0	1	12
2013/12/29-06:05:00	44	1,601.995	61.487	10	0	0	0	1	0	1	1	0	0	1	24
2013/12/29-06:05:44	44	1,601.995	61.487	6	0	0	4	0	0	0	1	1	0	0	60
2013/12/29-06:07:03	44	1,601.995	61.487	2	0	0	8	0	0	0	1	1	0	0	43
2013/12/29-06:08:05	44	1,601.995	61.487	1	0	1	0	0	0	0	1	0	0	1	6
2013/12/29-06:08:48	44	1,601.995	61.487	2	0	1	0	0	0	0	1	0	0	1	8
2013/12/29-06:26:25	44	1,601.995	61.487	1	0	1	0	0	0	0	1	0	0	1	7
2013/12/29-06:27:13	44	1,601.995	61.487	2	0	0	0	0	0	1	1	0	0	1	3
2013/12/29-06:28:09	44	1,601.995	61.487	1	0	0	0	1	0	0	1	1	0	0	3
2013/12/29-06:28:32	44	1,601.995	61.487	3	0	0	0	1	0	0	1	1	0	0	11
2013/12/29-06:29:02	44	1,601.995	61.487	4	0	0	11	0	0	0	1	0	0	1	60
2013/12/29-13:55:48	44	1,595.475	66.397	16	0	0	3	0	0	0	1	1	0	0	60
2013/12/29-13:57:07	44	1,595.475	66.397	2	0	0	0	0	0	1	1	0	0	1	3
2013/12/29-13:58:01	44	1,595.475	66.397	3	0	0	0	0	0	1	1	0	0	1	4
2013/12/29-13:58:40	44	1,595.475	66.397	10	0	0	1	1	0	0	1	1	0	0	60
2013/12/29-13:59:59	44	1,595.475	66.397	6	0	1	3	0	0	0	1	0	0	1	38
2013/12/29-14:26:12	44	1,595.475	66.397	2	0	0	0	0	0	1	1	0	0	1	4
2013/12/29-14:26:46	44	1,595.475	66.397	7	0	1	1	0	0	0	1	0	0	1	17
2013/12/29-14:27:58	44	1,595.475	66.397	8	0	1	1	0	0	0	1	0	0	1	49
2013/12/29-14:29:17	44	1,595.475	66.397	9	0	1	1	0	0	0	1	0	0	1	28
2013/12/29-14:30:17	44	1,595.475	66.397	4	0	0	0	0	0	1	1	0	0	1	9
2013/12/29-14:38:17	54	1,555.541	60.379	3	0	0	0	0	0	1	1	0	0	1	4
2013/12/29-14:39:36	54	1,555.541	60.379	11	0	0	5	1	0	0	1	1	0	0	60
2013/12/29-14:40:55	54	1,555.541	60.379	5	0	0	1	0	0	1	1	0	0	1	9
2013/12/29-14:41:29	54	1,555.541	60.379	11	0	0	3	0	0	1	1	0	0	1	31
2013/12/29-14:42:19	54	1,555.541	60.379	13	0	0	1	1	0	0	1	1	0	0	42
2013/12/29-22:09:52	53	1,560.967	62.032	12	0	0	1	1	0	0	1	1	0	0	32
2013/12/29-22:10:44	53	1,560.967	62.032	4	0	0	2	0	0	0	1	1	0	0	13
2013/12/29-22:11:16	53	1,560.967	62.032	2	0	0	0	0	0	1	1	0	0	1	3
2013/12/29-22:11:43	53	1,560.967	62.032	9	0	1	4	0	0	0	1	0	0	1	36
2013/12/29-22:12:54	53	1,560.967	62.032	2	0	0	0	0	0	1	1	0	0	1	4
2013/12/29-22:20:11	53	1,560.967	62.032	3	0	0	0	0	0	1	1	0	0	1	4
2013/12/29-22:21:30	53	1,560.967	62.032	3	0	0	0	0	0	1	1	0	0	1	4
2013/12/29-22:22:49	53	1,560.967	62.032	11	0	0	3	0	0	0	1	1	0	0	37
2013/12/29-22:23:45	53	1,560.967	62.032	12	0	0	2	0	0	1	1	0	0	1	24
2013/12/29-22:25:04	57	1,530.503	57.374	9	0	0	2	1	0	1	1	0	0	1	28
2013/12/29-22:40:36	57	1,530.503	57.374	17	0	0	3	1	0	0	1	1	0	0	55
2013/12/29-22:41:50	57	1,530.503	57.374	7	0	0	1	1	0	0	1	1	0	0	60
2013/12/29-22:43:09	57	1,530.503	57.374	15	0	0	2	0	0	1	1	0	0	1	28
2013/12/29-22:44:28	57	1,530.503	57.374	18	0	0	2	0	0	0	1	1	0	0	60
2013/12/29-22:45:46	57	1,530.503	57.374	2	0	0	0	0	0	1	1	0	0	1	3
2013/12/30-02:52:37	55	1,534.173	58.631	3	0	0	0	0	0	1	1	0	0	1	6
2013/12/30-02:53:04	55	1,534.173	58.631	4	0	0	0	0	0	1	1	0	0	1	7
2013/12/30-02:53:56	55	1,534.173	58.631	7	0	0	2	0	0	0	1	1	0	0	35
2013/12/30-02:54:49	55	1,534.173	58.631	9	0	0	2	0	0	1	1	0	0	1	19
2013/12/30-02:55:38	55	1,534.173	58.631	13	0	0	3	0	0	0	1	1	0	0	41
2013/12/30-03:07:12	59	1,528.952	55.758	9	0	0	2	2	0	1	1	0	0	1	25
2013/12/30-03:07:56	59	1,528.952	55.758	3	0	0	0	0	0	1	1	0	0	1	4
2013/12/30-03:08:47	59	1,528.952	55.758	17	0	0	2	1	0	1	1	0	0	1	46
2013/12/30-03:10:02	59	1,528.952	55.758	4	0	0	0	0	0	1	1	0	0	1	6
2013/12/30-03:10:45	59	1,528.952	55.758	6	0	0	2	0	0	1	1	0	0	1	15
2013/12/30-03:26:40	59	1,528.952	55.758	15	0	0	2	2	0	0	1	1	0	0	53
2013/12/30-03:27:52	59	1,528.952	55.758	11	0	0	3	2	0	0	1	1	0	0	40
2013/12/30-03:28:51	59	1,528.952	55.758	10	0	0	2	0	0	0	1	1	0	0	60
2013/12/30-03:30:11	59	1,528.952	55.758	16	0	0	3	1	0	0	1	1	0	0	60
2013/12/30-03:31:30	59	1,528.952	55.758	2	0	0	0	0	0	1	1	0	0	1	3
2013/12/30-05:20:24	57	1,539.857	53.515	9	0	0	1	0	0	0	1	1	0	0	27
2013/12/30-05:21:10	57	1,539.857	53.515	6	0	0	1	0	0	1	1	0	0	1	10
2013/12/30-05:21:39	57	1,539.857	53.515	8	0	1	1	0	0	0	1	0	0	1	31
2013/12/30-05:22:29	57	1,540.365	52.79	8	0	0	0	0	0	1	1	0	0	1	15
2013/12/30-05:23:03	57	1,540.365	52.79	2	0	0	0	0	0	1	1	0	0	1	3
2013/12/30-05:29:20	57	1,540.365	52.79	6	0	0	2	0	0	0	1	1	0	0	60
2013/12/30-05:30:39	57	1,540.365	52.79	18	0	0	3	1	0	1	1	0	0	1	42
2013/12/30-05:31:54	57	1,540.365	52.79	10	0	0	2	0	0	0	1	0	0	1	60
2013/12/30-05:33:13	57	1,540.365	52.79	18	0	0	2	0	0	0	1	1	0	0	60
2013/12/30-05:34:32	57	1,540.365	52.79	16	0	0	3	2	0	0	1	1	0	0	60
2013/12/30-05:52:39	57	1,540.365	52.79	5	0	0	2	0	0	1	1	0	0	1	14
2013/12/30-05:53:46	57	1,540.365	52.79	16	0	0	1	0	0	0	1	0	0	1	60
2013/12/30-05:55:05	57	1,540.365	52.79	6	0	1	1	0	0	0	1	0	0	1	18
2013/12/30-05:56:25	57	1,540.365	52.79	2	0	0	0	0	0	1	1	0	0	1	3
2013/12/30-05:57:44	57	1,540.365	52.79	4	0	0	0	0	0	1	1	0	0	1	7
