2013/09/02-21:46:50	37	1,500	352.012	0	0	1	0	0	0	0	1	0	0	1	4
2013/09/02-21:47:28	37	1,500	352.012	0	0	1	0	0	0	0	1	0	0	1	3
2013/09/02-21:48:08	37	1,500	352.012	0	0	1	0	0	0	0	1	0	0	1	6
2013/09/02-21:49:31	37	1,500	352.012	0	0	1	0	0	0	0	1	0	0	1	6
2013/09/02-21:50:17	37	1,500	352.012	0	0	1	0	0	0	0	1	0	0	1	3
2013/09/02-22:28:52	37	1,500	352.012	0	0	1	0	0	0	0	1	0	0	1	3
2013/09/02-22:29:18	37	1,500	352.012	0	0	1	0	0	0	0	1	0	0	1	6
2013/09/02-22:29:43	37	1,500	352.012	0	0	1	0	0	0	0	1	0	0	1	6
2013/09/02-22:30:08	37	1,500	352.012	0	0	1	0	0	0	0	1	0	0	1	6
2013/09/02-22:30:33	37	1,500	352.012	0	0	1	0	0	0	0	1	0	0	1	6
2013/09/02-22:44:42	85	509.323	265.281	0	0	1	0	0	0	0	1	0	0	1	6
2013/09/02-22:45:07	85	509.323	265.281	0	0	0	0	0	0	0	1	1	0	0	6
2013/09/02-22:45:32	85	509.323	265.281	0	0	1	0	0	0	0	1	0	0	1	6
2013/09/02-22:45:57	85	509.323	265.281	0	0	1	0	0	0	0	1	0	0	1	6
2013/09/02-22:46:22	85	509.323	265.281	0	0	1	0	0	0	0	1	0	0	1	6
2013/09/03-00:48:21	84	554.561	214.987	0	0	1	0	0	0	0	1	0	0	1	6
2013/09/03-00:48:46	84	554.561	214.987	0	0	1	0	0	0	0	1	0	0	1	4
2013/09/03-00:49:11	84	554.561	214.987	0	0	1	0	0	0	0	1	0	0	1	6
2013/09/03-00:49:35	84	554.561	214.987	0	0	1	0	0	0	0	1	0	0	1	3
2013/09/03-00:50:00	84	554.561	214.987	0	0	0	0	0	0	0	1	1	0	0	3
2013/09/03-00:54:47	84	554.561	214.987	0	0	1	0	0	0	0	1	0	0	1	6
2013/09/03-00:55:14	84	554.561	214.987	0	0	1	0	0	0	0	1	0	0	1	3
2013/09/03-00:55:56	84	554.561	214.987	0	0	1	0	0	0	0	1	0	0	1	6
2013/09/03-00:56:47	84	554.561	214.987	0	0	1	0	0	0	0	1	0	0	1	3
2013/09/03-00:57:36	84	554.561	214.987	0	0	1	0	0	0	0	1	0	0	1	6
2013/09/03-01:06:33	71	1,136.684	198.823	0	0	1	0	0	0	0	1	0	0	1	6
2013/09/03-01:07:51	71	1,136.684	198.823	0	0	1	0	0	0	0	1	0	0	1	6
2013/09/03-01:08:19	71	1,136.684	198.823	0	0	1	0	0	0	0	1	0	0	1	3
2013/09/03-01:08:42	71	1,136.684	198.823	0	0	1	0	0	0	0	1	0	0	1	6
2013/09/03-01:09:07	71	1,136.684	198.823	0	0	1	0	0	0	0	1	0	0	1	6
2013/09/03-16:01:42	68	1,188.284	167.511	0	0	0	0	0	0	0	1	1	0	0	6
2013/09/03-16:02:08	68	1,188.284	167.511	0	0	1	0	0	0	0	1	0	0	1	6
2013/09/03-16:02:33	68	1,188.284	167.511	0	0	0	0	0	0	0	1	1	0	0	6
2013/09/03-16:02:58	68	1,188.284	167.511	0	0	1	0	0	0	0	1	0	0	1	6
2013/09/03-16:03:22	68	1,188.284	167.511	0	0	1	0	0	0	0	1	0	0	1	6
2013/09/03-16:10:34	70	1,081.35	142.732	0	0	1	0	0	0	0	1	0	0	1	6
2013/09/03-16:10:59	70	1,081.35	142.732	0	0	1	0	0	0	0	1	0	0	1	3
2013/09/03-16:11:21	70	1,081.35	142.732	0	0	1	0	0	0	0	1	0	0	1	6
2013/09/03-16:11:49	70	1,081.35	142.732	0	0	1	0	0	0	0	1	0	0	1	6
2013/09/03-16:12:14	70	1,081.35	142.732	0	0	1	0	0	0	0	1	0	0	1	6
2013/09/03-16:18:04	70	1,081.35	142.732	0	0	1	0	0	0	0	1	1	0	0	6
2013/09/03-16:18:29	70	1,081.35	142.732	0	0	1	0	0	0	0	1	0	0	1	6
2013/09/03-16:18:54	70	1,081.35	142.732	0	0	1	0	0	0	0	1	0	0	1	6
2013/09/03-16:19:19	70	1,081.35	142.732	0	0	1	0	0	0	0	1	0	0	1	3
2013/09/03-16:19:44	70	1,081.35	142.732	0	0	1	0	0	0	0	1	0	0	1	6
2013/09/03-20:46:15	77	970.236	119.487	0	0	1	0	0	0	0	1	0	0	1	5
2013/09/03-20:46:48	77	970.236	119.487	0	0	1	0	0	0	0	1	0	0	1	6
2013/09/03-20:47:13	77	970.236	119.487	0	0	0	0	0	0	0	1	1	0	0	6
2013/09/03-20:47:38	77	970.236	119.487	0	0	1	0	0	0	0	1	1	0	0	6
2013/09/03-20:48:02	77	970.236	119.487	0	0	1	0	0	0	0	1	0	0	1	6
2013/09/03-20:58:02	73	1,038.627	105.28	0	0	1	0	0	0	0	1	0	0	1	6
2013/09/03-20:58:39	73	1,038.627	105.28	0	0	1	0	0	0	0	1	0	0	1	11
2013/09/03-20:59:09	73	1,038.627	105.28	0	0	1	0	0	0	0	1	1	0	0	6
2013/09/03-20:59:34	73	1,038.627	105.28	0	0	1	0	0	0	0	1	0	0	1	6
2013/09/03-21:00:09	73	1,038.627	105.28	0	0	1	0	0	0	0	1	0	0	1	6
2013/09/03-21:08:55	71	1,054.152	95.446	0	0	1	0	0	0	0	1	0	0	1	6
2013/09/03-21:09:20	71	1,054.152	95.446	0	0	1	0	0	0	0	1	0	0	1	6
2013/09/03-21:09:44	71	1,054.152	95.446	0	0	1	0	0	0	0	1	0	0	1	6
2013/09/03-21:10:10	71	1,054.152	95.446	0	0	1	0	0	0	0	1	0	0	1	6
2013/09/03-21:10:35	71	1,054.152	95.446	0	0	1	0	0	0	0	1	0	0	1	6
2013/09/04-16:18:00	75	1,001.523	90.491	0	0	1	0	0	0	0	1	0	0	1	6
2013/09/04-16:18:25	75	1,001.523	90.491	0	0	1	0	0	0	0	1	0	0	1	6
2013/09/04-16:18:50	75	1,001.523	90.491	0	0	1	0	0	0	0	1	0	0	1	6
2013/09/04-16:19:15	75	1,001.523	90.491	0	0	1	0	0	0	0	1	0	0	1	6
2013/09/04-16:19:40	75	1,001.523	90.491	0	0	1	0	0	0	0	1	0	0	1	6
2013/09/04-16:30:07	71	1,016.358	82.436	0	0	1	0	0	0	0	1	0	0	1	6
2013/09/04-16:30:33	71	1,016.358	82.436	0	0	1	0	0	0	0	1	0	0	1	5
2013/09/04-16:30:56	71	1,016.358	82.436	0	0	1	0	0	0	0	1	0	0	1	3
2013/09/04-16:31:18	71	1,016.358	82.436	0	0	1	0	0	0	0	1	0	0	1	6
2013/09/04-16:31:45	71	1,016.358	82.436	0	0	1	0	0	0	0	1	0	0	1	6
2013/09/04-16:37:52	71	1,016.358	82.436	0	0	1	0	0	0	0	1	0	0	1	6
2013/09/04-16:38:17	71	1,016.358	82.436	0	0	1	0	0	0	0	1	0	0	1	6
2013/09/04-16:38:42	71	1,016.358	82.436	0	0	1	0	0	0	0	1	0	0	1	6
2013/09/04-16:39:07	71	1,016.358	82.436	0	0	1	0	0	0	0	1	0	0	1	6
2013/09/04-16:39:32	71	1,016.358	82.436	0	0	1	0	0	0	0	1	0	0	1	6
2013/09/04-22:57:48	77	968.844	78.285	0	0	1	0	0	0	0	1	0	0	1	6
2013/09/04-22:58:14	77	968.844	78.285	0	0	1	0	0	0	0	1	0	0	1	6
2013/09/04-22:58:39	77	968.844	78.285	0	0	1	0	0	0	0	1	0	0	1	6
2013/09/04-22:59:52	77	968.844	78.285	0	0	1	0	0	0	0	1	0	0	1	6
2013/09/04-23:00:45	77	968.844	78.285	0	0	1	0	0	0	0	1	0	0	1	6
2013/09/04-23:03:28	77	968.844	78.285	0	0	0	0	0	0	0	1	1	0	0	6
2013/09/04-23:03:53	77	968.844	78.285	0	0	1	0	0	0	0	1	0	0	1	6
2013/09/04-23:04:18	77	968.844	78.285	0	0	1	0	0	0	0	1	0	0	1	6
2013/09/04-23:04:42	77	968.844	78.285	0	0	1	0	0	0	0	1	0	0	1	6
2013/09/04-23:05:07	77	968.844	78.285	0	0	1	0	0	0	0	1	0	0	1	3
2013/09/04-23:11:37	78	965.835	69.165	0	0	1	0	0	0	0	1	0	0	1	6
2013/09/04-23:12:02	78	965.835	69.165	0	0	0	0	0	0	0	1	1	0	0	6
2013/09/04-23:12:27	78	965.835	69.165	0	0	1	0	0	0	0	1	1	0	0	6
2013/09/04-23:12:52	78	965.835	69.165	0	0	1	0	0	0	0	1	0	0	1	6
2013/09/04-23:13:17	78	965.835	69.165	0	0	0	0	0	0	0	1	1	0	0	6
2013/09/05-03:40:16	76	975.488	70.429	0	0	1	0	0	0	0	1	0	0	1	3
2013/09/05-03:40:40	76	975.488	70.429	0	0	1	0	0	0	0	1	0	0	1	6
2013/09/05-03:41:05	76	975.488	70.429	0	0	1	0	0	0	0	1	0	0	1	6
2013/09/05-03:41:30	79	965.503	67.545	0	0	1	0	0	0	0	1	0	0	1	6
2013/09/05-03:41:55	79	965.503	67.545	0	0	1	0	0	0	0	1	1	0	0	6
2013/09/05-03:45:14	79	965.503	67.545	0	0	1	0	0	0	0	1	0	0	1	6
2013/09/05-03:45:39	79	965.503	67.545	0	0	1	0	0	0	0	1	0	0	1	6
2013/09/05-03:46:04	79	965.503	67.545	0	0	0	0	0	0	0	1	1	0	0	6
2013/09/05-03:46:29	79	965.503	67.545	0	0	0	0	0	0	0	1	1	0	0	6
2013/09/05-03:46:54	79	965.503	67.545	0	0	1	0	0	0	0	1	0	0	1	6
2013/09/05-03:54:39	79	965.503	67.545	0	0	1	0	0	0	0	1	0	0	1	6
2013/09/05-03:55:04	79	965.503	67.545	0	0	1	0	0	0	0	1	0	0	1	6
2013/09/05-03:55:29	79	965.503	67.545	0	0	1	0	0	0	0	1	0	0	1	6
2013/09/05-03:55:54	79	965.503	67.545	0	0	1	0	0	0	0	1	0	0	1	6
2013/09/05-03:56:19	79	965.503	67.545	0	0	1	0	0	0	0	1	0	0	1	6
2013/09/10-23:11:35	80	955.154	87.657	13	0	0	3	0	0	0	1	1	0	0	47
2013/09/10-23:13:12	80	955.154	87.657	3	0	0	0	0	0	0	1	1	0	0	6
2013/09/10-23:14:39	80	955.154	87.657	7	0	0	1	0	0	0	1	1	0	0	16
2013/09/10-23:15:12	80	955.154	87.657	10	0	0	4	0	0	0	1	1	0	0	23
2013/09/10-23:15:53	80	955.154	87.657	4	0	0	2	0	0	0	1	1	0	0	60
2013/09/10-23:41:30	72	1,078.073	80.359	5	0	0	1	0	0	1	1	0	0	1	11
2013/09/10-23:41:59	72	1,078.073	80.359	2	0	0	0	0	0	1	1	0	0	1	7
2013/09/10-23:42:37	72	1,078.073	80.359	2	0	0	0	0	0	1	1	0	0	1	4
2013/09/10-23:43:20	72	1,078.073	80.359	12	0	0	3	0	0	1	1	0	0	1	45
2013/09/10-23:44:24	72	1,078.073	80.359	5	0	0	6	0	0	0	1	1	0	0	60
2013/09/10-23:59:16	72	1,078.073	80.359	16	0	0	5	0	0	1	1	0	0	1	51
2013/09/11-00:00:35	72	1,078.073	80.359	6	0	1	5	0	0	0	1	0	0	1	58
2013/09/11-00:01:53	72	1,078.073	80.359	3	0	0	1	0	0	1	1	0	0	1	12
2013/09/11-00:03:03	72	1,078.073	80.359	2	0	0	0	0	0	1	1	0	0	1	6
2013/09/11-00:03:38	72	1,078.073	80.359	2	0	0	0	0	0	1	1	0	0	1	4
2013/09/11-14:27:31	74	1,051.273	76.911	2	0	0	0	0	0	1	1	0	0	1	7
2013/09/11-14:28:18	74	1,051.273	76.911	2	0	0	0	0	0	1	1	0	0	1	6
2013/09/11-14:28:47	74	1,051.273	76.911	2	0	0	0	0	0	1	1	0	0	1	4
2013/09/11-14:29:19	74	1,051.273	76.911	2	0	0	0	0	0	1	1	0	0	1	7
2013/09/11-14:29:54	74	1,051.273	76.911	9	0	0	3	0	0	1	1	0	0	1	29
2013/09/11-14:38:31	74	1,051.273	76.911	3	0	0	1	0	0	0	1	1	0	0	8
2013/09/11-14:38:57	74	1,051.273	76.911	5	0	0	0	0	0	0	1	1	0	0	8
2013/09/11-14:39:23	74	1,051.273	76.911	2	0	0	0	0	0	1	1	0	0	1	9
2013/09/11-14:39:53	74	1,051.273	76.911	15	0	0	5	0	0	0	1	1	0	0	60
2013/09/11-14:41:12	74	1,051.273	76.911	2	0	0	0	0	0	1	1	0	0	1	4
2013/09/11-14:53:10	74	1,056.466	68.105	2	0	0	0	0	0	1	1	0	0	1	6
2013/09/11-14:53:46	74	1,056.466	68.105	4	0	0	0	0	0	1	1	0	0	1	6
2013/09/11-14:54:12	74	1,056.466	68.105	6	0	0	1	0	0	0	1	1	0	0	16
2013/09/11-14:54:46	74	1,056.466	68.105	3	0	0	0	0	0	0	1	1	0	0	7
2013/09/11-14:55:12	74	1,056.466	68.105	2	0	0	0	0	0	1	1	0	0	1	4
2013/09/12-08:31:16	73	1,063.928	69.877	9	0	0	3	0	0	1	1	0	0	1	22
2013/09/12-08:31:58	73	1,063.928	69.877	8	0	0	2	0	0	0	1	1	0	0	17
2013/09/12-08:32:34	73	1,063.928	69.877	2	0	0	0	0	0	1	1	0	0	1	4
2013/09/12-08:32:59	73	1,063.928	69.877	1	0	0	0	0	0	1	1	0	0	1	4
2013/09/12-08:33:26	73	1,063.928	69.877	2	0	0	0	0	0	1	1	0	0	1	4
2013/09/12-08:54:30	74	1,061.189	65.486	12	0	0	2	0	0	0	1	1	0	0	30
2013/09/12-08:55:19	74	1,061.189	65.486	5	0	0	0	0	0	1	1	0	0	1	16
2013/09/12-08:55:58	74	1,061.189	65.486	3	0	0	0	0	0	1	1	0	0	1	4
2013/09/12-08:56:30	74	1,061.189	65.486	4	0	1	3	0	0	0	1	0	0	1	34
2013/09/12-08:57:22	74	1,061.189	65.486	2	0	0	0	0	0	1	1	0	0	1	4
2013/09/12-09:02:30	74	1,061.189	65.486	5	0	0	2	0	0	0	1	1	0	0	11
2013/09/12-09:03:00	74	1,061.189	65.486	2	0	0	0	0	0	1	1	0	0	1	5
2013/09/12-09:03:25	71	1,078.972	60.6	2	0	0	0	0	0	1	1	0	0	1	5
2013/09/12-09:03:54	71	1,078.972	60.6	2	0	0	0	0	0	1	1	0	0	1	5
2013/09/12-09:04:19	71	1,078.972	60.6	4	0	0	0	0	0	1	1	0	0	1	8
2013/09/12-21:24:15	72	1,070.516	60.493	3	0	0	0	0	0	1	1	0	0	1	6
2013/09/12-21:25:22	72	1,070.516	60.493	2	0	0	0	0	0	1	1	0	0	1	4
2013/09/12-21:26:38	72	1,070.516	60.493	2	0	0	0	0	0	1	1	0	0	1	4
2013/09/12-21:27:57	72	1,070.516	60.493	3	0	0	0	0	0	1	1	0	0	1	4
2013/09/12-21:28:31	72	1,070.516	60.493	2	0	0	0	0	0	1	1	0	0	1	4
2013/09/12-22:30:13	73	1,068.263	60.424	7	0	0	7	1	0	1	1	0	0	1	55
2013/09/12-22:31:26	73	1,068.263	60.424	3	0	1	0	0	0	0	1	0	0	1	25
2013/09/12-22:32:45	73	1,068.263	60.424	2	0	0	0	0	0	1	1	0	0	1	5
2013/09/12-22:33:32	73	1,068.263	60.424	2	0	1	2	0	0	0	1	0	0	1	20
2013/09/12-22:34:25	73	1,068.263	60.424	10	0	0	1	0	0	1	1	0	0	1	17
2013/09/12-22:49:56	73	1,068.263	60.424	4	0	0	0	0	0	0	1	1	0	0	12
2013/09/12-22:50:27	73	1,068.263	60.424	3	0	0	0	0	0	1	1	0	0	1	4
2013/09/12-22:50:49	73	1,068.263	60.424	2	0	0	0	0	0	1	1	0	0	1	4
2013/09/12-22:51:12	73	1,068.263	60.424	2	0	0	0	0	0	1	1	0	0	1	4
2013/09/12-22:51:34	73	1,068.263	60.424	2	0	0	0	0	0	1	1	0	0	1	4
2013/09/13-09:01:33	73	1,064.662	57.758	7	0	0	2	0	0	0	1	0	0	1	60
2013/09/13-09:02:53	73	1,064.662	57.758	10	0	0	6	0	0	1	1	0	0	1	43
2013/09/13-09:04:02	73	1,064.662	57.758	14	0	0	5	0	0	0	1	1	0	0	60
2013/09/13-09:05:20	73	1,064.662	57.758	2	0	0	0	0	0	1	1	0	0	1	5
2013/09/13-09:06:02	73	1,064.662	57.758	8	0	0	5	0	0	1	1	0	0	1	32
2013/09/13-09:38:00	70	1,101.023	57.834	4	0	0	0	0	0	1	1	0	0	1	6
2013/09/13-09:39:16	70	1,101.023	57.834	1	0	0	0	0	0	1	1	0	0	1	3
2013/09/13-09:40:35	70	1,101.023	57.834	10	0	1	3	0	0	0	1	0	0	1	48
2013/09/13-09:41:51	70	1,101.023	57.834	4	0	0	2	0	0	1	1	0	0	1	23
2013/09/13-09:42:33	70	1,101.023	57.834	2	0	0	0	0	0	1	1	0	0	1	5
2013/09/13-09:54:38	70	1,101.023	57.834	11	0	0	4	0	0	0	1	1	0	0	60
2013/09/13-09:55:57	70	1,101.023	57.834	2	0	0	0	0	0	1	1	0	0	1	4
2013/09/13-09:57:15	70	1,101.023	57.834	2	0	0	0	0	0	1	1	0	0	1	5
2013/09/13-09:58:24	70	1,101.023	57.834	4	0	1	3	0	0	0	1	0	0	1	45
2013/09/13-09:59:42	70	1,101.023	57.834	6	0	0	2	0	0	1	1	0	0	1	15
2013/09/13-10:24:17	69	1,136.483	57.786	4	0	0	1	0	0	1	1	0	0	1	6
2013/09/13-10:25:36	69	1,136.483	57.786	4	0	0	0	0	0	1	1	0	0	1	19
2013/09/13-10:26:45	69	1,136.483	57.786	2	0	0	0	0	0	1	1	0	0	1	6
2013/09/13-10:27:53	69	1,136.483	57.786	5	0	1	2	0	0	0	1	0	0	1	26
2013/09/13-10:28:44	69	1,136.483	57.786	7	0	0	1	0	0	1	1	0	0	1	47
2013/09/13-10:30:09	69	1,136.483	57.786	3	0	0	1	0	0	1	1	0	0	1	9
2013/09/13-10:30:37	69	1,136.483	57.786	4	0	0	1	0	0	1	1	0	0	1	16
2013/09/13-10:31:27	69	1,136.483	57.786	5	0	0	1	0	0	1	1	0	0	1	10
2013/09/13-10:32:06	69	1,136.483	57.786	3	0	0	0	0	0	1	1	0	0	1	4
2013/09/13-10:32:57	69	1,136.483	57.786	2	0	0	0	0	0	1	1	0	0	1	4
2013/09/13-10:50:17	69	1,136.483	57.786	3	0	0	1	0	0	0	1	1	0	0	8
2013/09/13-10:50:43	69	1,136.483	57.786	4	0	0	2	0	0	0	1	1	0	0	9
2013/09/13-10:51:10	69	1,136.483	57.786	1	0	0	0	0	0	1	1	0	0	1	4
2013/09/13-10:51:35	69	1,136.483	57.786	2	0	0	0	0	0	1	1	0	0	1	4
2013/09/13-10:52:00	69	1,136.483	57.786	3	0	0	1	0	0	0	1	1	0	0	7
2013/09/13-11:28:23	69	1,164.763	53.804	2	0	0	0	0	0	1	1	0	0	1	6
2013/09/13-11:29:15	69	1,164.763	53.804	3	0	1	0	0	0	0	1	0	0	1	8
2013/09/13-11:30:33	69	1,164.763	53.804	3	0	0	0	0	0	1	1	0	0	1	6
2013/09/13-11:31:52	69	1,164.763	53.804	7	0	1	2	0	0	0	1	0	0	1	24
2013/09/13-11:33:10	69	1,164.763	53.804	3	0	0	0	0	0	1	1	0	0	1	4
2013/09/13-11:34:08	69	1,164.763	53.804	4	0	1	4	0	0	0	1	0	0	1	29
2013/09/13-11:34:55	69	1,164.763	53.804	5	0	1	0	0	0	0	1	0	0	1	21
2013/09/13-11:35:35	69	1,164.763	53.804	2	0	0	0	0	0	1	1	0	0	1	4
2013/09/13-11:36:02	68	1,177.846	52.736	1	0	0	0	0	0	1	1	0	0	1	6
2013/09/13-11:36:27	68	1,177.846	52.736	2	0	0	0	0	0	1	1	0	0	1	4
2013/09/13-11:55:59	68	1,177.846	52.736	5	0	1	3	0	0	0	1	0	0	1	34
2013/09/13-11:56:52	68	1,177.846	52.736	2	0	0	0	0	0	1	1	0	0	1	4
2013/09/13-11:57:57	68	1,177.846	52.736	8	0	1	3	0	0	0	1	0	0	1	57
2013/09/13-11:59:13	68	1,177.846	52.736	2	0	0	0	0	0	1	1	0	0	1	4
2013/09/13-12:00:13	68	1,177.846	52.736	6	0	0	3	0	0	0	1	0	0	1	60
2013/09/13-12:20:33	66	1,206.641	51.774	2	0	0	0	0	0	1	1	0	0	1	6
2013/09/13-12:21:10	66	1,206.641	51.774	14	0	0	7	0	0	0	1	0	0	1	60
2013/09/13-12:22:29	66	1,206.641	51.774	2	0	0	0	0	0	1	1	0	0	1	3
2013/09/13-12:23:47	66	1,206.641	51.774	6	0	0	1	0	0	1	1	0	0	1	15
2013/09/13-12:25:06	66	1,206.641	51.774	5	0	1	5	0	0	0	1	0	0	1	39
2013/09/13-14:29:09	66	1,206.641	51.774	3	0	1	2	0	0	0	1	0	0	1	22
2013/09/13-14:29:50	66	1,206.641	51.774	4	0	0	2	0	0	1	1	0	0	1	19
2013/09/13-14:30:28	66	1,206.641	51.774	6	0	0	1	0	0	1	1	0	0	1	40
2013/09/13-14:31:27	66	1,206.641	51.774	7	0	1	6	0	0	0	1	0	0	1	37
2013/09/13-14:32:23	66	1,206.641	51.774	3	0	0	1	0	0	0	1	1	0	0	15
2013/09/13-14:50:30	63	1,239.772	50.306	2	0	0	0	0	0	1	1	0	0	1	4
2013/09/13-14:51:06	63	1,239.772	50.306	4	0	0	1	0	0	1	1	0	0	1	12
2013/09/13-14:51:56	63	1,239.772	50.306	2	0	0	0	0	0	1	1	0	0	1	4
2013/09/13-14:52:31	63	1,239.772	50.306	7	0	1	2	0	0	0	1	0	0	1	32
2013/09/13-14:53:30	63	1,239.772	50.306	6	0	1	2	0	0	0	1	0	0	1	23
2013/09/13-15:07:32	63	1,239.772	50.306	1	0	0	0	0	0	1	1	0	0	1	3
2013/09/13-15:08:34	63	1,239.772	50.306	2	0	0	0	0	0	1	1	0	0	1	5
2013/09/13-15:09:53	63	1,239.772	50.306	5	0	1	1	0	0	0	1	0	0	1	27
2013/09/13-15:11:02	63	1,239.772	50.306	5	0	0	3	0	0	1	1	0	0	1	17
2013/09/13-15:11:45	63	1,239.772	50.306	2	0	0	0	0	0	1	1	0	0	1	5
2013/09/13-15:35:39	64	1,232.109	49.104	3	0	0	0	0	0	1	1	0	0	1	8
2013/09/13-15:36:27	64	1,232.109	49.104	6	0	0	3	0	0	0	1	1	0	0	14
2013/09/13-15:37:00	64	1,232.109	49.104	2	0	0	0	0	0	1	1	0	0	1	4
2013/09/13-15:38:19	64	1,232.109	49.104	2	0	0	0	0	0	1	1	0	0	1	4
2013/09/13-15:38:54	64	1,232.109	49.104	6	0	0	2	0	0	1	1	0	0	1	33
2013/09/13-15:52:29	64	1,232.109	49.104	3	0	0	1	0	0	1	1	0	0	1	8
2013/09/13-15:52:59	64	1,232.109	49.104	3	0	0	0	0	0	1	1	0	0	1	5
2013/09/13-15:53:24	64	1,232.109	49.104	2	0	0	1	0	0	1	1	0	0	1	5
2013/09/13-15:53:53	64	1,232.109	49.104	9	0	1	6	0	0	0	1	0	0	1	50
2013/09/13-15:55:02	64	1,232.109	49.104	8	0	1	5	0	0	0	1	0	0	1	29
2013/09/13-16:30:27	64	1,231.047	46.878	3	0	1	0	0	0	0	1	0	0	1	19
2013/09/13-16:31:35	64	1,231.047	46.878	2	0	0	0	0	0	1	1	0	0	1	4
2013/09/13-16:32:54	64	1,231.047	46.878	14	0	1	8	0	0	0	1	0	0	1	58
2013/09/13-16:34:12	64	1,231.047	46.878	6	0	0	0	0	0	1	1	0	0	1	16
2013/09/13-16:34:56	64	1,231.047	46.878	4	0	0	0	0	0	1	1	0	0	1	6
2013/09/13-16:36:22	64	1,231.047	46.878	2	0	0	0	0	0	1	1	0	0	1	5
2013/09/13-16:37:26	64	1,231.047	46.878	2	0	0	0	0	0	1	1	0	0	1	5
2013/09/13-16:38:45	64	1,231.047	46.878	2	0	0	0	0	0	1	1	0	0	1	4
2013/09/13-16:40:04	64	1,233.98	46.705	6	0	0	0	0	0	1	1	0	0	1	11
2013/09/13-16:40:50	64	1,233.98	46.705	2	0	0	0	0	0	1	1	0	0	1	4
2013/09/13-16:58:29	64	1,233.98	46.705	9	0	0	4	0	0	1	1	0	0	1	27
2013/09/13-16:59:15	64	1,233.98	46.705	2	0	0	0	0	0	1	1	0	0	1	7
2013/09/13-16:59:41	64	1,233.98	46.705	4	0	1	3	0	0	0	1	0	0	1	18
2013/09/13-17:00:17	64	1,233.98	46.705	5	0	0	3	0	0	0	1	0	0	1	60
2013/09/13-17:01:36	64	1,233.98	46.705	8	0	0	4	0	0	1	1	0	0	1	25
2013/09/13-17:26:19	63	1,249.192	45.45	4	0	1	0	0	0	0	1	0	0	1	13
2013/09/13-17:54:21	63	1,249.192	45.45	8	0	0	3	1	0	1	1	0	0	1	40
2013/09/13-17:55:44	63	1,249.192	45.45	5	0	0	2	1	0	1	1	0	0	1	25
2013/09/13-17:56:28	63	1,249.192	45.45	2	0	0	0	0	0	1	1	0	0	1	7
2013/09/13-17:57:20	63	1,249.192	45.45	6	0	0	5	0	0	1	1	0	0	1	34
2013/09/13-18:15:58	63	1,249.192	45.45	2	0	0	0	0	0	1	1	0	0	1	4
2013/09/13-18:16:21	63	1,249.192	45.45	2	0	0	0	0	0	1	1	0	0	1	9
2013/09/13-18:16:48	63	1,249.192	45.45	1	0	0	0	0	0	1	1	0	0	1	3
2013/09/13-18:17:18	63	1,249.192	45.45	2	0	0	0	0	0	1	1	0	0	1	6
2013/09/13-18:17:43	63	1,249.192	45.45	3	0	0	2	0	0	1	1	0	0	1	14
2013/09/13-18:30:57	63	1,255.514	44.607	3	0	0	0	0	0	1	1	0	0	1	4
2013/09/13-18:31:22	63	1,255.514	44.607	6	0	0	0	0	0	0	1	1	0	0	9
2013/09/13-18:31:50	63	1,255.514	44.607	3	0	0	0	0	0	1	1	0	0	1	6
2013/09/13-18:32:15	63	1,255.514	44.607	2	0	0	0	0	0	1	1	0	0	1	7
2013/09/13-18:32:41	63	1,255.514	44.607	7	0	0	5	0	0	0	1	1	0	0	60
2013/09/13-20:18:45	63	1,254.06	46.2	3	0	0	0	0	0	1	1	0	0	1	5
2013/09/13-20:19:32	63	1,254.06	46.2	5	0	0	2	0	0	1	1	0	0	1	21
2013/09/13-20:20:12	63	1,254.06	46.2	8	0	0	3	0	0	1	1	0	0	1	23
2013/09/13-20:20:53	63	1,254.06	46.2	5	0	0	3	1	0	1	1	0	0	1	15
2013/09/13-20:21:27	63	1,254.06	46.2	2	0	0	0	0	0	1	1	0	0	1	4
2013/09/13-20:22:47	64	1,257.263	45.076	3	0	0	0	0	0	1	1	0	0	1	4
2013/09/13-20:24:06	64	1,257.263	45.076	4	0	0	1	0	0	1	1	0	0	1	16
2013/09/13-20:24:40	64	1,257.263	45.076	6	0	1	3	0	0	0	1	0	0	1	23
2013/09/13-20:25:59	64	1,257.263	45.076	2	0	0	1	0	0	0	1	1	0	0	60
2013/09/13-20:27:18	64	1,257.263	45.076	9	0	0	6	1	0	0	1	1	0	0	60
2013/09/13-20:47:31	64	1,257.263	45.076	4	0	0	4	0	0	1	1	0	0	1	41
2013/09/13-20:48:49	64	1,257.263	45.076	11	0	0	4	0	0	0	1	1	0	0	60
2013/09/13-20:50:09	64	1,257.263	45.076	11	0	0	8	0	0	0	1	1	0	0	44
2013/09/13-20:51:18	64	1,257.263	45.076	2	0	0	0	0	0	1	1	0	0	1	4
2013/09/13-20:52:27	64	1,257.263	45.076	5	0	0	1	0	0	1	1	0	0	1	11
2013/09/14-21:27:13	65	1,272.245	81.295	5	0	1	2	0	0	0	1	0	0	1	21
2013/09/14-21:28:32	65	1,272.245	81.295	2	0	0	0	0	0	1	1	0	0	1	4
2013/09/14-21:29:51	65	1,272.245	81.295	4	0	1	4	0	0	0	1	0	0	1	38
2013/09/14-21:30:48	65	1,272.245	81.295	3	0	0	0	0	0	1	1	0	0	1	4
2013/09/14-21:31:41	65	1,272.245	81.295	6	0	1	4	0	0	0	1	0	0	1	36
2013/09/14-21:43:24	66	1,264.614	76.249	2	0	0	0	0	0	1	1	0	0	1	4
2013/09/14-21:44:43	66	1,264.614	76.249	4	0	0	2	0	0	1	1	0	0	1	16
2013/09/14-21:45:22	66	1,264.614	76.249	2	0	0	0	0	0	1	1	0	0	1	4
2013/09/14-21:45:59	66	1,264.614	76.249	3	0	0	3	0	0	0	1	1	0	0	23
2013/09/14-21:46:40	66	1,264.614	76.249	2	0	0	0	0	0	1	1	0	0	1	4
2013/09/14-21:58:47	66	1,264.614	76.249	5	0	0	3	1	0	0	1	1	0	0	26
2013/09/14-21:59:31	66	1,264.614	76.249	11	0	0	4	0	0	1	1	0	0	1	35
2013/09/14-22:00:25	66	1,264.614	76.249	5	0	0	1	0	0	0	1	1	0	0	13
2013/09/14-22:00:57	66	1,264.614	76.249	1	0	0	0	0	0	1	1	0	0	1	3
2013/09/14-22:01:22	66	1,264.614	76.249	4	0	0	1	0	0	0	1	1	0	0	11
2013/09/15-09:11:46	67	1,228.741	73.323	1	0	0	0	0	0	1	1	0	0	1	4
2013/09/15-09:12:50	67	1,228.741	73.323	2	0	0	0	0	0	1	1	0	0	1	4
2013/09/15-09:13:44	67	1,228.741	73.323	4	0	1	1	0	0	0	1	0	0	1	25
2013/09/15-09:14:28	67	1,228.741	73.323	3	0	0	0	0	0	1	1	0	0	1	8
2013/09/15-09:15:46	67	1,228.741	73.323	2	0	0	0	0	0	1	1	0	0	1	4
2013/09/15-09:33:06	67	1,228.741	73.323	2	0	0	0	0	0	1	1	0	0	1	4
2013/09/15-09:33:30	67	1,228.741	73.323	3	0	0	1	0	0	0	1	1	0	0	7
2013/09/15-09:33:56	67	1,228.741	73.323	3	0	0	0	0	0	0	1	1	0	0	6
2013/09/15-09:34:21	67	1,228.741	73.323	4	0	0	0	0	0	0	1	1	0	0	6
2013/09/15-09:34:46	67	1,228.741	73.323	2	0	0	0	0	0	1	1	0	0	1	5
2013/09/15-09:49:06	69	1,189.537	67.58	2	0	0	0	0	0	1	1	0	0	1	4
2013/09/15-09:49:32	69	1,189.537	67.58	2	0	0	0	0	0	1	1	0	0	1	4
2013/09/15-09:49:58	69	1,189.537	67.58	2	0	0	0	0	0	1	1	0	0	1	4
2013/09/15-09:50:27	69	1,189.537	67.58	2	0	0	0	0	0	1	1	0	0	1	4
2013/09/15-09:50:53	69	1,189.537	67.58	2	0	0	0	0	0	0	1	1	0	0	6
2013/09/15-15:54:17	71	1,153.504	70.313	2	0	0	0	0	0	1	1	0	0	1	6
2013/09/15-15:54:42	71	1,153.504	70.313	3	0	0	0	0	0	0	1	1	0	0	10
2013/09/15-15:55:11	71	1,153.504	70.313	1	0	0	0	0	0	0	1	1	0	0	6
2013/09/15-15:55:36	71	1,153.504	70.313	6	0	0	1	0	0	0	1	1	0	0	10
2013/09/15-15:56:05	71	1,153.504	70.313	2	0	0	0	0	0	1	1	0	0	1	6
2013/09/15-16:04:44	69	1,147.818	66.911	4	0	0	0	0	0	0	1	1	0	0	6
2013/09/15-16:05:09	69	1,147.818	66.911	3	0	0	0	0	0	1	1	0	0	1	4
2013/09/15-16:05:43	69	1,147.818	66.911	2	0	0	0	0	0	1	1	0	0	1	4
2013/09/15-16:06:08	69	1,147.818	66.911	5	0	0	3	0	0	0	1	1	0	0	12
2013/09/15-16:06:39	69	1,147.818	66.911	3	0	0	1	0	0	0	1	1	0	0	6
2013/09/15-16:16:23	69	1,147.818	66.911	1	0	0	0	0	0	1	1	0	0	1	3
2013/09/15-16:16:49	69	1,147.818	66.911	3	0	0	0	0	0	1	1	0	0	1	7
2013/09/15-16:17:24	69	1,147.818	66.911	4	0	0	0	0	0	0	1	1	0	0	7
2013/09/15-16:17:49	69	1,147.818	66.911	2	0	0	0	0	0	1	1	0	0	1	6
2013/09/15-16:18:15	69	1,147.818	66.911	2	0	0	0	0	0	1	1	0	0	1	4
2013/09/15-16:19:00	69	1,147.818	66.911	7	0	0	7	0	0	1	1	0	0	1	58
2013/09/15-16:20:18	69	1,147.818	66.911	4	0	1	2	0	0	0	1	0	0	1	17
2013/09/15-16:20:54	69	1,147.818	66.911	15	0	1	4	0	0	0	1	0	0	1	59
2013/09/15-16:22:11	69	1,147.818	66.911	5	0	1	2	0	0	0	1	0	0	1	30
2013/09/15-16:23:00	71	1,156.862	59.89	1	0	0	0	0	0	1	1	0	0	1	3
2013/09/15-16:44:40	71	1,156.862	59.89	5	0	0	1	0	0	1	1	0	0	1	23
2013/09/15-16:45:51	71	1,156.862	59.89	2	0	0	0	0	0	1	1	0	0	1	5
2013/09/15-16:46:55	71	1,156.862	59.89	2	0	0	0	0	0	1	1	0	0	1	6
2013/09/15-16:47:49	71	1,156.862	59.89	4	0	0	0	0	0	1	1	0	0	1	7
2013/09/15-16:48:15	71	1,156.862	59.89	4	0	1	4	0	0	0	1	0	0	1	24
2013/09/15-16:53:41	71	1,156.862	59.89	2	0	0	6	0	0	0	1	1	0	0	22
2013/09/15-16:54:22	71	1,156.862	59.89	2	0	0	0	0	0	1	1	0	0	1	4
2013/09/15-16:54:58	71	1,156.862	59.89	4	0	1	4	0	0	0	1	0	0	1	34
2013/09/15-16:55:50	71	1,156.862	59.89	1	0	0	0	0	0	1	1	0	0	1	3
2013/09/15-16:56:49	69	1,191.041	57.006	4	0	0	3	0	0	0	1	1	0	0	21
2013/09/15-21:58:13	68	1,204.734	63.256	5	0	0	1	0	0	0	1	1	0	0	14
2013/09/15-21:58:47	68	1,204.734	63.256	4	0	0	0	0	0	1	1	0	0	1	6
2013/09/15-21:59:11	68	1,204.734	63.256	5	0	0	0	0	0	0	1	1	0	0	6
2013/09/15-21:59:36	68	1,204.734	63.256	8	0	0	10	0	0	1	1	0	0	1	48
2013/09/15-22:00:43	68	1,204.734	63.256	1	0	0	0	0	0	1	1	0	0	1	3
2013/09/15-22:14:40	69	1,180.176	60.702	2	0	0	0	0	0	1	1	0	0	1	5
2013/09/15-22:15:05	69	1,180.176	60.702	2	0	0	0	0	0	1	1	0	0	1	4
2013/09/15-22:15:30	69	1,180.176	60.702	2	0	0	0	0	0	0	1	1	0	0	6
2013/09/15-22:15:55	69	1,180.176	60.702	8	0	1	5	0	0	0	1	0	0	1	42
2013/09/15-22:16:56	69	1,180.176	60.702	2	0	0	0	0	0	0	1	1	0	0	6
2013/09/15-22:24:10	70	1,177.387	57.83	3	0	0	1	0	0	0	1	1	0	0	8
2013/09/15-22:24:37	70	1,177.387	57.83	2	0	0	0	0	0	1	1	0	0	1	4
2013/09/15-22:25:02	70	1,177.387	57.83	8	0	1	4	0	0	0	1	0	0	1	34
2013/09/15-22:25:55	70	1,177.387	57.83	2	0	0	0	0	0	1	1	0	0	1	4
2013/09/15-22:26:23	70	1,177.387	57.83	2	0	0	0	0	0	1	1	0	0	1	4
2013/09/16-21:35:17	71	1,158.114	64.273	2	0	0	0	0	0	1	1	0	0	1	4
2013/09/16-21:35:42	71	1,158.114	64.273	2	0	0	0	0	0	1	1	0	0	1	4
2013/09/16-21:36:07	71	1,158.114	64.273	4	0	0	1	0	0	1	1	0	0	1	6
2013/09/16-21:36:32	71	1,158.114	64.273	2	0	0	0	0	0	1	1	0	0	1	4
2013/09/16-21:36:57	71	1,158.114	64.273	5	0	0	0	0	0	1	1	0	0	1	7
2013/09/16-21:37:29	72	1,118.79	61.205	2	0	0	0	0	0	1	1	0	0	1	5
2013/09/16-21:37:54	72	1,118.79	61.205	2	0	0	0	0	0	1	1	0	0	1	5
2013/09/16-21:38:19	72	1,118.79	61.205	3	0	0	0	0	0	0	1	1	0	0	6
2013/09/16-21:38:44	72	1,118.79	61.205	3	0	0	0	0	0	0	1	1	0	0	6
2013/09/16-21:39:09	72	1,118.79	61.205	2	0	0	0	0	0	1	1	0	0	1	5
2013/09/16-21:46:23	72	1,118.79	61.205	7	0	0	1	0	0	0	1	1	0	0	25
2013/09/16-21:47:07	72	1,118.79	61.205	9	0	0	4	0	0	0	1	1	0	0	44
2013/09/16-21:48:10	72	1,118.79	61.205	2	0	0	0	0	0	1	1	0	0	1	7
2013/09/16-21:48:36	72	1,118.79	61.205	2	0	0	0	0	0	0	1	1	0	0	6
2013/09/16-21:49:01	72	1,118.79	61.205	2	0	0	0	0	0	1	1	0	0	1	4
2013/09/17-18:49:43	73	1,112.862	62.894	1	0	0	0	0	0	0	1	1	0	0	6
2013/09/17-18:50:10	73	1,112.862	62.894	0	0	0	0	0	0	0	1	1	0	0	0
2013/09/17-20:08:54	73	1,112.862	62.894	1	0	0	0	0	0	0	1	1	0	0	6
2013/09/17-20:09:26	73	1,112.862	62.894	4	0	0	0	0	0	0	1	1	0	0	60
2013/09/17-20:10:45	73	1,112.862	62.894	3	0	0	0	0	0	0	1	1	0	0	6
2013/09/17-20:24:04	72	1,150.652	59.702	2	0	0	0	2	0	0	1	1	0	0	5
2013/09/17-20:24:29	72	1,150.652	59.702	2	0	0	0	1	0	0	1	1	0	0	5
2013/09/17-20:24:53	72	1,150.652	59.702	2	0	0	0	0	0	0	1	1	0	0	9
2013/09/17-20:25:21	72	1,150.652	59.702	1	0	0	0	0	0	1	1	0	0	1	3
2013/09/17-20:25:46	72	1,150.652	59.702	1	0	1	0	0	0	0	1	0	0	1	3
2013/09/17-20:33:03	72	1,150.652	59.702	3	0	0	22	0	0	1	1	0	0	1	26
2013/09/17-20:33:48	72	1,150.652	59.702	8	0	0	2	0	0	1	1	0	0	1	19
2013/09/17-20:34:26	72	1,150.652	59.702	1	0	0	0	0	0	1	1	0	0	1	3
2013/09/17-20:34:51	72	1,150.652	59.702	1	0	0	0	0	0	1	1	0	0	1	3
2013/09/17-20:35:33	72	1,150.652	59.702	4	0	0	0	1	0	0	1	1	0	0	32
2013/09/17-20:46:53	70	1,147.945	54.766	2	0	1	0	0	0	0	1	0	0	1	6
2013/09/17-20:47:19	70	1,147.945	54.766	4	0	1	0	0	0	0	1	0	0	1	16
2013/09/17-20:48:37	70	1,147.945	54.766	1	0	0	0	0	0	1	1	0	0	1	3
2013/09/17-20:49:05	70	1,147.945	54.766	1	0	0	0	0	0	1	1	0	0	1	4
2013/09/17-20:49:31	70	1,147.945	54.766	2	0	0	0	0	0	1	1	0	0	1	4
2013/09/17-20:54:17	70	1,147.945	54.766	7	0	1	1	0	0	0	1	0	0	1	23
2013/09/17-20:55:01	70	1,147.945	54.766	2	0	1	0	0	0	0	1	0	0	1	7
2013/09/17-20:55:27	70	1,147.945	54.766	3	0	0	0	0	0	1	1	0	0	1	4
2013/09/17-20:55:53	70	1,147.945	54.766	3	0	1	0	0	0	0	1	0	0	1	11
2013/09/17-20:56:23	70	1,147.945	54.766	4	0	0	22	0	0	1	1	0	0	1	28
2013/09/17-21:10:57	70	1,147.945	54.766	6	0	0	3	0	0	1	1	0	0	1	18
2013/09/17-21:11:34	70	1,147.945	54.766	2	0	0	0	2	0	0	1	1	0	0	7
2013/09/17-21:12:00	70	1,147.945	54.766	1	0	0	0	1	0	1	1	0	0	1	3
2013/09/17-21:12:22	70	1,147.945	54.766	2	0	1	19	0	0	0	1	0	0	1	24
2013/09/17-21:13:05	70	1,147.945	54.766	1	0	0	0	0	0	1	1	0	0	1	3
2013/09/18-09:11:14	70	1,158.127	62.439	3	0	0	0	1	0	0	1	1	0	0	6
2013/09/18-09:11:39	70	1,158.127	62.439	8	0	0	2	0	0	1	1	0	0	1	21
2013/09/18-09:12:19	70	1,158.127	62.439	4	0	0	0	0	0	0	1	1	0	0	40
2013/09/18-09:13:18	70	1,158.127	62.439	1	0	0	0	1	0	0	1	1	0	0	3
2013/09/18-09:13:40	70	1,158.127	62.439	2	0	0	0	0	0	0	1	1	0	0	6
2013/09/18-11:06:46	70	1,158.127	62.439	2	0	0	0	0	0	0	1	1	0	0	6
2013/09/18-11:07:11	70	1,158.127	62.439	4	0	0	0	0	0	0	1	1	0	0	60
2013/09/18-11:08:29	70	1,158.127	62.439	1	0	0	0	0	0	0	1	1	0	0	6
2013/09/18-11:08:54	70	1,158.127	62.439	3	0	0	0	1	0	0	1	1	0	0	11
2013/09/18-11:09:24	70	1,158.127	62.439	1	0	0	0	1	0	1	1	0	0	1	3
2013/09/18-11:19:52	70	1,195.183	57.427	4	0	0	0	0	0	0	1	1	0	0	60
2013/09/18-11:21:11	70	1,195.183	57.427	9	0	1	4	0	0	0	1	0	0	1	40
2013/09/18-11:22:10	70	1,195.183	57.427	2	0	0	0	0	0	0	1	1	0	0	8
2013/09/18-11:22:37	70	1,195.183	57.427	1	0	1	0	0	0	0	1	0	0	1	3
2013/09/18-11:23:02	70	1,195.183	57.427	5	0	1	22	0	0	0	1	0	0	1	46
2013/09/18-15:21:22	67	1,202.256	63.246	1	0	0	0	0	0	0	1	1	0	0	6
2013/09/18-15:21:47	67	1,202.256	63.246	3	0	0	18	0	0	1	1	0	0	1	19
2013/09/18-15:22:33	67	1,202.256	63.246	1	0	0	0	0	0	1	1	0	0	1	3
2013/09/18-15:22:55	67	1,202.256	63.246	12	0	0	6	0	0	0	1	1	0	0	60
2013/09/18-15:24:14	67	1,202.256	63.246	1	0	0	0	1	0	1	1	0	0	1	3
2013/09/18-15:36:23	67	1,202.256	63.246	2	0	1	13	0	0	0	1	0	0	1	17
2013/09/18-15:36:59	67	1,202.256	63.246	12	0	0	0	0	0	0	1	1	0	0	43
2013/09/18-15:38:02	67	1,202.256	63.246	0	0	1	0	0	0	0	1	0	0	1	3
2013/09/18-15:39:21	67	1,202.256	63.246	6	0	0	1	2	0	0	1	1	0	0	23
2013/09/18-15:40:02	67	1,202.256	63.246	1	0	0	0	0	0	1	1	0	0	1	3
2013/09/18-15:51:15	67	1,260.08	58.383	1	0	1	15	0	0	0	1	0	0	1	0
2013/09/18-15:55:32	67	1,260.08	58.383	4	0	1	0	0	0	0	1	0	0	1	14
2013/09/18-15:56:21	67	1,260.08	58.383	10	0	0	0	0	0	0	1	1	0	0	32
2013/09/18-15:57:12	67	1,260.08	58.383	5	0	0	0	0	0	1	1	0	0	1	14
2013/09/18-15:57:47	67	1,260.08	58.383	3	0	0	0	0	0	0	1	1	0	0	7
2013/09/19-15:30:38	67	1,288.464	85.256	2	0	0	14	0	0	0	1	1	0	0	18
2013/09/19-15:31:15	67	1,288.464	85.256	4	0	1	0	0	0	0	1	0	0	1	25
2013/09/19-15:31:59	67	1,288.464	85.256	2	0	0	0	3	0	1	1	1	0	0	6
2013/09/19-15:32:24	67	1,288.464	85.256	4	0	0	0	1	0	1	1	0	0	1	13
2013/09/19-15:32:56	67	1,288.464	85.256	3	0	0	1	0	0	1	1	0	0	1	10
2013/09/19-15:43:29	67	1,288.464	85.256	1	0	0	0	0	0	1	1	0	0	1	3
2013/09/19-15:44:07	67	1,288.464	85.256	4	0	1	22	1	0	0	1	0	0	1	31
2013/09/19-15:44:58	67	1,288.464	85.256	4	0	0	2	0	0	1	1	0	0	1	13
2013/09/19-15:45:48	67	1,288.464	85.256	6	0	0	4	0	0	0	1	1	0	0	31
2013/09/19-15:46:39	67	1,288.464	85.256	2	0	1	0	1	0	0	1	0	0	1	10
2013/09/19-15:59:38	60	1,358.776	75.409	1	0	0	0	0	0	1	1	0	0	1	3
2013/09/19-16:00:05	60	1,358.776	75.409	2	0	0	0	1	0	0	1	1	0	0	6
2013/09/19-16:00:30	60	1,358.776	75.409	1	0	0	0	0	0	0	1	1	0	0	8
2013/09/19-16:00:58	60	1,358.776	75.409	4	0	0	0	0	0	0	1	1	0	0	60
2013/09/19-16:02:17	60	1,358.776	75.409	13	0	0	6	1	0	0	1	1	0	0	54
2013/09/19-19:42:05	60	1,390.322	77.321	0	0	0	0	0	0	0	1	1	0	0	4
2013/09/19-19:42:29	60	1,390.322	77.321	14	0	1	5	1	0	0	1	0	0	1	55
2013/09/19-19:43:43	60	1,390.322	77.321	3	0	0	0	0	0	1	1	0	0	1	7
2013/09/19-19:45:02	60	1,390.322	77.321	5	0	0	0	0	0	1	1	0	0	1	19
2013/09/19-19:45:40	60	1,390.322	77.321	1	0	0	0	1	0	1	1	0	0	1	3
2013/09/19-19:58:29	60	1,390.322	77.321	1	0	0	0	0	0	1	1	0	0	1	3
2013/09/19-19:58:51	60	1,390.322	77.321	2	0	0	22	0	0	0	1	1	0	0	27
2013/09/19-19:59:38	60	1,390.322	77.321	1	0	0	0	2	0	1	1	0	0	1	3
2013/09/19-20:00:00	60	1,390.322	77.321	2	0	0	0	0	0	0	1	1	0	0	10
2013/09/19-20:00:29	60	1,390.322	77.321	1	0	0	0	0	0	0	1	1	0	0	3
2013/09/19-20:15:03	58	1,424.636	69.134	3	0	0	0	0	0	0	1	1	0	0	10
2013/09/19-20:15:32	58	1,424.636	69.134	2	0	1	0	0	0	0	1	0	0	1	3
2013/09/19-20:15:58	58	1,424.636	69.134	1	0	0	0	2	0	1	1	0	0	1	3
2013/09/19-20:16:20	58	1,424.636	69.134	2	0	0	1	1	0	0	1	1	0	0	6
2013/09/19-20:16:45	58	1,424.636	69.134	1	0	1	0	1	0	0	1	0	0	1	4
2013/09/20-01:25:48	58	1,422.232	73.111	4	0	0	1	1	0	0	1	1	0	0	11
2013/09/20-01:26:18	58	1,422.232	73.111	1	0	0	0	0	0	1	1	0	0	1	3
2013/09/20-01:26:46	58	1,422.232	73.111	1	0	0	0	0	0	1	1	0	0	1	3
2013/09/20-01:27:08	58	1,422.232	73.111	1	0	0	0	0	0	0	1	1	0	0	4
2013/09/20-01:27:30	58	1,422.232	73.111	2	0	0	0	0	0	1	1	0	0	1	4
2013/09/20-01:41:19	59	1,376.835	69.06	9	0	1	6	1	0	0	1	0	0	1	34
2013/09/20-01:42:13	59	1,376.835	69.06	2	0	0	0	1	0	1	1	0	0	1	8
2013/09/20-01:42:40	59	1,376.835	69.06	1	0	0	0	0	0	1	1	0	0	1	3
2013/09/20-01:43:05	59	1,376.835	69.06	1	0	0	0	0	0	1	1	0	0	1	4
2013/09/20-01:43:28	59	1,376.835	69.06	3	0	0	22	1	0	1	1	0	0	1	23
2013/09/20-01:52:46	59	1,376.835	69.06	5	0	1	0	0	0	0	1	0	0	1	24
2013/09/20-01:53:29	59	1,376.835	69.06	2	0	1	0	0	0	0	1	0	0	1	7
2013/09/20-01:53:58	59	1,398.06	64.14	2	0	0	0	0	0	1	1	0	0	1	5
2013/09/20-01:54:23	59	1,398.06	64.14	1	0	0	0	0	0	1	1	0	0	1	3
2013/09/20-01:55:27	59	1,398.06	64.14	1	0	0	0	0	0	1	1	0	0	1	4
2013/09/20-05:23:08	60	1,372.744	70.812	1	0	1	0	0	0	0	1	0	0	1	6
2013/09/20-05:23:36	60	1,372.744	70.812	1	0	1	0	0	0	0	1	0	0	1	6
2013/09/20-05:24:00	60	1,372.744	70.812	3	0	0	18	0	0	1	1	0	0	1	19
2013/09/20-05:24:38	60	1,372.744	70.812	1	0	0	0	0	0	1	1	0	0	1	3
2013/09/20-05:25:07	60	1,372.744	70.812	2	0	1	0	0	0	0	1	0	0	1	9
2013/09/20-05:25:46	60	1,372.744	70.812	4	0	1	1	0	0	0	1	0	0	1	29
2013/09/20-05:26:33	60	1,372.744	70.812	1	0	0	0	2	0	0	1	1	0	0	3
2013/09/20-05:26:55	60	1,372.744	70.812	1	0	0	0	0	0	1	1	0	0	1	3
2013/09/20-05:27:30	60	1,372.744	70.812	9	0	0	1	0	0	0	1	0	0	1	60
2013/09/20-05:28:49	60	1,372.744	70.812	4	0	0	0	1	0	1	1	0	0	1	9
2013/09/20-05:43:59	62	1,356.156	64.824	7	0	0	3	0	0	1	1	0	0	1	29
2013/09/20-05:44:47	62	1,356.156	64.824	5	0	0	0	0	0	1	1	0	0	1	18
2013/09/20-05:45:25	62	1,356.156	64.824	1	0	0	0	1	0	1	1	0	0	1	4
2013/09/20-05:45:48	62	1,356.156	64.824	2	0	1	0	0	0	0	1	0	0	1	20
2013/09/20-05:47:07	62	1,356.156	64.824	3	0	1	1	0	0	0	1	0	0	1	11
2013/09/20-09:34:52	62	1,367.799	70.547	2	0	1	0	0	0	0	1	1	0	0	23
2013/09/20-09:35:34	62	1,367.799	70.547	11	0	0	7	0	0	0	1	1	0	0	40
2013/09/20-09:36:33	62	1,367.799	70.547	1	0	0	0	0	0	1	1	0	0	1	3
2013/09/20-09:37:03	62	1,367.799	70.547	14	0	0	0	1	0	0	1	1	0	0	60
2013/09/20-09:38:22	62	1,367.799	70.547	11	0	0	1	1	0	1	1	0	0	1	42
2013/09/20-09:54:10	61	1,379.61	67.928	1	0	1	22	0	0	0	1	0	0	1	26
2013/09/20-09:54:55	61	1,379.61	67.928	1	0	0	0	0	0	1	1	0	0	1	3
2013/09/20-09:55:18	61	1,379.61	67.928	1	0	0	0	0	0	1	1	1	0	0	3
2013/09/20-09:55:41	61	1,379.61	67.928	1	0	0	0	1	0	1	1	0	0	1	3
2013/09/20-09:56:06	61	1,379.61	67.928	2	0	0	0	0	0	1	1	0	0	1	4
2013/09/20-10:06:49	61	1,379.61	67.928	2	0	0	0	0	0	0	1	1	0	0	34
2013/09/20-10:07:42	61	1,379.61	67.928	2	0	1	0	0	0	0	1	0	0	1	7
2013/09/20-10:08:23	61	1,379.61	67.928	3	0	1	1	0	0	0	1	0	0	1	18
2013/09/20-10:09:11	61	1,379.61	67.928	1	0	1	0	0	0	0	1	0	0	1	1
2013/09/20-10:10:04	61	1,379.61	67.928	1	0	0	0	0	0	1	1	0	0	1	4
2013/09/20-16:18:29	55	1,442.711	75.566	1	0	1	0	1	0	0	1	0	0	1	4
2013/09/20-16:18:52	55	1,442.711	75.566	1	0	0	0	1	0	1	1	0	0	1	3
2013/09/20-16:19:14	55	1,442.711	75.566	3	0	0	0	0	0	1	1	0	0	1	12
2013/09/20-16:19:48	55	1,442.711	75.566	2	0	0	0	0	0	1	1	0	0	1	7
2013/09/20-16:20:50	55	1,442.711	75.566	1	0	0	0	0	0	1	1	0	0	1	3
2013/09/20-16:35:40	55	1,442.711	75.566	4	0	0	0	0	0	0	1	1	0	0	39
2013/09/20-16:36:38	55	1,442.711	75.566	5	0	0	1	0	0	1	1	0	0	1	12
2013/09/20-16:37:32	55	1,442.711	75.566	2	0	1	0	1	0	0	1	0	0	1	7
2013/09/20-16:38:39	55	1,442.711	75.566	1	0	0	0	0	0	1	1	0	0	1	6
2013/09/20-16:39:11	55	1,442.711	75.566	1	0	0	0	0	0	1	1	0	0	1	3
2013/09/20-16:50:09	61	1,390.329	67.84	2	0	0	0	0	0	0	1	1	0	0	16
2013/09/20-16:50:44	61	1,390.329	67.84	2	0	0	0	0	0	1	1	0	0	1	6
2013/09/20-16:51:45	61	1,390.329	67.84	1	0	0	0	0	0	1	1	0	0	1	3
2013/09/20-16:52:07	61	1,390.329	67.84	1	0	0	0	1	0	1	1	0	0	1	4
2013/09/20-16:52:32	61	1,390.329	67.84	2	0	0	0	1	0	1	1	1	0	0	7
2013/09/20-19:34:08	60	1,389.696	69.843	2	0	1	5	2	0	0	1	1	0	0	19
2013/09/20-19:34:56	60	1,389.696	69.843	1	0	0	0	1	0	1	1	0	0	1	3
2013/09/20-19:35:18	60	1,389.696	69.843	5	0	0	0	0	0	1	1	0	0	1	8
2013/09/20-19:36:10	60	1,389.696	69.843	4	0	0	0	0	0	0	1	1	0	0	16
2013/09/20-19:36:45	60	1,389.696	69.843	5	0	0	2	0	0	1	1	0	0	1	27
2013/09/20-20:02:35	58	1,411.247	65.394	5	0	1	2	0	0	0	1	0	0	1	16
2013/09/20-20:03:10	58	1,411.247	65.394	1	0	0	0	0	0	0	1	1	0	0	3
2013/09/20-20:03:32	58	1,411.247	65.394	2	0	0	0	0	0	1	1	0	0	1	3
2013/09/20-20:03:55	58	1,411.247	65.394	1	0	0	0	0	0	1	1	0	0	1	3
2013/09/20-20:04:24	58	1,411.247	65.394	1	0	0	0	0	0	1	1	0	0	1	3
2013/09/20-20:13:10	61	1,387.867	61.669	1	0	0	0	1	0	1	1	0	0	1	3
2013/09/20-20:13:33	61	1,387.867	61.669	4	0	0	0	2	0	0	1	1	0	0	10
2013/09/20-20:14:01	61	1,387.867	61.669	1	0	0	0	0	0	1	1	0	0	1	3
2013/09/20-20:14:35	61	1,387.867	61.669	6	0	0	3	0	0	1	1	0	0	1	16
2013/09/20-20:15:54	61	1,387.867	61.669	4	0	0	0	0	0	0	1	1	0	0	24
2013/12/27-13:35:59	72	1,381.468	91.576	5	0	0	0	0	0	0	1	0	1	0	60
2013/12/27-13:37:18	72	1,381.468	91.576	1	0	0	0	0	0	1	1	0	0	1	3
2013/12/27-13:38:37	72	1,381.468	91.576	3	0	0	0	0	0	1	1	0	0	1	8
2013/12/27-13:39:22	72	1,381.468	91.576	1	0	0	0	0	0	1	1	0	0	1	3
2013/12/27-13:40:41	79	1,319.058	84.141	12	0	0	6	1	0	0	1	1	0	0	60
2013/12/27-13:46:14	79	1,319.058	84.141	3	0	1	18	0	0	0	1	0	0	1	23
2013/12/27-13:46:56	79	1,319.058	84.141	2	0	0	0	0	0	1	1	0	0	1	3
2013/12/27-13:48:15	79	1,319.058	84.141	1	0	0	0	0	0	1	1	0	0	1	3
2013/12/27-13:48:41	79	1,319.058	84.141	0	0	0	0	0	0	0	1	1	0	0	3
2013/12/27-13:49:04	79	1,319.058	84.141	14	0	0	0	1	0	0	1	1	0	0	60
2013/12/27-14:09:03	79	1,319.058	84.141	2	0	0	0	1	0	1	1	0	0	1	10
2013/12/27-14:09:31	79	1,319.058	84.141	6	0	1	2	1	0	0	1	0	0	1	19
2013/12/27-14:10:10	79	1,319.058	84.141	2	0	0	0	0	0	0	1	0	0	1	60
2013/12/27-14:11:29	79	1,319.058	84.141	3	0	1	0	1	0	0	1	0	0	1	10
2013/12/27-14:11:58	79	1,319.058	84.141	1	0	1	0	0	0	0	1	0	0	1	3
2013/12/27-17:37:07	75	1,379.064	75.764	1	0	0	0	0	0	1	1	0	0	1	3
2013/12/27-17:38:24	75	1,379.064	75.764	8	0	0	3	0	0	1	1	0	0	1	23
2013/12/27-17:39:04	75	1,379.064	75.764	3	0	1	7	0	0	0	1	0	0	1	24
2013/12/27-17:40:23	75	1,379.064	75.764	5	0	0	1	0	0	1	1	0	0	1	11
2013/12/27-17:41:30	75	1,379.064	75.764	0	0	1	0	0	0	0	1	0	0	1	3
2013/12/27-17:48:17	75	1,379.064	75.764	1	0	0	0	0	0	1	1	0	0	1	5
2013/12/27-17:48:46	75	1,379.064	75.764	5	0	0	0	0	0	1	1	0	0	1	7
2013/12/27-17:49:13	75	1,379.064	75.764	3	0	1	0	0	0	0	1	0	0	1	18
2013/12/27-17:49:50	75	1,379.064	75.764	1	0	0	0	0	0	1	1	0	0	1	3
2013/12/27-17:50:17	75	1,379.064	75.764	2	0	0	0	1	0	0	1	1	0	0	6
2013/12/27-18:01:20	77	1,346.265	68.856	1	0	0	0	0	0	0	1	1	0	0	3
2013/12/27-18:01:42	77	1,346.265	68.856	1	0	0	0	0	0	0	1	1	0	0	4
2013/12/27-18:02:04	77	1,346.265	68.856	1	0	0	0	0	0	1	1	0	0	1	6
2013/12/27-18:02:29	77	1,346.265	68.856	1	0	0	0	0	0	0	1	1	0	0	3
2013/12/27-18:02:51	77	1,346.265	68.856	1	0	0	0	0	0	0	1	1	0	0	3
2013/12/28-12:00:41	77	1,338.146	101.321	5	0	0	1	0	0	1	1	0	0	1	12
2013/12/28-12:01:35	77	1,338.146	101.321	1	0	0	0	0	0	1	1	0	0	1	3
2013/12/28-12:01:57	77	1,338.146	101.321	7	0	0	1	0	0	1	1	0	0	1	16
2013/12/28-12:02:39	77	1,338.146	101.321	1	0	0	0	0	0	1	1	0	0	1	3
2013/12/28-12:03:58	77	1,338.146	101.321	1	0	1	0	0	0	0	1	0	0	1	11
2013/12/28-12:13:09	77	1,338.146	101.321	1	0	1	0	0	0	0	1	0	0	1	3
2013/12/28-12:13:43	77	1,338.146	101.321	0	0	1	0	0	0	0	1	0	0	1	4
2013/12/28-12:14:06	77	1,338.146	101.321	4	0	1	1	0	0	0	1	0	0	1	11
2013/12/28-12:14:50	77	1,338.146	101.321	1	0	0	0	0	0	1	1	0	0	1	11
2013/12/28-12:15:20	77	1,338.146	101.321	1	0	0	0	1	0	1	1	0	0	1	3
2013/12/28-12:26:16	78	1,295.27	86.202	1	0	0	0	0	0	1	1	0	0	1	3
2013/12/28-12:26:53	78	1,295.27	86.202	3	0	0	0	0	0	0	1	1	0	0	8
2013/12/28-12:27:19	78	1,295.27	86.202	1	0	0	0	0	0	1	1	0	0	1	3
2013/12/28-12:27:46	78	1,295.27	86.202	2	0	0	0	0	0	1	1	0	0	1	6
2013/12/28-12:28:36	78	1,295.27	86.202	6	0	0	1	0	0	1	1	0	0	1	17
2013/12/28-18:29:24	82	1,256.146	89.822	4	0	0	0	0	0	0	1	1	0	0	60
2013/12/28-18:30:43	82	1,256.146	89.822	1	0	1	0	1	0	0	1	1	0	0	3
2013/12/28-18:31:05	82	1,256.146	89.822	2	0	0	17	0	0	0	1	1	0	0	17
2013/12/28-18:31:41	82	1,256.146	89.822	3	0	0	1	0	0	0	1	1	0	0	8
2013/12/28-18:32:08	82	1,256.146	89.822	3	0	0	0	0	0	0	1	1	0	0	8
2013/12/28-18:45:09	80	1,313.093	81.897	3	0	0	0	1	0	0	1	1	0	0	13
2013/12/28-18:45:40	80	1,313.093	81.897	3	0	0	0	1	0	0	1	1	0	0	13
2013/12/28-18:46:12	80	1,313.093	81.897	3	0	0	9	1	0	0	1	1	0	0	15
2013/12/28-18:46:46	80	1,313.093	81.897	1	0	0	0	0	0	1	1	0	0	1	3
2013/12/28-18:47:13	80	1,313.093	81.897	6	0	0	2	0	0	1	1	0	0	1	20
2013/12/28-18:55:17	79	1,329.191	75.505	3	0	0	0	0	0	1	1	0	0	1	5
2013/12/28-18:55:44	79	1,329.191	75.505	1	0	0	0	1	0	1	1	0	0	1	3
2013/12/28-18:56:11	79	1,329.191	75.505	6	0	0	1	1	0	0	1	1	0	0	17
2013/12/28-18:56:48	79	1,329.191	75.505	2	0	0	10	0	0	0	1	1	0	0	13
2013/12/28-18:57:20	79	1,329.191	75.505	1	0	0	0	0	0	1	1	0	0	1	3
2013/12/29-01:57:53	80	1,304.511	84.057	1	0	0	0	1	0	1	1	0	0	1	3
2013/12/29-01:59:13	80	1,304.511	84.057	1	0	0	0	1	0	1	1	0	0	1	3
2013/12/29-01:59:37	80	1,304.511	84.057	9	0	0	6	1	0	1	1	0	0	1	31
2013/12/29-02:00:56	80	1,304.511	84.057	7	0	0	0	1	0	0	1	1	0	0	20
2013/12/29-02:01:34	80	1,304.511	84.057	4	0	0	0	1	0	0	1	1	0	0	22
2013/12/29-02:05:20	80	1,304.511	84.057	2	0	1	0	0	0	0	1	0	0	1	16
2013/12/29-02:06:39	80	1,304.511	84.057	7	0	1	5	1	0	0	1	0	0	1	38
2013/12/29-02:07:36	80	1,304.511	84.057	2	0	0	0	2	0	0	1	1	0	0	7
2013/12/29-02:08:02	80	1,304.511	84.057	1	0	0	0	0	0	1	1	0	0	1	3
2013/12/29-02:08:24	80	1,304.511	84.057	2	0	0	0	2	0	1	1	0	0	1	3
2013/12/29-02:24:05	80	1,304.511	84.057	1	0	1	0	1	0	0	1	0	0	1	4
2013/12/29-02:24:28	80	1,304.511	84.057	7	0	0	4	0	0	1	1	0	0	1	23
2013/12/29-02:25:48	80	1,304.511	84.057	8	0	1	6	0	0	0	1	0	0	1	38
2013/12/29-02:26:45	80	1,304.511	84.057	4	0	0	0	0	0	0	1	1	0	0	16
2013/12/29-02:27:20	80	1,304.511	84.057	1	0	1	0	0	0	0	1	0	0	1	3
2013/12/29-07:33:05	78	1,350.149	82.362	1	0	1	0	1	0	0	1	0	0	1	4
2013/12/29-07:33:29	78	1,350.149	82.362	8	0	0	4	1	0	0	1	1	0	0	29
2013/12/29-07:34:16	78	1,350.149	82.362	1	0	0	0	0	0	1	1	0	0	1	3
2013/12/29-07:35:35	78	1,350.149	82.362	1	0	1	0	1	0	0	1	0	0	1	3
2013/12/29-07:35:57	78	1,350.149	82.362	7	0	0	5	0	0	1	1	0	0	1	21
2013/12/29-08:00:53	76	1,368.914	75.644	2	0	0	0	0	0	0	1	1	0	0	6
2013/12/29-08:01:18	76	1,368.914	75.644	4	0	0	3	0	0	0	1	1	0	0	18
2013/12/29-08:01:55	76	1,368.914	75.644	2	0	0	0	0	0	1	1	0	0	1	6
2013/12/29-08:02:20	76	1,368.914	75.644	1	0	0	0	0	0	1	1	0	0	1	3
2013/12/29-08:02:49	76	1,368.914	75.644	7	0	0	4	0	0	0	1	1	0	0	60
2013/12/29-08:18:22	72	1,385.988	70.085	2	0	0	0	1	0	1	1	0	0	1	7
2013/12/29-08:18:48	72	1,385.988	70.085	1	0	0	0	0	0	0	1	1	0	0	3
2013/12/29-08:19:11	72	1,385.988	70.085	3	0	0	6	0	0	1	1	0	0	1	21
2013/12/29-08:19:58	72	1,385.988	70.085	3	0	1	0	0	0	0	1	0	0	1	30
2013/12/29-08:20:47	72	1,385.988	70.085	0	0	1	0	0	0	0	1	0	0	1	6
2013/12/29-12:20:12	70	1,400.09	74.622	7	0	1	6	0	0	0	1	0	0	1	46
2013/12/29-12:21:17	70	1,400.09	74.622	2	0	0	0	0	0	1	1	0	0	1	4
2013/12/29-12:22:00	70	1,400.09	74.622	8	0	1	0	0	0	0	1	0	0	1	33
2013/12/29-12:22:53	70	1,400.09	74.622	3	0	0	0	0	0	1	1	0	0	1	23
2013/12/29-12:23:46	70	1,400.09	74.622	6	0	0	2	0	0	1	1	0	0	1	19
2013/12/29-12:32:36	70	1,400.09	74.622	4	0	0	1	0	0	1	1	0	0	1	18
2013/12/29-12:33:13	70	1,400.09	74.622	10	0	0	3	0	0	1	1	0	0	1	31
2013/12/29-12:34:02	70	1,400.09	74.622	1	0	0	0	0	0	1	1	0	0	1	3
2013/12/29-12:34:47	70	1,400.09	74.622	3	0	0	0	0	0	1	1	0	0	1	5
2013/12/29-12:36:06	70	1,400.09	74.622	1	0	0	0	0	0	0	1	1	0	0	60
2013/12/29-12:47:24	74	1,370.286	67.627	3	0	0	1	0	0	0	1	1	0	0	9
2013/12/29-12:47:52	74	1,370.286	67.627	6	0	0	1	0	0	0	1	1	0	0	14
2013/12/29-12:48:25	74	1,370.286	67.627	2	0	0	0	0	0	1	1	0	0	1	7
2013/12/29-12:48:58	74	1,370.286	67.627	5	0	0	3	0	0	0	1	1	0	0	20
2013/12/29-12:49:37	74	1,370.286	67.627	9	0	0	2	0	0	1	1	0	0	1	33
2013/12/29-18:04:04	74	1,373.034	71.817	10	0	0	4	0	0	1	1	0	0	1	36
2013/12/29-18:05:23	74	1,373.034	71.817	7	0	0	3	0	0	1	1	0	0	1	32
2013/12/29-18:06:13	74	1,373.034	71.817	10	0	0	3	0	0	1	1	0	0	1	41
2013/12/29-18:07:32	74	1,373.034	71.817	4	0	0	1	0	0	1	1	0	0	1	15
2013/12/29-18:08:50	74	1,373.034	71.817	6	0	0	1	0	0	1	1	0	0	1	40
2013/12/29-18:23:11	74	1,376.122	67.937	3	0	0	0	0	0	1	1	0	0	1	7
2013/12/29-18:23:38	74	1,376.122	67.937	2	0	0	0	0	0	1	1	0	0	1	8
2013/12/29-18:24:05	74	1,376.122	67.937	4	0	0	1	0	0	0	1	1	0	0	12
2013/12/29-18:24:35	74	1,376.122	67.937	1	0	0	0	0	0	1	1	0	0	1	3
2013/12/29-18:24:59	74	1,376.122	67.937	9	0	0	5	0	0	1	1	0	0	1	49
2013/12/29-20:45:57	74	1,376.122	67.937	2	0	0	0	0	0	1	1	0	0	1	4
2013/12/29-20:46:38	74	1,376.122	67.937	1	0	1	0	0	0	0	1	0	0	1	25
2013/12/29-20:47:22	74	1,376.122	67.937	16	0	0	5	0	0	1	1	0	0	1	59
2013/12/29-20:48:40	74	1,376.122	67.937	7	0	0	0	0	0	1	1	0	0	1	12
2013/12/29-20:49:25	74	1,376.122	67.937	2	0	0	0	0	0	1	1	0	0	1	5
2013/12/30-03:37:17	78	1,333.764	74.127	3	0	0	0	0	0	1	1	0	0	1	4
2013/12/30-03:38:36	78	1,333.764	74.127	7	0	1	4	0	0	0	1	0	0	1	37
2013/12/30-03:39:37	78	1,333.764	74.127	2	0	0	0	0	0	1	1	0	0	1	5
2013/12/30-03:40:20	78	1,333.764	74.127	10	0	0	7	0	0	0	1	0	0	1	60
2013/12/30-03:41:39	78	1,333.764	74.127	2	0	0	0	0	0	1	1	0	0	1	4
2013/12/30-04:00:53	78	1,316.917	69.065	4	0	1	1	0	0	0	1	0	0	1	20
2013/12/30-04:01:42	78	1,316.917	69.065	11	0	0	5	0	0	1	1	0	0	1	56
2013/12/30-04:03:01	78	1,316.917	69.065	6	0	0	6	0	0	1	1	0	0	1	53
2013/12/30-04:04:13	78	1,316.917	69.065	4	0	0	1	0	0	1	1	0	0	1	21
2013/12/30-04:05:03	78	1,316.917	69.065	6	0	1	7	1	0	0	1	0	0	1	42
2013/12/30-04:15:19	78	1,316.917	69.065	2	0	0	0	0	0	1	1	0	0	1	4
2013/12/30-04:15:52	78	1,316.917	69.065	3	0	0	2	0	0	0	1	1	0	0	12
2013/12/30-04:16:24	78	1,316.917	69.065	3	0	0	0	0	0	1	1	0	0	1	4
2013/12/30-04:16:57	78	1,316.917	69.065	3	0	0	0	0	0	0	1	1	0	0	22
2013/12/30-04:17:38	78	1,316.917	69.065	4	0	0	0	0	0	0	1	1	0	0	34
2013/12/30-08:25:03	77	1,344.74	70.133	5	0	1	4	0	0	0	1	0	0	1	22
2013/12/30-08:25:43	77	1,344.74	70.133	4	0	0	0	0	0	1	1	0	0	1	8
2013/12/30-08:26:10	77	1,349.877	69.025	4	0	1	2	0	0	0	1	0	0	1	41
2013/12/30-08:27:10	77	1,349.877	69.025	2	0	0	0	0	0	1	1	0	0	1	4
2013/12/30-08:27:37	77	1,349.877	69.025	3	0	1	1	0	0	0	1	0	0	1	9
2013/12/30-08:41:12	77	1,349.877	69.025	2	0	0	0	0	0	1	1	0	0	1	4
2013/12/30-08:42:08	77	1,349.877	69.025	4	0	1	1	1	0	0	1	0	0	1	11
2013/12/30-08:42:54	77	1,349.877	69.025	3	0	1	0	0	0	0	1	0	0	1	13
2013/12/30-08:43:42	77	1,349.877	69.025	1	0	0	0	0	0	1	1	0	0	1	3
2013/12/30-08:44:30	77	1,349.877	69.025	4	0	0	0	0	0	1	1	0	0	1	11
2013/12/30-08:50:27	77	1,349.877	69.025	6	0	1	5	0	0	0	1	0	0	1	57
2013/12/30-08:51:43	77	1,349.877	69.025	3	0	0	0	0	0	1	1	0	0	1	5
2013/12/30-08:52:12	77	1,349.877	69.025	5	0	0	2	0	0	1	1	0	0	1	17
2013/12/30-08:52:57	77	1,336.143	63.135	7	0	0	0	0	0	1	1	0	0	1	17
2013/12/30-08:54:16	77	1,336.143	63.135	7	0	0	4	0	0	1	1	0	0	1	32
2013/12/30-13:05:58	76	1,340.451	70.166	2	0	0	0	0	0	1	1	0	0	1	4
2013/12/30-13:06:24	76	1,340.451	70.166	3	0	1	2	0	0	0	1	0	0	1	35
2013/12/30-13:07:17	76	1,340.451	70.166	10	0	1	1	0	0	0	1	0	0	1	30
2013/12/30-13:08:06	76	1,340.451	70.166	7	0	1	3	0	0	0	1	0	0	1	18
2013/12/30-13:09:01	76	1,340.451	70.166	1	0	0	0	0	0	1	1	0	0	1	3
2013/12/30-13:22:31	76	1,340.451	70.166	2	0	0	0	0	0	1	1	0	0	1	4
2013/12/30-13:22:58	76	1,340.451	70.166	4	0	0	2	0	0	1	1	0	0	1	23
2013/12/30-13:23:40	76	1,340.451	70.166	2	0	0	0	0	0	1	1	0	0	1	5
2013/12/30-13:24:58	76	1,340.451	70.166	2	0	0	0	0	0	1	1	0	0	1	7
2013/12/30-13:25:25	76	1,340.451	70.166	8	0	0	2	0	0	1	1	0	0	1	37
2013/12/30-13:33:40	76	1,319.092	63.381	4	0	0	0	0	0	0	1	1	0	0	11
2013/12/30-13:34:10	76	1,319.092	63.381	7	0	0	5	0	0	0	1	0	0	1	60
2013/12/30-13:35:29	76	1,319.092	63.381	6	0	1	2	0	0	0	1	0	0	1	24
2013/12/30-13:36:12	76	1,319.092	63.381	4	0	0	0	0	0	0	1	1	0	0	6
2013/12/30-13:36:37	76	1,319.092	63.381	4	0	0	0	1	0	1	1	0	0	1	7
2013/12/30-19:28:50	75	1,333.618	71.461	15	0	0	4	1	0	0	1	1	0	0	51
2013/12/30-19:30:01	75	1,333.618	71.461	3	0	0	0	0	0	1	1	0	0	1	4
2013/12/30-19:31:20	75	1,333.618	71.461	2	0	0	0	0	0	1	1	0	0	1	4
2013/12/30-19:32:39	75	1,333.618	71.461	9	0	0	3	0	0	1	1	0	0	1	19
2013/12/30-19:33:17	75	1,333.618	71.461	8	0	1	5	0	0	0	1	0	0	1	34
2013/12/30-19:39:28	75	1,333.618	71.461	7	0	0	3	1	0	0	1	1	0	0	25
2013/12/30-19:40:12	75	1,333.618	71.461	6	0	0	1	0	0	0	1	1	0	0	19
2013/12/30-19:40:50	75	1,333.618	71.461	3	0	0	1	0	0	1	1	0	0	1	6
2013/12/30-19:41:18	75	1,333.618	71.461	6	0	0	3	0	0	0	1	1	0	0	18
2013/12/30-19:41:55	75	1,333.618	71.461	2	0	0	0	0	0	1	1	0	0	1	5
2013/12/30-20:03:05	75	1,333.618	71.461	8	0	0	1	0	0	1	1	0	0	1	28
2013/12/30-20:04:20	75	1,333.618	71.461	2	0	1	1	0	0	0	1	0	0	1	5
2013/12/30-20:04:51	75	1,333.618	71.461	4	0	0	2	0	0	0	1	1	0	0	21
2013/12/30-20:05:32	75	1,333.618	71.461	5	0	1	3	0	0	0	1	0	0	1	24
2013/12/30-20:06:23	75	1,341.196	62.329	3	0	0	1	0	0	0	1	1	0	0	60
2013/12/31-11:10:36	76	1,351.55	89.221	1	0	0	0	1	0	1	1	0	0	1	3
2013/12/31-11:11:55	76	1,351.55	89.221	1	0	1	0	1	0	0	1	0	0	1	3
2013/12/31-11:12:17	76	1,351.55	89.221	2	0	0	0	0	0	1	1	0	0	1	5
2013/12/31-11:12:41	76	1,351.55	89.221	2	0	0	0	0	0	1	1	0	0	1	4
2013/12/31-11:13:15	76	1,351.55	89.221	10	0	0	5	0	0	1	1	0	0	1	25
2013/12/31-11:14:09	76	1,351.55	89.221	2	0	1	12	0	0	0	1	0	0	1	14
2013/12/31-11:14:42	76	1,351.55	89.221	1	0	0	0	0	0	1	1	0	0	1	3
2013/12/31-11:15:21	76	1,351.55	89.221	2	0	0	0	1	0	1	1	0	0	1	6
2013/12/31-11:15:54	76	1,351.55	89.221	7	0	1	3	0	0	0	1	0	0	1	24
2013/12/31-11:16:37	76	1,351.55	89.221	3	0	1	0	0	0	0	1	0	0	1	29
2013/12/31-11:30:34	76	1,351.55	89.221	1	0	0	0	0	0	1	1	0	0	1	3
2013/12/31-11:31:53	76	1,351.55	89.221	4	0	1	0	0	0	0	1	0	0	1	14
2013/12/31-11:33:12	76	1,351.55	89.221	3	0	0	15	1	0	0	1	1	0	0	21
2013/12/31-11:33:52	76	1,351.55	89.221	3	0	0	0	1	0	0	1	1	0	0	9
2013/12/31-11:34:20	76	1,351.55	89.221	4	0	1	5	0	0	0	1	0	0	1	28
2013/12/31-14:14:31	76	1,339.755	81.797	8	0	0	7	1	0	1	1	0	0	1	55
2013/12/31-14:15:45	76	1,339.755	81.797	4	0	1	13	1	0	0	1	0	0	1	22
2013/12/31-14:17:04	76	1,339.755	81.797	2	0	0	0	0	0	1	1	0	0	1	4
2013/12/31-14:18:10	76	1,339.755	81.797	6	0	0	1	1	0	1	1	0	0	1	23
2013/12/31-14:19:01	76	1,339.755	81.797	1	0	0	0	0	0	1	1	0	0	1	3
2013/12/31-14:30:55	76	1,350.755	77.842	4	0	1	16	0	0	0	1	0	0	1	33
2013/12/31-14:31:47	76	1,350.755	77.842	1	0	0	0	0	0	1	1	0	0	1	3
2013/12/31-14:32:15	76	1,350.755	77.842	1	0	0	0	0	0	0	1	1	0	0	3
2013/12/31-14:32:38	76	1,350.755	77.842	5	0	0	2	0	0	1	1	0	0	1	14
2013/12/31-14:33:11	76	1,350.755	77.842	5	0	0	0	1	0	0	1	1	0	0	20
2013/12/31-14:47:31	76	1,350.755	77.842	1	0	0	0	1	0	1	1	0	0	1	3
2013/12/31-14:48:04	76	1,350.755	77.842	1	0	1	0	0	0	0	1	0	0	1	3
2013/12/31-14:48:41	76	1,350.755	77.842	3	0	0	0	1	0	0	1	1	0	0	23
2013/12/31-15:00:03	76	1,350.755	77.842	3	0	0	13	2	0	0	1	1	0	0	60
2013/12/31-15:01:24	76	1,350.755	77.842	7	0	0	3	0	0	0	1	1	0	0	44
2013/12/31-19:23:11	77	1,351.544	79.126	5	0	0	0	1	0	0	1	1	0	0	20
2013/12/31-19:23:50	77	1,351.544	79.126	5	0	1	2	0	0	0	1	0	0	1	18
2013/12/31-19:24:27	77	1,351.544	79.126	4	0	0	0	0	0	0	1	1	0	0	18
2013/12/31-19:25:04	77	1,351.544	79.126	2	0	0	0	1	0	1	1	0	0	1	6
2013/12/31-19:25:28	77	1,351.544	79.126	4	0	0	0	0	0	1	1	0	0	1	8
2013/12/31-19:35:38	76	1,366.937	73.312	0	0	1	0	0	0	0	1	0	0	1	4
2013/12/31-19:36:01	76	1,366.937	73.312	1	0	0	0	0	0	1	1	0	0	1	3
2013/12/31-19:36:34	76	1,366.937	73.312	3	0	0	21	0	0	1	1	0	0	1	25
2013/12/31-19:37:18	76	1,366.937	73.312	1	0	1	0	0	0	0	1	0	0	1	5
2013/12/31-19:37:42	76	1,366.937	73.312	6	0	1	2	0	0	0	1	0	0	1	23
2013/12/31-19:49:43	76	1,366.937	73.312	1	0	0	0	1	0	1	1	0	0	1	3
2013/12/31-19:50:07	76	1,366.937	73.312	4	0	0	0	0	0	0	1	1	0	0	26
2013/12/31-19:50:52	76	1,366.937	73.312	1	0	0	0	0	0	1	1	0	0	1	3
2013/12/31-19:52:11	76	1,366.937	73.312	5	0	0	1	1	0	0	1	1	0	0	15
2013/12/31-19:52:45	76	1,366.937	73.312	3	0	1	0	2	0	0	1	0	0	1	9
2013/12/31-23:19:38	74	1,391.409	72.885	4	0	0	0	0	0	1	1	0	0	1	6
2013/12/31-23:20:12	74	1,391.409	72.885	4	0	1	0	1	0	0	1	0	0	1	12
2013/12/31-23:21:31	74	1,391.409	72.885	3	0	0	2	0	0	0	1	1	0	0	15
2013/12/31-23:22:05	74	1,391.409	72.885	1	0	0	0	0	0	1	1	0	0	1	4
2013/12/31-23:22:27	74	1,391.409	72.885	1	0	0	0	0	0	1	1	0	0	1	3
2013/12/31-23:31:59	74	1,368.744	68.098	2	0	0	0	1	0	0	1	1	0	0	6
2013/12/31-23:32:24	74	1,368.744	68.098	1	0	0	0	0	0	1	1	0	0	1	3
2013/12/31-23:32:55	74	1,368.744	68.098	5	0	0	2	0	0	0	1	1	0	0	11
2013/12/31-23:33:25	74	1,368.744	68.098	1	0	0	0	0	0	1	1	0	0	1	3
2013/12/31-23:33:48	74	1,368.744	68.098	1	0	0	0	0	0	1	1	0	0	1	3
2013/12/31-23:48:09	74	1,368.744	68.098	2	0	0	0	1	0	1	1	0	0	1	6
2013/12/31-23:48:38	74	1,368.744	68.098	3	0	1	0	1	0	0	1	0	0	1	8
2013/12/31-23:49:12	74	1,368.744	68.098	1	0	0	0	0	0	1	1	0	0	1	3
2013/12/31-23:49:34	79	1,324.204	62.396	2	0	0	0	1	0	1	1	0	0	1	6
2013/12/31-23:49:59	79	1,324.204	62.396	1	0	0	0	0	0	1	1	0	0	1	3
2014/01/01-03:36:27	80	1,316.313	69.059	7	0	1	3	0	0	0	1	0	0	1	23
2014/01/01-03:37:09	80	1,316.313	69.059	1	0	0	0	0	0	0	1	1	0	0	7
2014/01/01-03:37:34	80	1,316.313	69.059	1	0	0	0	0	0	1	1	0	0	1	3
2014/01/01-03:37:56	80	1,316.313	69.059	4	0	0	1	0	0	0	1	1	0	0	22
2014/01/01-03:38:36	80	1,316.313	69.059	3	0	1	0	0	0	0	1	0	0	1	25
2014/01/01-03:49:32	80	1,316.313	69.059	3	0	0	22	1	0	1	1	0	0	1	22
2014/01/01-03:50:13	80	1,316.313	69.059	4	0	1	0	1	0	0	1	0	0	1	43
2014/01/01-03:51:15	80	1,316.313	69.059	3	0	0	1	0	0	1	1	0	0	1	6
2014/01/01-03:52:34	80	1,316.313	69.059	2	0	0	0	0	0	1	1	0	0	1	10
2014/01/01-03:53:03	80	1,316.313	69.059	1	0	0	0	0	0	1	1	0	0	1	3
2014/01/01-04:01:50	75	1,373.079	63.157	2	0	0	0	0	0	1	1	0	0	1	4
2014/01/01-04:02:19	75	1,373.079	63.157	5	0	0	0	1	0	0	1	1	0	0	16
2014/01/01-04:02:54	75	1,373.079	63.157	7	0	0	3	0	0	0	1	1	0	0	28
2014/01/01-04:03:41	75	1,373.079	63.157	2	0	0	0	0	0	0	1	1	0	0	50
2014/01/01-04:04:50	75	1,373.079	63.157	2	0	0	0	1	0	0	1	1	0	0	7
2014/01/01-07:45:49	71	1,408.546	68.465	5	0	1	0	0	0	0	1	0	0	1	29
2014/01/01-07:46:37	71	1,408.546	68.465	13	0	0	2	0	0	1	1	0	0	1	48
2014/01/01-07:47:45	71	1,408.546	68.465	5	0	0	0	0	0	0	1	0	0	1	60
2014/01/01-07:49:03	71	1,408.546	68.465	1	0	0	0	0	0	1	1	0	0	1	3
2014/01/01-07:49:30	71	1,408.546	68.465	3	0	0	22	0	0	1	1	0	0	1	25
2014/01/01-07:54:56	71	1,410.28	65.27	1	0	1	0	0	0	0	1	0	0	1	3
2014/01/01-07:56:06	71	1,410.28	65.27	1	0	0	0	0	0	1	1	0	0	1	8
2014/01/01-07:56:34	71	1,410.28	65.27	1	0	0	0	0	0	1	1	0	0	1	3
2014/01/01-07:57:02	71	1,410.28	65.27	6	0	1	2	0	0	0	1	0	0	1	22
2014/01/01-07:57:46	71	1,410.28	65.27	3	0	0	0	1	0	1	1	0	0	1	9
2014/01/01-08:10:12	71	1,410.28	65.27	1	0	0	0	0	0	1	1	0	0	1	3
2014/01/01-08:10:45	71	1,410.28	65.27	10	0	1	3	0	0	0	1	0	0	1	37
2014/01/01-08:11:41	71	1,410.28	65.27	8	0	0	1	1	0	1	1	0	0	1	35
2014/01/01-08:12:35	71	1,410.28	65.27	1	0	0	0	0	0	1	1	0	0	1	3
2014/01/01-08:13:13	71	1,410.28	65.27	1	0	0	0	0	0	1	1	0	0	1	3
2014/01/01-12:31:30	73	1,390.653	72.356	1	0	0	0	1	0	1	1	0	0	1	3
2014/01/01-12:32:49	73	1,390.653	72.356	3	0	0	0	0	0	1	1	0	0	1	11
2014/01/01-12:33:32	73	1,390.653	72.356	12	0	1	0	0	0	0	1	0	0	1	47
2014/01/01-12:34:38	73	1,390.653	72.356	2	0	1	6	0	0	0	1	0	0	1	17
2014/01/01-12:35:29	73	1,390.653	72.356	2	0	1	0	0	0	0	1	0	0	1	6
2014/01/01-12:40:25	73	1,390.653	72.356	1	0	0	0	0	0	1	1	0	0	1	3
2014/01/01-12:41:34	73	1,390.653	72.356	4	0	0	0	0	0	0	1	1	0	0	27
2014/01/01-12:42:20	73	1,390.653	72.356	3	0	0	22	1	0	1	1	0	0	1	22
2014/01/01-12:43:39	73	1,390.653	72.356	9	0	0	6	1	0	0	1	1	0	0	52
2014/01/01-12:44:50	73	1,390.653	72.356	1	0	0	0	0	0	1	1	0	0	1	3
2014/01/01-13:01:11	73	1,387.998	65.095	9	0	0	4	0	0	1	1	0	0	1	23
2014/01/01-13:01:53	73	1,387.998	65.095	6	0	0	2	0	0	0	1	1	0	0	28
2014/01/01-13:02:41	73	1,387.998	65.095	1	0	0	0	1	0	1	1	0	0	1	3
2014/01/01-13:03:03	73	1,387.998	65.095	2	0	0	0	1	0	0	1	1	0	0	4
2014/01/01-13:03:25	73	1,387.998	65.095	4	0	0	0	0	0	0	1	1	0	0	34
2014/01/01-22:46:21	69	1,419.314	69.869	2	0	1	0	0	0	0	1	0	0	1	21
2014/01/01-22:47:01	69	1,419.314	69.869	1	0	1	0	0	0	0	1	0	0	1	3
2014/01/01-22:47:32	69	1,413.431	68.444	7	0	0	5	0	0	0	1	1	0	0	60
2014/01/01-22:48:50	69	1,413.431	68.444	1	0	1	0	1	0	0	1	0	0	1	3
2014/01/01-22:49:12	69	1,413.431	68.444	6	0	1	0	0	0	0	1	0	0	1	36
2014/01/01-23:13:09	69	1,413.431	68.444	4	0	0	0	1	0	0	1	1	0	0	14
2014/01/01-23:13:42	69	1,413.431	68.444	1	0	0	0	0	0	0	1	1	0	0	4
2014/01/01-23:14:05	69	1,413.431	68.444	6	0	0	2	0	0	1	1	0	0	1	23
2014/01/01-23:14:47	69	1,413.431	68.444	3	0	0	0	0	0	1	1	0	0	1	10
2014/01/01-23:15:34	69	1,413.431	68.444	3	0	0	0	0	0	1	1	0	0	1	6
2014/01/01-23:26:42	67	1,450.331	63.196	1	0	0	0	0	0	1	1	0	0	1	3
2014/01/01-23:27:13	67	1,450.331	63.196	1	0	0	0	0	0	1	1	0	0	1	3
2014/01/01-23:28:07	67	1,450.331	63.196	3	0	1	12	0	0	0	1	0	0	1	29
2014/01/01-23:28:55	67	1,450.331	63.196	1	0	0	0	0	0	1	1	0	0	1	3
2014/01/01-23:30:14	67	1,450.331	63.196	2	0	1	0	0	0	0	1	0	0	1	18
2014/01/02-03:11:54	68	1,443.377	69.297	2	0	0	0	0	0	1	1	0	0	1	4
2014/01/02-03:12:31	68	1,443.377	69.297	4	0	0	0	0	0	0	1	1	0	0	60
2014/01/02-03:13:49	68	1,443.377	69.297	8	0	0	1	1	0	0	1	1	0	0	25
2014/01/02-03:14:34	68	1,443.377	69.297	1	0	0	0	0	0	1	1	0	0	1	3
2014/01/02-03:15:00	68	1,443.377	69.297	1	0	0	0	1	0	1	1	0	0	1	3
2014/01/02-03:28:05	69	1,416.649	65.493	10	0	0	0	2	0	0	1	1	0	0	40
2014/01/02-03:29:03	69	1,416.649	65.493	2	0	0	0	0	0	1	1	0	0	1	4
2014/01/02-03:29:43	69	1,416.649	65.493	1	0	0	0	0	0	1	1	0	0	1	3
2014/01/02-03:30:11	69	1,416.649	65.493	1	0	0	0	0	0	1	1	0	0	1	3
2014/01/02-03:30:49	69	1,416.649	65.493	5	0	0	4	2	0	0	1	1	0	0	18
2014/01/02-03:40:11	69	1,416.649	65.493	2	0	0	0	0	0	0	1	0	0	1	60
2014/01/02-03:41:30	69	1,416.649	65.493	8	0	0	3	0	0	1	1	0	0	1	29
2014/01/02-03:42:17	69	1,416.649	65.493	3	0	0	11	0	0	1	1	0	0	1	17
2014/01/02-03:42:54	69	1,416.649	65.493	6	0	0	0	0	0	1	1	0	0	1	50
2014/01/02-03:44:02	69	1,416.649	65.493	1	0	0	0	0	0	1	1	0	0	1	4
2014/01/02-08:03:46	69	1,429.739	68.384	1	0	0	0	0	0	1	1	0	0	1	3
2014/01/02-08:04:22	69	1,429.739	68.384	4	0	0	1	0	0	1	1	0	0	1	17
2014/01/02-08:04:58	69	1,429.739	68.384	4	0	0	0	0	0	1	1	0	0	1	6
2014/01/02-08:05:33	69	1,429.739	68.384	2	0	1	3	0	0	0	1	0	0	1	11
2014/01/02-08:06:02	69	1,429.739	68.384	2	0	1	0	0	0	0	1	0	0	1	7
2014/01/02-08:15:54	70	1,413.245	64.959	3	0	0	0	3	0	0	1	1	0	0	12
2014/01/02-08:16:26	70	1,413.245	64.959	3	0	0	0	1	0	0	1	1	0	0	15
2014/01/02-08:17:00	70	1,413.245	64.959	1	0	0	0	0	0	1	1	0	0	1	3
2014/01/02-08:17:22	70	1,413.245	64.959	3	0	0	1	2	0	0	1	1	0	0	16
2014/01/02-08:17:57	70	1,413.245	64.959	2	0	0	0	0	0	1	1	0	0	1	4
2014/01/02-08:30:23	70	1,413.245	64.959	2	0	0	0	1	0	0	1	1	0	0	6
2014/01/02-08:30:48	70	1,413.245	64.959	4	0	0	0	0	0	0	1	1	0	0	36
2014/01/02-08:31:43	70	1,413.245	64.959	4	0	0	0	0	0	0	1	1	0	0	11
2014/01/02-08:32:13	70	1,413.245	64.959	2	0	0	6	0	0	0	1	1	0	0	12
2014/01/02-08:32:44	70	1,413.245	64.959	11	0	0	2	3	0	0	1	1	0	0	34
2014/01/02-13:01:42	66	1,447.591	71.336	1	0	0	0	0	0	0	1	1	0	0	11
2014/01/02-13:02:12	66	1,447.591	71.336	2	0	0	0	0	0	1	1	0	0	1	3
2014/01/02-13:02:52	66	1,447.591	71.336	0	0	1	0	0	0	0	1	0	0	1	3
2014/01/02-13:03:26	66	1,447.591	71.336	2	0	0	0	0	0	0	1	1	0	0	7
2014/01/02-13:03:52	66	1,447.591	71.336	1	0	0	0	0	0	1	1	0	0	1	3
2014/01/02-13:16:44	66	1,447.591	71.336	3	0	0	22	0	0	1	1	0	0	1	25
2014/01/02-13:17:32	65	1,431.325	66.644	3	0	0	0	0	0	1	1	0	0	1	6
2014/01/02-13:18:19	65	1,431.325	66.644	3	0	0	0	3	0	0	1	1	0	0	10
2014/01/02-13:18:48	65	1,431.325	66.644	5	0	0	0	0	0	0	1	0	0	1	60
2014/01/02-13:20:07	65	1,431.325	66.644	1	0	0	0	0	0	1	1	0	0	1	3
2014/01/02-13:31:59	65	1,431.325	66.644	1	0	0	0	1	0	1	1	0	0	1	3
2014/01/02-13:33:18	65	1,431.325	66.644	7	0	0	3	0	0	1	1	0	0	1	31
2014/01/02-13:34:08	65	1,431.325	66.644	2	0	0	0	0	0	1	1	0	0	1	5
2014/01/02-13:35:28	65	1,431.325	66.644	2	0	0	22	2	0	0	1	1	0	0	60
2014/01/02-13:36:47	65	1,431.325	66.644	13	0	0	2	1	0	1	1	0	0	1	40
2014/01/02-17:21:11	74	1,399.838	71.157	8	0	0	1	1	0	0	1	1	0	0	30
2014/01/02-17:22:01	74	1,399.838	71.157	1	0	0	0	2	0	0	1	1	0	0	4
2014/01/02-17:22:24	74	1,399.838	71.157	2	0	0	0	2	0	0	1	1	0	0	9
2014/01/02-17:22:52	74	1,399.838	71.157	4	0	0	0	0	0	0	1	1	0	0	27
2014/01/02-17:23:38	74	1,399.838	71.157	3	0	0	8	1	0	0	1	1	0	0	14
2014/01/02-17:33:14	74	1,399.838	71.157	3	0	0	0	0	0	1	1	0	0	1	4
2014/01/02-17:33:55	74	1,399.838	71.157	3	0	1	0	0	0	0	1	0	0	1	13
2014/01/02-17:35:14	74	1,399.838	71.157	1	0	1	0	0	0	0	1	0	0	1	4
2014/01/02-17:35:58	74	1,399.838	71.157	1	0	0	0	0	0	1	1	0	0	1	3
2014/01/02-17:36:44	74	1,399.838	71.157	10	0	1	0	0	0	0	1	0	0	1	46
2014/01/02-17:43:41	74	1,399.838	71.157	1	0	1	0	1	0	0	1	1	0	0	9
2014/01/02-17:44:09	74	1,399.838	71.157	2	0	1	0	0	0	0	1	0	0	1	10
2014/01/02-17:44:38	74	1,399.838	71.157	2	0	0	0	0	0	0	1	1	0	0	11
2014/01/02-17:45:08	74	1,399.838	71.157	1	0	0	0	0	0	1	1	0	0	1	3
2014/01/02-17:45:43	66	1,446.652	62.398	7	0	0	6	1	0	0	1	1	0	0	24
2014/01/03-01:24:17	66	1,457.154	72.395	5	0	0	2	0	0	1	1	0	0	1	16
2014/01/03-01:25:36	66	1,457.154	72.395	2	0	1	0	0	0	0	1	0	0	1	14
2014/01/03-01:26:10	66	1,457.154	72.395	8	0	0	7	0	0	0	1	1	0	0	38
2014/01/03-01:27:06	66	1,457.154	72.395	1	0	0	0	2	0	1	1	0	0	1	3
2014/01/03-01:27:28	66	1,457.154	72.395	3	0	0	0	0	0	0	1	1	0	0	14
2014/01/03-01:45:47	62	1,486.845	68.087	1	0	1	0	1	0	0	1	0	0	1	6
2014/01/03-01:46:26	62	1,486.845	68.087	3	0	0	0	0	0	0	1	0	0	1	60
2014/01/03-01:47:45	62	1,486.845	68.087	3	0	0	0	1	0	1	1	0	0	1	12
2014/01/03-01:48:15	62	1,486.845	68.087	2	0	1	14	0	0	0	1	0	0	1	17
2014/01/03-01:48:52	62	1,486.845	68.087	4	0	0	1	0	0	1	1	0	0	1	26
2014/01/03-01:59:55	62	1,486.845	68.087	3	0	1	2	0	0	0	1	0	0	1	18
2014/01/03-02:01:15	62	1,486.845	68.087	3	0	1	0	0	0	0	1	0	0	1	15
2014/01/03-02:02:34	62	1,486.845	68.087	2	0	1	0	0	0	0	1	0	0	1	18
2014/01/03-02:03:11	62	1,486.845	68.087	1	0	0	0	0	0	1	1	0	0	1	6
2014/01/03-02:03:59	62	1,486.845	68.087	1	0	0	0	0	0	1	1	0	0	1	3
2014/01/03-05:47:47	60	1,495.146	72.668	1	0	0	0	1	0	1	1	0	0	1	3
2014/01/03-05:48:14	60	1,495.146	72.668	5	0	0	1	0	0	1	1	0	0	1	14
2014/01/03-05:48:47	60	1,495.146	72.668	3	0	0	20	1	0	1	1	1	0	0	22
2014/01/03-05:49:29	60	1,495.146	72.668	1	0	0	0	1	0	1	1	0	0	1	3
2014/01/03-05:49:51	60	1,495.146	72.668	7	0	0	2	0	0	1	1	0	0	1	18
2014/01/03-06:02:32	60	1,495.146	72.668	14	0	0	4	0	0	0	1	1	0	0	60
2014/01/03-06:03:52	60	1,495.146	72.668	5	0	1	1	0	0	0	1	0	0	1	10
2014/01/03-06:04:30	60	1,495.146	72.668	4	0	0	1	0	0	0	1	1	0	0	15
2014/01/03-06:05:04	60	1,495.146	72.668	1	0	0	0	1	0	1	1	0	0	1	3
2014/01/03-06:05:26	60	1,495.146	72.668	3	0	1	0	0	0	0	1	0	0	1	9
2014/01/03-06:15:07	65	1,473.27	65.62	1	0	0	0	1	0	1	1	0	0	1	3
2014/01/03-06:16:26	65	1,473.27	65.62	2	0	0	0	0	0	0	1	1	0	0	37
2014/01/03-06:17:22	65	1,473.27	65.62	9	0	1	0	1	0	0	1	0	0	1	26
2014/01/03-06:18:41	65	1,473.27	65.62	6	0	0	2	0	0	1	1	0	0	1	16
2014/01/03-06:19:17	65	1,473.27	65.62	3	0	1	0	0	0	0	1	0	0	1	9
