2013/09/02-14:42:17	23	1,500	350.31	0	0	1	0	0	0	0	1	0	0	1	6
2013/09/02-14:43:36	23	1,500	350.31	0	0	1	0	0	0	0	1	0	0	1	3
2013/09/02-14:44:03	23	1,500	350.31	0	0	1	0	0	0	0	1	0	0	1	3
2013/09/02-14:44:48	23	1,500	350.31	0	0	1	0	0	0	0	1	0	0	1	6
2013/09/02-14:45:21	23	1,500	350.31	0	0	1	0	0	0	0	1	0	0	1	6
2013/09/02-14:46:47	23	1,500	350.31	0	0	1	0	0	0	0	1	0	0	1	10
2013/09/02-14:47:15	23	1,500	350.31	0	0	1	0	0	0	0	1	0	0	1	6
2013/09/02-14:47:40	23	1,500	350.31	0	0	0	0	0	0	0	1	1	0	0	3
2013/09/02-14:48:03	23	1,500	350.31	0	0	1	0	0	0	0	1	0	0	1	6
2013/09/02-14:48:41	23	1,500	350.31	0	0	1	0	0	0	0	1	0	0	1	6
2013/09/02-15:02:00	23	1,500	350.31	0	0	1	0	0	0	0	1	0	0	1	3
2013/09/02-15:02:22	23	1,500	350.31	0	0	1	0	0	0	0	1	0	0	1	6
2013/09/02-15:02:48	23	1,500	350.31	0	0	1	0	0	0	0	1	0	0	1	6
2013/09/02-15:03:13	23	1,500	350.31	0	0	1	0	0	0	0	1	0	0	1	3
2013/09/02-15:03:34	23	1,500	350.31	0	0	1	0	0	0	0	1	0	0	1	3
2013/09/02-18:13:24	86	0	262.334	0	0	1	0	0	0	0	1	0	0	1	5
2013/09/02-18:14:44	86	0	262.334	0	0	1	0	0	0	0	1	0	0	1	6
2013/09/02-18:15:11	86	0	262.334	0	0	1	0	0	0	0	1	0	0	1	3
2013/09/02-18:16:06	86	0	262.334	0	0	1	0	0	0	0	1	0	0	1	3
2013/09/02-18:16:33	86	0	262.334	0	0	1	0	0	0	0	1	0	0	1	5
2013/09/02-18:43:20	86	0	262.334	0	0	1	0	0	0	0	1	0	0	1	6
2013/09/02-18:43:45	86	0	262.334	0	0	0	0	0	0	0	1	1	0	0	6
2013/09/02-18:44:09	86	0	262.334	0	0	1	0	0	0	0	1	0	0	1	6
2013/09/02-18:44:34	86	0	262.334	0	0	0	0	0	0	0	1	1	0	0	6
2013/09/02-18:44:56	86	0	262.334	0	0	1	0	0	0	0	1	0	1	0	6
2013/09/02-18:45:27	86	0	262.334	0	0	1	0	0	0	0	1	0	0	1	6
2013/09/02-18:59:37	79	883.687	236.34	0	0	0	0	0	0	0	1	1	0	0	6
2013/09/02-19:00:02	79	883.687	236.34	0	0	1	0	0	0	0	1	0	0	1	6
2013/09/02-19:00:27	79	883.687	236.34	0	0	1	0	0	0	0	1	0	0	1	6
2013/09/02-19:00:52	79	883.687	236.34	0	0	1	0	0	0	0	1	0	0	1	6
2013/09/02-19:01:17	79	883.687	236.34	0	0	1	0	0	0	0	1	0	0	1	6
2013/09/03-00:15:11	75	871.269	192.502	0	0	1	0	0	0	0	1	0	0	1	6
2013/09/03-00:15:36	75	871.269	192.502	0	0	1	0	0	0	0	1	0	0	1	6
2013/09/03-00:16:01	75	871.269	192.502	0	0	1	0	0	0	0	1	0	0	1	5
2013/09/03-00:16:26	75	871.269	192.502	0	0	1	0	0	0	0	1	0	0	1	6
2013/09/03-00:16:51	75	871.269	192.502	0	0	1	0	0	0	0	1	0	0	1	10
2013/09/03-00:19:44	75	871.269	192.502	0	0	1	0	0	0	0	1	0	0	1	4
2013/09/03-00:20:09	78	797.012	158.761	0	0	1	0	0	0	0	1	0	0	1	6
2013/09/03-00:20:34	78	797.012	158.761	0	0	0	0	0	0	0	1	1	0	0	6
2013/09/03-00:20:59	78	797.012	158.761	0	0	0	0	0	0	0	1	1	0	0	6
2013/09/03-00:21:24	78	797.012	158.761	0	0	0	0	0	0	0	1	1	0	0	3
2013/09/03-00:33:02	78	797.012	158.761	0	0	1	0	0	0	0	1	0	0	1	6
2013/09/03-00:33:27	78	797.012	158.761	0	0	1	0	0	0	0	1	0	0	1	6
2013/09/03-00:33:52	78	797.012	158.761	0	0	1	0	0	0	0	1	0	0	1	6
2013/09/03-00:34:18	78	797.012	158.761	0	0	0	0	0	0	0	1	1	0	0	6
2013/09/03-00:34:42	78	797.012	158.761	0	0	0	0	0	0	0	1	1	0	0	6
2013/09/03-00:48:21	71	1,057.372	130.06	0	0	1	0	0	0	0	1	0	0	1	6
2013/09/03-00:48:46	71	1,057.372	130.06	0	0	1	0	0	0	0	1	0	0	1	6
2013/09/03-00:49:11	71	1,057.372	130.06	0	0	1	0	0	0	0	1	0	0	1	6
2013/09/03-00:49:35	71	1,057.372	130.06	0	0	1	0	0	0	0	1	0	0	1	6
2013/09/03-00:50:00	71	1,057.372	130.06	0	0	1	0	0	0	0	1	0	0	1	3
2013/09/03-00:52:39	71	1,057.372	130.06	0	0	0	0	0	0	0	1	1	0	0	6
2013/09/03-00:53:04	71	1,057.372	130.06	0	0	0	0	0	0	0	1	1	0	0	6
2013/09/03-00:53:29	71	1,057.372	130.06	0	0	0	0	0	0	0	1	1	0	0	3
2013/09/03-00:53:51	71	1,057.372	130.06	0	0	1	0	0	0	0	1	0	0	1	3
2013/09/03-00:54:16	71	1,057.372	130.06	0	0	0	0	0	0	0	1	1	0	0	6
2013/09/03-01:04:21	71	1,057.372	130.06	0	0	1	0	0	0	0	1	0	0	1	6
2013/09/03-01:04:46	71	1,057.372	130.06	0	0	1	0	0	0	0	1	0	0	1	6
2013/09/03-01:05:11	77	893.672	114.644	0	0	0	0	0	0	0	1	1	0	0	6
2013/09/03-01:05:36	77	893.672	114.644	0	0	1	0	0	0	0	1	0	0	1	6
2013/09/03-01:06:01	77	893.672	114.644	0	0	0	0	0	0	0	1	1	0	0	6
