2013/12/26-16:22:51	56	1,500	350.465	18	0	0	14	1	0	0	1	1	0	0	39
2013/12/26-16:23:54	56	1,500	350.465	11	0	0	9	1	0	0	1	1	0	0	34
2013/12/26-16:24:45	56	1,500	350.465	2	0	0	0	1	0	0	1	1	0	0	15
2013/12/26-16:25:19	56	1,500	350.465	2	0	0	0	1	0	0	1	1	0	0	11
2013/12/26-16:25:48	56	1,500	350.465	7	0	0	0	1	0	0	1	1	0	0	24
2013/12/26-16:26:30	56	1,500	350.465	7	0	0	0	1	0	0	1	1	0	0	24
2013/12/26-16:27:11	56	1,500	350.465	6	0	0	3	1	0	1	1	0	1	0	26
2013/12/26-16:27:56	56	1,500	350.465	7	0	0	3	1	0	1	1	0	1	0	35
2013/12/26-16:28:49	56	1,500	350.465	5	0	0	0	1	0	0	1	1	0	0	19
2013/12/26-16:29:26	56	1,500	350.465	5	0	0	0	1	0	0	1	1	0	0	24
2013/12/26-16:30:08	56	1,500	350.465	4	0	0	0	1	0	0	1	1	0	0	21
2013/12/26-16:30:47	56	1,500	350.465	4	0	0	0	1	0	0	1	1	0	0	21
2013/12/26-16:31:27	56	1,500	350.465	2	0	0	3	1	0	0	1	1	0	0	23
2013/12/26-16:32:08	56	1,500	350.465	1	0	0	3	0	0	0	1	0	1	0	30
2013/12/26-16:32:56	56	1,500	350.465	2	0	0	3	0	0	0	1	0	1	0	30
2013/12/26-16:33:40	56	1,500	350.465	6	0	0	4	0	0	0	1	0	1	0	30
2013/12/26-16:35:03	56	1,500	350.465	19	0	0	14	1	0	0	1	1	0	0	43
2013/12/26-16:36:01	56	1,500	350.465	15	0	0	10	1	0	0	1	1	0	0	40
2013/12/26-16:36:59	56	1,500	350.465	5	0	0	0	1	0	0	1	1	0	0	15
2013/12/26-16:37:33	56	1,500	350.465	12	0	0	0	0	0	0	1	0	1	0	30
2013/12/26-16:38:21	56	1,500	350.465	7	0	0	0	1	0	0	1	1	0	0	27
2013/12/26-16:39:06	56	1,500	350.465	9	0	0	0	1	0	0	1	1	0	0	29
2013/12/26-16:39:54	56	1,500	350.465	7	0	0	0	1	0	0	1	1	0	0	30
2013/12/26-16:40:42	56	1,500	350.465	8	0	0	0	1	0	0	1	1	0	0	35
2013/12/26-16:41:35	56	1,500	350.465	4	0	0	0	0	0	1	1	0	0	1	14
2013/12/26-16:42:08	56	1,500	350.465	5	0	0	0	1	0	0	1	1	0	0	18
2013/12/26-16:42:43	56	1,500	350.465	5	0	0	0	1	0	0	1	1	0	0	25
2013/12/26-16:43:26	56	1,500	350.465	4	0	0	0	1	0	0	1	1	0	0	21
2013/12/26-16:44:05	56	1,500	350.465	2	0	0	3	1	0	0	1	1	0	0	23
2013/12/26-16:44:46	56	1,500	350.465	3	0	0	3	0	0	0	1	0	1	0	30
2013/12/26-16:45:31	56	1,500	350.465	8	0	0	0	0	0	0	1	0	1	0	30
2013/12/26-16:46:16	56	1,500	350.465	2	0	0	0	1	0	0	1	1	0	0	8
2013/12/26-16:47:45	56	1,500	350.465	16	0	0	14	1	0	0	1	1	0	0	50
2013/12/26-16:48:51	56	1,500	350.465	9	0	0	6	1	0	0	1	1	0	0	32
2013/12/26-16:49:41	56	1,500	350.465	5	0	0	0	1	0	0	1	1	0	0	20
2013/12/26-16:50:19	56	1,500	350.465	5	0	0	0	1	0	0	1	1	0	0	20
2013/12/26-16:50:58	56	1,500	350.465	7	0	0	0	1	0	0	1	1	0	0	22
2013/12/26-16:51:38	56	1,500	350.465	8	0	0	0	1	0	0	1	1	0	0	22
2013/12/26-16:52:44	56	1,500	350.465	8	0	0	0	1	0	0	1	1	0	0	32
2013/12/26-16:53:35	56	1,500	350.465	7	0	0	0	1	0	0	1	1	0	0	29
2013/12/26-16:54:22	56	1,500	350.465	6	0	0	0	0	0	1	1	0	0	1	22
2013/12/26-16:55:03	56	1,500	350.465	7	0	0	0	0	0	1	1	0	0	1	28
2013/12/26-16:55:49	56	1,500	350.465	5	0	0	0	1	0	0	1	1	0	0	25
2013/12/26-16:56:33	56	1,500	350.465	5	0	0	0	0	0	0	1	0	1	0	30
2013/12/26-16:57:21	56	1,500	350.465	2	0	0	3	1	0	0	1	1	0	0	22
2013/12/26-16:58:00	56	1,500	350.465	2	0	0	3	1	0	1	1	0	1	0	22
2013/12/26-16:58:40	56	1,500	350.465	12	0	0	5	0	0	0	1	0	1	0	30
2013/12/26-16:59:28	56	1,500	350.465	2	0	0	0	1	0	0	1	1	0	0	8
2013/12/26-17:01:12	56	1,500	350.465	7	0	0	4	0	0	0	1	1	0	0	23
2013/12/26-17:01:55	56	1,500	350.465	7	0	0	3	0	0	1	1	0	0	1	31
2013/12/26-17:02:44	56	1,500	350.465	3	0	0	0	0	0	0	1	1	0	0	12
2013/12/26-17:03:15	56	1,500	350.465	3	0	0	0	0	0	0	1	1	0	0	12
2013/12/26-17:03:45	56	1,500	350.465	7	0	0	0	0	0	1	1	0	0	1	20
2013/12/26-17:04:19	56	1,500	350.465	6	0	0	0	0	0	1	1	0	0	1	20
2013/12/26-17:04:54	56	1,500	350.465	2	0	0	0	0	0	0	1	1	0	0	6
2013/12/26-17:05:18	56	1,500	350.465	1	0	0	0	0	0	0	1	1	0	0	4
2013/12/26-17:05:40	56	1,500	350.465	7	0	0	0	0	0	0	1	1	0	0	22
2013/12/26-17:06:20	56	1,500	350.465	2	0	1	0	0	0	0	1	0	1	0	9
2013/12/26-17:06:47	56	1,500	350.465	0	0	0	0	0	0	0	1	1	0	0	3
2013/12/26-17:07:08	56	1,500	350.465	0	0	0	0	0	0	0	1	1	0	0	3
2013/12/26-17:07:29	56	1,500	350.465	0	0	0	3	0	0	0	1	1	0	0	3
2013/12/26-17:07:50	56	1,500	350.465	0	0	0	3	0	0	0	1	1	0	0	3
2013/12/26-17:08:10	56	1,500	350.465	1	0	0	0	0	0	0	1	1	0	0	5
2013/12/26-17:08:34	56	1,500	350.465	1	0	0	0	0	0	0	1	1	0	0	7
2013/12/26-22:11:08	51	1,555.411	350	2	0	0	0	1	0	0	1	1	0	0	3
2013/12/26-22:11:27	51	1,555.411	350	5	0	1	1	0	0	0	1	0	0	1	11
2013/12/26-22:12:01	51	1,555.411	350	1	0	1	1	0	0	0	1	0	0	1	20
2013/12/26-22:12:35	51	1,555.411	350	3	0	0	0	1	0	0	1	1	0	0	14
2013/12/26-22:13:03	51	1,555.411	350	12	0	1	5	0	0	0	1	0	0	1	47
2013/12/26-22:14:05	51	1,555.411	350	1	0	0	0	1	0	1	1	0	0	1	5
2013/12/26-22:14:29	51	1,555.411	350	1	0	1	0	0	0	0	1	0	0	1	6
2013/12/26-22:19:21	51	1,555.411	350	2	0	1	0	0	0	0	1	0	0	1	8
2013/12/26-22:19:53	51	1,555.411	350	2	0	0	1	2	0	0	1	1	0	0	7
2013/12/26-22:20:19	51	1,555.411	350	12	0	1	0	0	0	0	1	0	0	1	43
2013/12/26-22:21:21	51	1,555.411	350	11	0	1	0	0	0	0	1	0	0	1	53
2013/12/26-22:22:38	51	1,555.411	350	2	0	1	0	0	0	0	1	0	0	1	18
2013/12/26-22:23:39	51	1,555.411	350	1	0	0	0	0	0	1	1	0	0	1	7
2013/12/26-22:24:45	51	1,555.411	350	1	0	0	0	0	0	1	1	0	0	1	3
2013/12/26-22:33:13	51	1,555.411	350	1	0	0	0	0	0	1	1	0	0	1	3
2013/12/26-22:34:49	51	1,555.411	350	4	0	0	1	0	0	1	1	0	0	1	17
2013/12/26-22:36:03	51	1,555.411	350	1	0	0	0	0	0	1	1	0	0	1	4
2013/12/26-22:36:28	51	1,555.411	350	1	0	1	0	0	0	0	1	0	0	1	6
2013/12/26-22:37:47	97	218.793	247.343	0	0	1	0	0	0	0	1	0	0	1	2
2013/12/26-22:38:15	97	218.793	247.343	1	0	0	0	0	0	1	1	0	0	1	4
2013/12/26-22:39:00	97	218.793	247.343	8	0	0	0	1	0	1	1	0	0	1	28
2013/12/26-23:01:16	97	218.793	247.343	4	0	1	1	0	0	0	1	0	0	1	12
2013/12/26-23:02:10	97	218.793	247.343	4	0	0	1	0	0	0	1	1	0	0	22
2013/12/26-23:02:50	97	218.793	247.343	5	0	0	0	0	0	1	1	0	0	1	21
2013/12/26-23:03:30	97	218.793	247.343	0	0	1	2	0	0	0	1	0	0	1	75
2013/12/26-23:05:10	97	218.793	247.343	5	0	0	0	0	0	1	1	0	0	1	21
2013/12/26-23:05:50	97	218.793	247.343	2	0	0	0	0	0	1	1	0	0	1	9
2013/12/26-23:06:25	97	218.793	247.343	1	0	0	0	0	0	1	1	0	0	1	6
2013/12/26-23:13:55	97	218.793	247.343	3	0	0	0	0	0	0	1	1	0	0	22
2013/12/26-23:14:36	97	218.793	247.343	1	0	0	0	0	0	1	1	0	0	1	3
2013/12/26-23:15:52	97	218.793	247.343	3	0	1	0	0	0	0	1	0	0	1	11
2013/12/26-23:16:22	97	218.793	247.343	0	0	1	0	0	0	0	1	0	0	1	3
2013/12/26-23:16:50	97	218.793	247.343	3	0	0	0	0	0	0	1	1	0	0	13
2013/12/26-23:17:22	97	218.793	247.343	3	0	0	1	0	0	0	1	1	0	0	17
2013/12/26-23:17:59	97	218.793	247.343	11	0	0	4	0	0	1	1	0	0	1	50
2013/12/26-23:48:57	88	1,136.532	199.375	0	0	1	0	0	0	0	1	0	0	1	71
2013/12/26-23:50:38	88	1,136.532	199.375	0	0	1	0	0	0	0	1	0	0	1	3
2013/12/26-23:51:26	88	1,136.532	199.375	3	0	0	0	0	0	1	1	0	0	1	14
2013/12/26-23:51:59	88	1,136.532	199.375	2	0	1	1	0	0	0	1	0	0	1	11
2013/12/26-23:53:09	88	1,136.532	199.375	9	0	0	3	0	0	0	1	1	0	0	37
2013/12/26-23:54:05	88	1,136.532	199.375	0	0	1	0	0	0	0	1	0	0	1	8
2013/12/26-23:54:31	88	1,136.532	199.375	1	0	0	0	1	0	1	1	0	0	1	7
2013/12/27-00:06:25	88	1,136.532	199.375	4	0	0	1	0	0	0	1	1	0	0	13
2013/12/27-00:06:58	88	1,136.532	199.375	4	0	0	0	0	0	1	1	0	0	1	11
2013/12/27-00:07:49	88	1,136.532	199.375	3	0	0	0	0	0	1	1	0	0	1	8
2013/12/27-00:08:19	88	1,136.532	199.375	1	0	0	0	1	0	1	1	1	0	0	3
2013/12/27-00:08:41	88	1,136.532	199.375	12	0	0	4	0	0	1	1	0	0	1	54
2013/12/27-00:10:02	88	1,136.532	199.375	1	0	0	0	0	0	0	1	1	0	0	7
2013/12/27-00:10:28	88	1,136.532	199.375	2	0	0	0	0	0	0	1	1	0	0	9
2013/12/27-00:36:17	1	1,903.648	159.12	5	0	1	0	0	0	0	1	0	0	1	15
2013/12/27-00:36:51	1	1,903.648	159.12	3	0	0	0	0	0	1	1	0	0	1	9
2013/12/27-00:37:19	1	1,903.648	159.12	1	0	0	0	0	0	1	1	0	0	1	4
2013/12/27-00:37:42	1	1,903.648	159.12	8	0	0	2	1	0	1	1	0	0	1	25
2013/12/27-00:38:26	1	1,903.648	159.12	0	0	1	0	0	0	0	1	0	0	1	4
2013/12/27-00:39:30	1	1,903.648	159.12	10	0	1	0	0	0	0	1	0	0	1	25
2013/12/27-00:40:44	1	1,903.648	159.12	12	0	0	0	0	0	0	1	1	0	0	58
2013/12/27-01:08:14	57	1,530.372	133.116	4	0	0	0	0	0	1	1	0	0	1	13
2013/12/27-01:09:10	57	1,530.372	133.116	1	0	1	0	0	0	0	1	0	0	1	4
2013/12/27-01:09:36	57	1,530.372	133.116	1	0	0	0	0	0	1	1	0	0	1	2
2013/12/27-01:10:34	57	1,530.372	133.116	2	0	0	0	1	0	1	1	0	0	1	3
2013/12/27-01:11:02	57	1,530.372	133.116	0	0	1	0	0	0	0	1	0	0	1	3
2013/12/27-01:11:53	57	1,530.372	133.116	6	0	0	0	2	0	0	1	1	0	0	20
2013/12/27-01:12:31	57	1,530.372	133.116	6	0	0	1	1	0	1	1	0	0	1	20
2013/12/27-01:13:17	57	1,530.372	133.116	1	0	0	0	0	0	1	1	0	0	1	3
2013/12/27-01:13:44	57	1,530.372	133.116	1	0	0	0	0	0	1	1	0	0	1	2
2013/12/27-01:14:16	57	1,530.372	133.116	1	0	0	0	0	0	1	1	0	0	1	1
2013/12/27-01:14:51	57	1,530.372	133.116	3	0	0	0	0	0	1	1	0	0	1	5
2013/12/27-01:16:15	57	1,530.372	133.116	0	0	1	0	0	0	0	1	0	0	1	3
2013/12/27-01:17:02	57	1,530.372	133.116	1	0	0	0	1	0	1	1	0	0	1	1
2013/12/27-01:17:35	57	1,530.372	133.116	1	0	0	0	0	0	0	1	1	0	0	9
2013/12/27-01:26:46	57	1,530.372	133.116	6	0	0	5	0	0	1	1	0	0	1	30
2013/12/27-01:27:56	57	1,530.372	133.116	3	0	0	0	1	0	0	1	1	0	0	13
2013/12/27-01:28:28	57	1,530.372	133.116	0	0	1	0	0	0	0	1	0	0	1	3
2013/12/27-01:28:49	57	1,530.372	133.116	2	0	0	0	0	0	1	1	0	0	1	6
2013/12/27-01:29:32	57	1,530.372	133.116	9	0	0	1	1	0	0	1	1	0	0	28
2013/12/27-01:30:18	57	1,530.372	133.116	2	0	0	0	1	0	1	1	0	0	1	9
2013/12/27-01:30:46	57	1,530.372	133.116	0	0	1	2	0	0	0	1	0	0	1	63
2013/12/27-01:49:59	53	1,569.177	102.485	5	0	1	0	1	0	0	1	0	0	1	23
2013/12/27-01:50:41	53	1,569.177	102.485	8	0	0	0	0	0	0	1	1	0	0	25
2013/12/27-01:51:24	53	1,569.177	102.485	0	0	1	0	0	0	0	1	0	0	1	3
2013/12/27-01:51:46	53	1,569.177	102.485	10	0	0	1	0	0	1	1	0	0	1	28
2013/12/27-01:52:34	53	1,569.177	102.485	14	0	0	4	0	0	0	1	1	0	0	57
2013/12/27-01:53:50	53	1,569.177	102.485	1	0	1	1	0	0	0	1	0	0	1	6
2013/12/27-01:54:22	53	1,569.177	102.485	2	0	1	0	0	0	0	1	0	0	1	8
2013/12/27-02:27:26	49	1,586.928	89.63	0	0	1	0	0	0	0	1	0	0	1	6
2013/12/27-02:27:50	49	1,586.928	89.63	1	0	0	0	0	0	0	1	1	0	0	4
2013/12/27-02:28:13	49	1,586.928	89.63	0	0	1	0	0	0	0	1	0	0	1	4
2013/12/27-02:28:36	49	1,586.928	89.63	4	0	0	0	0	0	0	1	1	0	0	20
2013/12/27-02:29:15	49	1,586.928	89.63	7	0	0	3	0	0	1	1	0	0	1	24
2013/12/27-02:29:58	49	1,586.928	89.63	6	0	1	0	0	0	0	1	0	0	1	31
2013/12/27-02:30:59	49	1,586.928	89.63	6	0	1	1	0	0	0	1	0	0	1	18
2013/12/27-02:49:43	49	1,586.928	89.63	1	0	0	1	0	0	1	1	0	0	1	3
2013/12/27-02:50:13	49	1,586.928	89.63	2	0	0	0	0	0	1	1	0	0	1	10
2013/12/27-02:51:21	49	1,586.928	89.63	2	0	0	0	0	0	1	1	0	0	1	5
2013/12/27-02:52:12	49	1,586.928	89.63	1	0	0	0	0	0	1	1	0	0	1	3
2013/12/27-02:52:42	49	1,586.928	89.63	5	0	0	0	0	0	1	1	0	0	1	20
2013/12/27-02:53:21	49	1,586.928	89.63	3	0	0	0	1	0	1	1	0	0	1	10
2013/12/27-02:53:52	49	1,586.928	89.63	2	0	1	0	0	0	0	1	0	0	1	11
2013/12/27-02:54:47	49	1,586.928	89.63	2	0	0	0	0	0	1	1	0	0	1	7
2013/12/27-02:55:24	49	1,586.928	89.63	0	0	1	0	0	0	0	1	0	0	1	6
2013/12/27-02:55:57	49	1,586.928	89.63	0	0	1	0	0	0	0	1	0	0	1	1
2013/12/27-02:56:24	49	1,586.928	89.63	3	0	1	0	0	0	0	1	0	0	1	5
2013/12/27-02:56:52	49	1,586.928	89.63	1	0	1	0	0	0	0	1	0	0	1	4
2013/12/27-02:57:30	66	1,435.242	72.943	3	0	1	0	0	0	0	1	0	0	1	13
2013/12/27-02:58:04	66	1,435.242	72.943	4	0	0	0	1	0	1	1	0	0	1	11
2013/12/27-07:30:59	66	1,435.242	72.943	0	0	1	0	0	0	0	1	0	0	1	3
2013/12/27-07:31:21	66	1,435.242	72.943	9	0	0	3	0	0	1	1	0	0	1	40
2013/12/27-07:32:20	66	1,435.242	72.943	4	0	0	1	0	0	1	1	0	0	1	7
2013/12/27-07:33:00	66	1,435.242	72.943	2	0	0	0	0	0	1	1	0	0	1	9
2013/12/27-07:34:19	66	1,435.242	72.943	1	0	0	0	1	0	0	1	1	0	0	10
2013/12/27-07:34:48	66	1,435.242	72.943	2	0	0	0	1	0	1	1	0	0	1	10
2013/12/27-07:35:16	66	1,435.242	72.943	0	0	1	0	0	0	0	1	0	0	1	4
2013/12/27-07:36:51	66	1,435.242	72.943	13	0	0	5	0	0	1	1	0	0	1	59
2013/12/27-07:38:15	66	1,435.242	72.943	6	0	1	2	0	0	0	1	0	0	1	25
2013/12/27-07:39:04	66	1,435.242	72.943	2	0	0	0	0	0	1	1	0	0	1	5
2013/12/27-07:39:27	66	1,435.242	72.943	1	0	0	0	0	0	1	1	0	0	1	3
2013/12/27-07:39:49	66	1,435.242	72.943	1	0	0	0	0	0	1	1	0	0	1	4
2013/12/27-07:40:22	66	1,435.242	72.943	4	0	0	0	1	0	0	1	1	0	0	36
2013/12/27-07:41:17	66	1,435.242	72.943	0	0	1	1	0	0	0	1	1	0	0	4
2013/12/27-08:23:47	65	1,458.551	62.728	5	0	0	0	0	0	1	1	0	0	1	16
2013/12/27-08:24:22	65	1,458.551	62.728	2	0	0	0	0	0	1	1	0	0	1	7
2013/12/27-08:25:20	65	1,458.551	62.728	2	0	0	0	0	0	0	1	1	0	0	10
2013/12/27-08:25:49	65	1,458.551	62.728	0	0	0	0	0	0	0	1	1	0	0	3
2013/12/27-08:26:11	65	1,458.551	62.728	6	0	0	1	0	0	1	1	0	0	1	19
2013/12/27-08:27:07	65	1,458.551	62.728	0	0	0	4	0	0	0	1	1	0	0	33
2013/12/27-08:27:58	65	1,458.551	62.728	5	0	0	1	0	0	0	1	1	0	0	19
2013/12/27-08:40:25	59	1,506.435	58.52	0	0	1	0	0	0	0	1	0	0	1	3
2013/12/27-08:40:54	59	1,506.435	58.52	2	0	0	0	0	0	1	1	0	0	1	8
2013/12/27-08:41:21	59	1,506.435	58.52	0	0	1	1	0	0	0	1	0	0	1	3
2013/12/27-08:41:43	59	1,506.435	58.52	2	0	0	0	0	0	1	1	0	0	1	5
2013/12/27-08:42:16	59	1,506.435	58.52	9	0	1	0	0	0	0	1	0	0	1	35
2013/12/27-08:43:37	59	1,506.435	58.52	2	0	0	0	0	0	1	1	0	0	1	8
2013/12/27-08:44:40	59	1,506.435	58.52	1	0	0	0	0	0	1	1	0	0	1	3
2013/12/27-08:45:47	59	1,506.435	58.52	11	0	0	0	0	0	0	1	1	0	0	46
2013/12/27-08:46:52	59	1,506.435	58.52	0	0	1	0	0	0	0	1	0	0	1	2
2013/12/27-08:48:11	59	1,506.435	58.52	9	0	0	2	0	0	1	1	0	0	1	34
2013/12/27-08:49:04	59	1,506.435	58.52	0	0	1	0	0	0	0	1	0	0	1	12
2013/12/27-08:50:21	59	1,506.435	58.52	1	0	0	0	0	0	1	1	0	0	1	3
2013/12/27-08:51:03	59	1,506.435	58.52	22	0	1	0	0	0	0	1	0	0	1	87
2013/12/27-08:52:49	59	1,506.435	58.52	2	0	0	0	1	0	1	1	0	0	1	9
2013/12/27-09:09:56	59	1,506.435	58.52	4	0	0	0	1	0	1	1	0	0	1	24
2013/12/27-09:10:39	59	1,506.435	58.52	0	0	1	0	0	0	0	1	0	0	1	4
2013/12/27-09:12:26	59	1,506.435	58.52	6	0	0	2	1	0	0	1	1	0	0	20
2013/12/27-09:13:05	59	1,506.435	58.52	8	0	0	1	1	0	0	1	1	0	0	26
2013/12/27-09:13:49	59	1,506.435	58.52	0	0	1	0	0	0	0	1	0	0	1	6
2013/12/27-09:15:08	59	1,506.435	58.52	2	0	0	0	0	0	1	1	0	0	1	7
2013/12/27-09:16:38	59	1,506.435	58.52	1	0	0	0	0	0	1	1	0	0	1	6
2013/12/27-09:21:42	59	1,506.435	58.52	4	0	0	0	1	0	0	1	1	0	0	19
2013/12/27-09:22:19	59	1,506.435	58.52	2	0	1	0	0	0	0	1	0	0	1	5
2013/12/27-09:22:48	58	1,512.484	50.716	2	0	1	0	0	0	0	1	0	0	1	14
2013/12/27-09:23:21	58	1,512.484	50.716	9	0	0	10	0	0	1	1	0	0	1	50
2013/12/27-09:24:45	58	1,512.484	50.716	0	0	1	1	0	0	0	1	0	0	1	3
2013/12/27-09:25:08	58	1,512.484	50.716	6	0	1	1	0	0	0	1	0	0	1	26
2013/12/27-09:25:53	58	1,512.484	50.716	0	0	1	0	0	0	0	1	0	0	1	9
2013/12/27-12:45:35	58	1,502.106	53.368	4	0	0	0	2	0	1	1	0	0	1	18
2013/12/27-12:46:13	58	1,502.106	53.368	20	0	0	0	0	0	0	1	1	0	0	60
2013/12/27-12:47:32	58	1,502.106	53.368	12	0	0	0	2	0	0	1	1	0	0	60
2013/12/27-12:48:51	58	1,502.106	53.368	3	0	1	0	0	0	0	1	0	0	1	17
2013/12/27-12:50:10	58	1,502.106	53.368	19	0	0	3	0	0	0	1	1	0	0	60
2013/12/27-13:10:05	58	1,514.789	51.22	8	0	0	0	0	0	1	1	0	0	1	27
2013/12/27-13:11:08	58	1,514.789	51.22	3	0	0	0	2	0	0	1	1	0	0	8
2013/12/27-13:11:36	58	1,514.789	51.22	3	0	0	0	3	0	1	1	1	0	0	15
2013/12/27-13:12:10	58	1,514.789	51.22	2	0	0	0	0	0	0	1	1	0	0	16
2013/12/27-13:12:44	58	1,514.789	51.22	0	0	0	0	0	0	0	1	1	0	0	3
2013/12/27-13:26:57	58	1,514.789	51.22	0	0	0	0	0	0	0	1	1	0	0	5
2013/12/27-13:27:22	58	1,514.789	51.22	0	0	0	0	0	0	0	1	1	0	0	6
2013/12/27-13:27:47	58	1,514.789	51.22	6	0	0	0	1	0	0	1	1	0	0	52
2013/12/27-13:28:58	58	1,514.789	51.22	4	0	0	0	1	0	1	1	0	0	1	18
2013/12/27-13:29:35	58	1,514.789	51.22	0	0	1	0	0	0	0	1	0	0	1	3
