2013/09/02-14:33:41	21	1,500	350.155	0	0	1	0	0	0	0	1	0	0	1	4
2013/09/02-14:34:27	21	1,500	350.155	0	0	1	0	0	0	0	1	0	0	1	6
2013/09/02-14:35:33	21	1,500	350.155	0	0	1	0	0	0	0	1	0	0	1	6
2013/09/02-14:36:52	21	1,500	350.155	0	0	1	0	0	0	0	1	0	0	1	6
2013/09/02-14:38:11	21	1,500	350.155	0	0	1	0	0	0	0	1	0	0	1	6
2013/09/02-14:49:52	82	1,014.018	275.186	0	0	1	0	0	0	0	1	0	0	1	3
2013/09/02-14:50:14	82	1,014.018	275.186	0	0	1	0	0	0	0	1	0	0	1	6
2013/09/02-14:50:44	82	1,014.018	275.186	0	0	1	0	0	0	0	1	0	0	1	6
2013/09/02-14:51:12	82	1,014.018	275.186	0	0	0	0	0	0	0	1	1	0	0	4
2013/09/02-14:51:35	82	1,014.018	275.186	0	0	1	0	0	0	0	1	0	0	1	6
2013/09/02-15:04:36	82	1,014.018	275.186	0	0	1	0	0	0	0	1	0	0	1	6
2013/09/02-15:05:13	82	1,014.018	275.186	0	0	1	0	0	0	0	1	0	0	1	4
2013/09/02-15:05:45	82	1,014.018	275.186	0	0	1	0	0	0	0	1	0	0	1	3
2013/09/02-15:06:06	82	1,078.856	220.29	0	0	0	0	0	0	0	1	1	0	0	3
2013/09/02-15:06:28	82	1,078.856	220.29	0	0	1	0	0	0	0	1	0	0	1	6
2013/09/02-17:46:16	73	1,186.18	199.773	0	0	1	0	0	0	0	1	0	0	1	3
2013/09/02-17:46:41	73	1,186.18	199.773	0	0	1	0	0	0	0	1	0	0	1	3
2013/09/02-17:47:05	73	1,186.18	199.773	0	0	1	0	0	0	0	1	0	0	1	6
2013/09/02-17:47:30	73	1,186.18	199.773	0	0	1	0	0	0	0	1	0	0	1	6
2013/09/02-17:48:05	73	1,186.18	199.773	0	0	1	0	0	0	0	1	0	0	1	6
2013/09/02-17:48:36	73	1,186.18	199.773	0	0	1	0	0	0	0	1	0	0	1	6
2013/09/02-17:49:01	73	1,186.18	199.773	0	0	1	0	0	0	0	1	0	0	1	6
2013/09/02-17:49:26	73	1,186.18	199.773	0	0	1	0	0	0	0	1	0	0	1	6
2013/09/02-17:49:51	73	1,186.18	199.773	0	0	1	0	0	0	0	1	0	0	1	6
2013/09/02-17:50:16	73	1,186.18	199.773	0	0	1	0	0	0	0	1	0	0	1	6
2013/09/02-17:50:48	73	1,186.18	199.773	0	0	1	0	0	0	0	1	0	0	1	6
2013/09/02-17:51:19	73	1,186.18	199.773	0	0	1	0	0	0	0	1	0	1	0	6
2013/09/02-17:51:50	73	1,186.18	199.773	0	0	1	0	0	0	0	1	0	0	1	6
2013/09/02-18:02:51	73	1,186.18	199.773	0	0	1	0	0	0	0	1	0	0	1	6
2013/09/02-18:03:16	73	1,186.18	199.773	0	0	1	0	0	0	0	1	0	0	1	6
2013/09/02-18:03:41	73	1,186.18	199.773	0	0	1	0	0	0	0	1	0	0	1	6
2013/09/02-18:04:06	73	1,186.18	199.773	0	0	1	0	0	0	0	1	0	0	1	3
2013/09/02-18:04:31	73	1,186.18	199.773	0	0	1	0	0	0	0	1	0	0	1	6
2013/09/02-18:13:24	81	771.41	148.492	0	0	1	0	0	0	0	1	0	0	1	5
2013/09/02-18:14:44	81	771.41	148.492	0	0	1	0	0	0	0	1	0	0	1	6
2013/09/02-18:15:11	81	771.41	148.492	0	0	1	0	0	0	0	1	0	0	1	3
2013/09/02-18:16:06	81	771.41	148.492	0	0	1	0	0	0	0	1	0	0	1	3
2013/09/02-18:16:33	81	771.41	148.492	0	0	1	0	0	0	0	1	0	0	1	4
2013/09/02-18:45:58	81	771.41	148.492	0	0	1	0	0	0	0	1	0	0	1	6
2013/09/02-18:46:23	81	771.41	148.492	0	0	1	0	0	0	0	1	0	0	1	6
2013/09/02-18:46:48	81	771.41	148.492	0	0	1	0	0	0	0	1	0	0	1	6
2013/09/02-18:47:13	85	557.591	133.317	0	0	1	0	0	0	0	1	0	0	1	6
2013/09/02-18:47:37	85	557.591	133.317	0	0	0	0	0	0	0	1	1	0	0	6
2013/09/02-18:57:27	85	557.591	133.317	0	0	0	0	0	0	0	1	1	0	0	6
2013/09/02-18:57:51	85	557.591	133.317	0	0	0	0	0	0	0	1	1	0	0	6
2013/09/02-18:58:16	85	557.591	133.317	0	0	1	0	0	0	0	1	0	0	1	6
2013/09/02-18:58:41	85	557.591	133.317	0	0	0	0	0	0	0	1	1	0	0	6
2013/09/02-18:59:05	85	557.591	133.317	0	0	0	0	0	0	0	1	1	0	0	6
2013/09/03-00:17:26	79	776.98	114.85	0	0	1	0	0	0	0	1	0	0	1	6
2013/09/03-00:17:57	79	776.98	114.85	0	0	1	0	0	0	0	1	0	0	1	6
2013/09/03-00:18:23	79	776.98	114.85	0	0	1	0	0	0	0	1	0	0	1	6
2013/09/03-00:18:48	79	776.98	114.85	0	0	1	0	0	0	0	1	0	0	1	6
2013/09/03-00:19:13	79	776.98	114.85	0	0	1	0	0	0	0	1	0	0	1	3
2013/09/03-00:19:44	79	776.98	114.85	0	0	0	0	0	0	0	1	1	0	0	6
2013/09/03-00:20:09	79	763.157	102.942	0	0	1	0	0	0	0	1	0	0	1	3
2013/09/03-00:20:34	79	763.157	102.942	0	0	1	0	0	0	0	1	0	0	1	3
2013/09/03-00:20:59	79	763.157	102.942	0	0	1	0	0	0	0	1	0	0	1	6
2013/09/03-00:21:24	79	763.157	102.942	0	0	1	0	0	0	0	1	0	0	1	3
2013/09/03-00:30:52	79	763.157	102.942	0	0	1	0	0	0	0	1	0	0	1	4
2013/09/03-00:31:17	79	763.157	102.942	0	0	0	0	0	0	0	1	1	0	0	6
2013/09/03-00:31:42	79	763.157	102.942	0	0	1	0	0	0	0	1	0	0	1	6
2013/09/03-00:32:06	79	763.157	102.942	0	0	0	0	0	0	0	1	1	0	0	6
2013/09/03-00:32:31	79	763.157	102.942	0	0	1	0	0	0	0	1	0	0	1	6
2013/09/03-16:28:50	83	785.062	95.303	0	0	1	0	0	0	0	1	0	0	1	6
2013/09/03-16:29:15	83	785.062	95.303	0	0	1	0	0	0	0	1	0	0	1	6
2013/09/03-16:30:11	83	785.062	95.303	0	0	1	0	0	0	0	1	0	0	1	6
2013/09/03-16:30:40	83	785.062	95.303	0	0	1	0	0	0	0	1	0	0	1	4
2013/09/03-16:31:29	83	785.062	95.303	0	0	1	0	0	0	0	1	0	0	1	6
2013/09/03-16:34:37	83	785.062	95.303	0	0	1	0	0	0	0	1	0	0	1	6
2013/09/03-16:35:02	83	785.062	95.303	0	0	1	0	0	0	0	1	0	0	1	6
2013/09/03-16:35:27	83	785.062	95.303	0	0	1	0	0	0	0	1	0	0	1	6
2013/09/03-16:35:52	83	785.062	95.303	0	0	0	0	0	0	0	1	1	0	0	6
2013/09/03-16:36:17	83	785.062	95.303	0	0	0	0	0	0	0	1	1	0	0	6
2013/09/03-16:46:40	83	785.062	95.303	0	0	1	0	0	0	0	1	0	0	1	6
2013/09/03-16:47:05	83	785.062	95.303	0	0	0	0	0	0	0	1	1	0	0	6
2013/09/03-16:47:30	83	785.062	95.303	0	0	1	0	0	0	0	1	0	0	1	6
2013/09/03-16:47:55	83	785.062	95.303	0	0	1	0	0	0	0	1	0	0	1	6
2013/09/03-16:48:20	83	785.062	95.303	0	0	1	0	0	0	0	1	0	0	1	6
2013/09/03-21:13:54	81	835.355	85.166	0	0	1	0	0	0	0	1	0	0	1	6
2013/09/03-21:14:19	81	835.355	85.166	0	0	1	0	0	0	0	1	0	0	1	3
2013/09/03-21:14:43	81	835.355	85.166	0	0	0	0	0	0	0	1	1	0	0	4
2013/09/03-21:15:06	81	835.355	85.166	0	0	1	0	0	0	0	1	1	0	0	6
2013/09/03-21:15:31	81	835.355	85.166	0	0	1	0	0	0	0	1	0	0	1	6
2013/09/03-21:29:11	82	858.273	81.02	0	0	1	0	0	0	0	1	0	0	1	6
2013/09/03-21:29:36	82	858.273	81.02	0	0	1	0	0	0	0	1	0	0	1	3
2013/09/03-21:30:10	82	858.273	81.02	0	0	1	0	0	0	0	1	0	0	1	3
2013/09/03-21:30:34	82	858.273	81.02	0	0	1	0	0	0	0	1	0	0	1	6
2013/09/03-21:30:59	82	858.273	81.02	0	0	1	0	0	0	0	1	0	0	1	6
2013/09/03-21:35:41	82	858.273	81.02	0	0	1	0	0	0	0	1	0	0	1	6
2013/09/03-21:36:06	82	858.273	81.02	0	0	1	0	0	0	0	1	0	0	1	6
2013/09/03-21:36:31	82	858.273	81.02	0	0	1	0	0	0	0	1	0	0	1	3
2013/09/03-21:36:57	82	858.273	81.02	0	0	1	0	0	0	0	1	0	0	1	6
2013/09/03-21:37:22	82	858.273	81.02	0	0	1	0	0	0	0	1	0	0	1	4
2013/09/04-16:48:45	83	836.682	78.608	0	0	1	0	0	0	0	1	0	0	1	6
2013/09/04-16:49:11	83	836.682	78.608	0	0	1	0	0	0	0	1	0	0	1	6
2013/09/04-16:49:35	83	836.682	78.608	0	0	1	0	0	0	0	1	0	0	1	6
2013/09/04-16:50:00	83	836.682	78.608	0	0	1	0	0	0	0	1	0	0	1	6
2013/09/04-16:50:25	83	836.682	78.608	0	0	1	0	0	0	0	1	0	0	1	6
2013/09/04-16:53:37	83	836.682	78.608	0	0	1	0	0	0	0	1	0	0	1	6
2013/09/04-16:54:02	83	836.682	78.608	0	0	1	0	0	0	0	1	0	0	1	6
2013/09/04-16:54:27	83	836.682	78.608	0	0	0	0	0	0	0	1	1	0	0	6
2013/09/04-16:54:51	83	836.682	78.608	0	0	1	0	0	0	0	1	0	0	1	6
2013/09/04-16:55:16	83	836.682	78.608	0	0	1	0	0	0	0	1	0	0	1	6
2013/09/04-17:03:48	83	836.682	78.608	0	0	0	0	0	0	0	1	1	0	0	3
2013/09/04-17:04:10	83	836.682	78.608	0	0	0	0	0	0	0	1	1	0	0	6
2013/09/04-17:04:34	83	836.682	78.608	0	0	1	0	0	0	0	1	0	1	0	3
2013/09/04-17:04:56	83	836.682	78.608	0	0	0	0	0	0	0	1	1	0	0	3
2013/09/04-17:05:18	83	836.682	78.608	0	0	0	0	0	0	0	1	1	0	0	3
2013/09/04-23:25:47	85	837.741	72.581	0	0	1	0	0	0	0	1	0	0	1	6
2013/09/04-23:26:12	85	837.741	72.581	0	0	1	0	0	0	0	1	0	0	1	6
2013/09/04-23:26:51	85	837.741	72.581	0	0	1	0	0	0	0	1	0	0	1	6
2013/09/04-23:27:15	85	837.741	72.581	0	0	1	0	0	0	0	1	0	0	1	6
2013/09/04-23:27:43	85	837.741	72.581	0	0	1	0	0	0	0	1	0	0	1	6
2013/09/04-23:35:34	85	870.961	70.467	0	0	1	0	0	0	0	1	0	0	1	3
2013/09/04-23:35:56	85	870.961	70.467	0	0	1	0	0	0	0	1	1	0	0	6
2013/09/04-23:36:21	85	870.961	70.467	0	0	0	0	0	0	0	1	1	0	0	6
2013/09/04-23:36:46	85	870.961	70.467	0	0	1	0	0	0	0	1	0	0	1	6
2013/09/04-23:37:10	85	870.961	70.467	0	0	1	0	0	0	0	1	0	0	1	3
2013/09/04-23:47:35	85	870.961	70.467	0	0	1	0	0	0	0	1	0	0	1	6
2013/09/04-23:48:00	85	870.961	70.467	0	0	0	0	0	0	0	1	1	0	0	6
2013/09/04-23:48:25	85	870.961	70.467	0	0	1	0	0	0	0	1	0	0	1	6
2013/09/04-23:48:50	85	870.961	70.467	0	0	1	0	0	0	0	1	0	0	1	6
2013/09/04-23:49:15	85	870.961	70.467	0	0	1	0	0	0	0	1	0	0	1	6
2013/09/05-04:04:55	85	882.206	70.27	0	0	1	0	0	0	0	1	0	0	1	6
2013/09/05-04:05:27	85	882.206	70.27	0	0	1	0	0	0	0	1	0	0	1	6
2013/09/05-04:05:59	85	882.206	70.27	0	0	1	0	0	0	0	1	0	0	1	6
2013/09/05-04:06:41	85	882.206	70.27	0	0	1	0	0	0	0	1	0	0	1	6
2013/09/05-04:07:06	85	882.206	70.27	0	0	1	0	0	0	0	1	0	0	1	3
2013/09/05-04:16:20	85	882.206	70.27	0	0	0	0	0	0	0	1	1	0	0	6
2013/09/05-04:16:44	85	882.206	70.27	0	0	0	0	0	0	0	1	1	0	0	3
2013/09/05-04:17:06	85	882.206	70.27	0	0	0	0	0	0	0	1	1	0	0	6
2013/09/05-04:17:31	85	882.206	70.27	0	0	0	0	0	0	0	1	1	0	0	6
2013/09/05-04:17:56	85	882.206	70.27	0	0	0	0	0	0	0	1	1	0	0	6
2013/09/05-04:29:10	82	927.879	65.167	0	0	1	0	0	0	0	1	0	0	1	6
2013/09/05-04:29:35	82	927.879	65.167	0	0	1	0	0	0	0	1	0	0	1	6
2013/09/05-04:30:00	82	927.879	65.167	0	0	1	0	0	0	0	1	0	0	1	6
2013/09/05-04:30:25	82	927.879	65.167	0	0	1	0	0	0	0	1	0	0	1	6
2013/09/05-04:30:50	82	927.879	65.167	0	0	0	0	0	0	0	1	1	0	0	6
2013/09/06-01:41:20	81	941.772	67.901	0	0	1	0	0	0	0	1	0	0	1	6
2013/09/06-01:42:39	81	941.772	67.901	0	0	1	0	0	0	0	1	0	0	1	6
2013/09/06-01:43:07	81	941.772	67.901	0	0	1	0	0	0	0	1	0	0	1	6
2013/09/06-01:44:26	81	941.772	67.901	0	0	1	0	0	0	0	1	0	0	1	6
2013/09/06-01:45:44	81	941.772	67.901	0	0	1	0	0	0	0	1	0	0	1	6
2013/09/06-01:55:22	81	941.772	67.901	0	0	0	0	0	0	0	1	1	0	0	6
2013/09/06-01:55:47	81	941.772	67.901	0	0	1	0	0	0	0	1	0	0	1	6
2013/09/06-01:56:12	81	941.772	67.901	0	0	1	0	0	0	0	1	1	0	0	6
2013/09/06-01:56:36	81	941.772	67.901	0	0	1	0	0	0	0	1	1	0	0	6
2013/09/06-01:57:01	81	941.772	67.901	0	0	1	0	0	0	0	1	0	0	1	6
2013/09/06-01:57:32	81	941.772	67.901	0	0	1	0	0	0	0	1	0	0	1	6
2013/09/08-11:43:13	82	936.61	70.016	0	0	1	0	0	0	0	1	0	0	1	6
2013/09/08-11:43:58	82	936.61	70.016	0	0	1	0	0	0	0	1	0	0	1	0
2013/09/08-12:11:53	82	936.61	70.016	0	0	1	0	0	0	0	1	0	0	1	6
2013/09/08-14:20:04	84	924.949	68.619	13	0	0	2	0	0	0	1	1	0	0	33
2013/09/08-14:29:45	84	924.949	68.619	19	0	1	1	0	0	0	1	0	0	1	51
2013/09/08-15:27:16	84	924.949	68.619	2	0	0	1	0	0	0	1	1	0	0	6
2013/09/08-15:27:41	84	924.949	68.619	2	0	0	0	0	0	0	1	1	0	0	6
2013/09/08-15:28:05	84	924.949	68.619	3	0	0	0	0	0	0	1	1	0	0	6
2013/09/08-15:28:30	84	924.949	68.619	3	0	0	1	0	0	0	1	1	0	0	6
2013/09/08-15:28:55	84	924.949	68.619	2	0	0	1	0	0	0	1	1	0	0	6
2013/09/08-17:17:56	84	924.949	68.619	16	0	1	0	0	0	0	1	1	0	0	39
2013/09/08-17:27:40	84	924.949	68.619	3	0	0	1	0	0	0	1	1	0	0	8
2013/09/08-17:28:07	84	924.949	68.619	8	0	0	1	0	0	1	1	0	0	1	31
2013/09/08-17:28:57	84	924.949	68.619	14	0	0	1	1	0	0	1	1	0	0	39
2013/09/08-17:29:55	84	924.949	68.619	2	0	0	0	0	0	0	1	1	0	0	8
2013/09/09-08:40:29	72	1,038.629	67.932	0	0	1	0	0	0	0	1	0	1	0	0
2013/09/09-08:45:57	72	1,038.629	67.932	0	0	1	0	0	0	0	1	0	0	1	9
2013/09/09-08:46:24	72	1,038.629	67.932	7	0	0	0	0	0	0	1	1	0	0	11
2013/09/09-08:46:54	72	1,038.629	67.932	5	0	0	0	0	0	0	1	1	0	0	11
2013/09/09-08:47:24	72	1,038.629	67.932	3	0	0	0	0	0	0	1	1	0	0	7
2013/09/09-20:25:04	72	1,038.629	67.932	6	0	1	1	0	0	0	1	0	0	1	13
2013/09/09-20:25:37	72	1,038.629	67.932	0	0	1	0	0	0	0	1	0	0	1	6
2013/09/09-20:26:43	72	1,038.629	67.932	0	0	1	0	0	0	0	1	0	0	1	6
2013/09/09-20:28:02	72	1,038.629	67.932	6	0	1	2	0	0	0	1	0	0	1	33
2013/09/09-20:29:20	72	1,038.629	67.932	8	0	1	0	0	0	0	1	0	0	1	17
2013/09/09-20:35:32	72	1,064.512	61.154	11	0	0	0	0	0	0	1	1	0	0	19
2013/09/09-20:36:10	72	1,064.512	61.154	0	0	1	0	0	0	0	1	0	0	1	6
2013/09/09-20:36:52	72	1,064.512	61.154	7	0	0	0	0	0	0	1	1	0	0	14
2013/09/09-20:37:25	72	1,064.512	61.154	5	0	0	0	0	0	0	1	1	0	0	9
2013/09/09-20:37:53	72	1,064.512	61.154	5	0	0	0	0	0	0	1	1	0	0	11
2013/09/10-23:17:19	71	1,103.514	65.17	5	0	0	1	1	0	1	1	1	0	0	18
2013/09/10-23:17:56	71	1,103.514	65.17	6	0	0	1	0	0	1	1	0	0	1	18
2013/09/10-23:18:32	71	1,103.514	65.17	11	0	1	1	1	0	0	1	0	0	1	30
2013/09/10-23:19:21	71	1,103.514	65.17	4	0	0	1	0	0	1	1	0	0	1	12
2013/09/10-23:19:52	71	1,103.514	65.17	4	0	1	0	0	0	0	1	0	0	1	9
2013/09/10-23:41:30	69	1,110.699	61.595	0	0	1	0	0	0	0	1	0	0	1	6
2013/09/10-23:41:59	69	1,110.699	61.595	0	0	1	0	0	0	0	1	0	0	1	6
2013/09/10-23:42:37	69	1,110.699	61.595	5	0	0	1	1	0	1	1	0	0	1	23
2013/09/10-23:43:20	69	1,110.699	61.595	6	0	0	1	0	0	1	1	0	0	1	17
2013/09/10-23:44:24	69	1,110.699	61.595	11	0	1	1	0	0	0	1	0	0	1	28
2013/09/10-23:54:57	69	1,110.699	61.595	6	0	0	3	1	0	1	1	0	0	1	20
2013/09/10-23:56:03	69	1,110.699	61.595	12	0	0	1	1	0	0	1	1	0	0	25
2013/09/10-23:56:46	69	1,110.699	61.595	8	0	0	1	0	0	1	1	0	0	1	21
2013/09/10-23:57:26	69	1,110.699	61.595	0	0	1	0	0	0	0	1	0	0	1	6
2013/09/10-23:58:04	69	1,110.699	61.595	12	0	0	0	0	0	1	1	0	0	1	34
2013/09/11-14:30:49	71	1,091.132	64.441	5	0	0	1	1	0	0	1	1	0	0	12
2013/09/11-14:31:20	71	1,091.132	64.441	4	0	1	0	0	0	0	1	0	0	1	13
2013/09/11-14:31:51	71	1,091.132	64.441	0	0	1	0	0	0	0	1	0	0	1	6
2013/09/11-14:32:16	71	1,091.132	64.441	3	0	0	0	0	0	0	1	1	0	0	7
2013/09/11-14:32:42	71	1,091.132	64.441	15	0	0	4	1	0	0	1	1	0	0	53
2013/09/11-14:41:43	71	1,091.132	64.441	9	0	0	2	0	0	1	1	0	0	1	24
2013/09/11-14:42:26	71	1,091.132	64.441	6	0	0	2	1	0	1	1	1	0	0	18
2013/09/11-14:43:03	71	1,091.132	64.441	5	0	0	0	1	0	0	1	1	0	0	10
2013/09/11-14:43:32	71	1,091.132	64.441	4	0	0	3	1	0	0	1	1	0	0	14
2013/09/11-14:44:04	71	1,091.132	64.441	14	0	0	1	0	0	0	1	1	0	0	30
2013/09/11-14:59:13	68	1,156.318	58.656	5	0	1	2	0	0	0	1	0	0	1	23
2013/09/11-15:00:17	68	1,156.318	58.656	7	0	0	1	0	0	1	1	0	0	1	21
2013/09/11-15:01:35	68	1,156.318	58.656	6	0	1	1	0	0	0	1	0	0	1	35
2013/09/11-15:02:54	68	1,156.318	58.656	12	0	0	3	0	0	1	1	0	0	1	36
2013/09/11-15:03:48	68	1,156.318	58.656	4	0	1	1	0	0	0	1	0	0	1	19
2013/09/12-08:41:18	68	1,152.275	63.462	11	0	0	1	0	0	0	1	1	0	0	21
2013/09/12-08:41:58	68	1,159.334	62.958	12	0	0	2	1	0	0	1	1	0	0	31
2013/09/12-08:42:47	68	1,159.334	62.958	7	0	0	1	0	0	0	1	1	0	0	19
2013/09/12-08:43:25	68	1,159.334	62.958	9	0	0	2	0	0	1	1	0	0	1	24
2013/09/12-08:44:08	68	1,159.334	62.958	9	0	0	0	0	0	0	1	1	0	0	17
2013/09/12-08:54:30	68	1,159.334	62.958	1	0	1	0	0	0	0	1	0	0	1	8
2013/09/12-08:55:19	68	1,159.334	62.958	9	0	0	0	0	0	0	1	1	0	0	20
2013/09/12-08:55:58	68	1,159.334	62.958	4	0	0	2	1	0	0	1	1	0	0	13
2013/09/12-08:56:30	68	1,159.334	62.958	6	0	0	2	2	0	0	1	1	0	0	34
2013/09/12-08:57:22	68	1,159.334	62.958	6	0	0	1	0	0	1	1	0	0	1	15
2013/09/12-09:04:53	65	1,198.087	57.898	6	0	0	0	0	0	1	1	0	0	1	12
2013/09/12-09:05:31	65	1,198.087	57.898	0	0	1	0	0	0	0	1	0	0	1	6
2013/09/12-09:06:03	65	1,198.087	57.898	7	0	0	0	0	0	1	1	0	0	1	18
2013/09/12-09:06:50	65	1,198.087	57.898	17	0	0	0	0	0	1	1	0	0	1	47
2013/09/12-09:08:09	65	1,198.087	57.898	5	0	0	2	0	0	1	1	0	0	1	33
2013/09/12-09:11:37	65	1,198.087	57.898	0	0	0	0	0	0	0	1	1	0	0	4
2013/09/12-09:12:00	65	1,198.087	57.898	6	0	1	2	0	0	0	1	0	0	1	23
2013/09/12-09:12:42	65	1,198.087	57.898	7	0	0	1	0	0	0	1	1	0	0	19
2013/09/12-09:13:20	65	1,198.087	57.898	3	0	0	1	0	0	0	1	1	0	0	9
2013/09/12-09:13:48	65	1,198.087	57.898	4	0	0	1	0	0	0	1	1	0	0	15
2013/09/12-10:52:33	65	1,198.087	57.898	20	0	0	2	0	0	0	1	0	0	1	60
2013/09/12-10:53:52	65	1,198.087	57.898	9	0	0	1	0	0	1	1	0	0	1	25
2013/09/12-10:54:36	65	1,198.087	57.898	3	0	0	0	0	0	0	1	1	0	0	8
2013/09/12-10:55:02	66	1,215.529	53.646	17	0	0	3	0	0	0	1	1	0	0	60
2013/09/12-10:56:21	66	1,215.529	53.646	16	0	0	4	0	0	0	1	1	0	0	60
2013/09/12-11:04:42	66	1,215.529	53.646	5	0	0	0	0	0	1	1	0	0	1	15
2013/09/12-11:05:42	66	1,215.529	53.646	3	0	0	0	0	0	1	1	0	0	1	4
2013/09/12-11:45:26	66	1,215.529	53.646	8	0	0	0	1	0	1	1	0	0	1	19
2013/09/12-11:46:05	66	1,215.529	53.646	0	0	1	0	0	0	0	1	0	0	1	6
2013/09/12-11:46:44	66	1,215.529	53.646	14	0	0	2	0	0	1	1	0	0	1	36
2013/09/13-20:13:35	64	1,237.074	69.915	22	0	0	4	3	0	0	1	1	0	0	46
2013/09/13-20:14:40	64	1,237.074	69.915	9	0	0	3	1	0	0	1	1	0	0	26
2013/09/13-20:15:24	64	1,237.074	69.915	10	0	0	1	3	0	0	1	1	0	0	34
2013/09/13-20:16:17	64	1,237.074	69.915	10	0	0	1	0	0	0	1	0	0	1	60
2013/09/13-20:17:36	64	1,237.074	69.915	13	0	0	2	2	0	0	1	1	0	0	43
2013/09/13-20:32:35	60	1,312.09	65.826	8	0	0	2	1	0	1	1	0	0	1	24
2013/09/13-20:33:53	60	1,312.09	65.826	8	0	0	4	0	0	1	1	0	0	1	32
2013/09/13-20:34:44	60	1,312.09	65.826	7	0	1	1	0	0	0	1	0	0	1	19
2013/09/13-20:35:31	60	1,312.09	65.826	13	0	0	1	1	0	0	1	1	0	0	36
2013/09/13-20:36:25	60	1,312.09	65.826	6	0	0	0	0	0	1	1	0	0	1	17
2013/09/13-20:53:53	60	1,312.09	65.826	10	0	1	3	1	0	0	1	0	0	1	37
2013/09/13-20:54:50	60	1,312.09	65.826	4	0	1	1	0	0	0	1	0	0	1	17
2013/09/13-20:55:42	60	1,312.09	65.826	3	0	0	1	0	0	0	1	1	0	0	10
2013/09/13-20:56:11	60	1,312.09	65.826	7	0	1	1	1	0	0	1	0	0	1	19
2013/09/13-20:57:05	60	1,312.09	65.826	3	0	1	0	0	0	0	1	0	0	1	11
2013/09/14-12:24:10	60	1,326.016	78.591	0	0	1	0	0	0	0	1	0	0	1	6
2013/09/14-12:24:55	60	1,326.016	78.591	8	0	1	1	0	0	0	1	0	0	1	19
2013/09/14-12:25:52	60	1,326.016	78.591	11	0	0	3	1	0	0	1	1	0	0	46
2013/09/14-12:26:57	60	1,326.016	78.591	10	0	0	2	1	0	0	1	1	0	0	52
2013/09/14-12:28:07	60	1,326.016	78.591	8	0	1	2	0	0	0	1	0	0	1	27
2013/09/14-12:52:23	60	1,374.128	75.319	8	0	0	2	1	0	1	1	0	0	1	38
2013/09/14-12:53:20	60	1,374.128	75.319	0	0	1	0	0	0	0	1	0	0	1	6
2013/09/14-12:54:39	60	1,374.128	75.319	3	0	0	0	0	0	1	1	0	0	1	7
2013/09/14-12:55:58	60	1,374.128	75.319	13	0	1	1	0	0	0	1	0	0	1	38
2013/09/14-12:57:16	60	1,374.128	75.319	5	0	0	0	0	0	1	1	0	0	1	10
2013/09/14-13:07:09	60	1,374.128	75.319	11	0	0	3	0	0	1	1	0	0	1	37
2013/09/14-13:08:04	60	1,374.128	75.319	6	0	0	1	0	0	1	1	0	0	1	13
2013/09/14-13:08:38	60	1,374.128	75.319	3	0	0	0	0	0	1	1	0	0	1	8
2013/09/14-13:09:08	60	1,374.128	75.319	12	0	0	2	0	0	1	1	0	0	1	30
2013/09/14-13:09:56	60	1,374.128	75.319	8	0	1	1	0	0	0	1	0	0	1	19
2013/09/14-16:24:39	60	1,349.244	73.935	11	0	1	1	0	0	0	1	0	0	1	40
2013/09/14-16:25:37	60	1,349.244	73.935	4	0	1	1	0	0	0	1	0	0	1	13
2013/09/14-16:26:23	60	1,349.244	73.935	6	0	0	0	0	0	1	1	0	0	1	11
2013/09/14-16:26:52	60	1,349.244	73.935	4	0	0	1	0	0	1	1	0	0	1	8
2013/09/14-16:27:18	60	1,349.244	73.935	7	0	0	1	0	0	1	1	0	0	1	13
2013/09/14-16:50:44	60	1,349.532	71.27	6	0	1	0	0	0	0	1	0	0	1	12
2013/09/14-16:51:36	60	1,349.532	71.27	4	0	0	1	0	0	1	1	0	0	1	10
2013/09/14-16:52:32	60	1,349.532	71.27	0	0	1	0	0	0	0	1	0	0	1	6
2013/09/14-16:53:13	60	1,349.532	71.27	1	0	1	0	0	0	0	1	0	0	1	7
2013/09/14-16:53:51	60	1,349.532	71.27	7	0	1	1	0	0	0	1	0	0	1	26
2013/09/14-16:59:35	60	1,349.532	71.27	4	0	0	0	0	0	1	1	0	0	1	19
2013/09/14-17:00:55	60	1,349.532	71.27	6	0	1	1	0	0	0	1	0	0	1	32
2013/09/14-17:02:04	60	1,349.532	71.27	2	0	1	0	0	0	0	1	0	0	1	9
2013/09/14-17:03:23	60	1,349.532	71.27	6	0	1	0	0	0	0	1	0	0	1	28
2013/09/14-17:04:42	60	1,349.532	71.27	4	0	0	0	0	0	1	1	0	0	1	13
2013/09/14-20:08:46	63	1,309.976	71.225	8	0	0	1	0	0	1	1	0	0	1	18
2013/09/14-20:10:05	63	1,309.976	71.225	17	0	1	1	0	0	0	1	0	0	1	47
2013/09/14-20:37:34	63	1,309.976	71.225	10	0	0	1	0	0	1	1	0	0	1	31
2013/09/14-20:38:57	63	1,309.976	71.225	0	0	1	0	0	0	0	1	0	0	1	6
2013/09/14-20:39:36	63	1,309.976	71.225	19	0	0	2	0	0	0	1	0	0	1	60
2013/09/14-20:46:57	63	1,309.976	71.225	7	0	0	2	1	0	0	1	1	0	0	25
2013/09/14-20:47:41	63	1,309.976	71.225	4	0	0	1	1	0	0	1	1	0	0	20
2013/09/14-20:48:19	63	1,309.976	71.225	7	0	0	3	1	0	0	1	1	0	0	28
2013/09/14-20:49:06	63	1,309.976	71.225	9	0	0	2	1	0	0	1	1	0	0	31
2013/09/14-20:49:56	63	1,309.976	71.225	15	0	0	1	1	0	0	1	1	0	0	34
2013/09/14-21:08:39	61	1,350.625	67.543	11	0	0	1	1	0	0	1	1	0	0	35
2013/09/14-21:09:33	61	1,350.625	67.543	0	0	1	0	0	0	0	1	0	0	1	6
2013/09/14-21:09:59	61	1,350.625	67.543	11	0	0	3	1	0	0	1	1	0	0	60
2013/09/14-21:11:17	61	1,350.625	67.543	22	0	0	3	1	0	0	1	1	0	0	60
2013/09/14-21:12:36	61	1,350.625	67.543	18	0	0	1	1	0	0	1	1	0	0	56
2013/09/15-09:11:46	59	1,377.38	70.664	15	0	0	2	0	0	0	1	1	0	0	44
2013/09/15-09:12:50	59	1,377.38	70.664	8	0	0	2	0	0	1	1	0	0	1	35
2013/09/15-09:13:44	59	1,377.38	70.664	8	0	0	3	1	0	1	1	0	0	1	25
2013/09/15-09:14:28	59	1,377.38	70.664	17	0	0	1	0	0	0	1	0	0	1	60
2013/09/15-09:15:46	59	1,377.38	70.664	12	0	1	1	0	0	0	1	0	0	1	34
2013/09/15-09:42:00	58	1,401.817	68.496	10	0	1	1	0	0	0	1	0	0	1	47
2013/09/15-09:43:06	58	1,401.817	68.496	6	0	1	1	0	0	0	1	0	0	1	19
2013/09/15-09:44:02	58	1,401.817	68.496	15	0	0	3	1	0	0	1	0	0	1	60
2013/09/15-09:45:21	58	1,401.817	68.496	8	0	0	2	0	0	1	1	0	0	1	40
2013/09/15-09:46:20	58	1,401.817	68.496	3	0	1	0	0	0	0	1	0	0	1	9
2013/09/15-09:55:49	58	1,401.817	68.496	7	0	1	1	0	0	0	1	0	0	1	27
2013/09/15-09:57:07	58	1,401.817	68.496	0	0	1	0	0	0	0	1	0	0	1	6
2013/09/15-09:58:00	58	1,401.817	68.496	8	0	0	0	0	0	1	1	0	0	1	19
2013/09/15-09:59:07	58	1,401.817	68.496	7	0	1	2	1	0	0	1	0	0	1	29
2013/09/15-09:59:56	58	1,401.817	68.496	8	0	1	2	0	0	0	1	0	0	1	23
2013/09/15-14:03:24	56	1,429.181	69.078	9	0	0	1	0	0	1	1	0	0	1	20
2013/09/15-14:04:45	56	1,429.181	69.078	7	0	0	1	0	0	1	1	0	0	1	20
2013/09/15-14:06:03	56	1,429.181	69.078	14	0	0	2	2	0	0	1	1	0	0	30
2013/09/15-14:06:52	56	1,429.181	69.078	13	0	0	1	1	0	1	1	0	0	1	38
2013/09/15-14:07:49	56	1,429.181	69.078	9	0	0	2	0	0	1	1	0	0	1	24
2013/09/15-14:24:14	56	1,425.651	64.731	13	0	0	3	1	0	0	1	1	0	0	53
2013/09/15-14:25:26	56	1,425.651	64.731	4	0	0	2	0	0	0	1	1	0	0	17
2013/09/15-14:26:01	56	1,425.651	64.731	10	0	0	2	2	0	0	1	1	0	0	37
2013/09/15-14:26:57	56	1,425.651	64.731	11	0	0	1	0	0	0	1	1	0	0	27
2013/09/15-14:27:42	56	1,425.651	64.731	8	0	0	2	2	0	0	1	1	0	0	26
2013/09/15-15:34:15	56	1,425.651	64.731	8	0	0	1	1	0	0	1	1	0	0	25
2013/09/15-15:34:59	56	1,425.651	64.731	5	0	0	0	0	0	1	1	0	0	1	12
2013/09/15-15:35:31	56	1,425.651	64.731	0	0	1	0	0	0	0	1	0	0	1	6
2013/09/15-15:35:58	56	1,425.651	64.731	7	0	0	1	0	0	0	1	1	0	0	22
2013/09/15-15:36:39	56	1,425.651	64.731	8	0	0	1	1	0	0	1	1	0	0	40
2013/09/15-16:19:00	53	1,455.347	60.507	11	0	0	1	0	0	1	1	0	0	1	35
2013/09/15-16:20:18	53	1,455.347	60.507	0	0	1	0	0	0	0	1	0	0	1	6
2013/09/15-16:20:54	53	1,455.347	60.507	5	0	0	1	0	0	1	1	0	0	1	22
2013/09/15-16:22:11	53	1,455.347	60.507	0	0	1	0	0	0	0	1	0	0	1	6
2013/09/15-16:23:00	56	1,424.627	60.05	13	0	1	2	0	0	0	1	0	0	1	38
2013/09/15-16:34:54	56	1,424.627	60.05	5	0	0	0	0	0	0	1	1	0	0	13
2013/09/15-16:35:26	56	1,424.627	60.05	3	0	0	1	0	0	0	1	1	0	0	7
2013/09/15-16:35:51	56	1,424.627	60.05	0	0	1	0	0	0	0	1	0	0	1	6
2013/09/15-16:36:16	56	1,424.627	60.05	3	0	0	0	0	0	0	1	1	0	0	6
2013/09/15-16:36:41	56	1,424.627	60.05	6	0	0	3	0	0	0	1	1	0	0	18
2013/09/15-16:51:06	56	1,424.627	60.05	4	0	0	0	0	0	1	1	0	0	1	9
2013/09/15-16:51:34	56	1,424.627	60.05	3	0	0	1	0	0	0	1	1	0	0	7
2013/09/15-16:52:00	56	1,424.627	60.05	0	0	1	0	0	0	0	1	0	0	1	6
2013/09/15-16:52:24	56	1,424.627	60.05	3	0	0	1	0	0	0	1	1	0	0	9
2013/09/15-16:52:52	56	1,424.627	60.05	7	0	0	2	1	0	0	1	1	0	0	23
2013/09/15-20:34:28	57	1,408.855	65.03	0	0	1	0	0	0	0	1	0	0	1	6
2013/09/15-20:35:37	57	1,408.855	65.03	10	0	0	2	1	0	0	1	1	0	0	31
2013/09/15-20:36:26	57	1,408.855	65.03	12	0	0	1	1	0	0	1	1	0	0	41
2013/09/15-20:37:26	57	1,408.855	65.03	5	0	0	2	0	0	0	1	1	0	0	17
2013/09/15-20:38:02	57	1,408.855	65.03	0	0	1	0	0	0	0	1	0	0	1	6
2013/09/15-21:01:14	57	1,421.621	61.39	8	0	0	1	0	0	1	1	0	0	1	22
2013/09/15-21:01:56	57	1,421.621	61.39	8	0	0	3	0	0	1	1	0	0	1	26
2013/09/15-21:03:15	57	1,421.621	61.39	5	0	0	0	0	0	1	1	0	0	1	9
2013/09/15-21:04:34	57	1,421.621	61.39	13	0	0	1	0	0	1	1	0	0	1	28
2013/09/15-21:05:52	57	1,421.621	61.39	16	0	0	3	0	0	1	1	0	0	1	45
2013/09/15-21:21:08	57	1,421.621	61.39	0	0	1	0	0	0	0	1	0	0	1	0
2013/09/15-21:48:19	57	1,421.621	61.39	0	0	1	0	0	0	0	1	0	0	1	6
2013/09/15-21:49:18	57	1,421.621	61.39	4	0	0	0	0	0	1	1	0	0	1	7
2013/09/15-21:49:45	57	1,421.621	61.39	8	0	0	0	0	0	1	1	0	0	1	24
2013/09/15-21:50:35	57	1,421.621	61.39	10	0	0	1	1	0	0	1	1	0	0	60
2013/09/15-22:37:18	59	1,389.522	57.409	7	0	0	0	0	0	1	1	0	0	1	26
2013/09/15-22:38:03	59	1,389.522	57.409	10	0	0	2	1	0	0	1	1	0	0	23
2013/09/15-22:38:44	59	1,389.522	57.409	4	0	1	0	0	0	0	1	0	0	1	11
2013/09/15-22:39:16	59	1,389.522	57.409	10	0	0	3	0	0	1	1	0	0	1	34
2013/09/15-22:40:09	59	1,389.522	57.409	11	0	0	2	0	0	1	1	0	0	1	28
2013/09/15-22:54:09	59	1,393.756	56.497	6	0	0	0	0	0	1	1	0	0	1	15
2013/09/15-22:55:07	59	1,393.756	56.497	0	0	1	0	0	0	0	1	0	0	1	6
2013/09/15-22:56:05	59	1,393.756	56.497	7	0	0	0	0	0	1	1	0	0	1	12
2013/09/15-22:56:59	59	1,393.756	56.497	0	0	1	0	0	0	0	1	0	0	1	6
2013/09/15-22:58:17	59	1,393.756	56.497	8	0	1	1	0	0	0	1	0	0	1	24
2013/09/15-23:05:16	59	1,393.756	56.497	6	0	0	1	0	0	1	1	0	0	1	14
2013/09/15-23:06:05	59	1,393.756	56.497	7	0	0	1	0	0	1	1	0	0	1	15
2013/09/15-23:06:39	59	1,393.756	56.497	6	0	0	1	0	0	1	1	0	0	1	13
2013/09/15-23:07:51	59	1,393.756	56.497	7	0	1	1	1	0	0	1	0	0	1	29
2013/09/15-23:08:39	59	1,393.756	56.497	7	0	0	1	0	0	1	1	0	0	1	23
2013/09/16-20:39:45	59	1,393.1	61.812	16	0	0	1	0	0	1	1	0	0	1	43
2013/09/16-20:41:05	59	1,393.1	61.812	8	0	0	1	0	0	1	1	0	0	1	17
2013/09/16-20:42:23	59	1,393.1	61.812	10	0	0	1	0	0	1	1	0	0	1	25
2013/09/16-20:43:42	59	1,393.1	61.812	6	0	0	3	1	0	0	1	1	0	0	18
2013/09/16-20:44:19	59	1,393.1	61.812	17	0	0	1	0	0	0	1	0	0	1	60
2013/09/16-20:50:06	59	1,393.1	61.812	3	0	0	0	0	0	1	1	0	0	1	11
2013/09/16-20:50:53	59	1,393.1	61.812	8	0	0	1	0	0	1	1	0	0	1	26
2013/09/16-20:51:42	59	1,393.1	61.812	10	0	0	2	1	0	0	1	1	0	0	30
2013/09/16-20:52:31	59	1,393.1	61.812	4	0	0	1	0	0	0	1	1	0	0	9
2013/09/16-20:52:59	59	1,393.1	61.812	6	0	0	1	1	0	1	1	0	0	1	17
2013/09/16-21:13:45	58	1,391.175	56.474	13	0	0	3	1	0	0	1	1	0	0	45
2013/09/16-21:14:49	58	1,391.175	56.474	8	0	0	1	1	0	0	1	1	0	0	18
2013/09/16-21:15:26	58	1,391.175	56.474	8	0	0	0	0	0	1	1	0	0	1	24
2013/09/16-21:16:08	58	1,391.175	56.474	7	0	0	1	2	0	0	1	1	0	0	32
2013/09/16-21:16:59	58	1,391.175	56.474	14	0	0	4	1	0	1	1	0	0	1	35
2013/09/18-00:54:15	56	1,415.307	72.326	31	0	0	5	3	0	0	1	1	0	0	59
2013/09/18-00:55:34	56	1,415.307	72.326	1	0	0	0	1	0	1	1	0	0	1	3
2013/09/18-00:55:59	56	1,415.307	72.326	4	0	0	0	1	0	0	1	1	0	0	20
2013/09/18-00:56:38	56	1,415.307	72.326	2	0	1	0	0	0	0	1	0	0	1	8
2013/09/18-00:57:10	56	1,415.307	72.326	1	0	0	0	0	0	1	1	0	0	1	3
2013/09/18-08:41:03	56	1,415.307	72.326	0	0	1	0	0	0	0	1	0	0	1	6
2013/09/18-08:42:22	56	1,415.307	72.326	1	0	1	0	0	0	0	1	0	0	1	11
2013/09/18-08:43:08	59	1,374.092	66.129	10	0	0	0	3	0	0	1	1	0	0	25
2013/09/18-08:43:51	59	1,374.092	66.129	4	0	0	0	2	0	0	1	1	0	0	17
2013/09/18-08:44:27	59	1,374.092	66.129	2	0	0	0	1	0	0	1	1	0	0	7
2013/09/18-09:00:44	59	1,374.092	66.129	7	0	0	0	0	0	1	1	0	0	1	14
2013/09/18-09:01:19	59	1,374.092	66.129	9	0	0	9	1	0	0	1	1	0	0	31
2013/09/18-09:02:09	59	1,374.092	66.129	8	0	0	0	1	0	0	1	1	0	0	26
2013/09/18-09:02:54	59	1,374.092	66.129	11	0	0	1	1	0	1	1	0	0	1	33
2013/09/18-09:03:46	59	1,374.092	66.129	0	0	1	0	0	0	0	1	0	0	1	6
2013/09/18-15:21:22	54	1,429.099	71.163	1	0	0	0	0	0	1	1	0	0	1	3
2013/09/18-15:21:47	54	1,429.099	71.163	1	0	0	0	0	0	1	1	0	0	1	3
2013/09/18-15:22:33	54	1,429.099	71.163	1	0	0	0	1	0	0	1	1	0	0	3
2013/09/18-15:22:55	54	1,429.099	71.163	6	0	0	0	0	0	1	1	0	0	1	15
2013/09/18-15:24:14	54	1,429.099	71.163	0	0	1	0	0	0	0	1	0	0	1	3
2013/09/18-15:31:04	54	1,429.099	71.163	1	0	1	0	0	0	0	1	0	0	1	3
2013/09/18-15:31:32	54	1,429.099	71.163	1	0	0	0	2	0	1	1	0	0	1	3
2013/09/18-15:31:54	54	1,429.099	71.163	3	0	1	0	1	0	0	1	0	0	1	13
2013/09/18-15:32:25	54	1,429.099	71.163	3	0	1	0	0	0	0	1	0	0	1	9
2013/09/18-15:32:54	54	1,429.099	71.163	6	0	0	1	0	0	0	1	1	0	0	16
2013/09/18-15:43:21	54	1,429.099	71.163	7	0	0	0	1	0	1	1	0	0	1	22
2013/09/18-15:44:02	57	1,385.666	63.519	1	0	0	0	1	0	1	1	0	0	1	3
2013/09/18-15:44:28	57	1,385.666	63.519	1	0	1	0	1	0	0	1	0	0	1	3
2013/09/18-15:45:11	57	1,385.666	63.519	1	0	1	0	0	0	0	1	0	0	1	7
2013/09/18-15:46:05	57	1,385.666	63.519	11	0	0	0	0	0	0	1	1	0	0	29
2013/09/19-10:06:43	58	1,381.094	78.255	1	0	0	0	1	0	1	1	0	0	1	3
2013/09/19-10:07:06	58	1,381.094	78.255	1	0	0	0	1	0	0	1	1	0	0	6
2013/09/19-10:07:31	58	1,381.094	78.255	6	0	0	0	1	0	0	1	1	0	0	18
2013/09/19-10:08:08	58	1,381.094	78.255	4	0	0	1	1	0	0	1	1	0	0	15
2013/09/19-10:08:42	58	1,381.094	78.255	14	0	0	0	2	0	0	1	1	0	0	34
2013/09/19-10:20:47	55	1,407.722	74.102	7	0	0	1	0	0	1	1	0	0	1	22
2013/09/19-10:21:40	55	1,407.722	74.102	2	0	0	0	0	0	1	1	0	0	1	10
2013/09/19-10:22:09	55	1,407.722	74.102	2	0	1	0	1	0	0	1	0	0	1	8
2013/09/19-10:22:36	55	1,407.722	74.102	1	0	0	0	0	0	1	1	0	0	1	3
2013/09/19-10:23:04	55	1,407.722	74.102	15	0	0	3	0	0	1	1	0	0	1	41
2013/09/19-10:29:37	55	1,407.722	74.102	2	0	1	0	1	0	0	1	0	0	1	4
2013/09/19-10:30:02	55	1,407.722	74.102	2	0	1	0	1	0	0	1	0	0	1	8
2013/09/19-10:30:33	55	1,407.722	74.102	0	0	1	0	0	0	0	1	0	0	1	3
2013/09/19-10:31:01	55	1,407.722	74.102	2	0	0	0	1	0	0	1	1	0	0	7
2013/09/19-10:31:28	55	1,407.722	74.102	1	0	0	0	0	0	1	1	0	0	1	3
2013/09/19-14:33:33	55	1,422.601	73.407	1	0	0	0	0	0	1	1	0	0	1	3
2013/09/19-14:34:52	55	1,422.601	73.407	1	0	0	0	0	0	1	1	0	0	1	3
2013/09/19-14:36:11	55	1,422.601	73.407	9	0	0	1	0	0	1	1	0	0	1	30
2013/09/19-14:37:30	55	1,422.601	73.407	2	0	1	0	0	0	0	1	0	0	1	13
2013/09/19-14:38:02	55	1,422.601	73.407	6	0	0	0	1	0	0	1	1	0	0	20
2013/09/19-14:53:34	55	1,422.601	73.407	14	0	0	0	1	0	0	1	1	0	0	27
2013/09/19-14:54:20	55	1,422.601	73.407	4	0	0	0	2	0	0	1	1	0	0	11
2013/09/19-14:54:50	55	1,422.601	73.407	1	0	0	0	1	0	1	1	1	0	0	4
2013/09/19-14:55:14	55	1,422.601	73.407	4	0	0	0	1	0	0	1	1	0	0	13
2013/09/19-14:55:46	55	1,422.601	73.407	1	0	0	0	0	0	1	1	0	0	1	3
2013/09/19-15:09:36	54	1,467.599	68.462	2	0	0	0	1	0	1	1	0	0	1	6
2013/09/19-15:10:07	54	1,467.599	68.462	1	0	0	0	0	0	1	1	0	0	1	6
2013/09/19-15:10:42	54	1,467.599	68.462	1	0	0	0	0	0	1	1	0	0	1	7
2013/09/19-15:11:09	54	1,467.599	68.462	3	0	1	2	0	0	0	1	0	0	1	21
2013/09/19-15:12:19	54	1,467.599	68.462	7	0	0	0	2	0	0	1	1	0	0	23
2013/09/19-19:02:33	50	1,494.756	73.642	15	0	0	0	2	0	0	1	1	0	0	52
2013/09/19-19:03:43	50	1,494.756	73.642	9	0	1	3	0	0	0	1	0	0	1	30
2013/09/19-19:05:02	50	1,494.756	73.642	5	0	0	0	0	0	1	1	0	0	1	15
2013/09/19-19:06:21	50	1,494.756	73.642	7	0	0	2	0	0	0	1	1	0	0	19
2013/09/19-19:06:59	50	1,494.756	73.642	2	0	1	0	1	0	0	1	0	0	1	12
2013/09/19-19:15:32	49	1,524.093	71.22	3	0	1	0	1	0	0	1	0	0	1	12
2013/09/19-19:16:03	49	1,524.093	71.22	5	0	1	0	0	0	0	1	0	0	1	17
2013/09/19-19:17:00	49	1,524.093	71.22	1	0	1	0	0	0	0	1	0	0	1	10
2013/09/19-19:17:31	49	1,524.093	71.22	5	0	1	1	0	0	0	1	0	0	1	15
2013/09/19-19:18:51	49	1,524.093	71.22	21	0	0	5	1	0	0	1	1	0	0	60
2013/09/19-19:32:13	49	1,524.093	71.22	1	0	1	0	0	0	0	1	0	0	1	8
2013/09/19-19:32:40	49	1,524.093	71.22	1	0	0	0	0	0	1	1	0	0	1	3
2013/09/19-19:33:18	49	1,524.093	71.22	1	0	1	0	0	0	0	1	0	0	1	9
2013/09/19-19:34:26	49	1,524.093	71.22	10	0	0	2	0	0	1	1	0	0	1	29
2013/09/19-19:35:45	49	1,524.093	71.22	3	0	0	0	0	0	1	1	0	0	1	12
2013/09/20-00:35:42	44	1,551.775	75.376	10	0	0	1	0	0	1	1	0	0	1	33
2013/09/20-00:36:53	44	1,551.775	75.376	2	0	0	0	1	0	1	1	0	0	1	6
2013/09/20-00:37:22	44	1,551.775	75.376	7	0	1	2	0	0	0	1	0	0	1	24
2013/09/20-00:38:05	44	1,551.775	75.376	6	0	1	0	0	0	0	1	0	0	1	19
2013/09/20-00:38:48	44	1,551.775	75.376	1	0	0	0	0	0	1	1	0	0	1	3
2013/09/20-00:43:55	44	1,551.775	75.376	10	0	0	2	0	0	0	1	1	0	0	31
2013/09/20-00:44:45	44	1,551.775	75.376	3	0	1	0	0	0	0	1	0	0	1	11
2013/09/20-00:45:15	44	1,551.775	75.376	11	0	0	0	0	0	0	1	1	0	0	37
2013/09/20-00:46:10	44	1,551.775	75.376	2	0	0	0	0	0	1	1	0	0	1	15
2013/09/20-00:46:44	44	1,551.775	75.376	2	0	0	0	2	0	0	1	1	0	0	8
2013/09/20-01:04:21	43	1,563.387	70.372	0	0	1	0	0	0	0	1	0	0	1	4
2013/09/20-01:04:50	43	1,563.387	70.372	8	0	0	0	0	0	1	1	0	0	1	19
2013/09/20-01:06:09	43	1,563.387	70.372	22	0	0	0	2	0	0	1	1	0	0	60
2013/09/20-01:07:28	43	1,563.387	70.372	1	0	0	0	1	0	1	1	0	0	1	3
2013/09/20-01:07:59	43	1,563.387	70.372	16	0	0	0	1	0	0	1	1	0	0	52
2013/09/20-05:23:08	44	1,566.8	76.353	3	0	0	0	2	0	0	1	1	0	0	9
2013/09/20-05:23:36	44	1,566.8	76.353	2	0	0	0	2	0	1	1	0	0	1	6
2013/09/20-05:24:00	44	1,566.8	76.353	7	0	0	0	1	0	0	1	1	0	0	19
2013/09/20-05:24:38	44	1,566.8	76.353	1	0	0	0	1	0	0	1	1	0	0	10
2013/09/20-05:25:07	44	1,566.8	76.353	4	0	0	0	2	0	0	1	1	0	0	13
2013/09/20-05:36:34	44	1,566.8	76.353	2	0	0	0	0	0	1	1	0	0	1	8
2013/09/20-05:37:19	44	1,566.8	76.353	2	0	0	0	0	0	1	1	0	0	1	6
2013/09/20-05:38:38	44	1,566.8	76.353	1	0	1	0	1	0	0	1	0	0	1	7
2013/09/20-05:39:57	44	1,566.8	76.353	1	0	0	0	0	0	1	1	0	0	1	4
2013/09/20-05:41:11	44	1,566.8	76.353	1	0	0	0	1	0	1	1	0	0	1	4
2013/09/20-05:47:44	46	1,547	70.314	0	0	1	0	0	0	0	1	0	0	1	3
2013/09/20-05:48:13	46	1,547	70.314	7	0	0	1	0	0	1	1	0	0	1	33
2013/09/20-05:49:06	46	1,547	70.314	1	0	1	0	0	0	0	1	0	0	1	3
2013/09/20-05:49:29	46	1,547	70.314	1	0	0	0	1	0	1	1	0	1	0	3
2013/09/20-05:49:52	46	1,547	70.314	2	0	0	0	0	0	0	1	1	0	0	8
2013/09/20-09:39:29	49	1,510.044	74.824	2	0	0	0	0	0	0	1	1	0	0	6
2013/09/20-09:39:55	49	1,510.044	74.824	18	0	0	0	1	0	0	1	1	0	0	60
2013/09/20-09:41:14	49	1,510.044	74.824	12	0	0	0	0	0	1	1	0	0	1	34
2013/09/20-09:42:07	49	1,510.044	74.824	1	0	0	0	0	0	1	1	0	0	1	6
2013/09/20-09:43:26	49	1,510.044	74.824	3	0	0	0	1	0	0	1	1	0	0	8
2013/09/20-09:54:10	49	1,519.589	71.587	1	0	0	0	0	0	1	1	0	0	1	2
2013/09/20-09:54:55	49	1,519.589	71.587	1	0	0	0	1	0	1	1	0	0	1	2
2013/09/20-09:55:18	49	1,519.589	71.587	1	0	0	0	1	0	1	1	0	0	1	3
2013/09/20-09:55:41	49	1,519.589	71.587	1	0	1	0	0	0	0	1	0	0	1	6
2013/09/20-09:56:06	49	1,519.589	71.587	6	0	0	0	0	0	1	1	0	0	1	14
2013/09/20-10:02:07	49	1,519.589	71.587	3	0	0	0	0	0	1	1	0	0	1	9
2013/09/20-10:03:26	49	1,519.589	71.587	4	0	1	0	1	0	0	1	0	0	1	19
2013/09/20-10:04:05	49	1,519.589	71.587	7	0	0	0	2	0	0	1	1	0	0	24
2013/09/20-10:04:48	49	1,519.589	71.587	1	0	0	0	0	0	1	1	0	0	1	7
2013/09/20-10:05:23	49	1,519.589	71.587	4	0	0	0	0	0	1	1	0	0	1	15
2013/09/20-15:39:35	51	1,511.537	72.704	2	0	0	0	0	0	1	1	0	0	1	9
2013/09/20-15:40:08	51	1,511.537	72.704	1	0	0	0	0	0	1	1	0	0	1	3
2013/09/20-15:40:30	51	1,511.537	72.704	12	0	1	1	0	0	0	1	0	0	1	41
2013/09/20-15:41:36	51	1,511.537	72.704	2	0	1	0	0	0	0	1	0	0	1	7
2013/09/20-15:42:29	51	1,511.537	72.704	1	0	0	0	0	0	1	1	0	0	1	3
2013/09/20-15:47:59	51	1,511.537	72.704	19	0	0	2	0	0	0	1	1	0	0	60
2013/09/20-15:49:18	51	1,498.384	69.381	1	0	0	0	0	0	1	1	0	0	1	6
2013/09/20-15:49:44	51	1,498.384	69.381	4	0	0	0	1	0	0	1	1	0	0	15
2013/09/20-15:50:18	51	1,498.384	69.381	2	0	1	0	1	0	0	1	0	0	1	6
2013/09/20-15:50:42	51	1,498.384	69.381	3	0	0	0	0	0	0	1	1	0	0	6
2013/09/20-16:07:40	51	1,498.384	69.381	3	0	0	0	0	0	1	1	0	0	1	17
2013/09/20-16:08:17	51	1,498.384	69.381	9	0	0	0	2	0	1	1	1	0	0	24
2013/09/20-16:09:00	51	1,498.384	69.381	17	0	0	0	1	0	0	1	1	0	0	60
2013/09/20-16:10:19	51	1,498.384	69.381	1	0	0	0	1	0	1	1	0	0	1	3
2013/09/20-16:10:41	51	1,498.384	69.381	3	0	0	0	2	0	0	1	1	0	0	11
2013/12/27-12:42:44	54	1,535.549	100.299	3	0	0	0	2	0	0	1	1	0	0	7
2013/12/27-12:43:10	54	1,535.549	100.299	1	0	0	0	1	0	1	1	0	0	1	3
2013/12/27-12:43:38	54	1,535.549	100.299	6	0	0	2	0	0	1	1	0	0	1	21
2013/12/27-12:44:17	54	1,535.549	100.299	10	0	0	0	0	0	1	1	0	0	1	26
2013/12/27-12:45:02	54	1,535.549	100.299	2	0	1	1	0	0	0	1	0	0	1	7
2013/12/27-13:10:05	49	1,555.434	89.503	13	0	0	1	0	0	1	1	0	0	1	44
2013/12/27-13:11:08	49	1,555.434	89.503	2	0	1	0	1	0	0	1	0	0	1	8
2013/12/27-13:11:36	49	1,555.434	89.503	7	0	1	0	0	0	0	1	0	0	1	15
2013/12/27-13:12:10	49	1,555.434	89.503	5	0	0	0	0	0	1	1	0	0	1	16
2013/12/27-13:12:44	49	1,555.434	89.503	1	0	0	0	1	0	1	1	0	0	1	3
2013/12/27-13:26:57	49	1,555.434	89.503	1	0	0	0	0	0	1	1	0	0	1	3
2013/12/27-13:27:22	49	1,555.434	89.503	1	0	1	0	1	0	0	1	0	0	1	6
2013/12/27-13:27:47	49	1,555.434	89.503	1	0	0	0	0	0	1	1	0	0	1	4
2013/12/27-13:28:58	49	1,555.434	89.503	6	0	0	2	0	0	0	1	1	0	0	18
2013/12/27-13:29:35	49	1,555.434	89.503	2	0	0	0	1	0	0	1	1	0	0	4
2013/12/27-19:44:56	49	1,566.947	81.882	1	0	0	0	1	0	1	1	0	0	1	3
2013/12/27-19:47:01	49	1,566.947	81.882	0	0	1	0	0	0	0	1	0	0	1	6
2013/12/27-19:47:58	49	1,566.947	81.882	14	0	0	0	0	0	1	1	0	0	1	33
2013/12/27-19:48:50	49	1,566.947	81.882	18	0	0	3	0	0	0	1	1	0	0	60
2013/12/27-19:50:08	49	1,566.947	81.882	9	0	0	0	1	0	1	1	0	0	1	29
2013/12/27-20:04:53	46	1,591.465	76.08	2	0	0	0	0	0	1	1	0	0	1	6
2013/12/27-20:05:18	46	1,591.465	76.08	1	0	1	0	0	0	0	1	0	0	1	3
2013/12/27-20:05:41	46	1,591.465	76.08	4	0	0	0	2	0	0	1	1	0	0	17
2013/12/27-20:06:16	46	1,591.465	76.08	10	0	0	1	0	0	1	1	0	0	1	15
2013/12/27-20:06:56	46	1,591.465	76.08	6	0	0	5	1	0	0	1	1	0	0	19
2013/12/27-20:25:14	46	1,591.465	76.08	1	0	0	0	0	0	1	1	0	0	1	4
2013/12/27-20:25:49	46	1,591.465	76.08	4	0	0	0	0	0	0	1	1	0	0	8
2013/12/27-20:26:17	46	1,591.465	76.08	26	0	0	5	0	0	0	1	1	0	0	60
2013/12/27-20:27:35	46	1,591.465	76.08	5	0	1	0	0	0	0	1	0	0	1	19
2013/12/27-20:28:14	46	1,591.465	76.08	1	0	0	0	0	0	1	1	0	0	1	3
2013/12/28-02:32:09	38	1,633.46	79.998	15	0	0	7	1	0	0	1	1	0	0	36
2013/12/28-02:33:04	38	1,633.46	79.998	3	0	0	0	2	0	0	1	1	0	0	9
2013/12/28-02:33:33	38	1,633.46	79.998	13	0	1	1	0	0	0	1	0	0	1	55
2013/12/28-02:34:47	38	1,633.46	79.998	1	0	0	0	1	0	1	1	0	0	1	3
2013/12/28-02:35:09	38	1,633.46	79.998	5	0	0	1	0	0	1	1	0	0	1	18
2013/12/28-02:42:11	38	1,633.46	79.998	3	0	1	0	0	0	0	1	0	0	1	7
2013/12/28-02:43:11	38	1,633.46	79.998	3	0	0	0	0	0	1	1	0	0	1	10
2013/12/28-02:43:44	38	1,633.46	79.998	3	0	1	0	0	0	0	1	0	0	1	8
2013/12/28-02:45:03	43	1,603.655	72.895	1	0	1	0	0	0	0	1	0	0	1	7
2013/12/28-02:45:50	43	1,603.655	72.895	0	0	1	0	0	0	0	1	0	0	1	6
2013/12/28-02:56:12	43	1,603.655	72.895	3	0	1	0	0	0	0	1	0	0	1	12
2013/12/28-02:56:43	43	1,603.655	72.895	4	0	0	1	0	0	1	1	0	0	1	14
2013/12/28-02:57:19	43	1,603.655	72.895	6	0	1	2	0	0	0	1	0	0	1	21
2013/12/28-02:58:28	43	1,603.655	72.895	1	0	1	0	0	0	0	1	0	0	1	3
2013/12/28-02:58:51	43	1,603.655	72.895	2	0	1	0	0	0	0	1	0	0	1	12
2013/12/28-10:58:27	49	1,580.873	81.644	1	0	1	0	0	0	0	1	0	0	1	6
2013/12/28-10:59:10	49	1,580.873	81.644	23	0	0	0	1	0	0	1	1	0	0	60
2013/12/28-11:00:29	49	1,580.873	81.644	4	0	0	0	0	0	0	1	1	0	0	10
2013/12/28-11:00:58	49	1,580.873	81.644	7	0	0	0	0	0	1	1	0	0	1	14
2013/12/28-11:02:04	49	1,580.873	81.644	1	0	0	0	0	0	1	1	0	0	1	3
2013/12/28-11:31:18	52	1,562.44	75.138	1	0	0	0	0	0	1	1	0	0	1	3
2013/12/28-11:31:50	52	1,562.44	75.138	6	0	0	3	1	0	1	1	0	0	1	20
2013/12/28-11:32:28	52	1,562.44	75.138	4	0	0	0	1	0	0	1	1	0	0	12
2013/12/28-11:32:59	52	1,562.44	75.138	6	0	0	0	2	0	0	1	1	0	0	13
2013/12/28-11:33:31	52	1,562.44	75.138	1	0	0	0	0	0	1	1	0	0	1	4
2013/12/28-11:49:37	54	1,554.231	69.923	10	0	1	1	1	0	0	1	0	0	1	35
2013/12/28-11:50:30	54	1,554.231	69.923	14	0	0	0	0	0	1	1	0	0	1	50
2013/12/28-11:51:40	54	1,554.231	69.923	3	0	0	0	0	0	1	1	0	0	1	20
2013/12/28-11:52:19	54	1,554.231	69.923	6	0	0	0	2	0	0	1	1	0	0	17
2013/12/28-11:52:54	54	1,554.231	69.923	1	0	0	0	1	0	1	1	0	0	1	3
2013/12/29-01:00:51	49	1,571.431	90.132	7	0	1	0	0	0	0	1	0	0	1	22
2013/12/29-01:01:32	49	1,571.431	90.132	6	0	0	0	1	0	0	1	1	0	0	16
2013/12/29-01:02:08	49	1,571.431	90.132	8	0	0	1	1	0	1	1	0	0	1	22
2013/12/29-01:03:05	49	1,571.431	90.132	8	0	0	2	1	0	0	1	1	0	0	22
2013/12/29-01:03:47	49	1,571.431	90.132	5	0	0	6	1	0	1	1	0	0	1	15
2013/12/29-01:27:04	49	1,574.432	81.857	4	0	1	0	1	0	0	1	0	0	1	11
2013/12/29-01:27:33	49	1,574.432	81.857	1	0	0	0	0	0	1	1	0	0	1	3
2013/12/29-01:27:59	49	1,574.432	81.857	8	0	0	4	1	0	0	1	1	0	0	20
2013/12/29-01:28:38	49	1,574.432	81.857	1	0	0	0	0	0	1	1	0	0	1	4
2013/12/29-01:29:10	49	1,574.432	81.857	10	0	0	2	0	0	1	1	0	0	1	32
2013/12/29-01:46:49	49	1,574.432	81.857	5	0	0	0	0	0	1	1	0	0	1	12
2013/12/29-01:47:32	49	1,574.432	81.857	10	0	0	2	1	0	0	1	1	0	0	24
2013/12/29-01:48:15	49	1,574.432	81.857	6	0	0	0	2	0	0	1	1	0	0	19
2013/12/29-01:48:53	49	1,574.432	81.857	1	0	0	0	0	0	1	1	0	0	1	3
2013/12/29-01:49:22	49	1,574.432	81.857	11	0	0	2	1	0	0	1	1	0	0	51
2013/12/29-09:45:45	50	1,578.695	86.556	13	0	0	2	0	0	1	1	0	0	1	33
2013/12/29-09:46:38	50	1,578.695	86.556	0	0	1	0	0	0	0	1	0	0	1	8
2013/12/29-09:47:25	52	1,564	83.952	6	0	0	2	0	0	1	1	0	0	1	35
2013/12/29-09:48:22	52	1,564	83.952	11	0	1	1	0	0	0	1	0	0	1	38
2013/12/29-09:49:22	52	1,564	83.952	6	0	0	0	0	0	1	1	0	0	1	18
2013/12/29-09:54:31	52	1,564	83.952	5	0	0	0	0	0	1	1	0	0	1	11
2013/12/29-09:55:16	52	1,564	83.952	13	0	0	1	0	0	0	1	1	0	0	47
2013/12/29-09:56:22	52	1,564	83.952	16	0	0	5	0	0	0	1	1	0	0	48
2013/12/29-09:57:29	52	1,564	83.952	7	0	0	1	0	0	1	1	0	0	1	17
2013/12/29-09:58:06	52	1,564	83.952	17	0	1	3	0	0	0	1	0	0	1	53
2013/12/29-10:13:03	52	1,564	83.952	0	0	1	0	0	0	0	1	0	0	1	19
2013/12/29-10:16:05	52	1,564	83.952	4	0	0	1	0	0	1	1	0	0	1	10
2013/12/29-10:16:42	52	1,564	83.952	7	0	1	0	0	0	0	1	0	0	1	17
2013/12/29-10:17:17	52	1,564	83.952	7	0	0	1	0	0	1	1	0	0	1	20
2013/12/29-10:17:55	52	1,564	83.952	10	0	0	1	0	0	1	1	0	0	1	20
2013/12/29-10:18:38	52	1,564	83.952	4	0	1	0	0	0	0	1	0	0	1	7
2013/12/29-10:24:57	54	1,543.335	72.475	3	0	0	0	0	0	1	1	0	0	1	11
2013/12/29-10:25:41	54	1,543.335	72.475	5	0	0	0	1	0	1	1	0	0	1	27
2013/12/29-10:27:36	54	1,543.335	72.475	4	0	0	0	0	0	0	1	1	0	0	23
2013/12/29-10:28:15	54	1,543.335	72.475	0	0	1	0	0	0	0	1	0	0	1	16
2013/12/29-10:39:07	54	1,543.335	72.475	0	0	1	0	0	0	0	1	0	0	1	8
2013/12/29-10:39:41	54	1,543.335	72.475	11	0	1	0	0	0	0	1	0	0	1	21
2013/12/29-10:40:21	54	1,543.335	72.475	5	0	0	1	0	0	1	1	0	0	1	21
2013/12/29-10:41:00	54	1,543.335	72.475	8	0	0	3	0	0	1	1	0	0	1	26
2013/12/29-10:41:51	54	1,543.335	72.475	9	0	1	1	0	0	0	1	0	0	1	25
2013/12/29-10:46:22	54	1,543.335	72.475	0	0	1	0	0	0	0	1	0	0	1	8
2013/12/29-10:46:50	54	1,543.335	72.475	0	0	1	0	0	0	0	1	0	0	1	8
2013/12/29-10:47:35	54	1,543.335	72.475	13	0	0	0	0	0	1	1	0	0	1	30
2013/12/29-10:48:24	54	1,543.335	72.475	9	0	0	2	1	0	0	1	1	0	0	24
2013/12/29-10:49:06	54	1,543.335	72.475	10	0	1	3	0	0	0	1	0	0	1	26
2013/12/29-11:02:09	56	1,515.664	65.918	5	0	0	0	0	0	0	1	1	0	0	8
2013/12/29-11:02:35	56	1,515.664	65.918	7	0	0	1	1	0	0	1	1	0	0	16
2013/12/29-11:03:10	56	1,515.664	65.918	0	0	1	0	0	0	0	1	0	0	1	8
2013/12/29-11:03:36	56	1,515.664	65.918	4	0	0	1	0	0	1	1	0	0	1	13
2013/12/29-11:04:08	56	1,515.664	65.918	4	0	0	0	0	0	0	1	1	0	0	8
2013/12/29-12:11:43	57	1,513.851	65.183	10	0	0	0	1	0	0	1	1	0	0	19
2013/12/29-12:12:21	57	1,513.851	65.183	6	0	1	1	0	0	0	1	0	0	1	16
2013/12/29-12:12:56	57	1,513.851	65.183	5	0	1	0	0	0	0	1	0	0	1	17
2013/12/29-12:13:39	57	1,513.851	65.183	10	0	0	2	1	0	0	1	1	0	0	33
2013/12/29-12:14:31	57	1,513.851	65.183	10	0	0	1	1	0	1	1	0	0	1	31
2013/12/29-12:20:56	57	1,513.851	65.183	0	0	1	0	0	0	0	1	0	0	1	8
2013/12/29-12:21:45	57	1,513.851	65.183	0	0	1	0	0	0	0	1	0	0	1	3
2013/12/29-12:21:59	57	1,513.851	65.183	0	0	1	0	0	0	0	1	0	0	1	3
2013/12/29-12:22:31	57	1,513.851	65.183	0	0	1	0	0	0	0	1	0	0	1	3
2013/12/29-12:26:55	57	1,513.851	65.183	0	0	1	0	0	0	0	1	0	0	1	9
2013/12/29-12:27:41	57	1,513.851	65.183	0	0	1	0	0	0	0	1	0	0	1	3
2013/12/29-12:27:56	57	1,513.851	65.183	0	0	1	0	0	0	0	1	0	0	1	5
2013/12/29-12:28:29	57	1,513.851	65.183	0	0	1	0	0	0	0	1	0	0	1	3
2013/12/29-12:43:11	57	1,513.851	65.183	5	0	0	1	0	0	1	1	0	0	1	14
2013/12/29-12:43:54	57	1,513.851	65.183	9	0	0	0	0	0	1	1	0	0	1	23
2013/12/29-12:44:42	54	1,527.361	61.425	9	0	0	0	0	0	1	1	0	0	1	17
2013/12/29-12:45:18	54	1,527.361	61.425	10	0	1	4	0	0	0	1	0	0	1	42
2013/12/29-12:46:19	54	1,527.361	61.425	4	0	0	1	0	0	1	1	0	0	1	13
2013/12/29-12:54:43	54	1,527.361	61.425	5	0	0	1	0	0	1	1	0	0	1	9
2013/12/29-12:55:25	54	1,527.361	61.425	20	0	0	2	0	0	1	1	0	0	1	44
2013/12/29-12:56:44	54	1,527.361	61.425	12	0	0	4	1	0	1	1	0	0	1	43
2013/12/29-12:57:46	54	1,527.361	61.425	6	0	0	2	0	0	0	1	1	0	0	21
2013/12/29-12:58:26	54	1,527.361	61.425	7	0	0	2	1	0	1	1	0	0	1	17
2013/12/29-15:06:46	55	1,540.411	59.905	0	0	1	0	0	0	0	1	0	0	1	19
2013/12/29-15:16:31	55	1,540.411	61.368	0	0	1	0	0	0	0	1	0	0	1	68
2013/12/29-17:18:22	54	1,540.411	62.797	11	0	1	4	0	0	0	1	0	0	1	46
2013/12/29-17:19:28	54	1,540.411	62.797	10	0	1	1	0	0	0	1	0	0	1	24
2013/12/29-17:20:11	54	1,540.411	62.797	8	0	1	0	0	0	0	1	0	0	1	23
2013/12/29-17:20:54	54	1,540.411	62.797	7	0	1	2	0	0	0	1	0	0	1	22
2013/12/29-17:21:34	54	1,540.411	62.797	4	0	0	0	0	0	1	1	0	0	1	7
2013/12/29-17:37:33	54	1,540.411	62.797	10	0	0	2	0	0	1	1	0	0	1	26
2013/12/29-17:38:18	54	1,540.411	62.797	16	0	0	4	2	0	0	1	1	0	0	53
2013/12/29-17:39:30	54	1,540.411	62.797	9	0	1	1	0	0	0	1	0	0	1	24
2013/12/29-17:40:28	54	1,540.411	62.797	8	0	0	1	2	0	1	1	0	0	1	19
2013/12/29-17:41:07	54	1,540.411	62.797	0	0	1	0	0	0	0	1	0	0	1	8
2013/12/29-17:52:42	56	1,534.488	58.212	10	0	0	0	0	0	1	1	0	0	1	18
2013/12/29-17:54:01	56	1,534.488	58.212	16	0	0	1	0	0	1	1	0	0	1	53
2013/12/29-17:55:20	56	1,534.488	58.212	13	0	0	1	0	0	1	1	0	0	1	30
2013/12/29-17:56:39	56	1,534.488	58.212	4	0	0	0	0	0	1	1	0	0	1	10
2013/12/29-17:57:58	56	1,534.488	58.212	5	0	0	1	0	0	1	1	0	0	1	18
2013/12/30-02:35:40	57	1,526.776	67.522	12	0	0	1	0	0	1	1	0	0	1	30
2013/12/30-02:36:35	57	1,526.776	67.522	12	0	0	2	1	0	1	1	0	0	1	40
2013/12/30-02:37:34	57	1,526.776	67.522	11	0	0	2	2	0	0	1	1	0	0	60
2013/12/30-02:38:53	57	1,526.776	67.522	9	0	1	0	0	0	0	1	0	0	1	26
2013/12/30-02:40:12	57	1,526.776	67.522	15	0	0	5	0	0	1	1	0	0	1	57
2013/12/30-03:11:28	56	1,538.666	63.346	13	0	0	0	0	0	1	1	0	0	1	23
2013/12/30-03:12:21	56	1,538.666	63.346	6	0	0	2	0	0	1	1	0	0	1	28
2013/12/30-03:13:08	56	1,538.666	63.346	16	0	0	3	1	0	1	1	0	0	1	33
2013/12/30-03:14:00	56	1,538.666	63.346	8	0	0	1	0	0	1	1	0	0	1	19
2013/12/30-03:14:38	56	1,538.666	63.346	12	0	0	1	1	0	1	1	0	0	1	23
2013/12/30-03:26:40	56	1,538.666	63.346	12	0	0	2	0	0	1	1	0	0	1	27
2013/12/30-03:27:52	56	1,538.666	63.346	9	0	0	1	0	0	1	1	0	0	1	17
2013/12/30-03:28:51	56	1,538.666	63.346	15	0	0	1	1	0	1	1	0	0	1	37
2013/12/30-03:30:11	56	1,538.666	63.346	0	0	1	0	0	0	0	1	0	0	1	8
2013/12/30-03:31:30	56	1,538.666	63.346	15	0	0	3	1	0	1	1	0	0	1	32
2013/12/30-08:28:14	61	1,510.373	67.309	8	0	0	0	0	0	0	1	1	0	0	14
2013/12/30-08:28:47	61	1,510.373	67.309	8	0	1	2	0	0	0	1	0	0	1	21
2013/12/30-08:29:39	61	1,510.373	67.309	6	0	0	0	0	0	0	1	1	0	0	15
2013/12/30-08:30:12	61	1,510.373	67.309	6	0	0	1	0	0	0	1	1	0	0	13
2013/12/30-08:30:44	61	1,510.373	67.309	5	0	0	0	1	0	0	1	1	0	0	11
2013/12/30-08:41:12	61	1,510.373	67.309	13	0	0	3	1	0	0	1	1	0	0	37
2013/12/30-08:42:08	61	1,510.373	67.309	10	0	1	1	0	0	0	1	0	0	1	27
2013/12/30-08:42:54	61	1,510.373	67.309	8	0	0	1	0	0	0	1	1	0	0	29
2013/12/30-08:43:42	61	1,510.373	67.309	5	0	0	2	0	0	0	1	1	0	0	30
2013/12/30-08:44:30	61	1,510.373	67.309	2	0	0	0	0	0	1	1	0	0	1	7
2013/12/30-08:55:26	52	1,552.796	61.745	6	0	0	0	0	0	1	1	0	0	1	11
2013/12/30-08:56:28	52	1,552.796	61.745	9	0	1	0	0	0	0	1	0	0	1	26
2013/12/30-08:57:43	52	1,552.796	61.745	6	0	1	1	0	0	0	1	0	0	1	35
2013/12/30-08:58:42	52	1,552.796	61.745	0	0	1	0	0	0	0	1	0	0	1	8
2013/12/30-08:59:10	52	1,552.796	61.745	8	0	0	0	0	0	1	1	0	0	1	19
2013/12/30-12:04:51	52	1,543.922	63.415	9	0	0	3	1	0	1	1	0	0	1	28
2013/12/30-12:06:00	52	1,543.922	63.415	0	0	1	0	0	0	0	1	0	0	1	11
2013/12/30-12:06:30	52	1,543.922	63.415	15	0	0	2	0	0	1	1	0	0	1	47
2013/12/30-12:07:36	52	1,543.922	63.415	0	0	1	0	0	0	0	1	0	0	1	8
2013/12/30-12:08:12	52	1,543.922	63.415	0	0	1	0	0	0	0	1	0	0	1	8
2013/12/30-12:24:14	52	1,545.702	60.943	19	0	0	1	1	0	1	1	0	0	1	43
2013/12/30-12:25:16	52	1,545.702	60.943	0	0	1	0	0	0	0	1	0	0	1	8
2013/12/30-12:26:35	52	1,545.702	60.943	9	0	0	0	1	0	0	1	1	0	0	16
2013/12/30-12:27:10	52	1,545.702	60.943	12	0	0	1	2	0	0	1	1	0	0	25
2013/12/30-12:27:54	52	1,545.702	60.943	9	0	0	0	1	0	0	1	1	0	0	16
2013/12/30-12:47:54	52	1,545.702	60.943	17	0	0	3	2	0	0	1	1	0	0	60
2013/12/30-12:49:13	52	1,545.702	60.943	9	0	1	1	0	0	0	1	0	0	1	21
2013/12/30-12:50:32	52	1,545.702	60.943	15	0	0	1	0	0	1	1	0	0	1	30
2013/12/30-12:51:51	52	1,545.702	60.943	0	0	1	0	0	0	0	1	0	0	1	8
2013/12/30-12:52:54	52	1,545.702	60.943	15	0	0	1	0	0	1	1	0	0	1	40
2013/12/30-18:27:44	55	1,526.093	66.269	11	0	0	1	0	0	1	1	0	0	1	46
2013/12/30-18:28:50	55	1,526.093	66.269	13	0	0	3	1	0	1	1	0	0	1	32
2013/12/30-18:29:40	55	1,526.093	66.269	7	0	0	2	0	0	1	1	0	0	1	21
2013/12/30-18:30:59	55	1,526.093	66.269	0	0	1	0	0	0	0	1	0	0	1	8
2013/12/30-18:32:18	55	1,526.093	66.269	9	0	0	3	1	0	1	1	0	0	1	30
2013/12/30-18:38:37	55	1,526.093	66.269	6	0	0	1	1	0	1	1	0	0	1	16
2013/12/30-18:39:33	55	1,526.093	66.269	10	0	0	2	0	0	1	1	0	0	1	33
2013/12/30-18:40:52	59	1,522.047	61.159	10	0	0	1	0	0	1	1	0	0	1	25
2013/12/30-18:41:47	59	1,522.047	61.159	5	0	1	2	0	0	0	1	0	0	1	13
2013/12/30-18:43:06	59	1,522.047	61.159	10	0	0	0	0	0	1	1	0	0	1	24
2013/12/30-18:55:41	59	1,522.047	61.159	7	0	1	1	0	0	0	1	0	0	1	16
2013/12/30-18:56:19	59	1,522.047	61.159	6	0	1	1	0	0	0	1	0	0	1	19
2013/12/30-18:56:57	59	1,522.047	61.159	7	0	0	1	0	0	1	1	0	0	1	18
2013/12/30-18:57:53	59	1,522.047	61.159	6	0	1	0	0	0	0	1	0	0	1	14
2013/12/30-18:58:59	59	1,522.047	61.159	0	0	1	0	0	0	0	1	0	0	1	8
2013/12/31-10:12:55	63	1,483.866	82.566	12	0	0	7	0	0	0	1	1	0	0	27
2013/12/31-10:13:41	63	1,483.866	82.566	3	0	1	0	0	0	0	1	0	0	1	8
2013/12/31-10:14:55	63	1,483.866	82.566	1	0	0	0	1	0	1	1	0	0	1	3
2013/12/31-10:15:20	63	1,483.866	82.566	20	0	0	0	1	0	1	1	0	0	1	52
2013/12/31-10:16:31	63	1,483.866	82.566	5	0	0	1	0	0	1	1	0	0	1	22
2013/12/31-10:28:32	63	1,483.866	82.566	0	0	1	0	0	0	0	1	0	0	1	8
2013/12/31-10:28:59	63	1,483.866	82.566	3	0	0	0	2	0	0	1	1	0	0	8
2013/12/31-10:29:26	63	1,483.866	82.566	1	0	0	0	0	0	1	1	0	0	1	3
2013/12/31-10:29:55	63	1,483.866	82.566	6	0	0	0	2	0	0	1	1	0	0	17
2013/12/31-10:30:30	63	1,480.416	75.588	13	0	0	2	2	0	0	1	1	0	0	28
2013/12/31-10:47:49	63	1,480.416	75.588	5	0	0	0	1	0	1	1	0	0	1	17
2013/12/31-10:48:25	63	1,480.416	75.588	1	0	0	0	1	0	1	1	0	0	1	3
2013/12/31-10:48:47	63	1,480.416	75.588	6	0	0	0	1	0	1	1	0	0	1	14
2013/12/31-10:49:20	63	1,480.416	75.588	3	0	0	1	1	0	0	1	1	0	0	17
2013/12/31-10:49:55	63	1,480.416	75.588	5	0	0	0	2	0	0	1	1	0	0	16
2013/12/31-14:20:00	63	1,474.027	76.741	4	0	0	0	2	0	0	1	1	0	0	14
2013/12/31-14:20:33	62	1,487.202	76.141	10	0	1	4	0	0	0	1	0	0	1	37
2013/12/31-14:21:29	62	1,487.202	76.141	4	0	1	1	0	0	0	1	0	0	1	16
2013/12/31-14:22:04	62	1,487.202	76.141	4	0	0	0	0	0	1	1	0	0	1	11
2013/12/31-14:22:34	62	1,487.202	76.141	1	0	0	0	1	0	0	1	1	0	0	5
2013/12/31-14:40:12	62	1,487.202	76.141	10	0	0	2	1	0	1	1	0	0	1	18
2013/12/31-14:40:55	62	1,487.202	76.141	4	0	0	0	0	0	1	1	0	0	1	9
2013/12/31-14:41:43	62	1,487.202	76.141	7	0	1	1	0	0	0	1	0	0	1	21
2013/12/31-14:42:22	62	1,487.202	76.141	1	0	0	0	0	0	1	1	0	0	1	3
2013/12/31-14:43:41	62	1,487.202	76.141	1	0	0	0	0	0	1	1	0	0	1	3
2013/12/31-15:02:33	62	1,487.202	76.141	8	0	1	1	1	0	0	1	0	0	1	19
2013/12/31-15:03:14	62	1,487.202	76.141	2	0	1	1	0	0	0	1	0	0	1	12
2013/12/31-15:04:33	62	1,487.432	69.101	1	0	1	0	0	0	0	1	0	0	1	4
2013/12/31-15:05:00	62	1,487.432	69.101	1	0	0	0	0	0	1	1	0	0	1	3
2013/12/31-15:06:19	62	1,487.432	69.101	1	0	1	0	0	0	0	1	0	0	1	3
2013/12/31-18:25:57	64	1,469.698	73.148	1	0	0	0	0	0	1	1	0	0	1	4
2013/12/31-18:26:30	64	1,469.698	73.148	4	0	0	0	2	0	0	1	1	0	0	13
2013/12/31-18:27:01	64	1,469.698	73.148	2	0	0	0	1	0	1	1	0	0	1	8
2013/12/31-18:27:28	64	1,469.698	73.148	6	0	0	3	1	0	1	1	0	0	1	20
2013/12/31-18:28:07	64	1,469.698	73.148	7	0	1	0	0	0	0	1	0	0	1	16
2013/12/31-18:55:02	64	1,469.698	73.148	11	0	1	0	1	0	0	1	0	0	1	27
2013/12/31-18:55:48	64	1,469.698	73.148	20	0	0	0	2	0	0	1	1	0	0	60
2013/12/31-18:57:07	64	1,469.698	73.148	5	0	0	0	0	0	1	1	0	0	1	15
2013/12/31-18:57:41	64	1,469.698	73.148	7	0	0	1	0	0	1	1	0	0	1	18
2013/12/31-18:58:45	58	1,519.743	67.769	1	0	0	0	0	0	1	1	0	0	1	3
2013/12/31-19:06:32	58	1,519.743	67.769	1	0	0	0	0	0	1	1	0	0	1	4
2013/12/31-19:07:51	58	1,519.743	67.769	11	0	0	0	0	0	1	1	0	0	1	22
2013/12/31-19:08:58	58	1,519.743	67.769	1	0	0	0	0	0	1	1	0	0	1	3
2013/12/31-19:09:21	58	1,519.743	67.769	6	0	1	4	0	0	0	1	0	0	1	18
2013/12/31-19:10:18	58	1,519.743	67.769	1	0	1	0	0	0	0	1	0	0	1	3
2013/12/31-22:39:13	60	1,499.672	70.63	5	0	0	0	0	0	1	1	0	0	1	13
2013/12/31-22:40:14	60	1,499.672	70.63	8	0	0	0	0	0	1	1	0	0	1	16
2013/12/31-22:41:04	60	1,499.672	70.63	10	0	1	7	2	0	0	1	0	0	1	41
2013/12/31-22:42:04	60	1,499.672	70.63	1	0	1	0	0	0	0	1	0	0	1	6
2013/12/31-22:42:33	60	1,499.672	70.63	16	0	0	5	0	0	0	1	0	0	1	60
2013/12/31-22:47:39	60	1,499.672	70.63	13	0	1	2	1	0	0	1	0	0	1	52
2013/12/31-22:48:50	60	1,499.672	70.63	1	0	0	0	1	0	1	1	0	0	1	3
2013/12/31-22:49:12	60	1,499.672	70.63	11	0	0	3	1	0	0	1	1	0	0	28
2013/12/31-22:49:59	60	1,499.672	70.63	1	0	0	0	1	0	1	1	0	0	1	5
2013/12/31-22:50:25	60	1,499.672	70.63	6	0	0	0	0	0	1	1	0	0	1	9
2013/12/31-23:05:31	61	1,485.307	65.133	17	0	0	0	3	0	0	1	1	0	0	36
2013/12/31-23:06:27	61	1,485.307	65.133	18	0	0	2	1	0	0	1	1	0	0	44
2013/12/31-23:07:29	61	1,485.307	65.133	8	0	0	0	0	0	1	1	0	0	1	19
2013/12/31-23:08:16	61	1,485.307	65.133	3	0	0	0	0	0	1	1	0	0	1	21
2013/12/31-23:09:34	61	1,485.307	65.133	7	0	0	0	3	0	0	1	1	0	0	24
2014/01/01-03:39:27	59	1,518.179	71.42	1	0	0	0	0	0	1	1	0	0	1	3
2014/01/01-03:39:53	59	1,518.179	71.42	2	0	1	0	0	0	0	1	0	0	1	7
2014/01/01-03:40:20	59	1,518.179	71.42	3	0	0	0	2	0	0	1	1	0	0	9
2014/01/01-03:40:48	59	1,518.179	71.42	0	0	1	0	0	0	0	1	0	0	1	4
2014/01/01-03:41:15	59	1,518.179	71.42	1	0	0	0	1	0	1	1	0	0	1	3
2014/01/01-03:47:10	59	1,518.179	71.42	1	0	0	0	1	0	1	1	0	0	1	3
2014/01/01-03:47:32	59	1,518.179	71.42	1	0	0	0	0	0	1	1	0	0	1	3
2014/01/01-03:47:55	59	1,518.179	71.42	1	0	1	0	0	0	0	1	0	0	1	3
2014/01/01-03:48:16	59	1,518.179	71.42	5	0	1	0	0	0	0	1	0	0	1	16
2014/01/01-03:49:04	59	1,518.179	71.42	1	0	0	0	1	0	0	1	1	0	0	3
2014/01/01-03:58:55	68	1,424.007	65.22	1	0	0	0	0	0	1	1	0	0	1	3
2014/01/01-03:59:17	68	1,424.007	65.22	2	0	0	0	2	0	0	1	1	0	0	6
2014/01/01-03:59:42	68	1,424.007	65.22	9	0	0	0	1	0	1	1	0	0	1	29
2014/01/01-04:00:30	68	1,424.007	65.22	4	0	0	1	0	0	0	1	1	0	0	17
2014/01/01-04:01:06	68	1,424.007	65.22	7	0	0	2	0	0	0	1	1	0	0	18
2014/01/01-07:35:09	67	1,433.387	69.738	26	0	0	2	0	0	0	1	1	0	0	60
2014/01/01-07:36:28	67	1,433.387	69.738	1	0	0	0	1	0	1	1	0	0	1	3
2014/01/01-07:36:58	67	1,433.387	69.738	3	0	0	0	0	0	1	1	0	0	1	9
2014/01/01-07:37:26	67	1,433.387	69.738	6	0	1	1	0	0	0	1	0	0	1	16
2014/01/01-07:38:01	67	1,433.387	69.738	1	0	0	0	1	0	1	1	0	0	1	3
2014/01/01-07:58:32	67	1,428.998	66.356	1	0	0	0	0	0	1	1	0	0	1	3
2014/01/01-07:59:05	67	1,428.998	66.356	2	0	1	0	0	0	0	1	0	0	1	9
2014/01/01-08:00:24	67	1,428.998	66.356	6	0	1	0	0	0	0	1	0	0	1	13
2014/01/01-08:01:43	67	1,428.998	66.356	0	0	1	0	0	0	0	1	0	0	1	8
2014/01/01-08:03:02	67	1,428.998	66.356	9	0	0	3	1	0	1	1	0	0	1	30
2014/01/01-08:10:12	67	1,428.998	66.356	1	0	1	0	0	0	0	1	0	0	1	4
2014/01/01-08:10:45	67	1,428.998	66.356	1	0	0	0	0	0	1	1	0	0	1	3
2014/01/01-08:11:41	67	1,428.998	66.356	0	0	1	0	0	0	0	1	0	0	1	8
2014/01/01-08:12:35	67	1,428.998	66.356	5	0	0	0	2	0	0	1	1	0	0	19
2014/01/01-08:13:13	67	1,428.998	66.356	3	0	0	0	1	0	1	1	0	0	1	8
2014/01/01-11:44:33	71	1,409.1	70.575	1	0	1	0	0	0	0	1	0	0	1	5
2014/01/01-11:45:03	71	1,409.1	70.575	0	0	1	0	0	0	0	1	0	0	1	8
2014/01/01-11:45:53	71	1,409.1	70.575	11	0	1	5	0	0	0	1	0	0	1	33
2014/01/01-11:46:45	71	1,409.1	70.575	27	0	0	0	0	0	1	1	0	0	1	57
2014/01/01-11:48:01	71	1,409.1	70.575	11	0	0	0	1	0	0	1	1	0	0	37
2014/01/01-12:05:09	71	1,409.1	70.575	2	0	1	0	0	0	0	1	0	0	1	9
2014/01/01-12:05:38	71	1,409.1	70.575	4	0	0	0	0	0	1	1	0	0	1	14
2014/01/01-12:06:57	71	1,409.1	70.575	1	0	0	0	0	0	1	1	0	0	1	6
2014/01/01-12:08:16	71	1,409.1	70.575	2	0	0	0	0	0	1	1	0	0	1	6
2014/01/01-12:08:50	71	1,409.1	70.575	12	0	0	3	1	0	0	1	1	0	0	36
2014/01/01-12:14:44	67	1,440.888	65.321	1	0	0	0	0	0	1	1	0	0	1	3
2014/01/01-12:15:29	67	1,440.888	65.321	1	0	0	0	0	0	1	1	0	0	1	3
2014/01/01-12:15:53	67	1,440.888	65.321	9	0	0	1	0	0	1	1	0	0	1	33
2014/01/01-12:17:12	67	1,440.888	65.321	5	0	1	0	0	0	0	1	0	0	1	16
2014/01/01-12:17:46	67	1,440.888	65.321	9	0	0	0	0	0	1	1	0	0	1	18
2014/01/01-21:58:56	68	1,439.238	70.18	6	0	1	0	0	0	0	1	0	0	1	13
2014/01/01-22:00:20	68	1,439.238	70.18	1	0	0	0	0	0	1	1	0	0	1	4
2014/01/01-22:01:39	68	1,439.238	70.18	15	0	0	7	0	0	1	1	0	0	1	35
2014/01/01-22:02:57	68	1,439.238	70.18	1	0	0	0	0	0	1	1	0	0	1	3
2014/01/01-22:03:20	68	1,439.238	70.18	9	0	0	4	0	0	1	1	0	0	1	18
2014/01/01-22:19:25	70	1,416.395	67.306	1	0	0	0	0	0	1	1	0	0	1	3
2014/01/01-22:19:50	70	1,416.395	67.306	3	0	0	0	1	0	1	1	0	0	1	10
2014/01/01-22:21:09	70	1,416.395	67.306	6	0	0	0	1	0	0	1	1	0	0	17
2014/01/01-22:21:45	70	1,416.395	67.306	1	0	0	0	0	0	1	1	0	0	1	4
2014/01/01-22:22:15	70	1,416.395	67.306	9	0	0	7	2	0	0	1	1	0	0	26
2014/01/01-22:32:28	70	1,416.395	67.306	2	0	0	0	1	0	1	1	0	0	1	6
2014/01/01-22:32:53	70	1,416.395	67.306	7	0	0	0	1	0	0	1	1	0	0	20
2014/01/01-22:33:32	70	1,416.395	67.306	8	0	0	3	1	0	1	1	1	0	0	33
2014/01/01-22:34:24	70	1,416.395	67.306	1	0	0	0	1	0	1	1	0	0	1	3
2014/01/01-22:34:46	70	1,416.395	67.306	2	0	0	0	2	0	0	1	1	0	0	6
2014/01/02-02:11:25	70	1,405.321	68.831	1	0	0	0	0	0	1	1	0	0	1	3
2014/01/02-02:12:44	70	1,405.321	68.831	10	0	1	2	0	0	0	1	0	0	1	37
2014/01/02-02:13:40	70	1,405.321	68.831	3	0	1	0	0	0	0	1	0	0	1	8
2014/01/02-02:14:11	70	1,412.554	67.24	7	0	1	1	0	0	0	1	0	0	1	17
2014/01/02-02:14:50	70	1,412.554	67.24	34	0	0	0	1	0	1	1	0	0	1	58
2014/01/02-02:31:16	70	1,412.554	67.24	1	0	0	0	0	0	1	1	0	0	1	3
2014/01/02-02:32:35	70	1,412.554	67.24	10	0	0	0	1	0	0	1	1	0	0	21
2014/01/02-02:33:15	70	1,412.554	67.24	10	0	0	0	3	0	0	1	1	0	0	31
2014/01/02-02:34:05	70	1,412.554	67.24	19	0	0	1	1	0	1	1	0	0	1	55
2014/01/02-02:35:19	70	1,412.554	67.24	7	0	0	1	0	0	1	1	0	0	1	11
2014/01/02-02:50:06	70	1,412.554	67.24	10	0	0	2	0	0	1	1	0	0	1	34
2014/01/02-02:50:58	70	1,412.554	67.24	18	0	0	2	1	0	0	1	1	0	0	60
2014/01/02-02:52:17	70	1,412.554	67.24	11	0	0	0	3	0	0	1	1	0	0	31
2014/01/02-02:53:07	70	1,412.554	67.24	18	0	0	4	1	0	1	1	0	0	1	47
2014/01/02-02:54:13	63	1,480.248	61.244	1	0	0	0	1	0	1	1	0	0	1	4
2014/01/02-08:06:34	60	1,475.83	71.013	5	0	0	1	0	0	0	1	1	0	0	24
2014/01/02-08:07:17	60	1,475.83	71.013	6	0	0	0	2	0	1	1	1	0	0	19
2014/01/02-08:07:55	60	1,475.83	71.013	5	0	0	0	1	0	1	1	0	0	1	15
2014/01/02-08:08:30	60	1,475.83	71.013	1	0	0	0	1	0	1	1	0	0	1	4
2014/01/02-08:08:53	60	1,475.83	71.013	10	0	0	1	0	0	0	1	1	0	0	37
2014/01/02-08:23:56	59	1,504.644	67.096	2	0	0	0	2	0	0	1	1	0	0	6
2014/01/02-08:24:21	59	1,504.644	67.096	18	0	0	4	0	0	1	1	0	0	1	58
2014/01/02-08:25:38	59	1,504.644	67.096	8	0	1	1	0	0	0	1	0	0	1	22
2014/01/02-08:26:19	59	1,504.644	67.096	1	0	0	0	0	0	1	1	0	0	1	4
2014/01/02-08:26:54	59	1,504.644	67.096	12	0	1	0	2	0	0	1	0	0	1	28
2014/01/02-08:37:34	59	1,504.644	67.096	1	0	0	0	0	0	1	1	0	0	1	3
2014/01/02-08:38:01	59	1,504.644	67.096	6	0	0	0	0	0	0	1	1	0	0	21
2014/01/02-08:38:41	59	1,504.644	67.096	1	0	1	0	0	0	0	1	0	0	1	5
2014/01/02-08:39:43	58	1,517.475	62.344	11	0	1	1	1	0	0	1	0	0	1	30
2014/01/02-08:40:32	58	1,517.475	62.344	4	0	0	0	0	0	0	1	1	0	0	12
2014/01/02-12:10:30	54	1,541.104	68.387	1	0	0	0	0	0	1	1	0	0	1	3
2014/01/02-12:11:15	54	1,541.104	68.387	5	0	1	0	0	0	0	1	0	0	1	17
2014/01/02-12:11:51	54	1,541.104	68.387	1	0	0	0	0	0	1	1	0	0	1	3
2014/01/02-12:13:10	54	1,541.104	68.387	1	0	0	0	0	0	1	1	0	0	1	5
2014/01/02-12:13:34	57	1,523.229	65.845	22	0	0	0	1	0	0	1	1	0	0	48
2014/01/02-12:27:18	57	1,523.229	65.845	9	0	0	2	3	0	0	1	1	0	0	20
2014/01/02-12:27:57	57	1,523.229	65.845	11	0	0	2	2	0	0	1	1	0	0	51
2014/01/02-12:29:07	57	1,523.229	65.845	3	0	0	0	2	0	0	1	1	0	0	10
2014/01/02-12:29:36	57	1,523.229	65.845	3	0	0	0	1	0	1	1	0	0	1	8
2014/01/02-12:30:04	57	1,523.229	65.845	4	0	0	0	2	0	0	1	1	0	0	12
2014/01/02-12:46:49	54	1,549.444	62.361	2	0	1	0	0	0	0	1	1	0	0	9
2014/01/02-12:47:18	54	1,549.444	62.361	1	0	0	0	0	0	1	1	0	0	1	3
2014/01/02-12:47:50	54	1,549.444	62.361	5	0	0	0	1	0	0	1	1	0	0	10
2014/01/02-12:48:18	54	1,549.444	62.361	3	0	0	0	0	0	0	1	1	0	0	9
2014/01/02-12:48:46	54	1,549.444	62.361	5	0	0	1	0	0	0	1	1	0	0	11
2014/01/02-16:20:34	55	1,550.502	68.765	3	0	0	0	2	0	1	1	0	0	1	10
2014/01/02-16:21:03	55	1,550.502	68.765	4	0	1	0	0	0	0	1	0	0	1	8
2014/01/02-16:21:30	55	1,550.502	68.765	14	0	0	2	1	0	0	1	1	0	0	60
2014/01/02-16:22:49	55	1,550.502	68.765	18	0	0	4	1	0	0	1	1	0	0	38
2014/01/02-16:23:46	55	1,550.502	68.765	8	0	1	10	2	0	0	1	0	0	1	32
2014/01/02-16:47:21	55	1,550.502	68.765	1	0	1	0	0	0	0	1	0	0	1	3
2014/01/02-16:47:43	55	1,550.502	68.765	20	0	0	0	1	0	0	1	1	0	0	48
2014/01/02-16:48:50	42	1,601.35	64.564	1	0	0	0	0	0	1	1	0	0	1	3
2014/01/02-16:50:08	42	1,601.35	64.564	1	0	0	0	0	0	1	1	0	0	1	3
2014/01/02-16:50:58	42	1,601.35	64.564	1	0	1	0	0	0	0	1	0	0	1	6
2014/01/02-17:03:22	42	1,601.35	64.564	4	0	1	0	0	0	0	1	0	0	1	8
2014/01/02-17:04:41	42	1,601.35	64.564	0	0	1	0	0	0	0	1	0	0	1	8
2014/01/02-17:05:08	42	1,601.35	64.564	0	0	1	0	0	0	0	1	0	0	1	8
2014/01/02-17:06:27	42	1,601.35	64.564	8	0	0	2	0	0	1	1	0	0	1	32
2014/01/02-17:07:46	42	1,601.35	64.564	4	0	1	0	0	0	0	1	0	0	1	16
2014/01/03-00:41:33	54	1,554.574	72.854	2	0	1	0	0	0	0	1	0	0	1	10
2014/01/03-00:42:03	54	1,554.574	72.854	19	0	0	0	1	0	0	1	1	0	0	60
2014/01/03-00:43:22	54	1,554.574	72.854	14	0	0	4	1	0	0	1	1	0	0	35
2014/01/03-00:44:17	54	1,554.574	72.854	7	0	1	0	0	0	0	1	1	0	0	21
2014/01/03-00:44:56	54	1,554.574	72.854	1	0	0	0	1	0	1	1	0	0	1	3
2014/01/03-01:00:24	54	1,554.574	72.854	17	0	1	0	1	0	0	1	0	0	1	34
2014/01/03-01:01:17	54	1,554.574	72.854	1	0	0	0	0	0	1	1	0	0	1	3
2014/01/03-01:02:36	54	1,554.574	72.854	2	0	1	0	0	0	0	1	0	0	1	7
2014/01/03-01:03:14	54	1,554.574	72.854	7	0	1	1	0	0	0	1	0	0	1	20
2014/01/03-01:04:06	54	1,554.574	72.854	2	0	0	0	2	0	1	1	1	0	0	6
2014/01/03-01:11:34	53	1,558.555	66.259	3	0	0	1	0	0	1	1	0	0	1	10
2014/01/03-01:12:15	53	1,558.555	66.259	1	0	1	0	0	0	0	1	0	0	1	3
2014/01/03-01:12:37	53	1,558.555	66.259	10	0	1	3	1	0	0	1	0	0	1	36
2014/01/03-01:13:32	53	1,558.555	66.259	1	0	0	0	0	0	1	1	0	0	1	3
2014/01/03-01:14:15	53	1,558.555	66.259	0	0	1	0	0	0	0	1	0	0	1	8
2014/01/03-04:49:33	53	1,531.821	71.998	1	0	1	0	0	0	0	1	0	0	1	6
2014/01/03-04:50:15	53	1,531.821	71.998	2	0	1	0	0	0	0	1	0	0	1	6
2014/01/03-04:50:40	53	1,531.821	71.998	7	0	0	0	1	0	0	1	1	0	0	14
2014/01/03-04:51:12	53	1,531.821	71.998	1	0	0	0	0	0	1	1	0	0	1	3
2014/01/03-04:52:31	53	1,531.821	71.998	8	0	0	1	0	0	1	1	0	0	1	19
2014/01/03-05:06:33	53	1,531.821	71.998	11	0	0	1	2	0	0	1	1	0	0	36
2014/01/03-05:07:28	53	1,531.821	71.998	1	0	0	0	1	0	1	1	0	0	1	3
2014/01/03-05:07:55	53	1,531.821	71.998	3	0	0	1	1	0	0	1	1	0	0	8
2014/01/03-05:08:22	54	1,515.686	66.766	7	0	0	0	0	0	1	1	0	0	1	15
2014/01/03-05:08:56	54	1,515.686	66.766	8	0	0	0	2	0	0	1	1	0	0	27
2014/01/03-05:24:55	54	1,515.686	66.766	14	0	0	2	3	0	0	1	1	0	0	32
2014/01/03-05:25:46	54	1,515.686	66.766	1	0	0	0	1	0	1	1	0	0	1	4
2014/01/03-05:26:52	54	1,515.686	66.766	0	0	1	0	0	0	0	1	0	0	1	8
2014/01/03-05:27:33	54	1,515.686	66.766	14	0	0	0	3	0	0	1	1	0	0	28
2014/01/03-05:28:21	54	1,515.686	66.766	10	0	0	2	0	0	1	1	0	0	1	25
2014/01/04-13:35:03	54	1,528.886	84.342	0	0	1	0	0	0	0	1	0	0	1	5
2014/01/04-13:35:39	54	1,528.886	84.342	2	0	1	0	0	0	0	1	0	0	1	8
2014/01/04-13:36:18	54	1,528.886	84.342	1	0	0	0	0	0	1	1	0	0	1	3
2014/01/04-13:36:57	54	1,528.886	84.342	1	0	0	0	0	0	1	1	0	0	1	3
2014/01/04-13:37:19	54	1,528.886	84.342	6	0	1	1	0	0	0	1	0	0	1	23
2014/01/04-13:48:31	54	1,528.886	84.342	2	0	0	0	1	0	1	1	0	0	1	7
2014/01/04-13:49:05	54	1,528.886	84.342	5	0	1	0	0	0	0	1	0	0	1	18
2014/01/04-13:49:42	54	1,528.886	84.342	2	0	1	0	1	0	0	1	0	0	1	6
2014/01/04-13:50:07	54	1,528.886	84.342	12	0	0	2	1	0	0	1	1	0	0	47
2014/01/04-13:51:13	54	1,528.886	84.342	3	0	0	0	0	0	1	1	0	0	1	8
2014/01/04-14:12:45	54	1,528.886	84.342	2	0	0	0	1	0	0	1	1	0	0	6
2014/01/04-14:13:10	62	1,470.202	73.022	4	0	0	0	1	0	0	1	1	0	0	16
2014/01/04-14:13:44	62	1,470.202	73.022	1	0	0	0	0	0	1	1	0	0	1	3
2014/01/04-14:14:06	62	1,470.202	73.022	1	0	1	0	0	0	0	1	0	0	1	10
2014/01/04-14:14:58	62	1,470.202	73.022	2	0	0	0	0	0	1	1	0	0	1	9
2014/01/04-19:38:59	62	1,473.179	80.477	28	0	0	3	0	0	0	1	1	0	0	60
2014/01/04-19:40:19	62	1,473.179	80.477	2	0	0	0	0	0	0	1	1	0	0	4
2014/01/04-19:40:42	62	1,473.179	80.477	1	0	0	0	0	0	1	1	0	0	1	4
2014/01/04-19:41:15	62	1,473.179	80.477	1	0	0	0	0	0	1	1	0	0	1	4
2014/01/04-19:41:38	62	1,473.179	80.477	4	0	0	0	3	0	0	1	1	0	0	12
2014/01/04-20:06:15	55	1,517.362	74.201	13	0	0	1	0	0	1	1	0	0	1	45
2014/01/04-20:07:34	55	1,517.362	74.201	21	0	0	4	2	0	0	1	1	0	0	55
2014/01/04-20:08:48	55	1,517.362	74.201	8	0	0	0	1	0	0	1	1	0	0	16
2014/01/04-20:09:23	55	1,517.362	74.201	18	0	0	1	1	0	0	1	1	0	0	60
2014/01/04-20:10:42	55	1,517.362	74.201	1	0	0	0	0	0	1	1	0	0	1	3
2014/01/04-20:30:06	53	1,531.168	68.979	26	0	0	4	0	0	0	1	1	0	0	60
2014/01/04-20:31:25	53	1,531.168	68.979	5	0	0	0	0	0	1	1	0	0	1	13
2014/01/04-20:31:57	53	1,531.168	68.979	1	0	0	0	0	0	1	1	0	0	1	3
2014/01/04-20:32:23	53	1,531.168	68.979	1	0	0	0	0	0	1	1	0	0	1	3
2014/01/04-20:32:51	53	1,531.168	68.979	12	0	0	2	2	0	1	1	0	0	1	49
2014/01/04-21:56:03	57	1,518.999	68.424	4	0	1	0	1	0	0	1	0	0	1	12
2014/01/04-21:56:35	57	1,518.999	68.424	0	0	1	0	0	0	0	1	0	0	1	4
2014/01/04-21:57:01	57	1,518.999	68.424	1	0	0	0	1	0	1	1	0	0	1	3
2014/01/04-21:57:24	57	1,518.999	68.424	20	0	0	3	0	0	1	1	0	0	1	47
2014/01/04-21:58:30	57	1,518.999	68.424	13	0	0	7	0	0	1	1	0	0	1	41
2014/01/04-22:20:07	57	1,518.999	68.424	9	0	1	1	1	0	0	1	0	0	1	29
2014/01/04-22:20:56	57	1,518.999	68.424	2	0	1	0	0	0	0	1	0	0	1	7
2014/01/04-22:22:15	57	1,518.999	68.424	1	0	0	0	0	0	1	1	0	0	1	3
2014/01/04-22:23:16	57	1,518.999	68.424	1	0	0	0	0	0	1	1	0	0	1	3
2014/01/04-22:23:49	57	1,518.999	68.424	5	0	0	0	1	0	0	1	1	0	0	19
2014/01/04-22:33:24	57	1,500.831	62.846	1	0	0	0	0	0	1	1	0	0	1	3
2014/01/04-22:34:44	57	1,500.831	62.846	5	0	0	0	0	0	1	1	0	0	1	16
2014/01/04-22:35:20	57	1,500.831	62.846	0	0	1	0	0	0	0	1	0	0	1	4
2014/01/04-22:35:53	57	1,500.831	62.846	4	0	1	0	1	0	0	1	0	0	1	16
2014/01/04-22:36:29	57	1,500.831	62.846	15	0	0	3	1	0	1	1	0	0	1	46
2014/01/05-09:57:47	57	1,498.484	69.592	6	0	0	0	1	0	1	1	0	0	1	17
2014/01/05-09:58:24	57	1,498.484	69.592	1	0	0	0	0	0	1	1	0	0	1	3
2014/01/05-09:58:55	57	1,498.484	69.592	13	0	0	1	0	0	1	1	0	0	1	37
2014/01/05-09:59:51	57	1,498.484	69.592	6	0	0	0	0	0	1	1	0	0	1	21
2014/01/05-10:00:34	57	1,498.484	69.592	3	0	1	0	1	0	0	1	0	0	1	12
