2013/09/02-14:42:17	24	1,500	350.31	37	0	0	0	0	0	0	1	1	0	0	60
2013/09/02-14:43:36	24	1,500	350.31	3	0	0	0	1	0	1	1	0	0	1	8
2013/09/02-14:44:03	24	1,500	350.31	7	0	0	4	0	0	0	1	1	0	0	26
2013/09/02-14:44:48	24	1,500	350.31	0	0	0	0	0	0	0	1	1	0	0	14
2013/09/02-14:45:21	24	1,500	350.31	23	0	0	1	0	0	0	1	1	0	0	60
2013/09/02-14:56:22	24	1,500	350.31	14	0	1	4	1	0	0	1	0	0	1	42
2013/09/02-14:57:22	24	1,500	350.31	16	0	0	0	0	0	1	1	0	0	1	44
2013/09/02-14:58:25	24	1,500	350.31	22	0	0	3	0	0	1	1	0	0	1	57
2013/09/02-14:59:43	24	1,500	350.31	23	0	0	0	0	0	1	1	0	0	1	42
2013/09/02-15:01:02	24	1,500	350.31	6	0	0	0	0	0	1	1	0	0	1	33
2013/09/02-15:07:15	2	2,414.017	265.192	6	0	0	1	0	0	1	1	0	0	1	34
2013/09/02-15:08:08	2	2,414.017	265.192	33	0	0	0	1	0	0	1	1	0	0	60
2013/09/02-15:09:26	2	2,414.017	265.192	1	0	1	0	0	0	0	1	0	0	1	9
2013/09/02-15:09:56	2	2,414.017	265.192	9	0	0	3	0	0	1	1	0	0	1	36
2013/09/02-15:10:51	2	2,414.017	265.192	1	0	0	0	0	0	1	1	0	0	1	8
2013/09/02-19:19:13	8	2,010.167	239.034	10	0	0	0	1	0	1	1	0	0	1	17
2013/09/02-19:19:49	8	2,010.167	239.034	2	0	0	0	0	0	0	1	1	0	0	7
2013/09/02-19:20:17	8	2,010.167	239.034	1	0	1	1	0	0	0	1	0	0	1	16
2013/09/02-19:21:05	8	2,010.167	239.034	2	0	0	0	1	0	0	1	1	0	0	10
2013/09/02-19:21:35	8	2,010.167	239.034	3	0	0	1	0	0	1	1	1	0	0	20
2013/09/02-19:39:06	8	2,010.167	239.034	0	0	1	0	0	0	0	1	0	0	1	1
2013/09/02-19:39:52	8	2,010.167	239.034	1	0	1	0	0	0	0	1	0	0	1	3
2013/09/02-19:41:25	8	2,010.167	239.034	3	0	0	0	1	0	0	1	1	0	0	69
2013/09/02-19:43:45	8	2,010.167	239.034	3	0	1	0	0	0	0	1	0	0	1	37
2013/09/02-19:45:18	8	2,010.167	239.034	4	0	0	1	0	0	0	1	0	1	0	72
2013/09/02-20:37:39	5	2,140.372	185.603	3	0	0	0	0	0	1	1	0	0	1	12
2013/09/02-20:38:28	5	2,140.372	185.603	25	0	0	0	1	0	0	1	1	0	0	60
2013/09/02-20:39:47	5	2,140.372	185.603	1	0	0	1	0	0	1	1	0	0	1	10
2013/09/02-20:40:40	5	2,140.372	185.603	16	0	1	1	1	0	0	1	0	0	1	51
2013/09/02-20:41:49	5	2,140.372	185.603	20	0	0	4	1	0	0	1	1	0	0	60
2013/09/03-01:27:23	12	2,024.244	158.341	7	0	1	0	0	0	0	1	0	0	1	45
2013/09/03-01:28:31	12	2,024.244	158.341	6	0	0	0	0	0	1	1	0	0	1	31
2013/09/03-07:01:35	12	2,024.244	158.341	25	0	0	0	0	0	0	1	1	0	0	60
2013/09/03-07:03:03	12	2,024.244	158.341	2	0	0	0	0	0	1	1	0	0	1	10
2013/09/03-07:04:22	12	2,024.244	158.341	1	0	0	0	0	0	1	1	0	0	1	3
2013/09/03-07:05:32	12	2,024.244	158.341	2	0	0	0	0	0	1	1	0	0	1	24
2013/09/03-07:06:33	12	2,024.244	158.341	14	0	0	0	1	0	0	1	1	0	0	40
2013/09/03-07:07:32	12	2,024.244	158.341	1	0	0	0	0	0	1	1	0	0	1	4
2013/09/03-07:07:58	13	2,033.816	130.75	6	0	1	12	0	0	0	1	0	0	1	43
2013/09/03-07:09:00	13	2,033.816	130.75	9	0	1	3	0	0	0	1	0	0	1	50
2013/09/03-07:10:09	13	2,033.816	130.75	4	0	1	1	0	0	0	1	0	0	1	35
2013/09/03-07:31:55	13	2,033.816	130.75	1	0	1	0	0	0	0	1	0	0	1	3
2013/09/03-07:33:07	13	2,033.816	130.75	10	0	0	1	0	0	0	1	0	0	1	60
2013/09/03-07:34:26	13	2,033.816	130.75	6	0	0	0	0	0	0	1	1	0	0	24
2013/09/03-07:35:09	13	2,033.816	130.75	1	0	0	0	0	0	1	1	0	0	1	3
2013/09/03-07:35:34	13	2,033.816	130.75	19	0	0	0	0	0	0	1	0	0	1	60
2013/09/03-17:00:20	13	1,991.719	114.586	15	0	0	1	0	0	0	1	1	0	0	60
2013/09/03-17:01:39	13	1,991.719	114.586	23	0	0	0	0	0	0	1	0	0	1	60
2013/09/03-17:02:58	13	1,991.719	114.586	0	0	1	0	0	0	0	1	0	0	1	6
2013/09/03-17:04:07	13	1,991.719	114.586	17	0	0	3	0	0	0	1	0	0	1	60
2013/09/03-17:05:25	13	1,991.719	114.586	8	0	0	6	0	0	1	1	0	0	1	26
2013/09/03-17:22:40	13	1,991.719	114.586	1	0	1	0	0	0	0	1	0	0	1	9
2013/09/03-17:23:23	13	1,991.719	114.586	2	0	0	7	0	0	0	1	1	0	0	12
2013/09/03-17:23:54	13	1,991.719	114.586	9	0	1	0	0	0	0	1	0	0	1	35
2013/09/03-17:24:48	13	1,991.719	114.586	3	0	0	0	0	0	1	1	0	0	1	4
2013/09/03-17:25:30	13	1,991.719	114.586	0	0	1	0	0	0	0	1	0	0	1	4
2013/09/03-17:34:35	12	2,070.437	97.179	11	0	0	4	0	0	0	1	0	0	1	60
2013/09/03-17:35:54	12	2,070.437	97.179	18	0	0	0	0	0	0	1	1	0	0	60
2013/09/03-17:37:13	12	2,070.437	97.179	11	0	0	3	0	0	0	1	1	0	0	60
2013/09/03-17:38:32	12	2,070.437	97.179	8	0	1	5	1	0	0	1	0	0	1	50
2013/09/03-17:39:41	12	2,070.437	97.179	1	0	0	0	1	0	1	1	0	0	1	10
2013/09/03-21:56:18	12	2,077.759	92.915	6	0	0	0	0	0	0	1	1	0	0	60
2013/09/03-21:57:37	12	2,077.759	92.915	17	0	0	0	0	0	1	1	0	0	1	30
2013/09/03-21:58:25	12	2,077.759	92.915	0	0	1	0	0	0	0	1	0	0	1	13
2013/09/03-21:58:58	12	2,077.759	92.915	5	0	1	2	0	0	0	1	0	0	1	19
2013/09/03-22:00:16	12	2,077.759	92.915	23	0	0	0	0	0	0	1	1	0	0	60
2013/09/03-22:19:02	12	2,077.759	92.915	1	0	0	0	0	0	1	1	0	0	1	7
2013/09/03-22:20:22	12	2,077.759	92.915	1	0	0	0	0	0	1	1	0	0	1	6
2013/09/03-22:21:32	12	2,077.759	92.915	5	0	0	6	0	0	0	1	1	0	0	23
2013/09/03-22:22:14	12	2,077.759	92.915	13	0	0	0	1	0	0	1	1	0	0	60
2013/09/03-22:23:32	12	2,077.759	92.915	1	0	1	0	0	0	0	1	0	0	1	6
2013/09/03-22:36:49	11	2,129.575	80.601	9	0	1	1	0	0	0	1	0	0	1	48
2013/09/03-22:38:08	11	2,129.575	80.601	4	0	1	1	1	0	0	1	0	0	1	15
2013/09/03-22:38:43	11	2,129.575	80.601	13	0	0	6	0	0	0	1	1	0	0	60
2013/09/03-22:40:02	11	2,129.575	80.601	19	0	0	1	0	0	0	1	1	0	0	60
2013/09/03-22:41:21	11	2,129.575	80.601	16	0	0	0	1	0	0	1	1	0	0	60
2013/09/04-17:14:39	6	2,177.448	79.664	12	0	0	5	0	0	0	1	0	0	1	60
2013/09/04-17:15:59	6	2,177.448	79.664	6	0	0	0	0	0	1	1	0	0	1	36
2013/09/04-17:17:17	6	2,177.448	79.664	8	0	1	1	0	0	0	1	0	0	1	46
2013/09/04-17:18:22	6	2,177.448	79.664	26	0	0	0	1	0	0	1	1	0	0	60
2013/09/04-17:19:41	6	2,177.448	79.664	6	0	0	4	0	0	1	1	0	0	1	23
2013/09/04-17:49:48	6	2,186.741	73.793	8	0	0	2	0	0	1	1	0	0	1	21
2013/09/04-17:50:45	6	2,186.741	73.793	4	0	0	3	0	0	0	1	1	0	0	20
2013/09/04-17:51:23	6	2,186.741	73.793	4	0	0	0	1	0	1	1	0	0	1	15
2013/09/04-17:51:57	6	2,186.741	73.793	16	0	0	2	0	0	0	1	1	0	0	52
2013/09/04-17:53:09	6	2,186.741	73.793	20	0	0	0	0	0	0	1	1	0	0	60
2013/09/04-18:06:25	6	2,186.741	73.793	12	0	0	0	0	0	0	1	0	0	1	60
2013/09/04-18:07:44	6	2,186.741	73.793	6	0	1	3	0	0	0	1	0	0	1	35
2013/09/04-18:08:38	6	2,186.741	73.793	16	0	0	3	1	0	0	1	1	0	0	60
2013/09/04-18:09:57	6	2,186.741	73.793	4	0	1	0	0	0	0	1	0	0	1	32
2013/09/04-18:10:48	6	2,186.741	73.793	2	0	0	3	0	0	1	1	0	0	1	9
2013/09/05-00:09:33	1	2,225.481	72.286	2	0	1	0	0	0	0	1	0	0	1	7
2013/09/05-00:10:02	1	2,225.481	72.286	4	0	0	0	1	0	0	1	1	0	0	14
2013/09/05-00:10:35	1	2,225.481	72.286	4	0	0	5	0	0	1	1	0	0	1	14
2013/09/05-00:11:37	1	2,225.481	72.286	15	0	0	4	0	0	0	1	1	0	0	60
2013/09/05-00:12:56	1	2,225.481	72.286	2	0	1	0	0	0	0	1	0	0	1	6
2013/09/05-00:18:44	1	2,225.481	72.286	2	0	1	0	0	0	0	1	0	0	1	17
2013/09/05-00:19:33	1	2,225.481	72.286	5	0	0	2	0	0	1	1	0	0	1	20
2013/09/05-00:20:11	1	2,225.481	72.286	34	0	0	0	0	0	0	1	0	0	1	60
2013/09/05-00:21:30	1	2,225.481	72.286	1	0	0	0	0	0	1	1	0	0	1	3
2013/09/05-00:21:58	1	2,225.481	72.286	7	0	1	1	0	0	0	1	0	0	1	21
2013/09/05-00:37:05	1	2,225.481	72.286	3	0	0	0	3	0	0	1	1	0	0	11
2013/09/05-00:37:35	1	2,225.481	72.286	5	0	1	0	0	0	0	1	0	0	1	12
2013/09/05-00:38:27	9	2,154.59	64.141	1	0	0	0	0	0	1	1	0	0	1	7
2013/09/05-00:39:07	9	2,154.59	64.141	1	0	1	0	0	0	0	1	0	0	1	40
2013/09/05-00:40:06	9	2,154.59	64.141	2	0	0	0	0	0	0	1	1	0	0	9
2013/09/05-07:53:14	6	2,151.015	67.87	10	0	0	1	0	0	1	1	0	0	1	34
2013/09/05-07:54:08	6	2,151.015	67.87	9	0	0	2	0	0	1	1	0	0	1	28
2013/09/05-07:55:13	6	2,151.015	67.87	15	0	0	2	0	0	0	1	0	0	1	60
2013/09/05-07:56:32	6	2,151.015	67.87	8	0	0	2	0	0	0	1	1	0	0	52
2013/09/05-07:57:42	6	2,151.015	67.87	1	0	0	0	0	0	1	1	0	0	1	13
2013/09/05-08:16:54	5	2,163.611	63.753	10	0	0	1	0	0	0	1	0	0	1	60
2013/09/05-08:18:12	5	2,163.611	63.753	12	0	0	2	0	0	0	1	1	0	0	28
2013/09/05-08:18:59	5	2,163.611	63.753	21	0	0	4	0	0	0	1	0	0	1	60
2013/09/05-08:20:18	5	2,163.611	63.753	0	0	1	0	0	0	0	1	0	0	1	7
2013/09/05-08:21:25	5	2,163.611	63.753	10	0	0	2	1	0	0	1	1	0	0	50
2013/09/05-10:44:38	5	2,163.611	63.753	9	0	0	1	0	0	0	1	1	0	0	46
2013/09/05-10:45:43	5	2,163.611	63.753	2	0	0	0	0	0	1	1	0	0	1	4
2013/09/05-10:46:55	5	2,163.611	63.753	14	0	0	1	0	0	0	1	0	0	1	60
2013/09/05-10:48:14	5	2,163.611	63.753	12	0	0	1	0	0	1	1	0	0	1	38
2013/09/05-10:49:33	5	2,163.611	63.753	3	0	0	0	0	0	1	1	0	0	1	4
2013/09/06-23:55:17	7	2,143.393	66.757	15	0	0	4	0	0	0	1	1	0	0	60
2013/09/06-23:56:37	7	2,143.393	66.757	19	0	0	1	0	0	0	1	0	0	1	60
2013/09/06-23:57:56	7	2,143.393	66.757	1	0	0	0	0	0	1	1	0	0	1	10
2013/09/06-23:59:13	7	2,143.393	66.757	17	0	0	2	0	0	0	1	0	0	1	60
2013/09/07-00:00:32	7	2,143.393	66.757	12	0	0	3	0	0	0	1	0	0	1	60
2013/09/07-00:11:51	7	2,143.393	66.757	3	0	0	0	0	0	1	1	0	0	1	16
2013/09/07-00:13:06	7	2,143.393	66.757	6	0	1	1	0	0	0	1	0	0	1	20
2013/09/07-00:14:24	7	2,133.922	61.661	14	0	0	3	1	0	0	1	1	0	0	60
2013/09/07-00:15:43	7	2,133.922	61.661	12	0	0	1	0	0	0	1	0	0	1	60
2013/09/07-00:17:02	7	2,133.922	61.661	17	0	0	4	2	0	0	1	1	0	0	55
2013/09/07-00:40:47	7	2,133.922	61.661	2	0	0	0	0	0	1	1	0	0	1	3
2013/09/07-00:42:06	7	2,133.922	61.661	1	0	0	0	0	0	1	1	0	0	1	16
2013/09/07-00:43:03	7	2,133.922	61.661	13	0	0	2	0	0	0	1	0	0	1	60
2013/09/07-00:44:22	7	2,133.922	61.661	13	0	0	1	0	0	0	1	0	0	1	60
2013/09/07-00:45:41	7	2,133.922	61.661	3	0	0	0	0	0	1	1	0	0	1	4
2013/09/08-17:51:19	6	2,151.901	62.67	13	0	0	1	0	0	1	1	0	0	1	42
2013/09/08-17:52:39	6	2,151.901	62.67	2	0	0	0	0	0	1	1	0	0	1	6
2013/09/08-17:53:58	6	2,151.901	62.67	6	0	0	1	0	0	1	1	0	0	1	20
2013/09/08-17:55:16	6	2,151.901	62.67	7	0	1	2	0	0	0	1	0	0	1	16
2013/09/08-17:56:35	6	2,151.901	62.67	18	0	0	3	0	0	0	1	1	0	0	60
2013/09/08-19:01:30	6	2,151.901	62.67	7	0	0	3	1	0	0	1	1	0	0	28
2013/09/08-19:02:17	6	2,151.901	62.67	12	0	0	1	0	0	0	1	1	0	0	45
2013/09/08-19:03:20	6	2,151.901	62.67	13	0	0	2	1	0	0	1	1	0	0	52
2013/09/08-19:07:41	6	2,151.901	62.67	14	0	0	1	0	0	0	1	0	0	1	60
2013/09/08-19:09:00	6	2,151.901	62.67	6	0	0	1	0	0	1	1	0	0	1	16
2013/09/08-20:08:18	7	2,147.713	57.165	1	0	1	0	0	0	0	1	0	0	1	7
2013/09/08-20:08:59	7	2,147.713	57.165	6	0	1	2	1	0	0	1	0	0	1	33
2013/09/08-20:09:57	7	2,147.713	57.165	1	0	0	0	0	0	1	1	0	0	1	7
2013/09/08-20:10:34	7	2,147.713	57.165	10	0	0	2	0	0	0	1	1	0	0	43
2013/09/08-20:11:36	7	2,147.713	57.165	14	0	0	3	0	0	1	1	0	0	1	54
2013/09/10-00:28:14	8	2,130.282	61.228	8	0	0	2	0	0	1	1	0	0	1	44
2013/09/10-00:29:17	8	2,130.282	61.228	11	0	0	2	0	0	0	1	1	0	0	56
2013/09/10-00:30:31	6	2,141.795	59.944	6	0	1	1	0	0	0	1	0	0	1	36
2013/09/10-00:31:26	6	2,141.795	59.944	10	0	0	1	0	0	0	1	0	0	1	60
2013/09/10-00:32:45	6	2,141.795	59.944	14	0	0	3	1	0	0	1	1	0	0	60
2013/09/10-01:01:29	6	2,141.795	59.944	1	0	0	0	0	0	1	1	0	0	1	7
2013/09/10-01:02:45	6	2,141.795	59.944	14	0	0	0	0	0	0	1	0	0	1	60
2013/09/10-01:04:03	6	2,141.795	59.944	13	0	0	3	0	0	0	1	0	0	1	60
2013/09/10-01:05:22	6	2,141.795	59.944	1	0	0	0	0	0	1	1	0	0	1	7
2013/09/10-01:06:15	6	2,141.795	59.944	2	0	0	0	0	0	1	1	0	0	1	12
2013/09/10-01:25:13	11	2,123.803	55.756	12	0	0	3	0	0	0	1	0	0	1	60
2013/09/10-01:26:32	11	2,123.803	55.756	1	0	0	0	0	0	1	1	0	0	1	10
2013/09/10-01:27:38	11	2,123.803	55.756	8	0	0	1	0	0	0	1	0	0	1	60
2013/09/10-01:28:57	11	2,123.803	55.756	19	0	0	2	0	0	0	1	1	0	0	60
2013/09/10-01:30:16	11	2,123.803	55.756	14	0	0	1	0	0	0	1	1	0	0	60
2013/09/11-00:48:40	9	2,130.005	60.047	2	0	0	0	0	0	1	1	0	0	1	18
2013/09/11-00:49:32	9	2,130.005	60.047	14	0	0	2	0	0	0	1	0	0	1	60
2013/09/11-00:50:51	9	2,130.005	60.047	4	0	0	0	0	0	1	1	0	0	1	15
2013/09/11-00:51:43	9	2,130.005	60.047	1	0	0	0	0	0	1	1	0	0	1	6
2013/09/11-00:52:31	9	2,130.005	60.047	13	0	0	1	0	0	0	1	0	0	1	60
2013/09/11-01:10:50	9	2,130.005	60.047	7	0	0	0	0	0	0	1	1	0	0	28
2013/09/11-01:11:37	9	2,130.005	60.047	14	0	0	5	1	0	0	1	1	0	0	60
2013/09/11-01:12:56	9	2,130.005	60.047	2	0	0	0	0	0	1	1	0	0	1	3
2013/09/11-01:13:42	9	2,130.005	60.047	9	0	1	1	0	0	0	1	0	0	1	41
2013/09/11-01:14:48	9	2,130.005	60.047	1	0	0	0	0	0	1	1	0	0	1	9
2013/09/11-01:37:28	11	2,107.653	55.046	13	0	0	2	0	0	0	1	0	0	1	60
2013/09/11-01:38:47	11	2,107.653	55.046	15	0	0	1	0	0	1	1	0	0	1	47
2013/09/11-01:40:06	11	2,107.653	55.046	7	0	0	2	0	0	0	1	0	0	1	60
2013/09/11-01:41:25	11	2,107.653	55.046	12	0	0	2	0	0	0	1	0	0	1	60
2013/09/11-01:42:44	11	2,107.653	55.046	6	0	0	2	0	0	0	1	1	0	0	29
2013/09/11-17:07:53	10	2,109.962	60.384	1	0	0	0	0	0	1	1	0	0	1	7
2013/09/11-17:09:12	10	2,109.962	60.384	16	0	1	2	0	0	0	1	0	0	1	44
2013/09/11-17:10:15	10	2,109.962	60.384	0	0	1	0	0	0	0	1	0	0	1	19
2013/09/11-17:11:34	10	2,109.962	60.384	15	0	0	2	0	0	0	1	0	0	1	60
2013/09/11-17:12:53	10	2,109.962	60.384	8	0	0	2	1	0	0	1	1	0	0	41
2013/09/11-17:35:13	10	2,109.962	60.384	6	0	0	1	0	0	0	1	1	0	0	41
2013/09/11-17:36:12	10	2,109.962	60.384	1	0	0	0	0	0	1	1	0	0	1	9
2013/09/11-17:37:23	10	2,109.962	60.384	1	0	0	0	0	0	1	1	0	0	1	9
2013/09/11-17:38:17	10	2,109.962	60.384	12	0	0	1	0	0	0	1	0	0	1	60
2013/09/11-17:39:36	10	2,109.962	60.384	2	0	0	0	0	0	1	1	0	0	1	10
2013/09/11-17:58:01	11	2,098.722	55.567	12	0	0	3	0	0	0	1	1	0	0	60
2013/09/11-17:59:20	11	2,098.722	55.567	2	0	0	0	0	0	1	1	0	0	1	3
2013/09/11-18:00:39	11	2,098.722	55.567	3	0	0	0	0	0	1	1	0	0	1	4
2013/09/11-18:01:50	11	2,098.722	55.567	11	0	0	2	0	0	0	1	1	0	0	60
2013/09/11-18:03:09	11	2,098.722	55.567	12	0	0	2	1	0	0	1	1	0	0	60
2013/09/12-11:47:59	9	2,109.467	59.843	2	0	0	0	0	0	1	1	0	0	1	16
2013/09/12-11:49:11	9	2,109.467	59.843	3	0	1	0	1	0	0	1	0	0	1	20
2013/09/12-11:50:10	9	2,109.467	59.843	2	0	0	0	0	0	1	1	0	0	1	3
2013/09/12-11:51:29	9	2,109.467	59.843	12	0	0	1	0	0	1	1	0	0	1	41
2013/09/12-11:52:47	9	2,109.467	59.843	10	0	1	1	1	0	0	1	0	0	1	41
2013/09/12-12:11:18	9	2,090.643	57.21	2	0	0	0	0	0	1	1	0	0	1	4
2013/09/12-12:12:17	9	2,090.643	57.21	3	0	0	0	0	0	1	1	0	0	1	4
2013/09/12-12:13:09	9	2,090.643	57.21	9	0	0	2	0	0	0	1	0	0	1	60
2013/09/12-12:14:28	9	2,090.643	57.21	13	0	0	2	0	0	1	1	0	0	1	41
2013/09/12-12:15:47	9	2,090.643	57.21	9	0	0	2	2	0	0	1	1	0	0	31
2013/09/12-12:40:37	9	2,090.643	57.21	22	0	0	3	0	0	0	1	1	0	0	60
2013/09/12-12:41:56	9	2,090.643	57.21	15	0	0	1	0	0	0	1	0	0	1	60
2013/09/12-12:43:15	9	2,090.643	57.21	1	0	0	0	0	0	1	1	0	0	1	12
2013/09/12-12:44:20	9	2,090.643	57.21	13	0	0	2	1	0	0	1	1	0	0	60
2013/09/12-12:45:38	9	2,090.643	57.21	12	0	0	1	0	0	0	1	0	0	1	60
2013/09/13-18:52:25	8	2,080.859	64.679	15	0	0	2	0	0	0	1	1	0	0	60
2013/09/13-18:53:44	8	2,080.859	64.679	15	0	0	4	0	0	0	1	0	0	1	60
2013/09/13-18:55:03	8	2,080.859	64.679	2	0	0	0	0	0	1	1	0	0	1	3
2013/09/14-02:11:27	9	2,059.974	70.171	14	0	0	3	0	0	0	1	1	0	0	60
2013/09/14-02:12:46	9	2,059.974	70.171	10	0	0	2	0	0	0	1	1	0	0	55
2013/09/14-02:13:59	9	2,059.974	70.171	4	0	0	1	0	0	0	1	1	0	0	22
2013/09/14-02:14:40	9	2,059.974	70.171	8	0	0	2	0	0	0	1	1	0	0	60
2013/09/14-02:15:59	9	2,059.974	70.171	1	0	0	0	0	0	1	1	0	0	1	11
2013/09/14-02:44:29	8	2,050.096	69.034	13	0	0	1	2	0	0	1	1	0	0	60
2013/09/14-02:45:48	8	2,050.096	69.034	1	0	0	0	0	0	1	1	0	0	1	7
2013/09/14-02:47:06	8	2,050.096	69.034	8	0	0	2	0	0	0	1	0	0	1	60
2013/09/14-02:48:25	8	2,050.096	69.034	12	0	0	4	0	0	0	1	1	0	0	60
2013/09/14-02:49:44	8	2,050.096	69.034	1	0	0	0	0	0	1	1	0	0	1	9
2013/09/14-03:08:08	8	2,050.096	69.034	6	0	0	1	0	0	0	1	1	0	0	38
2013/09/14-03:09:05	8	2,050.096	69.034	14	0	0	2	2	0	0	1	1	0	0	45
2013/09/14-03:10:08	8	2,050.096	69.034	7	0	0	2	0	0	1	1	0	0	1	29
2013/09/14-03:10:57	8	2,050.096	69.034	13	0	0	1	0	0	0	1	1	0	0	49
2013/09/14-03:12:05	8	2,050.096	69.034	13	0	0	2	1	0	0	1	1	0	0	60
2013/09/14-05:17:32	8	2,017.358	67.079	14	0	0	1	0	0	0	1	1	0	0	60
2013/09/14-05:18:50	8	2,017.358	67.079	11	0	0	2	1	0	0	1	1	0	0	33
2013/09/14-05:19:43	8	2,017.358	67.079	15	0	0	1	0	0	0	1	1	0	0	60
2013/09/14-05:21:01	8	2,017.358	67.079	13	0	0	1	1	0	0	1	1	0	0	48
2013/09/14-05:22:08	8	2,017.358	67.079	12	0	0	4	2	0	0	1	1	0	0	48
2013/09/14-05:44:00	8	2,017.358	67.079	2	0	0	0	0	0	1	1	0	0	1	11
2013/09/14-05:45:09	8	2,017.358	67.079	9	0	0	1	0	0	0	1	0	0	1	60
2013/09/14-05:46:28	10	1,994.886	65.73	1	0	0	0	0	0	1	1	0	0	1	6
2013/09/14-05:47:47	10	1,994.886	65.73	10	0	0	2	1	0	0	1	1	0	0	44
2013/09/14-05:48:50	10	1,994.886	65.73	12	0	0	1	0	0	0	1	0	0	1	60
2013/09/14-06:03:47	10	1,994.886	65.73	11	0	0	1	0	0	0	1	1	0	0	60
2013/09/14-06:05:06	10	1,994.886	65.73	2	0	0	0	0	0	1	1	0	0	1	3
2013/09/14-06:06:25	10	1,994.886	65.73	2	0	0	0	0	0	1	1	0	0	1	7
2013/09/14-06:06:56	10	1,994.886	65.73	8	0	0	1	0	0	0	1	1	0	0	60
2013/09/14-06:08:14	10	1,994.886	65.73	2	0	0	0	0	0	1	1	0	0	1	3
2013/09/14-11:23:52	17	1,899.906	68.096	19	0	0	2	1	0	0	1	1	0	0	60
2013/09/14-11:25:11	17	1,899.906	68.096	19	0	0	2	0	0	1	1	0	0	1	51
2013/09/14-11:26:21	17	1,899.906	68.096	13	0	0	4	0	0	0	1	0	0	1	60
2013/09/14-11:27:40	17	1,889.749	67.375	11	0	0	2	0	0	0	1	1	0	0	50
2013/09/14-11:28:49	17	1,889.749	67.375	13	0	0	2	1	0	0	1	1	0	0	38
2013/09/14-11:59:21	17	1,889.749	67.375	1	0	0	0	0	0	1	1	0	0	1	7
2013/09/14-12:00:16	17	1,889.749	67.375	14	0	0	1	1	0	0	1	1	0	0	60
2013/09/14-12:01:35	17	1,889.749	67.375	18	0	0	2	0	0	0	1	0	0	1	60
2013/09/14-12:02:54	17	1,889.749	67.375	1	0	0	0	0	0	1	1	0	0	1	7
2013/09/14-12:04:13	17	1,889.749	67.375	1	0	0	0	0	0	1	1	0	0	1	7
2013/09/14-12:11:00	19	1,856.008	63.238	12	0	0	2	0	0	0	1	1	0	0	60
2013/09/14-12:12:19	19	1,856.008	63.238	3	0	1	1	0	0	0	1	0	0	1	28
2013/09/14-12:13:38	19	1,856.008	63.238	10	0	0	2	0	0	0	1	0	0	1	60
2013/09/14-12:14:57	19	1,856.008	63.238	11	0	0	2	1	0	0	1	1	0	0	44
2013/09/14-12:15:59	19	1,856.008	63.238	9	0	0	3	0	0	0	1	1	0	0	52
2013/09/14-15:33:04	20	1,868.412	64.757	17	0	0	1	0	0	0	1	1	0	0	56
2013/09/14-15:34:19	20	1,868.412	64.757	15	0	0	1	0	0	0	1	0	0	1	60
2013/09/14-15:35:38	20	1,868.412	64.757	21	0	0	2	0	0	0	1	0	0	1	60
2013/09/14-15:36:57	20	1,868.412	64.757	15	0	0	1	0	0	0	1	0	0	1	60
2013/09/14-15:38:15	20	1,868.412	64.757	17	0	0	2	0	0	0	1	0	0	1	60
2013/09/14-15:54:37	20	1,850.454	63.445	13	0	0	2	0	0	0	1	0	0	1	60
2013/09/14-15:55:56	20	1,850.454	63.445	18	0	0	2	0	0	0	1	1	0	0	60
2013/09/14-15:57:15	20	1,850.454	63.445	8	0	0	1	0	0	1	1	0	0	1	22
2013/09/14-15:58:33	20	1,850.454	63.445	8	0	0	1	0	0	1	1	0	0	1	22
2013/09/14-15:59:15	20	1,850.454	63.445	10	0	0	1	1	0	0	1	1	0	0	51
2013/09/14-16:17:44	20	1,850.454	63.445	1	0	0	0	0	0	1	1	0	0	1	7
2013/09/14-16:19:03	20	1,841.358	59.733	11	0	0	1	1	0	0	1	1	0	0	60
2013/09/14-16:20:22	20	1,841.358	59.733	9	0	0	1	0	0	0	1	0	0	1	60
2013/09/14-16:21:41	20	1,841.358	59.733	7	0	0	2	0	0	1	1	0	0	1	21
2013/09/14-16:23:00	20	1,841.358	59.733	16	0	0	1	1	0	0	1	1	0	0	60
2013/09/14-19:18:11	20	1,848.279	62.002	2	0	0	0	0	0	1	1	0	0	1	12
2013/09/14-19:18:42	20	1,848.279	62.002	2	0	0	1	0	0	0	1	1	0	0	12
2013/09/14-19:19:13	20	1,848.279	62.002	10	0	0	1	0	0	1	1	0	0	1	31
2013/09/14-19:20:02	20	1,848.279	62.002	1	0	0	0	0	0	1	1	0	0	1	7
2013/09/14-19:20:27	20	1,848.279	62.002	15	0	0	0	0	0	0	1	0	0	1	60
2013/09/14-19:32:23	20	1,848.279	62.002	9	0	0	2	0	0	1	1	0	0	1	39
2013/09/14-19:33:21	20	1,848.279	62.002	17	0	0	1	0	0	0	1	0	0	1	60
2013/09/14-19:34:39	20	1,832.063	59.904	14	0	0	2	0	0	0	1	0	0	1	60
2013/09/14-19:35:58	20	1,832.063	59.904	9	0	0	2	0	0	0	1	0	0	1	60
2013/09/14-19:37:17	20	1,832.063	59.904	17	0	0	2	0	0	0	1	0	0	1	60
2013/09/14-19:54:07	20	1,832.063	59.904	7	0	0	1	2	0	1	1	1	0	0	38
2013/09/14-19:55:05	20	1,832.063	59.904	3	0	1	0	0	0	0	1	0	0	1	13
2013/09/14-19:55:39	20	1,832.063	59.904	4	0	0	0	0	0	1	1	0	0	1	25
2013/09/14-19:56:24	20	1,832.063	59.904	3	0	0	0	0	0	1	1	0	0	1	10
2013/09/14-19:56:58	20	1,832.063	59.904	3	0	0	0	0	0	1	1	0	0	1	13
2013/09/14-23:33:58	21	1,821.781	61.805	3	0	0	1	0	0	1	1	0	0	1	17
2013/09/14-23:35:05	21	1,821.781	61.805	5	0	1	0	0	0	0	1	0	0	1	17
2013/09/14-23:36:07	21	1,821.781	61.805	15	0	0	1	0	0	0	1	0	0	1	60
2013/09/14-23:37:26	21	1,821.781	61.805	10	0	0	1	0	0	0	1	1	0	0	52
2013/09/14-23:38:36	21	1,821.781	61.805	13	0	0	1	0	0	0	1	1	0	0	59
2013/09/14-23:49:30	21	1,821.781	61.805	1	0	1	0	0	0	0	1	0	0	1	13
2013/09/14-23:50:16	21	1,821.781	61.805	12	0	0	2	1	0	1	1	0	0	1	38
2013/09/14-23:51:13	21	1,821.781	61.805	20	0	0	2	0	0	0	1	1	0	0	60
2013/09/14-23:52:32	21	1,821.781	61.805	6	0	0	3	0	0	0	1	1	0	0	43
2013/09/14-23:53:34	21	1,821.781	61.805	22	0	0	6	0	0	0	1	1	0	0	60
2013/09/15-00:14:21	20	1,851.182	57.474	11	0	0	2	0	0	0	1	0	0	1	60
2013/09/15-00:15:40	20	1,851.182	57.474	12	0	0	1	0	0	0	1	0	0	1	60
2013/09/15-00:16:59	20	1,851.182	57.474	3	0	0	0	0	0	1	1	0	0	1	15
2013/09/15-00:17:52	20	1,851.182	57.474	10	0	1	2	0	0	0	1	0	0	1	34
2013/09/15-00:19:11	20	1,851.182	57.474	13	0	0	3	0	0	0	1	0	0	1	60
2013/09/16-23:48:41	16	1,871.317	85.335	1	0	0	0	0	0	1	1	0	0	1	9
2013/09/16-23:49:09	16	1,871.317	85.335	3	0	1	0	0	0	0	1	0	0	1	40
2013/09/16-23:50:28	16	1,871.317	85.335	0	0	1	0	0	0	0	1	0	0	1	9
2013/09/16-23:51:47	16	1,871.317	85.335	1	0	0	0	0	0	1	1	0	0	1	5
2013/09/16-23:52:27	16	1,871.317	85.335	13	0	0	0	1	0	1	1	0	0	1	21
2013/09/17-00:02:43	16	1,871.317	85.335	2	0	1	0	0	0	0	1	0	0	1	6
2013/09/17-00:03:20	16	1,871.317	85.335	10	0	0	1	0	0	0	1	1	0	0	60
2013/09/17-00:04:38	16	1,871.317	85.335	16	0	0	3	0	0	0	1	0	0	1	60
2013/09/17-00:05:57	16	1,871.317	85.335	16	0	0	7	0	0	0	1	1	0	0	60
2013/09/17-00:07:16	16	1,871.317	85.335	3	0	0	0	0	0	0	1	1	0	0	60
2013/09/17-00:24:33	16	1,872.131	74.42	11	0	0	0	0	0	0	1	0	0	1	60
2013/09/17-00:25:49	16	1,872.131	74.42	5	0	0	3	0	0	0	1	0	0	1	60
2013/09/17-00:27:08	16	1,872.131	74.42	2	0	0	0	0	0	1	1	0	0	1	9
2013/09/17-00:27:40	16	1,872.131	74.42	10	0	0	1	0	0	0	1	1	0	0	60
2013/09/17-00:28:58	16	1,872.131	74.42	18	0	0	0	0	0	1	1	0	0	1	23
2013/09/17-20:36:45	16	1,875.384	73.032	15	0	0	0	0	0	0	1	0	0	1	60
2013/09/17-20:38:04	16	1,875.384	73.032	8	0	1	1	0	0	0	1	0	0	1	49
2013/09/17-20:39:11	16	1,875.384	73.032	2	0	1	0	0	0	0	1	0	0	1	22
2013/09/17-20:39:52	16	1,875.384	73.032	6	0	0	0	1	0	0	1	1	0	0	16
2013/09/17-20:40:27	16	1,875.384	73.032	9	0	0	1	0	0	0	1	1	0	0	35
2013/09/17-21:04:21	16	1,890.831	69.92	2	0	0	0	0	0	1	1	0	0	1	29
2013/09/17-21:05:09	16	1,890.831	69.92	16	0	0	0	0	0	0	1	1	0	0	60
2013/09/17-21:06:28	16	1,890.831	69.92	1	0	0	0	1	0	1	1	1	0	0	4
2013/09/17-21:06:51	16	1,890.831	69.92	1	0	0	0	0	0	1	1	0	0	1	3
2013/09/17-21:07:33	16	1,890.831	69.92	13	0	0	0	1	0	0	1	1	0	0	60
2013/09/17-21:18:03	16	1,890.831	69.92	1	0	1	0	1	0	0	1	0	0	1	3
2013/09/17-21:19:21	15	1,896.878	64.683	5	0	1	0	0	0	0	1	0	0	1	24
2013/09/17-21:20:11	15	1,896.878	64.683	29	0	0	0	1	0	0	1	1	0	0	60
2013/09/17-21:21:30	15	1,896.878	64.683	1	0	1	0	0	0	0	1	0	0	1	6
2013/09/17-21:22:43	15	1,896.878	64.683	18	0	0	4	0	0	0	1	0	0	1	60
2013/09/17-21:41:02	15	1,896.878	64.683	13	0	0	0	0	0	0	1	0	0	1	60
2013/09/17-21:42:21	15	1,896.878	64.683	11	0	1	0	0	0	0	1	0	0	1	23
2013/09/17-21:43:03	15	1,896.878	64.683	4	0	0	0	0	0	1	1	0	0	1	18
2013/09/17-21:43:55	15	1,896.878	64.683	1	0	1	0	0	0	0	1	0	0	1	7
2013/09/17-21:44:21	15	1,896.878	64.683	19	0	0	1	0	0	0	1	0	0	1	60
2013/09/17-21:45:46	15	1,896.878	64.683	0	0	1	0	0	0	0	1	0	0	1	7
2013/09/17-21:46:12	15	1,896.878	64.683	10	0	1	4	1	0	0	1	0	0	1	52
2013/09/17-21:47:23	15	1,896.878	64.683	4	0	1	0	0	0	0	1	0	0	1	16
2013/09/17-21:47:58	15	1,896.878	64.683	2	0	0	0	0	0	1	1	0	0	1	9
2013/09/17-21:49:16	15	1,896.878	64.683	17	0	1	0	0	0	0	1	0	0	1	57
2013/09/17-22:06:40	13	1,911.066	57.307	1	0	0	0	1	0	1	1	0	0	1	24
2013/09/17-22:07:23	13	1,911.066	57.307	3	0	1	1	0	0	0	1	0	0	1	14
2013/09/17-22:08:42	13	1,911.066	57.307	11	0	0	0	0	0	0	1	1	0	0	60
2013/09/17-22:10:00	13	1,911.066	57.307	9	0	0	2	0	0	0	1	0	0	1	60
2013/09/17-22:11:19	13	1,911.066	57.307	21	0	0	0	1	0	0	1	1	0	0	60
2013/09/18-12:12:45	10	1,924.512	62.745	3	0	1	0	0	0	0	1	0	0	1	12
2013/09/18-12:13:48	10	1,924.512	62.745	5	0	1	0	0	0	0	1	0	0	1	46
2013/09/18-12:15:07	10	1,924.512	62.745	30	0	0	0	1	0	0	1	1	0	0	60
2013/09/18-12:16:26	10	1,924.512	62.745	0	0	1	0	0	0	0	1	0	0	1	3
2013/09/18-12:16:51	10	1,924.512	62.745	2	0	0	1	0	0	0	1	1	0	0	6
2013/09/18-12:38:16	9	1,934.838	59.367	14	0	0	5	0	0	0	1	1	0	0	60
2013/09/18-12:39:35	9	1,934.838	59.367	7	0	0	0	1	0	1	1	0	0	1	20
2013/09/18-12:40:14	9	1,934.838	59.367	4	0	0	0	0	0	1	1	0	0	1	15
2013/09/18-12:41:19	9	1,934.838	59.367	8	0	0	2	0	0	1	1	0	0	1	36
2013/09/18-12:42:38	9	1,934.838	59.367	4	0	0	1	0	0	1	1	0	0	1	12
2013/09/18-12:58:48	11	1,923.423	56.535	17	0	0	2	0	0	0	1	1	0	0	60
2013/09/18-13:00:07	11	1,923.423	56.535	1	0	1	0	0	0	0	1	0	0	1	3
2013/09/18-13:00:31	11	1,923.423	56.535	11	0	0	2	0	0	0	1	1	0	0	46
2013/09/18-13:01:35	11	1,923.423	56.535	3	0	1	0	0	0	0	1	0	0	1	23
2013/09/18-13:02:18	11	1,923.423	56.535	5	0	1	5	1	0	0	1	0	0	1	31
2013/09/18-16:27:27	9	1,937.321	61.048	5	0	0	1	1	0	0	1	1	0	0	60
2013/09/18-16:28:46	9	1,937.321	61.048	0	0	0	0	0	0	0	1	1	0	0	5
2013/09/18-16:29:10	9	1,937.321	61.048	3	0	0	4	1	0	0	1	1	0	0	15
2013/09/18-16:29:44	9	1,937.321	61.048	1	0	0	0	1	0	0	1	1	0	0	29
2013/09/18-16:30:31	9	1,937.321	61.048	9	0	0	0	0	0	1	1	0	0	1	5
2013/09/18-16:46:29	9	1,937.321	61.048	17	0	0	3	0	0	0	1	0	0	1	60
2013/09/18-16:47:48	9	1,937.321	61.048	4	0	1	2	0	0	0	1	0	0	1	22
2013/09/18-16:48:45	9	1,937.321	61.048	0	0	1	0	0	0	0	1	0	0	1	6
2013/09/18-16:49:10	9	1,937.321	61.048	13	0	0	1	0	0	0	1	1	0	0	60
2013/09/18-16:50:28	9	1,937.321	61.048	20	0	0	0	0	0	0	1	1	0	0	60
2013/09/18-17:04:23	11	1,909.763	57.977	8	0	0	1	0	0	0	1	1	0	0	56
2013/09/18-17:05:38	11	1,909.763	57.977	1	0	0	0	2	0	0	1	1	0	0	11
2013/09/18-17:06:07	11	1,909.763	57.977	8	0	0	0	2	0	0	1	1	0	0	39
2013/09/18-17:07:05	11	1,909.763	57.977	4	0	0	5	0	0	0	1	1	0	0	33
2013/09/18-17:07:57	11	1,909.763	57.977	25	0	0	0	2	0	0	1	1	0	0	60
2013/09/18-17:21:40	11	1,909.763	57.977	1	0	0	0	0	0	1	1	0	0	1	6
2013/09/18-17:22:58	11	1,909.763	57.977	1	0	1	0	0	0	0	1	0	0	1	7
2013/09/18-17:23:47	11	1,909.763	57.977	1	0	1	0	0	0	0	1	0	0	1	4
2013/09/18-17:25:00	11	1,909.763	57.977	2	0	1	0	0	0	0	1	0	0	1	10
2013/09/18-17:25:28	11	1,909.763	57.977	21	0	0	0	0	0	0	1	0	0	1	60
2013/09/18-17:37:56	11	1,910.251	54.168	4	0	1	0	0	0	0	1	0	0	1	26
2013/09/18-17:38:41	11	1,910.251	54.168	3	0	1	0	0	0	0	1	0	0	1	3
2013/09/18-17:39:10	11	1,910.251	54.168	3	0	1	0	0	0	0	1	0	0	1	8
2013/09/18-17:39:37	11	1,910.251	54.168	11	0	0	2	0	0	0	1	1	0	0	60
2013/09/18-17:40:56	11	1,910.251	54.168	3	0	1	0	0	0	0	1	0	0	1	12
2013/09/18-17:51:20	11	1,910.251	54.168	1	0	1	0	0	0	0	1	0	0	1	4
2013/09/18-17:51:57	11	1,910.251	54.168	12	0	0	0	0	0	0	1	1	0	0	60
2013/09/18-17:53:16	11	1,910.251	54.168	10	0	1	4	0	0	0	1	0	0	1	45
2013/09/18-17:54:20	11	1,910.251	54.168	1	0	0	0	0	0	1	1	0	0	1	3
2013/09/18-17:54:41	11	1,910.251	54.168	13	0	0	0	0	0	0	1	1	0	0	38
2013/09/19-00:18:29	10	1,919.618	55.291	11	0	0	3	0	0	1	1	0	0	1	51
2013/09/19-00:19:40	10	1,919.618	55.291	1	0	0	0	1	0	0	1	1	0	0	4
2013/09/19-00:20:02	10	1,919.618	55.291	14	0	0	5	0	0	0	1	1	0	0	60
2013/09/19-00:21:21	10	1,919.618	55.291	13	0	0	3	1	0	0	1	1	0	0	48
2013/09/19-00:22:28	10	1,919.618	55.291	7	0	0	0	1	0	0	1	1	0	0	58
2013/09/19-00:35:24	10	1,919.618	55.291	18	0	0	0	1	0	0	1	1	0	0	39
2013/09/19-00:36:21	10	1,919.618	55.291	1	0	1	0	0	0	0	1	0	0	1	4
2013/09/19-00:36:50	10	1,919.618	55.291	1	0	0	0	0	0	1	1	0	0	1	3
2013/09/19-00:37:12	10	1,919.618	55.291	2	0	1	0	0	0	0	1	0	0	1	15
2013/09/19-00:37:50	10	1,919.618	55.291	1	0	0	0	1	0	1	1	0	0	1	3
2013/09/19-07:22:32	11	1,900.292	52.81	19	0	0	5	0	0	0	1	1	0	0	60
2013/09/19-07:23:51	11	1,900.292	52.81	23	0	0	0	0	0	0	1	1	0	0	60
2013/09/19-07:25:10	11	1,900.292	52.81	5	0	0	0	0	0	1	1	0	0	1	24
2013/09/19-07:26:29	11	1,900.292	52.81	1	0	0	0	1	0	1	1	0	0	1	3
2013/09/19-07:26:51	11	1,900.292	52.81	1	0	0	0	0	0	0	1	1	0	0	25
2013/09/19-08:19:00	11	1,895.43	52.498	2	0	0	0	0	0	1	1	0	0	1	10
2013/09/19-08:19:32	11	1,895.43	52.498	3	0	0	4	1	0	0	1	1	0	0	19
2013/09/19-08:20:11	11	1,895.43	52.498	3	0	0	0	1	0	0	1	1	0	0	24
2013/09/19-08:20:53	11	1,895.43	52.498	10	0	0	2	0	0	1	1	0	0	1	32
2013/09/19-08:22:06	11	1,895.43	52.498	6	0	0	0	0	0	0	1	1	0	0	53
2013/09/19-08:40:25	11	1,895.43	52.498	3	0	0	0	0	0	0	1	1	0	0	60
2013/09/19-08:41:44	11	1,895.43	52.498	1	0	0	0	1	0	1	1	0	0	1	7
2013/09/19-08:43:03	11	1,895.43	52.498	7	0	0	1	2	0	0	1	1	0	0	54
2013/09/19-08:44:16	12	1,869.671	51.707	3	0	0	0	0	0	0	1	1	0	0	7
2013/09/19-08:44:41	12	1,869.671	51.707	7	0	0	0	1	0	0	1	1	0	0	38
2013/09/19-09:01:26	12	1,869.671	51.707	2	0	0	0	0	0	1	1	0	0	1	26
2013/09/19-09:02:28	12	1,869.671	51.707	1	0	1	0	0	0	0	1	0	0	1	3
2013/09/19-09:03:47	12	1,869.671	51.707	3	0	0	0	0	0	0	1	1	0	0	22
2013/09/19-09:04:28	12	1,869.671	51.707	1	0	0	0	1	0	1	1	0	0	1	6
2013/09/19-09:04:53	12	1,869.671	51.707	3	0	0	0	0	0	1	1	0	0	1	11
2013/09/19-11:27:01	15	1,850.535	55.272	1	0	0	0	0	0	1	1	0	0	1	3
2013/09/19-11:27:45	15	1,850.535	55.272	6	0	0	0	2	0	0	1	1	0	0	6
2013/09/19-11:28:10	15	1,850.535	55.272	14	0	0	2	2	0	0	1	1	0	0	45
2013/09/19-11:29:14	15	1,850.535	55.272	3	0	1	1	0	0	0	1	0	0	1	8
2013/09/19-11:29:47	17	1,829.504	54.79	10	0	0	0	2	0	0	1	1	0	0	22
2013/09/19-11:49:50	17	1,829.504	54.79	2	0	0	0	1	0	0	1	1	0	0	7
2013/09/19-11:50:16	17	1,829.504	54.79	6	0	0	0	0	0	0	1	1	0	0	19
2013/09/19-11:50:54	17	1,829.504	54.79	15	0	0	0	0	0	0	1	1	0	0	41
2013/09/19-11:51:54	17	1,829.504	54.79	1	0	1	0	0	0	0	1	0	0	1	3
2013/09/19-11:52:15	17	1,829.504	54.79	1	0	1	0	0	0	0	1	1	0	0	7
2013/09/19-12:02:45	16	1,842.212	52.938	13	0	1	2	1	0	0	1	0	0	1	48
2013/09/19-12:03:55	16	1,842.212	52.938	18	0	0	0	0	0	0	1	0	0	1	60
2013/09/19-12:05:13	16	1,842.212	52.938	11	0	1	4	0	0	0	1	0	0	1	34
2013/09/19-12:06:06	16	1,842.212	52.938	6	0	0	12	1	0	0	1	1	0	0	49
2013/09/19-12:07:15	16	1,842.212	52.938	6	0	0	2	0	0	1	1	0	0	1	13
2013/09/19-17:04:06	16	1,839.101	59.069	1	0	1	0	0	0	0	1	0	0	1	11
2013/09/19-17:04:47	16	1,839.101	59.069	1	0	0	0	0	0	1	1	0	0	1	4
2013/09/19-17:05:11	16	1,839.101	59.069	11	0	0	4	0	0	1	1	0	0	1	56
2013/09/19-17:06:25	16	1,839.101	59.069	6	0	0	1	0	0	0	1	1	0	0	60
2013/09/19-17:07:44	16	1,839.101	59.069	8	0	0	0	2	0	1	1	1	0	0	19
2013/09/19-17:26:37	16	1,839.101	59.069	15	0	0	2	0	0	0	1	1	0	0	60
2013/09/19-17:27:56	16	1,839.101	59.069	19	0	0	4	1	0	0	1	1	0	0	60
2013/09/19-17:29:15	16	1,839.101	59.069	23	0	0	0	1	0	0	1	1	0	0	60
2013/09/19-17:30:34	17	1,830.711	56.093	12	0	0	4	0	0	1	1	0	0	1	42
2013/09/19-17:31:53	17	1,830.711	56.093	13	0	0	1	1	0	0	1	1	0	0	49
2013/09/19-17:47:42	17	1,830.711	56.093	6	0	0	0	0	0	1	1	0	0	1	25
2013/09/19-17:49:01	17	1,830.711	56.093	3	0	0	0	0	0	0	1	1	0	0	11
2013/09/19-17:49:31	17	1,830.711	56.093	0	0	1	0	0	0	0	1	0	0	1	3
2013/09/19-17:49:56	17	1,830.711	56.093	3	0	1	0	0	0	0	1	0	0	1	12
2013/09/19-17:50:53	17	1,830.711	56.093	1	0	0	0	0	0	1	1	0	0	1	8
2013/09/19-21:12:21	16	1,816.166	60.914	3	0	0	0	0	0	0	1	1	0	0	9
2013/09/19-21:12:49	16	1,816.166	60.914	13	0	0	2	0	0	1	1	0	0	1	53
2013/09/19-21:14:01	16	1,816.166	60.914	4	0	0	3	0	0	0	1	1	0	0	16
2013/09/19-21:14:36	16	1,816.166	60.914	5	0	0	0	0	0	1	1	0	0	1	23
2013/09/19-21:15:50	16	1,816.166	60.914	34	0	0	0	1	0	0	1	1	0	0	60
2013/09/19-21:35:24	18	1,812.451	59.323	5	0	0	0	1	0	0	1	1	0	0	23
2013/09/19-21:36:06	18	1,812.451	59.323	14	0	0	3	0	0	0	1	1	0	0	53
2013/09/19-21:37:18	18	1,812.451	59.323	7	0	1	3	0	0	0	1	0	0	1	44
2013/09/19-21:38:31	18	1,812.451	59.323	1	0	1	0	0	0	0	1	0	0	1	3
2013/09/19-21:38:52	18	1,812.451	59.323	1	0	1	0	0	0	0	1	0	0	1	6
2013/09/19-21:54:34	18	1,812.451	59.323	2	0	0	0	0	0	1	1	0	0	1	15
2013/09/19-21:55:08	18	1,812.451	59.323	0	0	1	0	0	0	0	1	0	0	1	2
2013/09/19-21:56:10	23	1,783.35	56.061	11	0	0	0	0	0	1	1	0	0	1	26
2013/09/19-21:56:55	23	1,783.35	56.061	5	0	0	1	0	0	1	1	0	0	1	29
2013/09/19-21:57:43	23	1,783.35	56.061	8	0	0	0	1	0	0	1	1	0	0	29
2013/09/20-02:51:51	19	1,792.876	62.292	4	0	0	0	1	0	0	1	1	0	0	49
2013/09/20-02:52:59	19	1,792.876	62.292	2	0	0	0	0	0	0	1	1	0	0	7
2013/09/20-02:53:24	19	1,792.876	62.292	3	0	0	1	0	0	0	1	1	0	0	13
2013/09/20-02:53:56	19	1,792.876	62.292	13	0	0	0	1	0	0	1	1	0	0	35
2013/09/20-02:54:50	19	1,792.876	62.292	4	0	0	0	0	0	0	1	1	0	0	48
2013/09/20-03:05:26	19	1,792.876	62.292	14	0	0	1	0	0	0	1	0	0	1	60
2013/09/20-03:06:45	19	1,792.876	62.292	9	0	0	0	0	0	1	1	0	0	1	8
2013/09/20-03:07:31	19	1,792.876	62.292	7	0	0	3	2	0	0	1	1	0	0	33
2013/09/20-03:08:23	19	1,792.876	62.292	4	0	0	0	0	0	0	1	1	0	0	15
2013/09/20-03:08:57	19	1,792.876	62.292	5	0	1	3	0	0	0	1	0	0	1	34
2013/09/20-03:24:17	19	1,794.19	59.718	0	0	1	0	0	0	0	1	0	0	1	6
2013/09/20-03:25:36	19	1,794.19	59.718	1	0	1	0	0	0	0	1	0	0	1	5
2013/09/20-03:26:10	19	1,794.19	59.718	1	0	1	0	0	0	0	1	0	0	1	3
2013/09/20-03:27:29	19	1,794.19	59.718	3	0	0	0	1	0	1	1	0	0	1	7
2013/09/20-03:28:06	19	1,794.19	59.718	2	0	0	0	0	0	1	1	0	0	1	17
2013/09/20-06:48:53	24	1,761.577	64.375	14	0	0	1	0	0	0	1	1	0	0	60
2013/09/20-06:50:12	24	1,761.577	64.375	1	0	1	0	1	0	0	1	0	0	1	4
2013/09/20-06:50:35	24	1,761.577	64.375	2	0	0	0	0	0	1	1	0	0	1	6
2013/09/20-06:51:00	24	1,761.577	64.375	1	0	1	0	0	0	0	1	0	0	1	7
2013/09/20-06:51:26	24	1,761.577	64.375	1	0	0	0	0	0	1	1	0	0	1	3
2013/09/20-07:15:14	26	1,733.796	62.438	4	0	1	0	0	0	0	1	0	0	1	16
2013/09/20-07:16:22	26	1,733.796	62.438	1	0	1	0	0	0	0	1	0	0	1	6
2013/09/20-07:17:41	26	1,733.796	62.438	11	0	0	0	1	0	0	1	1	0	0	60
2013/09/20-07:19:00	26	1,733.796	62.438	13	0	0	15	0	0	0	1	1	0	0	60
2013/09/20-07:20:19	26	1,733.796	62.438	12	0	0	2	0	0	0	1	0	0	1	60
2013/09/20-07:27:34	26	1,733.796	62.438	2	0	1	0	1	0	0	1	0	0	1	3
2013/09/20-07:27:57	26	1,733.796	62.438	8	0	0	1	0	0	1	1	0	0	1	34
2013/09/20-07:29:17	26	1,733.796	62.438	2	0	0	0	1	0	1	1	0	0	1	10
2013/09/20-07:29:48	26	1,733.796	62.438	2	0	0	0	0	0	0	1	1	0	0	13
2013/09/20-07:30:20	26	1,733.796	62.438	1	0	0	0	0	0	1	1	0	0	1	7
2013/09/20-11:51:25	27	1,721.453	67.135	22	0	0	0	0	0	0	1	1	0	0	60
2013/09/20-11:52:44	27	1,721.453	67.135	12	0	0	0	2	0	0	1	1	0	0	31
2013/09/20-11:53:34	27	1,721.453	67.135	2	0	1	1	0	0	0	1	0	0	1	12
2013/09/20-11:54:53	27	1,721.453	67.135	15	0	0	0	0	0	0	1	1	0	0	60
2013/09/20-11:56:12	27	1,721.453	67.135	9	0	0	1	1	0	1	1	0	0	1	28
2013/09/20-12:23:57	29	1,712.503	64.36	1	0	0	0	0	0	1	1	0	1	0	3
2013/09/20-12:24:20	29	1,712.503	64.36	7	0	1	1	0	0	0	1	0	0	1	31
2013/09/20-12:25:10	29	1,712.503	64.36	2	0	0	1	0	0	1	1	0	0	1	16
2013/09/20-12:25:48	29	1,712.503	64.36	5	0	0	0	1	0	1	1	0	0	1	21
2013/09/20-12:26:30	29	1,712.503	64.36	0	0	0	0	0	0	0	1	1	0	0	13
2013/09/20-12:39:23	29	1,712.503	64.36	0	0	1	0	0	0	0	1	0	0	1	4
2013/09/20-12:40:01	29	1,712.503	64.36	4	0	0	2	0	0	1	1	0	0	1	18
2013/09/20-12:40:43	29	1,712.503	64.36	3	0	1	0	1	0	0	1	0	0	1	4
2013/09/20-12:41:15	29	1,712.503	64.36	1	0	0	0	0	0	0	1	1	0	0	60
2013/09/20-12:42:35	29	1,712.503	64.36	3	0	0	3	1	0	0	1	1	0	0	19
2013/09/20-18:05:33	30	1,703.216	65.953	4	0	0	4	1	0	0	1	1	0	0	20
2013/09/20-18:06:12	30	1,703.216	65.953	8	0	1	3	0	0	0	1	0	0	1	35
2013/09/20-18:07:06	30	1,703.216	65.953	12	0	0	14	0	0	0	1	1	0	0	60
2013/09/20-18:08:25	30	1,703.216	65.953	1	0	0	0	0	0	0	1	1	0	0	13
2013/09/20-18:08:57	30	1,703.216	65.953	1	0	0	0	0	0	0	1	1	0	0	6
2013/09/20-18:19:44	30	1,708.948	63.678	23	0	0	0	1	0	0	1	1	0	0	60
2013/09/20-18:21:03	30	1,708.948	63.678	12	0	0	0	0	0	0	1	1	0	0	60
2013/09/20-18:22:22	30	1,708.948	63.678	6	0	0	3	1	0	0	1	1	0	0	40
2013/09/20-18:23:21	30	1,708.948	63.678	2	0	1	0	0	0	0	1	0	0	1	6
2013/09/20-18:23:46	30	1,708.948	63.678	19	0	0	4	0	0	0	1	1	0	0	60
2013/09/20-18:39:32	30	1,708.948	63.678	2	0	0	0	0	0	1	1	0	0	1	6
2013/09/20-18:40:04	30	1,708.948	63.678	1	0	0	0	1	0	0	1	1	0	0	4
2013/09/20-18:40:28	25	1,738.743	59.228	3	0	0	0	0	0	1	1	0	0	1	8
2013/09/20-18:41:16	25	1,738.743	59.228	3	0	0	0	0	0	1	1	0	0	1	14
2013/09/20-18:42:02	25	1,738.743	59.228	2	0	0	0	1	0	1	1	0	0	1	6
2013/09/20-20:56:25	27	1,721.351	62.743	1	0	1	0	0	0	0	1	0	0	1	10
2013/09/20-20:56:54	27	1,721.351	62.743	14	0	0	6	0	0	0	1	0	0	1	60
2013/09/20-20:58:13	27	1,721.351	62.743	2	0	0	0	0	0	0	1	1	0	0	13
2013/09/20-20:58:44	27	1,721.351	62.743	0	0	0	0	0	0	0	1	1	0	0	3
2013/09/20-20:59:05	27	1,721.351	62.743	5	0	0	2	0	0	0	1	1	0	0	60
2013/09/20-21:18:24	27	1,721.351	62.743	13	0	0	0	0	0	0	1	1	0	0	60
2013/09/20-21:19:43	27	1,721.351	62.743	18	0	0	0	1	0	0	1	1	0	0	60
2013/09/20-21:21:02	27	1,721.351	62.743	13	0	0	4	0	0	0	1	1	0	0	60
2013/09/20-21:22:21	27	1,721.351	62.743	16	0	0	2	0	0	0	1	1	0	0	60
2013/09/20-21:23:40	27	1,721.351	62.743	12	0	0	2	0	0	0	1	1	0	0	27
2013/09/20-21:31:58	23	1,750.791	58.921	7	0	1	0	0	0	0	1	0	0	1	30
2013/09/20-21:32:56	23	1,750.791	58.921	7	0	0	1	0	0	1	1	0	0	1	27
2013/09/20-21:33:54	23	1,750.791	58.921	17	0	0	3	0	0	0	1	1	0	0	60
2013/09/20-21:35:13	23	1,750.791	58.921	10	0	0	1	0	0	1	1	0	0	1	33
2013/09/20-21:36:22	23	1,750.791	58.921	1	0	0	0	0	0	1	1	0	0	1	3
2013/09/20-22:48:59	24	1,727.782	57.735	13	0	0	0	1	0	1	1	0	0	1	39
2013/09/20-22:49:57	24	1,727.782	57.735	1	0	0	0	0	0	0	1	1	0	0	14
2013/09/20-22:50:30	24	1,727.782	57.735	14	0	0	1	1	0	0	1	1	0	0	51
2013/09/20-22:51:40	24	1,727.782	57.735	5	0	0	6	0	0	1	1	0	0	1	18
2013/09/20-22:52:59	24	1,727.782	57.735	1	0	0	0	0	0	1	1	0	0	1	3
2013/12/27-11:01:44	24	1,734.492	73.626	1	0	1	0	0	0	0	1	1	0	0	3
2013/12/27-11:02:07	24	1,734.492	73.626	4	0	0	0	0	0	1	1	0	0	1	21
2013/12/27-11:03:12	24	1,734.492	73.626	16	0	0	6	0	0	0	1	1	0	0	60
2013/12/27-11:04:30	24	1,734.492	73.626	5	0	1	2	0	0	0	1	0	0	1	15
2013/12/27-11:05:49	24	1,734.492	73.626	4	0	0	0	0	0	0	1	1	0	0	9
2013/12/27-11:19:55	21	1,744.375	68.512	6	0	0	1	0	0	0	1	1	0	0	60
2013/12/27-11:21:14	21	1,744.375	68.512	8	0	0	0	0	0	1	1	0	0	1	51
2013/12/27-11:22:33	21	1,744.375	68.512	2	0	0	0	0	0	1	1	0	0	1	5
2013/12/27-11:23:09	21	1,744.375	68.512	12	0	0	11	0	0	1	1	0	0	1	27
2013/12/27-11:23:54	21	1,744.375	68.512	13	0	1	0	0	0	0	1	0	0	1	35
2013/12/27-11:40:11	21	1,744.375	68.512	1	0	1	0	0	0	0	1	0	0	1	6
2013/12/27-11:41:30	21	1,744.375	68.512	11	0	0	1	1	0	1	1	0	0	1	37
2013/12/27-11:42:26	21	1,744.375	68.512	5	0	0	0	0	0	1	1	0	0	1	31
2013/12/27-11:43:20	21	1,744.375	68.512	5	0	1	0	0	0	0	1	0	0	1	30
2013/12/27-11:44:39	21	1,744.375	68.512	1	0	1	0	0	0	0	1	0	0	1	5
