2013/09/02-14:33:41	26	1,500	350.155	0	0	1	0	0	0	0	1	0	0	1	10
2013/09/02-14:34:27	26	1,500	350.155	0	0	1	0	0	0	0	1	0	0	1	6
2013/09/02-14:35:33	26	1,500	350.155	0	0	1	0	0	0	0	1	0	0	1	3
2013/09/02-14:36:52	26	1,500	350.155	7	0	0	1	0	0	1	1	0	0	1	17
2013/09/02-14:38:11	26	1,500	350.155	0	0	1	0	0	0	0	1	0	0	1	5
2013/09/02-14:46:47	83	1,014.018	275.186	0	0	1	0	0	0	0	1	0	0	1	4
2013/09/02-14:47:15	83	1,014.018	275.186	0	0	1	0	0	0	0	1	0	0	1	6
2013/09/02-14:47:40	83	1,014.018	275.186	1	0	0	0	1	0	1	1	0	0	1	3
2013/09/02-14:48:03	83	1,014.018	275.186	6	0	0	0	0	0	1	1	0	0	1	16
2013/09/02-14:48:41	83	1,014.018	275.186	16	0	0	3	0	0	1	1	0	0	1	46
2013/09/02-15:02:00	83	1,014.018	275.186	0	0	0	0	0	0	0	1	1	0	0	3
2013/09/02-15:02:22	83	1,014.018	275.186	3	0	0	0	0	0	1	1	0	0	1	7
2013/09/02-15:02:48	83	1,014.018	275.186	0	0	1	0	0	0	0	1	0	0	1	6
2013/09/02-15:03:13	83	1,014.018	275.186	0	0	1	0	0	0	0	1	0	0	1	3
2013/09/02-15:03:34	83	1,014.018	275.186	14	0	0	3	0	0	1	1	0	0	1	36
2013/09/02-21:01:50	31	1,558.25	218.806	0	0	1	0	0	0	0	1	0	0	1	6
2013/09/02-21:02:18	31	1,558.25	218.806	0	0	1	0	0	0	0	1	0	0	1	3
2013/09/02-21:02:44	31	1,558.25	218.806	1	0	0	0	0	0	0	1	1	0	0	3
2013/09/02-21:03:06	31	1,558.25	218.806	2	0	1	0	0	0	0	1	0	0	1	15
2013/09/02-21:04:24	31	1,558.25	218.806	0	0	1	0	0	0	0	1	0	0	1	6
2013/09/02-21:05:49	31	1,558.25	218.806	1	0	0	0	0	0	1	1	0	0	1	4
2013/09/02-21:07:08	56	1,446.899	174.841	1	0	0	0	0	0	1	1	0	0	1	4
2013/09/02-21:07:46	56	1,446.899	174.841	1	0	1	0	0	0	0	1	0	0	1	8
2013/09/02-21:08:14	56	1,446.899	174.841	0	0	1	0	0	0	0	1	0	0	1	3
2013/09/02-21:08:39	56	1,446.899	174.841	0	0	1	0	0	0	0	1	0	0	1	6
2013/09/02-21:22:52	56	1,446.899	174.841	0	0	1	0	0	0	0	1	0	0	1	6
2013/09/02-21:24:11	56	1,446.899	174.841	1	0	0	0	1	0	1	1	1	0	0	6
2013/09/02-21:24:36	56	1,446.899	174.841	0	0	1	0	0	0	0	1	0	0	1	6
2013/09/02-21:25:55	56	1,446.899	174.841	0	0	1	0	0	0	0	1	0	0	1	6
2013/09/02-21:26:36	56	1,446.899	174.841	6	0	0	0	1	0	0	1	1	0	0	20
2013/09/02-23:02:56	58	1,360.664	141.139	0	0	1	0	0	0	0	1	0	0	1	3
2013/09/02-23:03:19	58	1,360.664	141.139	0	0	1	0	0	0	0	1	0	0	1	6
2013/09/02-23:03:45	58	1,360.664	141.139	0	0	1	0	0	0	0	1	0	0	1	6
2013/09/02-23:05:04	58	1,360.664	141.139	0	0	1	0	0	0	0	1	0	0	1	6
2013/09/02-23:05:36	63	1,287.771	124.465	0	0	1	0	0	0	0	1	1	0	0	8
2013/09/02-23:19:14	63	1,287.771	124.465	0	0	1	0	0	0	0	1	0	0	1	6
2013/09/02-23:20:20	63	1,287.771	124.465	0	0	1	0	0	0	0	1	0	0	1	6
2013/09/02-23:20:49	63	1,287.771	124.465	0	0	1	0	0	0	0	1	0	0	1	6
2013/09/02-23:22:05	63	1,287.771	124.465	0	0	1	0	0	0	0	1	0	0	1	6
2013/09/02-23:23:02	63	1,287.771	124.465	18	0	1	1	0	0	0	1	0	0	1	53
2013/09/02-23:36:30	63	1,287.771	124.465	0	0	1	0	0	0	0	1	0	0	1	3
2013/09/02-23:36:57	63	1,287.771	124.465	3	0	0	0	0	0	1	1	0	0	1	8
2013/09/02-23:37:35	63	1,287.771	124.465	0	0	1	0	0	0	0	1	0	0	1	6
2013/09/02-23:38:54	63	1,287.771	124.465	0	0	1	0	0	0	0	1	0	0	1	3
2013/09/02-23:39:25	63	1,287.771	124.465	0	0	1	0	0	0	0	1	0	0	1	6
2013/09/03-00:15:11	67	1,182.487	103.484	0	0	0	0	0	0	0	1	1	0	0	6
2013/09/03-00:15:36	67	1,182.487	103.484	0	0	0	0	0	0	0	1	1	0	0	6
2013/09/03-00:16:01	67	1,182.487	103.484	1	0	0	0	1	0	1	1	0	0	1	5
2013/09/03-00:16:26	67	1,182.487	103.484	0	0	0	0	0	0	0	1	1	0	0	6
2013/09/03-00:16:51	67	1,182.487	103.484	2	0	0	0	0	0	0	1	1	0	0	10
2013/09/03-00:24:03	65	1,188.154	96.314	2	0	0	0	0	0	0	1	1	0	0	7
2013/09/03-00:24:29	65	1,188.154	96.314	1	0	0	0	0	0	1	1	0	0	1	3
2013/09/03-00:24:54	65	1,188.154	96.314	0	0	1	0	0	0	0	1	0	0	1	6
2013/09/03-00:25:24	65	1,188.154	96.314	0	0	1	0	0	0	0	1	0	0	1	3
2013/09/03-00:25:48	65	1,188.154	96.314	0	0	1	0	0	0	0	1	0	0	1	3
2013/09/03-00:35:14	65	1,188.154	96.314	1	0	0	0	0	0	1	1	0	0	1	3
2013/09/03-00:35:39	65	1,188.154	96.314	0	0	1	0	0	0	0	1	0	0	1	6
2013/09/03-00:36:04	65	1,188.154	96.314	0	0	1	0	0	0	0	1	0	0	1	6
2013/09/03-00:36:33	65	1,188.154	96.314	1	0	0	0	1	0	1	1	0	0	1	4
2013/09/03-00:36:58	65	1,188.154	96.314	0	0	1	0	0	0	0	1	0	0	1	6
2013/09/03-15:57:08	74	1,028.73	88.735	1	0	0	0	0	0	1	1	0	0	1	4
2013/09/03-15:57:33	74	1,028.73	88.735	0	0	1	0	0	0	0	1	0	0	1	6
2013/09/03-15:57:58	74	1,028.73	88.735	0	0	1	0	0	0	0	1	0	0	1	6
2013/09/03-15:58:23	74	1,028.73	88.735	0	0	1	0	0	0	0	1	0	0	1	6
2013/09/03-15:58:52	74	1,028.73	88.735	2	0	0	1	0	0	0	1	1	0	0	6
2013/09/03-16:06:06	74	1,028.73	88.735	1	0	0	0	0	0	1	1	0	0	1	3
2013/09/03-16:06:31	74	1,028.73	88.735	0	0	0	0	0	0	0	1	1	0	0	6
2013/09/03-16:06:56	74	1,028.73	88.735	0	0	1	0	0	0	0	1	0	0	1	6
2013/09/03-16:07:21	74	1,028.73	88.735	0	0	0	0	0	0	0	1	1	0	0	6
2013/09/03-16:07:46	74	1,028.73	88.735	2	0	0	0	0	0	0	1	1	0	0	6
2013/09/03-16:15:52	73	1,048.4	77.947	0	0	1	0	0	0	0	1	0	0	1	3
2013/09/03-16:16:17	73	1,048.4	77.947	2	0	0	0	1	0	0	1	1	0	0	6
2013/09/03-16:16:42	73	1,048.4	77.947	0	0	1	0	0	0	0	1	0	0	1	6
2013/09/03-16:17:07	73	1,048.4	77.947	1	0	0	0	0	0	1	1	0	0	1	6
2013/09/03-16:17:32	73	1,048.4	77.947	1	0	0	0	1	0	1	1	0	0	1	3
2013/09/03-20:46:15	74	1,029.187	77.501	3	0	0	1	0	0	1	1	0	0	1	11
2013/09/03-20:46:48	74	1,029.187	77.501	0	0	1	0	0	0	0	1	0	0	1	6
2013/09/03-20:47:13	74	1,029.187	77.501	0	0	1	0	0	0	0	1	0	0	1	6
2013/09/03-20:47:38	74	1,029.187	77.501	0	0	1	0	0	0	0	1	1	0	0	6
2013/09/03-20:48:02	74	1,029.187	77.501	2	0	0	0	0	0	1	1	0	0	1	5
2013/09/03-20:53:28	75	1,018.646	72.063	4	0	0	0	0	0	0	1	1	0	0	17
2013/09/03-20:54:05	75	1,018.646	72.063	0	0	0	0	0	0	0	1	1	0	0	6
2013/09/03-20:54:29	75	1,018.646	72.063	0	0	1	0	0	0	0	1	0	0	1	6
2013/09/03-20:54:54	75	1,018.646	72.063	1	0	0	0	0	0	1	1	0	0	1	3
2013/09/03-20:55:19	75	1,018.646	72.063	1	0	0	0	1	0	1	1	0	0	1	3
2013/09/03-21:06:40	75	1,018.646	72.063	0	0	1	0	0	0	0	1	0	0	1	6
2013/09/03-21:07:05	75	1,018.646	72.063	0	0	1	0	0	0	0	1	0	0	1	3
2013/09/03-21:07:30	75	1,018.646	72.063	0	0	1	0	0	0	0	1	0	0	1	3
2013/09/03-21:07:54	76	994.991	65.417	3	0	0	0	0	0	0	1	1	0	0	10
2013/09/03-21:08:23	76	994.991	65.417	1	0	0	0	0	0	1	1	0	0	1	3
2013/09/03-21:20:29	76	994.991	65.417	0	0	1	0	0	0	0	1	0	0	1	6
2013/09/03-21:20:53	76	994.991	65.417	0	0	1	0	0	0	0	1	0	0	1	6
2013/09/03-21:21:18	76	994.991	65.417	0	0	1	0	0	0	0	1	0	0	1	6
2013/09/03-21:21:43	76	994.991	65.417	0	0	1	0	0	0	0	1	0	0	1	6
2013/09/03-21:22:07	76	994.991	65.417	1	0	0	0	1	0	1	1	0	0	1	4
2013/09/03-21:24:46	76	994.991	65.417	0	0	0	0	0	0	0	1	1	0	0	4
2013/09/03-21:25:09	76	994.991	65.417	2	0	0	0	0	0	0	1	1	0	0	6
2013/09/03-21:25:33	76	994.991	65.417	2	0	0	0	0	0	1	1	0	0	1	4
2013/09/03-21:25:58	76	994.991	65.417	1	0	0	0	0	0	0	1	1	0	0	3
2013/09/03-21:26:20	76	994.991	65.417	0	0	0	0	0	0	0	1	1	0	0	3
2013/09/03-21:33:28	77	963.458	59.265	0	0	0	0	0	0	0	1	1	0	0	6
2013/09/03-21:33:53	77	963.458	59.265	3	0	0	0	0	0	0	1	1	0	0	7
2013/09/03-21:34:19	77	963.458	59.265	1	0	0	0	0	0	1	1	0	0	1	3
2013/09/03-21:34:44	77	963.458	59.265	0	0	1	0	0	0	0	1	0	0	1	6
2013/09/03-21:35:09	77	963.458	59.265	1	0	0	0	1	0	1	1	0	0	1	3
2013/09/04-16:15:07	77	956.951	62.237	0	0	0	0	0	0	0	1	1	0	0	6
2013/09/04-16:15:32	77	956.951	62.237	0	0	1	0	0	0	0	1	0	0	1	6
2013/09/04-16:15:57	77	956.951	62.237	1	0	0	0	1	0	1	1	0	0	1	11
2013/09/04-16:16:27	77	956.951	62.237	0	0	1	0	0	0	0	1	0	0	1	6
2013/09/04-16:16:52	77	956.951	62.237	15	0	1	4	1	0	0	1	0	0	1	43
2013/09/04-16:26:44	77	977.173	59.27	0	0	1	0	0	0	0	1	0	0	1	6
2013/09/04-16:27:09	77	977.173	59.27	0	0	1	0	0	0	0	1	0	0	1	6
2013/09/04-16:27:34	77	977.173	59.27	0	0	1	0	0	0	0	1	0	0	1	6
2013/09/04-16:27:58	77	977.173	59.27	1	0	0	0	0	0	1	1	0	0	1	3
2013/09/04-16:28:42	77	977.173	59.27	22	0	0	3	0	0	0	1	1	0	0	60
2013/09/04-16:40:03	77	977.173	59.27	18	0	0	0	0	0	0	1	1	0	0	60
2013/09/04-16:41:22	77	977.173	59.27	0	0	1	0	0	0	0	1	0	0	1	3
2013/09/04-16:41:46	77	977.173	59.27	0	0	1	0	0	0	0	1	0	0	1	6
2013/09/04-16:42:18	77	977.173	59.27	0	0	1	0	0	0	0	1	0	0	1	6
2013/09/04-16:42:43	77	977.173	59.27	0	0	0	0	0	0	0	1	1	0	0	6
2013/09/04-22:55:07	72	1,003.023	62.444	11	0	0	2	0	0	1	1	0	0	1	36
2013/09/04-22:56:02	72	1,003.023	62.444	1	0	0	0	0	0	1	1	0	0	1	3
2013/09/04-22:56:27	72	1,003.023	62.444	0	0	0	0	0	0	0	1	1	0	0	6
2013/09/04-22:56:52	72	1,003.023	62.444	0	0	0	0	0	0	0	1	1	0	0	6
2013/09/04-22:57:17	72	1,003.023	62.444	0	0	1	0	0	0	0	1	1	0	0	6
2013/09/04-23:05:39	72	1,003.023	62.444	0	0	1	0	0	0	0	1	0	0	1	6
2013/09/04-23:06:04	72	1,003.023	62.444	0	0	0	0	0	0	0	1	1	0	0	6
2013/09/04-23:06:29	72	1,003.023	62.444	1	0	0	0	0	0	1	1	0	0	1	3
2013/09/04-23:06:57	72	1,003.023	62.444	6	0	0	0	2	0	0	1	1	0	0	19
2013/09/04-23:07:35	72	1,003.023	62.444	0	0	1	0	0	0	0	1	0	0	1	6
2013/09/04-23:19:14	70	1,044.131	57.174	0	0	1	0	0	0	0	1	0	0	1	3
2013/09/04-23:19:36	70	1,044.131	57.174	36	0	0	0	0	0	0	1	1	0	0	60
2013/09/04-23:20:55	70	1,044.131	57.174	0	0	1	0	0	0	0	1	0	0	1	6
2013/09/04-23:21:19	70	1,044.131	57.174	11	0	1	0	1	0	0	1	0	0	1	36
2013/09/04-23:22:14	70	1,044.131	57.174	0	0	1	0	0	0	0	1	0	0	1	6
2013/09/05-03:34:34	69	1,057.589	61.688	0	0	1	0	0	0	0	1	0	0	1	6
2013/09/05-03:34:59	69	1,057.589	61.688	1	0	0	0	1	0	1	1	0	0	1	4
2013/09/05-03:35:23	69	1,057.589	61.688	0	0	0	0	0	0	0	1	1	0	0	6
2013/09/05-03:35:48	69	1,057.589	61.688	1	0	0	0	0	0	1	1	0	0	1	3
2013/09/05-03:36:13	69	1,057.589	61.688	0	0	1	0	0	0	0	1	0	0	1	3
2013/09/05-03:42:26	70	1,040.503	58.551	1	0	0	0	1	0	1	1	0	0	1	4
2013/09/05-03:42:51	70	1,040.503	58.551	1	0	0	0	0	0	1	1	0	0	1	3
2013/09/05-03:43:16	70	1,040.503	58.551	14	0	0	2	0	0	0	1	1	0	0	43
2013/09/05-03:44:18	70	1,040.503	58.551	0	0	1	0	0	0	0	1	0	0	1	6
2013/09/05-03:44:42	70	1,040.503	58.551	0	0	1	0	0	0	0	1	0	0	1	6
2013/09/05-03:52:25	70	1,040.503	58.551	1	0	0	0	0	0	1	1	0	0	1	3
2013/09/05-03:52:50	70	1,040.503	58.551	1	0	0	0	1	0	1	1	0	0	1	4
2013/09/05-03:53:15	70	1,040.503	58.551	0	0	0	0	0	0	0	1	1	0	0	6
2013/09/05-03:53:40	70	1,040.503	58.551	0	0	1	0	0	0	0	1	0	0	1	6
2013/09/05-03:54:05	70	1,040.503	58.551	2	0	0	0	0	0	0	1	1	0	0	8
2013/09/06-01:15:04	72	1,011.778	60.757	1	0	0	0	0	0	1	1	0	0	1	3
2013/09/06-01:15:29	72	1,011.778	60.757	1	0	0	0	0	0	1	1	0	0	1	3
2013/09/06-01:15:53	72	1,011.778	60.757	1	0	0	0	0	0	1	1	0	0	1	3
2013/09/06-01:16:18	72	1,011.778	60.757	1	0	0	0	0	0	1	1	0	0	1	3
2013/09/06-01:16:43	72	1,011.778	60.757	1	0	0	0	0	0	1	1	0	0	1	3
2013/09/06-01:21:44	78	968.417	57.745	1	0	0	0	0	0	1	1	0	0	1	4
2013/09/06-01:22:09	78	968.417	57.745	1	0	0	0	0	0	1	1	0	0	1	3
2013/09/06-01:22:34	78	968.417	57.745	1	0	0	0	0	0	1	1	0	0	1	3
2013/09/06-01:22:59	78	968.417	57.745	1	0	0	0	0	0	1	1	0	0	1	3
2013/09/06-01:23:23	78	968.417	57.745	1	0	0	0	0	0	1	1	0	0	1	3
2013/09/06-01:30:08	78	968.417	57.745	1	0	0	0	0	0	1	1	0	0	1	3
2013/09/06-01:30:33	78	968.417	57.745	1	0	0	0	0	0	1	1	0	0	1	3
2013/09/06-01:30:58	78	968.417	57.745	1	0	0	0	0	0	1	1	0	0	1	3
2013/09/06-01:31:22	78	968.417	57.745	1	0	0	0	0	0	1	1	0	0	1	3
2013/09/06-01:31:47	78	968.417	57.745	1	0	0	0	0	0	1	1	0	0	1	6
2013/09/06-01:52:17	84	893.346	53.016	2	0	0	0	0	0	1	1	0	0	1	4
2013/09/06-01:52:43	84	893.346	53.016	3	0	0	1	1	0	1	1	0	0	1	6
2013/09/06-01:53:08	84	893.346	53.016	35	0	0	2	0	0	0	1	1	0	0	52
2013/09/06-01:54:18	84	893.346	53.016	2	0	0	0	0	0	1	1	0	0	1	9
2013/09/06-01:54:46	84	893.346	53.016	4	0	0	0	0	0	1	1	0	0	1	9
2013/09/06-02:00:14	84	893.346	53.016	5	0	0	0	0	0	1	1	0	0	1	10
2013/09/06-02:01:33	84	893.346	53.016	5	0	0	0	0	0	1	1	0	0	1	10
2013/09/06-02:02:44	84	893.346	53.016	7	0	0	1	0	0	1	1	0	0	1	14
2013/09/06-02:04:03	84	893.346	53.016	40	0	0	1	0	0	0	1	0	0	1	60
2013/09/08-14:45:27	82	935.478	65.25	1	0	0	0	0	0	1	1	0	0	1	4
2013/09/08-15:00:07	82	935.478	65.25	1	0	0	0	0	0	1	1	0	0	1	3
2013/09/08-15:00:33	82	935.478	65.25	1	0	0	0	0	0	1	1	0	0	1	3
2013/09/08-15:21:22	82	935.478	65.25	1	0	0	0	0	0	1	1	0	0	1	3
2013/09/08-15:21:42	82	935.478	65.25	1	0	0	0	0	0	1	1	0	0	1	3
2013/09/08-15:25:01	82	935.478	65.25	1	0	0	0	0	0	1	1	0	0	1	3
2013/09/08-15:25:26	82	935.478	65.25	1	0	1	0	0	0	0	1	0	0	1	8
2013/09/08-15:25:52	82	935.478	65.25	1	0	0	0	0	0	1	1	0	0	1	3
2013/09/08-15:26:17	82	935.478	65.25	1	0	0	0	0	0	1	1	0	0	1	3
2013/09/08-15:26:43	82	935.478	65.25	1	0	0	0	0	0	1	1	0	0	1	4
2013/09/08-17:15:54	82	935.478	65.25	1	0	0	0	0	0	0	1	1	0	0	6
2013/09/08-17:16:16	82	935.478	65.25	2	0	0	0	0	0	0	1	1	0	0	3
2013/09/08-17:16:38	82	935.478	65.25	2	0	0	0	0	0	1	1	0	0	1	5
2013/09/08-17:17:01	82	935.478	65.25	1	0	0	0	0	0	0	1	1	0	0	6
2013/09/08-17:17:26	82	935.478	65.25	2	0	0	0	0	0	1	1	0	0	1	5
2013/09/09-22:11:20	84	861.134	67.384	1	0	0	0	0	0	1	1	0	0	1	3
2013/09/09-22:11:46	84	861.134	67.384	1	0	0	0	0	0	1	1	0	0	1	4
2013/09/09-22:12:23	84	861.134	67.384	3	0	0	0	0	0	1	1	0	0	1	6
2013/09/09-22:12:50	84	861.134	67.384	1	0	0	0	0	0	1	1	0	0	1	3
2013/09/09-22:13:19	84	861.134	67.384	1	0	1	0	0	0	0	1	0	0	1	9
2013/09/09-22:16:22	84	861.134	67.384	1	0	0	0	0	0	1	1	0	0	1	3
2013/09/09-22:16:46	84	861.134	67.384	1	0	0	0	0	0	1	1	0	0	1	3
2013/09/09-22:17:11	84	861.134	67.384	1	0	0	0	0	0	1	1	0	0	1	1
2013/09/09-22:17:36	84	861.134	67.384	1	0	0	0	0	0	1	1	0	0	1	3
2013/09/09-22:18:01	84	861.134	67.384	1	0	0	0	0	0	1	1	0	0	1	5
2013/09/09-22:28:41	85	806.804	61.678	1	0	0	0	0	0	1	1	0	0	1	4
2013/09/09-22:29:03	85	806.804	61.678	1	0	0	0	0	0	1	1	0	0	1	3
2013/09/09-22:29:25	85	806.804	61.678	1	0	0	0	0	0	1	1	0	0	1	4
2013/09/09-22:29:48	85	806.804	61.678	1	0	0	0	0	0	1	1	0	0	1	3
2013/09/09-22:30:10	85	806.804	61.678	1	0	0	0	0	0	1	1	0	0	1	4
2013/09/11-00:08:10	85	759.494	68.184	1	0	1	0	0	0	0	1	0	0	1	8
2013/09/11-00:08:38	85	759.494	68.184	1	0	1	0	0	0	0	1	0	0	1	7
2013/09/11-00:09:25	85	759.494	68.184	3	0	0	0	0	0	1	1	0	0	1	15
2013/09/11-00:10:22	85	759.494	68.184	1	0	0	0	0	0	1	1	0	0	1	3
2013/09/11-00:10:45	85	759.494	68.184	1	0	1	0	0	0	0	1	0	0	1	9
2013/09/11-00:21:47	85	759.494	68.184	1	0	0	0	0	0	1	1	0	0	1	3
2013/09/11-00:22:09	85	759.494	68.184	2	0	0	0	0	0	1	1	0	0	1	4
2013/09/11-00:22:31	85	759.494	68.184	2	0	0	0	0	0	1	1	0	0	1	4
2013/09/11-00:22:54	85	759.494	68.184	1	0	0	0	0	0	0	1	1	0	0	6
2013/09/11-00:23:18	85	759.494	68.184	1	0	0	0	0	0	1	1	0	0	1	3
2013/09/11-00:34:59	85	759.494	68.184	1	0	0	0	0	0	0	1	1	0	0	6
2013/09/11-00:35:24	85	759.494	68.184	1	0	0	0	0	0	1	1	0	0	1	5
2013/09/11-00:35:49	85	759.494	68.184	1	0	0	0	0	0	1	1	0	0	1	4
2013/09/11-00:36:14	85	759.494	68.184	1	0	0	0	0	0	1	1	0	0	1	3
2013/09/11-00:36:39	85	759.494	68.184	1	0	0	0	0	0	0	1	1	0	0	6
2013/09/11-16:20:22	85	804.313	70.348	1	0	0	0	0	0	1	1	0	0	1	3
2013/09/11-16:20:47	85	804.313	70.348	1	0	0	0	0	0	1	1	0	0	1	4
2013/09/11-16:22:06	85	804.313	70.348	1	0	0	0	0	0	1	1	0	0	1	4
2013/09/11-16:24:02	85	804.313	70.348	1	0	0	0	0	0	1	1	0	0	1	5
2013/09/11-16:25:21	85	804.313	70.348	1	0	0	0	0	0	1	1	0	0	1	4
2013/09/11-16:31:35	85	796.321	68.63	1	0	0	0	0	0	0	1	1	0	0	6
2013/09/11-16:32:00	85	796.321	68.63	1	0	0	0	0	0	0	1	1	0	0	6
2013/09/11-16:32:25	85	796.321	68.63	2	0	0	0	0	0	1	1	0	0	1	4
2013/09/11-16:33:01	85	796.321	68.63	2	0	0	0	0	0	1	1	0	0	1	4
2013/09/11-16:33:24	85	796.321	68.63	2	0	0	0	0	0	1	1	0	0	1	5
2013/09/11-16:48:24	85	796.321	68.63	1	0	0	0	0	0	1	1	0	0	1	4
2013/09/11-16:48:49	85	796.321	68.63	1	0	0	0	0	0	1	1	0	0	1	3
2013/09/11-16:49:14	85	796.321	68.63	1	0	0	0	0	0	1	1	0	0	1	3
2013/09/11-16:49:39	85	796.321	68.63	1	0	0	0	0	0	1	1	0	0	1	4
2013/09/11-16:50:04	85	796.321	68.63	1	0	0	0	0	0	1	1	0	0	1	3
2013/09/12-09:11:37	85	765.896	70.952	2	0	0	0	0	0	1	1	0	0	1	4
2013/09/12-09:12:00	85	765.896	70.952	2	0	1	1	0	0	0	1	0	0	1	12
2013/09/12-09:12:42	85	765.896	70.952	3	0	1	0	0	0	0	1	0	0	1	15
2013/09/12-09:13:20	85	765.896	70.952	1	0	0	0	0	0	1	1	0	0	1	3
2013/09/12-09:13:48	85	765.896	70.952	2	0	1	0	0	0	0	1	0	0	1	9
2013/09/12-09:18:55	85	765.896	70.952	2	0	0	0	0	0	1	1	0	0	1	4
2013/09/12-09:19:18	85	765.896	70.952	1	0	1	0	0	0	0	1	0	0	1	9
2013/09/12-09:19:45	85	765.896	70.952	1	0	0	0	0	0	1	1	0	0	1	3
2013/09/12-10:44:11	85	765.896	70.952	1	0	0	0	0	0	1	1	0	0	1	4
2013/09/12-10:44:36	85	765.896	70.952	1	0	0	0	0	0	1	1	0	0	1	3
2013/09/12-10:59:42	85	792.756	65.876	1	0	0	0	0	0	0	1	1	0	0	6
2013/09/12-11:00:07	85	792.756	65.876	1	0	0	0	0	0	1	1	0	0	1	3
2013/09/12-11:00:31	85	792.756	65.876	1	0	1	0	0	0	0	1	0	0	1	11
2013/09/12-11:01:01	85	792.756	65.876	1	0	0	0	0	0	0	1	1	0	0	8
2013/09/12-11:01:28	85	792.756	65.876	1	0	0	0	0	0	0	1	1	0	0	6
2013/09/14-11:18:25	84	843.796	97.56	1	0	1	0	0	0	0	1	0	0	1	12
2013/09/14-11:19:44	84	843.796	97.56	1	0	0	0	0	0	1	1	0	0	1	3
2013/09/14-11:20:32	84	843.796	97.56	1	0	0	0	0	0	1	1	0	0	1	3
2013/09/14-11:21:12	84	843.796	97.56	1	0	0	0	0	0	1	1	0	0	1	3
2013/09/14-11:22:31	84	843.796	97.56	1	0	1	0	0	0	0	1	0	0	1	8
2013/09/14-11:39:44	84	838.39	96.443	1	0	0	0	0	0	1	1	0	0	1	10
2013/09/14-11:40:12	84	838.39	96.443	1	0	1	0	0	0	0	1	0	0	1	9
2013/09/14-11:40:40	84	838.39	96.443	2	0	0	0	0	0	1	1	0	0	1	4
2013/09/14-11:41:05	84	838.39	96.443	1	0	0	0	0	0	1	1	0	0	1	3
2013/09/14-11:41:30	84	838.39	96.443	1	0	0	0	0	0	1	1	0	0	1	3
2013/09/14-12:05:38	84	838.39	96.443	0	0	0	0	0	0	0	1	1	0	0	6
2013/09/14-12:06:03	84	838.39	96.443	1	0	0	0	0	0	1	1	0	0	1	6
2013/09/14-12:06:28	84	838.39	96.443	1	0	0	0	0	0	0	1	1	0	0	6
2013/09/14-12:06:53	84	838.39	96.443	2	0	0	0	0	0	0	1	1	0	0	6
2013/09/14-12:07:17	83	882.492	84.335	1	0	0	0	0	0	0	1	1	0	0	6
2013/09/14-15:27:01	82	897.589	86.508	1	0	0	0	0	0	1	1	0	0	1	4
2013/09/14-15:28:20	82	897.589	86.508	1	0	0	0	0	0	1	1	0	0	1	4
2013/09/14-15:29:39	82	897.589	86.508	1	0	0	0	0	0	1	1	0	0	1	7
2013/09/14-15:30:58	82	897.589	86.508	1	0	1	0	0	0	0	1	0	0	1	4
2013/09/14-15:32:16	82	897.589	86.508	1	0	0	0	0	0	1	1	0	0	1	3
2013/09/14-15:51:47	82	892.654	85.688	1	0	0	0	0	0	1	1	0	0	1	4
2013/09/14-15:52:21	82	892.654	85.688	1	0	0	0	0	0	1	1	0	0	1	4
2013/09/14-15:52:55	82	892.654	85.688	1	0	0	0	0	0	1	1	0	0	1	3
2013/09/14-15:53:30	82	892.654	85.688	1	0	0	0	0	0	1	1	0	0	1	5
2013/09/14-15:53:59	82	892.654	85.688	1	0	0	0	0	0	1	1	0	0	1	6
2013/09/14-16:06:50	82	892.654	85.688	1	0	0	0	0	0	1	1	0	0	1	3
2013/09/14-16:07:15	82	892.654	85.688	1	0	0	0	0	0	1	1	0	0	1	3
2013/09/14-16:07:40	82	892.654	85.688	0	0	0	0	0	0	0	1	1	0	0	6
2013/09/14-16:08:05	82	892.654	85.688	1	0	0	0	0	0	1	1	0	0	1	4
2013/09/14-16:08:30	82	892.654	85.688	1	0	0	0	0	0	1	1	0	0	1	3
2013/09/14-20:41:01	84	808.895	83.305	1	0	0	0	0	0	1	1	0	0	1	3
2013/09/14-20:41:39	84	808.895	83.305	1	0	1	0	0	0	0	1	0	0	1	9
2013/09/14-20:42:58	84	808.895	83.305	2	0	0	0	0	0	1	1	0	0	1	3
2013/09/14-20:44:13	84	808.895	83.305	1	0	0	0	0	0	1	1	0	0	1	3
2013/09/14-20:45:31	84	808.895	83.305	2	0	1	0	0	0	0	1	0	0	1	9
2013/09/14-20:46:57	84	808.895	83.305	1	0	0	0	0	0	1	1	0	0	1	3
2013/09/14-20:47:41	84	808.895	83.305	1	0	0	0	0	0	1	1	0	0	1	3
2013/09/14-20:48:19	84	808.895	83.305	1	0	1	0	0	0	0	1	0	0	1	9
2013/09/14-20:49:06	84	808.895	83.305	1	0	1	0	0	0	0	1	0	0	1	8
2013/09/14-20:49:56	84	808.895	83.305	1	0	0	0	0	0	1	1	0	0	1	3
2013/09/14-21:06:29	84	808.895	83.305	2	0	0	0	0	0	0	1	1	0	0	6
2013/09/14-21:06:54	84	808.895	83.305	1	0	0	0	0	0	1	1	0	0	1	6
2013/09/14-21:07:18	84	808.895	83.305	1	0	0	0	0	0	0	1	1	0	0	6
2013/09/14-21:07:43	84	808.895	83.305	2	0	0	0	0	0	1	1	0	0	1	5
2013/09/14-21:08:08	84	851.287	74.891	2	0	0	0	0	0	1	1	0	0	1	5
2013/09/15-00:33:43	84	835.738	78.243	1	0	0	0	0	0	1	1	0	0	1	7
2013/09/15-00:35:02	84	835.738	78.243	1	0	0	0	0	0	1	1	0	0	1	5
2013/09/15-00:36:21	84	835.738	78.243	1	0	0	0	0	0	1	1	0	0	1	4
2013/09/15-00:37:40	84	835.738	78.243	1	0	0	0	0	0	1	1	0	0	1	3
2013/09/15-00:38:59	84	835.738	78.243	0	0	0	0	0	0	0	1	1	0	0	60
2013/09/15-00:42:38	84	852.171	75.581	1	0	0	0	0	0	1	1	0	0	1	3
2013/09/15-00:43:03	84	852.171	75.581	1	0	0	0	0	0	1	1	0	0	1	5
2013/09/15-00:43:28	84	852.171	75.581	1	0	0	0	0	0	1	1	0	0	1	3
2013/09/15-00:43:53	84	852.171	75.581	1	0	0	0	0	0	1	1	0	0	1	5
2013/09/15-00:44:18	84	852.171	75.581	1	0	0	0	0	0	0	1	1	0	0	6
2013/09/15-08:54:37	84	852.171	75.581	1	0	0	0	0	0	0	1	1	0	0	7
2013/09/15-08:55:03	84	852.171	75.581	1	0	0	0	0	0	1	1	0	0	1	3
2013/09/15-08:55:28	84	852.171	75.581	1	0	0	0	0	0	1	1	0	0	1	5
2013/09/15-08:55:53	84	852.171	75.581	1	0	0	0	0	0	1	1	0	0	1	4
2013/09/15-08:56:18	84	852.171	75.581	1	0	0	0	0	0	1	1	0	0	1	4
2013/09/15-15:54:17	84	836.025	76.869	1	0	0	0	0	0	1	1	0	0	1	3
2013/09/15-15:54:42	84	836.025	76.869	1	0	0	0	0	0	1	1	0	0	1	10
2013/09/15-15:55:11	84	836.025	76.869	1	0	0	0	0	0	1	1	0	0	1	3
2013/09/15-15:55:36	84	836.025	76.869	1	0	1	0	0	0	0	1	0	0	1	10
2013/09/15-15:56:05	84	836.025	76.869	1	0	0	0	0	0	1	1	0	0	1	5
2013/09/15-16:02:33	84	836.025	76.869	1	0	0	0	0	0	1	1	0	0	1	5
2013/09/15-16:02:58	84	836.025	76.869	1	0	0	0	0	0	1	1	0	0	1	3
2013/09/15-16:03:23	84	836.025	76.869	1	0	0	0	0	0	1	1	0	0	1	3
2013/09/15-16:03:48	84	804.822	69.855	1	0	0	0	0	0	1	1	0	0	1	5
2013/09/15-16:04:12	84	804.822	69.855	1	0	0	0	0	0	1	1	0	0	1	3
2013/09/15-16:09:33	84	804.822	69.855	1	0	0	0	0	0	1	1	0	0	1	3
2013/09/15-16:09:58	84	804.822	69.855	1	0	0	0	0	0	1	1	0	0	1	5
2013/09/15-16:10:23	84	804.822	69.855	1	0	0	0	0	0	1	1	0	0	1	4
2013/09/15-16:10:47	84	804.822	69.855	1	0	0	0	0	0	1	1	0	0	1	3
2013/09/15-16:11:29	84	804.822	69.855	1	0	0	0	0	0	0	1	1	0	0	6
2013/09/15-16:31:13	85	788.787	64.484	3	0	1	0	0	0	0	1	0	0	1	16
2013/09/15-16:31:48	85	788.787	64.484	2	0	0	0	0	0	1	1	0	0	1	5
2013/09/15-16:32:28	85	788.787	64.484	2	0	0	0	0	0	1	1	0	0	1	4
2013/09/15-16:33:18	85	788.787	64.484	1	0	0	0	0	0	1	1	0	0	1	3
2013/09/15-16:33:59	85	788.787	64.484	1	0	0	0	0	0	1	1	0	0	1	3
2013/09/15-16:37:24	85	788.787	64.484	2	0	0	0	0	0	0	1	1	0	0	6
2013/09/15-16:37:48	85	788.787	64.484	3	0	0	1	0	0	0	1	1	0	0	6
2013/09/15-16:38:13	85	788.787	64.484	1	0	0	0	0	0	1	1	0	0	1	3
2013/09/15-16:38:34	85	788.787	64.484	1	0	0	0	0	0	1	1	0	0	1	3
2013/09/15-16:38:57	85	788.787	64.484	3	0	1	0	0	0	0	1	0	0	1	12
2013/09/15-16:51:06	85	788.787	64.484	1	0	0	0	0	0	1	1	0	0	1	3
2013/09/15-16:51:34	85	788.787	64.484	3	0	1	0	0	0	0	1	0	0	1	7
2013/09/15-16:52:00	85	788.787	64.484	2	0	0	0	0	0	0	1	1	0	0	6
2013/09/15-16:52:24	85	788.787	64.484	2	0	1	0	0	0	0	1	0	0	1	9
2013/09/15-16:52:52	85	788.787	64.484	1	0	0	0	0	0	1	1	0	0	1	4
2013/09/15-22:03:25	84	833.467	69.079	1	0	0	0	0	0	1	1	0	0	1	4
2013/09/15-22:03:51	84	833.467	69.079	1	0	0	0	0	0	1	1	0	0	1	4
2013/09/15-22:04:16	84	833.467	69.079	1	0	0	0	0	0	1	1	0	0	1	6
2013/09/15-22:04:41	84	833.467	69.079	1	0	0	0	0	0	1	1	0	0	1	3
2013/09/15-22:05:06	84	833.467	69.079	1	0	0	0	0	0	1	1	0	0	1	4
2013/09/15-22:10:17	84	833.467	69.079	1	0	0	0	0	0	0	1	1	0	0	6
2013/09/15-22:10:41	84	833.467	69.079	1	0	0	0	0	0	1	1	0	0	1	4
2013/09/15-22:11:06	84	833.467	69.079	1	0	0	0	0	0	1	1	0	0	1	4
2013/09/15-22:11:31	84	833.467	69.079	0	0	0	0	0	0	0	1	1	0	0	6
2013/09/15-22:11:56	84	833.467	69.079	1	0	0	0	0	0	0	1	1	0	0	6
2013/09/15-22:19:39	84	829.576	62.691	1	0	0	0	0	0	1	1	0	0	1	4
2013/09/15-22:20:04	84	829.576	62.691	1	0	0	0	0	0	1	1	0	0	1	5
2013/09/15-22:20:29	84	829.576	62.691	1	0	0	0	0	0	1	1	0	0	1	5
2013/09/15-22:20:54	84	829.576	62.691	1	0	0	0	0	0	1	1	0	0	1	5
2013/09/15-22:21:19	84	829.576	62.691	1	0	0	0	0	0	1	1	0	0	1	6
2013/09/17-20:41:28	85	801.541	78.753	0	0	1	0	0	0	0	1	0	0	1	0
2013/09/17-20:43:38	85	806.982	79.026	0	0	1	0	0	0	0	1	0	0	1	6
2013/09/17-20:44:12	85	806.982	79.026	1	0	0	0	0	0	1	1	0	0	1	12
2013/09/17-20:44:47	85	806.982	79.026	0	0	1	0	0	0	0	1	0	0	1	3
2013/09/17-20:45:28	85	806.982	79.026	0	0	1	0	0	0	0	1	0	0	1	6
2013/09/17-20:54:17	85	806.982	79.026	8	0	0	0	0	0	1	1	0	0	1	26
2013/09/17-20:55:01	85	806.982	79.026	0	0	1	0	0	0	0	1	0	0	1	6
2013/09/17-20:55:27	85	806.982	79.026	3	0	0	0	0	0	1	1	0	0	1	7
2013/09/17-20:55:53	85	806.982	79.026	0	0	1	0	0	0	0	1	0	0	1	6
2013/09/17-20:56:23	85	806.982	79.026	0	0	1	0	0	0	0	1	0	0	1	3
2013/09/17-21:08:58	85	806.982	79.026	2	0	0	0	0	0	0	1	1	0	0	3
2013/09/17-21:09:20	85	806.982	79.026	1	0	0	0	0	0	0	1	1	0	0	3
2013/09/17-21:09:42	85	806.982	79.026	0	0	1	0	0	0	0	1	0	0	1	6
2013/09/17-21:10:07	85	806.982	79.026	0	0	1	0	0	0	0	1	0	1	0	3
2013/09/17-21:10:29	85	806.982	79.026	0	0	0	0	0	0	0	1	1	0	0	4
2013/09/18-11:28:09	85	852.803	82.24	13	0	0	1	0	0	1	1	0	0	1	44
2013/09/18-11:29:12	85	852.803	82.24	0	0	1	0	0	0	0	1	0	0	1	4
2013/09/18-11:29:55	85	852.803	82.24	0	0	1	0	0	0	0	1	0	0	1	6
2013/09/18-11:30:46	85	852.803	82.24	0	0	1	0	0	0	0	1	0	0	1	6
2013/09/18-11:31:31	85	852.803	82.24	1	0	0	0	0	0	1	1	0	0	1	3
2013/09/18-11:39:03	85	852.803	82.24	0	0	1	0	0	0	0	1	0	0	1	6
2013/09/18-11:39:39	85	852.803	82.24	7	0	0	1	0	0	1	1	0	0	1	23
2013/09/18-11:40:21	85	852.803	82.24	0	0	1	0	0	0	0	1	0	0	1	6
2013/09/18-11:40:48	85	852.803	82.24	2	0	1	0	0	0	0	1	0	0	1	9
2013/09/18-11:42:06	85	852.803	82.24	0	0	1	0	0	0	0	1	0	0	1	6
2013/09/18-11:53:10	83	890.232	81.061	1	0	0	0	0	0	1	1	0	0	1	3
2013/09/18-11:53:32	83	890.232	81.061	7	0	0	0	0	0	0	1	1	0	0	23
2013/09/18-11:54:15	83	890.232	81.061	0	0	1	0	0	0	0	1	0	0	1	6
2013/09/18-11:54:39	83	890.232	81.061	0	0	1	0	0	0	0	1	0	0	1	6
2013/09/18-11:55:04	83	890.232	81.061	0	0	0	0	0	0	0	1	1	0	0	3
2013/09/18-16:04:02	84	860.35	80.356	0	0	1	0	0	0	0	1	0	0	1	6
2013/09/18-16:04:28	84	860.35	80.356	2	0	0	0	0	0	0	1	1	0	0	6
2013/09/18-16:04:54	84	860.35	80.356	0	0	0	0	0	0	0	1	1	0	0	7
2013/09/18-16:05:20	84	860.35	80.356	0	0	0	0	0	0	0	1	1	0	0	6
2013/09/18-16:05:45	84	860.35	80.356	1	0	0	0	0	0	0	1	1	0	0	7
2013/09/18-16:12:49	83	945.39	75.018	0	0	1	0	0	0	0	1	0	0	1	8
2013/09/18-16:13:16	83	945.39	75.018	0	0	1	0	0	0	0	1	0	0	1	6
2013/09/18-16:13:41	83	945.39	75.018	1	0	0	0	0	0	1	1	0	0	1	3
2013/09/18-16:14:06	83	945.39	75.018	0	0	1	0	0	0	0	1	0	0	1	3
2013/09/18-16:14:31	83	945.39	75.018	0	0	1	0	0	0	0	1	0	0	1	6
2013/09/18-16:21:42	83	945.39	75.018	0	0	1	0	0	0	0	1	0	0	1	6
2013/09/18-16:22:14	83	945.39	75.018	1	0	0	0	0	0	1	1	0	0	1	3
2013/09/18-16:22:38	83	945.39	75.018	0	0	1	0	0	0	0	1	0	0	1	6
2013/09/18-16:23:03	83	945.39	75.018	0	0	1	0	0	0	0	1	0	0	1	3
2013/09/18-16:23:28	83	945.39	75.018	0	0	1	0	0	0	0	1	0	0	1	6
2013/09/19-00:14:48	84	902.148	76.683	0	0	1	0	0	0	0	1	0	0	1	6
2013/09/19-00:15:27	84	902.148	76.683	0	0	1	0	0	0	0	1	0	0	1	6
2013/09/19-00:15:52	84	902.148	76.683	3	0	1	0	0	0	0	1	0	0	1	23
2013/09/19-00:17:11	84	902.148	76.683	2	0	0	0	0	0	1	1	0	0	1	11
2013/09/19-00:17:41	84	902.148	76.683	0	0	1	0	0	0	0	1	0	0	1	6
2013/09/19-00:26:39	84	902.148	76.683	18	0	1	1	0	0	0	1	0	0	1	60
2013/09/19-00:27:58	84	902.148	76.683	1	0	0	0	0	0	1	1	0	0	1	4
2013/09/19-00:28:22	84	902.148	76.683	0	0	1	0	0	0	0	1	0	0	1	6
2013/09/19-00:28:50	84	902.148	76.683	0	0	1	0	0	0	0	1	0	0	1	6
2013/09/19-00:29:19	84	902.148	76.683	0	0	1	0	0	0	0	1	0	0	1	6
2013/09/19-00:38:19	84	902.148	76.683	1	0	0	0	0	0	0	1	1	0	0	6
2013/09/19-00:38:44	84	902.148	76.683	0	0	1	0	0	0	0	1	0	0	1	6
2013/09/19-00:39:09	84	902.148	76.683	8	0	0	1	0	0	1	1	0	0	1	26
2013/09/19-07:17:36	84	902.148	76.683	1	0	0	0	0	0	1	1	0	0	1	3
2013/09/19-07:18:01	84	902.148	76.683	0	0	0	0	0	0	0	1	1	0	0	6
2013/09/19-09:15:21	83	954.421	73.784	0	0	1	0	0	0	0	1	0	0	1	4
2013/09/19-09:15:47	83	954.421	73.784	0	0	1	0	0	0	0	1	0	0	1	6
2013/09/19-09:16:21	83	954.421	73.784	1	0	0	0	1	0	1	1	0	0	1	4
2013/09/19-09:16:53	83	954.421	73.784	1	0	1	1	0	0	0	1	0	0	1	13
2013/09/19-09:17:48	83	954.421	73.784	0	0	1	0	0	0	0	1	0	0	1	6
2013/09/19-09:22:20	83	954.421	73.784	0	0	1	0	0	0	0	1	0	0	1	9
2013/09/19-09:22:47	83	954.421	73.784	1	0	1	0	0	0	0	1	0	0	1	9
2013/09/19-09:24:06	83	954.421	73.784	0	0	1	0	0	0	0	1	0	0	1	6
2013/09/19-09:24:33	83	954.421	73.784	0	0	1	0	0	0	0	1	0	0	1	6
2013/09/19-09:24:58	83	954.421	73.784	0	0	1	0	0	0	0	1	0	0	1	6
2013/09/19-09:39:31	83	954.421	73.784	0	0	1	0	0	0	0	1	0	0	1	6
2013/09/19-09:39:56	83	954.421	73.784	0	0	1	0	0	0	0	1	0	0	1	6
2013/09/19-09:40:21	83	954.421	73.784	2	0	0	0	0	0	0	1	1	0	0	6
2013/09/19-09:40:47	83	954.421	73.784	1	0	0	0	0	0	1	1	0	0	1	4
2013/09/19-09:41:12	83	954.421	73.784	0	0	1	0	0	0	0	1	0	0	1	6
2013/09/19-13:47:10	84	984.038	74.683	0	0	1	0	0	0	0	1	0	0	1	6
2013/09/19-13:47:47	84	984.038	74.683	1	0	1	0	0	0	0	1	0	0	1	7
2013/09/19-13:49:06	84	984.038	74.683	5	0	0	1	0	0	1	1	0	0	1	15
2013/09/19-13:50:25	84	984.038	74.683	0	0	1	0	0	0	0	1	0	0	1	6
2013/09/19-13:51:43	84	984.038	74.683	0	0	1	0	0	0	0	1	0	0	1	6
2013/09/19-13:59:51	84	979.576	74.203	1	0	0	0	0	0	1	1	0	0	1	4
2013/09/19-14:00:32	84	979.576	74.203	1	0	0	0	0	0	1	1	0	0	1	6
2013/09/19-14:00:57	84	979.576	74.203	0	0	1	0	0	0	0	1	0	0	1	9
2013/09/19-14:01:33	84	979.576	74.203	0	0	1	0	0	0	0	1	0	0	1	3
2013/09/19-14:02:00	84	979.576	74.203	3	0	0	1	0	0	1	1	0	0	1	12
2013/09/19-14:12:33	84	979.576	74.203	0	0	1	0	0	0	0	1	0	0	1	6
2013/09/19-14:12:58	84	979.576	74.203	0	0	1	0	0	0	0	1	0	0	1	6
2013/09/19-14:13:23	84	979.576	74.203	0	0	1	0	0	0	0	1	0	0	1	5
2013/09/19-14:13:48	84	979.576	74.203	1	0	0	0	0	0	1	1	0	0	1	5
2013/09/19-14:14:13	84	979.576	74.203	2	0	0	0	0	0	1	1	0	0	1	7
2013/09/19-18:05:48	80	1,030.987	79.114	6	0	1	1	0	0	0	1	0	0	1	23
2013/09/19-18:06:58	80	1,030.987	79.114	0	0	1	0	0	0	0	1	0	0	1	5
2013/09/19-18:07:30	80	1,030.987	79.114	1	0	1	0	0	0	0	1	0	0	1	11
2013/09/19-18:08:18	80	1,030.987	79.114	0	0	1	0	0	0	0	1	0	0	1	3
2013/09/19-18:09:19	80	1,030.987	79.114	0	0	1	0	0	0	0	1	0	0	1	6
2013/09/19-18:09:54	80	1,030.987	79.114	0	0	1	0	0	0	0	1	0	0	1	6
2013/09/19-18:10:25	80	1,030.987	79.114	1	0	1	0	0	0	0	1	0	0	1	19
2013/09/19-18:11:44	80	1,030.987	79.114	17	0	0	0	1	0	1	1	0	0	1	54
2013/09/19-18:12:57	80	1,030.987	79.114	0	0	1	0	0	0	0	1	0	0	1	3
2013/09/19-18:14:16	80	1,030.987	79.114	0	0	1	0	0	0	0	1	0	0	1	3
2013/09/19-18:31:08	80	1,030.987	79.114	1	0	0	0	0	0	0	1	1	0	0	6
2013/09/19-18:31:33	80	1,030.987	79.114	1	0	0	0	0	0	1	1	0	0	1	3
2013/09/19-18:31:58	80	1,030.987	79.114	0	0	1	0	0	0	0	1	0	0	1	6
2013/09/19-18:32:23	80	1,030.987	79.114	1	0	0	0	0	0	0	1	1	0	0	8
2013/09/19-18:32:51	80	1,030.987	79.114	0	0	1	0	0	0	0	1	0	0	1	6
2013/09/19-23:45:27	76	1,091.346	81.939	0	0	1	0	0	0	0	1	0	0	1	4
2013/09/19-23:45:54	76	1,091.346	81.939	1	0	1	1	0	0	0	1	0	0	1	11
2013/09/19-23:46:58	76	1,091.346	81.939	0	0	1	0	0	0	0	1	0	0	1	8
2013/09/19-23:47:31	76	1,091.346	81.939	1	0	0	0	0	0	1	1	0	0	1	4
2013/09/19-23:48:50	76	1,091.346	81.939	0	0	1	0	0	0	0	1	0	0	1	3
2013/09/19-23:50:14	76	1,091.346	81.939	0	0	1	0	0	0	0	1	0	0	1	6
2013/09/19-23:51:33	76	1,091.346	81.939	0	0	1	0	0	0	0	1	0	0	1	5
2013/09/19-23:52:03	76	1,091.346	81.939	0	0	1	0	0	0	0	1	0	0	1	6
2013/09/19-23:52:37	76	1,091.346	81.939	2	0	0	0	0	0	0	1	1	0	0	7
2013/09/19-23:53:02	76	1,091.346	81.939	0	0	1	0	0	0	0	1	0	0	1	6
2013/09/20-00:07:12	74	1,165.752	78.105	0	0	1	0	0	0	0	1	0	0	1	6
2013/09/20-00:07:37	74	1,165.752	78.105	1	0	0	0	1	0	1	1	0	0	1	5
2013/09/20-00:08:02	74	1,165.752	78.105	0	0	1	0	0	0	0	1	0	0	1	6
2013/09/20-00:08:27	74	1,165.752	78.105	0	0	1	0	0	0	0	1	0	0	1	6
2013/09/20-00:08:52	74	1,165.752	78.105	2	0	1	1	0	0	0	1	0	0	1	12
2013/09/20-04:31:32	73	1,169.057	84.049	0	0	1	0	0	0	0	1	0	0	1	3
2013/09/20-04:32:51	73	1,169.057	84.049	2	0	0	0	0	0	1	1	0	0	1	4
2013/09/20-04:34:09	73	1,169.057	84.049	0	0	1	0	0	0	0	1	0	0	1	6
2013/09/20-04:35:28	73	1,169.057	84.049	0	0	1	0	0	0	0	1	0	0	1	6
2013/09/20-04:36:47	73	1,169.057	84.049	2	0	0	0	0	0	1	1	0	0	1	13
2013/09/20-04:37:25	73	1,169.057	84.049	0	0	1	0	0	0	0	1	0	0	1	6
2013/09/20-04:37:59	73	1,169.057	84.049	2	0	1	0	0	0	0	1	0	0	1	9
2013/09/20-04:39:18	73	1,169.057	84.049	0	0	1	0	0	0	0	1	0	0	1	4
2013/09/20-04:39:40	73	1,169.057	84.049	1	0	0	0	0	0	1	1	0	0	1	4
2013/09/20-04:40:18	73	1,169.057	84.049	1	0	0	0	0	0	1	1	0	0	1	8
2013/09/20-04:57:07	72	1,237.959	79.955	0	0	1	0	0	0	0	1	0	0	1	6
2013/09/20-04:57:35	72	1,237.959	79.955	2	0	0	0	0	0	0	1	1	0	0	9
2013/09/20-04:58:03	72	1,237.959	79.955	0	0	1	0	0	0	0	1	0	0	1	3
2013/09/20-04:58:35	72	1,237.959	79.955	0	0	1	0	0	0	0	1	0	0	1	6
2013/09/20-04:59:17	72	1,237.959	79.955	1	0	1	0	0	0	0	1	0	0	1	13
2013/09/20-08:40:36	71	1,256.925	84.517	3	0	1	0	0	0	0	1	0	0	1	13
2013/09/20-08:41:56	71	1,256.925	84.517	0	0	1	0	0	0	0	1	0	0	1	6
2013/09/20-08:42:42	71	1,256.925	84.517	0	0	1	0	0	0	0	1	0	0	1	6
2013/09/20-08:44:01	71	1,256.925	84.517	2	0	0	0	0	0	1	1	0	0	1	12
2013/09/20-08:45:20	71	1,256.925	84.517	0	0	1	0	0	0	0	1	0	0	1	6
2013/09/20-08:55:52	71	1,248.117	83.021	0	0	1	0	0	0	0	1	0	0	1	3
2013/09/20-08:56:35	71	1,248.117	83.021	0	0	1	0	0	0	0	1	0	0	1	6
2013/09/20-08:57:23	71	1,248.117	83.021	7	0	0	1	0	0	1	1	0	0	1	17
2013/09/20-08:58:33	71	1,248.117	83.021	0	0	1	0	0	0	0	1	0	0	1	6
2013/09/20-08:59:14	71	1,248.117	83.021	1	0	0	0	0	0	1	1	0	0	1	14
2013/09/20-09:10:02	71	1,248.117	83.021	0	0	1	0	0	0	0	1	0	0	1	3
2013/09/20-09:10:25	71	1,248.117	83.021	1	0	0	0	0	0	1	1	0	0	1	12
2013/09/20-09:10:56	71	1,248.117	83.021	0	0	1	0	0	0	0	1	0	0	1	3
2013/09/20-09:11:55	71	1,248.117	83.021	0	0	1	0	0	0	0	1	0	0	1	6
2013/09/20-09:12:59	71	1,248.117	83.021	2	0	1	0	0	0	0	1	0	0	1	9
2013/09/20-12:43:37	71	1,266.695	86.211	0	0	1	0	0	0	0	1	0	0	1	3
2013/09/20-12:44:06	71	1,266.695	86.211	1	0	0	0	0	0	0	1	1	0	0	5
2013/09/20-12:44:29	71	1,266.695	86.211	4	0	0	0	0	0	1	1	0	0	1	16
2013/09/20-12:45:40	71	1,266.695	86.211	0	0	1	0	0	0	0	1	0	0	1	6
2013/09/20-12:46:11	71	1,266.695	86.211	0	0	1	0	0	0	0	1	0	0	1	3
2013/09/20-14:59:17	69	1,310.963	84.569	1	0	0	0	0	0	1	1	0	0	1	3
2013/09/20-15:00:36	69	1,310.963	84.569	0	0	1	0	0	0	0	1	0	0	1	6
2013/09/20-15:01:30	69	1,310.963	84.569	0	0	1	0	0	0	0	1	0	0	1	6
2013/09/20-15:01:55	69	1,310.963	84.569	0	0	1	0	0	0	0	1	0	0	1	6
2013/09/20-15:02:32	69	1,310.963	84.569	2	0	1	0	0	0	0	1	0	0	1	13
2013/09/20-15:13:38	69	1,310.963	84.569	9	0	0	0	1	0	0	1	1	0	0	30
2013/09/20-15:14:27	69	1,310.963	84.569	0	0	1	0	0	0	0	1	0	0	1	6
2013/09/20-15:14:52	69	1,310.963	84.569	0	0	1	0	0	0	0	1	0	0	1	6
2013/09/20-15:15:17	69	1,310.963	84.569	1	0	0	0	1	0	1	1	1	0	0	7
2013/09/20-15:15:43	69	1,310.963	84.569	1	0	0	0	0	0	1	1	0	0	1	6
2013/09/20-18:43:00	71	1,270.624	85.337	0	0	1	0	0	0	0	1	0	0	1	6
2013/09/20-18:43:58	71	1,270.624	85.337	8	0	0	1	0	0	1	1	0	0	1	26
2013/09/20-18:44:43	71	1,270.624	85.337	0	0	1	0	0	0	0	1	0	0	1	14
2013/09/20-18:45:16	71	1,270.624	85.337	2	0	0	0	0	0	1	1	0	0	1	9
2013/09/20-18:46:02	71	1,270.624	85.337	0	0	1	0	0	0	0	1	0	0	1	6
2013/09/20-19:03:30	71	1,270.624	85.337	0	0	1	0	0	0	0	1	0	0	1	6
2013/09/20-19:04:04	71	1,270.624	85.337	0	0	1	0	0	0	0	1	0	0	1	6
2013/09/20-19:04:40	71	1,270.624	85.337	0	0	0	0	0	0	0	1	1	0	0	6
2013/09/20-19:05:05	71	1,270.624	85.337	2	0	0	0	1	0	0	1	1	0	0	8
2013/09/20-19:05:32	71	1,270.624	85.337	0	0	1	0	0	0	0	1	0	0	1	6
2013/09/20-19:22:35	68	1,317.491	76.661	0	0	1	0	0	0	0	1	0	0	1	3
2013/09/20-19:23:00	68	1,317.491	76.661	1	0	0	0	0	0	1	1	0	0	1	3
2013/09/20-19:23:58	68	1,317.491	76.661	0	0	1	0	0	0	0	1	0	0	1	6
2013/09/20-19:24:32	68	1,317.491	76.661	0	0	1	0	0	0	0	1	0	0	1	10
2013/09/20-19:25:01	68	1,317.491	76.661	0	0	1	0	0	0	0	1	0	0	1	6
2013/09/20-20:26:32	70	1,304.225	73.84	2	0	0	0	0	0	0	1	1	0	0	6
2013/09/20-20:26:57	70	1,304.225	73.84	0	0	0	0	0	0	0	1	1	0	0	7
2013/09/20-20:27:22	70	1,304.225	73.84	0	0	1	0	0	0	0	1	0	0	1	6
2013/09/20-20:27:52	70	1,304.225	73.84	0	0	1	0	0	0	0	1	0	0	1	5
2013/09/20-20:28:17	70	1,304.225	73.84	0	0	1	0	0	0	0	1	0	0	1	6
2013/09/20-20:40:32	70	1,270.588	69.476	0	0	1	0	0	0	0	1	0	0	1	6
2013/09/20-20:41:03	70	1,270.588	69.476	0	0	1	0	0	0	0	1	0	0	1	3
2013/09/20-20:41:25	70	1,270.588	69.476	1	0	0	0	0	0	1	1	0	0	1	7
2013/09/20-20:41:52	70	1,270.588	69.476	1	0	0	0	0	0	1	1	0	0	1	3
2013/09/20-20:42:17	70	1,270.588	69.476	0	0	1	0	0	0	0	1	0	0	1	6
2013/09/20-20:47:33	70	1,270.588	69.476	3	0	0	0	0	0	0	1	1	0	0	10
2013/09/20-20:48:02	70	1,270.588	69.476	0	0	1	0	0	0	0	1	0	0	1	6
2013/09/20-20:48:34	70	1,270.588	69.476	1	0	0	0	0	0	1	1	0	0	1	4
2013/09/20-20:48:59	70	1,270.588	69.476	0	0	1	0	0	0	0	1	0	0	1	6
2013/09/20-20:49:25	70	1,270.588	69.476	0	0	0	0	0	0	0	1	1	0	0	8
