2013/09/02-14:38:52	27	1,500	350.155	1	0	0	0	1	0	1	1	0	0	1	3
2013/09/02-14:39:33	27	1,500	350.155	6	0	0	0	0	0	1	1	0	0	1	27
2013/09/02-14:40:19	73	1,444.565	293.904	1	0	0	0	0	0	1	1	0	0	1	3
2013/09/02-14:40:44	73	1,444.565	293.904	1	0	0	0	0	0	1	1	0	0	1	3
2013/09/02-14:41:26	73	1,444.565	293.904	3	0	1	0	0	0	0	1	0	0	1	11
2013/09/02-14:49:52	73	1,444.565	293.904	1	0	1	0	1	0	0	1	0	0	1	3
2013/09/02-14:50:14	73	1,444.565	293.904	3	0	1	0	0	0	0	1	1	0	0	12
2013/09/02-14:50:44	73	1,444.565	293.904	2	0	0	0	0	0	1	1	0	0	1	9
2013/09/02-14:51:12	73	1,444.565	293.904	2	0	1	0	0	0	0	1	0	0	1	4
2013/09/02-14:51:35	73	1,444.565	293.904	1	0	1	0	0	0	0	1	0	0	1	3
2013/09/02-15:02:00	73	1,444.565	293.904	1	0	0	0	0	0	1	1	0	0	1	3
2013/09/02-15:02:22	73	1,444.565	293.904	3	0	0	0	0	0	0	1	1	0	0	7
2013/09/02-15:02:48	73	1,444.565	293.904	3	0	0	0	0	0	0	1	1	0	0	6
2013/09/02-15:03:13	73	1,444.565	293.904	1	0	0	0	1	0	0	1	1	0	0	3
2013/09/02-15:03:34	73	1,444.565	293.904	7	0	0	2	0	0	0	1	1	0	0	36
2013/09/02-17:46:16	77	919.556	227.592	2	0	1	0	1	0	0	1	1	0	0	5
2013/09/02-17:46:41	77	919.556	227.592	1	0	0	0	1	0	0	1	1	0	0	5
2013/09/02-17:47:05	77	919.556	227.592	3	0	0	0	0	0	0	1	1	0	0	6
2013/09/02-17:47:30	77	919.556	227.592	6	0	0	0	0	0	0	1	1	0	0	17
2013/09/02-17:48:05	77	919.556	227.592	1	0	0	0	0	0	0	1	1	0	0	6
2013/09/02-17:59:26	77	919.556	227.592	2	0	0	0	2	0	1	1	0	0	1	6
2013/09/02-17:59:49	77	919.556	227.592	27	0	0	1	1	0	0	1	1	0	0	60
2013/09/02-18:01:08	77	919.556	227.592	1	0	0	0	1	0	1	1	0	0	1	3
2013/09/02-18:01:33	77	919.556	227.592	1	0	1	0	1	0	0	1	0	0	1	4
2013/09/02-18:01:56	77	919.556	227.592	13	0	0	0	2	0	0	1	1	0	0	30
2013/09/02-18:09:59	9	1,983.528	182.954	2	0	1	0	0	0	0	1	0	0	1	6
2013/09/02-18:10:24	9	1,983.528	182.954	2	0	0	0	1	0	0	1	1	0	0	8
2013/09/02-18:10:51	9	1,983.528	182.954	13	0	1	3	1	0	0	1	0	0	1	40
2013/09/02-18:11:50	9	1,983.528	182.954	3	0	1	0	0	0	0	1	0	0	1	14
2013/09/02-18:12:23	9	1,983.528	182.954	4	0	0	0	0	0	1	1	0	0	1	10
2013/09/02-20:52:37	26	1,614.853	172.515	17	0	0	0	0	0	0	1	0	1	0	60
2013/09/02-20:53:56	26	1,614.853	172.515	1	0	0	0	0	0	1	1	0	0	1	3
2013/09/02-20:54:59	26	1,614.853	172.515	31	0	0	0	0	0	0	1	0	0	1	60
2013/09/02-20:56:17	26	1,614.853	172.515	23	0	0	3	2	0	0	1	1	0	0	53
2013/09/02-20:57:30	26	1,614.853	172.515	2	0	0	0	1	0	0	1	1	0	0	10
2013/09/02-21:18:52	21	1,709.65	146.095	6	0	0	0	0	0	1	1	0	0	1	15
2013/09/02-21:19:27	21	1,709.65	146.095	1	0	1	0	0	0	0	1	0	0	1	11
2013/09/02-21:20:45	21	1,709.65	146.095	1	0	0	0	0	0	1	1	0	0	1	3
2013/09/02-21:21:08	21	1,709.65	146.095	1	0	0	0	0	0	1	1	0	0	1	3
2013/09/02-21:22:08	21	1,709.65	146.095	3	0	1	0	0	0	0	1	0	0	1	18
2013/09/02-21:31:08	21	1,709.65	146.095	6	0	0	0	0	0	1	1	0	0	1	17
2013/09/02-21:31:57	21	1,709.65	146.095	1	0	1	0	0	0	0	1	0	0	1	3
2013/09/02-21:33:00	21	1,709.65	146.095	14	0	0	2	0	0	0	1	1	0	0	60
2013/09/02-21:34:19	21	1,709.65	146.095	2	0	1	0	0	0	0	1	0	0	1	10
2013/09/02-21:35:36	21	1,709.65	146.095	2	0	1	0	0	0	0	1	0	0	1	3
2013/09/03-10:42:18	42	1,519.927	123.069	11	0	0	2	0	0	1	1	0	0	1	29
2013/09/03-10:43:08	42	1,519.927	123.069	27	0	0	0	1	0	0	1	1	0	0	60
2013/09/03-10:44:27	42	1,519.927	123.069	1	0	0	0	0	0	0	1	1	0	0	6
2013/09/03-10:44:52	42	1,519.927	123.069	1	0	0	0	0	0	1	1	0	0	1	3
2013/09/03-10:45:19	42	1,519.927	123.069	5	0	0	0	1	0	0	1	1	0	0	15
2013/09/03-11:01:50	36	1,584.518	109.089	1	0	0	0	0	0	1	1	0	0	1	3
2013/09/03-11:02:12	36	1,584.518	109.089	6	0	0	0	0	0	1	1	0	0	1	32
2013/09/03-11:03:30	36	1,584.518	109.089	4	0	1	0	0	0	0	1	0	0	1	32
2013/09/03-11:04:21	36	1,584.518	109.089	7	0	1	6	0	0	0	1	0	0	1	34
2013/09/03-11:05:40	36	1,584.518	109.089	4	0	1	0	0	0	0	1	0	0	1	14
2013/09/03-15:06:15	38	1,577.305	98.046	29	0	0	0	2	0	0	1	1	0	0	58
2013/09/03-15:07:31	38	1,577.305	98.046	1	0	0	0	0	0	1	1	0	0	1	3
2013/09/03-15:07:59	38	1,577.305	98.046	1	0	0	0	0	0	1	1	0	0	1	3
2013/09/03-15:08:27	38	1,577.305	98.046	1	0	0	0	0	0	1	1	0	0	1	3
2013/09/03-15:08:52	38	1,577.305	98.046	1	0	1	0	0	0	0	1	0	0	1	12
2013/09/03-18:54:15	41	1,522.718	93.148	2	0	0	0	0	0	0	1	0	1	0	60
2013/09/03-18:55:34	41	1,522.718	93.148	2	0	1	0	0	0	0	1	0	0	1	24
2013/09/03-18:56:51	41	1,522.718	93.148	4	0	0	0	0	0	1	1	0	0	1	14
2013/09/03-18:57:50	41	1,522.718	93.148	32	0	0	0	1	0	0	1	1	0	0	60
2013/09/03-18:59:09	41	1,522.718	93.148	21	0	0	3	0	0	0	1	1	0	0	60
2013/09/03-19:24:22	42	1,538.488	84.569	1	0	1	0	0	0	0	1	0	0	1	3
2013/09/03-19:25:18	42	1,538.488	84.569	1	0	1	0	0	0	0	1	0	0	1	12
2013/09/03-19:25:49	42	1,538.488	84.569	7	0	1	0	0	0	0	1	0	0	1	18
2013/09/03-19:26:26	42	1,538.488	84.569	20	0	0	0	0	0	0	1	0	0	1	60
2013/09/03-19:27:45	42	1,538.488	84.569	2	0	0	0	0	0	0	1	1	0	0	12
2013/09/03-19:43:01	42	1,538.488	84.569	1	0	0	0	0	0	1	1	0	0	1	3
2013/09/03-19:58:54	42	1,538.488	84.569	2	0	1	0	0	0	0	1	0	0	1	7
2013/09/03-19:59:32	42	1,538.488	84.569	1	0	0	0	0	0	1	1	0	0	1	3
2013/09/03-20:00:03	42	1,538.488	84.569	3	0	0	1	0	0	1	1	0	0	1	12
2013/09/03-20:00:58	42	1,538.488	84.569	1	0	1	0	0	0	0	1	0	0	1	3
2013/09/03-23:55:07	44	1,509.647	80.043	2	0	0	0	0	0	1	1	0	0	1	5
2013/09/03-23:55:33	44	1,509.647	80.043	2	0	1	0	0	0	0	1	0	0	1	12
2013/09/03-23:56:28	44	1,509.647	80.043	3	0	1	0	0	0	0	1	0	0	1	13
2013/09/03-23:57:02	44	1,509.647	80.043	1	0	1	0	0	0	0	1	0	0	1	3
2013/09/03-23:57:28	44	1,509.647	80.043	1	0	0	0	0	0	1	1	0	0	1	3
2013/09/03-23:58:20	44	1,509.647	80.043	19	0	0	0	0	0	0	1	1	0	0	60
2013/09/03-23:59:39	44	1,509.647	80.043	2	0	1	1	0	0	0	1	0	0	1	16
2013/09/04-10:57:43	44	1,509.647	80.043	3	0	1	0	0	0	0	1	0	0	1	9
2013/09/04-10:58:34	44	1,509.647	80.043	1	0	0	0	0	0	1	1	0	0	1	3
2013/09/04-10:58:59	44	1,509.647	80.043	21	0	0	3	0	0	1	1	0	0	1	58
2013/09/04-11:13:12	49	1,459.078	70.718	5	0	0	0	0	0	1	1	0	0	1	19
2013/09/04-11:13:49	49	1,459.078	70.718	4	0	0	1	0	0	1	1	0	0	1	23
2013/09/04-11:15:00	49	1,459.078	70.718	7	0	0	0	0	0	1	1	0	0	1	23
2013/09/04-11:16:19	49	1,459.078	70.718	2	0	0	0	1	0	1	1	0	0	1	6
2013/09/04-11:17:01	49	1,459.078	70.718	3	0	1	0	1	0	0	1	0	0	1	9
2013/09/04-15:28:39	49	1,459.078	70.718	3	0	0	0	1	0	0	1	1	0	0	5
2013/09/04-15:29:03	49	1,459.078	70.718	25	0	0	1	0	0	0	1	1	0	0	60
2013/09/04-15:30:22	49	1,459.078	70.718	1	0	0	0	1	0	1	1	0	0	1	3
2013/09/04-15:30:43	49	1,459.078	70.718	6	0	0	0	1	0	1	1	0	0	1	19
2013/09/04-15:31:21	49	1,459.078	70.718	24	0	0	0	2	0	0	1	1	0	0	60
2013/09/04-15:49:59	50	1,465.074	63.668	4	0	0	0	1	0	0	1	1	0	0	19
2013/09/04-15:50:37	50	1,465.074	63.668	1	0	0	0	0	0	1	1	0	0	1	3
2013/09/04-15:51:10	50	1,465.074	63.668	1	0	1	0	0	0	0	1	0	0	1	3
2013/09/04-15:51:32	50	1,465.074	63.668	1	0	0	0	0	0	1	1	0	0	1	3
2013/09/04-15:51:54	50	1,465.074	63.668	23	0	0	3	2	0	0	1	1	0	0	60
2013/09/04-16:06:11	50	1,449.028	60.185	1	0	0	0	0	0	1	1	0	0	1	3
2013/09/04-16:06:50	50	1,449.028	60.185	1	0	1	0	0	0	0	1	1	0	0	7
2013/09/04-16:07:16	50	1,449.028	60.185	1	0	0	0	0	0	1	1	0	0	1	3
2013/09/04-16:07:40	50	1,449.028	60.185	12	0	0	1	0	0	0	1	1	0	0	33
2013/09/04-16:08:32	50	1,449.028	60.185	1	0	1	0	0	0	0	1	0	0	1	8
2013/09/04-16:43:28	52	1,441.342	57.221	3	0	1	0	0	0	0	1	0	0	1	17
2013/09/04-16:44:05	52	1,441.342	57.221	4	0	0	0	1	0	1	1	0	0	1	12
2013/09/04-16:44:35	52	1,441.825	57.416	5	0	1	1	1	0	0	1	0	0	1	17
2013/09/04-16:45:11	52	1,441.825	57.416	4	0	1	0	0	0	0	1	0	0	1	13
2013/09/04-16:45:42	52	1,441.825	57.416	1	0	0	0	0	0	1	1	0	0	1	3
2013/09/04-17:01:03	52	1,441.825	57.416	2	0	0	0	2	0	1	1	0	0	1	6
2013/09/04-17:01:28	52	1,441.825	57.416	10	0	0	1	0	0	1	1	0	0	1	28
2013/09/04-17:02:15	52	1,441.825	57.416	4	0	0	0	0	0	0	1	1	0	0	15
2013/09/04-17:02:48	52	1,441.825	57.416	1	0	1	0	0	0	0	1	0	0	1	6
2013/09/04-17:03:13	52	1,441.825	57.416	5	0	0	0	1	0	0	1	1	0	0	10
2013/09/04-17:10:48	51	1,446.823	55.359	1	0	1	0	0	0	0	1	0	0	1	7
2013/09/04-17:11:27	51	1,446.823	55.359	3	0	0	0	0	0	1	1	0	0	1	8
2013/09/04-17:12:11	51	1,446.823	55.359	8	0	1	2	0	0	0	1	0	0	1	29
2013/09/04-17:12:59	51	1,446.823	55.359	2	0	1	0	0	0	0	1	0	0	1	7
2013/09/04-17:13:30	51	1,446.823	55.359	5	0	0	0	0	0	1	1	0	0	1	21
2013/09/04-20:51:41	51	1,452.098	57.968	3	0	0	2	1	0	0	1	1	0	0	16
2013/09/04-20:52:17	51	1,452.098	57.968	7	0	0	0	0	0	1	1	0	0	1	19
2013/09/04-20:53:23	51	1,452.098	57.968	1	0	0	0	0	0	0	1	1	0	0	23
2013/09/04-20:54:05	51	1,452.098	57.968	4	0	0	0	2	0	1	1	1	0	0	13
2013/09/04-20:54:37	51	1,452.098	57.968	8	0	0	0	0	0	0	1	1	0	0	35
2013/09/04-21:06:34	48	1,467.674	55.61	4	0	0	1	0	0	1	1	0	0	1	11
2013/09/04-21:07:54	48	1,467.674	55.61	2	0	0	0	0	0	1	1	0	0	1	5
2013/09/04-21:09:12	48	1,467.674	55.61	27	0	0	5	1	0	0	1	1	0	0	60
2013/09/04-21:10:31	48	1,467.674	55.61	4	0	0	0	1	0	0	1	1	0	0	9
2013/09/04-21:10:58	48	1,467.674	55.61	26	0	0	0	1	0	0	1	1	0	0	60
2013/09/04-21:25:53	48	1,467.674	55.61	3	0	0	0	3	0	0	1	1	0	0	7
2013/09/04-21:26:19	48	1,467.674	55.61	2	0	0	0	0	0	1	1	0	0	1	6
2013/09/04-21:26:43	48	1,467.674	55.61	1	0	0	0	1	0	1	1	0	0	1	3
2013/09/04-21:27:13	48	1,467.674	55.61	15	0	0	2	0	0	0	1	0	0	1	60
2013/09/04-21:28:33	48	1,467.674	55.61	1	0	1	0	0	0	0	1	0	0	1	6
2013/09/05-02:09:43	47	1,468.501	57.653	1	0	0	0	2	0	1	1	1	0	0	3
2013/09/05-02:10:05	47	1,468.501	57.653	2	0	0	0	0	0	1	1	0	0	1	6
2013/09/05-02:10:39	47	1,468.501	57.653	1	0	1	0	0	0	0	1	0	0	1	3
2013/09/05-02:11:58	47	1,468.501	57.653	1	0	1	0	1	0	0	1	0	0	1	3
2013/09/05-02:12:20	47	1,468.501	57.653	3	0	1	0	0	0	0	1	0	0	1	10
2013/09/05-02:18:42	47	1,468.501	57.653	31	0	0	0	0	0	0	1	1	0	0	60
2013/09/05-02:20:01	47	1,468.501	57.653	3	0	1	0	0	0	0	1	0	0	1	31
2013/09/05-02:20:55	47	1,468.501	57.653	12	0	0	0	0	0	0	1	1	0	0	33
2013/09/05-02:21:46	47	1,468.501	57.653	8	0	0	5	1	0	1	1	0	0	1	38
2013/09/05-02:22:44	47	1,468.501	57.653	6	0	0	0	1	0	0	1	1	0	0	18
2013/09/05-02:36:42	46	1,497.414	53.115	10	0	0	0	1	0	1	1	0	0	1	28
2013/09/05-02:37:29	46	1,497.414	53.115	9	0	0	0	0	0	0	1	0	1	0	60
2013/09/05-02:38:48	46	1,497.414	53.115	16	0	0	0	3	0	0	1	1	0	0	31
2013/09/05-02:39:38	46	1,497.414	53.115	5	0	1	1	0	0	0	1	0	0	1	39
2013/09/05-02:40:35	46	1,497.414	53.115	5	0	1	0	0	0	0	1	0	0	1	18
2013/09/07-10:24:16	44	1,513.975	69.014	5	0	0	1	1	0	0	1	1	0	0	19
2013/09/07-10:24:55	44	1,513.975	69.014	9	0	0	1	0	0	1	1	0	0	1	26
2013/09/07-10:25:57	44	1,513.975	69.014	20	0	0	3	0	0	0	1	1	0	0	60
2013/09/07-10:27:16	44	1,513.975	69.014	20	0	0	3	1	0	0	1	1	0	0	60
2013/09/07-10:28:46	44	1,513.975	69.014	12	0	0	1	0	0	0	1	1	0	0	60
2013/09/07-10:47:54	39	1,562.128	64.695	19	0	0	0	0	0	0	1	0	0	1	60
2013/09/07-10:49:13	39	1,562.128	64.695	18	0	0	2	0	0	0	1	0	0	1	60
2013/09/07-10:50:32	39	1,562.128	64.695	1	0	0	0	0	0	1	1	0	0	1	3
2013/09/07-10:51:50	39	1,562.128	64.695	6	0	0	0	0	0	1	1	0	0	1	21
2013/09/07-10:52:51	39	1,562.128	64.695	9	0	0	0	0	0	1	1	0	0	1	27
2013/09/07-11:05:04	39	1,562.128	64.695	4	0	1	1	0	0	0	1	0	0	1	34
2013/09/07-11:05:57	39	1,562.128	64.695	17	0	0	1	1	0	0	1	1	0	0	50
2013/09/07-11:07:06	39	1,562.128	64.695	6	0	0	0	1	0	0	1	1	0	0	26
2013/09/07-11:07:50	39	1,562.128	64.695	1	0	0	0	0	0	1	1	0	0	1	3
2013/09/07-11:08:34	39	1,562.128	64.695	11	0	1	4	0	0	0	1	0	0	1	42
2013/09/08-23:23:42	37	1,571.711	64.398	0	0	0	0	0	0	0	1	1	0	0	6
2013/09/08-23:30:32	37	1,571.711	64.398	1	0	0	0	0	0	1	1	0	0	1	3
2013/09/08-23:31:02	37	1,571.711	64.398	1	0	0	0	0	0	1	1	0	0	1	3
2013/09/08-23:31:44	37	1,571.711	64.398	17	0	0	3	0	0	0	1	1	0	0	60
2013/09/08-23:33:06	37	1,571.711	64.398	9	0	1	3	0	0	0	1	0	0	1	39
2013/09/09-00:19:02	40	1,559.037	60.719	4	0	0	0	0	0	1	1	0	0	1	15
2013/09/09-00:20:21	40	1,559.037	60.719	4	0	0	1	0	0	1	1	0	0	1	11
2013/09/09-00:20:56	40	1,559.037	60.719	5	0	0	0	0	0	1	1	0	0	1	14
2013/09/09-00:22:15	40	1,559.037	60.719	2	0	0	0	0	0	1	1	0	0	1	5
2013/09/09-00:23:33	40	1,559.037	60.719	4	0	1	1	0	0	0	1	0	0	1	14
2013/09/09-00:54:42	40	1,559.037	60.719	1	0	0	0	0	0	1	1	0	0	1	3
2013/09/09-00:55:19	40	1,559.037	60.719	20	0	0	0	0	0	0	1	1	0	0	53
2013/09/09-00:56:30	40	1,559.037	60.719	1	0	0	0	0	0	1	1	0	0	1	3
2013/09/09-00:57:02	40	1,559.037	60.719	4	0	1	0	0	0	0	1	0	0	1	15
2013/09/09-00:57:35	40	1,559.037	60.719	20	0	0	0	0	0	0	1	0	0	1	60
2013/09/10-19:05:00	43	1,502.289	63.65	3	0	0	0	0	0	1	1	0	0	1	5
2013/09/10-19:07:10	43	1,502.289	63.65	1	0	0	0	0	0	1	1	0	0	1	7
2013/09/10-19:07:45	43	1,502.289	63.65	1	0	0	0	0	0	1	1	0	0	1	3
2013/09/10-19:08:14	43	1,502.289	63.65	1	0	0	0	0	0	1	1	0	0	1	3
2013/09/10-19:09:16	43	1,502.289	63.65	2	0	0	0	0	0	1	1	0	0	1	6
2013/09/10-19:21:33	43	1,502.289	63.65	1	0	0	0	0	0	1	1	0	0	1	3
2013/09/10-19:22:12	43	1,502.289	63.65	1	0	0	0	0	0	1	1	0	0	1	3
2013/09/10-19:23:31	43	1,502.289	63.65	1	0	0	0	0	0	1	1	0	0	1	3
2013/09/10-19:24:23	43	1,502.289	63.65	6	0	0	0	0	0	1	1	0	0	1	20
2013/09/10-19:25:42	43	1,502.289	63.65	5	0	0	0	0	0	1	1	0	0	1	13
2013/09/10-19:38:36	50	1,431.008	57.886	1	0	0	0	0	0	1	1	0	0	1	3
2013/09/10-19:39:00	50	1,431.008	57.886	1	0	0	0	0	0	1	1	0	0	1	3
2013/09/10-19:39:25	50	1,431.008	57.886	6	0	0	1	0	0	1	1	0	0	1	14
2013/09/10-19:39:59	50	1,431.008	57.886	1	0	0	0	0	0	1	1	0	0	1	3
2013/09/10-19:40:24	50	1,431.008	57.886	1	0	0	0	0	0	1	1	0	0	1	3
2013/09/10-20:11:43	50	1,431.008	57.886	0	0	0	0	0	0	0	1	0	1	0	325
2013/09/10-20:18:00	50	1,431.008	57.886	2	0	0	0	0	0	1	1	0	0	1	1
2013/09/10-20:22:39	50	1,431.008	57.886	4	0	0	0	0	0	0	1	1	0	0	104
2013/09/10-20:24:43	50	1,431.008	57.886	1	0	0	0	0	0	1	1	0	0	1	3
2013/09/10-20:26:02	50	1,431.008	57.886	7	0	0	2	1	0	0	1	1	0	0	23
2013/09/10-20:56:06	50	1,407.445	53.368	1	0	0	0	0	0	1	1	0	0	1	3
2013/09/10-20:57:25	50	1,407.445	53.368	2	0	0	0	0	0	1	1	0	0	1	6
2013/09/10-20:58:44	50	1,407.445	53.368	2	0	0	0	0	0	1	1	0	0	1	5
2013/09/10-20:59:35	50	1,407.445	53.368	2	0	0	0	0	0	1	1	0	0	1	5
2013/09/10-21:00:25	50	1,407.445	53.368	1	0	0	0	0	0	1	1	0	0	1	3
2013/09/10-21:22:13	57	1,377.1	51.21	1	0	0	0	0	0	1	1	0	0	1	3
2013/09/10-21:23:01	57	1,377.1	51.21	1	0	0	0	0	0	1	1	0	0	1	3
2013/09/10-21:23:34	57	1,377.1	51.21	1	0	0	0	0	0	1	1	0	0	1	3
2013/09/10-21:24:03	57	1,377.1	51.21	1	0	0	0	0	0	1	1	0	0	1	3
2013/09/10-21:25:22	57	1,377.1	51.21	2	0	0	0	0	0	1	1	0	0	1	7
2013/09/11-11:31:48	60	1,343.477	58.519	1	0	1	0	0	0	0	1	0	0	1	8
2013/09/11-11:32:21	60	1,343.477	58.519	1	0	0	0	0	0	1	1	0	0	1	3
2013/09/11-11:32:48	60	1,343.477	58.519	1	0	1	0	0	0	0	1	0	0	1	7
2013/09/11-11:33:39	60	1,343.477	58.519	3	0	1	0	0	0	0	1	0	0	1	13
2013/09/11-11:34:57	60	1,343.477	58.519	1	0	1	0	0	0	0	1	0	0	1	8
2013/09/11-11:35:31	60	1,343.477	58.519	1	0	1	0	0	0	0	1	0	0	1	8
2013/09/11-11:36:09	60	1,343.477	58.519	1	0	1	0	0	0	0	1	0	0	1	7
2013/09/11-11:37:27	60	1,343.477	58.519	1	0	0	0	0	0	1	1	0	0	1	3
2013/09/11-11:38:46	60	1,343.477	58.519	1	0	1	0	0	0	0	1	0	0	1	7
2013/09/11-11:39:58	60	1,343.477	58.519	1	0	1	0	0	0	0	1	0	0	1	8
2013/09/11-11:56:23	62	1,270.773	53.764	1	0	0	0	0	0	1	1	0	0	1	3
2013/09/11-11:57:41	62	1,270.773	53.764	1	0	1	0	1	0	0	1	0	0	1	2
2013/09/11-13:33:51	62	1,270.773	53.764	2	0	0	0	0	0	1	1	0	0	1	6
2013/09/11-13:34:24	62	1,270.773	53.764	4	0	0	1	0	0	1	1	0	0	1	13
2013/09/11-13:35:19	62	1,270.773	53.764	2	0	0	0	0	0	1	1	0	0	1	6
2013/09/12-07:32:49	63	1,262.97	62.746	1	0	0	0	0	0	1	1	0	0	1	3
2013/09/12-07:34:06	63	1,262.97	62.746	8	0	0	1	0	0	1	1	0	0	1	22
2013/09/12-07:35:03	63	1,262.97	62.746	2	0	0	0	0	0	1	1	0	0	1	3
2013/09/12-07:35:37	63	1,262.97	62.746	1	0	0	0	0	0	1	1	0	0	1	8
2013/09/12-07:36:47	63	1,262.97	62.746	5	0	0	0	0	0	0	1	1	0	0	12
2013/09/12-07:37:24	63	1,262.97	62.746	2	0	0	0	0	0	1	1	0	0	1	6
2013/09/12-07:38:19	63	1,262.97	62.746	3	0	0	0	0	0	1	1	0	0	1	8
2013/09/12-07:38:56	63	1,262.97	62.746	1	0	0	0	0	0	1	1	0	0	1	6
2013/09/12-07:40:14	63	1,262.97	62.746	1	0	0	0	0	0	1	1	0	0	1	3
2013/09/12-07:41:33	63	1,262.97	62.746	1	0	0	0	0	0	1	1	0	0	1	3
2013/09/12-07:56:20	63	1,220.912	57.365	2	0	0	0	0	0	1	1	0	0	1	6
2013/09/12-07:56:47	63	1,220.912	57.365	1	0	0	0	0	0	1	1	0	0	1	3
2013/09/12-07:57:27	63	1,220.912	57.365	8	0	1	1	0	0	0	1	0	0	1	25
2013/09/12-07:58:14	63	1,220.912	57.365	3	0	0	0	0	0	0	1	1	0	0	8
2013/09/12-07:58:40	63	1,220.912	57.365	5	0	0	0	0	0	1	1	0	0	1	14
2013/09/13-11:17:15	64	1,216.139	66.719	11	0	1	0	0	0	0	1	0	0	1	33
2013/09/13-11:18:07	64	1,216.139	66.719	1	0	0	0	0	0	1	1	0	0	1	3
2013/09/13-11:18:50	64	1,216.139	66.719	6	0	1	0	0	0	0	1	0	0	1	22
2013/09/13-11:20:08	64	1,216.139	66.719	6	0	1	1	0	0	0	1	0	0	1	23
2013/09/13-11:21:27	64	1,216.139	66.719	1	0	0	0	0	0	1	1	0	0	1	3
2013/09/13-11:34:08	64	1,216.139	66.719	7	0	0	0	0	0	1	1	0	0	1	20
2013/09/13-11:34:55	64	1,216.139	66.719	2	0	0	0	0	0	1	1	0	0	1	7
2013/09/13-11:35:35	64	1,216.139	66.719	3	0	0	0	0	0	1	1	0	0	1	8
2013/09/13-11:36:02	63	1,240.758	64.574	1	0	0	0	0	0	1	1	0	0	1	3
2013/09/13-11:36:27	63	1,240.758	64.574	4	0	0	0	0	0	1	1	0	0	1	11
2013/09/13-11:52:33	63	1,240.758	64.574	15	0	0	2	0	0	0	1	0	0	1	60
2013/09/13-11:53:51	63	1,240.758	64.574	2	0	0	0	0	0	1	1	0	0	1	6
2013/09/13-11:54:19	63	1,240.758	64.574	1	0	0	0	0	0	1	1	0	0	1	3
2013/09/13-11:54:50	63	1,240.758	64.574	5	0	0	0	0	0	1	1	0	0	1	13
2013/09/13-11:55:22	63	1,240.758	64.574	3	0	1	0	0	0	0	1	0	0	1	12
2013/09/13-21:03:37	65	1,222.44	73.302	1	0	0	0	0	0	1	1	0	0	1	3
2013/09/13-21:04:02	65	1,222.44	73.302	2	0	0	0	0	0	1	1	0	0	1	6
2013/09/13-21:04:27	65	1,222.44	73.302	4	0	0	0	0	0	0	1	1	0	0	10
2013/09/13-21:04:55	65	1,222.44	73.302	4	0	0	0	0	0	0	1	1	0	0	11
2013/09/13-21:05:25	65	1,222.44	73.302	1	0	0	0	0	0	1	1	0	0	1	3
2013/09/13-21:22:21	68	1,182.974	68.939	1	0	0	0	0	0	1	1	0	0	1	3
2013/09/13-21:22:46	68	1,182.974	68.939	2	0	0	0	0	0	1	1	0	0	1	6
2013/09/13-21:24:03	68	1,182.974	68.939	5	0	0	1	0	0	1	1	0	0	1	13
2013/09/13-21:24:50	68	1,182.974	68.939	5	0	0	0	0	0	0	1	1	0	0	13
2013/09/13-21:25:22	68	1,182.974	68.939	5	0	0	1	0	0	0	1	1	0	0	13
2013/09/13-21:30:32	68	1,182.974	68.939	1	0	0	0	0	0	1	1	0	0	1	3
2013/09/13-21:31:00	68	1,182.974	68.939	5	0	0	1	0	0	1	1	0	0	1	13
2013/09/13-21:31:32	68	1,182.974	68.939	1	0	0	0	0	0	1	1	0	0	1	3
2013/09/13-21:32:05	68	1,182.974	68.939	2	0	0	0	0	0	1	1	0	0	1	6
2013/09/13-21:32:33	68	1,182.974	68.939	6	0	0	0	0	0	0	1	1	0	0	13
2013/09/14-17:21:14	72	1,149.631	89.368	8	0	1	1	0	0	0	1	0	0	1	28
2013/09/14-17:22:02	72	1,149.631	89.368	1	0	0	0	0	0	1	1	0	0	1	3
2013/09/14-17:23:04	72	1,149.631	89.368	1	0	0	0	0	0	1	1	0	0	1	3
2013/09/14-17:23:59	72	1,149.631	89.368	2	0	0	0	0	0	1	1	0	0	1	6
2013/09/14-17:24:57	72	1,149.631	89.368	8	0	1	3	0	0	0	1	0	0	1	32
2013/09/14-17:30:50	72	1,149.631	89.368	3	0	0	1	0	0	1	1	0	0	1	12
2013/09/14-17:31:27	72	1,149.631	89.368	12	0	0	1	1	0	0	1	1	0	0	35
2013/09/14-17:32:20	72	1,149.631	89.368	1	0	0	0	0	0	1	1	0	0	1	3
2013/09/14-17:33:01	72	1,149.631	89.368	6	0	0	0	0	0	1	1	0	0	1	19
2013/09/14-17:33:39	72	1,149.631	89.368	3	0	0	0	0	0	1	1	0	0	1	8
2013/09/14-17:47:29	72	1,149.631	89.368	2	0	0	0	0	0	1	1	0	0	1	6
2013/09/14-17:48:48	72	1,149.631	89.368	6	0	0	1	0	0	1	1	0	0	1	17
2013/09/14-17:49:37	72	1,149.631	89.368	1	0	0	0	0	0	1	1	0	0	1	3
2013/09/14-17:50:06	72	1,149.631	89.368	1	0	0	0	0	0	1	1	0	0	1	3
2013/09/14-17:51:25	69	1,207.662	79.314	3	0	0	0	0	0	1	1	0	0	1	11
2013/09/14-21:40:27	68	1,222.053	82.392	6	0	0	0	1	0	1	1	0	0	1	16
2013/09/14-21:41:16	68	1,222.053	82.392	1	0	0	0	0	0	1	1	0	0	1	3
2013/09/14-21:41:50	68	1,222.053	82.392	1	0	0	0	0	0	1	1	0	0	1	3
2013/09/14-21:42:15	68	1,222.053	82.392	1	0	0	0	0	0	1	1	0	0	1	3
2013/09/14-21:42:54	68	1,222.053	82.392	1	0	0	0	0	0	1	1	0	0	1	3
2013/09/14-21:43:24	71	1,161.957	76.905	1	0	0	0	0	0	1	1	0	0	1	3
2013/09/14-21:44:43	71	1,161.957	76.905	2	0	0	0	0	0	1	1	0	0	1	3
2013/09/14-21:45:22	71	1,161.957	76.905	4	0	0	0	0	0	1	1	0	0	1	11
2013/09/14-21:45:59	71	1,161.957	76.905	5	0	0	1	0	0	1	1	0	0	1	14
2013/09/14-21:46:40	71	1,161.957	76.905	5	0	0	1	0	0	1	1	0	0	1	15
2013/09/14-21:58:47	71	1,161.957	76.905	1	0	0	0	0	0	1	1	0	0	1	3
2013/09/14-21:59:31	71	1,161.957	76.905	12	0	0	0	0	0	0	1	1	0	0	35
2013/09/14-22:00:25	71	1,161.957	76.905	3	0	0	0	0	0	1	1	0	0	1	13
2013/09/14-22:00:57	71	1,161.957	76.905	3	0	0	0	0	0	0	1	1	0	0	6
2013/09/14-22:01:22	71	1,161.957	76.905	4	0	0	1	0	0	1	1	0	0	1	11
2013/09/15-10:10:36	70	1,154.845	76.605	2	0	0	0	0	0	1	1	0	0	1	3
2013/09/15-10:11:16	70	1,154.845	76.605	13	0	1	1	0	0	0	1	0	0	1	39
2013/09/15-10:12:13	70	1,154.845	76.605	2	0	0	0	0	0	1	1	0	0	1	6
2013/09/15-10:12:47	70	1,154.845	76.605	1	0	0	0	0	0	1	1	0	0	1	3
2013/09/15-10:13:49	70	1,154.845	76.605	1	0	0	0	0	0	1	1	0	0	1	3
2013/09/15-10:23:46	70	1,154.845	76.605	1	0	0	0	0	0	1	1	0	0	1	3
2013/09/15-10:24:17	70	1,154.845	76.605	1	0	0	0	0	0	1	1	0	0	1	3
2013/09/15-10:24:53	70	1,154.845	76.605	12	0	0	2	0	0	0	1	1	0	0	42
2013/09/15-10:25:54	70	1,154.845	76.605	7	0	0	2	0	0	1	1	0	0	1	20
2013/09/15-10:26:56	70	1,154.845	76.605	1	0	0	0	0	0	1	1	0	0	1	3
2013/09/15-10:36:25	70	1,154.845	76.605	12	0	0	3	0	0	0	1	1	0	0	31
2013/09/15-10:37:14	70	1,154.845	76.605	1	0	0	0	0	0	1	1	0	0	1	3
2013/09/15-10:38:33	70	1,154.845	76.605	24	0	0	0	0	0	0	1	1	0	0	60
2013/09/15-10:39:52	70	1,154.845	76.605	4	0	0	0	0	0	1	1	0	0	1	12
2013/09/15-10:41:11	69	1,177.835	68.539	1	0	0	0	0	0	1	1	0	0	1	3
2013/09/15-15:52:03	70	1,171.535	72.846	1	0	0	0	0	0	1	1	0	0	1	3
2013/09/15-15:52:29	70	1,171.535	72.846	1	0	0	0	0	0	1	1	0	0	1	3
2013/09/15-15:52:54	70	1,171.535	72.846	1	0	0	0	0	0	1	1	0	0	1	3
2013/09/15-15:53:19	70	1,171.535	72.846	2	0	0	0	0	0	1	1	0	0	1	6
2013/09/15-15:53:44	70	1,171.535	72.846	2	0	0	0	0	0	1	1	0	0	1	6
2013/09/15-15:59:41	70	1,171.535	72.846	3	0	0	0	0	0	0	1	1	0	0	6
2013/09/15-16:00:06	70	1,171.535	72.846	4	0	0	0	0	0	0	1	1	0	0	9
2013/09/15-16:00:33	70	1,171.535	72.846	3	0	0	0	0	0	0	1	1	0	0	7
2013/09/15-16:00:59	70	1,171.535	72.846	4	0	0	0	0	0	0	1	1	0	0	10
2013/09/15-16:01:28	70	1,171.535	72.846	3	0	0	0	0	0	0	1	1	0	0	6
2013/09/15-16:12:00	74	1,110.692	66.222	2	0	0	0	0	0	1	1	0	0	1	5
2013/09/15-16:12:26	74	1,110.692	66.222	2	0	0	0	0	0	1	1	0	0	1	6
2013/09/15-16:12:50	74	1,110.692	66.222	1	0	0	0	0	0	1	1	0	0	1	3
2013/09/15-16:13:15	74	1,110.692	66.222	1	0	0	0	0	0	1	1	0	0	1	3
2013/09/15-16:13:40	74	1,110.692	66.222	3	0	0	0	0	0	0	1	1	0	0	6
2013/09/15-21:58:13	74	1,052.758	72.666	5	0	0	0	0	0	1	1	0	0	1	14
2013/09/15-21:58:47	74	1,052.758	72.666	2	0	0	0	0	0	0	1	1	0	0	6
2013/09/15-21:59:11	74	1,052.758	72.666	1	0	0	0	0	0	1	1	0	0	1	3
2013/09/15-21:59:36	74	1,052.758	72.666	20	0	0	2	0	0	0	1	1	0	0	48
2013/09/15-22:00:43	74	1,052.758	72.666	3	0	0	0	0	0	0	1	1	0	0	6
2013/09/15-22:12:27	74	1,080.164	68.033	1	0	0	0	0	0	1	1	0	0	1	3
2013/09/15-22:12:53	74	1,080.164	68.033	3	0	0	0	0	0	0	1	1	0	0	6
2013/09/15-22:13:18	74	1,080.164	68.033	1	0	0	0	0	0	1	1	0	0	1	3
2013/09/15-22:13:43	74	1,080.164	68.033	1	0	0	0	0	0	1	1	0	0	1	3
2013/09/15-22:14:08	74	1,080.164	68.033	2	0	0	0	0	0	0	1	1	0	0	6
2013/09/15-22:24:10	74	1,063.72	63.954	1	0	0	0	0	0	1	1	0	0	1	3
2013/09/15-22:24:37	74	1,063.72	63.954	1	0	0	0	0	0	1	1	0	0	1	5
2013/09/15-22:25:02	74	1,063.72	63.954	14	0	0	1	0	0	0	1	1	0	0	34
2013/09/15-22:25:55	74	1,063.72	63.954	4	0	0	0	0	0	0	1	1	0	0	10
2013/09/15-22:26:23	74	1,063.72	63.954	3	0	0	0	0	0	0	1	1	0	0	6
2013/09/15-22:41:03	74	1,063.72	63.954	1	0	0	0	0	0	1	1	0	0	1	3
2013/09/15-22:41:34	74	1,063.72	63.954	5	0	0	2	1	0	1	1	0	0	1	19
2013/09/15-22:42:12	74	1,063.72	63.954	6	0	0	0	0	0	0	1	1	0	0	20
2013/09/15-22:42:50	74	1,063.72	63.954	2	0	0	0	0	0	1	1	0	0	1	6
2013/09/15-22:43:25	74	1,063.72	63.954	5	0	0	1	0	0	1	1	0	0	1	15
2013/09/15-22:49:22	73	1,123.48	59.662	1	0	0	0	0	0	1	1	0	0	1	3
2013/09/15-22:50:25	73	1,123.48	59.662	3	0	0	0	0	0	1	1	0	0	1	9
2013/09/15-22:51:09	73	1,123.48	59.662	4	0	1	0	0	0	0	1	0	0	1	17
2013/09/15-22:52:04	73	1,123.48	59.662	7	0	0	0	0	0	0	1	1	0	0	21
2013/09/15-22:52:44	73	1,123.48	59.662	7	0	0	2	0	0	1	1	0	0	1	29
2013/09/15-23:05:16	73	1,123.48	59.662	4	0	0	0	0	0	1	1	0	0	1	12
2013/09/15-23:06:05	73	1,123.48	59.662	1	0	0	0	0	0	1	1	0	0	1	3
2013/09/15-23:06:39	73	1,123.48	59.662	18	0	1	4	0	0	0	1	0	0	1	53
2013/09/15-23:07:51	73	1,123.48	59.662	1	0	0	0	0	0	1	1	0	0	1	3
2013/09/15-23:08:39	73	1,123.48	59.662	6	0	1	0	0	0	0	1	0	0	1	38
2013/09/16-21:33:06	70	1,166.753	69.439	1	0	0	0	0	0	1	1	0	0	1	3
2013/09/16-21:33:31	70	1,166.753	69.439	2	0	0	0	0	0	1	1	0	0	1	6
2013/09/16-21:33:56	70	1,166.753	69.439	3	0	0	0	0	0	0	1	1	0	0	6
2013/09/16-21:34:21	70	1,166.753	69.439	1	0	0	0	0	0	1	1	0	0	1	3
2013/09/16-21:34:44	70	1,166.753	69.439	2	0	0	0	0	0	1	1	0	0	1	6
2013/09/16-21:39:40	73	1,105.455	66.153	1	0	0	0	0	0	1	1	0	0	1	3
2013/09/16-21:40:05	73	1,105.455	66.153	3	0	0	0	0	0	0	1	1	0	0	6
2013/09/16-21:40:30	73	1,105.455	66.153	3	0	0	0	0	0	0	1	1	0	0	6
2013/09/16-21:40:55	73	1,105.455	66.153	3	0	0	0	0	0	0	1	1	0	0	6
2013/09/16-21:41:19	73	1,105.455	66.153	3	0	0	0	0	0	0	1	1	0	0	6
2013/09/16-21:49:32	73	1,105.455	66.153	3	0	0	0	0	0	0	1	1	0	0	6
2013/09/16-21:49:57	73	1,105.455	66.153	2	0	0	0	0	0	1	1	0	0	1	6
2013/09/16-21:50:22	73	1,105.455	66.153	2	0	0	0	0	0	0	1	1	0	0	6
2013/09/16-21:50:47	73	1,105.455	66.153	2	0	0	0	0	0	1	1	0	0	1	5
2013/09/16-21:51:12	73	1,105.455	66.153	3	0	0	0	0	0	0	1	1	0	0	6
2013/09/17-20:13:31	72	1,116.07	69.514	2	0	1	0	1	0	0	1	0	0	1	6
2013/09/17-20:13:57	72	1,116.07	69.514	12	0	1	0	0	0	0	1	0	0	1	26
2013/09/17-20:14:42	72	1,116.07	69.514	1	0	0	0	1	0	0	1	1	0	0	6
2013/09/17-20:15:08	72	1,116.07	69.514	7	0	0	0	0	0	1	1	0	0	1	22
2013/09/17-20:15:48	72	1,116.07	69.514	3	0	0	1	0	0	1	1	0	0	1	13
2013/09/17-20:20:53	73	1,113.944	65.592	2	0	1	0	0	0	0	1	0	0	1	5
2013/09/17-20:21:17	73	1,113.944	65.592	19	0	0	0	0	0	0	1	1	0	0	50
2013/09/17-20:22:26	73	1,113.944	65.592	5	0	0	0	0	0	0	1	1	0	0	18
2013/09/17-20:23:03	73	1,113.944	65.592	3	0	0	0	0	0	1	1	0	0	1	7
2013/09/17-20:23:30	73	1,113.944	65.592	1	0	0	0	0	0	0	1	1	0	0	9
2013/09/17-20:33:03	73	1,113.944	65.592	7	0	0	0	0	0	0	1	1	0	0	26
2013/09/17-20:33:48	73	1,113.944	65.592	4	0	0	0	0	0	0	1	1	0	0	19
2013/09/17-20:34:26	73	1,113.944	65.592	2	0	0	0	2	0	0	1	1	0	0	6
2013/09/17-20:34:51	73	1,113.944	65.592	11	0	0	0	1	0	0	1	1	0	0	23
2013/09/17-20:35:33	73	1,113.944	65.592	3	0	1	0	0	0	0	1	0	0	1	11
2013/09/18-09:09:00	69	1,176.598	73.003	3	0	0	0	0	0	0	1	1	0	0	7
2013/09/18-09:09:27	69	1,176.598	73.003	1	0	0	0	0	0	0	1	1	0	0	7
2013/09/18-09:09:52	69	1,176.598	73.003	2	0	0	0	2	0	1	1	0	0	1	6
2013/09/18-09:10:17	69	1,194.522	70.177	1	0	0	0	0	0	0	1	1	0	0	6
2013/09/18-09:10:42	69	1,194.522	70.177	1	0	0	0	0	0	0	1	1	0	0	6
2013/09/18-11:09:55	69	1,194.522	70.177	2	0	0	0	1	0	1	1	0	0	1	6
2013/09/18-11:10:21	69	1,194.522	70.177	1	0	0	0	0	0	0	1	1	0	0	6
2013/09/18-11:10:46	69	1,194.522	70.177	1	0	0	0	1	0	1	1	0	0	1	3
2013/09/18-11:11:08	69	1,194.522	70.177	6	0	0	0	2	0	0	1	1	0	0	14
2013/09/18-11:11:41	69	1,194.522	70.177	10	0	0	0	0	0	1	1	0	0	1	37
2013/09/18-11:17:29	67	1,200.693	64.824	5	0	0	0	0	0	1	1	0	0	1	15
2013/09/18-11:18:03	67	1,200.693	64.824	3	0	0	0	0	0	0	1	1	0	0	7
2013/09/18-11:18:29	67	1,200.693	64.824	1	0	1	0	0	0	0	1	0	0	1	7
2013/09/18-11:18:54	67	1,200.693	64.824	2	0	0	0	1	0	1	1	0	0	1	6
2013/09/18-11:19:19	67	1,200.693	64.824	1	0	0	0	1	0	1	1	0	0	1	3
2013/09/18-15:58:34	69	1,192.576	74.818	2	0	0	0	0	0	0	1	1	0	0	6
2013/09/18-15:58:59	69	1,192.576	74.818	1	0	0	0	0	0	1	1	0	0	1	3
2013/09/18-15:59:22	69	1,192.576	74.818	3	0	0	0	0	0	0	1	1	0	0	9
2013/09/18-15:59:50	69	1,192.576	74.818	1	0	1	0	2	0	0	1	1	0	0	3
2013/09/18-16:00:12	69	1,192.576	74.818	3	0	0	0	1	0	0	1	1	0	0	6
2013/09/18-16:12:49	68	1,201.456	70.445	3	0	0	0	2	0	0	1	1	0	0	8
2013/09/18-16:13:16	68	1,201.456	70.445	3	0	0	0	0	0	0	1	1	0	0	6
2013/09/18-16:13:41	68	1,201.456	70.445	3	0	0	0	0	0	0	1	1	0	0	6
2013/09/18-16:14:06	68	1,201.456	70.445	1	0	0	0	1	0	0	1	1	0	0	6
2013/09/18-16:14:31	68	1,201.456	70.445	1	0	0	0	0	0	0	1	1	0	0	6
2013/09/18-16:24:13	68	1,201.456	70.445	7	0	0	0	0	0	0	1	1	0	0	22
2013/09/18-16:24:54	68	1,201.456	70.445	2	0	0	0	1	0	1	1	0	0	1	6
2013/09/18-16:25:19	68	1,201.456	70.445	1	0	0	0	0	0	1	1	0	0	1	3
2013/09/18-16:25:44	68	1,224.849	64.948	3	0	1	0	0	0	0	1	0	0	1	6
2013/09/18-16:26:09	68	1,224.849	64.948	10	0	0	0	0	0	0	1	1	0	0	38
2013/09/19-09:55:45	68	1,231.467	84.295	3	0	0	2	1	0	0	1	1	0	0	8
2013/09/19-09:56:13	68	1,231.467	84.295	12	0	1	0	0	0	0	1	0	0	1	45
2013/09/19-09:57:16	68	1,231.467	84.295	5	0	1	0	1	0	0	1	0	0	1	17
2013/09/19-09:57:52	68	1,231.467	84.295	3	0	0	0	2	0	0	1	1	0	0	6
2013/09/19-09:58:17	68	1,231.467	84.295	8	0	0	0	0	0	1	1	0	0	1	28
2013/09/19-10:14:59	66	1,311.786	79.509	4	0	0	0	0	0	1	1	0	0	1	13
2013/09/19-10:16:18	66	1,311.786	79.509	3	0	1	0	0	0	0	1	0	0	1	6
2013/09/19-10:17:37	66	1,311.786	79.509	1	0	0	0	0	0	1	1	0	0	1	3
2013/09/19-10:18:02	66	1,311.786	79.509	1	0	0	0	0	0	1	1	0	0	1	3
2013/09/19-10:19:21	66	1,311.786	79.509	3	0	1	0	0	0	0	1	0	0	1	9
2013/09/19-10:29:37	66	1,311.786	79.509	1	0	1	0	0	0	0	1	0	0	1	4
2013/09/19-10:30:02	66	1,311.786	79.509	4	0	0	0	1	0	0	1	1	0	0	12
2013/09/19-10:30:33	66	1,311.786	79.509	4	0	0	0	2	0	0	1	1	0	0	10
2013/09/19-10:31:01	66	1,311.786	79.509	2	0	0	0	1	0	1	1	0	0	1	6
2013/09/19-10:31:28	66	1,311.786	79.509	1	0	1	0	0	0	0	1	0	0	1	3
2013/09/19-15:25:28	66	1,309.614	82.133	4	0	0	0	2	0	1	1	1	0	0	12
2013/09/19-15:25:59	66	1,309.614	82.133	13	0	0	3	0	0	0	1	0	0	1	60
2013/09/19-15:27:18	66	1,309.614	82.133	4	0	0	1	0	0	1	1	0	0	1	11
2013/09/19-15:28:37	66	1,309.614	82.133	3	0	0	0	0	0	1	1	0	0	1	9
2013/09/19-15:29:56	65	1,328.126	77.568	1	0	0	0	0	0	1	1	0	0	1	3
2013/09/19-15:40:17	65	1,328.126	77.568	1	0	0	0	0	0	1	1	0	0	1	3
2013/09/19-15:40:57	65	1,328.126	77.568	1	0	1	0	0	0	0	1	0	0	1	4
2013/09/19-15:41:34	65	1,328.126	77.568	2	0	1	0	1	0	0	1	0	0	1	4
2013/09/19-15:41:57	65	1,328.126	77.568	4	0	0	0	0	0	0	1	1	0	0	29
2013/09/19-15:42:45	65	1,328.126	77.568	4	0	1	0	0	0	0	1	0	0	1	18
2013/09/19-15:57:11	67	1,304.992	71.064	3	0	0	0	1	0	0	1	1	0	0	6
2013/09/19-15:57:36	67	1,304.992	71.064	1	0	1	0	0	0	0	1	0	0	1	3
2013/09/19-15:58:08	67	1,304.992	71.064	1	0	1	0	1	0	0	1	0	0	1	3
2013/09/19-15:58:30	67	1,304.992	71.064	1	0	1	0	0	0	0	1	0	0	1	5
2013/09/19-15:58:55	67	1,304.992	71.064	5	0	0	0	0	0	1	1	0	0	1	17
2013/09/19-19:46:12	68	1,285.193	77.861	5	0	0	0	0	0	1	1	0	0	1	12
2013/09/19-19:46:46	68	1,285.193	77.861	1	0	1	0	0	0	0	1	0	0	1	3
2013/09/19-19:47:12	68	1,285.193	77.861	1	0	0	0	0	0	1	1	0	0	1	3
2013/09/19-19:47:45	68	1,285.193	77.861	5	0	1	0	0	0	0	1	0	0	1	21
2013/09/19-19:48:33	68	1,285.193	77.861	2	0	0	0	0	0	0	1	1	0	0	4
2013/09/19-20:00:57	68	1,285.193	77.861	1	0	1	0	0	0	0	1	0	0	1	6
2013/09/19-20:01:29	68	1,285.193	77.861	7	0	0	0	1	0	0	1	1	0	0	13
2013/09/19-20:02:01	68	1,285.193	77.861	1	0	0	0	2	0	0	1	1	0	0	6
2013/09/19-20:02:26	68	1,285.193	77.861	8	0	0	0	0	0	1	1	0	0	1	20
2013/09/19-20:03:08	68	1,285.193	77.861	1	0	0	0	1	0	1	1	0	0	1	3
2013/09/19-20:15:03	68	1,279.363	69.718	1	0	0	0	0	0	1	1	0	0	1	3
2013/09/19-20:15:32	68	1,279.363	69.718	3	0	0	0	2	0	0	1	1	0	0	6
2013/09/19-20:15:58	68	1,279.363	69.718	1	0	1	0	0	0	0	1	0	0	1	3
2013/09/19-20:16:20	68	1,279.363	69.718	1	0	0	0	0	0	1	1	0	0	1	3
2013/09/19-20:16:45	68	1,279.363	69.718	1	0	0	0	0	0	1	1	0	0	1	3
2013/09/20-01:28:56	69	1,255.922	76.72	5	0	0	0	2	0	1	1	0	0	1	15
2013/09/20-01:29:30	69	1,255.922	76.72	22	0	0	0	1	0	0	1	1	0	0	51
2013/09/20-01:30:40	69	1,255.922	76.72	1	0	0	0	0	0	1	1	0	0	1	3
2013/09/20-01:31:27	69	1,255.922	76.72	11	0	0	0	1	0	0	1	1	0	0	29
2013/09/20-01:32:15	69	1,255.922	76.72	1	0	0	0	1	0	0	1	1	0	0	3
2013/09/20-01:41:19	68	1,294.682	71.397	1	0	1	0	0	0	0	1	0	0	1	13
2013/09/20-01:42:13	68	1,294.682	71.397	1	0	0	0	0	0	1	1	0	0	1	3
2013/09/20-01:42:40	68	1,294.682	71.397	2	0	0	0	1	0	0	1	1	0	0	7
2013/09/20-01:43:05	68	1,294.682	71.397	1	0	0	0	0	0	1	1	0	0	1	3
2013/09/20-01:43:28	68	1,294.682	71.397	1	0	1	0	0	0	0	1	0	0	1	5
2013/09/20-01:49:27	68	1,294.682	71.397	4	0	1	0	0	0	0	1	1	0	0	13
2013/09/20-01:49:59	68	1,294.682	71.397	1	0	0	0	0	0	1	1	0	0	1	3
2013/09/20-01:50:31	68	1,294.682	71.397	2	0	0	0	2	0	1	1	0	0	1	6
2013/09/20-01:50:56	68	1,294.682	71.397	25	0	0	0	0	0	0	1	1	0	0	60
2013/09/20-01:52:15	68	1,294.682	71.397	3	0	0	0	1	0	0	1	1	0	0	6
2013/09/20-05:13:51	66	1,323.452	75.942	2	0	1	0	0	0	0	1	0	0	1	7
2013/09/20-05:14:27	66	1,323.452	75.942	3	0	1	0	0	0	0	1	0	0	1	16
2013/09/20-05:15:44	66	1,323.452	75.942	1	0	1	0	0	0	0	1	0	0	1	3
2013/09/20-05:16:06	66	1,323.452	75.942	1	0	1	0	0	0	0	1	0	0	1	3
2013/09/20-05:16:28	66	1,323.452	75.942	1	0	1	0	0	0	0	1	0	0	1	3
2013/09/20-05:29:23	70	1,294.205	72.141	2	0	0	0	3	0	0	1	1	0	0	6
2013/09/20-05:29:47	70	1,294.205	72.141	22	0	0	0	2	0	0	1	1	0	0	45
2013/09/20-05:30:51	70	1,294.205	72.141	1	0	0	0	0	0	0	1	1	0	0	20
2013/09/20-05:31:30	70	1,294.205	72.141	1	0	0	0	0	0	1	1	0	0	1	3
2013/09/20-05:31:57	70	1,294.205	72.141	7	0	0	0	0	0	1	1	0	0	1	20
2013/09/20-05:43:59	69	1,301.931	67.81	1	0	1	0	1	0	0	1	0	0	1	3
2013/09/20-05:44:47	69	1,301.931	67.81	1	0	0	0	1	0	1	1	0	0	1	2
2013/09/20-05:45:25	69	1,301.931	67.81	2	0	0	0	1	0	0	1	1	0	0	4
2013/09/20-05:45:48	69	1,301.931	67.81	15	0	0	0	0	0	0	1	0	0	1	60
2013/09/20-05:47:07	69	1,301.931	67.81	2	0	0	0	0	0	1	1	0	0	1	6
2013/09/20-09:27:50	69	1,308.61	76.152	1	0	0	0	0	0	1	1	0	0	1	3
2013/09/20-09:28:20	69	1,308.61	76.152	7	0	1	1	0	0	0	1	0	0	1	25
2013/09/20-09:29:04	69	1,308.61	76.152	2	0	1	0	0	0	0	1	0	0	1	10
2013/09/20-09:29:42	69	1,308.61	76.152	3	0	1	0	0	0	0	1	0	0	1	10
2013/09/20-09:30:11	69	1,308.61	76.152	1	0	1	0	0	0	0	1	0	0	1	4
2013/09/20-09:44:00	69	1,308.61	76.152	14	0	0	0	0	0	0	1	1	0	0	34
2013/09/20-09:44:52	69	1,308.61	76.152	1	0	0	0	0	0	1	1	0	0	1	3
2013/09/20-09:45:23	69	1,308.61	76.152	1	0	0	0	0	0	1	1	0	0	1	3
2013/09/20-09:45:48	69	1,308.61	76.152	2	0	0	0	2	0	0	1	1	0	0	6
2013/09/20-09:46:13	69	1,308.61	76.152	1	0	0	0	2	0	1	1	0	0	1	3
2013/09/20-09:59:54	69	1,294.342	68.869	2	0	0	0	0	0	0	1	1	0	0	7
2013/09/20-10:00:20	69	1,294.342	68.869	1	0	0	0	0	0	1	1	0	0	1	2
2013/09/20-10:00:44	69	1,294.342	68.869	1	0	0	0	0	0	1	1	0	0	1	3
2013/09/20-10:01:09	69	1,294.342	68.869	2	0	0	0	0	0	0	1	1	0	0	9
2013/09/20-10:01:38	69	1,294.342	68.869	1	0	1	0	1	0	0	1	1	0	0	3
2013/09/20-16:18:29	69	1,292.427	79.515	1	0	1	0	0	0	0	1	0	0	1	3
2013/09/20-16:18:52	69	1,292.427	79.515	1	0	1	0	1	0	0	1	0	0	1	3
2013/09/20-16:19:14	69	1,292.427	79.515	3	0	0	0	0	0	0	1	1	0	0	15
2013/09/20-16:19:48	69	1,292.427	79.515	2	0	0	0	0	0	1	1	0	0	1	5
2013/09/20-16:20:50	69	1,292.427	79.515	1	0	0	0	0	0	1	1	0	0	1	5
2013/09/20-16:42:50	69	1,325.477	74.839	3	0	0	0	1	0	1	1	0	0	1	14
2013/09/20-16:43:23	69	1,325.477	74.839	4	0	0	0	0	0	1	1	0	0	1	9
2013/09/20-16:44:42	69	1,325.477	74.839	3	0	1	0	0	0	0	1	0	0	1	12
2013/09/20-16:45:31	69	1,325.477	74.839	3	0	1	0	0	0	0	1	0	0	1	6
2013/09/20-16:46:50	69	1,325.477	74.839	1	0	0	0	0	0	1	1	0	0	1	3
2013/09/20-16:53:04	69	1,325.477	74.839	1	0	0	0	0	0	0	1	1	0	0	4
2013/09/20-16:53:28	69	1,325.477	74.839	1	0	0	0	0	0	1	1	0	0	1	3
2013/09/20-16:53:53	69	1,325.477	74.839	2	0	0	0	0	0	1	1	0	0	1	6
2013/09/20-16:55:12	69	1,325.477	74.839	11	0	1	0	1	0	0	1	0	0	1	34
2013/09/20-16:56:05	69	1,325.477	74.839	3	0	1	0	0	0	0	1	0	0	1	9
2013/09/20-20:23:37	69	1,314.032	78.857	2	0	0	0	1	0	0	1	1	0	0	6
2013/09/20-20:24:03	69	1,314.032	78.857	1	0	0	0	0	0	1	1	0	0	1	3
2013/09/20-20:24:34	69	1,314.032	78.857	3	0	0	0	2	0	1	1	1	0	0	12
2013/09/20-20:25:05	69	1,314.032	78.857	4	0	0	0	1	0	1	1	0	0	1	17
2013/09/20-20:25:41	69	1,314.032	78.857	13	0	0	0	0	0	0	1	1	0	0	25
2013/09/20-20:40:32	69	1,320.553	73.526	2	0	0	0	0	0	0	1	1	0	0	12
2013/09/20-20:41:03	69	1,320.553	73.526	1	0	1	0	1	0	0	1	0	0	1	3
2013/09/20-20:41:25	69	1,320.553	73.526	1	0	0	0	1	0	1	1	0	0	1	3
2013/09/20-20:41:52	69	1,320.553	73.526	2	0	0	0	0	0	1	1	0	0	1	6
2013/09/20-20:42:17	69	1,320.553	73.526	3	0	0	0	0	0	0	1	1	0	0	7
2013/09/20-20:49:58	69	1,320.553	73.526	2	0	1	0	0	0	0	1	0	0	1	3
2013/09/20-20:50:25	69	1,320.553	73.526	3	0	0	0	0	0	0	1	1	0	0	9
2013/09/20-20:50:54	69	1,325.933	67.203	1	0	0	0	0	0	1	1	0	0	1	3
2013/09/20-20:51:24	69	1,325.933	67.203	4	0	0	0	1	0	1	1	0	0	1	15
2013/09/20-20:51:59	69	1,325.933	67.203	1	0	1	0	0	0	0	1	0	0	1	3
2013/12/27-13:42:06	81	1,304.331	101.23	15	0	0	1	0	0	1	1	0	0	1	40
2013/12/27-13:43:26	81	1,304.331	101.23	2	0	0	0	0	0	1	1	0	0	1	6
2013/12/27-13:43:54	81	1,304.331	101.23	2	0	0	0	1	0	0	1	1	0	0	6
2013/12/27-13:44:19	81	1,304.331	101.23	3	0	0	0	0	0	1	1	0	0	1	12
2013/12/27-13:45:38	81	1,304.331	101.23	4	0	0	0	2	0	0	1	1	0	0	11
2013/12/27-13:54:42	81	1,304.331	101.23	5	0	1	0	0	0	0	1	0	0	1	22
2013/12/27-13:55:40	81	1,304.331	101.23	9	0	0	5	0	0	0	1	1	0	0	31
2013/12/27-13:56:31	81	1,304.331	101.23	3	0	0	0	0	0	1	1	0	0	1	13
2013/12/27-13:57:10	81	1,304.331	101.23	10	0	0	3	0	0	1	1	0	0	1	27
2013/12/27-13:57:57	81	1,304.331	101.23	30	0	0	0	0	0	0	1	1	0	0	60
2013/12/27-14:18:32	72	1,388.115	86.246	1	0	1	0	0	0	0	1	0	0	1	3
2013/12/27-14:18:54	72	1,388.115	86.246	1	0	1	0	1	0	0	1	0	0	1	3
2013/12/27-14:19:21	72	1,388.115	86.246	1	0	0	0	1	0	1	1	0	0	1	3
2013/12/27-14:19:46	72	1,388.115	86.246	31	0	0	0	0	0	0	1	1	0	0	60
2013/12/27-14:21:05	72	1,388.115	86.246	26	0	0	0	0	0	0	1	1	0	0	60
2013/12/28-03:06:39	70	1,387.95	100.702	1	0	0	0	0	0	1	1	0	0	1	3
2013/12/28-03:07:10	70	1,387.95	100.702	3	0	1	0	0	0	0	1	0	0	1	14
2013/12/28-03:07:42	70	1,387.95	100.702	2	0	1	0	0	0	0	1	0	0	1	6
2013/12/28-03:08:15	70	1,387.95	100.702	2	0	1	0	0	0	0	1	0	0	1	6
2013/12/28-03:08:40	70	1,387.95	100.702	4	0	0	1	0	0	1	1	0	0	1	15
2013/12/28-03:14:35	69	1,401.244	92.97	3	0	1	0	0	0	0	1	0	0	1	7
2013/12/28-03:15:15	69	1,401.244	92.97	1	0	1	0	0	0	0	1	0	0	1	6
2013/12/28-03:16:09	69	1,401.244	92.97	3	0	0	0	0	0	1	1	0	0	1	12
2013/12/28-03:16:49	69	1,401.244	92.97	1	0	1	0	0	0	0	1	0	0	1	3
2013/12/28-03:17:11	69	1,401.244	92.97	1	0	0	0	1	0	1	1	0	0	1	3
2013/12/28-03:29:00	69	1,401.244	92.97	2	0	1	0	0	0	0	1	0	0	1	10
2013/12/28-03:29:29	69	1,401.244	92.97	1	0	0	0	0	0	1	1	0	0	1	3
2013/12/28-03:30:48	69	1,401.244	92.97	2	0	0	0	1	0	1	1	0	0	1	11
2013/12/28-03:31:18	69	1,401.244	92.97	1	0	0	0	1	0	0	1	1	0	0	19
2013/12/28-03:31:56	69	1,401.244	92.97	6	0	0	0	2	0	0	1	1	0	0	11
2013/12/28-12:00:41	69	1,407.091	99.034	1	0	0	0	0	0	1	1	0	0	1	3
2013/12/28-12:01:35	69	1,407.091	99.034	1	0	1	0	1	0	0	1	1	0	0	3
2013/12/28-12:01:57	69	1,407.091	99.034	2	0	0	0	0	0	1	1	0	0	1	6
2013/12/28-12:02:39	69	1,407.091	99.034	27	0	0	0	1	0	0	1	1	0	0	60
2013/12/28-12:03:58	69	1,407.091	99.034	4	0	0	0	2	0	1	1	1	0	0	11
2013/12/28-12:22:20	68	1,418.814	88.848	3	0	1	0	0	0	0	1	0	0	1	13
2013/12/28-12:22:53	68	1,418.814	88.848	9	0	0	0	0	0	1	1	0	0	1	20
2013/12/28-12:23:46	68	1,418.814	88.848	24	0	0	1	0	0	0	1	0	1	0	60
2013/12/28-12:25:05	68	1,418.814	88.848	1	0	0	0	0	0	1	1	0	0	1	3
2013/12/28-12:25:41	68	1,418.814	88.848	1	0	0	0	0	0	1	1	0	0	1	3
2013/12/28-12:32:27	68	1,418.814	88.848	1	0	0	0	0	0	1	1	0	0	1	3
2013/12/28-12:33:46	68	1,418.814	88.848	1	0	0	0	1	0	1	1	0	0	1	3
2013/12/28-12:34:08	68	1,418.814	88.848	1	0	0	0	0	0	1	1	0	0	1	3
2013/12/28-12:34:30	68	1,418.814	88.848	7	0	0	0	1	0	0	1	1	0	0	23
2013/12/28-12:35:20	68	1,418.814	88.848	29	0	0	0	0	0	1	1	0	0	1	57
2013/12/28-13:24:22	75	1,345.059	78.576	17	0	0	0	1	0	0	1	1	0	0	60
2013/12/28-13:25:42	75	1,345.059	78.576	17	0	1	0	1	0	0	1	0	0	1	43
2013/12/28-13:26:43	75	1,345.059	78.576	8	0	1	0	1	0	0	1	0	0	1	37
2013/12/28-13:27:52	75	1,345.059	78.576	1	0	1	0	0	0	0	1	0	0	1	3
2013/12/28-13:28:14	75	1,345.059	78.576	3	0	1	0	0	0	0	1	0	0	1	12
2013/12/28-13:41:49	75	1,345.059	78.576	1	0	0	0	0	0	1	1	0	0	1	3
2013/12/28-13:43:08	75	1,345.059	78.576	2	0	0	0	0	0	1	1	0	0	1	6
2013/12/28-13:43:51	75	1,345.059	78.576	3	0	1	0	0	0	0	1	0	0	1	8
2013/12/28-13:44:22	75	1,345.059	78.576	3	0	0	0	0	0	1	1	0	0	1	11
2013/12/28-13:45:09	75	1,345.059	78.576	1	0	1	0	0	0	0	1	0	0	1	6
2013/12/28-13:56:56	77	1,350.285	72.009	1	0	1	0	0	0	0	1	0	0	1	3
2013/12/28-13:57:41	77	1,350.285	72.009	2	0	1	0	0	0	0	1	0	0	1	6
2013/12/28-13:58:06	77	1,350.285	72.009	3	0	1	0	0	0	0	1	0	0	1	11
2013/12/28-13:58:36	77	1,350.285	72.009	11	0	1	0	0	0	0	1	0	0	1	43
2013/12/28-13:59:38	77	1,350.285	72.009	1	0	0	0	1	0	1	1	0	0	1	3
2013/12/28-17:42:42	74	1,362.579	76.863	1	0	1	0	1	0	0	1	0	0	1	3
2013/12/28-17:43:11	74	1,362.579	76.863	8	0	0	0	0	0	1	1	0	0	1	24
2013/12/28-17:43:54	74	1,362.579	76.863	9	0	0	0	0	0	1	1	0	0	1	18
2013/12/28-17:44:31	74	1,362.579	76.863	7	0	0	2	1	0	1	1	0	0	1	23
2013/12/28-17:45:13	74	1,362.579	76.863	4	0	0	0	0	0	0	1	1	0	0	17
2013/12/28-18:02:55	74	1,362.579	76.863	1	0	0	0	0	0	1	1	0	0	1	3
2013/12/28-18:04:14	74	1,362.579	76.863	24	0	0	1	0	0	0	1	1	0	0	60
2013/12/28-18:05:33	74	1,362.579	76.863	11	0	0	3	0	0	1	1	0	0	1	54
2013/12/28-18:06:53	69	1,390.737	69.178	6	0	0	0	0	0	1	1	0	0	1	17
2013/12/28-18:08:12	69	1,390.737	69.178	1	0	0	0	0	0	1	1	0	0	1	3
2013/12/28-18:18:29	69	1,390.737	69.178	2	0	1	0	2	0	0	1	0	0	1	7
2013/12/28-18:18:56	69	1,390.737	69.178	1	0	0	0	0	0	1	1	0	0	1	3
2013/12/28-18:19:51	69	1,390.737	69.178	8	0	1	0	1	0	0	1	0	0	1	20
2013/12/28-18:20:31	69	1,390.737	69.178	1	0	0	0	1	0	1	1	0	0	1	3
2013/12/28-18:20:56	69	1,390.737	69.178	6	0	0	2	0	0	1	1	0	0	1	26
2013/12/29-01:50:52	78	1,340.575	83.655	1	0	1	0	1	0	0	1	0	0	1	3
2013/12/29-01:51:14	78	1,340.575	83.655	6	0	0	0	1	0	0	1	1	0	0	16
2013/12/29-01:51:49	78	1,340.575	83.655	6	0	0	0	2	0	1	1	0	0	1	20
2013/12/29-01:52:29	78	1,340.575	83.655	2	0	1	0	0	0	0	1	0	0	1	3
2013/12/29-01:53:05	78	1,340.575	83.655	1	0	0	0	1	0	1	1	0	0	1	3
2013/12/29-02:05:20	76	1,361.244	76.79	24	0	0	0	1	0	0	1	1	0	0	60
2013/12/29-02:06:39	76	1,361.244	76.79	1	0	1	0	0	0	0	1	0	0	1	3
2013/12/29-02:07:36	76	1,361.244	76.79	1	0	0	0	0	0	1	1	0	0	1	3
2013/12/29-02:08:02	76	1,361.244	76.79	1	0	0	0	0	0	0	1	1	0	0	3
2013/12/29-02:08:24	76	1,361.244	76.79	1	0	0	0	0	0	0	1	1	0	0	6
2013/12/29-02:24:05	76	1,361.244	76.79	1	0	0	0	0	0	1	1	0	0	1	3
2013/12/29-02:24:28	76	1,361.244	76.79	7	0	0	0	0	0	1	1	0	0	1	16
2013/12/29-02:25:48	76	1,361.244	76.79	1	0	0	0	0	0	1	1	0	0	1	3
2013/12/29-02:26:45	76	1,361.244	76.79	5	0	0	0	1	0	1	1	0	0	1	16
2013/12/29-02:27:20	76	1,361.244	76.79	1	0	0	0	2	0	1	1	0	0	1	3
2013/12/29-07:45:07	79	1,335.024	83.655	7	0	0	0	0	0	1	1	0	0	1	23
2013/12/29-07:45:49	79	1,335.024	83.655	5	0	1	0	0	0	0	1	0	0	1	18
2013/12/29-07:47:08	79	1,335.024	83.655	1	0	0	0	1	0	1	1	0	0	1	3
2013/12/29-07:47:35	79	1,335.024	83.655	28	0	0	0	2	0	0	1	1	0	0	60
2013/12/29-07:48:54	79	1,335.024	83.655	2	0	1	0	2	0	0	1	0	0	1	6
2013/12/29-07:56:23	79	1,335.024	83.655	3	0	0	0	1	0	0	1	1	0	0	9
2013/12/29-07:56:51	79	1,335.024	83.655	1	0	0	0	0	0	1	1	0	0	1	3
2013/12/29-07:58:02	79	1,335.024	83.655	23	0	0	0	3	0	0	1	1	0	0	44
2013/12/29-07:59:05	79	1,335.024	83.655	1	0	0	0	0	0	1	1	0	0	1	3
2013/12/29-07:59:28	79	1,335.024	83.655	23	0	0	0	0	0	0	1	1	0	0	60
2013/12/29-08:18:22	74	1,377.787	73.242	1	0	1	0	1	0	0	1	0	0	1	3
2013/12/29-08:18:48	74	1,377.787	73.242	1	0	1	0	0	0	0	1	0	0	1	3
2013/12/29-08:19:11	74	1,377.787	73.242	11	0	0	0	1	0	0	1	1	0	0	28
2013/12/29-08:19:58	74	1,377.787	73.242	9	0	0	0	0	0	0	1	1	0	0	30
2013/12/29-08:20:47	74	1,377.787	73.242	2	0	0	0	3	0	0	1	1	0	0	6
2013/12/29-18:10:16	69	1,412.529	90.285	2	0	0	0	0	0	1	1	0	0	1	6
2013/12/29-18:10:59	69	1,412.529	90.285	1	0	0	0	0	0	1	1	0	0	1	3
2013/12/29-18:11:37	69	1,412.529	90.285	3	0	0	0	0	0	1	1	0	0	1	9
2013/12/29-18:12:23	69	1,412.529	90.285	3	0	1	0	0	0	0	1	0	0	1	16
2013/12/29-18:13:05	69	1,412.529	90.285	1	0	0	0	0	0	1	1	0	0	1	3
2013/12/29-18:23:11	79	1,328.528	82.758	1	0	0	0	0	0	1	1	0	0	1	3
2013/12/29-18:23:38	79	1,328.528	82.758	3	0	0	0	0	0	1	1	0	0	1	8
2013/12/29-18:24:05	79	1,328.528	82.758	3	0	0	0	0	0	1	1	0	0	1	8
2013/12/29-18:24:35	79	1,328.528	82.758	1	0	0	0	0	0	1	1	0	0	1	3
2013/12/29-18:24:59	79	1,328.528	82.758	16	0	0	2	0	0	1	1	0	0	1	45
2013/12/29-20:43:20	79	1,328.528	82.758	1	0	0	0	0	0	1	1	0	0	1	3
2013/12/29-20:43:47	79	1,328.528	82.758	4	0	0	0	0	0	0	1	1	0	0	11
2013/12/29-20:44:17	79	1,328.528	82.758	3	0	0	1	0	0	0	1	1	0	0	9
2013/12/29-20:44:45	79	1,328.528	82.758	6	0	0	0	1	0	0	1	1	0	0	20
2013/12/29-20:45:24	79	1,328.528	82.758	3	0	0	0	0	0	0	1	1	0	0	8
2013/12/30-03:52:00	79	1,297.356	88.532	1	0	0	0	0	0	1	1	0	0	1	3
2013/12/30-03:52:33	79	1,297.356	88.532	2	0	0	0	0	0	1	1	0	0	1	5
2013/12/30-03:53:18	79	1,297.356	88.532	2	0	0	0	0	0	1	1	0	0	1	3
2013/12/30-03:53:43	79	1,297.356	88.532	2	0	0	0	0	0	1	1	0	0	1	6
2013/12/30-03:54:11	79	1,297.356	88.532	5	0	0	1	0	0	1	1	0	0	1	13
2013/12/30-03:55:33	79	1,297.356	88.532	1	0	0	0	0	0	1	1	0	0	1	3
2013/12/30-03:56:14	79	1,297.356	88.532	1	0	0	0	0	0	1	1	0	0	1	3
2013/12/30-03:56:49	79	1,297.356	88.532	1	0	0	0	0	0	1	1	0	0	1	3
2013/12/30-03:58:08	79	1,297.356	88.532	25	0	0	0	0	0	0	1	1	0	0	60
2013/12/30-03:59:27	79	1,297.356	88.532	1	0	0	0	0	0	1	1	0	0	1	3
2013/12/30-04:15:19	79	1,297.356	88.532	6	0	0	1	0	0	0	1	1	0	0	14
2013/12/30-04:15:52	79	1,297.356	88.532	2	0	0	0	0	0	1	1	0	0	1	6
2013/12/30-04:16:24	79	1,297.356	88.532	5	0	0	1	0	0	1	1	0	0	1	14
2013/12/30-04:16:57	79	1,297.356	88.532	2	0	0	0	0	0	1	1	0	0	1	6
2013/12/30-04:17:38	79	1,297.356	88.532	1	0	0	0	0	0	1	1	0	0	1	3
2013/12/30-04:37:55	85	1,201.358	74.521	1	0	0	0	0	0	1	1	0	0	1	3
2013/12/30-04:38:18	85	1,201.358	74.521	1	0	0	0	0	0	1	1	0	0	1	3
2013/12/30-04:38:45	85	1,201.358	74.521	4	0	0	0	0	0	1	1	0	0	1	11
2013/12/30-04:39:15	85	1,201.358	74.521	1	0	0	0	0	0	1	1	0	0	1	3
2013/12/30-04:39:38	85	1,201.358	74.521	3	0	0	0	0	0	0	1	1	0	0	8
2013/12/30-04:49:41	85	1,201.358	74.521	3	0	0	0	0	0	0	1	1	0	0	8
2013/12/30-04:50:08	85	1,201.358	74.521	3	0	0	0	0	0	0	1	1	0	0	8
2013/12/30-04:50:36	85	1,201.358	74.521	3	0	0	1	0	0	0	1	1	0	0	8
2013/12/30-04:51:03	84	1,212.744	67.344	4	0	0	0	0	0	0	1	1	0	0	10
2013/12/30-04:51:32	84	1,212.744	67.344	3	0	0	0	0	0	0	1	1	0	0	8
2013/12/30-05:02:15	84	1,212.744	67.344	1	0	0	0	0	0	1	1	0	0	1	3
2013/12/30-05:02:42	84	1,212.744	67.344	1	0	0	0	0	0	1	1	0	0	1	3
2013/12/30-05:03:09	84	1,212.744	67.344	6	0	0	1	0	0	0	1	1	0	0	13
2013/12/30-05:03:42	84	1,212.744	67.344	5	0	0	0	0	0	0	1	1	0	0	17
2013/12/30-05:04:18	84	1,212.744	67.344	3	0	0	0	0	0	0	1	1	0	0	8
2013/12/30-13:16:20	83	1,249.228	83.855	3	0	0	0	0	0	1	1	0	0	1	8
2013/12/30-13:17:39	83	1,249.228	83.855	8	0	1	0	0	0	0	1	0	0	1	21
2013/12/30-13:18:19	83	1,249.228	83.855	8	0	0	0	0	0	1	1	0	0	1	24
2013/12/30-13:19:09	83	1,249.228	83.855	1	0	0	0	0	0	1	1	0	0	1	3
2013/12/30-13:19:32	83	1,249.228	83.855	1	0	0	0	0	0	1	1	0	0	1	3
2013/12/30-13:20:04	83	1,249.228	83.855	1	0	0	0	0	0	1	1	0	0	1	3
2013/12/30-13:20:31	83	1,249.228	83.855	3	0	0	1	0	0	0	1	1	0	0	8
2013/12/30-13:20:58	83	1,249.228	83.855	2	0	0	0	0	0	1	1	0	0	1	5
2013/12/30-13:21:23	83	1,249.228	83.855	1	0	0	0	0	0	1	1	0	0	1	3
2013/12/30-13:21:49	83	1,249.228	83.855	6	0	0	3	1	0	1	1	0	0	1	16
2013/12/30-13:33:40	85	1,190.334	73.613	1	0	0	0	0	0	1	1	0	0	1	3
2013/12/30-13:34:10	85	1,190.334	73.613	22	0	0	3	1	0	0	1	1	0	0	60
2013/12/30-13:35:29	85	1,190.334	73.613	1	0	0	0	0	0	1	1	0	0	1	3
2013/12/30-13:36:12	85	1,190.334	73.613	1	0	0	0	0	0	1	1	0	0	1	3
2013/12/30-13:36:37	85	1,190.334	73.613	3	0	0	0	0	0	0	1	1	0	0	7
2013/12/30-20:22:16	85	1,185.314	83.973	1	0	0	0	0	0	1	1	0	0	1	3
2013/12/30-20:22:42	85	1,185.314	83.973	1	0	0	0	0	0	1	1	0	0	1	3
2013/12/30-20:23:13	85	1,185.314	83.973	6	0	0	0	0	0	1	1	0	0	1	16
2013/12/30-20:23:55	85	1,185.314	83.973	3	0	0	0	0	0	1	1	0	0	1	10
2013/12/30-20:24:26	85	1,185.314	83.973	10	0	0	2	0	0	1	1	0	0	1	27
2013/12/30-20:30:03	85	1,185.314	83.973	1	0	0	0	0	0	1	1	0	0	1	3
2013/12/30-20:30:30	85	1,185.314	83.973	3	0	0	1	0	0	0	1	1	0	0	8
2013/12/30-20:30:57	85	1,185.314	83.973	3	0	0	0	0	0	1	1	0	0	1	8
2013/12/30-20:31:24	85	1,185.314	83.973	3	0	0	2	0	0	0	1	1	0	0	8
2013/12/30-20:31:51	85	1,185.314	83.973	4	0	0	0	0	0	1	1	0	0	1	10
2013/12/30-20:42:16	88	1,149.841	73.463	3	0	0	0	0	0	1	1	0	0	1	8
2013/12/30-20:42:44	88	1,149.841	73.463	1	0	0	0	0	0	1	1	0	0	1	3
2013/12/30-20:43:11	88	1,149.841	73.463	3	0	0	0	0	0	0	1	1	0	0	8
2013/12/30-20:43:38	88	1,149.841	73.463	3	0	0	0	0	0	0	1	1	0	0	8
2013/12/30-20:44:05	88	1,149.841	73.463	1	0	0	0	0	0	1	1	0	0	1	3
2013/12/31-11:06:37	92	1,139.921	100.407	24	0	0	0	1	0	0	1	1	0	0	60
2013/12/31-11:07:56	92	1,139.921	100.407	1	0	0	0	0	0	1	1	0	0	1	3
2013/12/31-11:08:31	92	1,139.921	100.407	1	0	0	0	0	0	1	1	0	0	1	3
2013/12/31-11:08:58	92	1,139.921	100.407	1	0	0	0	0	0	1	1	0	0	1	3
2013/12/31-11:09:26	92	1,139.921	100.407	23	0	0	0	1	0	1	1	0	0	1	45
2013/12/31-11:14:09	92	1,139.921	100.407	1	0	0	0	0	0	1	1	0	0	1	3
2013/12/31-11:14:42	92	1,139.921	100.407	10	0	1	0	0	0	0	1	0	0	1	20
2013/12/31-11:15:21	92	1,139.921	100.407	1	0	1	0	0	0	0	1	0	0	1	3
2013/12/31-11:15:54	92	1,139.921	100.407	2	0	0	0	0	0	1	1	0	0	1	21
2013/12/31-11:16:37	92	1,139.921	100.407	16	0	1	0	0	0	0	1	0	0	1	53
2013/12/31-11:30:34	92	1,139.921	100.407	31	0	0	0	0	0	0	1	1	0	0	60
2013/12/31-11:31:53	92	1,139.921	100.407	5	0	0	0	1	0	1	1	0	0	1	16
2013/12/31-11:33:12	92	1,139.921	100.407	7	0	0	1	0	0	1	1	0	0	1	21
2013/12/31-11:33:52	92	1,139.921	100.407	1	0	1	0	0	0	0	1	0	0	1	5
2013/12/31-11:34:20	92	1,139.921	100.407	9	0	0	0	0	0	1	1	0	0	1	29
2013/12/31-15:22:19	81	1,292.375	97.149	8	0	1	0	1	0	0	1	0	0	1	25
2013/12/31-15:23:03	81	1,292.375	97.149	1	0	0	0	0	0	1	1	0	0	1	3
2013/12/31-15:23:35	81	1,292.375	97.149	1	0	0	0	0	0	1	1	0	0	1	3
2013/12/31-15:24:01	81	1,292.375	97.149	5	0	1	0	0	0	0	1	0	0	1	22
2013/12/31-15:24:41	81	1,292.375	97.149	1	0	1	0	0	0	0	1	0	0	1	3
2013/12/31-15:34:17	81	1,292.375	97.149	3	0	0	0	0	0	1	1	0	0	1	10
2013/12/31-15:34:46	81	1,292.375	97.149	1	0	1	0	0	0	0	1	0	0	1	3
2013/12/31-15:35:08	81	1,292.375	97.149	5	0	0	0	0	0	1	1	0	0	1	14
2013/12/31-15:35:43	81	1,292.375	97.149	4	0	0	0	3	0	0	1	1	0	0	12
2013/12/31-15:36:14	81	1,292.375	97.149	3	0	0	0	0	0	0	1	1	0	0	9
2013/12/31-15:48:40	78	1,337.289	84.302	1	0	0	0	0	0	1	1	0	0	1	3
2013/12/31-15:49:02	78	1,337.289	84.302	1	0	0	0	0	0	1	1	0	0	1	3
2013/12/31-15:49:39	78	1,337.289	84.302	7	0	0	0	1	0	1	1	0	0	1	15
2013/12/31-15:50:14	78	1,337.289	84.302	1	0	0	0	0	0	1	1	0	0	1	3
2013/12/31-15:50:41	78	1,337.289	84.302	2	0	0	0	1	0	1	1	0	0	1	6
2013/12/31-19:16:45	81	1,297.932	86.455	1	0	0	0	1	0	1	1	0	0	1	3
2013/12/31-19:17:07	81	1,297.932	86.455	1	0	0	0	0	0	1	1	0	0	1	3
2013/12/31-19:17:37	81	1,297.932	86.455	2	0	1	0	0	0	0	1	0	0	1	5
2013/12/31-19:18:21	81	1,297.932	86.455	2	0	1	0	0	0	0	1	1	0	0	10
2013/12/31-19:18:50	81	1,297.932	86.455	10	0	1	1	0	0	0	1	0	0	1	32
2013/12/31-19:33:26	81	1,322.135	80.374	1	0	1	0	0	0	0	1	0	0	1	3
2013/12/31-19:33:49	81	1,322.135	80.374	2	0	1	0	0	0	0	1	0	0	1	3
2013/12/31-19:34:11	81	1,322.135	80.374	1	0	0	0	1	0	0	1	1	0	0	3
2013/12/31-19:34:33	81	1,322.135	80.374	8	0	0	0	1	0	0	1	1	0	0	18
2013/12/31-19:35:09	81	1,322.135	80.374	1	0	0	0	0	0	1	1	0	0	1	3
2013/12/31-19:42:55	81	1,322.135	80.374	2	0	0	0	1	0	0	1	1	0	0	4
2013/12/31-19:43:17	81	1,322.135	80.374	17	0	0	0	0	0	0	1	1	0	0	59
2013/12/31-19:44:36	81	1,322.135	80.374	11	0	0	0	2	0	1	1	0	0	1	22
2013/12/31-19:45:16	81	1,322.135	80.374	2	0	0	0	0	0	1	1	0	0	1	3
2013/12/31-19:46:24	81	1,322.135	80.374	3	0	1	0	0	0	0	1	0	0	1	10
2013/12/31-23:19:38	78	1,336.18	80.664	5	0	0	0	0	0	1	1	0	0	1	15
2013/12/31-23:20:12	78	1,336.18	80.664	26	0	0	0	0	0	0	1	1	0	0	60
2013/12/31-23:21:31	78	1,336.18	80.664	4	0	0	2	0	0	1	1	0	0	1	15
2013/12/31-23:22:05	78	1,336.18	80.664	1	0	0	0	0	0	1	1	0	0	1	3
2013/12/31-23:22:27	78	1,336.18	80.664	5	0	0	0	1	0	0	1	1	0	0	9
2013/12/31-23:42:55	76	1,360.873	74.473	3	0	1	0	1	0	0	1	0	0	1	7
2013/12/31-23:43:21	76	1,360.873	74.473	7	0	0	0	1	0	1	1	0	0	1	20
2013/12/31-23:43:59	76	1,360.873	74.473	1	0	0	0	0	0	0	1	1	0	0	6
2013/12/31-23:44:24	76	1,360.873	74.473	13	0	0	0	1	0	0	1	1	0	0	33
2013/12/31-23:45:16	76	1,360.873	74.473	1	0	0	0	1	0	1	1	0	0	1	3
2013/12/31-23:54:08	75	1,392.309	69.262	3	0	0	0	1	0	0	1	1	0	0	8
2013/12/31-23:54:35	75	1,392.309	69.262	1	0	0	0	0	0	1	1	0	0	1	3
2013/12/31-23:55:54	75	1,392.309	69.262	3	0	0	0	1	0	1	1	0	0	1	13
2013/12/31-23:56:26	75	1,392.309	69.262	10	0	0	0	0	0	1	1	0	0	1	21
2013/12/31-23:57:26	75	1,392.309	69.262	1	0	0	0	0	0	1	1	0	0	1	3
2014/01/01-03:41:43	75	1,384.493	75.553	1	0	0	0	1	0	1	1	0	0	1	3
2014/01/01-03:42:06	75	1,384.493	75.553	1	0	1	0	1	0	0	1	0	0	1	4
2014/01/01-03:42:29	75	1,384.493	75.553	9	0	0	0	0	0	0	1	1	0	0	30
2014/01/01-03:43:18	75	1,384.493	75.553	1	0	0	0	0	0	1	1	0	0	1	3
2014/01/01-03:43:43	75	1,384.493	75.553	7	0	0	0	0	0	0	1	1	0	0	18
2014/01/01-03:49:32	75	1,384.493	75.553	1	0	1	0	0	0	0	1	0	0	1	6
2014/01/01-03:50:13	75	1,384.493	75.553	7	0	0	0	0	0	1	1	0	0	1	26
2014/01/01-03:51:15	75	1,384.493	75.553	1	0	0	0	0	0	1	1	0	0	1	3
2014/01/01-03:52:34	75	1,384.493	75.553	1	0	0	0	0	0	1	1	0	0	1	3
2014/01/01-03:53:03	75	1,384.493	75.553	4	0	0	0	1	0	1	1	0	0	1	11
2014/01/01-04:01:50	77	1,353.545	67.805	1	0	0	0	0	0	1	1	0	0	1	3
2014/01/01-04:02:19	77	1,353.545	67.805	2	0	1	0	0	0	0	1	0	0	1	9
2014/01/01-04:02:54	77	1,353.545	67.805	5	0	0	0	1	0	1	1	0	0	1	28
2014/01/01-04:03:41	77	1,353.545	67.805	12	0	0	0	0	0	1	1	0	0	1	50
2014/01/01-04:04:50	77	1,353.545	67.805	1	0	1	0	0	0	0	1	0	0	1	3
2014/01/01-07:35:09	79	1,336.847	74.533	1	0	0	0	0	0	1	1	0	0	1	3
2014/01/01-07:36:28	79	1,336.847	74.533	3	0	0	3	0	0	1	1	0	0	1	11
2014/01/01-07:36:58	79	1,336.847	74.533	1	0	1	0	1	0	0	1	0	0	1	3
2014/01/01-07:37:26	79	1,336.847	74.533	5	0	1	0	0	0	0	1	0	0	1	16
2014/01/01-07:38:01	79	1,336.847	74.533	1	0	1	0	0	0	0	1	0	0	1	3
2014/01/01-07:52:30	78	1,333.284	70.513	1	0	0	0	2	0	0	1	1	0	0	6
2014/01/01-07:52:55	78	1,333.284	70.513	3	0	0	1	1	0	0	1	1	0	0	6
2014/01/01-07:53:20	78	1,333.284	70.513	6	0	0	0	0	0	0	1	1	0	0	17
2014/01/01-07:53:56	78	1,333.284	70.513	1	0	0	0	1	0	1	1	0	0	1	3
2014/01/01-07:54:20	78	1,333.284	70.513	1	0	0	0	0	0	1	1	0	0	1	3
2014/01/01-08:07:46	78	1,333.284	70.513	1	0	0	0	2	0	0	1	1	0	0	3
2014/01/01-08:08:08	78	1,333.284	70.513	6	0	0	0	0	0	0	1	1	0	0	19
2014/01/01-08:08:46	78	1,333.284	70.513	3	0	0	0	0	0	0	1	1	0	0	9
2014/01/01-08:09:13	78	1,333.284	70.513	1	0	0	0	1	0	1	1	0	0	1	3
2014/01/01-08:09:35	78	1,333.284	70.513	1	0	0	0	0	0	1	1	0	0	1	3
2014/01/01-12:36:20	78	1,346.94	77.744	1	0	0	0	0	0	1	1	0	0	1	3
2014/01/01-12:36:45	78	1,346.94	77.744	8	0	0	3	1	0	0	1	1	0	0	34
2014/01/01-12:37:38	78	1,346.94	77.744	25	0	0	0	0	0	0	1	0	0	1	60
2014/01/01-12:38:57	78	1,346.94	77.744	17	0	1	0	2	0	0	1	0	0	1	36
2014/01/01-12:39:52	78	1,346.94	77.744	3	0	0	0	0	0	1	1	0	0	1	8
2014/01/01-12:48:26	78	1,346.94	77.744	2	0	1	0	0	0	0	1	0	0	1	9
2014/01/01-12:49:45	72	1,391.774	72.324	2	0	0	0	0	0	1	1	0	0	1	6
2014/01/01-12:51:04	72	1,391.774	72.324	2	0	1	0	0	0	0	1	0	0	1	3
2014/01/01-12:51:46	72	1,391.774	72.324	2	0	1	0	0	0	0	1	0	0	1	10
2014/01/01-12:52:41	72	1,391.774	72.324	1	0	0	0	0	0	1	1	0	0	1	3
2014/01/01-13:04:24	72	1,391.774	72.324	2	0	0	0	0	0	1	1	0	0	1	3
2014/01/01-13:04:54	72	1,391.774	72.324	1	0	0	0	0	0	1	1	0	0	1	3
2014/01/01-13:05:44	72	1,391.774	72.324	1	0	1	0	0	0	0	1	0	0	1	3
2014/01/01-13:06:07	72	1,391.774	72.324	2	0	1	0	0	0	0	1	1	0	0	4
2014/01/01-13:06:29	72	1,391.774	72.324	3	0	1	0	0	0	0	1	0	0	1	11
2014/01/01-22:50:13	79	1,342.043	78.729	3	0	0	0	0	0	1	1	0	0	1	8
2014/01/01-22:50:53	79	1,342.043	78.729	1	0	0	0	0	0	1	1	0	0	1	3
2014/01/01-22:51:54	79	1,342.043	78.729	11	0	0	5	0	0	1	1	0	0	1	33
2014/01/01-22:52:46	79	1,342.043	78.729	2	0	1	0	1	0	0	1	0	0	1	6
2014/01/01-22:53:25	79	1,342.043	78.729	1	0	0	0	0	0	1	1	0	0	1	3
2014/01/01-23:02:01	79	1,342.043	78.729	1	0	1	0	0	0	0	1	0	0	1	6
2014/01/01-23:02:37	79	1,342.043	78.729	1	0	1	0	1	0	0	1	0	0	1	3
2014/01/01-23:02:58	79	1,342.043	78.729	8	0	0	1	0	0	1	1	0	0	1	23
2014/01/01-23:03:40	79	1,342.043	78.729	5	0	0	0	0	0	0	1	1	0	0	18
2014/01/01-23:04:17	79	1,342.043	78.729	1	0	0	0	0	0	1	1	0	0	1	3
2014/01/01-23:16:13	79	1,342.043	78.729	3	0	0	0	2	0	0	1	1	0	0	7
2014/01/01-23:16:40	79	1,342.043	78.729	1	0	0	0	0	0	1	1	0	0	1	3
2014/01/01-23:17:02	79	1,342.043	78.729	2	0	1	0	0	0	0	1	0	0	1	6
2014/01/01-23:17:26	79	1,343.488	68.505	1	0	0	0	1	0	1	1	0	0	1	5
2014/01/01-23:17:51	79	1,343.488	68.505	8	0	1	6	0	0	0	1	0	0	1	29
2014/01/02-03:09:11	80	1,339.726	77.403	2	0	1	0	0	0	0	1	0	0	1	12
2014/01/02-03:09:49	80	1,339.726	77.403	3	0	1	0	1	0	0	1	0	0	1	9
2014/01/02-03:10:17	80	1,339.726	77.403	2	0	0	0	0	0	1	1	0	0	1	6
2014/01/02-03:11:00	80	1,339.726	77.403	1	0	0	0	0	0	0	1	1	0	0	4
2014/01/02-03:11:23	80	1,339.726	77.403	1	0	1	0	0	0	0	1	0	0	1	3
2014/01/02-03:22:27	80	1,339.726	77.403	2	0	0	0	0	0	1	1	0	0	1	6
2014/01/02-03:22:53	80	1,339.726	77.403	7	0	1	0	0	0	0	1	0	0	1	22
2014/01/02-03:23:34	80	1,339.726	77.403	4	0	0	0	1	0	0	1	1	0	0	11
2014/01/02-03:24:03	80	1,339.726	77.403	1	0	0	0	0	0	1	1	0	0	1	3
2014/01/02-03:24:30	80	1,339.726	77.403	7	0	0	5	0	0	0	1	1	0	0	25
2014/01/02-03:34:39	81	1,339.315	68.648	4	0	0	0	0	0	0	1	1	0	0	11
2014/01/02-03:35:09	81	1,339.315	68.648	2	0	1	0	1	0	0	1	0	0	1	3
2014/01/02-03:35:47	81	1,339.315	68.648	1	0	0	0	0	0	1	1	0	0	1	3
2014/01/02-03:36:12	81	1,339.315	68.648	4	0	0	4	0	0	0	1	1	0	0	11
2014/01/02-03:36:41	81	1,339.315	68.648	1	0	0	0	1	0	1	1	0	0	1	3
2014/01/02-08:09:56	81	1,329.231	75.107	1	0	0	0	1	0	1	1	0	0	1	3
2014/01/02-08:10:21	81	1,329.231	75.107	4	0	1	0	1	0	0	1	0	0	1	10
2014/01/02-08:10:49	81	1,329.231	75.107	4	0	0	0	0	0	1	1	0	0	1	11
2014/01/02-08:11:33	81	1,329.231	75.107	1	0	0	0	0	0	1	1	0	0	1	7
2014/01/02-08:12:00	81	1,329.231	75.107	3	0	0	0	0	0	0	1	1	0	0	14
2014/01/02-08:23:56	77	1,351.074	70.748	2	0	1	0	0	0	0	1	0	0	1	6
2014/01/02-08:24:21	77	1,351.074	70.748	2	0	0	0	0	0	1	1	0	0	1	7
2014/01/02-08:25:38	77	1,351.074	70.748	1	0	0	0	0	0	1	1	0	0	1	3
2014/01/02-08:26:19	77	1,351.074	70.748	2	0	1	0	0	0	0	1	0	0	1	7
2014/01/02-08:26:54	77	1,351.074	70.748	3	0	1	0	0	0	0	1	0	0	1	13
2014/01/02-08:33:43	77	1,351.074	70.748	12	0	0	2	1	0	0	1	1	0	0	34
2014/01/02-08:34:36	77	1,351.074	70.748	4	0	0	1	1	0	1	1	0	0	1	11
2014/01/02-08:35:06	77	1,351.074	70.748	4	0	1	0	0	0	0	1	0	0	1	12
2014/01/02-08:36:20	77	1,351.074	70.748	1	0	1	0	1	0	0	1	0	0	1	3
2014/01/02-08:37:01	77	1,351.074	70.748	2	0	0	0	0	0	1	1	0	0	1	8
2014/01/02-13:09:31	79	1,335.775	78.778	1	0	0	0	0	0	1	1	0	0	1	3
2014/01/02-13:10:15	79	1,335.775	78.778	1	0	1	0	1	0	0	1	0	0	1	3
2014/01/02-13:10:37	79	1,335.775	78.778	31	0	0	0	1	0	0	1	1	0	0	60
2014/01/02-13:11:56	79	1,335.775	78.778	1	0	1	0	0	0	0	1	0	0	1	4
2014/01/02-13:12:19	79	1,335.775	78.778	3	0	1	0	0	0	0	1	0	0	1	13
2014/01/02-13:21:10	79	1,353.385	73.016	30	0	0	0	1	0	0	1	1	0	0	60
2014/01/02-13:22:29	79	1,353.385	73.016	4	0	0	0	2	0	0	1	1	0	0	9
2014/01/02-13:22:57	79	1,353.385	73.016	1	0	0	0	0	0	1	1	0	0	1	3
2014/01/02-13:23:53	79	1,353.385	73.016	1	0	1	0	1	0	0	1	0	0	1	5
2014/01/02-13:24:17	79	1,353.385	73.016	4	0	1	0	0	0	0	1	0	0	1	17
2014/01/02-13:41:02	79	1,353.385	73.016	6	0	1	0	0	0	0	1	0	0	1	19
2014/01/02-13:41:54	79	1,353.385	73.016	1	0	0	0	0	0	1	1	0	0	1	3
2014/01/02-13:42:41	79	1,353.385	73.016	1	0	0	0	0	0	1	1	0	0	1	3
2014/01/02-13:43:48	79	1,353.385	73.016	4	0	0	0	0	0	1	1	0	0	1	12
2014/01/02-13:44:23	79	1,353.385	73.016	1	0	1	0	0	0	0	1	0	0	1	11
2014/01/02-17:12:47	76	1,368.596	76.192	1	0	0	0	0	0	0	1	1	0	0	3
2014/01/02-17:13:10	76	1,368.596	76.192	3	0	1	0	0	0	0	1	0	0	1	8
2014/01/02-17:13:37	76	1,368.596	76.192	1	0	0	0	2	0	1	1	0	0	1	3
2014/01/02-17:13:59	76	1,368.596	76.192	3	0	0	0	0	0	0	1	1	0	0	8
2014/01/02-17:14:26	76	1,368.596	76.192	1	0	0	0	0	0	1	1	0	0	1	3
2014/01/02-17:33:14	75	1,390.319	71.483	8	0	0	1	0	0	1	1	0	0	1	22
2014/01/02-17:33:55	75	1,390.319	71.483	19	0	0	0	0	0	0	1	1	0	0	60
2014/01/02-17:35:14	75	1,390.319	71.483	1	0	0	0	0	0	1	1	0	0	1	3
2014/01/02-17:35:58	75	1,390.319	71.483	13	0	0	0	0	0	1	1	0	0	1	27
2014/01/02-17:36:44	75	1,390.319	71.483	1	0	1	0	1	0	0	1	0	0	1	6
2014/01/02-17:46:32	73	1,403.919	67.248	7	0	0	0	0	0	1	1	0	0	1	24
2014/01/02-17:47:42	73	1,403.919	67.248	4	0	1	0	0	0	0	1	0	0	1	9
2014/01/02-17:48:44	73	1,403.919	67.248	1	0	1	0	0	0	0	1	0	0	1	5
2014/01/02-17:50:03	73	1,403.919	67.248	1	0	0	0	0	0	1	1	0	0	1	3
2014/01/02-17:50:37	73	1,403.919	67.248	1	0	0	0	0	0	1	1	0	0	1	3
