2013/09/02-14:33:41	29	1,500	350.155	0	0	1	0	0	0	0	1	0	0	1	27
2013/09/02-14:34:27	29	1,500	350.155	13	0	0	0	0	0	1	1	0	0	1	48
2013/09/02-14:35:33	29	1,500	350.155	11	0	0	0	1	0	0	1	1	0	0	60
2013/09/02-14:36:52	29	1,500	350.155	11	0	0	3	0	0	0	1	1	0	0	60
2013/09/02-14:38:11	29	1,500	350.155	4	0	1	4	0	0	0	1	0	0	1	16
2013/09/02-14:52:07	6	1,888.786	275.186	10	0	0	8	0	0	0	1	1	0	0	39
2013/09/02-14:53:05	6	1,888.786	275.186	3	0	0	0	1	0	0	1	1	0	0	10
2013/09/02-14:53:33	6	1,888.786	275.186	2	0	0	1	0	0	1	1	0	0	1	12
2013/09/02-14:54:04	6	1,888.786	275.186	1	0	1	0	0	0	0	1	0	0	1	3
2013/09/02-14:54:56	6	1,888.786	275.186	13	0	0	3	0	0	0	1	1	0	0	60
2013/09/02-15:11:25	3	2,021.23	225.824	3	0	0	0	0	0	1	1	0	0	1	20
2013/09/02-15:12:28	3	2,021.23	225.824	5	0	1	0	0	0	0	1	0	0	1	21
2013/09/02-15:13:07	3	2,021.23	225.824	2	0	0	0	0	0	1	1	0	0	1	14
2013/09/02-15:14:26	3	2,021.23	225.824	10	0	0	0	0	0	1	1	0	0	1	36
2013/09/02-15:15:45	3	2,021.23	225.824	10	0	0	1	0	0	0	1	1	0	0	60
2013/09/02-20:47:14	17	1,738.089	186.995	2	0	0	0	2	0	1	1	0	0	1	8
2013/09/02-20:47:41	17	1,738.089	186.995	13	0	0	0	0	0	0	1	1	0	0	60
2013/09/02-20:49:00	17	1,738.089	186.995	2	0	1	0	1	0	0	1	0	0	1	6
2013/09/02-20:50:08	17	1,738.089	186.995	6	0	0	12	0	0	1	1	0	0	1	26
2013/09/02-20:51:12	17	1,738.089	186.995	25	0	0	0	1	0	0	1	1	0	0	60
2013/09/02-21:18:52	22	1,693.579	156.463	3	0	0	0	1	0	0	1	1	0	0	15
2013/09/02-21:19:27	22	1,693.579	156.463	8	0	0	2	2	0	0	1	1	0	0	60
2013/09/02-21:20:45	22	1,693.579	156.463	0	0	1	0	0	0	0	1	0	0	1	4
2013/09/02-21:21:08	22	1,693.579	156.463	5	0	0	1	0	0	1	1	0	0	1	41
2013/09/02-21:22:08	22	1,693.579	156.463	5	0	0	4	1	0	0	1	1	0	0	19
2013/09/02-21:36:04	22	1,693.579	156.463	15	0	0	4	2	0	0	1	1	0	0	45
2013/09/02-21:37:09	22	1,693.579	156.463	4	0	0	0	0	0	1	1	0	0	1	25
2013/09/02-21:37:59	12	1,915.999	129.24	27	0	0	0	1	0	0	1	1	0	0	60
2013/09/02-21:39:18	12	1,915.999	129.24	11	0	0	2	0	0	0	1	1	0	0	60
2013/09/02-21:40:37	12	1,915.999	129.24	4	0	0	2	0	0	0	1	1	0	0	60
2013/09/03-01:27:23	15	1,931.856	119.919	20	0	1	0	0	0	0	1	0	0	1	49
2013/09/03-01:28:31	15	1,931.856	119.919	4	0	1	0	0	0	0	1	0	0	1	31
2013/09/03-07:01:35	15	1,931.856	119.919	9	0	0	0	0	0	0	1	1	0	0	60
2013/09/03-07:03:03	15	1,931.856	119.919	13	0	0	3	0	0	0	1	0	0	1	60
2013/09/03-07:04:22	15	1,931.856	119.919	1	0	1	0	0	0	0	1	0	0	1	3
2013/09/03-07:05:32	15	1,931.856	119.919	7	0	0	0	0	0	0	1	1	0	0	35
2013/09/03-07:15:10	10	2,066.465	106.63	8	0	0	0	0	0	1	1	0	0	1	37
2013/09/03-07:16:29	10	2,066.465	106.63	0	0	1	0	0	0	0	1	0	0	1	7
2013/09/03-07:17:48	10	2,066.465	106.63	9	0	0	2	0	0	0	1	0	0	1	60
2013/09/03-07:19:07	10	2,066.465	106.63	7	0	0	0	0	0	0	1	0	0	1	60
2013/09/03-07:20:26	10	2,066.465	106.63	1	0	0	0	0	0	1	1	0	0	1	3
2013/09/03-07:36:59	10	2,066.465	106.63	2	0	1	0	0	0	0	1	0	0	1	10
2013/09/03-07:37:36	10	2,066.465	106.63	7	0	1	5	0	0	0	1	0	0	1	27
2013/09/03-07:38:22	10	2,066.465	106.63	1	0	1	0	0	0	0	1	0	0	1	13
2013/09/03-07:38:55	10	2,066.465	106.63	13	0	0	0	0	0	0	1	1	0	0	47
2013/09/03-07:40:01	10	2,066.465	106.63	8	0	0	1	0	0	0	1	1	0	0	60
2013/09/03-17:06:28	8	2,168.027	97.024	5	0	1	0	0	0	0	1	0	0	1	15
2013/09/03-17:07:47	8	2,168.027	97.024	6	0	0	0	1	0	0	1	1	0	0	54
2013/09/03-17:09:00	8	2,168.027	97.024	0	0	1	0	0	0	0	1	0	0	1	7
2013/09/03-17:10:19	8	2,168.027	97.024	1	0	1	0	0	0	0	1	0	0	1	9
2013/09/03-17:10:53	8	2,168.027	97.024	3	0	1	0	0	0	0	1	0	0	1	9
2013/09/03-17:16:49	8	2,168.027	97.024	1	0	1	0	0	0	0	1	0	0	1	3
2013/09/03-17:17:54	8	2,168.027	97.024	7	0	1	0	0	0	0	1	0	0	1	40
2013/09/03-17:19:03	8	2,168.027	97.024	13	0	0	3	1	0	0	1	1	0	0	60
2013/09/03-17:20:22	8	2,168.027	97.024	6	0	0	12	1	0	0	1	1	0	0	33
2013/09/03-17:21:14	8	2,168.027	97.024	10	0	0	1	1	0	0	1	1	0	0	60
2013/09/03-17:40:17	9	2,127.771	83.917	3	0	0	1	0	0	1	1	0	0	1	15
2013/09/03-17:40:51	9	2,127.771	83.917	16	0	0	0	1	0	0	1	1	0	0	60
2013/09/03-17:42:10	9	2,127.771	83.917	2	0	1	0	0	0	0	1	0	0	1	10
2013/09/03-17:43:14	9	2,127.771	83.917	1	0	1	0	0	0	0	1	0	0	1	3
2013/09/03-17:43:55	9	2,127.771	83.917	10	0	1	0	0	0	0	1	0	0	1	48
2013/09/03-21:47:37	10	2,120.285	81.847	7	0	1	0	1	0	0	1	0	0	1	47
2013/09/03-21:48:44	10	2,120.285	81.847	2	0	1	0	0	0	0	1	0	0	1	52
2013/09/03-21:49:54	10	2,120.285	81.847	10	0	1	0	0	0	0	1	0	0	1	56
2013/09/03-21:51:13	10	2,120.285	81.847	1	0	0	0	2	0	1	1	0	0	1	7
2013/09/03-21:51:39	10	2,120.285	81.847	4	0	1	1	0	0	0	1	0	0	1	40
2013/09/03-22:09:58	10	2,138.518	75.848	2	0	1	0	0	0	0	1	0	0	1	28
2013/09/03-22:10:45	10	2,138.518	75.848	3	0	1	0	1	0	0	1	0	0	1	15
2013/09/03-22:11:21	10	2,138.518	75.848	2	0	1	0	0	0	0	1	0	0	1	6
2013/09/03-22:11:58	10	2,138.518	75.848	6	0	1	3	0	0	0	1	0	0	1	16
2013/09/03-22:12:38	10	2,138.518	75.848	4	0	0	1	0	0	0	1	1	0	0	21
2013/09/03-22:28:02	10	2,138.518	75.848	0	0	1	0	0	0	0	1	0	0	1	9
2013/09/03-22:29:00	10	2,138.518	75.848	2	0	0	0	0	0	1	1	0	0	1	5
2013/09/03-22:29:40	10	2,138.518	75.848	5	0	0	0	1	0	1	1	0	0	1	15
2013/09/03-22:30:14	10	2,138.518	75.848	13	0	0	0	1	0	0	1	1	0	0	57
2013/09/03-22:31:30	10	2,138.518	75.848	2	0	0	0	0	0	1	1	0	0	1	8
2013/09/04-17:30:33	12	2,111.385	73.933	16	0	0	0	1	0	0	1	1	0	0	60
2013/09/04-17:31:52	12	2,111.385	73.933	1	0	0	0	0	0	1	1	0	0	1	11
2013/09/04-17:32:55	12	2,111.385	73.933	8	0	0	0	0	0	0	1	0	0	1	60
2013/09/04-17:34:14	12	2,111.385	73.933	1	0	0	0	0	0	1	1	0	0	1	3
2013/09/04-17:35:06	12	2,111.385	73.933	2	0	0	0	0	0	1	1	0	0	1	6
2013/09/04-17:35:52	12	2,111.385	73.933	2	0	0	0	0	0	1	1	0	0	1	7
2013/09/04-17:36:44	12	2,111.385	73.933	3	0	1	0	0	0	0	1	0	0	1	21
2013/09/04-17:37:23	12	2,111.385	73.933	16	0	0	0	1	0	0	1	1	0	0	60
2013/09/04-17:38:42	12	2,111.385	73.933	1	0	1	0	0	0	0	1	0	0	1	4
2013/09/04-17:39:13	12	2,111.385	73.933	2	0	0	0	0	0	1	1	0	0	1	10
2013/09/04-17:57:57	13	2,090.088	65.95	1	0	1	0	0	0	0	1	0	0	1	12
2013/09/04-17:58:50	13	2,090.088	65.95	10	0	0	1	0	0	0	1	0	0	1	60
2013/09/04-18:00:09	13	2,090.088	65.95	1	0	0	0	0	0	1	1	0	0	1	3
2013/09/04-18:00:35	13	2,090.088	65.95	5	0	0	2	1	0	1	1	0	0	1	19
2013/09/04-18:01:41	13	2,090.088	65.95	4	0	1	0	0	0	0	1	0	0	1	47
2013/09/05-00:04:19	13	2,084.608	67.959	4	0	0	0	0	0	0	1	0	0	1	60
2013/09/05-00:05:38	13	2,092.189	67.144	1	0	0	0	0	0	1	1	0	0	1	3
2013/09/05-00:06:31	13	2,092.189	67.144	3	0	1	0	0	0	0	1	0	0	1	18
2013/09/05-00:07:44	13	2,092.189	67.144	1	0	1	0	0	0	0	1	0	0	1	19
2013/09/05-00:08:23	13	2,092.189	67.144	3	0	1	0	0	0	0	1	0	0	1	42
2013/09/05-00:18:44	13	2,092.189	67.144	3	0	1	0	0	0	0	1	0	0	1	30
2013/09/05-00:19:33	13	2,092.189	67.144	1	0	0	0	0	0	1	1	0	0	1	3
2013/09/05-00:20:11	13	2,092.189	67.144	2	0	1	0	0	0	0	1	0	0	1	8
2013/09/05-00:21:30	13	2,092.189	67.144	0	0	1	0	0	0	0	1	0	0	1	9
2013/09/05-00:21:58	13	2,092.189	67.144	4	0	0	3	0	0	0	1	1	0	0	25
2013/09/05-00:40:40	12	2,088.022	61.161	7	0	0	3	0	0	0	1	1	0	0	60
2013/09/05-00:41:59	12	2,088.022	61.161	11	0	0	0	1	0	0	1	1	0	0	60
2013/09/05-00:43:18	12	2,088.022	61.161	4	0	0	0	0	0	0	1	1	0	0	39
2013/09/05-00:44:15	12	2,088.022	61.161	4	0	0	1	1	0	1	1	0	0	1	20
2013/09/05-00:44:54	12	2,088.022	61.161	14	0	0	5	0	0	0	1	0	0	1	60
2013/09/05-07:58:49	10	2,124.4	64.441	9	0	1	2	0	0	0	1	0	0	1	40
2013/09/05-08:00:07	10	2,124.4	64.441	14	0	0	3	0	0	0	1	0	0	1	60
2013/09/05-08:01:26	10	2,124.4	64.441	5	0	0	2	0	0	0	1	0	0	1	60
2013/09/05-08:02:45	10	2,124.4	64.441	2	0	0	2	0	0	0	1	1	0	0	31
2013/09/05-08:03:35	10	2,124.4	64.441	10	0	0	3	0	0	0	1	0	0	1	60
2013/09/05-08:28:22	6	2,148.273	60.842	14	0	0	3	0	0	0	1	0	0	1	60
2013/09/05-08:29:41	6	2,148.273	60.842	5	0	0	1	0	0	1	1	0	0	1	14
2013/09/05-08:30:32	6	2,148.273	60.842	5	0	1	1	0	0	0	1	0	0	1	37
2013/09/05-10:28:48	6	2,148.273	60.842	4	0	0	2	0	0	1	1	0	0	1	55
2013/09/05-10:30:46	6	2,148.273	60.842	18	0	0	2	0	0	0	1	0	0	1	60
2013/09/05-10:50:16	6	2,148.273	60.842	2	0	1	1	0	0	0	1	0	0	1	14
2013/09/05-10:51:01	6	2,148.273	60.842	18	0	0	3	0	0	0	1	1	0	0	60
2013/09/05-10:52:20	6	2,148.273	60.842	8	0	0	4	0	0	0	1	1	0	0	60
2013/09/05-10:53:39	6	2,148.273	60.842	8	0	1	3	0	0	0	1	0	0	1	47
2013/09/05-10:54:46	6	2,148.273	60.842	12	0	0	3	1	0	0	1	1	0	0	60
2013/09/06-23:37:11	6	2,153.944	64.791	4	0	0	3	0	0	0	1	0	0	1	60
2013/09/06-23:38:32	6	2,153.944	64.791	12	0	0	2	0	0	0	1	0	0	1	60
2013/09/06-23:39:50	6	2,153.944	64.791	4	0	1	0	0	0	0	1	0	0	1	22
2013/09/06-23:41:09	6	2,153.944	64.791	12	0	0	5	0	0	0	1	1	0	0	60
2013/09/06-23:42:27	6	2,153.944	64.791	9	0	1	1	0	0	0	1	0	0	1	59
2013/09/07-00:18:22	6	2,158.612	61.193	7	0	1	0	0	0	0	1	0	0	1	32
2013/09/07-00:19:41	6	2,158.612	61.193	16	0	0	5	0	0	0	1	0	0	1	60
2013/09/07-00:20:59	6	2,158.612	61.193	10	0	0	2	1	0	0	1	1	0	0	60
2013/09/07-00:22:18	6	2,158.612	61.193	20	0	0	1	0	0	0	1	1	0	0	60
2013/09/07-00:23:37	6	2,158.612	61.193	6	0	1	1	0	0	0	1	0	0	1	21
2013/09/07-00:40:47	6	2,158.612	61.193	12	0	0	2	0	0	0	1	0	0	1	60
2013/09/07-00:42:06	6	2,158.612	61.193	8	0	1	2	0	0	0	1	0	0	1	34
2013/09/07-00:43:03	6	2,158.612	61.193	10	0	1	1	0	0	0	1	0	0	1	56
2013/09/07-00:44:22	6	2,158.612	61.193	1	0	0	0	0	0	1	1	0	0	1	6
2013/09/07-00:45:41	6	2,158.612	61.193	11	0	1	3	0	0	0	1	0	0	1	28
2013/09/08-18:49:50	7	2,143.803	61.494	5	0	0	2	0	0	0	1	1	0	0	26
2013/09/08-18:50:36	7	2,143.803	61.494	11	0	0	1	0	0	0	1	0	0	1	60
2013/09/08-18:51:55	7	2,143.803	61.494	13	0	0	2	0	0	0	1	0	0	1	60
2013/09/08-18:53:14	7	2,143.803	61.494	7	0	1	1	0	0	0	1	0	0	1	35
2013/09/08-18:54:08	7	2,143.803	61.494	5	0	1	1	0	0	0	1	0	0	1	17
2013/09/08-19:12:35	7	2,143.803	61.494	10	0	0	1	0	0	0	1	0	0	1	60
2013/09/08-19:13:55	7	2,143.803	61.494	10	0	0	3	0	0	0	1	0	0	1	60
2013/09/08-19:27:17	7	2,143.803	61.494	7	0	0	3	1	0	0	1	1	0	0	40
2013/09/08-19:28:17	7	2,143.803	61.494	12	0	0	1	0	0	0	1	0	0	1	60
2013/09/08-19:29:36	6	2,165.478	56.491	6	0	0	4	0	0	1	1	0	0	1	24
2013/09/08-20:19:31	6	2,165.478	56.491	12	0	0	1	0	0	0	1	0	0	1	60
2013/09/08-20:20:47	6	2,165.478	56.491	10	0	0	2	0	0	1	1	0	0	1	52
2013/09/08-20:22:06	6	2,165.478	56.491	6	0	0	1	0	0	1	1	0	0	1	32
2013/09/08-20:23:24	6	2,165.478	56.491	9	0	0	2	0	0	0	1	0	0	1	60
2013/09/08-20:24:43	6	2,165.478	56.491	5	0	0	1	0	0	0	1	0	0	1	60
2013/09/10-00:22:39	5	2,164.088	60.371	3	0	0	0	0	0	1	1	0	0	1	21
2013/09/10-00:23:35	5	2,164.088	60.371	6	0	0	1	0	0	0	1	0	0	1	60
2013/09/10-00:24:54	5	2,164.088	60.371	7	0	0	2	0	0	0	1	0	0	1	60
2013/09/10-00:26:12	5	2,164.088	60.371	2	0	1	0	0	0	0	1	0	0	1	27
2013/09/10-00:27:05	5	2,164.088	60.371	5	0	0	1	0	0	1	1	0	0	1	19
2013/09/10-00:49:54	5	2,148.241	57.405	5	0	0	2	0	0	1	1	0	0	1	28
2013/09/10-00:51:01	5	2,148.241	57.405	5	0	1	2	0	0	0	1	0	0	1	15
2013/09/10-00:52:19	5	2,148.241	57.405	4	0	1	0	0	0	0	1	0	0	1	33
2013/09/10-00:53:38	5	2,148.241	57.405	14	0	0	3	0	0	0	1	0	0	1	60
2013/09/10-00:54:57	5	2,148.241	57.405	16	0	0	4	0	0	0	1	1	0	0	60
2013/09/10-01:13:21	5	2,148.241	57.405	8	0	0	2	0	0	1	1	0	0	1	31
2013/09/10-01:14:29	5	2,148.241	57.405	1	0	1	1	0	0	0	1	0	0	1	30
2013/09/10-01:15:40	5	2,148.241	57.405	8	0	1	3	1	0	0	1	0	0	1	36
2013/09/10-01:16:54	5	2,148.241	57.405	9	0	0	3	0	0	0	1	1	0	0	43
2013/09/10-01:17:56	5	2,148.241	57.405	13	0	0	1	0	0	0	1	0	0	1	60
2013/09/11-01:05:03	7	2,130.765	60.59	6	0	1	2	0	0	0	1	0	0	1	25
2013/09/11-01:06:08	7	2,130.765	60.59	14	0	0	5	0	0	0	1	0	0	1	60
2013/09/11-01:07:27	7	2,130.765	60.59	6	0	0	1	0	0	1	1	0	0	1	48
2013/09/11-01:08:46	7	2,130.765	60.59	10	0	0	2	0	0	0	1	1	0	0	54
2013/09/11-01:09:58	7	2,130.765	60.59	7	0	0	1	0	0	0	1	1	0	0	26
2013/09/11-01:21:31	7	2,136.846	57.469	13	0	0	1	0	0	1	1	0	0	1	43
2013/09/11-01:22:38	7	2,136.846	57.469	12	0	0	5	0	0	0	1	1	0	0	60
2013/09/11-01:23:57	7	2,136.846	57.469	12	0	0	2	0	0	0	1	0	0	1	60
2013/09/11-01:25:15	7	2,136.846	57.469	10	0	0	1	0	0	0	1	0	0	1	60
2013/09/11-01:26:34	7	2,136.846	57.469	9	0	0	4	0	0	0	1	0	0	1	60
2013/09/11-01:49:12	7	2,136.846	57.469	9	0	1	1	0	0	0	1	0	0	1	51
2013/09/11-01:50:31	7	2,136.846	57.469	4	0	0	2	0	0	1	1	0	0	1	18
2013/09/11-01:51:37	7	2,136.846	57.469	17	0	0	1	0	0	0	1	0	0	1	60
2013/09/11-01:52:56	7	2,136.846	57.469	5	0	0	1	0	0	1	1	0	0	1	23
2013/09/11-01:54:00	7	2,136.846	57.469	5	0	0	2	0	0	0	1	0	0	1	60
2013/09/11-15:04:55	6	2,151.977	59.08	14	0	0	1	0	0	0	1	1	0	0	42
2013/09/11-15:05:56	6	2,151.977	59.08	12	0	0	3	0	0	0	1	1	0	0	60
2013/09/11-15:07:15	6	2,151.977	59.08	14	0	0	4	0	0	0	1	1	0	0	60
2013/09/11-15:08:33	6	2,151.977	59.08	4	0	0	3	0	0	1	1	0	0	1	22
2013/09/11-16:19:28	6	2,151.977	59.08	9	0	0	2	1	0	0	1	1	0	0	28
2013/09/11-16:36:05	7	2,146.054	59.264	8	0	0	1	0	0	1	1	0	0	1	36
2013/09/11-16:37:24	7	2,146.054	59.264	15	0	0	2	0	0	0	1	0	0	1	60
2013/09/11-16:38:42	7	2,146.054	59.264	12	0	0	3	0	0	0	1	1	0	0	60
2013/09/11-16:40:01	7	2,146.054	59.264	4	0	0	2	0	0	1	1	0	0	1	26
2013/09/11-16:41:11	7	2,146.054	59.264	7	0	0	2	0	0	0	1	0	0	1	60
2013/09/11-16:50:36	7	2,146.054	59.264	5	0	0	2	0	0	0	1	1	0	0	12
2013/09/11-16:51:06	7	2,146.054	59.264	17	0	0	4	1	0	0	1	1	0	0	52
2013/09/11-16:52:17	7	2,146.054	59.264	11	0	0	2	1	0	0	1	1	0	0	24
2013/09/11-16:53:00	7	2,146.054	59.264	16	0	0	4	1	0	0	1	1	0	0	50
2013/09/11-16:54:10	7	2,146.054	59.264	4	0	0	0	0	0	0	1	1	0	0	30
2013/09/11-17:19:59	8	2,124.095	57.593	6	0	0	2	1	0	1	1	0	0	1	20
2013/09/11-17:20:38	8	2,124.095	57.593	7	0	0	3	0	0	0	1	1	0	0	60
2013/09/11-17:21:57	8	2,124.095	57.593	15	0	0	2	1	0	0	1	1	0	0	60
2013/09/11-17:23:15	8	2,124.095	57.593	14	0	0	2	0	0	0	1	1	0	0	60
2013/09/11-17:24:34	8	2,124.095	57.593	3	0	0	2	0	0	0	1	1	0	0	24
2013/09/11-17:41:01	8	2,124.095	57.593	15	0	0	3	0	0	0	1	0	0	1	60
2013/09/11-17:42:20	8	2,124.095	57.593	9	0	0	2	0	0	0	1	0	0	1	60
2013/09/11-17:43:39	8	2,124.095	57.593	7	0	0	4	0	0	0	1	1	0	0	60
2013/09/11-17:44:58	8	2,124.095	57.593	5	0	1	2	0	0	0	1	0	0	1	22
2013/09/11-17:46:17	8	2,124.095	57.593	2	0	0	2	0	0	1	1	0	0	1	33
2013/09/11-17:58:01	5	2,156.189	53.052	16	0	0	2	0	0	0	1	0	0	1	60
2013/09/11-17:59:20	5	2,156.189	53.052	17	0	0	6	0	0	0	1	1	0	0	60
2013/09/11-18:00:39	5	2,156.189	53.052	1	0	1	1	0	0	0	1	0	0	1	42
2013/09/11-18:01:50	5	2,156.189	53.052	10	0	0	1	0	0	0	1	0	0	1	60
2013/09/11-18:03:09	5	2,156.189	53.052	14	0	0	2	0	0	0	1	0	0	1	60
2013/09/12-11:53:54	5	2,158.146	58.066	6	0	0	3	0	0	1	1	0	0	1	46
2013/09/12-11:55:13	5	2,158.146	58.066	11	0	0	5	1	0	1	1	0	0	1	45
2013/09/12-11:56:16	5	2,158.146	58.066	3	0	1	0	0	0	0	1	0	0	1	20
2013/09/12-11:57:35	5	2,158.146	58.066	13	0	0	1	0	0	0	1	0	0	1	60
2013/09/12-11:58:54	5	2,158.146	58.066	2	0	0	0	0	0	1	1	0	0	1	7
2013/09/12-12:16:43	6	2,143.725	55.417	25	0	0	1	0	0	0	1	0	0	1	60
2013/09/12-12:18:02	6	2,143.725	55.417	15	0	0	1	1	0	0	1	1	0	0	60
2013/09/12-12:19:21	6	2,143.725	55.417	12	0	0	3	0	0	1	1	0	0	1	60
2013/09/12-12:20:39	6	2,143.725	55.417	8	0	0	2	0	0	0	1	0	0	1	60
2013/09/12-12:21:58	6	2,143.725	55.417	7	0	0	2	0	0	1	1	0	0	1	37
2013/09/12-12:40:37	6	2,143.725	55.417	10	0	0	1	0	0	1	1	0	0	1	56
2013/09/12-12:41:56	6	2,143.725	55.417	8	0	0	2	0	0	0	1	0	0	1	60
2013/09/12-12:43:15	6	2,143.725	55.417	12	0	0	2	1	0	0	1	1	0	0	46
2013/09/12-12:44:20	6	2,143.725	55.417	14	0	0	2	0	0	0	1	0	0	1	60
2013/09/12-12:45:38	6	2,143.725	55.417	17	0	0	1	0	0	0	1	0	0	1	60
2013/09/12-22:16:19	5	2,143.517	52.42	14	0	0	2	0	0	0	1	0	0	1	60
2013/09/12-22:17:38	5	2,143.517	52.42	11	0	0	2	0	0	0	1	0	0	1	60
2013/09/12-22:18:57	5	2,143.517	52.42	5	0	0	3	1	0	0	1	1	0	0	20
2013/09/12-22:19:35	5	2,143.517	52.42	10	0	0	4	0	0	0	1	1	0	0	60
2013/09/12-22:20:54	5	2,143.517	52.42	3	0	0	1	0	0	0	1	1	0	0	18
2013/09/12-22:35:50	5	2,143.517	52.42	5	0	0	1	0	0	1	1	0	0	1	25
2013/09/12-22:38:05	5	2,143.517	52.42	3	0	1	1	0	0	0	1	0	0	1	10
2013/09/12-22:39:13	5	2,143.517	52.42	10	0	0	3	0	0	0	1	0	0	1	60
2013/09/12-22:40:32	5	2,143.517	52.42	9	0	1	3	0	0	0	1	0	0	1	53
2013/09/12-22:41:50	5	2,143.517	52.42	9	0	0	2	0	0	0	1	0	0	1	60
2013/09/12-23:19:02	5	2,143.517	52.42	8	0	0	1	0	0	1	1	0	0	1	26
2013/09/12-23:20:21	5	2,143.517	52.42	13	0	0	1	0	0	0	1	0	0	1	60
2013/09/12-23:21:39	5	2,143.517	52.42	5	0	0	4	0	0	0	1	1	0	0	60
2013/09/12-23:22:58	5	2,143.517	52.42	11	0	0	3	0	0	0	1	1	0	0	60
2013/09/12-23:24:17	5	2,143.517	52.42	19	0	0	1	0	0	0	1	1	0	0	60
2013/09/13-08:53:17	7	2,108.358	49.236	13	0	1	3	0	0	0	1	0	0	1	54
2013/09/13-08:54:36	7	2,108.358	49.236	15	0	0	2	0	0	0	1	1	0	0	60
2013/09/13-08:55:55	7	2,108.358	49.236	14	0	1	4	0	0	0	1	0	0	1	45
2013/09/13-08:57:21	7	2,108.358	49.236	14	0	0	2	0	0	0	1	0	0	1	60
2013/09/13-09:00:07	7	2,108.358	49.236	7	0	0	4	0	0	0	1	1	0	0	60
2013/09/13-09:25:18	7	2,108.358	49.236	16	0	0	4	0	0	0	1	1	0	0	60
2013/09/13-09:26:36	7	2,108.358	49.236	2	0	1	1	0	0	0	1	0	0	1	13
2013/09/13-09:27:55	7	2,108.358	49.236	21	0	0	3	0	0	0	1	0	0	1	60
2013/09/13-09:34:59	7	2,108.358	49.236	18	0	0	3	0	0	0	1	0	0	1	60
2013/09/13-09:36:19	7	2,108.358	49.236	9	0	0	1	0	0	0	1	0	0	1	60
2013/09/13-09:54:38	11	2,074.122	47.6	6	0	0	3	0	0	0	1	0	0	1	60
2013/09/13-09:55:57	11	2,074.122	47.6	9	0	0	1	0	0	0	1	0	0	1	60
2013/09/13-09:57:15	11	2,074.122	47.6	7	0	1	4	0	0	0	1	0	0	1	50
2013/09/13-09:58:24	11	2,074.122	47.6	16	0	0	4	1	0	0	1	1	0	0	60
2013/09/13-09:59:42	11	2,074.122	47.6	3	0	0	2	0	0	0	1	0	0	1	60
2013/09/13-10:11:36	11	2,074.122	47.6	4	0	0	3	0	0	1	1	0	0	1	53
2013/09/13-10:12:49	11	2,074.122	47.6	2	0	0	0	0	0	1	1	0	0	1	7
2013/09/13-10:14:08	11	2,074.122	47.6	5	0	0	2	0	0	0	1	0	0	1	60
2013/09/13-10:15:26	11	2,074.122	47.6	9	0	0	2	0	0	0	1	0	0	1	60
2013/09/13-10:16:45	11	2,074.122	47.6	6	0	1	1	0	0	0	1	0	0	1	33
2013/09/13-10:33:38	14	2,035.085	46.546	9	0	0	2	1	0	0	1	1	0	0	25
2013/09/13-10:34:21	14	2,035.085	46.546	2	0	0	1	0	0	0	1	1	0	0	8
2013/09/13-10:34:48	14	2,035.085	46.546	2	0	0	2	0	0	0	1	1	0	0	60
2013/09/13-10:36:07	14	2,035.085	46.546	7	0	0	4	1	0	0	1	1	0	0	30
2013/09/13-10:36:55	14	2,035.085	46.546	3	0	0	0	0	0	0	1	1	0	0	6
2013/09/13-10:52:32	14	2,035.085	46.546	14	0	0	2	1	0	0	1	1	0	0	60
2013/09/13-10:53:51	14	2,035.085	46.546	3	0	0	4	0	0	0	1	1	0	0	60
2013/09/13-10:55:09	14	2,038.329	46.609	13	0	0	2	0	0	0	1	0	0	1	60
2013/09/13-10:56:28	14	2,038.329	46.609	11	0	0	3	2	0	0	1	1	0	0	60
2013/09/13-10:57:47	14	2,038.329	46.609	10	0	0	3	2	0	0	1	1	0	0	48
2013/09/13-11:17:15	14	2,038.329	46.609	5	0	0	3	1	0	0	1	1	0	0	33
2013/09/13-11:18:07	14	2,038.329	46.609	7	0	0	5	0	0	1	1	0	0	1	25
2013/09/13-11:18:50	14	2,038.329	46.609	10	0	0	3	0	0	0	1	0	0	1	60
2013/09/13-11:20:08	14	2,038.329	46.609	8	0	0	2	1	0	0	1	1	0	0	60
2013/09/13-11:21:27	14	2,038.329	46.609	5	0	0	0	0	0	1	1	0	0	1	10
2013/09/13-11:46:26	14	2,028.728	45.975	19	0	0	1	0	0	0	1	0	0	1	60
2013/09/13-11:47:44	14	2,028.728	45.975	4	0	1	1	0	0	0	1	0	0	1	16
2013/09/13-11:49:03	14	2,028.728	45.975	7	0	1	2	0	0	0	1	0	0	1	32
2013/09/13-11:49:53	14	2,028.728	45.975	7	0	1	2	0	0	0	1	0	0	1	56
2013/09/13-11:51:08	14	2,028.728	45.975	14	0	0	1	0	0	0	1	0	0	1	60
2013/09/13-12:01:39	14	2,028.728	45.975	17	0	0	3	0	0	0	1	1	0	0	60
2013/09/13-12:02:57	14	2,028.728	45.975	26	0	0	3	0	0	0	1	1	0	0	60
2013/09/13-12:04:16	14	2,028.728	45.975	12	0	0	5	0	0	0	1	1	0	0	60
2013/09/13-12:05:35	14	2,028.728	45.975	13	0	0	2	0	0	0	1	1	0	0	60
2013/09/13-12:06:53	14	2,028.728	45.975	20	0	0	5	0	0	0	1	1	0	0	60
2013/09/13-12:20:33	14	2,029.495	44.009	8	0	0	2	0	0	0	1	1	0	0	18
2013/09/13-12:21:10	14	2,029.495	44.009	8	0	0	3	0	0	0	1	0	0	1	60
2013/09/13-12:22:29	14	2,029.495	44.009	8	0	0	2	0	0	0	1	0	0	1	60
2013/09/13-12:23:47	14	2,029.495	44.009	12	0	0	4	0	0	0	1	0	0	1	60
2013/09/13-12:25:06	14	2,029.495	44.009	9	0	0	4	1	0	0	1	1	0	0	39
2013/09/13-14:33:03	14	2,029.495	44.009	14	0	0	4	0	0	1	1	0	0	1	47
2013/09/13-14:34:10	14	2,029.495	44.009	6	0	0	2	0	0	0	1	1	0	0	39
2013/09/13-14:35:59	14	2,029.495	44.009	13	0	0	3	0	0	0	1	0	0	1	60
2013/09/13-14:37:18	14	2,029.495	44.009	12	0	0	2	0	0	0	1	0	0	1	60
2013/09/13-14:38:37	14	2,029.495	44.009	11	0	0	7	0	0	0	1	1	0	0	60
2013/09/13-15:01:07	14	2,026.866	42.826	16	0	0	3	2	0	0	1	1	0	0	60
2013/09/13-15:02:26	14	2,026.866	42.826	6	0	0	1	0	0	0	1	0	0	1	60
2013/09/13-15:03:45	14	2,026.866	42.826	3	0	0	1	0	0	0	1	0	0	1	60
2013/09/13-15:05:04	14	2,026.866	42.826	1	0	1	0	1	0	0	1	0	0	1	7
2013/09/13-15:05:51	14	2,026.866	42.826	9	0	0	2	0	0	0	1	0	0	1	60
2013/09/13-15:12:38	14	2,026.866	42.826	4	0	0	2	0	0	0	1	0	0	1	60
2013/09/13-15:13:56	14	2,026.866	42.826	1	0	0	0	0	0	1	1	0	0	1	6
2013/09/13-15:14:34	14	2,026.866	42.826	9	0	0	2	0	0	0	1	0	0	1	60
2013/09/13-15:15:53	14	2,026.866	42.826	13	0	0	2	0	0	0	1	0	0	1	60
2013/09/13-15:17:12	14	2,026.866	42.826	11	0	0	2	0	0	0	1	0	0	1	60
2013/09/13-15:39:52	15	1,995.813	41.7	8	0	0	3	0	0	1	1	0	0	1	32
2013/09/13-15:41:10	15	1,995.813	41.7	5	0	0	1	0	0	1	1	0	0	1	23
2013/09/13-15:42:19	15	1,995.813	41.7	1	0	1	0	0	0	0	1	0	0	1	13
2013/09/13-15:43:27	15	1,995.813	41.7	15	0	0	4	0	0	0	1	0	0	1	60
2013/09/13-15:44:45	15	1,995.813	41.7	14	0	0	3	0	0	0	1	1	0	0	60
2013/09/13-16:01:07	15	1,982.552	41.042	6	0	0	1	0	0	0	1	0	0	1	60
2013/09/13-16:02:26	15	1,982.552	41.042	10	0	0	1	0	0	0	1	1	0	0	60
2013/09/13-16:03:45	15	1,982.552	41.042	6	0	0	1	0	0	0	1	0	0	1	60
2013/09/13-16:05:04	15	1,982.552	41.042	19	0	0	2	1	0	0	1	1	0	0	60
2013/09/13-16:06:23	15	1,982.552	41.042	20	0	0	6	0	0	0	1	1	0	0	60
2013/09/13-16:30:27	15	1,982.552	41.042	8	0	0	2	1	0	0	1	1	0	0	50
2013/09/13-16:31:35	15	1,982.552	41.042	4	0	0	3	0	0	0	1	1	0	0	60
2013/09/13-16:32:54	15	1,982.552	41.042	16	0	0	2	1	0	0	1	1	0	0	60
2013/09/13-16:34:12	15	1,982.552	41.042	8	0	0	1	0	0	0	1	1	0	0	25
2013/09/13-16:34:56	15	1,982.552	41.042	11	0	0	5	0	0	0	1	1	0	0	60
2013/09/13-16:52:20	14	1,999.284	39.922	2	0	0	2	0	0	0	1	1	0	0	28
2013/09/13-16:53:07	14	1,999.284	39.922	6	0	0	1	0	0	1	1	0	0	1	20
2013/09/13-16:54:26	14	1,999.284	39.922	3	0	0	2	0	0	0	1	0	0	1	60
2013/09/13-16:55:44	14	1,999.284	39.922	11	0	0	2	0	0	0	1	0	0	1	60
2013/09/13-16:57:03	14	1,999.284	39.922	11	0	0	3	0	0	0	1	0	0	1	60
2013/09/13-17:14:43	14	1,999.284	39.922	5	0	0	2	0	0	0	1	0	0	1	60
2013/09/13-17:16:02	14	1,999.284	39.922	9	0	0	3	0	0	1	1	0	0	1	29
2013/09/13-17:16:50	14	1,999.284	39.922	8	0	0	3	0	0	0	1	0	0	1	60
2013/09/13-17:18:09	14	1,999.284	39.922	10	0	0	2	0	0	0	1	0	0	1	60
2013/09/13-17:19:28	14	2,005.266	38.841	9	0	0	1	0	0	0	1	0	0	1	60
2013/09/13-17:26:19	14	2,005.266	38.841	2	0	0	7	0	0	0	1	1	0	0	13
2013/09/13-17:54:21	14	2,005.266	38.841	9	0	0	4	0	0	0	1	1	0	0	60
2013/09/13-17:55:44	14	2,005.266	38.841	6	0	1	1	1	0	0	1	0	0	1	23
2013/09/13-17:56:28	14	2,005.266	38.841	6	0	0	3	1	0	0	1	1	0	0	34
2013/09/13-17:57:20	14	2,005.266	38.841	5	0	1	1	0	0	0	1	0	0	1	26
2013/09/13-18:24:17	14	2,001.826	38.765	15	0	0	3	0	0	0	1	0	0	1	60
2013/09/13-18:25:36	14	2,001.826	38.765	18	0	0	5	1	0	0	1	1	0	0	60
2013/09/13-18:26:54	14	2,001.826	38.765	12	0	0	1	0	0	0	1	0	0	1	60
2013/09/13-18:28:13	14	2,001.826	38.765	1	0	1	1	0	0	0	1	0	0	1	19
2013/09/13-18:29:32	14	2,001.826	38.765	15	0	0	2	1	0	0	1	1	0	0	60
2013/09/13-18:45:52	14	2,001.826	38.765	3	0	0	1	0	0	0	1	0	0	1	60
2013/09/13-18:47:10	14	2,001.826	38.765	15	0	0	1	0	0	0	1	0	0	1	60
2013/09/13-18:48:29	14	2,001.826	38.765	5	0	1	3	0	0	0	1	0	0	1	36
2013/09/13-18:49:24	14	2,001.826	38.765	2	0	1	0	0	0	0	1	0	0	1	13
2013/09/13-18:50:43	14	2,001.826	38.765	9	0	0	1	0	0	0	1	0	0	1	60
2013/09/15-17:10:50	5	1,983.785	102.641	9	0	1	3	0	0	0	1	0	0	1	54
2013/09/15-17:12:09	5	1,983.785	102.641	5	0	1	2	0	0	0	1	0	0	1	32
2013/09/15-17:13:16	5	1,983.785	102.641	7	0	0	2	0	0	0	1	0	0	1	60
2013/09/15-17:14:35	5	1,983.785	102.641	6	0	0	1	0	0	1	1	0	0	1	26
2013/09/15-17:15:39	5	1,983.785	102.641	3	0	1	1	0	0	0	1	0	0	1	19
2013/09/15-17:36:04	5	1,983.785	102.641	15	0	0	1	0	0	0	1	0	0	1	60
2013/09/15-17:37:23	5	1,983.785	102.641	22	0	0	4	1	0	0	1	1	0	0	60
2013/09/15-17:38:41	5	1,983.785	102.641	6	0	0	1	0	0	1	1	0	0	1	30
2013/09/15-17:39:30	5	1,983.785	102.641	15	0	0	4	0	0	0	1	1	0	0	60
2013/09/15-17:40:49	5	1,983.785	102.641	19	0	0	2	1	0	0	1	1	0	0	60
2013/09/15-18:01:41	4	1,986.353	87.373	13	0	0	3	0	0	0	1	0	0	1	60
2013/09/15-18:02:59	4	1,986.353	87.373	14	0	1	3	0	0	0	1	0	0	1	42
2013/09/15-18:04:18	4	1,986.353	87.373	3	0	0	2	0	0	0	1	0	0	1	60
2013/09/15-18:05:37	4	1,986.353	87.373	6	0	1	1	0	0	0	1	0	0	1	25
2013/09/15-18:06:51	4	1,986.353	87.373	19	0	0	3	1	0	0	1	1	0	0	60
2013/09/15-23:15:54	6	1,954.717	86.79	6	0	1	1	0	0	0	1	0	0	1	35
2013/09/15-23:17:05	6	1,954.717	86.79	15	0	0	5	0	0	0	1	1	0	0	60
2013/09/15-23:18:23	6	1,954.717	86.79	12	0	0	1	0	0	0	1	0	0	1	60
2013/09/15-23:19:42	6	1,954.717	86.79	6	0	0	1	1	0	0	1	1	0	0	38
2013/09/15-23:20:38	6	1,954.717	86.79	5	0	1	1	0	0	0	1	0	0	1	34
2013/09/16-00:00:14	4	1,979.188	79.54	9	0	0	2	0	0	1	1	0	0	1	44
2013/09/16-00:01:33	4	1,979.188	79.54	14	0	0	4	0	0	0	1	1	0	0	60
2013/09/16-00:02:52	4	1,979.188	79.54	11	0	0	4	1	0	0	1	1	0	0	60
2013/09/16-00:04:10	4	1,979.188	79.54	5	0	0	3	0	0	0	1	0	0	1	60
2013/09/16-00:05:29	4	1,979.188	79.54	10	0	0	1	1	0	0	1	1	0	0	60
2013/09/16-00:24:39	4	1,999.425	73.385	5	0	1	1	0	0	0	1	0	0	1	21
2013/09/16-00:25:45	4	1,999.425	73.385	6	0	0	3	0	0	0	1	0	0	1	60
2013/09/16-00:27:04	4	1,999.425	73.385	16	0	0	3	0	0	0	1	0	0	1	60
2013/09/16-00:28:22	4	1,999.425	73.385	13	0	0	5	0	0	0	1	0	0	1	60
2013/09/16-00:29:41	4	1,999.425	73.385	14	0	0	3	0	0	0	1	0	0	1	60
2013/09/16-23:53:14	4	2,002.397	75.193	1	0	0	0	1	0	1	1	1	0	0	3
2013/09/16-23:53:36	4	2,002.397	75.193	18	0	0	4	0	0	0	1	1	0	0	60
2013/09/16-23:54:55	4	2,002.397	75.193	5	0	1	1	1	0	0	1	0	0	1	44
2013/09/16-23:55:57	4	2,002.397	75.193	5	0	1	0	0	0	0	1	0	0	1	47
2013/09/16-23:57:03	4	2,002.397	75.193	10	0	0	2	0	0	1	1	0	0	1	42
2013/09/17-00:08:42	4	2,018.09	69.95	7	0	1	5	0	0	0	1	0	0	1	55
2013/09/17-00:10:01	4	2,018.09	69.95	0	0	1	0	0	0	0	1	0	0	1	6
2013/09/17-00:11:20	4	2,018.09	69.95	4	0	0	3	0	0	1	1	0	0	1	19
2013/09/17-00:11:58	4	2,018.09	69.95	1	0	0	0	0	0	1	1	0	0	1	3
2013/09/17-00:13:17	4	2,018.09	69.95	6	0	1	0	0	0	0	1	0	0	1	43
2013/09/17-00:30:24	4	2,018.09	69.95	9	0	0	0	0	0	1	1	0	0	1	32
2013/09/17-00:31:15	4	2,018.09	69.95	3	0	0	0	1	0	0	1	1	0	0	9
2013/09/17-00:31:44	4	2,018.09	69.95	5	0	1	2	0	0	0	1	0	0	1	24
2013/09/17-00:32:37	4	2,018.09	69.95	1	0	0	0	0	0	1	1	0	0	1	3
2013/09/17-00:33:36	4	2,018.09	69.95	2	0	1	0	0	0	0	1	0	0	1	15
2013/09/17-21:30:05	5	1,983.059	70.284	6	0	0	0	0	0	0	1	1	0	0	38
2013/09/17-21:31:02	5	1,983.059	70.284	1	0	1	0	0	0	0	1	0	0	1	13
2013/09/17-21:32:21	5	1,983.059	70.284	16	0	0	3	0	0	0	1	0	0	1	60
2013/09/17-21:33:40	5	1,983.059	70.284	1	0	1	0	0	0	0	1	0	0	1	3
2013/09/17-21:34:47	5	1,983.059	70.284	3	0	0	0	0	0	1	1	0	0	1	36
2013/09/17-21:45:46	5	1,983.059	70.284	0	0	1	0	0	0	0	1	0	0	1	4
2013/09/17-21:46:12	5	1,983.059	70.284	1	0	0	0	0	0	1	1	0	0	1	3
2013/09/17-21:47:23	5	1,983.059	70.284	1	0	1	0	0	0	0	1	0	0	1	6
2013/09/17-21:47:58	5	1,983.059	70.284	16	0	0	4	0	0	0	1	1	0	0	60
2013/09/17-21:49:16	5	1,983.059	70.284	7	0	0	0	1	0	0	1	1	0	0	60
2013/09/17-22:06:40	7	1,950.781	62.954	3	0	1	0	0	0	0	1	0	0	1	24
2013/09/17-22:07:23	7	1,950.781	62.954	5	0	0	1	0	0	0	1	0	0	1	60
2013/09/17-22:08:42	7	1,950.781	62.954	4	0	0	0	0	0	1	1	0	0	1	16
2013/09/17-22:10:00	7	1,950.781	62.954	5	0	0	4	0	0	0	1	0	0	1	60
2013/09/17-22:11:19	7	1,950.781	62.954	6	0	0	0	0	0	1	1	0	0	1	59
2013/09/18-12:07:34	9	1,935.822	68.613	0	0	1	0	0	0	0	1	0	0	1	11
2013/09/18-12:08:04	9	1,935.822	68.613	6	0	0	0	0	0	0	1	1	0	0	40
2013/09/18-12:09:03	9	1,935.822	68.613	1	0	1	0	0	0	0	1	0	0	1	3
2013/09/18-12:10:01	9	1,935.822	68.613	10	0	0	1	0	0	0	1	1	0	0	60
2013/09/18-12:11:20	9	1,935.822	68.613	4	0	1	0	0	0	0	1	0	0	1	18
2013/09/18-12:43:45	8	1,941.105	64.329	2	0	1	0	0	0	0	1	0	0	1	15
2013/09/18-12:44:20	8	1,941.105	64.329	3	0	0	0	0	0	1	1	0	0	1	9
2013/09/18-12:45:37	8	1,941.105	64.329	3	0	1	6	0	0	0	1	0	0	1	20
2013/09/18-12:46:56	8	1,941.105	64.329	8	0	0	0	1	0	0	1	1	0	0	35
2013/09/18-12:47:50	8	1,941.105	64.329	8	0	0	7	0	0	0	1	1	0	0	60
2013/09/18-13:03:15	8	1,939.856	60.703	2	0	1	0	1	0	0	1	0	0	1	9
2013/09/18-13:03:45	8	1,939.856	60.703	2	0	0	2	0	0	0	1	1	0	0	31
2013/09/18-13:04:37	8	1,939.856	60.703	4	0	0	0	0	0	1	1	0	0	1	13
2013/09/18-13:05:14	8	1,939.856	60.703	1	0	1	0	0	0	0	1	0	0	1	5
2013/09/18-13:05:51	8	1,939.856	60.703	4	0	1	2	0	0	0	1	0	0	1	33
2013/09/18-17:26:53	7	1,958.795	67.057	9	0	0	11	1	0	0	1	1	0	0	36
2013/09/18-17:27:48	7	1,958.795	67.057	18	0	0	0	0	0	0	1	0	0	1	60
2013/09/18-17:29:07	7	1,958.795	67.057	14	0	0	4	0	0	0	1	0	1	0	60
2013/09/18-17:30:26	7	1,958.795	67.057	5	0	1	4	0	0	0	1	0	0	1	24
2013/09/18-17:31:10	7	1,958.795	67.057	13	0	0	0	0	0	0	1	0	0	1	60
2013/09/18-17:41:34	6	1,967.632	63.05	5	0	0	0	0	0	1	1	0	0	1	28
2013/09/18-17:42:49	6	1,967.632	63.05	9	0	0	0	0	0	0	1	0	0	1	60
2013/09/18-17:44:08	6	1,967.632	63.05	1	0	1	0	0	0	0	1	0	0	1	3
2013/09/18-17:44:30	6	1,967.632	63.05	5	0	0	1	0	0	1	1	0	0	1	13
2013/09/18-17:45:10	6	1,967.632	63.05	1	0	1	0	0	0	0	1	0	0	1	3
2013/09/18-18:00:48	6	1,967.632	63.05	14	0	0	0	0	0	0	1	0	0	1	60
2013/09/18-18:02:07	6	1,967.632	63.05	2	0	1	5	0	0	0	1	0	0	1	13
2013/09/18-18:02:40	6	1,967.632	63.05	3	0	0	2	0	0	1	1	0	0	1	41
2013/09/18-18:03:40	6	1,967.632	63.05	1	0	0	0	1	0	0	1	1	0	0	60
2013/09/18-18:04:59	6	1,967.632	63.05	3	0	0	0	0	0	0	1	1	0	0	17
2013/09/19-16:07:50	3	1,977.856	80.991	10	0	0	7	0	0	0	1	0	0	1	60
2013/09/19-16:09:09	3	1,977.856	80.991	15	0	0	7	2	0	0	1	1	0	0	48
2013/09/19-16:10:16	3	1,977.856	80.991	10	0	0	0	1	0	0	1	1	0	0	44
2013/09/19-16:11:19	3	1,977.856	80.991	6	0	1	0	0	0	0	1	0	0	1	15
2013/09/19-16:12:37	3	1,977.856	80.991	10	0	0	2	1	0	0	1	1	0	0	35
2013/09/19-16:32:16	4	1,961.126	78.28	0	0	1	0	0	0	0	1	0	0	1	14
2013/09/19-16:33:35	4	1,961.126	78.28	13	0	0	0	0	0	0	1	1	0	0	60
2013/09/19-16:34:54	4	1,961.126	78.28	5	0	0	0	0	0	1	1	0	0	1	35
2013/09/19-16:35:48	4	1,961.126	78.28	7	0	0	5	0	0	0	1	1	0	0	24
2013/09/19-16:36:31	4	1,961.126	78.28	5	0	1	0	0	0	0	1	0	0	1	47
2013/09/19-16:54:13	4	1,961.126	78.28	15	0	0	0	0	0	1	1	0	0	1	33
2013/09/19-16:55:07	4	1,961.126	78.28	1	0	1	0	0	0	0	1	0	0	1	2
2013/09/19-16:55:50	6	1,934.91	71.592	3	0	0	0	0	0	1	1	0	0	1	22
2013/09/19-16:56:32	6	1,934.91	71.592	12	0	0	0	0	0	0	1	0	0	1	60
2013/09/19-16:57:51	6	1,934.91	71.592	4	0	0	0	0	0	1	1	0	0	1	7
2013/09/19-20:24:50	7	1,916.971	74.279	5	0	0	0	0	0	1	1	0	0	1	13
2013/09/19-20:25:26	7	1,916.971	74.279	3	0	1	10	0	0	0	1	0	0	1	28
2013/09/19-20:26:12	7	1,916.971	74.279	7	0	0	0	1	0	0	1	1	0	0	28
2013/09/19-20:26:59	7	1,916.971	74.279	1	0	1	0	1	0	0	1	0	0	1	6
2013/09/19-20:27:24	7	1,916.971	74.279	9	0	1	4	0	0	0	1	0	0	1	42
2013/09/19-20:51:10	7	1,889.499	71.607	6	0	0	15	0	0	0	1	0	0	1	60
2013/09/19-20:52:29	7	1,889.499	71.607	2	0	1	0	0	0	0	1	0	0	1	27
2013/09/19-20:53:48	7	1,889.499	71.607	0	0	1	0	0	0	0	1	0	0	1	6
2013/09/19-20:54:46	7	1,889.499	71.607	7	0	0	0	0	0	0	1	1	0	0	34
2013/09/19-20:55:39	7	1,889.499	71.607	16	0	0	2	0	0	0	1	1	0	0	60
2013/09/19-21:08:03	7	1,882.991	66.832	2	0	1	0	0	0	0	1	0	0	1	3
2013/09/19-21:08:47	7	1,882.991	66.832	1	0	1	0	0	0	0	1	0	0	1	6
2013/09/19-21:09:33	7	1,882.991	66.832	3	0	0	0	1	0	1	1	0	0	1	8
2013/09/19-21:10:30	7	1,882.991	66.832	1	0	0	0	0	0	1	1	0	0	1	2
2013/09/19-21:11:07	7	1,882.991	66.832	6	0	0	16	1	0	1	1	1	0	0	33
2013/09/20-01:59:00	10	1,841.05	70.617	5	0	0	0	1	0	0	1	1	0	0	60
2013/09/20-02:00:20	10	1,841.05	70.617	1	0	1	0	0	0	0	1	0	0	1	4
2013/09/20-02:00:58	10	1,841.05	70.617	6	0	0	0	0	0	1	1	0	0	1	20
2013/09/20-02:02:17	10	1,841.05	70.617	9	0	0	1	0	0	0	1	0	0	1	60
2013/09/20-02:03:36	10	1,841.05	70.617	5	0	0	0	2	0	0	1	1	0	0	22
2013/09/20-02:25:32	12	1,822.177	67.327	5	0	0	0	0	0	1	1	0	0	1	16
2013/09/20-02:26:08	12	1,822.177	67.327	12	0	0	6	1	0	0	1	1	0	0	43
2013/09/20-02:27:09	12	1,822.177	67.327	12	0	1	6	0	0	0	1	0	0	1	41
2013/09/20-02:28:28	12	1,822.177	67.327	6	0	0	2	1	0	0	1	1	0	0	19
2013/09/20-02:29:06	12	1,822.177	67.327	1	0	0	0	1	0	1	1	0	0	1	14
2013/09/20-02:40:58	12	1,822.177	67.327	3	0	0	0	1	0	1	1	0	0	1	13
2013/09/20-02:41:32	12	1,822.177	67.327	3	0	1	0	1	0	0	1	0	0	1	34
2013/09/20-02:42:25	12	1,822.177	67.327	0	0	1	0	0	0	0	1	0	0	1	4
2013/09/20-02:43:01	12	1,822.177	67.327	1	0	1	0	0	0	0	1	0	0	1	3
2013/09/20-02:43:47	12	1,822.177	67.327	2	0	1	1	0	0	0	1	0	0	1	17
2013/09/20-07:01:40	11	1,814.406	71.215	1	0	1	0	0	0	0	1	0	0	1	18
2013/09/20-07:02:17	11	1,814.406	71.215	3	0	0	0	0	0	0	1	1	0	0	9
2013/09/20-07:02:45	11	1,814.406	71.215	5	0	0	0	1	0	0	1	1	0	0	19
2013/09/20-07:03:23	11	1,814.406	71.215	0	0	0	0	0	0	0	1	1	0	0	8
2013/09/20-07:03:49	11	1,814.406	71.215	9	0	0	0	1	0	0	1	1	0	0	19
2013/09/20-07:15:14	11	1,821.478	69.371	5	0	0	3	2	0	0	1	1	0	0	49
2013/09/20-07:16:22	11	1,821.478	69.371	13	0	0	0	1	0	0	1	1	0	0	60
2013/09/20-07:17:41	11	1,821.478	69.371	6	0	1	0	1	0	0	1	0	0	1	28
2013/09/20-07:19:00	11	1,821.478	69.371	2	0	0	0	0	0	1	1	0	0	1	6
2013/09/20-07:20:19	11	1,821.478	69.371	1	0	1	0	0	0	0	1	0	0	1	5
2013/09/20-07:31:39	11	1,821.478	69.371	7	0	0	0	0	0	0	1	1	0	0	73
2013/09/20-07:33:54	11	1,821.478	69.371	2	0	0	0	0	0	1	1	0	0	1	6
2013/09/20-07:34:24	11	1,821.478	69.371	6	0	0	4	1	0	0	1	1	0	0	44
2013/09/20-07:35:29	11	1,821.478	69.371	1	0	1	0	0	0	0	1	0	0	1	5
2013/09/20-07:36:25	11	1,821.478	69.371	10	0	0	3	2	0	0	1	1	0	0	64
2013/09/20-11:11:29	10	1,827.668	70.071	5	0	0	0	0	0	0	1	1	0	0	60
2013/09/20-11:12:48	10	1,827.668	70.071	8	0	0	1	1	0	0	1	1	0	0	36
2013/09/20-11:13:43	10	1,827.668	70.071	3	0	0	0	1	0	0	1	1	0	0	54
2013/09/20-11:14:57	10	1,827.668	70.071	11	0	0	2	1	0	0	1	1	0	0	60
2013/09/20-11:16:16	10	1,827.668	70.071	8	0	0	0	3	0	0	1	1	0	0	25
2013/09/20-11:31:01	7	1,841.589	67.814	10	0	0	3	3	0	0	1	1	0	0	39
2013/09/20-11:32:00	7	1,841.589	67.814	5	0	1	0	0	0	0	1	0	0	1	15
2013/09/20-11:32:43	7	1,841.589	67.814	3	0	1	0	0	0	0	1	0	0	1	26
2013/09/20-11:33:28	7	1,841.589	67.814	3	0	0	0	1	0	0	1	1	0	0	10
2013/09/20-11:33:57	7	1,841.589	67.814	0	0	1	0	0	0	0	1	0	0	1	37
2013/09/20-11:44:29	7	1,841.589	67.814	3	0	1	0	0	0	0	1	0	0	1	17
2013/09/20-11:45:27	7	1,841.589	67.814	9	0	0	2	2	0	0	1	1	0	0	72
2013/09/20-11:47:23	6	1,854	63.044	5	0	0	3	1	0	0	1	1	0	0	32
2013/09/20-11:48:21	6	1,854	63.044	5	0	0	1	1	0	0	1	1	0	0	41
2013/09/20-11:49:34	6	1,854	63.044	10	0	0	0	0	0	0	1	1	0	0	64
2013/09/20-17:02:02	3	1,874.369	67.445	9	0	0	0	0	0	0	1	1	0	0	60
2013/09/20-17:03:22	3	1,874.369	67.445	5	0	0	0	0	0	1	1	0	0	1	25
2013/09/20-17:04:06	3	1,874.369	67.445	3	0	0	0	1	0	0	1	1	0	0	11
2013/09/20-17:04:36	3	1,874.369	67.445	12	0	0	6	0	0	0	1	1	0	0	60
2013/09/20-17:05:55	3	1,874.369	67.445	2	0	1	0	0	0	0	1	0	0	1	10
2013/09/20-17:32:03	6	1,861.943	65.103	5	0	0	0	0	0	1	1	0	0	1	14
2013/09/20-17:32:51	6	1,861.943	65.103	14	0	0	8	1	0	0	1	1	0	0	60
2013/09/20-17:34:10	6	1,861.943	65.103	7	0	1	1	0	0	0	1	0	0	1	27
2013/09/20-17:35:29	6	1,861.943	65.103	10	0	0	0	0	0	0	1	0	0	1	60
2013/09/20-17:36:48	6	1,861.943	65.103	6	0	0	0	1	0	0	1	1	0	0	39
2013/09/20-17:49:37	3	1,870.06	61.438	1	0	1	0	0	0	0	1	0	0	1	3
2013/09/20-17:50:04	3	1,870.06	61.438	10	0	0	4	0	0	0	1	1	0	0	60
2013/09/20-17:51:23	3	1,870.06	61.438	6	0	0	0	1	0	1	1	0	0	1	36
2013/09/20-17:52:19	3	1,870.06	61.438	4	0	0	1	0	0	0	1	1	0	0	17
2013/09/20-17:52:56	3	1,870.06	61.438	2	0	1	0	0	0	0	1	0	0	1	9
2013/09/20-21:42:03	5	1,861.052	67.634	11	0	0	3	0	0	0	1	1	0	0	60
2013/09/20-21:43:22	5	1,861.052	67.634	1	0	1	0	0	0	0	1	0	0	1	9
2013/09/20-21:44:39	5	1,861.052	67.634	5	0	1	15	0	0	0	1	0	0	1	40
2013/09/20-21:45:38	5	1,861.052	67.634	5	0	0	1	0	0	1	1	0	0	1	18
2013/09/20-21:46:42	5	1,861.052	67.634	4	0	1	0	0	0	0	1	0	0	1	52
2013/09/20-21:58:18	5	1,861.052	67.634	10	0	0	0	1	0	0	1	1	0	0	60
2013/09/20-21:59:34	5	1,861.052	67.634	17	0	0	0	0	0	0	1	1	0	0	60
2013/09/20-22:00:53	5	1,861.052	67.634	6	0	0	0	1	0	0	1	1	0	0	60
2013/09/20-22:02:14	4	1,863.239	62.042	13	0	1	3	1	0	0	1	0	0	1	53
2013/09/20-22:03:33	4	1,863.239	62.042	2	0	0	0	1	0	1	1	0	0	1	14
2013/09/20-22:25:03	4	1,863.239	62.042	9	0	0	0	1	0	0	1	1	0	0	43
2013/09/20-22:26:05	4	1,863.239	62.042	10	0	0	2	0	0	0	1	0	0	1	60
2013/09/20-22:27:25	4	1,863.239	62.042	2	0	1	0	0	0	0	1	0	0	1	6
2013/09/20-22:27:53	4	1,863.239	62.042	8	0	1	2	0	0	0	1	0	0	1	22
2013/09/20-22:28:54	4	1,863.239	62.042	10	0	1	0	0	0	0	1	0	0	1	32
2013/12/27-09:51:12	9	1,834.083	75.36	2	0	0	0	0	0	1	1	0	0	1	29
2013/12/27-09:52:34	9	1,834.083	75.36	0	0	0	0	0	0	0	1	0	0	1	60
2013/12/27-09:53:53	9	1,834.083	75.36	7	0	0	4	0	0	0	1	0	0	1	60
2013/12/27-09:55:11	9	1,834.083	75.36	3	0	0	0	0	0	1	1	0	0	1	14
2013/12/27-09:56:22	9	1,834.083	75.36	1	0	0	0	1	0	1	1	0	0	1	3
2013/12/27-10:16:55	12	1,817.514	69.904	1	0	1	0	0	0	0	1	0	0	1	3
2013/12/27-10:17:38	12	1,817.514	69.904	10	0	0	8	0	0	1	1	0	0	1	42
2013/12/27-10:18:58	12	1,817.514	69.904	9	0	0	0	0	0	0	1	1	0	0	60
2013/12/27-10:20:16	12	1,817.514	69.904	6	0	0	1	1	0	1	1	0	0	1	28
2013/12/27-10:21:18	12	1,817.514	69.904	6	0	0	2	0	0	0	1	1	0	0	60
2013/12/27-10:32:22	12	1,817.514	69.904	4	0	0	0	0	0	1	1	0	0	1	17
2013/12/27-10:33:41	12	1,817.514	69.904	4	0	1	0	0	0	0	1	0	0	1	32
2013/12/27-10:34:47	12	1,817.514	69.904	2	0	1	0	0	0	0	1	0	0	1	6
2013/12/27-10:35:53	12	1,817.514	69.904	4	0	0	0	0	0	1	1	0	0	1	17
2013/12/27-10:37:11	12	1,817.514	69.904	5	0	0	1	0	0	1	1	0	0	1	23
2013/12/28-05:57:32	9	1,789.411	92.788	2	0	0	0	0	0	1	1	0	0	1	10
2013/12/28-05:58:16	9	1,789.411	92.788	16	0	0	0	0	0	1	1	0	0	1	56
2013/12/28-05:59:31	9	1,789.411	92.788	10	0	0	4	1	0	0	1	1	0	0	47
2013/12/28-06:00:37	9	1,789.411	92.788	14	0	1	0	1	0	0	1	0	0	1	52
2013/12/28-06:01:48	9	1,789.411	92.788	3	0	0	0	3	0	0	1	1	0	0	9
2013/12/28-06:18:06	12	1,767.45	85.723	20	0	0	0	0	0	0	1	0	0	1	60
2013/12/28-06:19:25	12	1,767.45	85.723	1	0	1	0	0	0	0	1	0	0	1	11
2013/12/28-06:20:03	12	1,767.45	85.723	1	0	1	0	0	0	0	1	0	0	1	3
2013/12/28-06:20:38	12	1,767.45	85.723	3	0	0	0	2	0	0	1	1	0	0	13
2013/12/28-06:21:10	12	1,767.45	85.723	2	0	1	0	0	0	0	1	0	0	1	6
2013/12/28-06:32:14	12	1,767.45	85.723	1	0	0	0	0	0	1	1	0	0	1	8
2013/12/28-06:32:41	12	1,767.45	85.723	3	0	0	0	0	0	1	1	0	0	1	13
2013/12/28-06:33:25	12	1,767.45	85.723	5	0	0	1	2	0	0	1	1	0	0	19
2013/12/28-06:34:04	12	1,767.45	85.723	4	0	0	0	0	0	0	1	1	0	0	16
2013/12/28-06:34:40	12	1,767.45	85.723	13	0	1	0	1	0	0	1	0	0	1	59
2013/12/28-07:41:13	12	1,765.324	75.902	1	0	0	0	1	0	0	1	1	0	0	22
2013/12/28-07:41:54	12	1,765.324	75.902	3	0	1	1	0	0	0	1	0	0	1	9
2013/12/28-07:43:13	12	1,765.324	75.902	4	0	1	0	0	0	0	1	0	0	1	20
2013/12/28-07:43:52	12	1,765.324	75.902	8	0	0	3	0	0	0	1	1	0	0	27
2013/12/28-07:44:38	12	1,765.324	75.902	5	0	0	0	1	0	0	1	1	0	0	60
2013/12/28-08:00:41	7	1,810.075	70.342	1	0	1	0	1	0	0	1	0	0	1	4
2013/12/28-08:01:13	7	1,810.075	70.342	1	0	0	0	0	0	1	1	0	0	1	3
2013/12/28-08:02:10	7	1,810.075	70.342	7	0	0	0	1	0	1	1	0	0	1	19
2013/12/28-08:02:49	7	1,810.075	70.342	5	0	1	0	1	0	0	1	0	0	1	16
2013/12/28-08:03:24	7	1,810.075	70.342	13	0	0	4	0	0	0	1	1	0	0	60
2013/12/28-08:12:20	7	1,810.075	70.342	0	0	1	0	0	0	0	1	0	0	1	4
2013/12/28-08:12:55	7	1,810.075	70.342	1	0	1	0	0	0	0	1	0	0	1	4
2013/12/28-08:13:18	7	1,810.075	70.342	1	0	0	0	0	0	1	1	0	0	1	3
2013/12/28-08:13:57	7	1,810.075	70.342	0	0	1	0	0	0	0	1	0	0	1	3
2013/12/28-08:14:30	7	1,810.075	70.342	10	0	0	2	1	0	0	1	1	0	0	47
2013/12/28-14:19:18	8	1,797.324	72.814	7	0	0	3	0	0	0	1	1	0	0	47
2013/12/28-14:20:26	8	1,797.324	72.814	15	0	0	0	0	0	0	1	1	0	0	60
2013/12/28-14:21:45	8	1,797.324	72.814	1	0	1	0	0	0	0	1	0	0	1	8
2013/12/28-14:22:12	8	1,797.324	72.814	8	0	0	0	0	0	1	1	0	0	1	28
2013/12/28-14:22:59	8	1,797.324	72.814	14	0	0	0	0	0	0	1	0	0	1	60
2013/12/28-14:39:54	5	1,818.801	67.797	2	0	0	0	2	0	1	1	0	0	1	6
2013/12/28-14:40:18	5	1,818.801	67.797	3	0	1	0	0	0	0	1	0	0	1	56
2013/12/28-14:41:34	5	1,818.801	67.797	3	0	1	0	0	0	0	1	0	0	1	11
2013/12/28-14:42:04	5	1,818.801	67.797	4	0	1	0	0	0	0	1	0	0	1	26
2013/12/28-14:42:49	5	1,818.801	67.797	8	0	0	2	0	0	0	1	1	0	0	51
2013/12/28-15:02:09	5	1,818.801	67.797	11	0	0	0	1	0	0	1	1	0	0	29
2013/12/28-15:02:58	5	1,818.801	67.797	4	0	0	0	1	0	1	1	0	0	1	25
2013/12/28-15:03:42	5	1,818.801	67.797	2	0	1	0	1	0	0	1	0	0	1	10
2013/12/28-15:04:10	5	1,818.801	67.797	15	0	0	3	0	0	0	1	1	0	0	49
2013/12/28-15:05:19	5	1,818.801	67.797	1	0	1	0	0	0	0	1	0	0	1	6
2013/12/28-19:37:31	1	1,855.659	71.113	6	0	1	0	1	0	0	1	0	0	1	27
2013/12/28-19:38:36	1	1,855.659	71.113	0	0	1	0	0	0	0	1	0	0	1	8
2013/12/28-19:39:51	1	1,855.659	71.113	0	0	0	0	0	0	0	1	0	0	1	60
2013/12/28-19:41:10	1	1,855.659	71.113	1	0	1	0	0	0	0	1	0	0	1	3
2013/12/28-19:41:38	1	1,855.659	71.113	10	0	0	4	0	0	1	1	0	0	1	40
2013/12/28-20:03:22	1	1,855.659	71.113	0	0	0	0	0	0	0	1	0	0	1	60
2013/12/28-20:04:41	1	1,855.659	71.113	1	0	0	0	0	0	1	1	0	0	1	7
2013/12/28-20:05:13	1	1,855.659	71.113	4	0	0	0	0	0	0	1	1	0	0	42
2013/12/28-20:06:15	1	1,855.659	71.113	4	0	0	1	1	0	0	1	1	0	0	60
2013/12/28-20:07:34	1	1,855.659	71.113	5	0	1	0	0	0	0	1	0	0	1	18
2013/12/28-20:22:56	5	1,828.889	63.704	5	0	0	0	0	0	0	1	1	0	0	60
2013/12/28-20:24:15	5	1,828.889	63.704	1	0	1	0	0	0	0	1	0	0	1	15
2013/12/28-20:24:49	5	1,828.889	63.704	6	0	0	0	0	0	0	1	1	0	0	60
2013/12/28-20:26:08	5	1,828.889	63.704	4	0	0	0	0	0	0	1	0	0	1	60
2013/12/28-20:27:27	5	1,828.889	63.704	13	0	0	2	1	0	0	1	1	0	0	60
2013/12/28-22:20:30	2	1,844.291	62.945	1	0	1	0	0	0	0	1	0	0	1	6
2013/12/28-22:21:11	2	1,844.291	62.945	1	0	0	0	0	0	1	1	0	0	1	3
2013/12/28-22:21:50	2	1,844.291	62.945	0	0	1	0	0	0	0	1	0	0	1	5
2013/12/28-22:22:17	2	1,844.291	62.945	10	0	0	0	0	0	1	1	0	0	1	41
2013/12/28-22:23:17	2	1,844.291	62.945	9	0	0	2	0	0	0	1	1	0	0	60
2013/12/28-22:38:49	2	1,844.291	62.945	4	0	1	0	1	0	0	1	0	0	1	9
2013/12/28-22:39:36	2	1,844.291	62.945	2	0	0	0	1	0	0	1	1	0	0	20
2013/12/28-22:40:15	2	1,844.291	62.945	15	0	0	3	0	0	0	1	1	0	0	60
2013/12/28-22:41:34	2	1,844.291	62.945	2	0	0	0	0	0	1	1	0	0	1	11
2013/12/28-22:42:04	2	1,844.291	62.945	4	0	1	1	0	0	0	1	0	0	1	19
2013/12/28-22:58:01	7	1,824.741	57.186	1	0	0	0	0	0	1	1	0	0	1	3
2013/12/28-22:58:24	7	1,824.741	57.186	5	0	0	0	0	0	1	1	0	0	1	13
2013/12/28-22:58:56	7	1,824.741	57.186	9	0	0	3	0	0	0	1	1	0	0	60
2013/12/28-23:00:14	7	1,824.741	57.186	7	0	1	0	0	0	0	1	0	0	1	44
2013/12/28-23:01:18	7	1,824.741	57.186	2	0	1	0	0	0	0	1	0	0	1	6
2013/12/29-03:57:24	5	1,826.861	64.302	5	0	1	2	0	0	0	1	0	0	1	17
2013/12/29-03:58:25	5	1,826.861	64.302	4	0	1	0	0	0	0	1	0	0	1	15
2013/12/29-03:58:59	5	1,826.861	64.302	4	0	1	0	0	0	0	1	0	0	1	34
2013/12/29-03:59:52	6	1,821.058	61.994	1	0	1	0	0	0	0	1	0	0	1	7
2013/12/29-04:00:26	6	1,821.058	61.994	2	0	1	0	0	0	0	1	0	0	1	13
2013/12/29-04:16:47	6	1,821.058	61.994	9	0	0	6	0	0	0	1	0	1	0	60
2013/12/29-04:18:07	6	1,821.058	61.994	5	0	0	1	0	0	1	1	0	0	1	27
2013/12/29-04:19:26	6	1,821.058	61.994	3	0	0	0	0	0	0	1	1	0	0	16
2013/12/29-04:20:01	6	1,821.058	61.994	6	0	1	0	0	0	0	1	0	0	1	24
2013/12/29-04:20:54	6	1,821.058	61.994	5	0	0	4	0	0	0	1	1	0	0	60
2013/12/29-04:29:52	6	1,821.058	61.994	3	0	1	1	0	0	0	1	0	0	1	25
2013/12/29-04:31:01	6	1,821.058	61.994	1	0	1	0	1	0	0	1	0	0	1	7
2013/12/29-04:31:27	6	1,821.058	61.994	6	0	0	0	0	0	0	1	1	0	0	60
2013/12/29-04:32:46	6	1,821.058	61.994	1	0	1	0	0	0	0	1	0	0	1	3
2013/12/29-04:33:18	6	1,821.058	61.994	6	0	1	0	0	0	0	1	0	0	1	34
2013/12/29-21:02:16	8	1,793.407	81.114	6	0	1	1	0	0	0	1	0	0	1	33
2013/12/29-21:03:08	8	1,793.407	81.114	6	0	0	3	0	0	0	1	0	0	1	60
2013/12/29-21:04:27	10	1,780.911	79.521	7	0	0	2	0	0	0	1	1	0	0	30
2013/12/29-21:05:16	10	1,780.911	79.521	15	0	0	1	0	0	0	1	0	0	1	60
2013/12/29-21:06:34	10	1,780.911	79.521	6	0	1	3	0	0	0	1	0	0	1	31
2013/12/29-21:31:59	10	1,780.911	79.521	21	0	0	3	1	0	0	1	1	0	0	60
2013/12/29-21:33:18	10	1,780.911	79.521	14	0	0	2	0	0	0	1	1	0	0	60
2013/12/29-21:34:36	10	1,780.911	79.521	11	0	0	3	1	0	0	1	1	0	0	42
2013/12/29-21:35:37	10	1,780.911	79.521	12	0	0	3	0	0	0	1	0	0	1	60
2013/12/29-21:36:56	10	1,780.911	79.521	19	0	0	3	0	0	0	1	1	0	0	60
2013/12/29-21:52:23	5	1,819.074	72.46	5	0	0	0	0	0	1	1	0	0	1	33
2013/12/29-21:53:27	5	1,819.074	72.46	10	0	0	3	0	0	0	1	0	0	1	60
2013/12/29-21:54:46	5	1,819.074	72.46	11	0	1	1	0	0	0	1	0	0	1	53
2013/12/29-21:56:04	5	1,819.074	72.46	14	0	0	1	0	0	0	1	0	0	1	60
2013/12/29-21:57:23	5	1,819.074	72.46	9	0	0	2	0	0	1	1	0	0	1	42
2013/12/29-23:16:50	11	1,772.555	69.344	8	0	0	5	0	0	1	1	0	0	1	59
2013/12/29-23:18:09	11	1,772.555	69.344	14	0	0	2	0	0	0	1	0	0	1	60
2013/12/29-23:19:27	11	1,772.555	69.344	5	0	1	3	0	0	0	1	0	0	1	23
2013/12/29-23:20:46	11	1,772.555	69.344	8	0	1	1	0	0	0	1	0	0	1	32
2013/12/29-23:21:52	11	1,772.555	69.344	6	0	0	2	0	0	0	1	1	0	0	28
2013/12/29-23:28:04	11	1,772.555	69.344	6	0	0	4	1	0	0	1	1	0	0	23
2013/12/29-23:28:46	11	1,772.555	69.344	8	0	0	1	0	0	0	1	0	0	1	60
2013/12/29-23:30:05	11	1,772.555	69.344	2	0	1	0	0	0	0	1	0	0	1	12
2013/12/29-23:31:03	11	1,772.555	69.344	3	0	0	1	0	0	1	1	0	0	1	24
2013/12/29-23:31:46	11	1,772.555	69.344	4	0	0	2	0	0	1	1	0	0	1	19
2013/12/29-23:51:21	11	1,772.555	69.344	9	0	1	2	0	0	0	1	0	0	1	22
2013/12/29-23:52:21	11	1,772.555	69.344	13	0	0	2	0	0	0	1	0	0	1	60
2013/12/29-23:53:40	11	1,772.555	69.344	24	0	0	4	1	0	0	1	1	0	0	60
2013/12/29-23:54:59	11	1,772.555	69.344	12	0	0	2	1	0	0	1	1	0	0	32
2013/12/29-23:55:50	11	1,772.555	69.344	16	0	0	2	0	0	0	1	0	0	1	60
2013/12/30-06:17:31	9	1,791.068	71.933	3	0	1	1	0	0	0	1	0	0	1	22
2013/12/30-06:18:44	9	1,791.068	71.933	15	0	0	4	0	0	0	1	1	0	0	60
2013/12/30-06:20:03	9	1,791.068	71.933	12	0	0	2	1	0	0	1	1	0	0	40
2013/12/30-06:21:03	9	1,791.068	71.933	10	0	0	1	0	0	0	1	0	0	1	60
2013/12/30-06:22:22	9	1,791.068	71.933	8	0	0	3	0	0	1	1	0	0	1	31
2013/12/30-06:27:56	9	1,791.068	71.933	12	0	0	4	0	0	0	1	0	0	1	60
2013/12/30-06:29:15	9	1,791.068	71.933	2	0	1	3	0	0	0	1	0	0	1	19
2013/12/30-06:30:04	9	1,791.068	71.933	4	0	1	0	0	0	0	1	0	0	1	15
2013/12/30-06:30:55	9	1,791.068	71.933	8	0	0	5	0	0	0	1	0	0	1	60
2013/12/30-06:32:14	9	1,791.068	71.933	9	0	0	2	0	0	0	1	0	0	1	60
2013/12/30-06:46:51	9	1,791.068	71.933	2	0	1	0	0	0	0	1	0	0	1	24
2013/12/30-06:48:00	9	1,791.068	71.933	13	0	0	4	0	0	0	1	1	0	0	39
2013/12/30-06:48:58	9	1,791.068	71.933	19	0	0	2	0	0	0	1	1	0	0	60
2013/12/30-06:50:17	9	1,791.068	71.933	3	0	0	2	0	0	0	1	0	0	1	60
2013/12/30-06:51:37	9	1,791.068	71.933	10	0	0	6	0	0	0	1	1	0	0	60
2013/12/30-13:55:18	7	1,823.138	74.639	4	0	1	0	0	0	0	1	0	0	1	13
2013/12/30-13:55:50	7	1,823.138	74.639	5	0	0	1	0	0	0	1	0	0	1	60
2013/12/30-13:57:09	7	1,823.138	74.639	2	0	0	2	1	0	0	1	1	0	0	60
2013/12/30-13:58:28	7	1,823.138	74.639	15	0	0	3	1	0	0	1	0	0	1	60
2013/12/30-13:59:47	7	1,823.138	74.639	7	0	0	2	2	0	0	1	1	0	0	29
2013/12/30-14:19:38	7	1,816.151	71.816	8	0	0	4	1	0	0	1	1	0	0	42
2013/12/30-14:20:39	7	1,816.151	71.816	5	0	0	2	2	0	0	1	1	0	0	46
2013/12/30-14:21:44	7	1,816.151	71.816	5	0	1	1	0	0	0	1	0	0	1	25
2013/12/30-14:22:28	7	1,816.151	71.816	15	0	0	4	1	0	0	1	1	0	0	60
2013/12/30-14:23:47	7	1,816.151	71.816	13	0	0	5	0	0	0	1	1	0	0	60
2013/12/30-14:46:49	7	1,816.151	71.816	15	0	0	2	1	0	0	1	1	0	0	60
2013/12/30-14:48:08	7	1,816.151	71.816	13	0	0	0	0	0	1	1	0	0	1	54
2013/12/30-14:49:27	7	1,816.151	71.816	15	0	0	1	1	0	0	1	1	0	0	60
2013/12/30-14:50:46	7	1,816.151	71.816	13	0	0	1	0	0	0	1	0	0	1	60
2013/12/30-14:52:05	7	1,816.151	71.816	11	0	0	1	0	0	0	1	1	0	0	60
2013/12/30-22:00:59	3	1,857.451	76.735	2	0	0	0	0	0	1	1	0	0	1	19
2013/12/30-22:01:49	3	1,857.451	76.735	11	0	0	2	0	0	0	1	0	0	1	60
2013/12/30-22:03:08	3	1,857.451	76.735	3	0	1	2	0	0	0	1	0	0	1	29
2013/12/30-22:04:27	3	1,857.451	76.735	12	0	0	1	0	0	0	1	0	0	1	60
2013/12/30-22:05:46	3	1,857.451	76.735	10	0	1	1	0	0	0	1	0	0	1	57
2013/12/31-09:23:07	8	1,802.374	85.583	1	0	0	0	1	0	1	1	0	0	1	5
2013/12/31-09:23:34	8	1,802.374	85.583	5	0	0	0	0	0	0	1	1	0	0	18
2013/12/31-09:24:10	10	1,788.825	82.849	11	0	0	0	1	0	0	1	1	0	0	60
2013/12/31-09:25:29	10	1,788.825	82.849	6	0	0	0	0	0	0	1	0	0	1	60
2013/12/31-09:26:48	10	1,788.825	82.849	15	0	0	3	0	0	0	1	1	0	0	60
2013/12/31-09:52:46	10	1,788.825	82.849	1	0	0	0	0	0	1	1	0	0	1	5
2013/12/31-09:53:29	10	1,788.825	82.849	13	0	0	0	1	0	1	1	0	0	1	45
2013/12/31-09:54:33	10	1,788.825	82.849	6	0	1	0	0	0	0	1	0	0	1	23
2013/12/31-09:55:15	10	1,788.825	82.849	1	0	0	0	0	0	1	1	0	0	1	3
2013/12/31-09:55:49	10	1,788.825	82.849	1	0	1	0	1	0	0	1	0	0	1	48
2013/12/31-10:04:19	17	1,746.46	74.432	11	0	1	1	0	0	0	1	0	0	1	54
2013/12/31-10:05:31	17	1,746.46	74.432	13	0	0	0	0	0	0	1	0	0	1	60
2013/12/31-10:06:50	17	1,746.46	74.432	6	0	0	0	0	0	0	1	0	0	1	60
2013/12/31-10:08:09	17	1,746.46	74.432	1	0	1	0	0	0	0	1	0	0	1	3
2013/12/31-10:08:31	17	1,746.46	74.432	6	0	0	2	1	0	0	1	1	0	0	23
2013/12/31-13:34:29	16	1,753.25	75.314	6	0	0	6	0	0	0	1	1	0	0	20
2013/12/31-13:35:08	16	1,753.25	75.314	5	0	0	0	0	0	0	1	1	0	0	16
2013/12/31-13:35:42	16	1,753.25	75.314	1	0	0	0	0	0	1	1	0	0	1	3
2013/12/31-13:36:08	16	1,753.25	75.314	8	0	0	0	0	0	0	1	1	0	0	45
2013/12/31-13:37:11	16	1,753.25	75.314	0	0	1	0	0	0	0	1	0	0	1	6
2013/12/31-13:49:33	19	1,724.305	73.075	1	0	0	0	1	0	1	1	0	0	1	5
2013/12/31-13:49:57	19	1,724.305	73.075	5	0	0	0	1	0	0	1	1	0	0	29
2013/12/31-13:50:45	19	1,724.305	73.075	1	0	1	0	1	0	0	1	0	0	1	4
2013/12/31-13:51:20	19	1,724.305	73.075	6	0	1	0	0	0	0	1	0	0	1	20
2013/12/31-13:51:58	19	1,724.305	73.075	9	0	0	1	0	0	0	1	1	0	0	34
2013/12/31-14:06:03	19	1,724.305	73.075	11	0	0	9	0	0	0	1	1	0	0	60
2013/12/31-14:07:23	19	1,724.305	73.075	6	0	1	0	0	0	0	1	0	0	1	25
2013/12/31-14:08:26	19	1,724.305	73.075	3	0	0	0	0	0	1	1	0	0	1	12
2013/12/31-14:09:09	19	1,724.305	73.075	0	0	1	0	0	0	0	1	0	0	1	6
2013/12/31-14:09:45	19	1,724.305	73.075	5	0	0	0	0	0	1	1	0	0	1	11
2013/12/31-17:54:00	23	1,689.391	71.775	2	0	0	0	1	0	0	1	1	0	0	10
2013/12/31-17:54:29	23	1,689.391	71.775	5	0	0	0	1	0	0	1	1	0	0	19
2013/12/31-17:55:06	22	1,701.874	70.586	4	0	0	0	1	0	1	1	0	0	1	15
2013/12/31-17:55:40	22	1,701.874	70.586	2	0	0	0	1	0	1	1	0	0	1	12
2013/12/31-17:56:11	22	1,701.874	70.586	22	0	0	5	1	0	0	1	1	0	0	60
2013/12/31-18:07:43	22	1,701.874	70.586	13	0	0	3	1	0	0	1	1	0	0	53
2013/12/31-18:08:55	22	1,701.874	70.586	9	0	0	2	1	0	1	1	0	0	1	33
2013/12/31-18:09:47	22	1,701.874	70.586	3	0	1	2	0	0	0	1	0	0	1	25
2013/12/31-18:10:45	22	1,701.874	70.586	1	0	1	0	0	0	0	1	0	0	1	7
2013/12/31-18:11:11	22	1,701.874	70.586	6	0	1	0	1	0	0	1	0	0	1	31
2013/12/31-18:21:34	22	1,701.874	70.586	3	0	0	0	0	0	1	1	0	0	1	11
2013/12/31-18:22:06	22	1,701.874	70.586	0	0	1	0	0	0	0	1	0	0	1	16
2013/12/31-18:23:01	22	1,701.874	70.586	4	0	0	2	1	0	1	1	0	0	1	22
2013/12/31-18:23:47	25	1,680.751	63.303	13	0	0	0	0	0	0	1	1	0	0	60
2013/12/31-18:25:05	25	1,680.751	63.303	3	0	0	0	1	0	0	1	1	0	0	12
2013/12/31-21:52:24	25	1,698.399	68.696	6	0	0	8	2	0	0	1	1	0	0	26
2013/12/31-21:53:10	25	1,698.399	68.696	1	0	1	0	0	0	0	1	0	0	1	5
2013/12/31-21:53:36	25	1,698.399	68.696	3	0	1	0	2	0	0	1	0	0	1	14
2013/12/31-21:54:09	25	1,698.399	68.696	6	0	0	4	2	0	0	1	1	0	0	42
2013/12/31-21:55:10	25	1,698.399	68.696	5	0	0	1	0	0	0	1	0	0	1	60
2013/12/31-22:03:23	25	1,698.399	68.696	10	0	0	3	0	0	0	1	0	0	1	60
2013/12/31-22:04:41	25	1,698.399	68.696	10	0	0	3	1	0	0	1	1	0	0	60
2013/12/31-22:06:00	25	1,698.399	68.696	0	0	1	0	0	0	0	1	0	0	1	8
2013/12/31-22:06:52	25	1,698.399	68.696	1	0	1	0	0	0	0	1	0	0	1	3
2013/12/31-22:07:14	25	1,698.399	68.696	9	0	0	0	0	0	0	1	0	0	1	60
2013/12/31-22:23:26	25	1,695.983	62.646	5	0	0	0	1	0	0	1	1	0	0	25
2013/12/31-22:24:10	25	1,695.983	62.646	13	0	0	1	0	0	0	1	0	0	1	60
2013/12/31-22:25:29	25	1,695.983	62.646	1	0	1	0	0	0	0	1	0	0	1	11
2013/12/31-22:26:48	25	1,695.983	62.646	17	0	0	0	1	0	0	1	1	0	0	37
2013/12/31-22:27:44	25	1,695.983	62.646	11	0	0	6	0	0	0	1	1	0	0	60
2014/01/01-01:50:27	22	1,710.107	66.291	9	0	0	0	0	0	0	1	1	0	0	42
2014/01/01-01:51:28	22	1,710.107	66.291	9	0	0	1	1	0	0	1	1	0	0	60
2014/01/01-01:52:47	22	1,710.107	66.291	1	0	0	0	1	0	0	1	1	0	0	60
2014/01/01-01:54:06	22	1,710.107	66.291	15	0	0	2	2	0	0	1	1	0	0	43
2014/01/01-01:55:08	22	1,710.107	66.291	12	0	0	0	1	0	0	1	1	0	0	27
2014/01/01-02:18:38	15	1,745.574	62.705	3	0	0	0	0	0	0	1	1	0	0	60
2014/01/01-02:19:57	15	1,745.574	62.705	0	0	1	0	0	0	0	1	0	0	1	6
2014/01/01-02:20:22	15	1,745.574	62.705	4	0	1	0	0	0	0	1	0	0	1	19
2014/01/01-02:21:00	15	1,745.574	62.705	1	0	1	0	0	0	0	1	0	0	1	3
2014/01/01-02:21:45	15	1,745.574	62.705	15	0	0	5	0	0	0	1	0	0	1	60
2014/01/01-02:31:17	15	1,745.574	62.705	6	0	0	0	0	0	0	1	1	0	0	60
2014/01/01-02:32:36	15	1,745.574	62.705	0	0	1	0	0	0	0	1	0	0	1	5
2014/01/01-02:33:55	15	1,745.574	62.705	17	0	1	0	0	0	0	1	0	0	1	51
2014/01/01-02:35:05	15	1,745.574	62.705	2	0	0	0	1	0	1	1	0	0	1	6
2014/01/01-02:35:50	15	1,745.574	62.705	8	0	0	2	0	0	0	1	1	0	0	60
2014/01/01-05:58:06	23	1,717.203	64.519	7	0	0	3	1	0	0	1	1	0	0	26
2014/01/01-05:58:51	23	1,717.203	64.519	5	0	0	1	2	0	0	1	1	0	0	34
2014/01/01-05:59:44	23	1,717.203	64.519	2	0	0	0	1	0	1	1	0	0	1	8
2014/01/01-06:00:11	23	1,717.203	64.519	10	0	0	2	0	0	0	1	0	0	1	60
2014/01/01-06:01:30	23	1,717.203	64.519	7	0	0	0	0	0	0	1	1	0	0	60
2014/01/01-06:22:50	18	1,736.153	61.208	1	0	1	0	0	0	0	1	0	0	1	3
2014/01/01-06:23:51	18	1,736.153	61.208	3	0	0	0	2	0	1	1	0	0	1	15
2014/01/01-06:24:24	18	1,736.153	61.208	6	0	0	0	0	0	0	1	1	0	0	60
2014/01/01-06:25:43	18	1,736.153	61.208	11	0	0	2	0	0	0	1	0	0	1	60
2014/01/01-06:27:02	18	1,736.153	61.208	10	0	0	0	0	0	0	1	0	0	1	60
2014/01/01-06:37:00	18	1,736.153	61.208	1	0	1	0	0	0	0	1	0	0	1	3
2014/01/01-06:38:19	18	1,736.153	61.208	1	0	1	0	1	0	0	1	0	0	1	11
2014/01/01-06:38:57	18	1,736.153	61.208	9	0	0	0	1	0	0	1	1	0	0	31
2014/01/01-06:39:47	18	1,736.153	61.208	1	0	1	0	0	0	0	1	0	0	1	3
2014/01/01-06:40:20	18	1,736.153	61.208	7	0	0	0	0	0	0	1	0	0	1	60
2014/01/01-10:58:02	19	1,723.383	66.285	4	0	0	0	0	0	0	1	1	0	0	27
2014/01/01-10:58:48	19	1,723.383	66.285	6	0	0	1	1	0	0	1	1	0	0	15
2014/01/01-10:59:22	19	1,723.383	66.285	1	0	1	0	1	0	0	1	0	0	1	3
2014/01/01-10:59:50	19	1,723.383	66.285	2	0	0	0	0	0	0	1	1	0	0	12
2014/01/01-11:00:21	19	1,723.383	66.285	0	0	1	0	0	0	0	1	0	0	1	3
2014/01/01-11:09:55	24	1,703.808	64.579	9	0	0	2	0	0	1	1	0	0	1	43
2014/01/01-11:11:00	24	1,703.808	64.579	10	0	1	12	0	0	0	1	0	0	1	41
2014/01/01-11:12:00	24	1,703.808	64.579	3	0	0	0	0	0	1	1	0	0	1	12
2014/01/01-11:12:44	24	1,703.808	64.579	9	0	0	0	1	0	1	1	0	0	1	43
2014/01/01-11:13:46	24	1,703.808	64.579	7	0	0	1	0	0	1	1	0	0	1	30
2014/01/01-11:25:41	24	1,703.808	64.579	2	0	0	0	0	0	1	1	0	0	1	5
2014/01/01-11:27:00	24	1,703.808	64.579	1	0	1	0	0	0	0	1	0	0	1	3
2014/01/01-11:27:44	24	1,703.808	64.579	3	0	0	0	0	0	1	1	0	0	1	8
2014/01/01-11:28:24	24	1,703.808	64.579	12	0	0	2	0	0	0	1	1	0	0	60
2014/01/01-11:29:43	24	1,703.808	64.579	3	0	1	0	0	0	0	1	0	0	1	11
2014/01/01-15:15:48	33	1,663.031	67.491	4	0	0	0	1	0	0	1	1	0	0	21
2014/01/01-18:32:25	33	1,663.031	67.491	18	0	0	0	0	0	0	1	1	0	0	60
2014/01/01-18:33:47	33	1,663.031	67.491	1	0	0	0	0	0	0	1	1	0	0	10
2014/01/01-18:34:16	33	1,663.031	67.491	7	0	0	5	0	0	0	1	1	0	0	27
2014/01/01-18:35:01	33	1,663.031	67.491	12	0	0	0	1	0	0	1	1	0	0	60
2014/01/01-18:36:20	33	1,663.031	67.491	1	0	1	0	1	0	0	1	1	0	0	6
2014/01/01-18:58:02	33	1,663.031	67.491	6	0	1	0	0	0	0	1	0	0	1	24
2014/01/01-18:58:45	33	1,663.031	67.491	1	0	1	0	0	0	0	1	1	0	0	3
2014/01/01-18:59:07	33	1,663.031	67.491	8	0	0	2	1	0	0	1	1	0	0	46
2014/01/01-19:00:12	33	1,663.031	67.491	8	0	0	0	0	0	0	1	1	0	0	60
2014/01/01-19:01:31	33	1,663.031	67.491	6	0	0	0	2	0	0	1	1	0	0	24
2014/01/01-19:14:22	21	1,718.251	61.13	5	0	0	0	1	0	0	1	1	0	0	24
2014/01/01-19:14:58	21	1,718.251	61.13	3	0	0	1	0	0	1	1	0	0	1	11
2014/01/01-19:15:21	21	1,718.251	61.13	17	0	0	2	0	0	0	1	1	0	0	60
2014/01/01-19:16:36	21	1,718.251	61.13	6	0	0	1	0	0	0	1	0	0	1	60
2014/01/01-19:17:51	21	1,718.251	61.13	2	0	0	0	1	0	0	1	1	0	0	60
2014/01/02-01:14:26	12	1,733.027	65.988	4	0	0	0	0	0	1	1	0	0	1	17
2014/01/02-01:15:10	12	1,733.027	65.988	4	0	0	0	1	0	0	1	1	0	0	16
2014/01/02-01:15:45	12	1,733.027	65.988	1	0	0	0	0	0	1	1	0	0	1	8
2014/01/02-01:16:11	12	1,733.027	65.988	11	0	1	4	0	0	0	1	0	0	1	47
2014/01/02-01:17:17	12	1,733.027	65.988	6	0	1	4	0	0	0	1	0	0	1	57
2014/01/02-01:44:22	17	1,719.246	63.483	10	0	0	0	0	0	1	1	0	0	1	46
2014/01/02-01:45:26	17	1,719.246	63.483	2	0	0	0	0	0	1	1	0	0	1	12
2014/01/02-01:45:57	17	1,719.246	63.483	7	0	0	6	0	0	0	1	1	0	0	60
2014/01/02-01:47:16	17	1,719.246	63.483	1	0	1	0	0	0	0	1	0	0	1	3
2014/01/02-01:48:35	17	1,719.246	63.483	13	0	0	0	0	0	0	1	1	0	0	50
2014/01/02-02:01:17	17	1,719.246	63.483	1	0	1	0	1	0	0	1	0	0	1	4
2014/01/02-02:02:04	17	1,719.246	63.483	16	0	0	9	0	0	0	1	0	0	1	60
2014/01/02-02:03:23	17	1,719.246	63.483	3	0	0	0	0	0	0	1	1	0	0	20
2014/01/02-02:04:01	17	1,719.246	63.483	13	0	0	3	0	0	0	1	0	0	1	60
2014/01/02-02:05:20	17	1,719.246	63.483	1	0	1	0	0	0	0	1	0	0	1	3
2014/01/02-05:29:49	19	1,714.172	65.535	2	0	1	0	0	0	0	1	0	0	1	6
2014/01/02-05:31:08	19	1,714.172	65.535	4	0	0	0	0	0	1	1	0	0	1	22
2014/01/02-05:32:27	19	1,714.172	65.535	7	0	0	13	3	0	0	1	1	0	0	32
2014/01/02-05:33:18	19	1,714.172	65.535	13	0	0	6	2	0	0	1	1	0	0	60
2014/01/02-05:34:37	19	1,714.172	65.535	31	0	0	0	1	0	0	1	1	0	0	60
2014/01/02-05:58:02	22	1,701.57	62.199	3	0	0	0	0	0	1	1	0	0	1	10
2014/01/02-05:58:41	22	1,701.57	62.199	6	0	0	2	1	0	0	1	1	0	0	23
2014/01/02-05:59:23	22	1,701.57	62.199	7	0	0	0	1	0	0	1	1	0	0	27
2014/01/02-06:00:09	22	1,701.57	62.199	6	0	0	2	2	0	1	1	0	0	1	16
2014/01/02-06:00:44	22	1,701.57	62.199	12	0	0	4	1	0	0	1	1	0	0	55
2014/01/02-06:19:22	19	1,712.023	59.153	2	0	0	0	0	0	1	1	0	0	1	10
2014/01/02-06:20:23	19	1,712.023	59.153	7	0	0	0	0	0	1	1	0	0	1	40
2014/01/02-06:21:22	19	1,712.023	59.153	15	0	0	9	0	0	0	1	1	0	0	60
2014/01/02-06:22:41	19	1,712.023	59.153	1	0	0	0	0	0	0	1	1	0	0	22
2014/01/02-06:23:21	19	1,712.023	59.153	10	0	1	0	0	0	0	1	0	0	1	33
2014/01/02-11:17:05	17	1,724.219	65.549	4	0	0	0	0	0	1	1	0	0	1	13
2014/01/02-11:18:25	17	1,724.219	65.549	11	0	0	2	0	0	0	1	1	0	0	60
2014/01/02-11:19:44	17	1,724.219	65.549	9	0	0	2	1	0	0	1	1	0	0	60
2014/01/02-11:21:03	17	1,724.219	65.549	24	0	0	0	1	0	0	1	1	0	0	60
2014/01/02-11:22:22	17	1,724.219	65.549	8	0	0	4	0	0	0	1	1	0	0	60
2014/01/02-11:43:31	18	1,722.956	63.026	0	0	1	0	0	0	0	1	0	0	1	4
2014/01/02-11:44:31	18	1,722.956	63.026	0	0	0	0	0	0	0	1	1	0	0	60
2014/01/02-11:45:50	18	1,722.956	63.026	11	0	0	2	0	0	0	1	1	0	0	55
2014/01/02-11:47:04	18	1,722.956	63.026	8	0	0	0	1	0	0	1	1	0	0	30
2014/01/02-11:47:54	18	1,722.956	63.026	3	0	1	0	0	0	0	1	0	0	1	10
2014/01/02-12:04:02	18	1,722.956	63.026	7	0	0	3	0	0	0	1	0	1	0	60
2014/01/02-12:05:21	18	1,722.956	63.026	16	0	0	0	0	0	0	1	1	0	0	60
2014/01/02-12:06:40	18	1,722.956	63.026	6	0	0	5	1	0	0	1	1	0	0	32
2014/01/02-12:07:31	18	1,722.956	63.026	10	0	0	3	0	0	0	1	1	0	0	60
2014/01/02-12:08:50	18	1,722.956	63.026	11	0	0	0	1	0	0	1	1	0	0	60
2014/01/02-15:26:32	12	1,744.851	65.09	3	0	0	0	1	0	0	1	1	0	0	60
2014/01/02-15:27:51	12	1,744.851	65.09	11	0	0	3	1	0	0	1	1	0	0	32
2014/01/02-15:28:41	12	1,744.851	65.09	2	0	0	0	1	0	0	1	1	0	0	6
2014/01/02-15:29:06	12	1,744.851	65.09	9	0	0	2	0	0	0	1	1	0	0	60
2014/01/02-15:30:25	12	1,744.851	65.09	13	0	0	3	2	0	0	1	1	0	0	51
2014/01/02-15:54:17	9	1,763.545	62.498	11	0	0	10	0	0	0	1	1	0	0	52
2014/01/02-15:55:28	9	1,763.545	62.498	1	0	0	0	0	0	0	1	1	0	0	37
2014/01/02-15:56:24	9	1,763.545	62.498	13	0	0	0	0	0	0	1	1	0	0	60
2014/01/02-15:57:43	9	1,763.545	62.498	0	0	1	0	0	0	0	1	0	0	1	4
2014/01/02-15:58:08	9	1,763.545	62.498	6	0	0	0	2	0	0	1	1	0	0	26
2014/01/02-16:15:36	8	1,778.613	59.66	1	0	0	0	0	0	1	1	0	0	1	3
2014/01/02-16:16:38	8	1,778.613	59.66	3	0	1	0	0	0	0	1	0	0	1	8
2014/01/02-16:17:20	8	1,778.613	59.66	0	0	1	1	0	0	0	1	0	0	1	30
2014/01/02-16:18:09	8	1,778.613	59.66	1	0	0	0	0	0	1	1	0	0	1	3
2014/01/02-16:19:21	8	1,778.613	59.66	10	0	0	3	1	0	0	1	1	0	0	34
