2013/09/02-21:51:42	40	1,500	352.012	1	0	0	0	0	0	1	1	0	0	1	3
2013/09/02-21:53:01	40	1,500	352.012	2	0	1	0	0	0	0	1	0	0	1	15
2013/09/02-21:54:15	40	1,500	352.012	7	0	1	1	0	0	0	1	0	0	1	22
2013/09/02-21:54:55	40	1,500	352.012	0	0	1	0	0	0	0	1	0	0	1	3
2013/09/02-21:56:14	40	1,500	352.012	0	0	1	0	0	0	0	1	0	0	1	6
2013/09/02-22:31:18	40	1,500	352.012	23	0	0	4	0	0	0	1	0	0	1	60
2013/09/02-22:32:37	40	1,500	352.012	0	0	1	0	0	0	0	1	0	0	1	5
2013/09/02-22:33:23	40	1,500	352.012	0	0	1	0	0	0	0	1	0	0	1	6
2013/09/02-22:33:50	40	1,500	352.012	0	0	1	0	0	0	0	1	0	0	1	3
2013/09/02-22:34:25	40	1,500	352.012	20	0	0	1	0	0	0	1	0	0	1	60
2013/09/02-22:44:42	80	734.477	265.281	1	0	0	0	0	0	0	1	1	0	0	6
2013/09/02-22:45:07	80	734.477	265.281	0	0	1	0	0	0	0	1	0	0	1	6
2013/09/02-22:45:32	80	734.477	265.281	1	0	0	0	1	0	0	1	1	0	0	6
2013/09/02-22:45:57	80	734.477	265.281	0	0	1	0	0	0	0	1	0	0	1	6
2013/09/02-22:46:22	80	734.477	265.281	10	0	0	0	1	0	0	1	1	0	0	33
2013/09/03-00:45:41	83	579.165	218.086	0	0	1	0	0	0	0	1	0	0	1	6
2013/09/03-00:46:06	83	579.165	218.086	0	0	0	0	0	0	0	1	1	0	0	4
2013/09/03-00:46:29	83	579.165	218.086	0	0	1	0	0	0	0	1	0	0	1	6
2013/09/03-00:46:53	83	579.165	218.086	7	0	0	0	1	0	0	1	1	0	0	24
2013/09/03-00:47:37	83	579.165	218.086	3	0	1	1	0	0	0	1	0	0	1	19
2013/09/03-00:58:10	83	579.165	218.086	0	0	0	0	0	0	0	1	1	0	0	6
2013/09/03-00:58:35	83	579.165	218.086	14	0	0	1	0	0	0	1	1	0	0	60
2013/09/03-00:59:54	83	579.165	218.086	16	0	1	0	0	0	0	1	0	0	1	43
2013/09/03-01:01:09	83	579.165	218.086	0	0	1	0	0	0	0	1	0	0	1	6
2013/09/03-01:01:51	83	579.165	218.086	0	0	1	0	0	0	0	1	0	0	1	3
2013/09/03-01:06:33	52	1,480.882	197.283	0	0	1	0	0	0	0	1	0	0	1	6
2013/09/03-01:07:51	52	1,480.882	197.283	0	0	1	0	0	0	0	1	0	0	1	3
2013/09/03-01:08:19	52	1,480.882	197.283	1	0	1	0	1	0	0	1	0	0	1	4
2013/09/03-01:08:42	52	1,480.882	197.283	0	0	1	0	0	0	0	1	0	0	1	3
2013/09/03-01:09:07	52	1,480.882	197.283	15	0	0	4	1	0	0	1	1	0	0	45
