2013/09/02-21:46:50	42	1,500	352.012	2	0	0	0	0	0	0	1	1	0	0	20
2013/09/02-21:47:28	42	1,500	352.012	7	0	1	0	1	0	0	1	0	0	1	21
2013/09/02-21:48:08	42	1,500	352.012	12	0	1	4	0	0	0	1	0	0	1	58
2013/09/02-21:49:31	42	1,500	352.012	6	0	0	11	0	0	0	1	1	0	0	27
2013/09/02-21:50:17	42	1,500	352.012	10	0	1	0	0	0	0	1	0	0	1	60
2013/09/02-22:35:50	42	1,500	352.012	9	0	0	0	0	0	1	1	0	0	1	29
2013/09/02-22:36:38	42	1,500	352.012	1	0	1	0	0	0	0	1	0	0	1	7
2013/09/02-22:37:28	42	1,500	352.012	5	0	0	11	0	0	0	1	1	0	0	30
2013/09/02-22:38:17	25	1,777.001	268.606	5	0	0	3	0	0	1	1	0	0	1	15
2013/09/02-22:39:37	25	1,777.001	268.606	0	0	1	0	0	0	0	1	0	0	1	3
2013/09/02-22:50:58	25	1,777.001	268.606	5	0	1	3	0	0	0	1	0	0	1	27
2013/09/02-22:51:44	25	1,777.001	268.606	6	0	0	0	0	0	1	1	0	0	1	23
2013/09/02-22:52:27	25	1,777.001	268.606	1	0	1	0	0	0	0	1	0	0	1	6
2013/09/02-22:52:52	25	1,777.001	268.606	1	0	0	0	1	0	1	1	0	0	1	3
2013/09/02-22:53:14	25	1,777.001	268.606	0	0	1	0	0	0	0	1	0	0	1	7
2013/09/03-07:45:38	30	1,677.102	212.846	7	0	1	0	0	0	0	1	0	0	1	24
2013/09/03-07:46:36	30	1,677.102	212.846	10	0	1	2	1	0	0	1	0	0	1	43
2013/09/03-07:47:55	30	1,677.102	212.846	2	0	1	0	0	0	0	1	0	0	1	14
2013/09/03-07:48:28	30	1,677.102	212.846	1	0	0	0	0	0	1	1	0	0	1	4
2013/09/03-07:49:28	30	1,677.102	212.846	1	0	1	0	0	0	0	1	0	0	1	6
2013/09/03-08:15:07	30	1,677.102	212.846	0	0	1	0	0	0	0	1	0	0	1	5
2013/09/03-08:15:58	30	1,677.102	212.846	1	0	1	0	0	0	0	1	0	0	1	3
2013/09/03-08:16:25	30	1,677.102	212.846	0	0	1	0	0	0	0	1	0	0	1	7
2013/09/03-08:16:57	30	1,677.102	212.846	1	0	1	0	0	0	0	1	0	0	1	7
2013/09/03-08:17:24	30	1,677.102	212.846	3	0	0	0	1	0	0	1	1	0	0	15
2013/09/03-08:33:35	28	1,708.207	165.963	1	0	1	0	0	0	0	1	0	0	1	3
2013/09/03-08:34:00	28	1,708.207	165.963	12	0	0	1	1	0	0	1	1	0	0	42
2013/09/03-08:35:02	28	1,708.207	165.963	2	0	1	0	1	0	0	1	0	0	1	11
2013/09/03-08:35:32	28	1,708.207	165.963	1	0	0	0	0	0	1	1	0	0	1	3
2013/09/03-08:36:00	28	1,708.207	165.963	2	0	1	0	0	0	0	1	0	0	1	6
2013/09/03-23:43:16	38	1,625.809	145.633	1	0	1	0	1	0	0	1	0	0	1	5
2013/09/03-23:43:41	38	1,625.809	145.633	2	0	1	0	0	0	0	1	0	0	1	12
2013/09/03-23:44:22	38	1,609.002	132.555	3	0	0	0	0	0	0	1	1	0	0	9
2013/09/03-23:44:50	38	1,609.002	132.555	0	0	1	0	0	0	0	1	0	0	1	7
2013/09/03-23:45:22	38	1,609.002	132.555	5	0	0	2	0	0	1	1	0	0	1	24
2013/09/03-23:58:20	38	1,609.002	132.555	6	0	0	0	1	0	1	1	0	0	1	10
2013/09/03-23:59:39	38	1,609.002	132.555	2	0	0	1	2	0	0	1	1	0	0	16
2013/09/04-10:57:43	38	1,609.002	132.555	0	0	1	0	0	0	0	1	0	0	1	6
2013/09/04-10:58:34	38	1,609.002	132.555	0	0	1	0	0	0	0	1	0	0	1	6
2013/09/04-10:58:59	38	1,609.002	132.555	13	0	0	5	0	0	0	1	1	0	0	58
2013/09/04-11:17:36	36	1,596.315	110.435	0	0	1	0	0	0	0	1	0	0	1	5
2013/09/04-11:18:28	36	1,596.315	110.435	0	0	1	0	0	0	0	1	0	0	1	16
2013/09/04-11:19:39	36	1,596.315	110.435	1	0	1	0	0	0	0	1	0	0	1	19
2013/09/04-11:20:16	36	1,596.315	110.435	17	0	0	0	0	0	0	1	1	0	0	60
2013/09/04-11:21:35	36	1,596.315	110.435	8	0	0	0	0	0	1	1	0	0	1	18
2013/09/04-19:14:23	41	1,535.787	101.489	1	0	0	0	0	0	1	1	0	0	1	6
2013/09/04-19:15:42	41	1,535.787	101.489	4	0	1	0	0	0	0	1	0	0	1	9
2013/09/04-19:16:18	41	1,535.787	101.489	11	0	1	6	0	0	0	1	0	0	1	53
2013/09/04-19:17:38	41	1,535.787	101.489	3	0	1	0	0	0	0	1	0	0	1	8
2013/09/04-19:18:29	41	1,535.787	101.489	3	0	1	0	0	0	0	1	0	0	1	9
2013/09/04-19:36:05	47	1,498.543	90.753	1	0	1	0	1	0	0	1	0	0	1	6
2013/09/04-19:36:34	47	1,498.543	90.753	0	0	1	0	0	0	0	1	0	0	1	12
2013/09/04-19:37:53	47	1,498.543	90.753	3	0	1	0	0	0	0	1	0	0	1	13
2013/09/04-19:38:33	47	1,498.543	90.753	5	0	0	0	2	0	0	1	1	0	0	15
2013/09/04-19:39:07	47	1,498.543	90.753	1	0	0	0	0	0	0	1	1	0	0	15
2013/09/04-19:53:09	47	1,498.543	90.753	1	0	1	0	0	0	0	1	0	0	1	8
2013/09/04-20:33:22	47	1,498.543	90.753	6	0	0	3	0	0	1	1	0	0	1	17
2013/09/04-20:34:23	47	1,498.543	90.753	6	0	0	14	0	0	1	1	0	0	1	35
2013/09/04-20:35:17	47	1,498.543	90.753	7	0	0	0	2	0	0	1	1	0	0	25
2013/09/04-20:36:01	47	1,498.543	90.753	2	0	0	0	1	0	0	1	1	0	0	19
2013/09/05-01:56:32	41	1,528.127	83.577	0	0	1	0	0	0	0	1	0	0	1	3
2013/09/05-01:57:01	41	1,528.127	83.577	0	0	1	0	0	0	0	1	0	0	1	6
2013/09/05-01:58:19	41	1,528.127	83.577	0	0	1	0	0	0	0	1	0	0	1	6
2013/09/05-01:58:58	41	1,528.127	83.577	0	0	1	0	0	0	0	1	0	0	1	5
2013/09/05-01:59:27	41	1,528.127	83.577	0	0	1	0	0	0	0	1	0	0	1	6
2013/09/05-02:18:42	41	1,528.127	83.577	0	0	1	0	0	0	0	1	0	0	1	6
2013/09/05-02:20:01	41	1,528.127	83.577	0	0	1	0	0	0	0	1	0	0	1	6
2013/09/05-02:20:55	41	1,528.127	83.577	0	0	1	0	0	0	0	1	0	0	1	9
2013/09/05-02:21:46	41	1,528.127	83.577	0	0	1	0	0	0	0	1	0	0	1	6
2013/09/05-02:22:44	41	1,528.127	83.577	0	0	1	0	0	0	0	1	0	0	1	3
2013/09/05-02:31:50	51	1,402.663	73.007	0	0	1	0	0	0	0	1	0	0	1	6
2013/09/05-02:32:55	51	1,402.663	73.007	0	0	1	0	0	0	0	1	0	0	1	6
2013/09/05-02:33:21	51	1,402.663	73.007	0	0	1	0	0	0	0	1	0	0	1	3
2013/09/05-02:34:38	51	1,402.663	73.007	0	0	1	0	0	0	0	1	0	0	1	6
2013/09/05-02:35:16	51	1,402.663	73.007	0	0	1	0	0	0	0	1	0	0	1	4
2013/09/05-02:57:23	55	1,362.29	68.203	0	0	0	0	0	0	0	1	1	0	0	6
2013/09/05-02:57:47	55	1,362.29	68.203	0	0	1	0	0	0	0	1	0	0	1	3
2013/09/05-02:58:17	55	1,362.29	68.203	0	0	1	0	0	0	0	1	0	0	1	6
2013/09/05-02:58:41	55	1,362.29	68.203	0	0	1	0	0	0	0	1	0	0	1	6
2013/09/05-02:59:07	55	1,362.29	68.203	0	0	1	0	0	0	0	1	0	0	1	6
2013/09/05-03:07:08	55	1,362.29	68.203	0	0	1	0	0	0	0	1	0	0	1	6
2013/09/05-03:07:39	55	1,362.29	68.203	0	0	1	0	0	0	0	1	0	0	1	3
2013/09/05-03:08:05	55	1,362.29	68.203	0	0	1	0	0	0	0	1	0	0	1	5
2013/09/05-03:08:29	55	1,362.29	68.203	0	0	1	0	0	0	0	1	0	0	1	6
2013/09/05-03:09:40	55	1,362.29	68.203	0	0	1	0	0	0	0	1	0	0	1	6
2013/09/05-03:16:56	55	1,362.29	68.203	0	0	1	0	0	0	0	1	0	0	1	6
2013/09/05-03:17:21	55	1,362.29	68.203	0	0	1	0	0	0	0	1	0	0	1	6
2013/09/05-03:17:46	59	1,312.979	60.628	0	0	1	0	0	0	0	1	0	0	1	6
2013/09/05-03:19:05	59	1,312.979	60.628	0	0	1	0	0	0	0	1	0	0	1	3
2013/09/05-03:20:24	59	1,312.979	60.628	0	0	1	0	0	0	0	1	0	0	1	6
2013/09/05-04:02:51	61	1,294.415	59.594	0	0	1	0	0	0	0	1	0	0	1	3
2013/09/05-04:03:12	61	1,294.415	59.594	0	0	1	0	0	0	0	1	0	0	1	6
2013/09/05-04:03:37	61	1,294.415	59.594	0	0	1	0	0	0	0	1	0	0	1	3
2013/09/05-04:03:59	61	1,294.415	59.594	0	0	1	0	0	0	0	1	0	0	1	6
2013/09/05-04:04:24	61	1,294.415	59.594	0	0	1	0	0	0	0	1	0	0	1	6
2013/09/05-04:14:09	61	1,294.415	59.594	0	0	0	0	0	0	0	1	1	0	0	6
2013/09/05-04:14:34	61	1,294.415	59.594	0	0	1	0	0	0	0	1	0	0	1	6
2013/09/05-04:14:59	61	1,294.415	59.594	0	0	1	0	0	0	0	1	0	0	1	6
2013/09/05-04:15:23	61	1,294.415	59.594	0	0	1	0	0	0	0	1	0	0	1	6
2013/09/05-04:15:48	61	1,294.415	59.594	0	0	0	0	0	0	0	1	1	0	0	6
2013/09/05-04:29:10	63	1,234.95	58.108	0	0	0	0	0	0	0	1	1	0	0	6
2013/09/05-04:29:35	63	1,234.95	58.108	0	0	1	0	0	0	0	1	0	0	1	6
2013/09/05-04:30:00	63	1,234.95	58.108	0	0	1	0	0	0	0	1	0	0	1	6
2013/09/05-04:30:25	63	1,234.95	58.108	0	0	1	0	0	0	0	1	0	0	1	6
2013/09/05-04:30:50	63	1,234.95	58.108	0	0	1	0	0	0	0	1	0	0	1	6
2013/09/09-22:11:20	64	1,199.29	81.944	3	0	0	0	0	0	0	1	1	0	0	7
2013/09/09-22:11:46	64	1,199.29	81.944	3	0	1	2	0	0	0	1	0	0	1	18
2013/09/09-22:12:23	64	1,199.29	81.944	3	0	0	0	0	0	0	1	1	0	0	7
2013/09/09-22:12:50	64	1,199.29	81.944	0	0	1	0	0	0	0	1	0	0	1	10
2013/09/09-22:13:19	64	1,199.29	81.944	5	0	0	2	1	0	0	1	1	0	0	26
2013/09/09-22:23:04	64	1,228.566	76.174	2	0	1	0	1	0	0	1	0	0	1	15
2013/09/09-22:24:03	64	1,228.566	76.174	14	0	0	4	1	0	0	1	1	0	0	48
2013/09/09-22:25:11	64	1,228.566	76.174	18	0	0	3	1	0	0	1	1	0	0	60
2013/09/09-22:26:30	64	1,228.566	76.174	5	0	0	2	0	0	0	1	1	0	0	27
2013/09/09-22:27:15	64	1,228.566	76.174	1	0	1	0	0	0	0	1	0	0	1	8
2013/09/09-22:36:27	64	1,228.566	76.174	14	0	0	5	1	0	0	1	1	0	0	39
2013/09/09-23:59:43	64	1,228.566	76.174	17	0	1	3	0	0	0	1	0	0	1	56
2013/09/10-00:01:07	64	1,228.566	76.174	3	0	0	0	0	0	1	1	0	0	1	20
2013/09/10-00:02:26	64	1,228.566	76.174	19	0	0	3	1	0	0	1	1	0	0	60
2013/09/10-00:03:44	64	1,228.566	76.174	9	0	0	3	0	0	1	1	0	0	1	40
2013/09/10-20:26:50	59	1,336.075	73.94	4	0	0	2	1	0	0	1	1	0	0	15
2013/09/10-20:27:25	59	1,336.075	73.94	8	0	1	4	0	0	0	1	0	0	1	50
2013/09/10-20:28:46	59	1,354.934	71.567	6	0	1	3	0	0	0	1	0	0	1	54
2013/09/10-20:29:59	59	1,354.934	71.567	6	0	0	3	1	0	0	1	1	0	0	36
2013/09/10-20:30:54	59	1,354.934	71.567	4	0	0	2	0	0	0	1	1	0	0	13
2013/09/10-20:49:41	59	1,354.934	71.567	6	0	1	0	0	0	0	1	0	0	1	37
2013/09/10-20:51:00	59	1,354.934	71.567	9	0	0	6	1	0	0	1	1	0	0	60
2013/09/10-20:52:19	59	1,354.934	71.567	13	0	0	3	3	0	0	1	1	0	0	43
2013/09/10-20:53:21	59	1,354.934	71.567	7	0	0	4	0	0	0	1	1	0	0	60
2013/09/10-20:54:40	59	1,354.934	71.567	15	0	0	2	0	0	1	1	0	0	1	39
2013/09/10-21:26:36	53	1,406.077	64.881	8	0	0	1	2	0	0	1	1	0	0	22
2013/09/10-21:27:17	53	1,406.077	64.881	4	0	1	0	0	0	0	1	0	0	1	21
2013/09/10-21:28:10	53	1,406.077	64.881	8	0	0	3	1	0	0	1	1	0	0	42
2013/09/10-21:29:12	53	1,406.077	64.881	4	0	0	2	0	0	0	1	1	0	0	23
2013/09/10-21:29:54	53	1,406.077	64.881	1	0	1	0	0	0	0	1	0	0	1	7
2013/09/11-10:20:48	50	1,422.595	68.815	8	0	1	2	0	0	0	1	0	0	1	28
2013/09/11-10:21:45	50	1,422.595	68.815	4	0	1	0	0	0	0	1	0	0	1	17
2013/09/11-10:22:28	50	1,422.595	68.815	1	0	1	0	0	0	0	1	0	0	1	12
2013/09/11-10:23:15	50	1,422.595	68.815	4	0	1	2	1	0	0	1	0	0	1	20
2013/09/11-10:23:55	50	1,422.595	68.815	2	0	1	0	0	0	0	1	0	0	1	11
2013/09/11-11:35:31	50	1,422.595	68.815	4	0	0	1	1	0	0	1	1	0	0	18
2013/09/11-11:36:09	50	1,422.595	68.815	5	0	1	1	0	0	0	1	0	0	1	22
2013/09/11-11:37:27	50	1,422.595	68.815	16	0	0	4	1	0	0	1	1	0	0	60
2013/09/11-11:38:46	50	1,422.595	68.815	11	0	0	6	2	0	0	1	1	0	0	53
2013/09/11-11:39:58	50	1,422.595	68.815	2	0	1	0	0	0	0	1	0	0	1	11
2013/09/11-13:36:22	52	1,401.082	61.879	7	0	1	2	1	0	0	1	0	0	1	22
2013/09/11-13:37:04	52	1,401.082	61.879	2	0	0	1	0	0	0	1	1	0	0	27
2013/09/11-14:14:03	52	1,401.082	61.879	9	0	1	1	1	0	0	1	0	0	1	43
2013/09/11-14:15:06	52	1,401.082	61.879	2	0	1	0	0	0	0	1	0	0	1	11
2013/09/11-14:15:40	52	1,401.082	61.879	4	0	0	0	0	0	0	1	1	0	0	15
2013/09/12-07:32:49	51	1,409.736	67.671	6	0	0	3	1	0	0	1	1	0	0	57
2013/09/12-07:34:06	51	1,409.736	67.671	10	0	1	3	1	0	0	1	0	0	1	39
2013/09/12-07:35:03	51	1,409.736	67.671	2	0	0	0	0	0	0	1	1	0	0	16
2013/09/12-07:35:37	51	1,409.736	67.671	13	0	0	3	1	0	1	1	1	0	0	51
2013/09/12-07:36:47	51	1,409.736	67.671	2	0	1	0	1	0	0	1	0	0	1	12
2013/09/12-07:52:05	51	1,409.736	67.671	5	0	0	3	1	0	0	1	1	0	0	34
2013/09/12-07:52:57	51	1,409.736	67.671	5	0	0	7	0	0	0	1	1	0	0	34
2013/09/12-07:53:50	51	1,409.736	67.671	10	0	1	7	1	0	0	1	0	0	1	49
2013/09/12-07:54:58	51	1,409.736	67.671	5	0	0	2	0	0	0	1	1	0	0	18
2013/09/12-07:55:34	51	1,409.736	67.671	6	0	0	1	1	0	0	1	1	0	0	20
2013/09/12-08:09:54	48	1,463.405	61.172	10	0	0	2	0	0	0	1	1	0	0	56
2013/09/12-08:27:15	48	1,463.405	61.172	7	0	0	0	1	0	0	1	1	0	0	20
2013/09/12-08:27:55	48	1,463.405	61.172	6	0	0	2	0	0	1	1	0	0	1	40
2013/09/12-08:28:54	48	1,463.405	61.172	8	0	0	7	0	0	0	1	1	0	0	61
2013/09/12-08:30:15	48	1,463.405	61.172	4	0	0	2	0	0	1	1	0	0	1	22
2013/09/12-22:21:37	48	1,489.334	64.098	7	0	1	2	0	0	0	1	0	0	1	22
2013/09/12-22:22:56	48	1,489.334	64.098	2	0	1	0	0	0	0	1	0	0	1	14
2013/09/12-22:23:29	48	1,489.334	64.098	11	0	0	4	0	0	0	1	1	0	0	52
2013/09/12-22:24:40	48	1,489.334	64.098	15	0	0	3	0	0	0	1	0	0	1	60
2013/09/12-22:25:58	48	1,489.334	64.098	3	0	1	0	0	0	0	1	0	0	1	15
2013/09/12-22:35:50	48	1,489.334	64.098	14	0	0	5	1	0	1	1	0	0	1	50
2013/09/12-22:38:05	48	1,489.334	64.098	14	0	0	5	1	0	0	1	1	0	0	49
2013/09/12-22:39:13	48	1,489.334	64.098	9	0	0	1	0	0	1	1	0	0	1	25
2013/09/12-22:40:32	48	1,489.334	64.098	11	0	0	2	0	0	0	1	1	0	0	60
2013/09/12-22:41:50	48	1,489.334	64.098	1	0	1	0	0	0	0	1	0	0	1	6
2013/09/12-23:59:01	48	1,489.334	64.098	6	0	1	4	0	0	0	1	0	0	1	32
2013/09/13-08:42:51	48	1,489.334	64.098	9	0	0	2	2	0	0	1	1	0	0	43
2013/09/13-08:43:53	48	1,489.334	64.098	1	0	1	0	0	0	0	1	0	0	1	12
2013/09/13-08:45:12	48	1,489.334	64.098	3	0	0	1	0	0	1	1	0	0	1	14
2013/09/13-08:46:31	36	1,600.078	61.108	6	0	1	3	0	0	0	1	0	0	1	26
2013/09/13-08:48:02	36	1,600.078	61.108	10	0	0	2	0	0	1	1	0	0	1	34
2013/09/13-08:49:21	36	1,600.078	61.108	8	0	1	1	0	0	0	1	0	0	1	39
2013/09/13-08:50:40	36	1,600.078	61.108	18	0	0	6	0	0	0	1	1	0	0	60
2013/09/13-08:51:58	36	1,600.078	61.108	3	0	0	0	1	0	1	1	0	0	1	10
2013/09/13-08:52:28	36	1,600.078	61.108	4	0	0	0	0	0	1	1	0	0	1	12
2013/09/13-09:12:54	36	1,600.078	61.108	15	0	0	7	0	0	0	1	1	0	0	60
2013/09/13-09:14:13	36	1,600.078	61.108	5	0	1	0	0	0	0	1	0	0	1	15
2013/09/13-09:15:09	36	1,600.078	61.108	5	0	0	0	0	0	1	1	0	0	1	11
2013/09/13-09:16:28	36	1,600.078	61.108	13	0	0	3	0	0	1	1	0	0	1	32
2013/09/13-09:17:28	36	1,600.078	61.108	15	0	0	0	0	0	1	1	0	0	1	44
2013/09/13-09:43:21	35	1,608.911	56.86	7	0	0	2	1	0	1	1	0	0	1	23
2013/09/13-09:44:02	35	1,608.911	56.86	14	0	0	7	0	0	0	1	1	0	0	60
2013/09/13-09:45:21	35	1,608.911	56.86	6	0	0	1	1	0	0	1	1	0	0	18
2013/09/13-09:45:58	35	1,608.911	56.86	1	0	0	0	0	0	1	1	0	0	1	4
2013/09/13-09:47:03	35	1,608.911	56.86	3	0	0	0	0	0	1	1	0	0	1	8
2013/09/13-10:11:36	35	1,608.911	56.86	3	0	1	0	0	0	0	1	0	0	1	18
2013/09/13-10:12:49	35	1,608.911	56.86	15	0	0	6	0	0	0	1	1	0	0	60
2013/09/13-10:14:08	35	1,608.911	56.86	6	0	1	3	0	0	0	1	0	0	1	25
2013/09/13-10:15:26	35	1,608.911	56.86	13	0	1	7	0	0	0	1	0	0	1	59
2013/09/13-10:16:45	35	1,608.911	56.86	20	0	0	2	1	0	0	1	0	0	1	60
2013/09/13-10:37:26	33	1,616.876	53.965	17	0	0	4	1	0	0	1	1	0	0	60
2013/09/13-10:38:45	33	1,616.876	53.965	17	0	0	4	0	0	0	1	0	0	1	60
2013/09/13-10:40:04	33	1,616.876	53.965	4	0	0	0	0	0	1	1	0	0	1	18
2013/09/13-10:41:22	33	1,616.876	53.965	9	0	1	5	0	0	0	1	0	0	1	60
2013/09/13-10:42:41	33	1,616.876	53.965	8	0	0	2	2	0	1	1	0	0	1	28
2013/09/13-11:05:40	33	1,632.351	52.436	7	0	1	3	1	0	0	1	0	0	1	21
2013/09/13-11:06:30	33	1,632.351	52.436	8	0	1	0	0	0	0	1	0	0	1	26
2013/09/13-11:07:49	33	1,632.351	52.436	9	0	0	3	0	0	1	1	0	0	1	32
2013/09/13-11:08:46	33	1,632.351	52.436	5	0	1	0	0	0	0	1	0	0	1	15
2013/09/13-11:10:05	33	1,632.351	52.436	12	0	0	4	0	0	1	1	0	0	1	37
2013/09/13-11:17:15	33	1,632.351	52.436	4	0	1	1	0	0	0	1	0	0	1	18
2013/09/13-11:18:07	33	1,632.351	52.436	8	0	0	0	0	0	0	1	1	0	0	25
2013/09/13-11:18:50	33	1,632.351	52.436	7	0	0	1	1	0	1	1	0	0	1	22
2013/09/13-11:20:08	33	1,632.351	52.436	11	0	0	1	0	0	0	1	0	0	1	60
2013/09/13-11:21:27	33	1,632.351	52.436	7	0	1	3	0	0	0	1	0	0	1	41
2013/09/13-11:37:03	33	1,645.348	50.287	4	0	1	0	0	0	0	1	0	0	1	14
2013/09/13-11:37:35	33	1,645.348	50.287	4	0	0	1	0	0	1	1	0	0	1	9
2013/09/13-11:38:03	33	1,645.348	50.287	6	0	0	1	0	0	0	1	1	0	0	19
2013/09/13-11:38:40	33	1,645.348	50.287	1	0	1	0	0	0	0	1	0	0	1	12
2013/09/13-11:39:11	33	1,645.348	50.287	2	0	1	0	0	0	0	1	0	0	1	5
2013/09/13-11:55:59	33	1,645.348	50.287	3	0	1	1	0	0	0	1	0	0	1	20
2013/09/13-11:56:52	33	1,645.348	50.287	13	0	0	2	1	0	1	1	0	0	1	45
2013/09/13-11:57:57	33	1,645.348	50.287	14	0	0	4	2	0	0	1	1	0	0	57
2013/09/13-11:59:13	33	1,645.348	50.287	3	0	1	1	0	0	0	1	0	0	1	20
2013/09/13-12:00:13	33	1,645.348	50.287	14	0	0	3	0	0	0	1	1	0	0	60
2013/09/13-14:12:05	33	1,623.746	48.354	6	0	1	2	0	0	0	1	0	0	1	20
2013/09/13-14:13:24	33	1,623.746	48.354	4	0	1	0	0	0	0	1	0	0	1	25
2013/09/13-14:14:07	33	1,623.746	48.354	24	0	0	3	0	0	0	1	1	0	0	60
2013/09/13-14:15:26	33	1,623.746	48.354	18	0	0	4	0	0	0	1	1	0	0	60
2013/09/13-14:16:45	33	1,623.746	48.354	1	0	1	0	0	0	0	1	0	0	1	18
2013/09/13-14:33:03	33	1,623.746	48.354	15	0	0	3	0	0	1	1	0	0	1	47
2013/09/13-14:34:10	33	1,623.746	48.354	8	0	0	4	0	0	1	1	0	0	1	26
2013/09/13-14:35:59	33	1,623.746	48.354	8	0	1	3	0	0	0	1	0	0	1	59
2013/09/13-14:37:18	33	1,623.746	48.354	6	0	0	2	0	0	1	1	0	0	1	31
2013/09/13-14:38:37	33	1,623.746	48.354	18	0	0	2	0	0	1	1	0	0	1	57
2013/09/13-14:54:26	33	1,633.367	46.98	14	0	0	6	0	0	1	1	0	0	1	54
2013/09/13-14:55:45	33	1,633.367	46.98	9	0	0	2	0	0	1	1	0	0	1	32
2013/09/13-14:57:04	33	1,633.367	46.98	17	0	0	4	0	0	0	1	1	0	0	60
2013/09/13-14:58:23	33	1,633.367	46.98	8	0	1	2	0	0	0	1	0	0	1	29
2013/09/13-14:59:42	33	1,633.367	46.98	1	0	1	0	0	0	0	1	0	0	1	8
2013/09/13-15:12:38	33	1,633.367	46.98	0	0	1	0	0	0	0	1	0	0	1	12
2013/09/13-15:13:56	33	1,633.367	46.98	2	0	1	1	0	0	0	1	0	0	1	19
2013/09/13-15:14:34	33	1,633.367	46.98	1	0	0	0	0	0	1	1	0	0	1	4
2013/09/13-15:15:53	33	1,633.367	46.98	4	0	1	0	0	0	0	1	0	0	1	15
2013/09/13-15:17:12	33	1,633.367	46.98	8	0	0	4	0	0	1	1	0	0	1	36
2013/09/13-15:31:15	33	1,630.314	45.344	9	0	1	3	0	0	0	1	0	0	1	24
2013/09/13-15:32:12	33	1,630.314	45.344	5	0	1	1	0	0	0	1	0	0	1	21
2013/09/13-15:32:58	33	1,630.314	45.344	12	0	0	4	0	0	0	1	1	0	0	48
2013/09/13-15:34:05	33	1,630.314	45.344	2	0	1	1	0	0	0	1	0	0	1	15
2013/09/13-15:34:41	33	1,630.314	45.344	9	0	1	1	0	0	0	1	0	0	1	32
2013/09/13-15:52:29	33	1,630.314	45.344	3	0	0	2	0	0	0	1	1	0	0	11
2013/09/13-15:52:59	33	1,630.314	45.344	1	0	0	0	0	0	0	1	1	0	0	6
2013/09/13-15:53:24	33	1,630.314	45.344	3	0	0	0	1	0	0	1	1	0	0	10
2013/09/13-15:53:53	33	1,630.314	45.344	11	0	0	4	1	0	0	1	1	0	0	50
2013/09/13-15:55:02	33	1,630.314	45.344	10	0	0	2	2	0	0	1	1	0	0	29
2013/09/13-16:30:27	34	1,627.516	44.21	11	0	0	2	1	0	1	1	0	0	1	50
2013/09/13-16:31:35	34	1,627.516	44.21	13	0	0	1	0	0	0	1	0	0	1	60
2013/09/13-16:32:54	34	1,627.516	44.21	1	0	1	0	0	0	0	1	0	0	1	12
2013/09/13-16:34:12	34	1,627.516	44.21	5	0	0	3	0	0	1	1	0	0	1	25
2013/09/13-16:34:56	34	1,627.516	44.21	8	0	0	3	0	0	1	1	0	0	1	41
2013/09/13-16:41:51	34	1,627.443	44.072	5	0	1	1	0	0	0	1	0	0	1	12
2013/09/13-16:42:27	34	1,627.443	44.072	11	0	0	5	0	0	1	1	0	0	1	36
2013/09/13-16:43:22	34	1,627.443	44.072	11	0	0	7	1	0	0	1	1	0	0	36
2013/09/13-16:44:17	34	1,627.443	44.072	1	0	1	0	0	0	0	1	0	0	1	7
2013/09/13-16:45:06	34	1,627.443	44.072	1	0	1	0	0	0	0	1	0	0	1	7
2013/09/13-17:02:26	34	1,627.443	44.072	4	0	0	1	0	0	1	1	0	0	1	16
2013/09/13-17:03:44	34	1,627.443	44.072	9	0	0	4	0	0	1	1	0	0	1	34
2013/09/13-17:05:02	34	1,627.443	44.072	2	0	0	0	0	0	1	1	0	0	1	5
2013/09/13-17:06:21	34	1,627.443	44.072	14	0	0	1	0	0	0	1	0	0	1	60
2013/09/13-17:07:40	34	1,627.443	44.072	2	0	1	0	1	0	0	1	0	0	1	10
2013/09/13-17:26:19	35	1,610.313	42.696	5	0	1	1	0	0	0	1	0	0	1	13
2013/09/13-17:54:21	35	1,610.313	42.696	2	0	1	0	0	0	0	1	0	0	1	17
2013/09/13-17:55:44	35	1,610.313	42.696	4	0	1	0	0	0	0	1	0	0	1	11
2013/09/13-17:56:28	35	1,610.313	42.696	9	0	1	1	0	0	0	1	0	0	1	33
2013/09/13-17:57:20	35	1,610.313	42.696	12	0	0	3	0	0	1	1	0	0	1	25
2013/09/13-18:10:43	35	1,610.313	42.696	0	0	1	0	0	0	0	1	0	0	1	8
2013/09/13-18:12:02	35	1,610.313	42.696	6	0	0	1	2	0	0	1	1	0	0	19
2013/09/13-18:12:39	35	1,610.313	42.696	9	0	1	2	0	0	0	1	0	0	1	39
2013/09/13-18:13:46	35	1,610.313	42.696	17	0	0	3	1	0	1	1	0	0	1	47
2013/09/13-18:14:51	35	1,610.313	42.696	11	0	0	4	0	0	0	1	1	0	0	42
2013/09/13-18:34:07	35	1,605.664	41.755	2	0	0	0	0	0	0	1	1	0	0	11
2013/09/13-18:34:36	35	1,605.664	41.755	4	0	1	0	0	0	0	1	0	0	1	22
2013/09/13-18:35:55	35	1,605.664	41.755	11	0	0	2	1	0	0	1	1	0	0	43
2013/09/13-18:36:57	35	1,605.664	41.755	14	0	0	6	0	0	0	1	1	0	0	60
2013/09/13-18:38:16	35	1,605.664	41.755	3	0	0	2	0	0	0	1	1	0	0	29
2013/09/13-19:10:42	36	1,616.405	41.366	1	0	0	0	0	0	1	1	0	0	1	5
2013/09/13-19:12:02	36	1,616.405	41.366	9	0	0	4	2	0	0	1	1	0	0	32
2013/09/13-19:12:53	36	1,616.405	41.366	2	0	0	0	0	0	1	1	0	0	1	4
2013/09/13-19:13:44	36	1,616.405	41.366	1	0	1	0	0	0	0	1	0	0	1	10
2013/09/13-19:15:03	36	1,616.405	41.366	1	0	1	2	0	0	0	1	0	0	1	15
2013/09/13-19:20:50	36	1,616.405	41.366	7	0	0	4	1	0	0	1	1	0	0	28
2013/09/13-19:21:37	36	1,616.405	41.366	13	0	0	3	1	0	0	1	1	0	0	60
2013/09/13-19:22:56	36	1,616.405	41.366	5	0	1	0	0	0	0	1	0	0	1	14
2013/09/13-19:23:42	36	1,616.405	41.366	9	0	0	3	0	0	1	1	0	0	1	27
2013/09/13-19:24:59	36	1,616.405	41.366	19	0	0	5	0	0	0	1	1	0	0	60
2013/09/13-19:48:20	36	1,604.81	39.736	9	0	0	3	1	0	1	1	0	0	1	42
2013/09/13-19:49:21	36	1,604.81	39.736	4	0	1	0	1	0	0	1	0	0	1	19
2013/09/13-19:50:40	36	1,604.81	39.736	4	0	1	0	0	0	0	1	0	0	1	16
2013/09/13-19:51:24	36	1,604.81	39.736	7	0	0	4	0	0	0	1	1	0	0	31
2013/09/13-19:52:14	36	1,604.81	39.736	8	0	0	4	0	0	1	1	0	0	1	36
2013/09/15-10:14:40	43	1,598.669	100.576	13	0	0	2	1	0	0	1	1	0	0	60
2013/09/15-10:15:59	43	1,598.669	100.576	4	0	0	0	0	0	0	1	1	0	0	20
2013/09/15-10:16:38	43	1,598.669	100.576	5	0	0	0	1	0	0	1	1	0	0	18
2013/09/15-10:17:15	43	1,598.669	100.576	6	0	0	4	0	0	0	1	1	0	0	40
2013/09/15-10:18:13	43	1,598.669	100.576	15	0	0	5	1	0	1	1	0	0	1	37
2013/09/15-10:32:20	43	1,598.669	100.576	3	0	0	0	0	0	1	1	0	0	1	7
2013/09/15-10:33:10	43	1,598.669	100.576	24	0	0	4	0	0	1	1	0	0	1	54
2013/09/15-10:34:23	43	1,598.669	100.576	5	0	0	0	0	0	0	1	1	0	0	16
2013/09/15-10:34:58	43	1,598.669	100.576	2	0	0	0	0	0	1	1	0	0	1	4
2013/09/15-10:35:38	43	1,598.669	100.576	2	0	0	3	0	0	0	1	1	0	0	21
2013/09/15-10:51:14	37	1,644.051	86.231	7	0	1	0	0	0	0	1	0	0	1	12
2013/09/15-10:51:45	37	1,644.051	86.231	18	0	0	1	0	0	1	1	0	0	1	44
2013/09/15-10:52:48	37	1,644.051	86.231	4	0	0	2	0	0	1	1	0	0	1	22
2013/09/15-10:53:50	37	1,644.051	86.231	6	0	1	2	0	0	0	1	0	0	1	19
2013/09/15-10:54:34	37	1,644.051	86.231	5	0	1	0	0	0	0	1	0	0	1	12
2013/09/15-13:05:46	42	1,623.312	79.981	0	0	1	0	0	0	0	1	0	0	1	10
2013/09/15-13:06:58	42	1,623.312	79.981	6	0	1	2	0	0	0	1	0	0	1	24
2013/09/15-13:08:16	42	1,623.312	79.981	4	0	1	1	0	0	0	1	0	0	1	18
2013/09/15-13:09:35	42	1,623.312	79.981	6	0	0	2	1	0	0	1	1	0	0	24
2013/09/15-13:10:17	42	1,623.312	79.981	2	0	1	1	0	0	0	1	0	0	1	15
2013/09/15-13:22:03	42	1,623.312	79.981	1	0	1	0	0	0	0	1	0	0	1	7
2013/09/15-13:23:03	42	1,623.312	79.981	6	0	1	1	0	0	0	1	0	0	1	20
2013/09/15-13:23:57	42	1,623.312	79.981	3	0	1	0	0	0	0	1	0	0	1	13
2013/09/15-13:24:32	42	1,623.312	79.981	6	0	0	0	1	0	1	1	0	0	1	19
2013/09/15-13:25:17	42	1,623.312	79.981	7	0	0	2	1	0	0	1	1	0	0	22
2013/09/15-13:38:35	46	1,551.004	70.307	9	0	0	0	1	0	0	1	1	0	0	27
2013/09/15-13:39:21	46	1,551.004	70.307	14	0	1	3	0	0	0	1	0	0	1	57
2013/09/15-13:40:37	46	1,551.004	70.307	0	0	1	0	0	0	0	1	0	0	1	12
2013/09/15-13:41:21	46	1,551.004	70.307	1	0	1	0	0	0	0	1	0	0	1	13
2013/09/15-13:42:10	46	1,551.004	70.307	11	0	0	6	0	0	0	1	1	0	0	60
2013/09/15-19:34:12	47	1,554.216	75.65	2	0	1	0	0	0	0	1	0	0	1	14
2013/09/15-19:35:20	47	1,554.216	75.65	2	0	1	0	0	0	0	1	0	0	1	9
2013/09/15-19:36:25	47	1,554.216	75.65	3	0	1	2	0	0	0	1	0	0	1	13
2013/09/15-19:37:34	47	1,554.216	75.65	5	0	1	2	0	0	0	1	0	0	1	19
2013/09/15-19:38:22	47	1,554.216	75.65	1	0	1	0	0	0	0	1	0	0	1	12
2013/09/15-19:49:41	51	1,517.603	70.248	5	0	1	3	1	0	0	1	0	0	1	42
2013/09/15-19:50:42	51	1,517.603	70.248	5	0	1	3	0	0	0	1	0	0	1	28
2013/09/15-19:51:29	51	1,517.603	70.248	8	0	1	1	1	0	0	1	0	0	1	49
2013/09/15-19:52:37	51	1,517.603	70.248	11	0	1	2	0	0	0	1	0	0	1	28
2013/09/15-19:53:24	51	1,517.603	70.248	7	0	0	2	1	0	0	1	1	0	0	17
2013/09/15-20:18:07	51	1,517.603	70.248	5	0	1	1	1	0	0	1	0	0	1	23
2013/09/15-20:18:55	51	1,517.603	70.248	9	0	0	1	0	0	1	1	0	0	1	29
2013/09/15-20:19:49	51	1,517.603	70.248	4	0	1	2	0	0	0	1	0	0	1	24
2013/09/15-20:20:32	51	1,517.603	70.248	8	0	1	0	1	0	0	1	0	0	1	38
2013/09/15-20:21:51	51	1,517.603	70.248	2	0	1	0	0	0	0	1	0	0	1	13
2013/09/16-07:26:54	49	1,549.589	74.874	9	0	0	2	0	0	1	1	0	0	1	16
2013/09/16-07:27:48	49	1,549.589	74.874	5	0	1	3	0	0	0	1	0	0	1	21
2013/09/16-07:29:08	49	1,549.589	74.874	0	0	1	0	0	0	0	1	0	0	1	11
2013/09/16-07:30:19	49	1,549.589	74.874	5	0	1	0	0	0	0	1	0	0	1	27
2013/09/16-07:31:05	49	1,549.589	74.874	7	0	1	4	1	0	0	1	0	0	1	31
2013/09/16-07:32:02	49	1,549.589	74.874	1	0	1	0	0	0	0	1	0	0	1	23
2013/09/16-07:33:21	49	1,549.589	74.874	5	0	1	1	0	0	0	1	0	0	1	20
2013/09/16-07:34:40	49	1,549.589	74.874	12	0	0	8	0	0	0	1	1	0	0	60
2013/09/16-07:35:59	49	1,549.589	74.874	6	0	1	5	1	0	0	1	0	0	1	35
2013/09/16-07:36:53	49	1,549.589	74.874	0	0	1	0	0	0	0	1	0	0	1	17
2013/09/16-20:07:37	49	1,545.117	66.493	7	0	0	3	2	0	0	1	1	0	0	55
2013/09/16-20:08:53	49	1,545.117	66.493	2	0	1	0	0	0	0	1	0	0	1	8
2013/09/16-20:10:12	49	1,545.117	66.493	1	0	1	0	0	0	0	1	0	0	1	8
2013/09/16-20:11:31	49	1,545.117	66.493	22	0	0	6	1	0	0	1	1	0	0	60
2013/09/16-20:12:49	49	1,545.117	66.493	5	0	1	0	1	0	0	1	0	0	1	29
2013/09/17-07:40:05	48	1,556.224	71.512	4	0	1	0	0	0	0	1	0	0	1	12
2013/09/17-07:41:07	48	1,556.224	71.512	6	0	0	0	0	0	1	1	0	0	1	21
2013/09/17-07:41:47	48	1,556.224	71.512	1	0	0	0	0	0	1	1	0	0	1	6
2013/09/17-07:42:19	48	1,556.224	71.512	0	0	1	0	0	0	0	1	0	0	1	13
2013/09/17-07:43:02	48	1,556.224	71.512	1	0	1	0	0	0	0	1	0	0	1	4
2013/09/17-08:18:32	49	1,531.947	66.894	9	0	0	0	1	0	0	1	1	0	0	30
2013/09/17-08:19:27	49	1,531.947	66.894	8	0	0	1	0	0	1	1	0	0	1	34
2013/09/17-08:20:29	49	1,531.947	66.894	2	0	1	0	0	0	0	1	0	0	1	19
2013/09/17-08:21:11	49	1,531.947	66.894	0	0	1	0	0	0	0	1	0	0	1	6
2013/09/17-08:21:37	49	1,531.947	66.894	4	0	1	0	0	0	0	1	0	0	1	19
2013/09/17-08:34:40	49	1,531.947	66.894	2	0	1	0	1	0	0	1	0	0	1	13
2013/09/17-08:35:20	49	1,531.947	66.894	10	0	1	0	0	0	0	1	0	0	1	25
2013/09/17-08:36:25	49	1,531.947	66.894	11	0	0	0	1	0	1	1	0	0	1	44
2013/09/17-08:37:28	49	1,531.947	66.894	8	0	0	4	1	0	1	1	1	0	0	50
2013/09/17-08:38:37	49	1,531.947	66.894	13	0	1	0	1	0	0	1	0	0	1	43
2013/09/18-00:08:12	49	1,545.085	69.526	2	0	1	1	0	0	0	1	0	0	1	15
2013/09/18-00:09:31	49	1,545.085	69.526	12	0	0	18	1	0	0	1	1	0	0	60
2013/09/18-00:10:50	49	1,545.085	69.526	1	0	0	0	0	0	0	1	1	0	0	6
2013/09/18-00:11:15	49	1,545.085	69.526	3	0	0	0	1	0	0	1	1	0	0	12
2013/09/18-00:11:45	49	1,545.085	69.526	2	0	0	0	0	0	1	1	0	0	1	6
2013/09/18-00:27:21	43	1,582.805	65.137	14	0	0	0	1	0	1	1	0	0	1	39
2013/09/18-00:28:19	43	1,582.805	65.137	2	0	1	0	1	0	0	1	0	0	1	9
2013/09/18-00:29:05	43	1,582.805	65.137	3	0	1	0	0	0	0	1	0	0	1	20
2013/09/18-00:29:52	43	1,582.805	65.137	1	0	1	0	0	0	0	1	0	0	1	13
2013/09/18-00:31:11	43	1,582.805	65.137	2	0	0	0	0	0	1	1	0	0	1	7
2013/09/18-00:41:20	43	1,582.805	65.137	2	0	1	0	0	0	0	1	0	0	1	7
2013/09/18-00:41:54	43	1,582.805	65.137	2	0	0	0	1	0	1	1	0	0	1	6
2013/09/18-00:42:22	43	1,582.805	65.137	1	0	1	0	0	0	0	1	0	0	1	9
2013/09/18-00:42:54	43	1,582.805	65.137	2	0	0	0	0	0	1	1	0	0	1	7
2013/09/18-00:43:59	43	1,582.805	65.137	6	0	0	18	2	0	0	1	1	0	0	32
2013/09/18-11:35:27	43	1,576.534	63.985	9	0	0	3	1	0	0	1	1	0	0	37
2013/09/18-11:36:22	43	1,576.534	63.985	1	0	1	0	1	0	0	1	0	0	1	30
2013/09/18-11:37:11	43	1,576.534	63.985	5	0	0	0	0	0	0	1	1	0	0	15
2013/09/18-11:37:45	43	1,576.534	63.985	8	0	0	0	1	0	0	1	1	0	0	21
2013/09/18-11:38:25	43	1,576.534	63.985	4	0	0	0	0	0	1	1	0	0	1	13
2013/09/18-11:48:54	42	1,599.083	62.846	2	0	1	1	0	0	0	1	0	0	1	18
2013/09/18-11:49:35	42	1,599.083	62.846	7	0	0	0	0	0	1	1	0	0	1	16
2013/09/18-11:50:38	42	1,599.083	62.846	4	0	1	0	1	0	0	1	0	0	1	19
2013/09/18-11:51:16	42	1,599.083	62.846	7	0	0	0	0	0	0	1	0	0	1	60
2013/09/18-11:52:34	42	1,599.083	62.846	1	0	1	0	0	0	0	1	0	0	1	3
2013/09/18-11:58:31	42	1,599.083	62.846	4	0	1	0	0	0	0	1	0	0	1	19
2013/09/18-11:59:36	42	1,599.083	62.846	1	0	1	0	0	0	0	1	0	0	1	18
2013/09/18-12:00:54	42	1,599.083	62.846	3	0	1	0	0	0	0	1	0	0	1	26
2013/09/18-12:01:43	42	1,599.083	62.846	8	0	0	0	1	0	0	1	1	0	0	15
2013/09/18-12:02:16	42	1,599.083	62.846	7	0	0	2	0	0	0	1	1	0	0	32
2013/09/18-14:11:13	42	1,587.167	64.122	3	0	0	0	0	0	0	1	1	0	0	25
2013/09/18-14:11:58	42	1,587.167	64.122	1	0	0	0	0	0	1	1	0	0	1	6
2013/09/18-14:13:17	42	1,587.167	64.122	4	0	1	0	0	0	0	1	0	0	1	24
2013/09/18-14:14:11	42	1,587.167	64.122	3	0	0	0	0	0	1	1	0	0	1	5
2013/09/18-14:15:30	42	1,587.167	64.122	2	0	1	0	0	0	0	1	0	0	1	13
2013/09/18-14:22:16	42	1,587.167	64.122	4	0	1	0	1	0	0	1	0	0	1	36
2013/09/18-14:23:11	42	1,587.167	64.122	13	0	0	0	1	0	0	1	1	0	0	60
2013/09/18-14:24:30	42	1,587.167	64.122	0	0	1	0	0	0	0	1	0	0	1	7
2013/09/18-14:25:00	42	1,587.167	64.122	1	0	1	0	0	0	0	1	0	0	1	4
2013/09/18-14:25:29	42	1,587.167	64.122	5	0	1	0	1	0	0	1	0	0	1	21
2013/09/18-14:40:48	43	1,581.87	58.167	6	0	0	0	1	0	1	1	0	0	1	4
2013/09/18-14:41:14	43	1,581.87	58.167	14	0	1	0	1	0	0	1	0	0	1	56
2013/09/18-14:42:34	43	1,581.87	58.167	5	0	0	2	0	0	0	1	0	0	1	67
2013/09/18-14:44:32	43	1,581.87	58.167	3	0	0	0	0	0	1	1	0	0	1	9
2013/09/18-14:45:52	43	1,581.87	58.167	5	0	0	8	2	0	0	1	1	0	0	22
2013/09/18-16:37:37	45	1,571.033	60.615	4	0	0	0	1	0	0	1	1	0	0	13
2013/09/18-16:38:10	45	1,571.033	60.615	4	0	1	0	0	0	0	1	0	0	1	17
2013/09/18-16:38:45	45	1,571.033	60.615	3	0	1	0	1	0	0	1	0	0	1	14
2013/09/18-16:39:18	45	1,571.033	60.615	1	0	0	0	0	0	0	1	1	0	0	6
2013/09/18-16:39:43	45	1,571.033	60.615	1	0	0	0	0	0	0	1	1	0	0	6
2013/09/18-16:51:54	45	1,571.033	60.615	3	0	0	0	0	0	1	1	0	0	1	9
2013/09/18-16:52:38	45	1,571.033	60.615	12	0	0	2	0	0	1	1	0	0	1	43
2013/09/18-16:53:40	45	1,571.033	60.615	9	0	0	2	1	0	0	1	1	0	0	26
2013/09/18-16:54:25	45	1,571.033	60.615	3	0	1	0	0	0	0	1	0	0	1	17
2013/09/18-16:55:16	45	1,571.033	60.615	1	0	1	0	0	0	0	1	0	0	1	4
2013/09/18-17:04:23	45	1,572.182	56.877	3	0	0	2	0	0	1	1	0	0	1	12
2013/09/18-17:05:38	45	1,572.182	56.877	0	0	1	0	0	0	0	1	0	0	1	11
2013/09/18-17:06:07	45	1,572.182	56.877	9	0	0	0	0	0	1	1	0	0	1	23
2013/09/18-17:07:05	45	1,572.182	56.877	3	0	1	0	1	0	0	1	0	0	1	13
2013/09/18-17:07:57	45	1,572.182	56.877	5	0	1	0	0	0	0	1	0	0	1	16
2013/09/18-19:12:44	45	1,562.071	58.469	3	0	0	0	0	0	0	1	1	0	0	9
2013/09/18-19:13:13	45	1,562.071	58.469	3	0	1	0	0	0	0	1	0	0	1	15
2013/09/18-19:13:53	44	1,569.513	57.528	7	0	0	0	0	0	0	1	1	0	0	21
2013/09/18-19:14:33	44	1,569.513	57.528	3	0	1	0	1	0	0	1	0	0	1	25
2013/09/18-19:15:18	44	1,569.513	57.528	9	0	1	0	0	0	0	1	0	0	1	28
2013/09/19-17:08:29	42	1,585.277	83.201	0	0	1	0	0	0	0	1	0	0	1	6
2013/09/19-17:08:54	42	1,585.277	83.201	3	0	1	0	0	0	0	1	0	0	1	13
2013/09/19-17:10:13	42	1,585.277	83.201	2	0	0	0	2	0	1	1	0	0	1	6
2013/09/19-17:10:38	42	1,585.277	83.201	16	0	0	4	1	0	0	1	1	0	0	60
2013/09/19-17:11:57	42	1,585.277	83.201	6	0	1	0	1	0	0	1	0	0	1	28
2013/09/19-17:33:07	43	1,576.674	78.302	1	0	1	0	0	0	0	1	0	0	1	4
2013/09/19-17:33:38	43	1,576.674	78.302	1	0	1	0	0	0	0	1	0	0	1	3
2013/09/19-17:34:06	43	1,576.674	78.302	2	0	0	0	0	0	0	1	1	0	0	16
2013/09/19-17:34:41	43	1,576.674	78.302	7	0	0	0	1	0	0	1	1	0	0	22
2013/09/19-17:35:22	43	1,576.674	78.302	10	0	0	1	0	0	0	1	1	0	0	60
2013/09/19-17:47:42	43	1,576.674	78.302	3	0	0	1	0	0	1	1	0	0	1	8
2013/09/19-17:49:01	43	1,576.674	78.302	3	0	1	0	0	0	0	1	0	0	1	11
2013/09/19-17:49:31	43	1,576.674	78.302	5	0	0	0	2	0	0	1	1	0	0	5
2013/09/19-17:49:56	43	1,576.674	78.302	2	0	1	0	0	0	0	1	0	0	1	8
2013/09/19-17:50:53	43	1,576.674	78.302	7	0	1	0	0	0	0	1	0	0	1	25
2013/09/19-21:12:21	36	1,654.635	78.56	1	0	0	0	1	0	1	1	0	0	1	9
2013/09/19-21:12:49	36	1,654.635	78.56	4	0	0	2	0	0	0	1	1	0	0	53
2013/09/19-21:14:01	36	1,654.635	78.56	1	0	1	0	1	0	0	1	0	0	1	14
2013/09/19-21:14:36	36	1,654.635	78.56	18	0	0	0	0	0	1	1	0	0	1	55
2013/09/19-21:15:50	36	1,654.635	78.56	26	0	0	0	0	0	0	1	0	0	1	60
2013/09/19-21:40:18	36	1,654.947	74.31	1	0	0	0	0	0	0	1	1	0	0	3
2013/09/19-21:40:40	36	1,654.947	74.31	2	0	1	0	2	0	0	1	0	0	1	6
2013/09/19-21:41:05	36	1,654.947	74.31	11	0	1	6	1	0	0	1	0	0	1	51
2013/09/19-21:42:16	36	1,654.947	74.31	7	0	0	0	2	0	0	1	1	0	0	16
2013/09/19-21:42:51	36	1,654.947	74.31	2	0	0	0	1	0	1	1	0	0	1	4
2013/09/19-21:54:34	36	1,654.947	74.31	4	0	0	0	1	0	1	1	0	0	1	13
2013/09/19-21:55:08	36	1,654.947	74.31	3	0	0	0	1	0	1	1	0	0	1	10
2013/09/19-21:56:10	35	1,687.541	67.811	10	0	0	0	0	0	1	1	0	0	1	23
2013/09/19-21:56:55	35	1,687.541	67.811	6	0	0	2	0	0	1	1	0	0	1	24
2013/09/19-21:57:43	35	1,687.541	67.811	10	0	0	0	0	0	1	1	0	0	1	28
2013/09/20-03:36:40	32	1,685.871	75.416	1	0	1	0	0	0	0	1	0	0	1	4
2013/09/20-03:37:04	32	1,685.871	75.416	2	0	1	0	0	0	0	1	0	0	1	10
2013/09/20-03:38:23	32	1,685.871	75.416	9	0	0	4	0	0	1	1	0	0	1	53
2013/09/20-03:39:35	32	1,685.871	75.416	5	0	0	0	1	0	0	1	1	0	0	20
2013/09/20-03:40:13	32	1,685.871	75.416	1	0	1	0	1	0	0	1	0	0	1	11
2013/09/20-03:45:49	32	1,685.871	75.416	0	0	1	0	0	0	0	1	0	0	1	7
2013/09/20-03:46:15	37	1,653.216	71.32	0	0	1	0	0	0	0	1	0	0	1	6
2013/09/20-03:47:34	37	1,653.216	71.32	2	0	1	0	1	0	0	1	0	0	1	17
2013/09/20-03:48:10	37	1,653.216	71.32	2	0	0	0	1	0	0	1	1	0	0	12
2013/09/20-03:48:41	37	1,653.216	71.32	4	0	1	0	0	0	0	1	0	0	1	24
2013/09/20-04:08:23	37	1,653.216	71.32	1	0	0	0	2	0	0	1	1	0	0	4
2013/09/20-04:08:46	37	1,653.216	71.32	3	0	0	0	1	0	0	1	1	0	0	10
2013/09/20-04:09:15	37	1,653.216	71.32	6	0	0	0	0	0	0	1	1	0	0	18
2013/09/20-04:09:52	37	1,653.216	71.32	1	0	0	0	1	0	0	1	1	0	0	7
2013/09/20-04:10:18	37	1,653.216	71.32	3	0	1	0	0	0	0	1	0	0	1	15
2013/09/20-07:48:59	37	1,653.317	75.809	7	0	0	4	0	0	0	1	0	0	1	60
2013/09/20-07:50:18	37	1,653.317	75.809	15	0	0	6	2	0	1	1	0	0	1	29
2013/09/20-07:51:06	37	1,653.317	75.809	0	0	1	0	0	0	0	1	0	0	1	6
2013/09/20-07:51:31	37	1,653.317	75.809	2	0	1	0	0	0	0	1	0	0	1	8
2013/09/20-07:52:48	37	1,653.317	75.809	4	0	1	0	0	0	0	1	0	0	1	14
2013/09/20-07:58:23	37	1,653.317	75.809	0	0	1	0	0	0	0	1	0	0	1	11
2013/09/20-07:58:50	37	1,653.317	75.809	0	0	1	0	0	0	0	1	0	0	1	3
2013/09/20-07:59:13	37	1,653.317	75.809	7	0	1	0	2	0	0	1	0	0	1	22
2013/09/20-07:59:53	37	1,653.317	75.809	6	0	0	0	1	0	0	1	1	0	0	23
2013/09/20-08:00:35	37	1,653.317	75.809	4	0	1	15	0	0	0	1	0	0	1	37
2013/09/20-08:18:08	39	1,608.772	69.405	4	0	0	11	1	0	0	1	1	0	0	25
2013/09/20-08:18:52	39	1,608.772	69.405	14	0	0	2	0	0	1	1	0	0	1	42
2013/09/20-08:20:05	39	1,608.772	69.405	9	0	0	0	0	0	1	1	0	0	1	15
2013/09/20-08:20:46	39	1,608.772	69.405	1	0	0	0	1	0	1	1	0	0	1	3
2013/09/20-08:21:08	39	1,608.772	69.405	5	0	0	0	1	0	0	1	1	0	0	16
2013/09/20-12:06:19	42	1,599.158	74.53	7	0	0	3	1	0	0	1	1	0	0	18
2013/09/20-12:06:55	42	1,599.158	74.53	6	0	0	0	0	0	0	1	1	0	0	60
2013/09/20-12:08:14	42	1,599.158	74.53	2	0	1	0	0	0	0	1	0	0	1	15
2013/09/20-12:09:09	42	1,599.158	74.53	10	0	1	0	1	0	0	1	0	0	1	47
2013/09/20-12:10:15	42	1,599.158	74.53	8	0	0	0	1	0	1	1	0	0	1	32
2013/09/20-12:20:22	42	1,599.158	74.53	1	0	1	0	0	0	0	1	0	0	1	3
2013/09/20-12:20:44	42	1,599.158	74.53	6	0	0	0	2	0	0	1	1	0	0	28
2013/09/20-12:21:31	42	1,599.158	74.53	2	0	1	0	1	0	0	1	0	0	1	14
2013/09/20-12:22:09	41	1,605.54	68.145	5	0	1	0	0	0	0	1	0	0	1	28
2013/09/20-12:22:56	41	1,605.54	68.145	1	0	1	0	0	0	0	1	0	0	1	32
2013/09/20-12:34:06	41	1,605.54	68.145	5	0	0	0	0	0	0	1	1	0	0	52
2013/09/20-12:35:17	41	1,605.54	68.145	1	0	0	0	1	0	1	1	0	0	1	2
2013/09/20-12:35:40	41	1,605.54	68.145	6	0	0	0	2	0	0	1	1	0	0	21
2013/09/20-12:36:20	41	1,605.54	68.145	4	0	0	0	0	0	0	1	1	0	0	62
2013/09/20-12:37:58	41	1,605.54	68.145	3	0	0	0	0	0	1	1	0	0	1	5
2013/09/20-17:53:54	39	1,607.145	71.843	11	0	0	0	0	0	0	1	0	0	1	60
2013/09/20-17:55:13	39	1,607.145	71.843	9	0	0	2	0	0	1	1	0	0	1	25
2013/09/20-17:56:32	39	1,607.145	71.843	2	0	0	0	1	0	0	1	1	0	0	11
2013/09/20-17:57:01	39	1,607.145	71.843	3	0	1	0	0	0	0	1	0	0	1	9
2013/09/20-17:58:01	39	1,607.145	71.843	4	0	1	0	0	0	0	1	0	0	1	12
2013/09/20-18:25:12	41	1,600.601	68.407	5	0	1	0	1	0	0	1	1	0	0	15
2013/09/20-18:25:46	41	1,600.601	68.407	4	0	1	0	0	0	0	1	0	0	1	8
2013/09/20-18:26:13	41	1,600.601	68.407	2	0	1	0	0	0	0	1	0	0	1	22
2013/09/20-18:27:17	41	1,600.601	68.407	7	0	0	0	2	0	0	1	1	0	0	20
2013/09/20-18:27:55	41	1,600.601	68.407	0	0	1	0	0	0	0	1	0	0	1	7
2013/09/20-18:39:32	41	1,600.601	68.407	3	0	0	0	1	0	0	1	1	0	0	11
2013/09/20-18:40:04	41	1,600.601	68.407	1	0	0	0	1	0	1	1	0	0	1	3
2013/09/20-18:40:28	37	1,623.661	63.029	2	0	1	1	0	0	0	1	0	0	1	22
2013/09/20-18:41:16	37	1,623.661	63.029	2	0	0	0	0	0	1	1	0	0	1	4
2013/09/20-18:42:02	37	1,623.661	63.029	2	0	0	0	0	0	1	1	0	0	1	3
2013/12/27-11:54:33	45	1,606.61	92.977	6	0	1	1	0	0	0	1	0	0	1	54
2013/12/27-11:55:53	45	1,606.61	92.977	4	0	0	0	0	0	0	1	1	0	0	17
2013/12/27-11:56:29	45	1,606.61	92.977	6	0	1	0	0	0	0	1	0	0	1	28
2013/12/27-11:57:15	45	1,606.61	92.977	3	0	0	0	0	0	1	1	0	0	1	7
2013/12/27-11:57:48	45	1,606.61	92.977	2	0	1	0	0	0	0	1	0	0	1	6
2013/12/27-12:09:53	42	1,615.199	84	12	0	0	2	0	0	1	1	0	0	1	45
2013/12/27-12:11:12	42	1,615.199	84	4	0	1	0	2	0	0	1	0	0	1	10
2013/12/27-12:11:41	42	1,615.199	84	7	0	0	1	0	0	1	1	0	0	1	25
2013/12/27-12:13:00	42	1,615.199	84	0	0	1	0	0	0	0	1	0	0	1	3
2013/12/27-12:14:19	42	1,615.199	84	3	0	1	0	0	0	0	1	0	0	1	7
2013/12/27-12:25:22	42	1,615.199	84	12	0	0	2	0	0	0	1	1	0	0	60
2013/12/27-12:26:41	42	1,615.199	84	5	0	0	0	1	0	0	1	1	0	0	17
2013/12/27-12:27:17	42	1,615.199	84	1	0	1	0	0	0	0	1	0	0	1	6
2013/12/27-12:27:42	42	1,615.199	84	1	0	1	0	0	0	0	1	0	0	1	3
2013/12/27-12:28:08	42	1,615.199	84	3	0	0	0	1	0	1	1	0	0	1	4
2013/12/27-21:15:08	46	1,587.58	84.846	1	0	1	0	0	0	0	1	0	0	1	6
2013/12/27-21:15:38	46	1,587.58	84.846	0	0	1	0	0	0	0	1	0	0	1	3
2013/12/27-21:16:00	46	1,587.58	84.846	8	0	1	4	0	0	0	1	0	0	1	32
2013/12/27-21:16:51	46	1,587.58	84.846	2	0	1	0	0	0	0	1	0	0	1	11
2013/12/27-21:17:21	46	1,587.58	84.846	2	0	1	0	0	0	0	1	0	0	1	10
2013/12/27-21:28:45	46	1,595.504	77.739	1	0	1	0	0	0	0	1	0	0	1	15
2013/12/27-21:29:19	46	1,595.504	77.739	1	0	0	0	0	0	0	1	1	0	0	13
2013/12/27-21:29:52	46	1,595.504	77.739	5	0	0	0	0	0	1	1	0	0	1	37
2013/12/27-21:30:48	46	1,595.504	77.739	7	0	1	1	1	0	0	1	0	0	1	36
2013/12/27-21:31:43	46	1,595.504	77.739	5	0	0	0	2	0	1	1	0	0	1	6
2013/12/27-21:44:26	46	1,595.504	77.739	3	0	0	0	0	0	1	1	0	0	1	6
2013/12/27-21:44:51	46	1,595.504	77.739	2	0	1	0	0	0	0	1	0	0	1	9
2013/12/27-21:59:05	46	1,595.504	77.739	5	0	1	0	0	0	0	1	0	0	1	25
2013/12/27-21:59:51	46	1,595.504	77.739	6	0	0	0	0	0	0	1	1	0	0	22
2013/12/27-22:00:31	46	1,595.504	77.739	0	0	1	0	0	0	0	1	0	0	1	3
2013/12/28-09:57:03	47	1,594.727	93.403	1	0	1	0	0	0	0	1	0	0	1	6
2013/12/28-09:57:35	47	1,594.727	93.403	12	0	0	1	0	0	0	1	1	0	0	60
2013/12/28-09:58:54	47	1,594.727	93.403	8	0	0	0	0	0	1	1	0	0	1	25
2013/12/28-09:59:38	47	1,594.727	93.403	8	0	0	0	0	0	0	1	1	0	0	60
2013/12/28-10:00:57	47	1,594.727	93.403	3	0	1	0	0	0	0	1	0	0	1	10
2013/12/28-10:11:27	36	1,634.57	84.161	0	0	1	0	0	0	0	1	0	0	1	6
2013/12/28-10:12:46	36	1,634.57	84.161	0	0	1	0	0	0	0	1	0	0	1	6
2013/12/28-10:13:12	36	1,634.57	84.161	0	0	1	0	0	0	0	1	0	0	1	3
2013/12/28-10:13:35	36	1,634.57	84.161	3	0	0	0	0	0	1	1	0	0	1	11
2013/12/28-10:14:54	36	1,634.57	84.161	4	0	0	0	0	0	1	1	0	0	1	12
2013/12/28-10:28:21	36	1,634.57	84.161	1	0	0	0	0	0	1	1	0	0	1	3
2013/12/28-10:28:52	36	1,634.57	84.161	10	0	0	1	0	0	0	1	1	0	0	60
2013/12/28-10:30:48	36	1,634.57	84.161	1	0	1	0	0	0	0	1	0	0	1	9
2013/12/28-10:31:20	36	1,634.57	84.161	1	0	0	0	1	0	0	1	1	0	0	4
2013/12/28-10:31:43	36	1,634.57	84.161	3	0	1	0	0	0	0	1	0	0	1	11
2013/12/28-16:15:17	47	1,581.543	83.626	11	0	0	0	1	0	1	1	0	0	1	25
2013/12/28-16:16:02	47	1,581.543	83.626	6	0	0	0	1	0	1	1	0	0	1	7
2013/12/28-16:16:35	47	1,581.543	83.626	11	0	0	1	0	0	1	1	0	0	1	47
2013/12/28-16:17:41	47	1,581.543	83.626	1	0	1	0	0	0	0	1	0	0	1	3
2013/12/28-16:18:12	47	1,581.543	83.626	2	0	1	0	0	0	0	1	0	0	1	10
2013/12/28-16:21:38	47	1,581.543	83.626	5	0	1	0	0	0	0	1	0	0	1	17
2013/12/28-16:22:49	47	1,581.543	83.626	1	0	1	0	0	0	0	1	0	0	1	3
2013/12/28-16:23:22	47	1,581.543	83.626	1	0	1	0	0	0	0	1	0	0	1	4
2013/12/28-16:24:34	47	1,581.543	83.626	11	0	0	0	0	0	0	1	1	0	0	60
2013/12/28-16:25:53	47	1,581.543	83.626	3	0	1	0	0	0	0	1	0	0	1	8
2013/12/28-16:34:49	53	1,531.654	73.001	2	0	0	0	1	0	0	1	1	0	0	10
2013/12/28-16:35:19	53	1,531.654	73.001	1	0	0	0	1	0	0	1	1	0	0	3
2013/12/28-16:35:41	53	1,531.654	73.001	14	0	0	13	1	0	1	1	0	0	1	50
2013/12/28-16:36:50	53	1,531.654	73.001	10	0	0	1	0	0	0	1	1	0	0	60
2013/12/28-16:38:09	53	1,531.654	73.001	7	0	0	2	1	0	1	1	0	0	1	25
2013/12/28-16:56:06	53	1,531.654	73.001	7	0	1	0	0	0	0	1	0	0	1	52
2013/12/28-16:57:17	53	1,531.654	73.001	0	0	0	0	0	0	0	1	1	0	0	3
2013/12/28-16:57:39	53	1,531.654	73.001	3	0	0	0	0	0	1	1	0	0	1	7
2013/12/28-16:58:58	53	1,531.654	73.001	7	0	0	0	1	0	1	1	0	0	1	21
2013/12/28-16:59:38	53	1,531.654	73.001	3	0	1	0	0	0	0	1	0	0	1	11
2013/12/28-17:15:23	46	1,586.964	65.071	10	0	0	0	2	0	0	1	1	0	0	25
2013/12/28-17:16:07	46	1,586.964	65.071	15	0	0	0	0	0	0	1	1	0	0	60
2013/12/28-17:17:26	46	1,586.964	65.071	17	0	0	3	1	0	0	1	1	0	0	60
2013/12/28-17:18:45	46	1,586.964	65.071	8	0	0	12	1	0	0	1	1	0	0	25
2013/12/28-17:19:29	46	1,586.964	65.071	1	0	0	0	0	0	0	1	1	0	0	7
2013/12/28-17:34:43	37	1,631.351	61.402	0	0	1	0	0	0	0	1	0	0	1	3
2013/12/28-17:35:05	37	1,631.351	61.402	2	0	1	0	0	0	0	1	0	0	1	6
2013/12/28-17:36:24	37	1,631.351	61.402	3	0	0	0	1	0	1	1	0	0	1	5
2013/12/28-17:37:01	37	1,631.351	61.402	1	0	1	0	0	0	0	1	0	0	1	9
2013/12/28-17:37:37	37	1,631.351	61.402	4	0	0	12	1	0	0	1	1	0	0	23
2013/12/28-21:54:42	42	1,608.096	68.643	2	0	0	0	1	0	0	1	1	0	0	11
2013/12/28-21:55:12	42	1,608.096	68.643	2	0	0	0	0	0	1	1	0	0	1	8
2013/12/28-21:55:55	42	1,608.096	68.643	5	0	1	0	2	0	0	1	0	0	1	29
2013/12/28-21:56:43	42	1,608.096	68.643	1	0	0	0	0	0	1	1	0	0	1	16
2013/12/29-00:22:45	41	1,610.88	69.859	2	0	0	0	0	0	0	1	1	0	0	6
2013/12/29-00:23:11	41	1,610.88	69.859	15	0	0	0	0	0	1	1	0	0	1	34
2013/12/29-00:24:30	41	1,610.88	69.859	2	0	1	0	0	0	0	1	0	0	1	4
2013/12/29-00:25:49	41	1,610.88	69.859	1	0	1	0	0	0	0	1	0	0	1	4
2013/12/29-00:26:11	41	1,610.88	69.859	6	0	0	0	1	0	1	1	1	0	0	18
2013/12/29-00:37:04	41	1,610.88	69.859	3	0	0	0	0	0	1	1	0	0	1	11
2013/12/29-00:37:54	41	1,610.88	69.859	6	0	1	0	0	0	0	1	0	0	1	23
2013/12/29-00:38:36	41	1,610.88	69.859	8	0	1	2	0	0	0	1	0	0	1	27
2013/12/29-00:39:29	41	1,610.88	69.859	1	0	1	0	0	0	0	1	0	0	1	5
2013/12/29-00:39:53	41	1,610.88	69.859	3	0	1	0	2	0	0	1	1	0	0	17
2013/12/29-00:54:18	39	1,613.586	62.61	3	0	1	0	0	0	0	1	0	0	1	7
2013/12/29-00:54:51	39	1,613.586	62.61	4	0	0	2	0	0	0	1	1	0	0	24
2013/12/29-00:55:34	39	1,613.586	62.61	3	0	0	0	1	0	0	1	1	0	0	29
2013/12/29-00:56:21	39	1,613.586	62.61	1	0	0	0	2	0	1	1	0	0	1	3
2013/12/29-00:56:43	39	1,613.586	62.61	3	0	0	0	1	0	1	1	0	0	1	9
2013/12/29-05:48:36	38	1,624.161	70.689	0	0	0	0	0	0	0	1	1	0	0	7
2013/12/29-05:49:03	38	1,624.161	70.689	0	0	1	0	0	0	0	1	0	0	1	5
2013/12/29-05:49:29	38	1,624.161	70.689	11	0	0	0	2	0	0	1	1	0	0	26
2013/12/29-05:50:14	38	1,624.161	70.689	2	0	0	0	0	0	1	1	0	0	1	5
2013/12/29-05:51:33	38	1,624.161	70.689	1	0	0	0	0	0	1	1	0	0	1	3
2013/12/29-06:17:45	42	1,614.68	66.02	1	0	1	0	0	0	0	1	0	0	1	11
2013/12/29-06:18:15	42	1,614.68	66.02	4	0	1	0	1	0	0	1	0	0	1	14
2013/12/29-06:18:48	42	1,614.68	66.02	4	0	0	0	0	0	1	1	0	0	1	30
2013/12/29-06:19:51	42	1,614.68	66.02	1	0	1	0	0	0	0	1	0	0	1	3
2013/12/29-06:20:34	42	1,614.68	66.02	3	0	1	0	0	0	0	1	0	0	1	4
2013/12/29-06:30:27	42	1,614.68	66.02	7	0	1	0	0	0	0	1	0	0	1	29
2013/12/29-06:31:16	42	1,614.68	66.02	1	0	0	0	0	0	0	1	1	0	0	3
2013/12/29-06:31:38	40	1,618.655	60.974	3	0	1	0	0	0	0	1	0	0	1	9
2013/12/29-06:32:16	40	1,618.655	60.974	2	0	1	0	0	0	0	1	0	0	1	8
2013/12/29-06:33:02	40	1,618.655	60.974	5	0	1	0	0	0	0	1	0	0	1	54
2013/12/29-14:58:51	43	1,596.018	79.1	10	0	0	4	1	0	0	1	1	0	0	37
2013/12/29-14:59:46	43	1,596.018	79.1	8	0	0	1	1	0	0	1	1	0	0	23
2013/12/29-15:00:28	43	1,596.018	79.1	4	0	0	2	0	0	1	1	0	0	1	17
2013/12/29-15:01:06	43	1,596.018	79.1	4	0	0	1	0	0	1	1	0	0	1	14
2013/12/29-15:01:39	43	1,596.018	79.1	11	0	0	2	0	0	1	1	0	0	1	51
2013/12/29-15:14:53	42	1,614.331	74.158	14	0	0	6	0	0	0	1	1	0	0	60
2013/12/29-15:16:12	42	1,614.331	74.158	6	0	0	3	0	0	1	1	0	0	1	17
2013/12/29-15:16:55	42	1,614.331	74.158	3	0	0	1	0	0	1	1	0	0	1	8
2013/12/29-15:18:14	42	1,614.331	74.158	3	0	0	2	0	0	1	1	0	0	1	18
2013/12/29-15:18:51	42	1,614.331	74.158	2	0	0	3	0	0	1	1	0	0	1	26
2013/12/29-15:33:34	42	1,614.331	74.158	11	0	0	4	2	0	0	1	1	0	0	54
2013/12/29-15:34:47	42	1,614.331	74.158	5	0	1	1	0	0	0	1	0	0	1	14
2013/12/29-17:02:18	42	1,614.331	74.158	10	0	0	5	0	0	1	1	0	0	1	42
2013/12/29-17:03:24	42	1,614.331	74.158	3	0	1	0	0	0	0	1	0	0	1	12
2013/12/29-17:04:32	42	1,614.331	74.158	4	0	0	1	1	0	1	1	0	0	1	13
2013/12/30-01:25:17	38	1,639.251	78.082	2	0	1	1	0	0	0	1	0	0	1	17
2013/12/30-01:26:00	38	1,639.251	78.082	4	0	0	2	0	0	1	1	0	0	1	10
2013/12/30-01:27:19	38	1,639.251	78.082	5	0	1	0	0	0	0	1	0	0	1	29
2013/12/30-01:28:30	38	1,639.251	78.082	10	0	1	1	1	0	0	1	0	0	1	45
2013/12/30-01:29:49	38	1,639.251	78.082	7	0	1	1	0	0	0	1	0	0	1	59
2013/12/30-01:54:04	40	1,610.203	72.085	4	0	1	1	0	0	0	1	0	0	1	15
2013/12/30-01:54:39	40	1,610.203	72.085	16	0	0	6	1	0	0	1	1	0	0	60
2013/12/30-01:55:58	40	1,610.203	72.085	5	0	0	1	0	0	1	1	0	0	1	15
2013/12/30-01:56:31	40	1,610.203	72.085	7	0	0	1	0	0	0	1	1	0	0	29
2013/12/30-01:57:20	40	1,610.203	72.085	7	0	1	3	2	0	0	1	0	0	1	40
2013/12/30-02:16:50	40	1,610.203	72.085	4	0	0	2	0	0	1	1	0	0	1	12
2013/12/30-02:18:02	40	1,610.203	72.085	14	0	0	7	0	0	0	1	1	0	0	60
2013/12/30-02:19:22	40	1,610.203	72.085	7	0	0	4	1	0	0	1	1	0	0	50
2013/12/30-02:20:31	40	1,610.203	72.085	0	0	1	0	0	0	0	1	0	0	1	9
2013/12/30-02:21:06	37	1,641.024	64.741	8	0	1	4	0	0	0	1	0	0	1	30
2013/12/30-07:16:04	38	1,643.612	73.434	6	0	0	1	1	0	1	1	0	0	1	25
2013/12/30-07:16:51	38	1,643.612	73.434	11	0	0	3	0	0	0	1	1	0	0	60
2013/12/30-07:18:09	38	1,643.612	73.434	11	0	0	6	1	0	0	1	1	0	0	53
2013/12/30-07:19:21	38	1,643.612	73.434	4	0	1	0	1	0	0	1	0	0	1	18
2013/12/30-07:19:57	38	1,643.612	73.434	4	0	0	2	0	0	1	1	0	0	1	15
2013/12/30-07:51:02	35	1,660.323	69.798	11	0	1	2	0	0	0	1	0	0	1	45
2013/12/30-07:52:21	35	1,660.323	69.798	4	0	1	1	0	0	0	1	0	0	1	10
2013/12/30-07:53:40	35	1,660.323	69.798	5	0	0	1	1	0	1	1	0	0	1	16
2013/12/30-07:54:37	35	1,660.323	69.798	4	0	1	0	0	0	0	1	0	0	1	39
2013/12/30-07:55:56	35	1,660.323	69.798	1	0	1	0	0	0	0	1	0	0	1	8
2013/12/30-08:03:36	35	1,660.323	69.798	7	0	0	5	0	0	0	1	1	0	0	60
2013/12/30-08:04:55	35	1,660.323	69.798	9	0	1	2	0	0	0	1	0	0	1	27
2013/12/30-08:06:08	35	1,660.323	69.798	14	0	0	1	0	0	0	1	1	0	0	60
2013/12/30-08:07:27	35	1,660.323	69.798	3	0	0	1	0	0	1	1	0	0	1	25
2013/12/30-08:08:11	35	1,660.323	69.798	14	0	0	0	0	0	0	1	1	0	0	60
2013/12/30-11:05:08	38	1,626.352	69.396	18	0	0	5	0	0	0	1	0	0	1	60
2013/12/30-11:06:27	38	1,626.352	69.396	2	0	0	0	0	0	1	1	0	0	1	11
2013/12/30-11:07:46	38	1,626.352	69.396	10	0	0	6	0	0	1	1	0	0	1	42
2013/12/30-11:08:46	38	1,626.352	69.396	5	0	1	0	0	0	0	1	0	0	1	18
2013/12/30-11:09:37	38	1,626.352	69.396	16	0	0	2	0	0	0	1	0	0	1	60
2013/12/30-11:26:39	38	1,626.352	69.396	10	0	0	2	0	0	0	1	1	0	0	39
2013/12/30-11:27:37	38	1,626.352	69.396	20	0	0	7	1	0	0	1	1	0	0	58
2013/12/30-11:28:54	38	1,626.352	69.396	1	0	0	0	0	0	1	1	0	0	1	5
2013/12/30-11:29:28	38	1,626.352	69.396	6	0	0	1	0	0	0	1	1	0	0	17
2013/12/30-11:30:04	38	1,626.352	69.396	8	0	0	4	0	0	0	1	1	0	0	47
2013/12/30-11:45:55	38	1,627.364	63.989	15	0	0	5	0	0	0	1	1	0	0	60
2013/12/30-11:47:55	38	1,627.364	63.989	7	0	1	3	0	0	0	1	0	0	1	41
2013/12/30-11:48:52	38	1,627.364	63.989	3	0	1	3	0	0	0	1	0	0	1	25
2013/12/30-11:49:51	38	1,627.364	63.989	2	0	0	0	0	0	1	1	0	0	1	18
2013/12/30-11:51:10	38	1,627.364	63.989	10	0	1	3	0	0	0	1	0	0	1	28
2013/12/30-17:23:12	38	1,627.86	71.87	15	0	0	3	0	0	0	1	1	0	0	60
2013/12/30-17:24:32	38	1,627.86	71.87	3	0	0	0	0	0	1	1	0	0	1	4
2013/12/30-17:25:06	38	1,627.86	71.87	2	0	1	1	0	0	0	1	0	0	1	23
2013/12/30-17:25:54	38	1,627.86	71.87	5	0	0	2	1	0	1	1	0	0	1	17
2013/12/30-17:26:39	38	1,627.86	71.87	1	0	1	0	0	0	0	1	0	0	1	17
2013/12/30-17:27:38	38	1,627.86	71.87	10	0	1	4	2	0	0	1	0	0	1	50
2013/12/30-17:28:47	38	1,627.86	71.87	8	0	0	0	1	0	0	1	1	0	0	26
2013/12/30-17:29:32	38	1,627.86	71.87	6	0	0	1	0	0	1	1	0	0	1	18
2013/12/30-17:30:09	38	1,627.86	71.87	7	0	0	1	1	0	0	1	1	0	0	28
2013/12/30-17:30:56	38	1,627.86	71.87	20	0	0	2	0	0	0	1	1	0	0	58
2013/12/30-17:54:19	38	1,627.86	71.87	13	0	0	1	0	0	0	1	1	0	0	40
2013/12/30-17:55:18	33	1,654.396	63.663	4	0	0	1	0	0	1	1	0	0	1	13
2013/12/30-17:56:11	33	1,654.396	63.663	12	0	0	5	1	0	0	1	1	0	0	46
2013/12/30-17:57:16	33	1,654.396	63.663	6	0	0	0	2	0	0	1	1	0	0	18
2013/12/30-17:57:54	33	1,654.396	63.663	3	0	0	1	0	0	1	1	0	0	1	10
2013/12/30-20:55:00	36	1,649.547	65.719	1	0	1	0	0	0	0	1	0	0	1	16
2013/12/30-20:55:38	36	1,649.547	65.719	11	0	0	1	1	0	0	1	1	0	0	60
2013/12/30-20:56:57	36	1,649.547	65.719	17	0	1	5	0	0	0	1	0	0	1	57
2013/12/30-20:58:13	36	1,649.547	65.719	7	0	0	2	0	0	1	1	0	0	1	20
2013/12/30-20:58:51	36	1,649.547	65.719	6	0	1	2	1	0	0	1	0	0	1	42
2013/12/30-21:19:05	37	1,646.516	63.435	17	0	0	3	0	0	1	1	0	0	1	58
2013/12/30-21:20:24	37	1,646.516	63.435	7	0	1	3	0	0	0	1	0	0	1	29
2013/12/30-21:21:43	37	1,646.516	63.435	8	0	0	2	0	0	1	1	0	0	1	25
2013/12/30-21:22:27	37	1,646.516	63.435	6	0	0	1	0	0	1	1	0	0	1	15
2013/12/30-21:23:44	37	1,646.516	63.435	7	0	0	1	0	0	1	1	0	0	1	27
2013/12/30-21:37:24	37	1,646.516	63.435	17	0	0	4	1	0	0	1	1	0	0	60
2013/12/30-21:38:43	37	1,646.516	63.435	7	0	0	1	1	0	0	1	1	0	0	60
2013/12/30-21:40:03	37	1,646.516	63.435	13	0	0	2	0	0	0	1	0	0	1	60
2013/12/30-21:41:22	37	1,646.516	63.435	1	0	0	0	0	0	1	1	0	0	1	3
2013/12/30-21:42:41	37	1,646.516	63.435	7	0	0	1	0	0	1	1	0	0	1	22
2013/12/31-13:26:12	42	1,613.809	89.284	8	0	0	17	0	0	1	1	0	0	1	32
2013/12/31-13:27:03	42	1,613.809	89.284	3	0	0	0	0	0	1	1	0	0	1	11
2013/12/31-13:27:38	42	1,613.809	89.284	3	0	0	0	0	0	1	1	0	0	1	9
2013/12/31-13:28:48	42	1,613.809	89.284	7	0	0	1	0	0	1	1	0	0	1	38
2013/12/31-13:29:45	42	1,613.809	89.284	7	0	0	0	3	0	0	1	1	0	0	25
2013/12/31-13:52:57	42	1,611.239	83.055	2	0	0	0	1	0	1	1	1	0	0	6
2013/12/31-13:53:23	42	1,611.239	83.055	1	0	1	0	1	0	0	1	0	0	1	14
2013/12/31-13:54:11	42	1,611.239	83.055	6	0	0	0	0	0	1	1	0	0	1	13
2013/12/31-13:54:51	42	1,611.239	83.055	2	0	1	0	0	0	0	1	0	0	1	6
2013/12/31-13:55:17	42	1,611.239	83.055	6	0	0	12	1	0	0	1	1	0	0	35
2013/12/31-14:06:03	42	1,611.239	83.055	10	0	0	5	0	0	1	1	0	0	1	29
2013/12/31-14:07:23	42	1,611.239	83.055	9	0	0	2	0	0	0	1	1	0	0	44
2013/12/31-14:08:26	42	1,611.239	83.055	2	0	1	0	0	0	0	1	0	0	1	9
2013/12/31-14:09:09	42	1,611.239	83.055	2	0	1	0	0	0	0	1	0	0	1	17
2013/12/31-14:09:45	42	1,611.239	83.055	18	0	0	0	1	0	1	1	0	0	1	42
2013/12/31-17:50:33	37	1,650.986	79.896	2	0	1	0	0	0	0	1	0	0	1	7
2013/12/31-17:51:28	37	1,650.986	79.896	1	0	1	0	1	0	0	1	0	0	1	3
2013/12/31-17:51:50	37	1,650.986	79.896	4	0	0	0	0	0	0	1	1	0	0	13
2013/12/31-17:52:21	37	1,650.986	79.896	2	0	0	0	0	0	1	1	0	0	1	7
2013/12/31-17:52:47	37	1,650.986	79.896	6	0	1	2	0	0	0	1	0	0	1	35
2013/12/31-18:07:43	40	1,622.837	75.148	1	0	0	0	0	0	1	1	0	0	1	3
2013/12/31-18:08:55	40	1,622.837	75.148	6	0	1	0	0	0	0	1	0	0	1	33
2013/12/31-18:09:47	40	1,622.837	75.148	14	0	0	13	2	0	1	1	0	0	1	39
2013/12/31-18:10:45	40	1,622.837	75.148	5	0	1	0	0	0	0	1	0	0	1	7
2013/12/31-18:11:11	40	1,622.837	75.148	10	0	0	0	1	0	0	1	1	0	0	31
2013/12/31-18:17:35	40	1,622.837	75.148	5	0	0	0	1	0	1	1	0	0	1	18
2013/12/31-18:18:33	40	1,622.837	75.148	0	0	1	0	0	0	0	1	0	0	1	3
2013/12/31-18:18:58	40	1,622.837	75.148	7	0	1	0	0	0	0	1	0	0	1	19
2013/12/31-18:19:42	40	1,622.837	75.148	1	0	1	0	0	0	0	1	0	0	1	8
2013/12/31-18:20:08	40	1,622.837	75.148	4	0	1	0	0	0	0	1	0	0	1	15
2013/12/31-21:40:13	44	1,608.097	74.16	3	0	0	0	2	0	1	1	0	0	1	17
2013/12/31-21:40:49	44	1,608.097	74.16	5	0	0	1	0	0	1	1	0	0	1	21
2013/12/31-21:41:34	44	1,608.097	74.16	17	0	0	0	0	0	0	1	0	0	1	60
2013/12/31-21:42:53	44	1,608.097	74.16	7	0	0	0	0	0	1	1	0	0	1	30
2013/12/31-21:43:42	43	1,611.431	70.807	5	0	0	12	0	0	1	1	0	0	1	24
2013/12/31-21:56:35	43	1,611.431	70.807	13	0	0	0	0	0	0	1	1	0	0	60
2013/12/31-21:57:54	43	1,611.431	70.807	1	0	0	0	0	0	1	1	0	0	1	22
2013/12/31-21:58:34	43	1,611.431	70.807	8	0	0	3	0	0	1	1	0	0	1	23
2013/12/31-21:59:17	43	1,611.431	70.807	2	0	0	0	1	0	0	1	1	0	0	6
2013/12/31-21:59:42	43	1,611.431	70.807	6	0	0	0	1	0	1	1	0	0	1	20
2013/12/31-22:15:10	41	1,622.122	67.233	1	0	0	0	1	0	0	1	1	0	0	3
2013/12/31-22:15:32	41	1,622.122	67.233	0	0	1	0	0	0	0	1	0	0	1	3
2013/12/31-22:15:54	41	1,622.122	67.233	4	0	1	2	0	0	0	1	0	0	1	15
2013/12/31-22:17:13	41	1,622.122	67.233	7	0	1	0	0	0	0	1	0	0	1	21
2013/12/31-22:18:10	41	1,622.122	67.233	4	0	1	0	1	0	0	1	0	0	1	12
2014/01/01-01:44:53	42	1,617.618	71.013	10	0	1	2	0	0	0	1	0	0	1	56
2014/01/01-01:46:08	42	1,617.618	71.013	13	0	0	3	1	0	1	1	0	0	1	49
2014/01/01-01:47:27	42	1,617.618	71.013	15	0	0	0	0	0	0	1	1	0	0	60
2014/01/01-01:48:45	42	1,617.618	71.013	5	0	1	0	0	0	0	1	0	0	1	17
2014/01/01-01:49:38	42	1,617.618	71.013	4	0	0	14	1	0	0	1	1	0	0	24
2014/01/01-02:14:17	42	1,617.618	71.013	7	0	0	1	2	0	0	1	1	0	0	33
2014/01/01-02:15:09	42	1,617.618	71.013	14	0	0	0	0	0	0	1	1	0	0	60
2014/01/01-02:16:28	33	1,658.151	65.251	5	0	1	0	1	0	0	1	0	0	1	20
2014/01/01-02:17:16	33	1,658.151	65.251	2	0	0	0	0	0	1	1	0	0	1	6
2014/01/01-02:17:53	33	1,658.151	65.251	6	0	0	0	1	0	1	1	0	0	1	20
2014/01/01-02:37:15	33	1,658.151	65.251	0	0	1	0	0	0	0	1	0	0	1	4
2014/01/01-02:37:41	33	1,658.151	65.251	2	0	0	0	0	0	1	1	0	0	1	4
2014/01/01-02:38:30	33	1,658.151	65.251	3	0	0	0	1	0	1	1	0	0	1	10
2014/01/01-02:39:07	33	1,658.151	65.251	1	0	1	0	0	0	0	1	0	0	1	12
2014/01/01-02:40:26	33	1,658.151	65.251	4	0	0	0	0	0	1	1	0	0	1	8
2014/01/01-06:49:59	41	1,624.048	71.096	9	0	1	4	0	0	0	1	0	0	1	38
2014/01/01-06:50:56	41	1,624.048	71.096	8	0	0	0	1	0	0	1	1	0	0	19
2014/01/01-06:51:34	41	1,624.048	71.096	4	0	1	0	0	0	0	1	0	0	1	27
2014/01/01-06:52:19	41	1,624.048	71.096	3	0	1	0	1	0	0	1	0	0	1	9
2014/01/01-06:52:48	41	1,624.048	71.096	3	0	0	0	3	0	0	1	1	0	0	10
2014/01/01-07:09:11	41	1,624.048	71.096	3	0	0	0	0	0	1	1	0	0	1	7
2014/01/01-07:10:30	41	1,624.048	71.096	4	0	0	0	1	0	0	1	1	0	0	19
2014/01/01-07:11:08	41	1,624.048	71.096	4	0	0	0	0	0	1	1	0	0	1	13
2014/01/01-07:12:11	41	1,624.048	71.096	15	0	0	11	2	0	0	1	1	0	0	53
2014/01/01-07:13:23	41	1,624.048	71.096	3	0	1	0	0	0	0	1	0	0	1	15
2014/01/01-07:29:44	38	1,634.236	64.736	7	0	0	3	0	0	1	1	0	0	1	23
2014/01/01-07:30:54	38	1,634.236	64.736	8	0	1	0	0	0	0	1	0	0	1	18
2014/01/01-07:31:31	38	1,634.236	64.736	13	0	0	0	1	0	0	1	1	0	0	60
2014/01/01-07:32:49	38	1,634.236	64.736	13	0	0	2	0	0	0	1	1	0	0	60
2014/01/01-07:34:08	38	1,634.236	64.736	1	0	1	0	0	0	0	1	0	0	1	3
2014/01/01-10:54:07	37	1,648.965	69.325	5	0	0	0	3	0	0	1	1	0	0	18
2014/01/01-10:54:43	37	1,648.965	69.325	1	0	0	0	0	0	0	1	1	0	0	7
2014/01/01-10:55:10	37	1,648.965	69.325	16	0	0	9	0	0	0	1	1	0	0	60
2014/01/01-10:56:29	37	1,648.965	69.325	10	0	0	0	1	0	1	1	0	0	1	31
2014/01/01-10:57:18	37	1,648.965	69.325	5	0	0	9	1	0	1	1	0	0	1	19
2014/01/01-11:15:11	30	1,668.094	66.205	6	0	0	0	0	0	1	1	0	0	1	19
2014/01/01-11:15:59	30	1,668.094	66.205	2	0	1	0	0	0	0	1	0	0	1	15
2014/01/01-11:17:07	30	1,668.094	66.205	3	0	1	0	0	0	0	1	0	0	1	9
2014/01/01-11:18:23	30	1,668.094	66.205	9	0	0	1	2	0	0	1	1	0	0	36
2014/01/01-11:19:18	30	1,668.094	66.205	7	0	0	2	1	0	0	1	1	0	0	37
2014/01/01-11:30:46	30	1,668.094	66.205	2	0	0	0	1	0	1	1	0	0	1	6
2014/01/01-11:31:11	30	1,668.094	66.205	3	0	1	0	1	0	0	1	0	0	1	4
2014/01/01-11:31:45	30	1,668.094	66.205	11	0	0	3	1	0	1	1	0	0	1	34
2014/01/01-11:32:38	30	1,668.094	66.205	14	0	0	10	0	0	1	1	0	0	1	42
2014/01/01-11:33:40	30	1,668.094	66.205	14	0	0	0	0	0	0	1	1	0	0	60
2014/01/01-15:11:03	29	1,673.597	68.074	6	0	0	0	1	0	0	1	1	0	0	39
2014/01/01-15:12:04	29	1,673.597	68.074	4	0	0	1	0	0	0	1	1	0	0	21
2014/01/01-15:12:44	29	1,673.597	68.074	2	0	1	0	1	0	0	1	0	0	1	38
2014/01/01-15:13:41	29	1,673.597	68.074	2	0	0	0	0	0	1	1	0	0	1	8
2014/01/01-15:14:43	29	1,673.597	68.074	11	0	0	0	0	0	0	1	1	0	0	36
2014/01/01-22:13:26	27	1,684.851	66.46	3	0	0	8	0	0	1	1	0	0	1	16
2014/01/01-22:14:02	27	1,684.851	66.46	6	0	0	0	1	0	0	1	1	0	0	49
2014/01/01-22:15:09	27	1,684.851	66.46	11	0	0	0	1	0	0	1	1	0	0	32
2014/01/01-22:16:00	27	1,684.851	66.46	2	0	0	0	0	0	1	1	0	0	1	6
2014/01/01-22:16:25	27	1,684.851	66.46	3	0	0	0	3	0	0	1	1	0	0	7
2014/01/01-22:26:03	25	1,698.33	64.124	11	0	0	0	1	0	0	1	1	0	0	33
2014/01/01-22:26:54	25	1,698.33	64.124	2	0	1	1	0	0	0	1	0	0	1	26
2014/01/01-22:27:39	25	1,698.33	64.124	9	0	0	4	0	0	0	1	1	0	0	37
2014/01/01-22:28:34	25	1,698.33	64.124	1	0	1	0	0	0	0	1	0	0	1	4
2014/01/01-22:29:12	25	1,698.33	64.124	1	0	1	0	1	0	0	1	0	0	1	4
2014/01/01-22:41:25	25	1,698.33	64.124	5	0	0	0	0	0	0	1	1	0	0	60
2014/01/01-22:42:45	25	1,698.33	64.124	1	0	1	0	0	0	0	1	0	0	1	3
2014/01/01-22:43:17	25	1,698.33	64.124	11	0	0	0	2	0	1	1	1	0	0	43
2014/01/01-22:44:18	25	1,698.33	64.124	1	0	1	0	0	0	0	1	0	0	1	10
2014/01/01-22:44:49	25	1,698.33	64.124	12	0	0	5	0	0	1	1	0	0	1	39
2014/01/02-02:11:25	21	1,713.675	66.403	1	0	1	0	0	0	0	1	0	0	1	15
2014/01/02-02:12:44	21	1,713.675	66.403	9	0	0	0	1	0	1	1	0	0	1	37
2014/01/02-02:13:40	21	1,713.675	66.403	3	0	1	0	1	0	0	1	0	0	1	13
2014/01/02-02:14:11	23	1,702.554	64.453	5	0	0	2	2	0	0	1	1	0	0	20
2014/01/02-02:14:50	23	1,702.554	64.453	4	0	0	0	0	0	1	1	0	0	1	8
2014/01/02-02:35:55	23	1,702.554	64.453	13	0	0	4	0	0	0	1	1	0	0	60
2014/01/02-02:37:14	23	1,702.554	64.453	2	0	1	0	0	0	0	1	0	0	1	11
2014/01/02-02:38:33	23	1,702.554	64.453	2	0	1	0	0	0	0	1	0	0	1	17
2014/01/02-02:39:52	23	1,702.554	64.453	3	0	0	0	1	0	0	1	1	0	0	12
2014/01/02-02:40:23	23	1,702.554	64.453	15	0	0	7	0	0	0	1	0	1	0	60
2014/01/02-03:01:36	23	1,697.449	59.919	3	0	0	0	0	0	1	1	0	0	1	13
2014/01/02-03:02:15	23	1,697.449	59.919	1	0	1	0	0	0	0	1	0	0	1	3
2014/01/02-03:02:49	23	1,697.449	59.919	1	0	1	0	0	0	0	1	0	0	1	7
2014/01/02-03:03:15	23	1,697.449	59.919	4	0	0	0	0	0	1	1	0	0	1	10
2014/01/02-03:03:55	23	1,697.449	59.919	3	0	0	0	1	0	1	1	0	0	1	8
2014/01/02-08:09:56	28	1,680.179	66.876	1	0	0	0	1	0	0	1	1	0	0	5
2014/01/02-08:10:21	28	1,680.179	66.876	2	0	0	0	1	0	0	1	1	0	0	10
2014/01/02-08:10:49	28	1,680.179	66.876	6	0	0	0	2	0	0	1	1	0	0	25
2014/01/02-08:11:33	28	1,680.179	66.876	1	0	0	0	1	0	0	1	1	0	0	7
2014/01/02-08:12:00	28	1,680.179	66.876	4	0	0	0	0	0	1	1	0	0	1	14
2014/01/02-08:21:07	27	1,685.565	65.244	4	0	1	0	0	0	0	1	0	0	1	15
2014/01/02-08:21:47	27	1,685.565	65.244	2	0	0	0	0	0	1	1	0	0	1	7
2014/01/02-08:22:17	27	1,685.565	65.244	2	0	1	0	1	0	0	1	0	0	1	18
2014/01/02-08:22:54	27	1,685.565	65.244	2	0	0	0	1	0	1	1	0	0	1	7
2014/01/02-08:23:20	27	1,685.565	65.244	1	0	1	0	1	0	0	1	0	0	1	3
2014/01/02-08:33:43	27	1,685.565	65.244	5	0	1	3	0	0	0	1	0	0	1	34
2014/01/02-08:34:36	27	1,685.565	65.244	0	0	0	0	0	0	0	1	1	0	0	11
2014/01/02-08:35:06	27	1,685.565	65.244	8	0	1	21	0	0	0	1	0	0	1	54
2014/01/02-08:36:20	27	1,685.565	65.244	2	0	0	0	1	0	0	1	1	0	0	22
2014/01/02-08:37:01	27	1,685.565	65.244	1	0	0	0	0	0	1	1	0	0	1	3
2014/01/02-12:19:35	38	1,638.143	70.719	4	0	0	0	0	0	1	1	0	0	1	11
2014/01/02-12:20:10	38	1,638.143	70.719	4	0	0	0	0	0	1	1	0	0	1	14
2014/01/02-12:20:44	38	1,638.143	70.719	12	0	0	0	1	0	0	1	1	0	0	27
2014/01/02-12:21:30	38	1,638.143	70.719	10	0	0	2	2	0	0	1	1	0	0	53
2014/01/02-12:22:41	38	1,638.143	70.719	1	0	0	0	0	0	1	1	0	0	1	3
2014/01/02-12:38:07	38	1,638.143	70.719	6	0	1	0	0	0	0	1	0	0	1	29
2014/01/02-12:38:55	38	1,638.143	70.719	18	0	0	6	1	0	0	1	1	0	0	60
2014/01/02-12:40:14	38	1,638.143	70.719	7	0	0	0	0	0	1	1	0	0	1	30
2014/01/02-12:41:03	38	1,638.143	70.719	4	0	0	0	0	0	1	1	0	0	1	19
2014/01/02-12:42:21	38	1,638.143	70.719	1	0	1	0	0	0	0	1	0	0	1	3
2014/01/02-12:54:17	36	1,649.738	64.27	2	0	1	0	0	0	0	1	0	0	1	7
2014/01/02-12:54:43	36	1,649.738	64.27	3	0	0	0	0	0	1	1	0	0	1	7
2014/01/02-12:55:16	36	1,649.738	64.27	15	0	0	2	0	0	1	1	0	0	1	49
2014/01/02-12:56:35	36	1,649.738	64.27	4	0	1	0	0	0	0	1	0	0	1	17
2014/01/02-12:57:54	36	1,649.738	64.27	1	0	1	0	0	0	0	1	0	0	1	8
2014/01/02-16:20:34	40	1,623.91	69.024	3	0	1	0	0	0	0	1	0	0	1	10
2014/01/02-16:21:03	40	1,623.91	69.024	4	0	0	0	1	0	0	1	1	0	0	8
2014/01/02-16:21:30	40	1,623.91	69.024	18	0	0	3	0	0	0	1	0	0	1	60
2014/01/02-16:22:49	40	1,623.91	69.024	2	0	0	0	0	0	1	1	0	0	1	9
2014/01/02-16:23:46	40	1,623.91	69.024	6	0	1	4	0	0	0	1	0	0	1	14
2014/01/02-16:39:59	40	1,623.91	69.024	3	0	1	0	1	0	0	1	0	0	1	30
2014/01/02-16:40:49	40	1,623.91	69.024	0	0	1	0	0	0	0	1	0	0	1	14
2014/01/02-16:42:08	40	1,623.91	69.024	1	0	1	0	0	0	0	1	0	0	1	13
2014/01/02-16:43:27	40	1,623.91	69.024	8	0	0	0	2	0	0	1	1	0	0	31
2014/01/02-16:44:17	40	1,623.91	69.024	3	0	0	0	1	0	1	1	0	0	1	8
2014/01/02-16:57:32	46	1,588.674	64.126	1	0	0	0	1	0	0	1	1	0	0	8
2014/01/02-16:57:59	46	1,588.674	64.126	0	0	0	0	0	0	0	1	1	0	0	8
2014/01/02-16:58:26	46	1,588.674	64.126	3	0	0	0	1	0	0	1	1	0	0	8
2014/01/02-16:58:53	46	1,588.674	64.126	4	0	0	0	0	0	0	1	1	0	0	8
2014/01/02-16:59:19	46	1,588.674	64.126	2	0	0	1	0	0	0	1	1	0	0	8
