2013/09/02-21:57:12	44	1,500	352.012	2	0	0	0	1	0	1	1	0	0	1	6
2013/09/02-22:01:41	44	1,500	352.012	4	0	0	0	0	0	1	1	0	0	1	14
2013/09/02-22:02:56	44	1,500	352.012	10	0	0	3	0	0	0	1	1	0	0	59
2013/09/02-22:11:48	44	1,500	352.012	0	0	1	0	0	0	0	1	0	0	1	6
2013/09/02-22:15:44	44	1,500	352.012	0	0	1	0	0	0	0	1	0	0	1	25
2013/09/02-22:31:18	44	1,500	352.012	4	0	1	2	0	0	0	1	0	0	1	36
2013/09/02-22:32:37	44	1,500	352.012	3	0	0	20	2	0	0	1	1	0	0	27
2013/09/02-22:33:23	44	1,500	352.012	3	0	1	0	0	0	0	1	0	0	1	8
2013/09/02-22:33:50	44	1,500	352.012	6	0	1	0	0	0	0	1	0	0	1	16
2013/09/02-22:34:25	44	1,500	352.012	13	0	0	5	1	0	0	1	1	0	0	60
2013/09/02-22:47:21	30	1,725.154	265.281	1	0	1	0	0	0	0	1	0	0	1	3
2013/09/02-22:48:01	30	1,725.154	265.281	0	0	1	0	0	0	0	1	0	0	1	4
2013/09/02-22:48:52	30	1,725.154	265.281	3	0	1	0	0	0	0	1	0	0	1	9
2013/09/02-22:49:53	30	1,725.154	265.281	2	0	1	0	0	0	0	1	0	0	1	13
2013/09/02-22:50:28	30	1,725.154	265.281	1	0	0	0	1	0	1	1	0	0	1	5
