2013/09/02-15:17:24	33	1,500	350.465	11	0	1	8	0	0	0	1	0	0	1	38
2013/09/02-15:18:22	33	1,500	350.465	1	0	1	0	0	0	0	1	0	0	1	3
2013/09/02-15:19:02	33	1,500	350.465	1	0	0	0	0	0	1	1	0	0	1	3
2013/09/02-15:19:25	33	1,500	350.465	17	0	0	1	0	0	1	1	0	0	1	43
2013/09/02-15:20:44	33	1,500	350.465	3	0	0	0	0	0	0	1	1	0	0	13
2013/09/02-15:32:44	33	1,500	350.465	2	0	0	0	1	0	0	1	1	0	0	5
2013/09/02-15:33:08	33	1,500	350.465	5	0	0	0	0	0	0	1	1	0	0	60
2013/09/02-15:34:27	33	1,500	350.465	4	0	0	0	1	0	1	1	0	0	1	8
2013/09/02-15:34:54	33	1,500	350.465	13	0	0	4	1	0	0	1	1	0	0	42
2013/09/02-15:35:54	18	1,681.136	265.701	2	0	0	0	1	0	0	1	1	0	0	6
2013/09/02-15:54:13	18	1,681.136	265.701	9	0	0	3	1	0	0	1	1	0	0	27
2013/09/02-15:54:58	18	1,681.136	265.701	3	0	0	0	1	0	0	1	1	0	0	10
2013/09/02-15:55:27	18	1,681.136	265.701	10	0	0	2	0	0	0	1	1	0	0	38
2013/09/02-15:56:25	18	1,681.136	265.701	2	0	0	0	1	0	1	1	0	0	1	7
2013/09/02-15:56:50	18	1,681.136	265.701	6	0	0	0	1	0	1	1	0	0	1	10
2013/09/03-08:05:04	24	1,746.621	222.253	4	0	0	0	0	0	1	1	0	0	1	12
2013/09/03-08:05:35	24	1,746.621	222.253	5	0	0	0	0	0	1	1	0	0	1	10
2013/09/03-08:06:54	24	1,746.621	222.253	3	0	0	0	0	0	1	1	0	0	1	10
2013/09/03-08:07:30	24	1,746.621	222.253	2	0	1	0	1	0	0	1	0	0	1	4
2013/09/03-08:08:48	24	1,746.621	222.253	6	0	1	0	0	0	0	1	0	0	1	20
2013/09/03-08:15:07	24	1,746.621	222.253	3	0	0	0	1	0	1	1	0	0	1	5
2013/09/03-08:15:58	24	1,746.621	222.253	3	0	0	0	1	0	0	1	1	0	0	8
2013/09/03-08:16:25	24	1,746.621	222.253	4	0	0	0	0	0	0	1	1	0	0	14
2013/09/03-08:16:57	24	1,746.621	222.253	2	0	0	0	1	0	0	1	1	0	0	7
2013/09/03-08:17:24	24	1,746.621	222.253	1	0	1	0	0	0	0	1	0	0	1	3
2013/09/03-10:21:16	25	1,764.005	171.413	6	0	1	1	0	0	0	1	0	0	1	25
2013/09/03-10:22:07	25	1,764.005	171.413	8	0	0	1	2	0	0	1	1	0	0	30
2013/09/03-10:22:56	25	1,764.005	171.413	17	0	0	2	1	0	0	1	1	0	0	60
2013/09/03-10:24:15	25	1,764.005	171.413	6	0	0	0	0	0	1	1	0	0	1	17
2013/09/03-10:25:33	25	1,764.005	171.413	17	0	0	0	1	0	1	1	0	0	1	35
2013/09/03-18:01:33	21	1,825.411	145.071	3	0	0	0	0	0	1	1	0	0	1	4
2013/09/03-18:02:45	21	1,825.411	145.071	4	0	0	0	0	0	0	1	1	0	0	22
2013/09/03-18:03:26	21	1,825.411	145.071	8	0	0	0	1	0	1	1	0	0	1	24
2013/09/03-18:04:29	21	1,825.411	145.071	1	0	0	0	0	0	1	1	0	0	1	6
2013/09/03-18:05:15	21	1,825.411	145.071	9	0	0	2	0	0	1	1	0	0	1	33
2013/09/03-18:15:53	27	1,756.371	123.923	8	0	0	21	1	0	0	1	1	0	0	37
2013/09/03-18:16:49	27	1,756.371	123.923	21	0	0	3	1	0	0	1	1	0	0	60
2013/09/03-18:18:08	27	1,756.371	123.923	10	0	1	0	0	0	0	1	0	0	1	39
2013/09/03-18:19:15	27	1,756.371	123.923	2	0	1	0	0	0	0	1	0	0	1	6
2013/09/03-18:20:34	27	1,756.371	123.923	16	0	0	0	1	0	1	1	0	0	1	43
2013/09/03-18:41:11	27	1,756.371	123.923	5	0	0	0	0	0	1	1	0	0	1	10
2013/09/03-18:42:30	27	1,756.371	123.923	6	0	0	1	1	0	1	1	1	0	0	22
2013/09/03-18:43:11	27	1,756.371	123.923	2	0	0	0	1	0	1	1	0	0	1	7
2013/09/03-18:44:30	25	1,764.748	104.222	2	0	0	0	1	0	1	1	0	0	1	6
2013/09/03-18:44:55	25	1,764.748	104.222	4	0	1	0	2	0	0	1	0	0	1	18
2013/09/03-22:59:39	23	1,789.87	102.009	12	0	1	0	1	0	0	1	0	0	1	29
2013/09/03-23:00:29	23	1,789.87	102.009	11	0	0	1	0	0	0	1	1	0	0	42
2013/09/03-23:01:30	23	1,789.87	102.009	16	0	0	4	1	0	0	1	1	0	0	49
2013/09/03-23:02:37	23	1,789.87	102.009	14	0	0	5	0	0	0	1	1	0	0	60
2013/09/03-23:03:56	23	1,789.87	102.009	11	0	0	9	0	0	0	1	1	0	0	44
2013/09/03-23:18:35	17	1,866.132	91.426	3	0	0	0	1	0	0	1	1	0	0	10
2013/09/03-23:19:04	17	1,866.132	91.426	3	0	0	0	0	0	1	1	0	0	1	9
2013/09/03-23:20:23	17	1,866.132	91.426	11	0	0	1	1	0	1	1	0	0	1	46
2013/09/03-23:21:42	17	1,866.132	91.426	1	0	1	0	0	0	0	1	0	0	1	6
2013/09/03-23:22:19	17	1,866.132	91.426	2	0	1	0	0	0	0	1	0	0	1	13
2013/09/03-23:33:59	17	1,866.132	91.426	3	0	1	0	0	0	0	1	0	0	1	7
2013/09/03-23:34:43	17	1,866.132	91.426	1	0	0	0	0	0	1	1	0	0	1	3
2013/09/03-23:35:02	17	1,866.132	91.426	1	0	1	0	0	0	0	1	0	0	1	6
2013/09/03-23:35:44	17	1,866.132	91.426	9	0	1	1	0	0	0	1	0	0	1	29
2013/09/03-23:37:01	17	1,866.132	91.426	1	0	1	0	0	0	0	1	0	0	1	3
2013/09/04-18:26:08	31	1,701.804	84.617	17	0	0	0	0	0	1	1	0	0	1	43
2013/09/04-18:27:27	31	1,701.804	84.617	1	0	1	0	0	0	0	1	0	0	1	3
2013/09/04-18:28:46	31	1,701.804	84.617	8	0	0	0	2	0	0	1	1	0	0	27
2013/09/04-18:29:32	31	1,701.804	84.617	1	0	0	0	0	0	1	1	0	0	1	7
2013/09/04-18:30:31	31	1,701.804	84.617	6	0	0	0	2	0	0	1	1	0	0	19
2013/09/04-18:37:14	31	1,701.804	84.617	7	0	0	0	1	0	1	1	0	0	1	11
2013/09/04-18:38:33	31	1,701.804	84.617	3	0	0	1	0	0	0	1	1	0	0	12
2013/09/04-18:39:03	31	1,701.804	84.617	15	0	0	4	1	0	0	1	1	0	0	54
2013/09/04-18:40:16	31	1,701.804	84.617	4	0	1	0	0	0	0	1	0	0	1	13
2013/09/04-18:40:48	31	1,701.804	84.617	3	0	0	0	0	0	1	1	0	0	1	8
2013/09/04-18:57:52	27	1,730.453	73.827	20	0	0	6	0	0	0	1	1	0	0	60
2013/09/04-18:59:12	27	1,730.453	73.827	17	0	0	20	1	0	0	1	1	0	0	60
2013/09/04-19:00:30	27	1,730.453	73.827	3	0	1	0	0	0	0	1	0	0	1	7
2013/09/04-19:01:29	27	1,730.453	73.827	2	0	0	0	1	0	1	1	0	0	1	6
2013/09/04-19:02:48	27	1,730.453	73.827	12	0	0	2	0	0	0	1	1	0	0	52
2013/09/05-00:55:45	25	1,750.91	74.254	2	0	1	0	1	0	0	1	0	0	1	4
2013/09/05-00:56:17	25	1,750.91	74.254	16	0	0	0	2	0	0	1	1	0	0	51
2013/09/05-00:57:26	25	1,750.91	74.254	20	0	0	2	0	0	0	1	1	0	0	60
2013/09/05-00:58:45	25	1,750.91	74.254	4	0	0	0	0	0	0	1	1	0	0	18
2013/09/05-00:59:21	25	1,750.91	74.254	11	0	0	2	1	0	0	1	1	0	0	33
2013/09/05-01:27:04	20	1,801.132	68.988	2	0	0	0	0	0	1	1	0	0	1	8
2013/09/05-01:27:57	20	1,801.132	68.988	4	0	0	0	0	0	1	1	0	0	1	5
2013/09/05-01:28:40	20	1,801.132	68.988	1	0	0	0	0	0	1	1	0	0	1	3
2013/09/05-01:29:59	20	1,801.132	68.988	9	0	0	2	0	0	1	1	0	0	1	40
2013/09/05-01:31:18	20	1,801.132	68.988	11	0	0	2	0	0	0	1	1	0	0	38
2013/09/05-01:46:58	20	1,801.132	68.988	2	0	1	0	0	0	0	1	0	0	1	6
2013/09/05-01:47:47	20	1,801.132	68.988	9	0	1	0	1	0	0	1	0	0	1	40
2013/09/05-01:48:46	20	1,801.132	68.988	8	0	0	0	2	0	0	1	1	0	0	18
2013/09/05-01:49:22	20	1,801.132	68.988	2	0	0	0	0	0	0	1	1	0	0	10
2013/09/05-01:49:51	22	1,782.65	62.352	3	0	0	0	0	0	1	1	0	0	1	9
2013/09/05-11:02:56	22	1,770.854	67.887	5	0	0	2	0	0	1	1	0	0	1	22
2013/09/05-11:04:15	22	1,770.854	67.887	4	0	1	0	0	0	0	1	0	0	1	10
2013/09/05-11:05:34	22	1,770.854	67.887	8	0	1	2	0	0	0	1	0	0	1	19
2013/09/05-11:06:52	22	1,770.854	67.887	19	0	0	0	0	0	1	1	0	0	1	56
2013/09/05-11:08:11	22	1,770.854	67.887	18	0	0	0	0	0	1	1	0	0	1	49
2013/09/05-11:31:54	22	1,770.854	67.887	7	0	0	1	0	0	1	1	0	0	1	23
2013/09/05-21:30:30	22	1,770.854	67.887	13	0	0	1	1	0	0	1	1	0	0	35
2013/09/05-21:31:25	22	1,770.854	67.887	4	0	0	1	0	0	1	1	0	0	1	13
2013/09/05-21:32:09	22	1,770.854	67.887	16	0	0	6	0	0	1	1	0	0	1	54
2013/09/05-21:33:22	22	1,770.854	67.887	17	0	0	3	0	0	0	1	0	0	1	60
2013/09/05-22:22:01	22	1,770.854	67.887	13	0	0	6	1	0	0	1	1	0	0	46
2013/09/05-22:23:06	22	1,770.854	67.887	2	0	0	0	0	0	1	1	0	0	1	9
2013/09/05-22:24:22	28	1,731.302	60.368	11	0	0	0	0	0	0	1	1	0	0	36
2013/09/05-22:25:17	28	1,731.302	60.368	12	0	0	1	2	0	0	1	1	0	0	36
2013/09/05-22:26:12	28	1,731.302	60.368	0	0	1	0	0	0	0	1	0	0	1	8
2013/09/05-22:26:38	28	1,731.302	60.368	1	0	1	0	0	0	0	1	0	0	1	4
2013/09/05-22:27:59	28	1,731.302	60.368	1	0	1	1	0	0	0	1	0	0	1	3
2013/09/05-22:28:26	28	1,731.302	60.368	3	0	0	0	1	0	0	1	1	0	0	9
2013/09/05-22:28:54	28	1,731.302	60.368	9	0	0	1	0	0	1	1	0	0	1	34
2013/09/05-22:30:18	28	1,731.302	60.368	4	0	0	0	1	0	1	1	0	0	1	9
2013/09/05-22:30:57	28	1,731.302	60.368	5	0	0	0	2	0	0	1	1	0	0	22
2013/09/05-22:31:38	28	1,731.302	60.368	1	0	1	0	0	0	0	1	0	0	1	6
2013/09/05-22:32:44	28	1,731.302	60.368	13	0	0	5	1	0	0	1	1	0	0	42
2013/09/05-22:33:45	28	1,731.302	60.368	3	0	0	0	0	0	1	1	0	0	1	9
2013/09/05-22:35:04	28	1,731.302	60.368	1	0	1	0	0	0	0	1	0	0	1	4
2013/09/05-22:36:03	28	1,731.302	60.368	2	0	0	1	1	0	0	1	1	0	0	11
2013/09/05-22:36:33	28	1,731.302	60.368	0	0	1	0	0	0	0	1	0	0	1	5
2013/09/05-22:36:57	28	1,731.302	60.368	16	0	0	3	0	0	1	1	0	0	1	57
2013/09/05-22:38:15	28	1,731.302	60.368	3	0	0	3	1	0	1	1	0	0	1	9
2013/09/05-22:38:43	28	1,731.302	60.368	4	0	0	0	2	0	0	1	1	0	0	11
2013/09/05-22:39:12	28	1,731.302	60.368	6	0	1	0	0	0	0	1	0	0	1	33
2013/09/05-22:40:32	28	1,731.302	60.368	3	0	0	0	1	0	1	1	0	0	1	3
2013/09/05-22:47:23	28	1,731.302	60.368	15	0	0	4	1	0	1	1	0	0	1	52
2013/09/05-22:48:32	28	1,731.302	60.368	10	0	0	0	1	0	1	1	0	0	1	30
2013/09/05-22:49:21	28	1,731.302	60.368	8	0	0	0	0	0	0	1	1	0	0	36
2013/09/05-22:50:15	28	1,731.302	60.368	7	0	0	2	2	0	1	1	0	0	1	19
2013/09/05-22:50:59	28	1,731.302	60.368	0	0	1	0	0	0	0	1	0	0	1	5
2013/09/05-22:51:20	28	1,731.302	60.368	1	0	1	0	0	0	0	1	0	1	0	6
2013/09/05-22:53:09	28	1,731.302	60.368	2	0	0	2	2	0	0	1	1	0	0	4
2013/09/05-22:53:32	28	1,731.302	60.368	4	0	0	2	0	0	0	1	1	0	0	14
2013/09/05-22:54:05	28	1,731.302	60.368	9	0	1	0	2	0	0	1	1	0	0	67
2013/09/05-22:55:31	28	1,731.302	60.368	11	0	0	0	0	0	1	1	0	0	1	23
2013/09/05-23:39:07	23	1,771.667	50.974	10	0	0	4	1	0	1	1	0	0	1	28
2013/09/05-23:39:54	23	1,771.667	50.974	5	0	1	0	0	0	0	1	0	0	1	15
2013/09/05-23:41:14	23	1,771.667	50.974	2	0	0	0	1	0	0	1	1	0	0	10
2013/09/05-23:41:42	23	1,771.667	50.974	16	0	0	2	0	0	1	1	0	0	1	52
2013/09/05-23:42:53	23	1,771.667	50.974	0	0	1	0	0	0	0	1	0	0	1	5
2013/09/05-23:43:17	23	1,771.667	50.974	4	0	0	2	2	0	1	1	0	0	1	22
2013/09/05-23:43:58	23	1,771.667	50.974	1	0	1	2	0	0	0	1	0	0	1	4
2013/09/05-23:44:20	23	1,771.667	50.974	21	0	1	9	0	0	0	1	0	0	1	81
2013/09/05-23:46:00	23	1,771.667	50.974	11	0	0	1	1	0	0	1	1	0	0	52
2013/09/05-23:47:11	23	1,771.667	50.974	16	0	0	0	1	0	0	1	1	0	0	34
2013/09/05-23:48:06	23	1,771.667	50.974	1	0	1	0	0	0	0	1	0	1	0	6
2013/09/05-23:49:54	23	1,771.667	50.974	17	0	0	1	1	0	0	1	1	0	0	48
2013/09/05-23:51:01	23	1,771.667	50.974	3	0	0	7	0	0	0	1	0	1	0	90
2013/09/05-23:52:50	23	1,771.667	50.974	20	0	1	0	1	0	0	1	0	0	1	59
2013/09/05-23:54:07	23	1,771.667	50.974	1	0	0	0	2	0	0	1	1	0	0	4
2013/09/05-23:54:30	23	1,771.667	50.974	20	0	0	1	3	0	0	1	1	0	0	72
2013/09/05-23:56:00	23	1,771.667	50.974	0	0	1	0	0	0	0	1	0	0	1	5
2013/09/05-23:56:24	23	1,771.667	50.974	9	0	1	0	1	0	0	1	0	0	1	33
2013/09/05-23:57:15	23	1,771.667	50.974	1	0	0	2	2	0	0	1	1	0	0	5
2013/09/05-23:57:39	23	1,771.667	50.974	4	0	0	0	0	0	0	1	1	0	0	14
2013/09/05-23:58:12	23	1,771.667	50.974	12	0	0	2	1	0	0	1	1	0	0	59
2013/09/05-23:59:29	23	1,771.667	50.974	10	0	0	0	0	0	1	1	0	0	1	26
2013/09/06-00:00:34	23	1,771.667	50.974	1	0	0	0	0	0	1	1	0	0	1	3
2013/09/06-00:00:58	23	1,771.667	50.974	3	0	1	1	0	0	0	1	0	0	1	36
2013/09/06-00:02:06	23	1,771.667	50.974	10	0	0	4	1	0	1	1	0	0	1	41
2013/09/06-00:03:05	23	1,771.667	50.974	8	0	0	0	0	0	1	1	0	0	1	18
2013/09/06-00:04:05	23	1,771.667	50.974	10	0	1	0	2	0	0	1	0	0	1	40
2013/09/06-00:05:03	23	1,771.667	50.974	5	0	0	2	0	0	0	1	1	0	0	12
2013/09/06-00:05:33	23	1,771.667	50.974	0	0	1	0	0	0	0	1	0	0	1	5
2013/09/06-00:05:57	23	1,771.667	50.974	12	0	1	0	1	0	0	1	0	0	1	55
2013/09/06-07:59:14	21	1,789.423	47.855	7	0	0	3	2	0	0	1	1	0	0	28
2013/09/06-08:00:06	21	1,789.423	47.855	3	0	0	0	0	0	1	1	0	0	1	12
2013/09/06-08:01:21	21	1,789.423	47.855	2	0	0	0	0	0	0	1	1	0	0	5
2013/09/06-08:01:45	21	1,789.423	47.855	2	0	0	0	0	0	1	1	0	1	0	3
2013/09/06-08:03:34	21	1,789.423	47.855	0	0	1	0	0	0	0	1	0	0	1	5
2013/09/06-08:03:58	21	1,789.423	47.855	2	0	0	0	1	0	0	1	1	0	0	6
2013/09/06-08:04:23	21	1,795.832	46.059	1	0	1	2	0	0	0	1	0	0	1	3
2013/09/06-08:04:45	21	1,795.832	46.059	16	0	1	4	2	0	0	1	0	0	1	56
2013/09/06-08:06:00	21	1,795.832	46.059	19	0	1	2	0	0	0	1	0	1	0	67
2013/09/06-08:07:48	21	1,795.832	46.059	11	0	1	0	1	0	0	1	0	0	1	17
2013/09/06-08:08:28	21	1,795.832	46.059	3	0	1	0	0	0	0	1	0	0	1	10
2013/09/06-08:08:56	21	1,795.832	46.059	10	0	0	1	1	0	1	1	0	0	1	39
2013/09/06-08:09:58	21	1,795.832	46.059	21	0	0	9	1	0	0	1	1	0	0	62
2013/09/06-08:11:18	21	1,795.832	46.059	17	0	0	0	2	0	1	1	0	0	1	52
2013/09/06-08:12:30	21	1,795.832	46.059	1	0	1	0	0	0	0	1	0	0	1	3
2013/09/06-08:13:24	21	1,795.832	46.059	5	0	0	0	0	0	1	1	0	0	1	9
2013/09/06-08:14:50	21	1,795.832	46.059	0	0	1	0	0	0	0	1	0	0	1	5
2013/09/06-08:15:13	21	1,795.832	46.059	1	0	0	0	2	0	1	1	0	0	1	4
2013/09/06-08:15:35	21	1,795.832	46.059	2	0	1	3	1	0	0	1	0	0	1	3
2013/09/06-08:15:58	21	1,795.832	46.059	7	0	0	4	0	0	0	1	1	0	0	27
2013/09/06-08:16:44	21	1,795.832	46.059	4	0	1	1	0	0	0	1	0	0	1	16
2013/09/06-21:18:22	21	1,795.832	46.059	10	0	0	1	1	0	0	1	1	0	0	37
2013/09/06-21:19:19	21	1,795.832	46.059	3	0	0	0	0	0	1	1	0	0	1	9
2013/09/06-21:20:35	21	1,795.832	46.059	1	0	1	0	0	0	0	1	0	0	1	7
2013/09/06-21:21:01	21	1,795.832	46.059	2	0	0	0	0	0	1	1	0	0	1	3
2013/09/06-21:21:37	21	1,795.832	46.059	0	0	1	0	0	0	0	1	0	0	1	5
2013/09/06-21:22:00	21	1,795.832	46.059	3	0	0	0	1	0	1	1	0	0	1	10
2013/09/06-21:22:54	21	1,795.832	46.059	1	0	0	2	2	0	0	1	1	0	0	3
2013/09/06-21:23:16	21	1,795.832	46.059	18	0	1	5	0	0	0	1	0	0	1	73
2013/09/06-21:24:48	21	1,795.832	46.059	14	0	1	2	1	0	0	1	0	0	1	68
2013/09/06-21:26:14	21	1,795.832	46.059	8	0	0	0	0	0	1	1	0	0	1	11
2013/09/06-21:27:06	21	1,795.832	46.059	1	0	0	0	0	0	1	1	0	0	1	3
2013/09/06-21:27:32	21	1,795.832	46.059	8	0	0	1	2	0	0	1	1	0	0	41
2013/09/06-21:28:31	21	1,795.832	46.059	8	0	0	6	0	0	1	1	0	0	1	27
2013/09/06-21:29:17	21	1,795.832	46.059	3	0	1	0	0	0	0	1	0	0	1	11
2013/09/06-21:30:24	21	1,795.832	46.059	1	0	0	0	0	0	1	1	0	0	1	5
2013/09/06-21:30:47	21	1,795.832	46.059	13	0	0	1	0	0	1	1	0	0	1	45
2013/09/06-21:31:51	21	1,795.832	46.059	0	0	1	0	0	0	0	1	0	0	1	6
2013/09/06-21:32:23	21	1,795.832	46.059	13	0	1	0	0	0	0	1	0	1	0	53
2013/09/06-21:34:11	21	1,795.832	46.059	1	0	1	1	0	0	0	1	0	0	1	3
2013/09/06-21:34:34	21	1,795.832	46.059	19	0	0	5	1	0	0	1	1	0	0	82
2013/09/06-21:36:15	21	1,795.832	46.059	16	0	0	2	1	0	0	1	1	0	0	67
2013/09/06-22:16:01	26	1,758.436	40.059	5	0	0	5	0	0	0	1	1	0	0	53
2013/09/06-22:17:17	26	1,758.436	40.059	3	0	0	0	0	0	0	1	1	0	0	17
2013/09/06-22:17:53	26	1,758.436	40.059	1	0	1	0	0	0	0	1	0	0	1	6
2013/09/06-22:18:18	26	1,758.436	40.059	6	0	0	0	1	0	0	1	1	0	0	18
2013/09/06-22:18:55	26	1,758.436	40.059	0	0	1	0	0	0	0	1	0	0	1	5
2013/09/06-22:19:19	26	1,758.436	40.059	2	0	0	0	1	0	0	1	1	0	0	6
2013/09/06-22:19:44	26	1,758.436	40.059	1	0	0	1	1	0	1	1	0	0	1	4
2013/09/06-22:20:15	26	1,758.436	40.059	33	0	0	10	1	0	0	1	0	1	0	90
2013/09/06-22:22:04	26	1,758.436	40.059	15	0	0	0	1	0	0	1	1	0	0	41
2013/09/06-22:23:04	26	1,758.436	40.059	1	0	1	0	0	0	0	1	0	0	1	4
2013/09/06-22:23:34	26	1,758.436	40.059	4	0	0	1	0	0	1	1	0	0	1	10
2013/09/06-22:24:08	26	1,758.436	40.059	0	0	1	0	0	0	0	1	0	0	1	5
2013/09/06-22:24:32	26	1,758.436	40.059	5	0	1	0	1	0	0	1	0	0	1	22
2013/09/06-22:25:18	26	1,758.436	40.059	1	0	1	2	1	0	0	1	0	0	1	3
2013/09/06-22:25:40	26	1,758.436	40.059	21	0	0	8	1	0	0	1	1	0	0	79
2013/09/06-22:27:18	26	1,758.436	40.059	18	0	0	5	2	0	1	1	0	0	1	73
2013/09/06-22:28:49	26	1,758.436	40.059	11	0	0	0	1	0	0	1	1	0	0	27
2013/09/06-22:29:42	26	1,758.436	40.059	1	0	0	0	0	0	1	1	0	0	1	3
2013/09/06-22:30:04	26	1,758.436	40.059	4	0	1	2	0	0	0	1	0	0	1	13
2013/09/06-22:31:10	26	1,758.436	40.059	33	0	0	3	1	0	0	1	0	1	0	90
2013/09/06-22:32:59	26	1,758.436	40.059	7	0	0	0	0	0	1	1	0	0	1	24
2013/09/06-22:34:05	26	1,758.436	40.059	2	0	0	0	0	0	1	1	0	0	1	6
2013/09/06-22:35:24	26	1,758.436	40.059	11	0	0	2	1	0	1	1	0	0	1	29
2013/09/06-22:36:15	26	1,758.436	40.059	0	0	1	0	0	0	0	1	0	0	1	5
2013/09/06-22:36:39	26	1,758.436	40.059	37	0	0	3	1	0	0	1	0	1	0	90
2013/09/06-22:38:28	26	1,758.436	40.059	1	0	1	1	0	0	0	1	0	0	1	3
2013/09/06-22:38:57	26	1,758.436	40.059	22	0	0	2	2	0	0	1	1	0	0	86
2013/09/06-22:40:42	26	1,758.436	40.059	12	0	0	1	2	0	0	1	1	0	0	56
2013/09/06-22:41:57	26	1,758.436	40.059	9	0	0	0	1	0	1	1	0	0	1	23
2013/09/06-22:42:38	26	1,758.436	40.059	1	0	1	0	0	0	0	1	0	0	1	6
2013/09/06-22:43:07	26	1,758.436	40.059	9	0	0	2	0	0	1	1	0	0	1	34
2013/09/06-22:44:14	26	1,758.436	40.059	12	0	0	2	0	0	1	1	0	0	1	31
2013/09/06-22:45:03	26	1,758.436	40.059	4	0	0	0	1	0	1	1	0	0	1	17
2013/09/06-22:45:40	26	1,758.436	40.059	1	0	1	0	0	0	0	1	0	0	1	3
2013/09/06-22:46:05	26	1,758.436	40.059	8	0	0	1	1	0	1	1	0	0	1	27
2013/09/06-22:46:51	26	1,758.436	40.059	0	0	1	0	0	0	0	1	0	0	1	5
2013/09/06-22:47:15	25	1,749.905	35.464	1	0	1	0	0	0	0	1	0	0	1	6
2013/09/06-22:49:05	25	1,749.905	35.464	20	0	0	5	1	0	0	1	1	0	0	75
2013/09/06-22:50:40	25	1,749.905	35.464	2	0	0	0	0	0	1	1	0	0	1	8
2013/09/06-22:51:55	25	1,749.905	35.464	11	0	1	0	0	0	0	1	0	0	1	35
2013/09/06-22:52:49	25	1,749.905	35.464	18	0	0	2	3	0	0	1	1	0	0	67
2013/09/06-22:54:16	25	1,749.905	35.464	0	0	1	0	0	0	0	1	0	0	1	5
2013/09/06-22:54:40	25	1,749.905	35.464	2	0	1	0	0	0	0	1	0	0	1	4
2013/09/06-22:55:02	25	1,749.905	35.464	2	0	0	1	2	0	0	1	1	0	0	4
2013/09/06-22:55:26	25	1,749.905	35.464	20	0	0	2	1	0	0	1	1	0	0	80
2013/09/06-22:57:05	25	1,749.905	35.464	7	0	0	0	0	0	1	1	0	0	1	25
2013/09/06-23:08:26	25	1,749.905	35.464	8	0	0	4	0	0	1	1	0	0	1	29
2013/09/06-23:09:44	25	1,749.905	35.464	2	0	0	0	0	0	1	1	0	0	1	8
2013/09/06-23:10:21	25	1,749.905	35.464	5	0	1	0	0	0	0	1	0	0	1	20
2013/09/06-23:11:40	25	1,749.905	35.464	7	0	0	2	1	0	0	1	1	0	0	31
2013/09/06-23:12:30	25	1,749.905	35.464	0	0	1	0	0	0	0	1	0	0	1	5
2013/09/06-23:12:54	25	1,749.905	35.464	1	0	1	0	0	0	0	1	0	0	1	4
2013/09/06-23:14:15	25	1,749.905	35.464	1	0	0	2	3	0	1	1	0	1	0	3
2013/09/06-23:14:37	25	1,749.905	35.464	13	0	0	7	1	0	0	1	1	0	0	50
2013/09/06-23:15:46	25	1,749.905	35.464	10	0	1	2	1	0	0	1	0	0	1	48
2013/09/06-23:17:06	25	1,749.905	35.464	8	0	1	0	0	0	0	1	0	0	1	17
2013/09/06-23:17:51	25	1,749.905	35.464	2	0	1	0	0	0	0	1	0	0	1	6
2013/09/06-23:18:19	25	1,749.905	35.464	9	0	0	1	0	0	1	1	0	0	1	22
2013/09/06-23:19:43	25	1,749.905	35.464	6	0	0	1	0	0	1	1	0	0	1	16
2013/09/06-23:21:02	25	1,749.905	35.464	10	0	1	0	0	0	0	1	0	0	1	32
2013/09/06-23:21:58	25	1,749.905	35.464	2	0	0	0	0	0	0	1	1	0	0	9
2013/09/06-23:22:26	25	1,749.905	35.464	3	0	0	0	0	0	1	1	0	0	1	6
2013/09/06-23:23:48	25	1,749.905	35.464	0	0	1	0	0	0	0	1	0	0	1	5
2013/09/06-23:24:12	25	1,749.905	35.464	30	0	0	6	1	0	1	1	0	0	1	89
2013/09/06-23:26:00	25	1,749.905	35.464	1	0	1	1	0	0	0	1	0	0	1	3
2013/09/06-23:26:23	25	1,749.905	35.464	22	0	0	2	0	0	0	1	1	0	0	81
2013/09/06-23:28:03	25	1,749.905	35.464	11	0	1	3	1	0	0	1	0	0	1	67
2013/09/06-23:29:28	25	1,749.905	35.464	2	0	0	0	0	0	1	1	0	0	1	9
2013/09/06-23:29:56	25	1,749.905	35.464	3	0	1	0	1	0	0	1	0	0	1	7
2013/09/06-23:30:23	25	1,749.905	35.464	9	0	1	2	0	0	0	1	0	0	1	47
2013/09/06-23:31:28	25	1,749.905	35.464	25	0	0	2	0	0	0	1	0	1	0	90
2013/09/06-23:33:17	25	1,749.905	35.464	11	0	0	0	0	0	0	1	1	0	0	35
2013/09/06-23:34:11	25	1,749.186	31.957	2	0	1	0	0	0	0	1	0	0	1	6
2013/09/06-23:35:05	25	1,749.186	31.957	4	0	0	1	1	0	0	1	1	0	0	16
2013/09/06-23:35:39	25	1,749.186	31.957	0	0	1	0	0	0	0	1	0	0	1	5
2013/09/06-23:36:03	25	1,749.186	31.957	8	0	0	2	0	0	0	1	1	0	0	32
2013/09/07-00:50:22	25	1,754.225	31.949	20	0	0	2	0	0	0	1	0	0	1	60
2013/09/07-00:51:41	25	1,754.225	31.949	19	0	0	3	0	0	0	1	1	0	0	60
2013/09/07-00:52:59	25	1,754.225	31.949	18	0	0	2	0	0	0	1	0	0	1	60
2013/09/07-00:54:18	25	1,754.225	31.949	16	0	0	1	0	0	0	1	0	0	1	60
2013/09/07-00:55:37	25	1,754.225	31.949	7	0	0	0	0	0	1	1	0	0	1	18
2013/09/07-01:15:53	25	1,756.839	31.865	8	0	0	1	0	0	0	1	1	0	0	33
2013/09/07-01:16:46	25	1,756.839	31.865	16	0	0	1	0	0	1	1	0	0	1	39
2013/09/07-01:18:04	25	1,756.839	31.865	14	0	0	1	0	0	0	1	0	0	1	60
2013/09/07-01:19:23	25	1,756.839	31.865	5	0	0	0	0	0	1	1	0	0	1	18
2013/09/07-01:20:07	25	1,756.839	31.865	17	0	0	5	0	0	0	1	0	0	1	60
2013/09/07-09:46:24	26	1,756.429	31.761	13	0	0	4	1	0	0	1	1	0	0	60
2013/09/07-09:47:43	26	1,756.429	31.761	12	0	0	4	0	0	1	1	0	0	1	33
2013/09/07-09:49:02	26	1,756.429	31.761	7	0	0	2	0	0	1	1	0	0	1	19
2013/09/07-09:50:20	26	1,756.429	31.761	25	0	0	1	1	0	1	1	0	0	1	58
2013/09/07-09:51:39	26	1,756.429	31.761	13	0	0	4	0	0	1	1	0	0	1	42
2013/09/08-22:05:51	24	1,753.057	40.778	15	0	0	1	0	0	1	1	0	0	1	42
2013/09/08-22:06:53	24	1,753.057	40.778	9	0	0	2	0	0	1	1	0	0	1	29
2013/09/08-22:08:09	24	1,753.057	40.778	15	0	1	0	0	0	0	1	0	0	1	38
2013/09/08-22:09:06	24	1,753.057	40.778	21	0	0	3	1	0	0	1	1	0	0	60
2013/09/08-22:10:24	24	1,753.057	40.778	4	0	1	0	0	0	0	1	0	0	1	14
2013/09/08-22:37:00	24	1,753.057	40.778	10	0	1	2	0	0	0	1	0	0	1	33
2013/09/08-22:37:52	24	1,753.057	40.778	4	0	1	1	0	0	0	1	0	0	1	17
2013/09/08-22:38:28	24	1,753.057	40.778	15	0	0	3	1	0	0	1	1	0	0	53
2013/09/08-22:39:40	24	1,753.057	40.778	14	0	1	1	0	0	0	1	0	0	1	42
2013/09/08-22:40:58	24	1,753.057	40.778	13	0	0	1	1	0	1	1	0	0	1	55
2013/09/08-22:59:49	22	1,763.096	39.011	18	0	0	0	0	0	1	1	0	0	1	49
2013/09/08-23:01:03	22	1,763.096	39.011	7	0	1	2	0	0	0	1	0	0	1	23
2013/09/08-23:02:22	22	1,763.096	39.011	10	0	1	1	0	0	0	1	0	0	1	34
2013/09/08-23:03:40	22	1,763.096	39.011	9	0	0	0	0	0	1	1	0	0	1	29
2013/09/08-23:04:35	22	1,763.096	39.011	14	0	0	0	1	0	1	1	0	0	1	51
2013/09/10-08:39:42	24	1,756.316	47.445	8	0	0	4	1	0	0	1	1	0	0	33
2013/09/10-08:40:35	24	1,756.316	47.445	5	0	1	0	0	0	0	1	0	0	1	14
2013/09/10-08:41:10	24	1,756.316	47.445	6	0	0	0	1	0	0	1	1	0	0	22
2013/09/10-08:41:50	24	1,756.316	47.445	5	0	1	0	0	0	0	1	0	0	1	19
2013/09/10-08:43:01	24	1,756.316	47.445	9	0	0	1	0	0	1	1	0	0	1	27
2013/09/10-09:10:03	23	1,762.132	45.993	6	0	0	1	0	0	1	1	0	0	1	25
2013/09/10-09:11:22	23	1,762.132	45.993	8	0	1	1	0	0	0	1	0	0	1	30
2013/09/10-09:12:18	23	1,762.132	45.993	6	0	0	2	0	0	1	1	0	0	1	25
2013/09/10-09:13:36	23	1,762.132	45.993	14	0	0	1	1	0	1	1	0	0	1	46
2013/09/10-09:14:41	23	1,762.132	45.993	11	0	0	1	0	0	1	1	0	0	1	28
2013/09/10-18:00:47	23	1,762.132	45.993	4	0	0	0	0	0	1	1	0	0	1	18
2013/09/10-18:02:06	23	1,762.132	45.993	21	0	0	0	0	0	0	1	0	0	1	60
2013/09/10-18:03:25	23	1,762.132	45.993	3	0	0	0	0	0	1	1	0	0	1	11
2013/09/10-18:03:59	23	1,762.132	45.993	15	0	0	2	1	0	0	1	1	0	0	43
2013/09/10-18:05:01	23	1,762.132	45.993	9	0	0	2	0	0	1	1	0	0	1	29
2013/09/11-01:55:39	25	1,748.549	51.597	18	0	0	3	0	0	0	1	0	0	1	60
2013/09/11-01:56:59	25	1,748.549	51.597	8	0	0	3	0	0	1	1	0	0	1	34
2013/09/11-01:58:17	25	1,746.216	50.983	9	0	0	3	0	0	1	1	0	0	1	25
2013/09/11-01:59:01	25	1,746.216	50.983	18	0	0	2	0	0	0	1	0	0	1	60
2013/09/11-02:00:20	25	1,746.216	50.983	16	0	0	4	0	0	1	1	0	0	1	57
2013/09/11-08:27:18	25	1,746.216	50.983	4	0	1	0	0	0	0	1	0	0	1	15
2013/09/11-08:28:37	25	1,746.216	50.983	3	0	1	1	0	0	0	1	0	0	1	11
2013/09/11-08:29:24	25	1,746.216	50.983	12	0	0	3	1	0	1	1	0	0	1	31
2013/09/11-08:30:42	25	1,736.758	48.884	16	0	0	0	1	0	1	1	0	0	1	38
2013/09/11-08:32:01	25	1,736.758	48.884	19	0	0	3	0	0	1	1	0	0	1	51
2013/09/11-08:51:33	25	1,736.758	48.884	17	0	0	3	0	0	0	1	0	0	1	60
2013/09/11-08:52:52	25	1,736.758	48.884	18	0	0	2	0	0	0	1	0	0	1	60
2013/09/11-08:54:11	25	1,736.758	48.884	9	0	0	1	0	0	0	1	1	0	0	37
2013/09/11-08:55:06	25	1,736.758	48.884	18	0	0	1	0	0	0	1	0	0	1	60
2013/09/11-08:56:25	25	1,736.758	48.884	17	0	0	5	0	0	0	1	0	0	1	60
2013/09/11-18:11:29	25	1,757.688	54.436	5	0	1	0	0	0	0	1	0	0	1	16
2013/09/11-18:12:48	25	1,757.688	54.436	7	0	0	2	0	0	1	1	0	0	1	22
2013/09/11-18:14:03	25	1,757.688	54.436	7	0	0	1	0	0	1	1	0	0	1	16
2013/09/11-18:14:37	25	1,757.688	54.436	21	0	1	1	0	0	0	1	0	0	1	55
2013/09/11-18:15:56	25	1,757.688	54.436	10	0	1	4	0	0	0	1	0	0	1	24
2013/09/11-21:53:25	25	1,735.552	52.274	11	0	1	5	1	0	0	1	0	0	1	36
2013/09/11-21:54:45	25	1,735.552	52.274	13	0	0	4	0	0	1	1	0	0	1	32
2013/09/11-21:56:04	25	1,735.552	52.274	16	0	0	4	1	0	0	1	1	0	0	60
2013/09/11-21:57:23	25	1,735.552	52.274	5	0	1	1	0	0	0	1	0	0	1	19
2013/09/11-21:58:41	25	1,735.552	52.274	20	0	0	4	0	0	0	1	1	0	0	60
2013/09/11-22:20:38	25	1,735.552	52.274	17	0	0	1	0	0	0	1	0	0	1	60
2013/09/11-22:21:57	25	1,735.552	52.274	14	0	1	3	0	0	0	1	0	0	1	52
2013/09/11-22:23:16	25	1,735.552	52.274	14	0	0	6	1	0	0	1	1	0	0	36
2013/09/11-22:24:11	25	1,735.552	52.274	7	0	0	0	0	0	1	1	0	0	1	20
2013/09/11-22:25:29	25	1,735.552	52.274	5	0	0	1	0	0	1	1	0	0	1	17
2013/09/12-09:09:21	24	1,734.884	54.107	2	0	0	0	0	0	0	1	1	0	0	6
2013/09/12-09:09:46	24	1,734.884	54.107	3	0	0	1	0	0	0	1	1	0	0	11
2013/09/12-09:10:16	24	1,734.884	54.107	2	0	0	0	0	0	0	1	1	0	0	6
2013/09/12-09:10:41	24	1,734.884	54.107	1	0	0	0	0	0	0	1	1	0	0	6
2013/09/12-09:11:06	24	1,734.884	54.107	2	0	0	0	0	0	0	1	1	0	0	6
2013/09/12-10:47:21	24	1,734.884	54.107	10	0	0	4	0	0	0	1	1	0	0	39
2013/09/12-10:48:19	24	1,734.884	54.107	14	0	0	8	0	0	0	1	1	0	0	60
2013/09/12-10:49:38	24	1,734.884	54.107	17	0	0	6	0	0	1	1	0	0	1	53
2013/09/12-10:50:50	24	1,734.884	54.107	4	0	0	1	1	0	0	1	1	0	0	13
2013/09/12-10:51:22	24	1,734.884	54.107	14	0	0	2	1	0	0	1	1	0	0	46
2013/09/12-11:04:42	23	1,751.322	52.546	12	0	0	2	2	0	0	1	1	0	0	42
2013/09/12-11:05:42	23	1,751.322	52.546	12	0	1	1	0	0	0	1	0	0	1	30
2013/09/12-11:45:26	23	1,751.322	52.546	6	0	0	1	0	0	0	1	1	0	0	19
2013/09/12-11:46:05	23	1,751.322	52.546	6	0	1	3	0	0	0	1	0	0	1	20
2013/09/12-11:46:44	23	1,751.322	52.546	8	0	0	1	1	0	1	1	0	0	1	25
2013/09/12-14:36:28	23	1,738.278	52.653	8	0	1	0	1	0	0	1	0	0	1	24
2013/09/12-14:37:11	23	1,738.278	52.653	11	0	0	3	0	0	1	1	0	0	1	28
2013/09/12-14:38:29	23	1,738.278	52.653	21	0	0	0	1	0	0	1	0	0	1	60
2013/09/12-14:39:48	23	1,738.278	52.653	8	0	0	3	0	0	1	1	0	0	1	39
2013/09/12-14:41:07	23	1,738.278	52.653	10	0	0	2	0	0	1	1	0	0	1	33
2013/09/12-14:42:32	23	1,738.278	52.653	9	0	0	4	0	0	1	1	0	0	1	28
