2013/09/02-15:21:21	37	1,500	350.465	1	0	1	0	1	0	0	1	0	0	1	8
2013/09/02-15:22:01	37	1,500	350.465	1	0	1	0	0	0	0	1	0	0	1	9
2013/09/02-15:22:29	37	1,500	350.465	1	0	1	0	1	0	0	1	0	0	1	6
2013/09/02-15:23:19	37	1,500	350.465	0	0	1	0	0	0	0	1	0	0	1	3
2013/09/02-15:23:44	37	1,500	350.465	1	0	0	0	0	0	1	1	0	0	1	5
2013/09/02-15:32:44	37	1,500	350.465	1	0	0	0	1	0	1	1	0	0	1	5
2013/09/02-15:33:08	37	1,500	350.465	3	0	0	0	0	0	1	1	0	0	1	14
2013/09/02-15:34:27	37	1,500	350.465	0	0	0	0	0	0	0	1	1	0	0	8
2013/09/02-15:34:54	37	1,500	350.465	2	0	1	0	0	0	0	1	0	0	1	8
2013/09/02-15:35:54	71	1,318.864	265.701	2	0	0	0	1	0	1	1	0	0	1	6
2013/09/02-15:54:13	71	1,318.864	265.701	2	0	1	0	0	0	0	1	0	0	1	13
2013/09/02-15:54:58	71	1,318.864	265.701	1	0	0	0	0	0	1	1	0	0	1	3
2013/09/02-15:55:27	71	1,318.864	265.701	1	0	1	0	0	0	0	1	0	0	1	6
2013/09/02-15:56:25	71	1,318.864	265.701	0	0	1	0	0	0	0	1	0	0	1	7
2013/09/02-15:56:50	71	1,318.864	265.701	3	0	1	0	0	0	0	1	0	0	1	6
2013/09/02-17:46:16	69	1,235.97	214.84	1	0	0	0	2	0	1	1	1	0	0	5
2013/09/02-17:46:41	69	1,235.97	214.84	2	0	1	0	0	0	0	1	0	0	1	5
2013/09/02-17:47:05	69	1,235.97	214.84	0	0	1	0	0	0	0	1	0	0	1	6
2013/09/02-17:47:30	69	1,235.97	214.84	1	0	0	0	0	0	1	1	0	0	1	5
2013/09/02-17:48:05	69	1,235.97	214.84	1	0	0	0	1	0	1	1	0	0	1	3
2013/09/02-17:54:36	69	1,235.97	214.84	3	0	0	0	2	0	0	1	1	0	0	13
2013/09/02-17:55:08	69	1,235.97	214.84	0	0	0	0	0	0	0	1	1	0	0	5
2013/09/02-17:55:32	69	1,235.97	214.84	1	0	1	0	0	0	0	1	1	0	0	3
2013/09/02-17:55:54	69	1,235.97	214.84	1	0	1	0	0	0	0	1	0	0	1	11
2013/09/02-17:56:38	69	1,235.97	214.84	1	0	0	0	0	0	1	1	0	0	1	3
2013/09/02-18:09:59	74	1,143.617	167.788	2	0	0	0	2	0	1	1	0	0	1	6
2013/09/02-18:10:24	74	1,143.617	167.788	1	0	1	0	0	0	0	1	0	0	1	8
2013/09/02-18:10:51	74	1,143.617	167.788	2	0	1	0	0	0	0	1	0	0	1	9
2013/09/02-18:11:50	74	1,143.617	167.788	1	0	0	0	0	0	1	1	0	0	1	4
2013/09/02-18:12:23	74	1,143.617	167.788	4	0	1	0	0	0	0	1	0	0	1	19
2013/09/03-00:10:16	65	1,232.5	151.154	1	0	0	0	0	0	1	1	0	0	1	5
2013/09/03-00:10:53	65	1,232.5	151.154	1	0	0	0	1	0	0	1	1	0	0	6
2013/09/03-00:11:18	65	1,232.5	151.154	2	0	1	0	0	0	0	1	0	0	1	19
2013/09/03-00:12:05	65	1,232.5	151.154	1	0	0	0	3	0	1	1	1	0	0	3
2013/09/03-00:12:27	65	1,232.5	151.154	1	0	0	0	1	0	1	1	0	0	1	5
2013/09/03-00:24:03	68	1,148.923	133.196	1	0	1	0	1	0	0	1	0	0	1	7
2013/09/03-00:24:29	68	1,148.923	133.196	1	0	0	0	0	0	0	1	1	0	0	6
2013/09/03-00:24:54	68	1,148.923	133.196	2	0	0	0	0	0	1	1	0	0	1	11
2013/09/03-00:25:24	68	1,148.923	133.196	1	0	0	0	1	0	0	1	1	0	0	6
2013/09/03-00:25:48	68	1,148.923	133.196	1	0	1	0	2	0	0	1	0	0	1	6
2013/09/03-00:37:33	68	1,148.923	133.196	2	0	0	0	1	0	0	1	1	0	0	7
2013/09/03-00:37:59	68	1,148.923	133.196	1	0	0	0	0	0	1	1	0	0	1	4
2013/09/03-00:38:26	63	1,258.98	112.217	1	0	0	0	1	0	1	1	0	0	1	3
2013/09/03-00:38:49	63	1,258.98	112.217	1	0	0	0	1	0	0	1	1	0	0	8
2013/09/03-00:39:16	63	1,258.98	112.217	4	0	0	0	1	0	0	1	1	0	0	15
2013/09/03-15:16:17	61	1,284.338	105.611	1	0	0	0	0	0	1	1	0	0	1	4
2013/09/03-15:17:36	61	1,284.338	105.611	1	0	1	0	0	0	0	1	0	0	1	6
2013/09/03-15:18:12	61	1,284.338	105.611	1	0	0	0	2	0	1	1	0	0	1	5
2013/09/03-15:18:36	61	1,284.338	105.611	0	0	1	0	0	0	0	1	0	0	1	3
2013/09/03-15:19:01	61	1,284.338	105.611	0	0	1	0	0	0	0	1	0	0	1	12
2013/09/03-15:28:42	61	1,284.338	105.611	3	0	1	0	0	0	0	1	0	0	1	15
2013/09/03-15:29:16	61	1,284.338	105.611	1	0	0	0	0	0	1	1	0	0	1	8
2013/09/03-15:29:43	60	1,298.017	92.746	0	0	1	0	0	0	0	1	0	0	1	3
2013/09/03-15:30:05	60	1,298.017	92.746	1	0	1	0	2	0	0	1	0	0	1	3
2013/09/03-15:30:28	60	1,298.017	92.746	0	0	1	0	0	0	0	1	0	0	1	6
2013/09/03-15:41:26	60	1,298.017	92.746	1	0	1	0	0	0	0	1	0	0	1	9
2013/09/03-15:41:55	60	1,298.017	92.746	1	0	0	0	0	0	1	1	0	0	1	4
2013/09/03-15:42:21	60	1,298.017	92.746	1	0	1	0	0	0	0	1	0	0	1	9
2013/09/03-15:42:49	60	1,298.017	92.746	1	0	0	0	2	0	1	1	1	0	0	9
2013/09/03-15:43:17	60	1,298.017	92.746	1	0	0	0	1	0	1	1	0	0	1	4
2013/09/03-16:23:11	62	1,288.97	82.326	3	0	1	0	0	0	0	1	0	0	1	16
2013/09/03-16:23:46	62	1,288.97	82.326	0	0	0	0	0	0	0	1	1	0	0	4
2013/09/03-16:24:09	62	1,288.97	82.326	3	0	1	0	1	0	0	1	0	0	1	15
2013/09/03-16:24:43	62	1,288.97	82.326	1	0	1	0	1	0	0	1	0	0	1	3
2013/09/03-16:25:05	62	1,288.97	82.326	1	0	1	0	1	0	0	1	0	0	1	7
2013/09/03-16:41:48	62	1,296.276	81.05	1	0	0	0	0	0	1	1	0	0	1	5
2013/09/03-16:42:24	62	1,296.276	81.05	2	0	0	0	1	0	1	1	0	0	1	6
2013/09/03-16:42:49	62	1,296.276	81.05	1	0	1	0	0	0	0	1	0	0	1	8
2013/09/03-16:43:17	62	1,296.276	81.05	0	0	1	0	0	0	0	1	0	0	1	6
2013/09/03-16:43:49	62	1,296.276	81.05	5	0	0	1	0	0	1	1	0	0	1	10
2013/09/03-16:48:52	62	1,296.276	81.05	2	0	1	0	0	0	0	1	0	0	1	9
2013/09/03-16:49:26	62	1,296.276	81.05	1	0	1	0	0	0	0	1	0	0	1	4
2013/09/03-16:49:49	62	1,296.276	81.05	2	0	1	0	1	0	0	1	1	0	0	8
2013/09/03-16:50:16	62	1,296.276	81.05	1	0	0	0	0	0	1	1	0	0	1	4
2013/09/03-16:50:48	62	1,296.276	81.05	1	0	1	0	0	0	0	1	0	0	1	3
2013/09/03-20:02:37	62	1,270.652	76.36	0	0	1	0	0	0	0	1	0	0	1	4
2013/09/03-20:03:00	62	1,270.652	76.36	2	0	1	0	1	0	0	1	0	0	1	20
2013/09/03-20:03:39	62	1,270.652	76.36	3	0	0	0	0	0	1	1	0	0	1	9
2013/09/03-20:04:06	62	1,270.652	76.36	0	0	1	0	0	0	0	1	1	0	0	3
2013/09/03-20:04:28	62	1,270.652	76.36	1	0	1	0	0	0	0	1	0	0	1	6
2013/09/03-20:25:14	62	1,270.652	76.36	1	0	1	0	1	0	0	1	0	0	1	4
2013/09/03-20:26:33	60	1,299.515	70.567	1	0	1	0	1	0	0	1	0	0	1	3
2013/09/03-20:27:52	60	1,299.515	70.567	4	0	0	0	1	0	1	1	0	0	1	16
2013/09/03-20:28:27	60	1,299.515	70.567	1	0	0	0	0	0	1	1	0	0	1	5
2013/09/03-20:28:58	60	1,299.515	70.567	2	0	1	0	0	0	0	1	0	0	1	8
2013/09/03-20:37:05	60	1,299.515	70.567	0	0	1	0	0	0	0	1	0	0	1	7
2013/09/03-20:37:31	60	1,299.515	70.567	1	0	0	0	0	0	1	1	0	0	1	4
2013/09/03-20:38:49	60	1,299.515	70.567	1	0	1	0	1	0	0	1	0	0	1	9
2013/09/03-20:39:17	60	1,299.515	70.567	1	0	0	0	1	0	0	1	1	0	0	7
2013/09/03-20:39:43	60	1,299.515	70.567	1	0	0	0	2	0	1	1	0	0	1	3
2013/09/04-15:32:46	61	1,308.581	69.673	1	0	0	0	2	0	1	1	0	0	1	5
2013/09/04-15:33:10	61	1,308.581	69.673	2	0	0	0	2	0	1	1	0	0	1	6
2013/09/04-15:33:35	61	1,308.581	69.673	2	0	0	0	3	0	0	1	1	0	0	7
2013/09/04-15:34:01	61	1,308.581	69.673	1	0	0	0	0	0	1	1	0	0	1	3
2013/09/04-15:34:32	61	1,308.581	69.673	2	0	1	0	0	0	0	1	0	0	1	11
2013/09/04-15:49:59	58	1,334.829	65.515	1	0	1	0	0	0	0	1	0	0	1	8
2013/09/04-15:50:37	58	1,334.829	65.515	1	0	1	0	0	0	0	1	0	0	1	8
2013/09/04-15:51:10	58	1,334.829	65.515	1	0	0	0	1	0	1	1	0	0	1	3
2013/09/04-15:51:32	58	1,334.829	65.515	0	0	1	0	0	0	0	1	0	0	1	3
2013/09/04-15:51:54	58	1,334.829	65.515	1	0	1	0	1	0	0	1	0	0	1	6
2013/09/04-16:06:11	57	1,350.211	62.004	2	0	1	0	0	0	0	1	0	0	1	12
2013/09/04-16:06:50	57	1,350.211	62.004	1	0	0	0	1	0	1	1	1	0	0	7
2013/09/04-16:07:16	57	1,350.211	62.004	1	0	0	0	1	0	1	1	1	0	0	5
2013/09/04-16:07:40	57	1,350.211	62.004	1	0	0	0	0	0	1	1	0	0	1	3
2013/09/04-16:08:32	57	1,350.211	62.004	1	0	1	0	0	0	0	1	0	0	1	6
2013/09/04-20:46:49	57	1,359.722	64.871	1	0	1	0	0	0	0	1	0	0	1	3
2013/09/04-20:47:11	57	1,359.722	64.871	1	0	0	0	1	0	1	1	0	0	1	3
2013/09/04-20:47:34	57	1,359.722	64.871	0	0	1	0	0	0	0	1	0	0	1	3
2013/09/04-20:47:56	57	1,359.722	64.871	1	0	0	0	1	0	1	1	0	0	1	3
2013/09/04-20:48:18	57	1,359.722	64.871	1	0	0	0	0	0	1	1	0	0	1	4
2013/09/04-21:04:06	57	1,359.722	64.871	2	0	1	0	0	0	0	1	0	0	1	8
2013/09/04-21:04:33	57	1,359.722	64.871	3	0	1	0	1	0	0	1	0	0	1	7
2013/09/04-21:04:59	57	1,359.722	64.871	2	0	1	0	0	0	0	1	0	0	1	18
2013/09/04-21:05:37	58	1,344.101	59.66	1	0	0	0	0	0	1	1	0	0	1	4
2013/09/04-21:06:02	58	1,344.101	59.66	2	0	0	0	1	0	0	1	1	0	0	7
2013/09/04-21:19:10	58	1,344.101	59.66	2	0	1	0	0	0	0	1	0	0	1	8
2013/09/04-21:19:37	58	1,344.101	59.66	1	0	0	0	1	0	1	1	0	0	1	5
2013/09/04-21:20:03	58	1,344.101	59.66	1	0	1	0	1	0	0	1	0	0	1	7
2013/09/04-21:20:30	58	1,344.101	59.66	3	0	0	0	3	0	0	1	1	0	0	14
2013/09/04-21:21:02	58	1,344.101	59.66	2	0	0	0	1	0	0	1	1	0	0	7
2013/09/05-02:57:23	56	1,356.875	62.954	1	0	0	0	1	0	1	1	0	0	1	6
2013/09/05-02:57:47	56	1,356.875	62.954	1	0	1	0	0	0	0	1	0	0	1	8
2013/09/05-02:58:17	56	1,356.875	62.954	1	0	0	0	1	0	0	1	1	0	0	6
2013/09/05-02:58:41	56	1,356.875	62.954	2	0	0	0	0	0	0	1	1	0	0	6
2013/09/05-02:59:07	56	1,356.875	62.954	1	0	1	0	0	0	0	1	0	0	1	7
2013/09/05-03:10:23	56	1,356.875	62.954	1	0	1	0	0	0	0	1	0	0	1	6
2013/09/05-03:11:00	56	1,356.875	62.954	1	0	0	0	0	0	1	1	0	0	1	4
2013/09/05-03:11:33	56	1,356.875	62.954	1	0	1	0	0	0	0	1	0	0	1	7
2013/09/05-03:11:59	56	1,356.875	62.954	1	0	0	0	0	0	1	1	0	0	1	7
2013/09/05-03:12:34	56	1,356.875	62.954	1	0	1	0	0	0	0	1	0	0	1	7
2013/09/05-03:24:16	58	1,338.203	57.329	1	0	1	0	0	0	0	1	0	0	1	8
2013/09/05-03:24:48	58	1,338.203	57.329	6	0	0	0	2	0	0	1	1	0	0	26
2013/09/05-03:25:33	58	1,338.203	57.329	1	0	0	0	0	0	1	1	0	0	1	3
2013/09/05-03:26:52	58	1,338.203	57.329	1	0	0	0	0	0	1	1	0	0	1	5
2013/09/05-03:27:27	58	1,338.203	57.329	2	0	1	0	1	0	0	1	0	0	1	5
2013/09/06-00:07:47	57	1,324.886	60.254	2	0	1	0	0	0	0	1	0	0	1	23
2013/09/06-00:09:07	57	1,324.886	60.254	3	0	1	0	0	0	0	1	0	0	1	11
2013/09/06-00:09:36	57	1,324.886	60.254	14	0	0	3	0	0	0	1	1	0	0	60
2013/09/06-00:10:54	57	1,324.886	60.254	2	0	1	0	0	0	0	1	0	0	1	9
2013/09/06-00:11:28	57	1,324.886	60.254	1	0	1	0	0	0	0	1	0	0	1	7
2013/09/06-00:29:57	58	1,326.665	57.27	1	0	0	0	0	0	1	1	0	0	1	8
2013/09/06-00:30:29	58	1,326.665	57.27	2	0	1	0	0	0	0	1	0	0	1	9
2013/09/06-00:30:57	58	1,326.665	57.27	2	0	1	0	1	0	0	1	0	0	1	12
2013/09/06-00:31:28	58	1,326.665	57.27	2	0	1	0	0	0	0	1	0	0	1	13
2013/09/06-00:32:46	58	1,326.665	57.27	1	0	0	0	0	0	1	1	0	0	1	3
2013/09/06-00:48:49	58	1,326.665	57.27	3	0	1	0	0	0	0	1	0	0	1	12
2013/09/06-00:49:20	58	1,326.665	57.27	0	0	0	0	0	0	0	1	1	0	0	9
2013/09/06-00:49:48	59	1,318.446	53.802	0	0	0	0	0	0	0	1	1	0	0	60
2013/09/06-00:51:07	59	1,318.446	53.802	2	0	0	0	0	0	1	1	0	0	1	4
2013/09/06-00:51:35	59	1,318.446	53.802	2	0	1	0	0	0	0	1	0	0	1	8
2013/09/06-01:52:17	59	1,306.233	53.563	1	0	1	0	0	0	0	1	0	0	1	7
2013/09/06-01:52:43	59	1,306.233	53.563	2	0	1	0	0	0	0	1	0	0	1	5
2013/09/06-01:53:08	59	1,306.233	53.563	2	0	0	0	0	0	1	1	0	0	1	4
2013/09/06-01:54:18	59	1,306.233	53.563	2	0	1	0	0	0	0	1	0	0	1	8
2013/09/06-01:54:46	59	1,306.233	53.563	2	0	1	0	0	0	0	1	0	0	1	11
2013/09/06-01:58:03	59	1,306.233	53.563	1	0	0	0	0	0	0	1	1	0	0	6
2013/09/06-01:58:28	59	1,306.233	53.563	1	0	0	0	0	0	0	1	1	0	0	6
2013/09/06-01:58:53	59	1,306.233	53.563	0	0	0	0	0	0	0	1	1	0	0	6
2013/09/06-01:59:18	59	1,306.233	53.563	0	0	0	0	0	0	0	1	1	0	0	6
2013/09/06-01:59:42	59	1,306.233	53.563	3	0	0	0	0	0	0	1	1	0	0	6
2013/09/07-11:33:17	60	1,288.288	60.244	2	0	0	0	0	0	1	1	0	0	1	4
2013/09/07-11:34:37	60	1,288.288	60.244	2	0	1	0	0	0	0	1	0	0	1	9
2013/09/07-11:35:57	60	1,288.288	60.244	2	0	1	0	0	0	0	1	0	0	1	9
2013/09/07-11:37:16	60	1,288.288	60.244	2	0	1	0	0	0	0	1	0	0	1	9
2013/09/07-11:38:04	60	1,288.288	60.244	2	0	1	0	0	0	0	1	0	0	1	9
2013/09/07-11:38:43	60	1,288.288	60.244	3	0	0	0	0	0	1	1	0	0	1	16
2013/09/07-11:39:31	60	1,288.288	60.244	2	0	0	0	0	0	1	1	0	0	1	13
2013/09/07-12:23:44	60	1,288.288	60.244	8	0	1	0	0	0	0	1	0	0	1	19
2013/09/07-12:36:47	60	1,288.288	60.244	2	0	0	0	0	0	0	1	0	0	1	215
2013/09/07-12:48:57	60	1,288.288	60.244	2	0	1	0	0	0	0	1	0	0	1	9
2013/09/07-13:09:02	60	1,259.445	55.187	12	0	0	0	0	0	0	1	0	0	1	60
2013/09/07-13:10:17	60	1,259.445	55.187	3	0	0	1	0	0	1	1	0	0	1	10
2013/09/07-13:11:17	60	1,259.445	55.187	3	0	1	0	0	0	0	1	0	0	1	12
2013/09/07-13:11:58	60	1,259.445	55.187	1	0	1	0	1	0	0	1	0	0	1	15
2013/09/07-13:12:32	60	1,259.445	55.187	7	0	1	1	0	0	0	1	0	0	1	38
2013/09/09-01:16:50	62	1,254.753	58.515	2	0	0	0	0	0	1	1	0	0	1	4
2013/09/09-01:17:55	62	1,254.753	58.515	3	0	1	0	0	0	0	1	0	0	1	10
2013/09/09-01:19:06	62	1,254.753	58.515	4	0	0	0	0	0	1	1	0	0	1	12
2013/09/09-01:20:22	62	1,254.753	58.515	2	0	1	1	0	0	0	1	0	0	1	15
2013/09/09-01:21:19	62	1,254.753	58.515	3	0	0	0	0	0	1	1	0	0	1	10
2013/09/09-07:27:02	62	1,254.753	58.515	6	0	0	2	0	0	0	1	1	0	0	15
2013/09/09-07:27:36	62	1,254.753	58.515	2	0	1	0	0	0	0	1	0	0	1	9
2013/09/09-07:28:17	62	1,254.753	58.515	4	0	1	1	0	0	0	1	0	0	1	17
2013/09/09-07:29:02	62	1,254.753	58.515	5	0	0	2	1	0	0	1	1	0	0	30
2013/09/09-07:29:51	62	1,254.753	58.515	3	0	1	0	0	0	0	1	0	0	1	14
2013/09/09-07:46:32	62	1,252.498	53.918	3	0	0	0	0	0	1	1	0	0	1	8
2013/09/09-07:47:00	62	1,252.498	53.918	7	0	0	4	2	0	0	1	1	0	0	27
2013/09/09-07:47:46	62	1,252.498	53.918	2	0	1	0	0	0	0	1	0	0	1	9
2013/09/09-07:48:29	62	1,252.498	53.918	1	0	1	0	0	0	0	1	0	0	1	9
2013/09/09-07:48:57	62	1,252.498	53.918	2	0	0	0	0	0	1	1	0	0	1	3
2013/09/09-21:37:26	62	1,255.484	52.828	2	0	1	0	0	0	0	1	0	0	1	8
2013/09/09-21:37:54	62	1,255.484	52.828	3	0	1	0	0	0	0	1	0	0	1	10
2013/09/09-22:01:34	62	1,255.484	52.828	2	0	1	0	0	0	0	1	0	0	1	20
2013/09/09-22:02:10	62	1,255.484	52.828	2	0	0	0	0	0	1	1	0	0	1	6
2013/09/09-22:04:10	62	1,255.484	52.828	4	0	1	1	0	0	0	1	0	0	1	37
2013/09/09-22:23:04	62	1,254.518	52.561	1	0	1	0	0	0	0	1	0	0	1	10
2013/09/09-22:24:03	62	1,254.518	52.561	3	0	1	0	0	0	0	1	0	0	1	16
2013/09/09-22:25:11	62	1,254.518	52.561	2	0	1	0	0	0	0	1	0	0	1	14
2013/09/09-22:26:30	62	1,254.518	52.561	3	0	0	1	0	0	1	1	0	0	1	12
2013/09/09-22:27:15	62	1,254.518	52.561	6	0	1	0	0	0	0	1	0	0	1	31
2013/09/09-22:32:51	62	1,254.518	52.561	2	0	1	0	0	0	0	1	0	0	1	10
2013/09/09-22:33:36	62	1,254.518	52.561	2	0	1	0	0	0	0	1	0	0	1	8
2013/09/09-22:34:25	62	1,254.518	52.561	2	0	1	0	0	0	0	1	0	0	1	9
2013/09/09-22:35:08	62	1,254.518	52.561	2	0	1	0	0	0	0	1	0	0	1	10
2013/09/09-22:35:41	62	1,254.518	52.561	2	0	1	0	0	0	0	1	0	0	1	9
2013/09/10-20:26:50	64	1,216.402	53.527	2	0	1	0	0	0	0	1	0	0	1	9
2013/09/10-20:27:25	64	1,216.402	53.527	1	0	0	0	0	0	1	1	0	0	1	7
2013/09/10-20:28:46	64	1,212.277	52.879	2	0	1	0	0	0	0	1	0	0	1	9
2013/09/10-20:29:59	64	1,212.277	52.879	3	0	1	0	0	0	0	1	0	0	1	11
2013/09/10-20:30:54	64	1,212.277	52.879	2	0	1	0	1	0	0	1	0	0	1	13
2013/09/10-20:46:53	64	1,212.277	52.879	2	0	1	0	0	0	0	1	0	0	1	9
2013/09/10-20:47:21	64	1,212.277	52.879	2	0	1	0	0	0	0	1	0	0	1	9
2013/09/10-20:47:57	64	1,212.277	52.879	2	0	1	0	0	0	0	1	0	0	1	9
2013/09/10-20:48:26	64	1,212.277	52.879	3	0	1	2	0	0	0	1	0	0	1	13
2013/09/10-20:48:59	64	1,212.277	52.879	2	0	1	0	0	0	0	1	0	0	1	16
2013/09/10-21:18:26	64	1,212.277	52.879	1	0	0	0	0	0	1	1	0	0	1	3
2013/09/10-21:18:53	64	1,212.277	52.879	4	0	1	0	0	0	0	1	0	0	1	16
2013/09/10-21:19:35	64	1,212.277	52.879	1	0	0	0	0	0	1	1	0	0	1	4
2013/09/10-21:20:01	64	1,211.356	49.15	3	0	0	0	0	0	1	1	0	0	1	18
2013/09/10-21:20:48	64	1,211.356	49.15	2	0	0	0	0	0	1	1	0	0	1	5
2013/09/11-14:24:53	65	1,207.909	57.001	6	0	0	1	0	0	1	1	0	0	1	21
2013/09/11-14:25:33	65	1,207.909	57.001	1	0	0	0	0	0	0	1	1	0	0	9
2013/09/11-14:26:01	63	1,212.498	56.158	1	0	0	0	0	0	0	1	1	0	0	10
2013/09/11-14:26:29	63	1,212.498	56.158	2	0	0	0	0	0	0	1	1	0	0	11
2013/09/11-14:26:59	63	1,212.498	56.158	1	0	0	0	0	0	1	1	0	0	1	5
2013/09/11-14:41:43	63	1,212.498	56.158	5	0	0	1	0	0	0	1	1	0	0	24
2013/09/11-14:42:26	63	1,212.498	56.158	2	0	1	0	0	0	0	1	0	0	1	8
2013/09/11-14:43:03	63	1,212.498	56.158	2	0	1	0	0	0	0	1	0	0	1	9
2013/09/11-14:43:32	63	1,212.498	56.158	3	0	1	1	0	0	0	1	0	0	1	14
2013/09/11-14:44:04	63	1,212.498	56.158	2	0	1	0	0	0	0	1	0	0	1	12
2013/09/11-14:59:13	65	1,196.457	52.976	2	0	1	0	0	0	0	1	0	0	1	8
2013/09/11-15:00:17	65	1,196.457	52.976	2	0	0	0	0	0	1	1	0	0	1	5
2013/09/11-15:01:35	65	1,196.457	52.976	2	0	1	0	0	0	0	1	0	0	1	11
2013/09/11-15:02:54	65	1,196.457	52.976	2	0	0	0	0	0	1	1	0	0	1	5
2013/09/11-15:03:48	65	1,196.457	52.976	1	0	1	0	0	0	0	1	0	0	1	7
2013/09/11-16:29:10	65	1,196.457	52.976	2	0	1	0	0	0	0	1	0	0	1	8
2013/09/11-16:29:38	65	1,196.457	52.976	2	0	0	0	0	0	1	1	0	0	1	3
2013/09/11-16:30:02	65	1,196.457	52.976	2	0	1	0	0	0	0	1	0	0	1	9
2013/09/11-16:30:31	69	1,149.198	50.15	2	0	0	0	0	0	1	1	0	0	1	8
2013/09/11-16:30:57	69	1,149.198	50.15	5	0	0	1	0	0	0	1	1	0	0	13
2013/09/11-16:36:05	69	1,149.198	50.15	2	0	0	0	0	0	1	1	0	0	1	6
2013/09/11-16:37:24	69	1,149.198	50.15	2	0	1	0	0	0	0	1	0	0	1	9
2013/09/11-16:38:42	69	1,149.198	50.15	2	0	1	0	0	0	0	1	0	0	1	8
2013/09/11-16:40:01	69	1,149.198	50.15	2	0	1	0	0	0	0	1	0	0	1	11
2013/09/11-16:41:11	69	1,149.198	50.15	2	0	1	0	0	0	0	1	0	0	1	9
2013/09/11-16:50:36	69	1,149.198	50.15	2	0	1	0	0	0	0	1	0	0	1	12
2013/09/11-16:51:06	69	1,149.198	50.15	1	0	1	0	0	0	0	1	0	0	1	8
2013/09/11-16:52:17	69	1,149.198	50.15	2	0	1	0	0	0	0	1	0	0	1	8
2013/09/11-16:53:00	69	1,149.198	50.15	2	0	0	0	0	0	1	1	0	0	1	6
2013/09/11-16:54:10	69	1,149.198	50.15	2	0	1	0	0	0	0	1	0	0	1	8
2013/09/12-08:33:59	69	1,152.128	55.678	2	0	1	0	0	0	0	1	0	0	1	8
2013/09/12-08:34:27	69	1,152.128	55.678	2	0	0	0	0	0	0	1	1	0	0	6
2013/09/12-08:34:52	69	1,152.128	55.678	6	0	0	0	0	0	0	1	1	0	0	25
2013/09/12-08:35:35	69	1,152.128	55.678	2	0	1	0	0	0	0	1	0	0	1	9
2013/09/12-08:36:02	69	1,152.128	55.678	2	0	0	0	0	0	1	1	0	0	1	9
2013/09/12-08:51:24	67	1,167.182	53.404	3	0	1	1	0	0	0	1	0	0	1	14
2013/09/12-08:52:10	67	1,167.182	53.404	1	0	0	0	0	0	1	1	0	0	1	3
2013/09/12-08:52:36	67	1,167.182	53.404	3	0	0	0	0	0	0	1	1	0	0	10
2013/09/12-08:53:04	67	1,167.182	53.404	1	0	0	0	0	0	0	1	1	0	0	8
2013/09/12-08:53:31	67	1,167.182	53.404	2	0	1	0	0	0	0	1	0	0	1	8
2013/09/12-09:04:53	68	1,166.086	51.225	2	0	1	0	0	0	0	1	0	0	1	9
2013/09/12-09:05:31	68	1,166.086	51.225	4	0	0	1	0	0	1	1	0	0	1	14
2013/09/12-09:06:03	68	1,166.086	51.225	3	0	1	0	0	0	0	1	0	0	1	10
2013/09/12-09:06:50	68	1,166.086	51.225	4	0	0	1	0	0	1	1	0	0	1	8
2013/09/12-09:08:09	68	1,166.086	51.225	3	0	1	0	0	0	0	1	0	0	1	12
2013/09/12-21:29:56	68	1,147.18	51.61	5	0	0	1	0	0	1	1	0	0	1	33
2013/09/12-21:31:15	68	1,147.18	51.61	3	0	1	0	0	0	0	1	0	0	1	11
2013/09/12-21:32:33	68	1,147.18	51.61	2	0	1	0	0	0	0	1	0	0	1	10
2013/09/12-21:33:52	68	1,147.18	51.61	2	0	1	0	0	0	0	1	0	0	1	9
2013/09/12-21:34:54	68	1,145.362	51.723	2	0	0	0	0	0	1	1	0	0	1	11
2013/09/12-22:26:38	68	1,145.362	51.723	2	0	0	0	0	0	0	1	1	0	0	5
2013/09/12-22:27:02	68	1,145.362	51.723	2	0	1	0	0	0	0	1	0	0	1	10
2013/09/12-22:27:30	68	1,145.362	51.723	3	0	0	0	0	0	1	1	0	0	1	10
2013/09/12-22:28:28	68	1,145.362	51.723	1	0	0	0	0	0	1	1	0	0	1	4
2013/09/12-22:29:42	68	1,145.362	51.723	2	0	0	0	0	0	1	1	0	0	1	5
2013/09/12-22:49:56	68	1,145.362	51.723	4	0	0	0	0	0	1	1	0	0	1	12
2013/09/12-22:50:27	68	1,145.362	51.723	2	0	0	0	0	0	0	1	1	0	0	4
2013/09/12-22:50:49	68	1,145.362	51.723	0	0	0	0	0	0	0	1	1	0	0	4
2013/09/12-22:51:12	68	1,145.362	51.723	1	0	0	0	0	0	0	1	1	0	0	4
2013/09/12-22:51:34	68	1,145.362	51.723	3	0	0	0	0	0	0	1	1	0	0	4
2013/09/13-09:07:06	68	1,171.939	49.865	3	0	1	0	0	0	0	1	0	0	1	17
2013/09/13-09:08:25	68	1,171.939	49.865	2	0	1	0	0	0	0	1	0	0	1	5
2013/09/13-09:09:09	68	1,171.939	49.865	1	0	1	0	0	0	0	1	0	0	1	7
2013/09/13-09:10:27	68	1,171.939	49.865	2	0	1	0	0	0	0	1	0	0	1	9
2013/09/13-09:11:29	68	1,171.939	49.865	2	0	0	0	0	0	1	1	0	0	1	9
2013/09/13-09:12:54	68	1,171.939	49.865	2	0	0	0	0	0	1	1	0	0	1	4
2013/09/13-09:14:13	68	1,171.939	49.865	1	0	0	0	0	0	1	1	0	0	1	3
2013/09/13-09:15:09	68	1,171.939	49.865	2	0	1	0	0	0	0	1	0	0	1	12
2013/09/13-09:16:28	68	1,171.939	49.865	2	0	1	0	0	0	0	1	0	0	1	9
2013/09/13-09:17:28	68	1,171.939	49.865	1	0	0	0	0	0	1	1	0	0	1	3
2013/09/13-09:43:21	68	1,168.85	49.242	2	0	1	0	0	0	0	1	0	0	1	9
2013/09/13-09:44:02	68	1,168.85	49.242	2	0	1	0	0	0	0	1	0	0	1	8
2013/09/13-09:45:21	68	1,168.85	49.242	4	0	0	0	1	0	1	1	0	0	1	9
2013/09/13-09:45:58	68	1,168.85	49.242	2	0	1	0	0	0	0	1	0	0	1	9
2013/09/13-09:47:03	68	1,168.85	49.242	2	0	1	0	0	0	0	1	0	0	1	8
2013/09/13-10:06:41	68	1,168.85	49.242	2	0	1	0	0	0	0	1	0	0	1	10
2013/09/13-10:07:31	68	1,168.85	49.242	1	0	1	0	0	0	0	1	0	0	1	7
2013/09/13-10:08:25	68	1,168.85	49.242	3	0	1	1	0	0	0	1	0	0	1	12
2013/09/13-10:09:43	68	1,168.85	49.242	2	0	1	0	0	0	0	1	0	0	1	10
2013/09/13-10:10:42	68	1,168.85	49.242	3	0	1	0	0	0	0	1	0	0	1	11
2013/09/13-10:33:38	67	1,180.016	48.736	2	0	1	0	0	0	0	1	0	0	1	9
2013/09/13-10:34:21	67	1,180.016	48.736	2	0	1	0	0	0	0	1	0	0	1	8
2013/09/13-10:34:48	67	1,180.016	48.736	2	0	1	0	0	0	0	1	0	0	1	9
2013/09/13-10:36:07	67	1,180.016	48.736	2	0	1	0	0	0	0	1	0	0	1	14
2013/09/13-10:36:55	67	1,180.016	48.736	1	0	0	0	0	0	1	1	0	0	1	4
2013/09/13-10:50:17	67	1,180.016	48.736	1	0	1	0	0	0	0	1	0	0	1	8
2013/09/13-10:50:43	67	1,180.016	48.736	2	0	1	1	0	0	0	1	0	0	1	9
2013/09/13-10:51:10	67	1,180.016	48.736	1	0	0	0	0	0	0	1	1	0	0	6
2013/09/13-10:51:35	67	1,180.016	48.736	2	0	0	0	0	0	1	1	0	0	1	5
2013/09/13-10:52:00	67	1,180.016	48.736	1	0	1	0	0	0	0	1	0	0	1	7
2013/09/13-11:11:44	66	1,191.49	46.626	4	0	0	0	0	0	1	1	0	0	1	13
2013/09/13-11:12:43	66	1,191.49	46.626	4	0	1	1	0	0	0	1	0	0	1	14
2013/09/13-11:13:53	66	1,191.49	46.626	1	0	0	0	0	0	1	1	0	0	1	5
2013/09/13-11:14:55	66	1,191.49	46.626	2	0	1	0	0	0	0	1	0	0	1	8
2013/09/13-11:16:14	66	1,191.49	46.626	2	0	0	0	0	0	1	1	0	0	1	3
2013/09/13-11:37:03	66	1,189.187	46.742	2	0	0	0	0	0	1	1	0	0	1	7
2013/09/13-11:37:35	66	1,189.187	46.742	2	0	0	0	0	0	1	1	0	0	1	3
2013/09/13-11:38:03	66	1,189.187	46.742	4	0	1	1	0	0	0	1	0	0	1	19
2013/09/13-11:38:40	66	1,189.187	46.742	2	0	1	0	0	0	0	1	0	0	1	10
2013/09/13-11:39:11	66	1,189.187	46.742	3	0	1	0	1	0	0	1	0	0	1	13
2013/09/13-11:52:33	66	1,189.187	46.742	1	0	0	0	0	0	1	1	0	0	1	3
2013/09/13-11:53:51	66	1,189.187	46.742	2	0	1	0	0	0	0	1	0	0	1	9
2013/09/13-11:54:19	66	1,189.187	46.742	3	0	1	0	0	0	0	1	0	0	1	12
2013/09/13-11:54:50	66	1,189.187	46.742	2	0	0	0	0	0	1	1	0	0	1	5
2013/09/13-11:55:22	66	1,189.187	46.742	3	0	0	0	1	0	1	1	0	0	1	12
2013/09/13-12:14:29	67	1,189.38	45.244	2	0	1	0	0	0	0	1	0	0	1	9
2013/09/13-12:15:44	67	1,189.38	45.244	3	0	1	0	0	0	0	1	0	0	1	12
2013/09/13-12:17:03	67	1,189.38	45.244	1	0	1	0	0	0	0	1	0	0	1	11
2013/09/13-12:18:21	67	1,189.38	45.244	2	0	1	0	0	0	0	1	0	0	1	12
2013/09/13-12:19:19	67	1,189.38	45.244	2	0	1	0	0	0	0	1	0	0	1	8
2013/09/13-14:29:09	67	1,189.38	45.244	2	0	1	0	0	0	0	1	0	0	1	9
2013/09/13-14:29:50	67	1,189.38	45.244	5	0	0	1	0	0	0	1	1	0	0	19
2013/09/13-14:30:28	67	1,189.38	45.244	2	0	1	0	0	0	0	1	0	0	1	9
2013/09/13-14:31:27	67	1,189.38	45.244	3	0	1	0	0	0	0	1	0	0	1	11
2013/09/13-14:32:23	67	1,189.38	45.244	3	0	1	0	0	0	0	1	0	0	1	12
2013/09/13-14:46:43	67	1,193.973	44.333	2	0	0	0	0	0	1	1	0	0	1	10
2013/09/13-14:47:23	67	1,193.973	44.333	2	0	0	0	0	0	1	1	0	0	1	4
2013/09/13-14:47:56	67	1,193.973	44.333	1	0	1	0	0	0	0	1	0	0	1	8
2013/09/13-14:48:50	67	1,193.973	44.333	3	0	1	0	0	0	0	1	0	0	1	12
2013/09/13-14:49:38	67	1,193.973	44.333	3	0	1	0	0	0	0	1	0	0	1	27
2013/09/13-15:24:34	67	1,194.191	44.213	2	0	1	0	0	0	0	1	0	0	1	12
2013/09/13-15:25:53	67	1,194.191	44.213	2	0	0	0	0	0	1	1	0	0	1	3
2013/09/13-15:27:12	67	1,194.191	44.213	2	0	1	0	0	0	0	1	0	0	1	10
2013/09/13-15:28:31	67	1,194.191	44.213	1	0	0	0	0	0	1	1	0	0	1	3
2013/09/13-15:29:49	67	1,194.191	44.213	2	0	1	0	0	0	0	1	0	0	1	8
2013/09/13-15:31:15	67	1,194.191	44.213	2	0	1	0	0	0	0	1	0	0	1	10
2013/09/13-15:32:12	67	1,194.191	44.213	1	0	0	0	0	0	1	1	0	0	1	5
2013/09/13-15:32:58	67	1,194.191	44.213	1	0	0	0	0	0	1	1	0	0	1	5
2013/09/13-15:34:05	67	1,194.191	44.213	4	0	0	1	0	0	1	1	0	0	1	16
2013/09/13-15:34:41	67	1,194.191	44.213	2	0	0	0	0	0	1	1	0	0	1	3
2013/09/13-15:52:29	67	1,194.191	44.213	3	0	1	0	0	0	0	1	0	0	1	11
2013/09/13-15:52:59	67	1,194.191	44.213	1	0	0	0	0	0	1	1	0	0	1	4
2013/09/13-15:53:24	67	1,194.191	44.213	2	0	1	0	0	0	0	1	0	0	1	10
2013/09/13-15:53:53	67	1,194.191	44.213	1	0	1	0	0	0	0	1	0	0	1	8
2013/09/13-15:55:02	67	1,194.191	44.213	0	0	1	0	0	0	0	1	0	0	1	8
2013/09/13-16:24:59	67	1,196.056	42.807	1	0	1	0	0	0	0	1	0	0	1	9
2013/09/13-16:26:08	67	1,196.056	42.807	2	0	1	0	0	0	0	1	0	0	1	17
2013/09/13-16:27:06	67	1,196.056	42.807	4	0	1	0	0	0	0	1	0	0	1	22
2013/09/13-16:28:25	67	1,196.056	42.807	1	0	0	0	0	0	1	1	0	0	1	3
2013/09/13-16:29:04	67	1,196.056	42.807	2	0	0	0	0	0	1	1	0	0	1	4
2013/09/13-16:41:51	67	1,194.073	43.013	2	0	1	0	0	0	0	1	0	0	1	10
2013/09/13-16:42:27	67	1,194.073	43.013	2	0	1	0	0	0	0	1	0	0	1	9
2013/09/13-16:43:22	67	1,194.073	43.013	3	0	1	2	0	0	0	1	0	0	1	16
2013/09/13-16:44:17	67	1,194.073	43.013	2	0	1	0	0	0	0	1	0	0	1	9
2013/09/13-16:45:06	67	1,194.073	43.013	3	0	0	0	0	0	1	1	0	0	1	10
2013/09/13-16:58:29	67	1,194.073	43.013	2	0	1	0	0	0	0	1	0	0	1	12
2013/09/13-16:59:15	67	1,194.073	43.013	2	0	0	0	0	0	1	1	0	0	1	5
2013/09/13-16:59:41	67	1,194.073	43.013	1	0	0	1	0	0	1	1	0	0	1	10
2013/09/13-17:00:17	67	1,194.073	43.013	3	0	1	1	0	0	0	1	0	0	1	14
2013/09/13-17:01:36	67	1,194.073	43.013	2	0	1	0	0	0	0	1	0	0	1	8
2013/09/13-17:21:07	67	1,190.149	41.652	2	0	1	0	0	0	0	1	0	0	1	11
2013/09/13-17:22:26	67	1,190.149	41.652	2	0	1	0	0	0	0	1	0	0	1	8
2013/09/13-17:23:17	67	1,190.149	41.652	5	0	0	1	0	0	1	1	0	0	1	34
2013/09/13-17:24:10	67	1,190.149	41.652	5	0	1	1	0	0	0	1	0	0	1	34
2013/09/13-17:25:29	67	1,190.149	41.652	4	0	0	1	0	0	1	1	0	0	1	13
2013/09/13-18:15:58	67	1,190.149	41.652	2	0	0	0	0	0	1	1	0	0	1	4
2013/09/13-18:16:21	67	1,190.149	41.652	0	0	0	0	0	0	0	1	1	0	0	9
2013/09/13-18:16:48	67	1,190.149	41.652	4	0	0	0	0	0	1	1	0	0	1	12
2013/09/13-18:17:18	67	1,190.149	41.652	1	0	0	0	0	0	1	1	0	0	1	3
2013/09/13-18:17:43	67	1,190.149	41.652	2	0	1	0	0	0	0	1	0	0	1	8
2013/09/13-18:34:07	67	1,203.174	41.162	1	0	0	0	0	0	1	1	0	0	1	3
2013/09/13-18:34:36	67	1,203.174	41.162	2	0	0	0	0	0	1	1	0	0	1	5
2013/09/13-18:35:55	67	1,203.174	41.162	1	0	0	0	0	0	1	1	0	0	1	3
2013/09/13-18:36:57	67	1,203.174	41.162	0	0	1	0	0	0	0	1	0	0	1	5
2013/09/13-18:38:16	67	1,203.174	41.162	2	0	1	0	0	0	0	1	0	0	1	8
2013/09/13-21:08:48	67	1,198.412	45.235	2	0	0	0	0	0	0	1	1	0	0	6
2013/09/13-21:09:14	67	1,198.412	45.235	1	0	1	0	0	0	0	1	0	0	1	7
2013/09/13-21:09:43	67	1,198.412	45.235	2	0	1	0	0	0	0	1	0	0	1	21
2013/09/13-21:10:23	67	1,198.412	45.235	2	0	1	0	0	0	0	1	0	0	1	8
2013/09/13-21:10:49	67	1,198.412	45.235	0	0	0	0	0	0	0	1	1	0	0	9
2013/09/13-21:22:21	67	1,198.499	44.332	2	0	0	0	0	0	1	1	0	0	1	3
2013/09/13-21:22:46	67	1,198.499	44.332	2	0	1	0	0	0	0	1	0	0	1	8
2013/09/13-21:24:03	67	1,198.499	44.332	7	0	0	0	1	0	1	1	0	0	1	28
2013/09/13-21:24:50	67	1,198.499	44.332	2	0	0	0	0	0	1	1	0	0	1	3
2013/09/13-21:25:22	67	1,198.499	44.332	2	0	1	0	0	0	0	1	0	0	1	9
2013/09/13-21:30:32	67	1,198.499	44.332	2	0	0	1	0	0	0	1	1	0	0	8
2013/09/13-21:31:00	67	1,198.499	44.332	3	0	0	0	0	0	0	1	1	0	0	13
2013/09/13-21:31:32	67	1,198.499	44.332	2	0	1	0	0	0	0	1	0	0	1	14
2013/09/13-21:32:05	67	1,198.499	44.332	2	0	1	0	0	0	0	1	0	0	1	9
2013/09/13-21:32:33	67	1,198.499	44.332	1	0	1	0	0	0	0	1	0	0	1	13
2013/09/20-00:30:10	72	1,200.224	129.904	1	0	1	0	0	0	0	1	0	0	1	7
2013/09/20-00:31:31	72	1,200.224	129.904	0	0	1	0	0	0	0	1	0	0	1	6
2013/09/20-00:32:13	72	1,200.224	129.904	2	0	1	0	0	0	0	1	0	0	1	8
2013/09/20-00:33:32	72	1,200.224	129.904	1	0	0	0	0	0	1	1	0	0	1	4
2013/09/20-00:34:51	70	1,214.05	125.18	1	0	1	0	0	0	0	1	0	0	1	6
2013/09/20-00:43:55	70	1,214.05	125.18	1	0	1	1	0	0	0	1	0	0	1	23
2013/09/20-00:44:45	70	1,214.05	125.18	1	0	0	0	0	0	1	1	0	0	1	4
2013/09/20-00:45:15	70	1,214.05	125.18	5	0	1	0	0	0	0	1	0	0	1	18
2013/09/20-00:46:10	70	1,214.05	125.18	2	0	0	0	0	0	1	1	0	0	1	7
2013/09/20-00:46:44	70	1,214.05	125.18	0	0	1	0	0	0	0	1	0	0	1	3
2013/09/20-01:02:02	70	1,214.05	125.18	1	0	1	0	0	0	0	1	0	0	1	10
2013/09/20-01:02:30	70	1,214.05	125.18	1	0	0	0	0	0	1	1	0	0	1	4
2013/09/20-01:02:55	70	1,214.05	125.18	3	0	1	0	1	0	0	1	0	0	1	12
2013/09/20-01:03:27	70	1,214.05	125.18	0	0	1	0	0	0	0	1	0	0	1	3
2013/09/20-01:03:49	70	1,214.05	125.18	2	0	0	0	0	0	0	1	1	0	0	7
2013/09/20-01:19:32	72	1,205.97	106.014	1	0	1	0	0	0	0	1	0	0	1	9
2013/09/20-01:20:25	72	1,205.97	106.014	0	0	1	0	0	0	0	1	0	0	1	4
2013/09/20-01:20:51	72	1,205.97	106.014	1	0	0	0	0	0	0	1	1	0	0	8
2013/09/20-01:21:18	72	1,205.97	106.014	1	0	1	0	1	0	0	1	0	0	1	4
2013/09/20-01:21:45	72	1,205.97	106.014	1	0	1	0	0	0	0	1	0	0	1	7
2013/09/20-01:32:43	72	1,205.97	106.014	1	0	0	0	2	0	1	1	0	0	1	4
2013/09/20-01:33:06	70	1,251.108	94.847	4	0	0	0	0	0	1	1	0	0	1	11
2013/09/20-01:33:36	70	1,251.108	94.847	0	0	1	0	0	0	0	1	0	0	1	3
2013/09/20-01:33:58	70	1,251.108	94.847	1	0	0	0	1	0	1	1	0	0	1	3
2013/09/20-01:34:21	70	1,251.108	94.847	3	0	1	0	0	0	0	1	0	0	1	13
2013/09/20-01:44:16	70	1,251.108	94.847	1	0	1	0	1	0	0	1	0	0	1	4
2013/09/20-01:44:39	70	1,251.108	94.847	1	0	1	0	2	0	0	1	0	0	1	6
2013/09/20-01:45:04	70	1,251.108	94.847	1	0	0	1	0	0	0	1	1	0	0	22
2013/09/20-01:45:45	70	1,251.108	94.847	1	0	1	0	0	0	0	1	1	0	0	6
2013/09/20-01:46:10	70	1,251.108	94.847	1	0	0	0	0	0	1	1	0	0	1	4
2013/09/20-01:56:14	70	1,234.723	82.039	2	0	1	0	1	0	0	1	0	0	1	3
2013/09/20-01:56:39	70	1,234.723	82.039	3	0	1	0	0	0	0	1	0	0	1	12
2013/09/20-01:57:13	70	1,234.723	82.039	0	0	1	0	0	0	0	1	0	0	1	7
2013/09/20-01:57:41	70	1,234.723	82.039	1	0	1	0	0	0	0	1	0	0	1	8
2013/09/20-01:58:19	70	1,234.723	82.039	0	0	1	0	0	0	0	1	0	0	1	7
2013/09/20-02:17:39	70	1,234.723	82.039	1	0	1	0	0	0	0	1	0	0	1	9
2013/09/20-02:18:06	70	1,234.723	82.039	1	0	0	0	0	0	1	1	0	0	1	4
2013/09/20-02:18:34	70	1,234.723	82.039	2	0	1	0	0	0	0	1	0	0	1	9
2013/09/20-02:19:53	70	1,234.723	82.039	1	0	0	0	0	0	1	1	0	0	1	4
2013/09/20-02:20:15	70	1,234.723	82.039	1	0	0	0	0	0	1	1	0	0	1	7
2013/09/20-02:29:46	70	1,273.682	77.034	1	0	0	0	2	0	0	1	1	0	0	4
2013/09/20-02:30:10	70	1,273.682	77.034	1	0	1	0	1	0	0	1	0	0	1	7
2013/09/20-02:30:35	70	1,273.682	77.034	0	0	0	0	0	0	0	1	1	0	0	11
2013/09/20-02:31:05	70	1,273.682	77.034	1	0	0	0	0	0	1	1	0	0	1	4
2013/09/20-02:31:30	70	1,273.682	77.034	1	0	0	0	2	0	1	1	0	0	1	5
2013/09/20-02:51:51	70	1,285.404	72.849	1	0	0	0	0	0	1	1	0	0	1	5
2013/09/20-02:52:59	70	1,285.404	72.849	1	0	1	0	0	0	0	1	0	0	1	7
2013/09/20-02:53:24	70	1,285.404	72.849	2	0	1	0	0	0	0	1	0	0	1	10
2013/09/20-02:53:56	70	1,285.404	72.849	3	0	1	0	0	0	0	1	0	0	1	10
2013/09/20-02:54:50	70	1,285.404	72.849	1	0	1	0	0	0	0	1	0	0	1	7
2013/09/20-03:00:36	70	1,285.404	72.849	1	0	1	0	0	0	0	1	0	0	1	3
2013/09/20-03:00:58	70	1,285.404	72.849	2	0	1	0	0	0	0	1	0	0	1	12
2013/09/20-03:01:31	70	1,285.404	72.849	1	0	0	0	2	0	0	1	1	0	0	10
2013/09/20-03:02:00	70	1,285.404	72.849	1	0	0	0	0	0	1	1	0	0	1	5
2013/09/20-03:02:26	70	1,285.404	72.849	1	0	1	0	1	0	0	1	0	0	1	3
2013/09/20-03:15:10	70	1,285.404	72.849	1	0	1	0	1	0	0	1	0	0	1	9
2013/09/20-03:15:38	70	1,285.404	72.849	1	0	0	0	1	0	1	1	0	0	1	5
2013/09/20-03:16:04	70	1,285.404	72.849	1	0	0	0	1	0	1	1	0	0	1	3
2013/09/20-03:16:29	70	1,285.404	72.849	2	0	0	0	0	0	0	1	1	0	0	6
2013/09/20-03:16:54	70	1,285.404	72.849	1	0	0	0	1	0	0	1	1	0	0	6
2013/09/20-03:29:47	70	1,243.924	65.113	4	0	1	0	1	0	0	1	0	0	1	21
2013/09/20-03:30:27	70	1,243.924	65.113	2	0	1	0	0	0	0	1	0	0	1	8
2013/09/20-03:31:21	70	1,243.924	65.113	1	0	1	0	0	0	0	1	0	0	1	8
2013/09/20-03:32:24	70	1,243.924	65.113	0	0	0	0	0	0	0	1	1	0	0	3
2013/09/20-03:32:46	70	1,243.924	65.113	1	0	0	0	0	0	1	1	0	0	1	4
2013/09/20-03:59:20	70	1,291.433	63.435	0	0	1	0	0	0	0	1	0	0	1	9
2013/09/20-04:00:09	70	1,291.433	63.435	1	0	1	0	0	0	0	1	0	0	1	7
2013/09/20-04:00:35	70	1,291.433	63.435	1	0	1	0	0	0	0	1	0	0	1	9
2013/09/20-04:01:54	70	1,291.433	63.435	1	0	0	0	0	0	1	1	0	0	1	4
2013/09/20-04:02:42	70	1,291.433	63.435	2	0	1	0	0	0	0	1	0	0	1	10
2013/09/20-04:11:03	70	1,291.433	63.435	2	0	1	0	0	0	0	1	0	0	1	8
2013/09/20-04:12:17	70	1,291.433	63.435	5	0	1	0	2	0	0	1	0	0	1	18
2013/09/20-04:12:54	70	1,291.433	63.435	1	0	1	0	0	0	0	1	0	0	1	7
2013/09/20-04:13:19	70	1,291.433	63.435	1	0	1	0	0	0	0	1	0	0	1	11
2013/09/20-04:13:49	70	1,291.433	63.435	1	0	1	0	0	0	0	1	0	0	1	5
2013/09/20-04:18:18	68	1,314.428	59.584	0	0	1	0	0	0	0	1	0	0	1	6
2013/09/20-04:19:37	68	1,314.428	59.584	1	0	0	0	1	0	1	1	0	0	1	6
2013/09/20-04:20:02	68	1,314.428	59.584	1	0	1	0	0	0	0	1	0	0	1	19
2013/09/20-04:20:39	68	1,314.428	59.584	2	0	1	0	0	0	0	1	0	0	1	9
2013/09/20-04:21:35	68	1,314.428	59.584	1	0	1	0	0	0	0	1	0	0	1	3
2013/09/20-04:37:25	68	1,314.428	59.584	1	0	0	0	0	0	1	1	0	0	1	4
2013/09/20-04:37:59	68	1,314.428	59.584	2	0	1	0	0	0	0	1	0	0	1	8
2013/09/20-04:39:18	68	1,314.428	59.584	0	0	1	0	0	0	0	1	0	0	1	3
2013/09/20-04:39:40	68	1,314.428	59.584	4	0	0	0	0	0	1	1	0	0	1	12
2013/09/20-04:40:18	68	1,314.428	59.584	0	0	1	0	0	0	0	1	0	0	1	8
2013/09/20-04:57:07	65	1,325.047	57.628	3	0	0	0	0	0	1	1	0	0	1	9
2013/09/20-04:57:35	65	1,325.047	57.628	1	0	1	0	0	0	0	1	0	0	1	9
2013/09/20-04:58:03	65	1,325.047	57.628	1	0	1	0	1	0	0	1	0	0	1	13
2013/09/20-04:58:35	65	1,325.047	57.628	6	0	1	0	0	0	0	1	0	0	1	23
2013/09/20-04:59:17	65	1,325.047	57.628	0	0	1	0	0	0	0	1	0	0	1	12
2013/09/20-08:46:29	66	1,331.696	62.397	0	0	1	0	0	0	0	1	0	0	1	3
2013/09/20-08:46:52	66	1,331.696	62.397	0	0	1	0	0	0	0	1	0	0	1	4
2013/09/20-08:47:36	66	1,331.696	62.397	1	0	0	0	0	0	1	1	0	0	1	3
2013/09/20-08:48:22	66	1,331.696	62.397	1	0	0	0	0	0	1	1	0	0	1	8
2013/09/20-08:49:39	66	1,331.696	62.397	2	0	0	0	0	0	1	1	0	0	1	11
2013/09/20-08:51:03	66	1,331.696	62.397	2	0	1	0	0	0	0	1	0	0	1	14
2013/09/20-08:52:22	66	1,335.232	61.123	1	0	1	0	0	0	0	1	0	0	1	3
2013/09/20-08:52:44	66	1,335.232	61.123	0	0	1	0	0	0	0	1	0	0	1	9
2013/09/20-08:54:03	66	1,335.232	61.123	1	0	0	0	0	0	1	1	0	0	1	5
2013/09/20-08:54:49	66	1,335.232	61.123	1	0	1	0	1	0	0	1	0	0	1	4
2013/09/20-09:10:02	66	1,335.232	61.123	0	0	1	0	0	0	0	1	0	0	1	3
2013/09/20-09:10:25	66	1,335.232	61.123	1	0	1	0	0	0	0	1	0	0	1	3
2013/09/20-09:10:56	66	1,335.232	61.123	1	0	1	0	1	0	0	1	0	0	1	3
2013/09/20-09:11:55	66	1,335.232	61.123	1	0	1	0	0	0	0	1	0	0	1	9
2013/09/20-09:12:59	66	1,335.232	61.123	1	0	0	0	0	0	1	1	0	0	1	4
2013/09/20-12:46:49	66	1,335.957	64.086	2	0	1	0	0	0	0	1	0	0	1	13
2013/09/20-12:48:08	66	1,335.957	64.086	0	0	1	0	0	0	0	1	0	0	1	4
2013/09/20-12:48:38	66	1,335.957	64.086	0	0	1	0	0	0	0	1	0	0	1	3
2013/09/20-12:49:49	66	1,335.957	64.086	2	0	1	0	0	0	0	1	0	0	1	11
2013/09/20-12:50:19	65	1,349.199	63.043	1	0	1	0	1	0	0	1	0	0	1	4
2013/09/20-14:57:03	65	1,349.199	63.043	1	0	0	0	1	0	1	1	0	0	1	5
2013/09/20-14:57:28	65	1,349.199	63.043	1	0	1	0	0	0	0	1	0	0	1	7
2013/09/20-14:57:55	65	1,349.199	63.043	1	0	1	0	0	0	0	1	0	0	1	7
2013/09/20-14:58:21	65	1,349.199	63.043	1	0	0	0	0	0	1	1	0	0	1	4
2013/09/20-14:58:46	65	1,349.199	63.043	0	0	0	0	0	0	0	1	1	0	0	6
2013/09/20-15:16:14	64	1,359.777	60.753	1	0	0	0	0	0	1	1	0	0	1	4
2013/09/20-15:17:21	64	1,359.777	60.753	2	0	0	0	1	0	1	1	0	0	1	6
2013/09/20-15:17:46	64	1,359.777	60.753	1	0	1	0	0	0	0	1	0	0	1	3
2013/09/20-15:18:32	64	1,359.777	60.753	1	0	1	0	0	0	0	1	0	0	1	4
2013/09/20-15:19:28	64	1,359.777	60.753	4	0	0	0	1	0	1	1	0	0	1	10
2013/09/20-18:46:52	63	1,369.746	64.509	1	0	1	0	0	0	0	1	0	0	1	7
2013/09/20-18:48:12	63	1,369.746	64.509	3	0	1	0	0	0	0	1	0	0	1	25
2013/09/20-18:48:56	63	1,369.746	64.509	1	0	0	0	1	0	1	1	0	0	1	3
2013/09/20-18:49:24	63	1,369.746	64.509	2	0	0	0	0	0	1	1	0	0	1	4
2013/09/20-18:50:02	63	1,369.746	64.509	1	0	1	0	0	0	0	1	0	0	1	6
2013/09/20-19:03:30	63	1,369.746	64.509	1	0	0	0	1	0	0	1	1	0	0	14
2013/09/20-19:04:04	63	1,369.746	64.509	5	0	0	0	1	0	1	1	1	0	0	17
2013/09/20-19:04:40	63	1,369.746	64.509	1	0	0	0	1	0	1	1	0	0	1	5
2013/09/20-19:05:05	63	1,369.746	64.509	1	0	1	0	1	0	0	1	0	0	1	7
2013/09/20-19:05:32	63	1,369.746	64.509	1	0	0	0	1	0	0	1	1	0	0	6
2013/09/20-19:22:35	62	1,384.674	59.724	0	0	1	0	0	0	0	1	0	0	1	3
2013/09/20-19:23:00	62	1,384.674	59.724	2	0	1	0	0	0	0	1	0	0	1	12
2013/09/20-19:23:58	62	1,384.674	59.724	2	0	0	0	1	0	1	1	0	0	1	15
2013/09/20-19:24:32	62	1,384.674	59.724	1	0	1	0	0	0	0	1	0	0	1	8
2013/09/20-19:25:01	62	1,384.674	59.724	1	0	1	0	0	0	0	1	0	0	1	9
2013/09/20-19:41:10	62	1,375.915	57.2	1	0	1	0	1	0	0	1	0	0	1	6
2013/09/20-19:41:36	62	1,375.915	57.2	2	0	1	0	2	0	0	1	0	0	1	20
2013/09/20-19:42:15	62	1,375.915	57.2	3	0	0	0	1	0	1	1	0	0	1	10
2013/09/20-19:42:43	62	1,375.915	57.2	1	0	1	0	0	0	0	1	0	0	1	3
2013/09/20-19:43:06	62	1,375.915	57.2	1	0	1	0	0	0	0	1	0	0	1	6
2013/09/20-19:53:45	62	1,375.915	57.2	1	0	0	0	0	0	1	1	0	0	1	5
2013/09/20-19:54:37	62	1,375.915	57.2	2	0	1	0	0	0	0	1	0	0	1	8
2013/09/20-19:55:27	62	1,375.915	57.2	1	0	1	0	0	0	0	1	0	0	1	6
2013/09/20-19:55:52	62	1,375.915	57.2	1	0	1	0	0	0	0	1	0	0	1	3
2013/09/20-19:56:22	62	1,375.915	57.2	1	0	0	0	0	0	1	1	0	0	1	6
2013/09/20-20:04:55	62	1,375.915	57.2	1	0	0	0	1	0	1	1	0	0	1	4
2013/09/20-20:06:14	62	1,375.915	57.2	1	0	0	0	0	0	1	1	0	0	1	4
2013/09/20-20:06:55	62	1,375.915	57.2	0	0	1	0	0	0	0	1	0	0	1	8
2013/09/20-20:07:28	62	1,375.915	57.2	2	0	0	0	2	0	1	1	0	0	1	6
2013/09/20-20:07:54	62	1,375.915	57.2	2	0	1	0	0	0	0	1	0	0	1	8
2013/09/20-20:52:42	68	1,336.279	53.584	1	0	1	0	0	0	0	1	0	0	1	7
2013/09/20-20:53:24	68	1,336.279	53.584	1	0	0	0	0	0	1	1	0	0	1	4
2013/09/20-20:54:17	68	1,336.279	53.584	1	0	1	0	0	0	0	1	0	0	1	3
2013/09/20-20:55:23	68	1,336.279	53.584	1	0	1	0	0	0	0	1	0	0	1	8
2013/09/20-20:55:50	68	1,336.279	53.584	0	0	1	0	0	0	0	1	0	0	1	4
2013/09/20-21:08:38	68	1,336.279	53.584	1	0	0	0	1	0	0	1	1	0	0	6
2013/09/20-21:09:02	68	1,336.279	53.584	2	0	1	0	0	0	0	1	0	0	1	11
2013/09/20-21:09:32	68	1,336.279	53.584	1	0	0	0	1	0	0	1	1	0	0	4
2013/09/20-21:09:55	68	1,336.279	53.584	1	0	0	0	1	0	0	1	1	0	0	6
2013/09/20-21:10:20	68	1,336.279	53.584	1	0	0	0	1	0	0	1	1	0	0	5
2013/09/20-21:26:27	68	1,336.279	53.584	0	0	1	0	0	0	0	1	0	0	1	10
2013/09/20-21:26:58	68	1,336.279	53.584	2	0	0	0	0	0	0	1	1	0	0	9
2013/09/20-21:27:26	68	1,335.214	50.93	1	0	0	0	0	0	1	1	0	0	1	4
2013/09/20-21:27:52	68	1,335.214	50.93	1	0	0	0	0	0	0	1	1	0	0	6
2013/09/20-21:28:17	68	1,335.214	50.93	1	0	0	0	1	0	0	1	1	0	0	5
2013/12/27-13:30:19	78	1,331.85	71.48	1	0	0	0	0	0	1	1	0	0	1	4
2013/12/27-13:30:59	78	1,331.85	71.48	3	0	1	0	2	0	0	1	0	0	1	18
2013/12/27-13:31:36	78	1,331.85	71.48	1	0	0	0	1	0	1	1	0	0	1	8
2013/12/27-13:32:04	78	1,331.85	71.48	2	0	0	0	1	0	1	1	0	0	1	6
2013/12/27-13:32:28	78	1,331.85	71.48	2	0	0	0	1	0	1	1	0	0	1	6
2013/12/27-13:46:14	76	1,352.894	66.818	1	0	1	0	0	0	0	1	0	0	1	3
2013/12/27-13:46:56	76	1,352.894	66.818	2	0	1	0	0	0	0	1	0	0	1	19
2013/12/27-13:48:15	76	1,352.894	66.818	3	0	0	0	0	0	1	1	0	0	1	7
2013/12/27-13:48:41	76	1,352.894	66.818	0	0	1	0	0	0	0	1	0	0	1	3
2013/12/27-13:49:04	76	1,352.894	66.818	0	0	0	0	0	0	0	1	0	0	1	60
2013/12/27-14:04:09	76	1,352.894	66.818	2	0	0	0	1	0	1	1	0	0	1	6
2013/12/27-14:04:34	76	1,352.894	66.818	2	0	1	0	1	0	0	1	0	0	1	8
2013/12/27-14:05:53	76	1,352.894	66.818	2	0	0	0	0	0	1	1	0	0	1	6
2013/12/27-14:07:12	76	1,352.894	66.818	1	0	0	0	0	0	1	1	0	0	1	4
2013/12/27-14:08:31	76	1,352.894	66.818	2	0	0	0	2	0	1	1	0	0	1	6
2013/12/27-17:41:59	80	1,315.892	62.246	2	0	1	0	0	0	0	1	0	0	1	9
2013/12/27-17:42:34	80	1,315.892	62.246	1	0	0	0	0	0	1	1	0	0	1	6
2013/12/27-17:43:04	80	1,315.892	62.246	1	0	1	0	1	0	0	1	0	0	1	12
2013/12/27-17:43:35	80	1,315.892	62.246	1	0	1	0	0	0	0	1	0	0	1	9
2013/12/27-17:44:02	80	1,315.892	62.246	2	0	1	0	0	0	0	1	0	0	1	4
2013/12/27-17:48:17	80	1,315.892	62.246	2	0	1	0	0	0	0	1	0	0	1	10
2013/12/27-17:48:46	80	1,315.892	62.246	2	0	0	0	0	0	0	1	1	0	0	7
2013/12/27-17:49:13	80	1,315.892	62.246	4	0	0	0	0	0	1	1	0	0	1	10
2013/12/27-17:49:50	80	1,315.892	62.246	0	0	1	0	0	0	0	1	1	0	0	8
2013/12/27-17:50:17	80	1,315.892	62.246	0	0	1	0	0	0	0	1	0	0	1	6
2013/12/27-18:03:19	79	1,337.009	57.556	0	0	1	0	0	0	0	1	0	0	1	4
2013/12/27-18:03:45	79	1,337.009	57.556	2	0	1	0	0	0	0	1	0	0	1	8
2013/12/27-18:04:12	79	1,337.009	57.556	1	0	1	0	1	0	0	1	1	0	0	4
2013/12/27-18:04:35	79	1,337.009	57.556	6	0	0	0	1	0	0	1	1	0	0	20
2013/12/27-18:05:14	79	1,337.009	57.556	1	0	1	0	1	0	0	1	0	0	1	7
2013/12/28-12:09:36	76	1,340.21	80.175	2	0	1	0	0	0	0	1	0	0	1	10
2013/12/28-12:10:55	76	1,340.21	80.175	0	0	1	0	0	0	0	1	0	0	1	5
2013/12/28-12:11:19	76	1,340.21	80.175	7	0	0	0	1	0	1	1	0	0	1	33
2013/12/28-12:12:10	76	1,340.21	80.175	1	0	0	0	0	0	1	1	0	0	1	4
2013/12/28-12:12:37	76	1,340.21	80.175	1	0	0	0	0	0	0	1	1	0	0	7
2013/12/28-12:15:52	76	1,340.21	80.175	4	0	0	0	1	0	1	1	0	0	1	18
2013/12/28-12:16:29	76	1,340.21	80.175	4	0	0	0	0	0	0	1	1	0	0	14
2013/12/28-12:17:02	76	1,340.21	80.175	1	0	1	0	1	0	0	1	0	0	1	9
2013/12/28-12:17:30	76	1,340.21	80.175	1	0	0	0	1	0	1	1	0	0	1	6
2013/12/28-12:18:48	75	1,363.98	70.964	1	0	0	0	0	0	1	1	0	0	1	4
2013/12/28-12:29:39	75	1,363.98	70.964	1	0	1	0	1	0	0	1	0	0	1	3
2013/12/28-12:30:02	75	1,363.98	70.964	2	0	0	0	1	0	1	1	0	0	1	7
2013/12/28-12:30:37	75	1,363.98	70.964	1	0	0	0	1	0	1	1	0	0	1	5
2013/12/28-12:31:01	75	1,363.98	70.964	1	0	0	0	0	0	1	1	0	0	1	4
2013/12/28-12:31:41	75	1,363.98	70.964	1	0	1	0	0	0	0	1	0	0	1	10
2013/12/28-13:28:51	77	1,334.952	66.481	0	0	1	0	0	0	0	1	0	0	1	14
2013/12/28-13:29:24	77	1,334.952	66.481	6	0	1	4	0	0	0	1	0	0	1	43
2013/12/28-13:30:26	77	1,334.952	66.481	1	0	0	0	0	0	1	1	0	0	1	6
2013/12/28-13:30:51	77	1,334.952	66.481	1	0	0	0	2	0	1	1	1	0	0	3
2013/12/28-13:31:13	77	1,334.952	66.481	1	0	1	0	0	0	0	1	0	0	1	9
2013/12/28-13:46:34	77	1,334.952	66.481	1	0	1	0	2	0	0	1	0	0	1	5
2013/12/28-13:46:58	77	1,334.952	66.481	5	0	1	3	0	0	0	1	0	0	1	15
2013/12/28-13:48:17	77	1,334.952	66.481	1	0	1	0	1	0	0	1	0	0	1	3
2013/12/28-13:48:44	77	1,334.952	66.481	1	0	0	0	0	0	1	1	0	0	1	5
2013/12/28-13:49:23	77	1,334.952	66.481	2	0	1	0	0	0	0	1	0	0	1	6
2013/12/28-13:56:56	74	1,359.213	62.019	0	0	1	0	0	0	0	1	0	0	1	3
2013/12/28-13:57:41	74	1,359.213	62.019	0	0	1	0	0	0	0	1	0	0	1	7
2013/12/28-13:58:06	74	1,359.213	62.019	1	0	1	0	0	0	0	1	0	0	1	10
2013/12/28-13:58:36	74	1,359.213	62.019	2	0	0	0	0	0	1	1	0	0	1	6
2013/12/28-13:59:38	74	1,359.213	62.019	0	0	0	0	0	0	0	1	1	0	0	3
2013/12/28-17:51:47	71	1,370.444	64.254	3	0	0	0	1	0	1	1	0	0	1	13
2013/12/28-17:52:20	71	1,370.444	64.254	1	0	0	0	0	0	0	1	1	0	0	4
2013/12/28-17:52:43	71	1,370.444	64.254	1	0	0	0	0	0	1	1	0	0	1	4
2013/12/28-17:53:15	71	1,370.444	64.254	2	0	1	0	1	0	0	1	0	0	1	17
2013/12/28-17:53:51	71	1,370.444	64.254	1	0	0	0	1	0	1	1	0	0	1	4
2013/12/28-18:00:26	71	1,370.444	64.254	1	0	0	0	0	0	1	1	0	0	1	3
2013/12/28-18:00:57	71	1,370.444	64.254	3	0	0	0	2	0	0	1	1	0	0	17
2013/12/28-18:01:33	71	1,370.444	64.254	1	0	1	0	0	0	0	1	0	0	1	4
2013/12/28-18:01:58	71	1,370.444	64.254	1	0	1	0	0	0	0	1	0	0	1	8
2013/12/28-18:02:26	71	1,370.444	64.254	1	0	0	0	1	0	1	1	0	0	1	3
2013/12/28-18:11:46	73	1,366.949	58.269	1	0	1	0	1	0	0	1	0	0	1	10
2013/12/28-18:12:18	73	1,366.949	58.269	1	0	0	0	0	0	1	1	0	0	1	4
2013/12/28-18:12:49	73	1,366.949	58.269	1	0	1	0	0	0	0	1	0	0	1	12
2013/12/28-18:13:22	73	1,366.949	58.269	1	0	1	0	0	0	0	1	0	0	1	6
2013/12/28-18:13:47	73	1,366.949	58.269	2	0	1	0	0	0	0	1	0	0	1	11
2013/12/29-02:02:22	77	1,347.359	67.544	1	0	1	0	0	0	0	1	0	0	1	8
2013/12/29-02:02:56	77	1,347.359	67.544	1	0	0	0	0	0	1	1	0	0	1	5
2013/12/29-02:03:32	77	1,347.359	67.544	2	0	1	0	0	0	0	1	0	0	1	10
2013/12/29-02:04:19	77	1,347.359	67.544	1	0	0	0	0	0	1	1	0	0	1	3
2013/12/29-02:04:48	77	1,347.359	67.544	1	0	1	0	0	0	0	1	0	0	1	6
2013/12/29-02:05:20	77	1,347.359	67.544	6	0	1	0	1	0	0	1	0	0	1	15
2013/12/29-02:06:39	77	1,347.359	67.544	2	0	0	0	0	0	1	1	0	0	1	7
2013/12/29-02:07:36	77	1,347.359	67.544	0	0	1	0	0	0	0	1	0	0	1	7
2013/12/29-02:08:02	77	1,347.359	67.544	1	0	0	0	0	0	1	1	0	0	1	3
2013/12/29-02:08:24	77	1,347.359	67.544	2	0	1	0	0	0	0	1	0	0	1	6
2013/12/29-02:19:45	77	1,347.359	67.544	2	0	1	0	0	0	0	1	0	0	1	8
2013/12/29-02:21:05	77	1,347.359	67.544	4	0	0	0	1	0	1	1	0	0	1	11
2013/12/29-02:21:49	77	1,347.359	67.544	0	0	0	0	0	0	0	1	1	0	0	4
2013/12/29-02:22:12	77	1,347.359	67.544	2	0	0	0	1	0	1	1	0	0	1	6
2013/12/29-02:22:40	77	1,347.359	67.544	2	0	0	0	0	0	1	1	0	0	1	4
2013/12/29-08:21:33	81	1,309.079	68.796	8	0	0	0	1	0	0	1	1	0	0	20
2013/12/29-08:22:12	81	1,309.079	68.796	2	0	0	0	2	0	0	1	1	0	0	6
2013/12/29-08:22:37	81	1,309.079	68.796	2	0	1	0	2	0	0	1	0	0	1	12
2013/12/29-08:23:08	81	1,309.079	68.796	1	0	0	0	2	0	0	1	1	0	0	8
2013/12/29-08:23:35	81	1,309.079	68.796	1	0	0	0	0	0	1	1	0	0	1	7
2013/12/29-08:37:07	81	1,309.079	68.796	0	0	0	0	0	0	0	1	1	0	0	8
2013/12/29-08:37:34	81	1,309.079	68.796	1	0	1	0	0	0	0	1	1	0	0	9
2013/12/29-08:38:02	81	1,309.079	68.796	1	0	0	0	0	0	1	1	0	0	1	4
2013/12/29-08:38:29	81	1,309.079	68.796	3	0	0	0	1	0	1	1	0	0	1	9
2013/12/29-08:39:02	81	1,309.079	68.796	1	0	0	0	0	0	0	1	1	0	0	11
2013/12/29-08:50:41	81	1,322.192	62.418	1	0	0	0	1	0	0	1	1	0	0	5
2013/12/29-08:51:05	81	1,322.192	62.418	1	0	0	0	1	0	0	1	1	0	0	8
2013/12/29-08:51:32	81	1,322.192	62.418	1	0	0	0	1	0	0	1	1	0	0	8
2013/12/29-08:51:59	81	1,322.192	62.418	2	0	1	0	2	0	0	1	1	0	0	8
2013/12/29-08:52:26	81	1,322.192	62.418	1	0	0	0	1	0	1	1	0	0	1	5
2013/12/30-03:52:00	77	1,338.448	79.779	1	0	1	0	0	0	0	1	0	0	1	11
2013/12/30-03:52:33	77	1,338.448	79.779	2	0	1	0	0	0	0	1	0	0	1	11
2013/12/30-03:53:18	77	1,338.448	79.779	3	0	0	1	0	0	0	1	1	0	0	7
2013/12/30-03:53:43	77	1,338.448	79.779	2	0	0	0	0	0	1	1	0	0	1	5
2013/12/30-03:54:11	77	1,338.448	79.779	3	0	1	0	0	0	0	1	0	0	1	14
2013/12/30-04:00:53	77	1,338.448	79.779	2	0	1	0	0	0	0	1	0	0	1	10
2013/12/30-04:01:42	77	1,338.448	79.779	4	0	1	0	0	0	0	1	0	0	1	20
2013/12/30-04:03:01	77	1,338.448	79.779	3	0	1	1	0	0	0	1	0	0	1	15
2013/12/30-04:04:13	77	1,338.448	79.779	2	0	0	0	0	0	1	1	0	0	1	4
2013/12/30-04:05:03	77	1,338.448	79.779	0	0	1	0	0	0	0	1	0	0	1	4
2013/12/30-04:15:19	77	1,338.448	79.779	3	0	1	0	0	0	0	1	0	0	1	14
2013/12/30-04:15:52	77	1,338.448	79.779	1	0	0	0	0	0	1	1	0	0	1	6
2013/12/30-04:16:24	77	1,338.448	79.779	3	0	0	0	0	0	0	1	1	0	0	14
2013/12/30-04:16:57	77	1,338.448	79.779	2	0	1	0	0	0	0	1	0	0	1	11
2013/12/30-04:17:38	77	1,338.448	79.779	5	0	0	2	0	0	1	1	0	0	1	17
2013/12/30-10:58:29	80	1,284.29	76.658	4	0	0	0	0	0	1	1	0	0	1	14
2013/12/30-10:59:46	80	1,284.29	76.658	3	0	1	0	0	0	0	1	0	0	1	21
2013/12/30-11:01:05	80	1,284.29	76.658	2	0	1	0	0	0	0	1	0	0	1	11
2013/12/30-11:02:24	80	1,284.29	76.658	2	0	1	0	0	0	0	1	0	0	1	15
2013/12/30-11:03:43	80	1,284.29	76.658	2	0	1	0	0	0	0	1	0	0	1	10
2013/12/30-11:26:39	80	1,284.29	76.658	1	0	0	0	0	0	1	1	0	0	1	3
2013/12/30-11:27:37	80	1,284.29	76.658	3	0	1	1	0	0	0	1	0	0	1	13
2013/12/30-11:28:54	80	1,284.29	76.658	4	0	0	1	0	0	0	1	1	0	0	16
2013/12/30-11:29:28	80	1,284.29	76.658	3	0	0	2	0	0	1	1	0	0	1	17
2013/12/30-11:30:04	80	1,284.29	76.658	2	0	1	0	0	0	0	1	0	0	1	17
2013/12/30-11:43:15	78	1,298.56	71.596	1	0	0	0	1	0	1	1	0	0	1	7
2013/12/30-11:43:41	78	1,298.56	71.596	2	0	1	0	0	0	0	1	0	0	1	11
2013/12/30-11:44:11	78	1,298.56	71.596	2	0	1	0	0	0	0	1	0	0	1	10
2013/12/30-11:44:40	78	1,298.56	71.596	3	0	0	0	0	0	1	1	0	0	1	9
2013/12/30-11:45:07	78	1,298.56	71.596	2	0	1	0	0	0	0	1	0	0	1	11
2013/12/30-19:28:50	79	1,298.588	76.023	2	0	1	0	0	0	0	1	0	0	1	10
2013/12/30-19:30:01	79	1,298.588	76.023	8	0	0	3	0	0	0	1	1	0	0	60
2013/12/30-19:31:20	79	1,298.588	76.023	4	0	0	2	0	0	1	1	0	0	1	10
2013/12/30-19:32:39	79	1,298.588	76.023	3	0	1	0	0	0	0	1	0	0	1	14
2013/12/30-19:33:17	79	1,298.588	76.023	2	0	1	1	0	0	0	1	0	0	1	10
2013/12/30-19:42:38	79	1,298.588	76.023	5	0	0	2	0	0	0	1	1	0	0	25
2013/12/30-19:43:22	79	1,298.588	76.023	2	0	1	0	0	0	0	1	0	0	1	18
2013/12/30-19:44:44	79	1,298.588	76.023	2	0	1	0	0	0	0	1	0	0	1	16
2013/12/30-19:46:06	79	1,298.588	76.023	4	0	1	1	0	0	0	1	0	0	1	23
2013/12/30-19:46:48	79	1,298.588	76.023	2	0	1	0	0	0	0	1	0	0	1	10
2013/12/30-19:59:56	79	1,298.588	76.023	4	0	1	0	0	0	0	1	0	0	1	21
2013/12/30-20:00:36	79	1,298.588	76.023	2	0	1	0	0	0	0	1	0	0	1	11
2013/12/30-20:01:14	79	1,298.588	76.023	2	0	1	0	0	0	0	1	0	0	1	11
2013/12/30-20:01:52	79	1,298.588	76.023	3	0	0	1	0	0	0	1	1	0	0	8
2013/12/30-20:02:19	79	1,298.588	76.023	3	0	1	0	0	0	0	1	0	0	1	13
2013/12/30-20:19:55	81	1,282.82	65.378	3	0	0	0	0	0	0	1	1	0	0	8
2013/12/30-20:20:22	81	1,282.82	65.378	2	0	0	0	1	0	0	1	1	0	0	8
2013/12/30-20:20:49	81	1,282.82	65.378	2	0	0	0	0	0	0	1	1	0	0	8
2013/12/30-20:21:16	81	1,282.82	65.378	2	0	0	0	0	0	0	1	1	0	0	8
2013/12/30-20:21:43	81	1,282.82	65.378	3	0	0	0	0	0	0	1	1	0	0	8
2013/12/30-20:34:56	78	1,316.505	61.97	2	0	0	0	0	0	0	1	1	0	0	8
2013/12/30-20:35:23	78	1,316.505	61.97	2	0	0	0	0	0	0	1	1	0	0	12
2013/12/30-20:35:55	78	1,316.505	61.97	2	0	1	0	0	0	0	1	0	0	1	12
2013/12/30-20:36:26	78	1,316.505	61.97	2	0	0	0	0	0	0	1	1	0	0	8
2013/12/30-20:36:53	78	1,316.505	61.97	2	0	1	0	0	0	0	1	0	0	1	11
2013/12/30-20:47:01	78	1,316.505	61.97	1	0	0	0	1	0	1	1	1	0	0	11
2013/12/30-20:47:31	78	1,316.505	61.97	0	0	0	0	0	0	0	1	1	0	0	9
2013/12/30-20:48:00	78	1,316.505	61.97	3	0	1	1	0	0	0	1	0	0	1	15
2013/12/30-20:48:34	78	1,316.505	61.97	1	0	0	0	0	0	0	1	1	0	0	60
2013/12/30-20:49:53	78	1,316.505	61.97	3	0	0	1	0	0	0	1	1	0	0	9
2013/12/31-13:34:29	76	1,351.344	78.126	1	0	0	0	0	0	1	1	0	0	1	3
2013/12/31-13:35:08	76	1,351.344	78.126	3	0	1	0	0	0	0	1	0	0	1	10
2013/12/31-13:35:42	76	1,351.344	78.126	0	0	1	0	0	0	0	1	0	0	1	6
2013/12/31-13:36:08	76	1,351.344	78.126	2	0	0	0	0	0	1	1	0	0	1	5
2013/12/31-13:37:11	76	1,351.344	78.126	1	0	0	0	1	0	1	1	0	0	1	6
2013/12/31-13:42:18	76	1,351.344	78.126	1	0	0	0	1	0	1	1	0	0	1	5
2013/12/31-13:43:37	76	1,351.344	78.126	1	0	1	0	2	0	0	1	0	0	1	3
2013/12/31-13:44:00	76	1,351.344	78.126	1	0	0	0	0	0	1	1	0	0	1	4
2013/12/31-13:45:18	76	1,351.344	78.126	4	0	1	0	0	0	0	1	0	0	1	18
2013/12/31-13:46:37	76	1,351.344	78.126	3	0	0	0	2	0	1	1	0	0	1	9
2013/12/31-13:56:18	80	1,308.266	70.911	1	0	0	0	1	0	1	1	0	0	1	7
2013/12/31-13:56:44	80	1,308.266	70.911	1	0	0	0	1	0	1	1	0	0	1	4
2013/12/31-13:57:06	80	1,308.266	70.911	1	0	0	0	1	0	0	1	1	0	0	8
2013/12/31-13:57:33	80	1,308.266	70.911	1	0	0	0	1	0	1	1	1	0	0	5
2013/12/31-13:57:57	80	1,308.266	70.911	1	0	0	0	0	0	1	1	0	0	1	5
2013/12/31-17:46:07	81	1,294.335	72.006	0	0	1	0	0	0	0	1	0	0	1	6
2013/12/31-17:46:33	81	1,294.335	72.006	2	0	0	0	0	0	1	1	0	0	1	6
2013/12/31-17:47:28	81	1,294.335	72.006	3	0	1	0	0	0	0	1	0	0	1	17
2013/12/31-17:48:16	81	1,294.335	72.006	1	0	0	0	0	0	1	1	0	0	1	9
2013/12/31-17:49:34	81	1,294.335	72.006	1	0	1	0	0	0	0	1	0	0	1	6
2013/12/31-17:57:37	80	1,309.67	69.625	3	0	1	0	1	0	0	1	0	0	1	12
2013/12/31-17:58:07	80	1,309.67	69.625	2	0	1	0	0	0	0	1	0	0	1	10
2013/12/31-17:58:36	80	1,309.67	69.625	0	0	1	0	0	0	0	1	0	0	1	3
2013/12/31-17:58:57	80	1,309.67	69.625	1	0	0	0	1	0	1	1	0	0	1	5
2013/12/31-17:59:29	80	1,309.67	69.625	1	0	0	0	1	0	0	1	1	0	0	8
2013/12/31-18:14:30	80	1,309.67	69.625	4	0	0	1	0	0	1	1	0	0	1	13
2013/12/31-18:15:11	80	1,309.67	69.625	1	0	1	0	1	0	0	1	0	0	1	8
2013/12/31-18:15:39	80	1,309.67	69.625	1	0	0	0	0	0	1	1	0	0	1	6
2013/12/31-18:16:22	80	1,309.67	69.625	1	0	1	0	1	0	0	1	0	0	1	6
2013/12/31-18:17:02	80	1,309.67	69.625	1	0	1	0	0	0	0	1	0	0	1	7
2013/12/31-21:44:31	79	1,328.798	69.823	0	0	1	0	0	0	0	1	0	0	1	6
2013/12/31-21:45:04	79	1,328.798	69.823	1	0	0	0	0	0	1	1	0	0	1	4
2013/12/31-21:45:56	79	1,328.798	69.823	5	0	0	2	1	0	1	1	0	0	1	20
2013/12/31-21:47:15	79	1,328.798	69.823	0	0	1	0	0	0	0	1	0	0	1	4
2013/12/31-21:47:37	79	1,328.798	69.823	1	0	0	0	0	0	1	1	0	0	1	7
2013/12/31-21:56:35	79	1,328.798	69.823	1	0	0	0	1	0	1	1	0	0	1	5
2013/12/31-21:57:54	79	1,328.798	69.823	1	0	1	0	0	0	0	1	0	0	1	8
2013/12/31-21:58:34	79	1,328.798	69.823	3	0	1	0	0	0	0	1	0	0	1	14
2013/12/31-21:59:17	79	1,328.798	69.823	1	0	1	0	0	0	0	1	0	0	1	6
2013/12/31-21:59:42	79	1,328.798	69.823	2	0	1	0	0	0	0	1	0	0	1	8
2013/12/31-22:12:55	79	1,328.798	69.823	1	0	0	0	1	0	0	1	1	0	0	8
2013/12/31-22:13:21	79	1,328.798	69.823	1	0	0	0	1	0	1	1	1	0	0	5
2013/12/31-22:13:45	79	1,328.798	69.823	2	0	0	0	3	0	0	1	1	0	0	6
2013/12/31-22:14:10	79	1,328.798	69.823	1	0	0	0	0	0	1	1	0	0	1	5
2013/12/31-22:14:37	79	1,328.798	69.823	2	0	0	0	1	0	1	1	0	0	1	6
2014/01/01-02:00:59	79	1,316.764	68.589	2	0	1	0	0	0	0	1	0	0	1	10
2014/01/01-02:01:34	79	1,316.764	68.589	1	0	0	0	0	0	1	1	0	0	1	3
2014/01/01-02:02:09	79	1,316.764	68.589	0	0	1	0	0	0	0	1	0	0	1	5
2014/01/01-02:02:35	79	1,316.764	68.589	0	0	1	0	0	0	0	1	0	0	1	11
2014/01/01-02:03:05	79	1,316.764	68.589	3	0	0	0	0	0	1	1	0	0	1	10
2014/01/01-02:10:05	79	1,316.764	68.589	2	0	1	0	0	0	0	1	0	0	1	12
2014/01/01-02:11:13	79	1,316.764	68.589	1	0	1	0	0	0	0	1	0	0	1	10
2014/01/01-02:12:30	79	1,316.764	68.589	6	0	1	0	1	0	0	1	1	0	0	23
2014/01/01-02:13:12	79	1,316.764	68.589	2	0	1	0	1	0	0	1	0	0	1	12
2014/01/01-02:13:42	79	1,316.764	68.589	2	0	1	0	0	0	0	1	0	0	1	9
2014/01/01-02:23:10	77	1,354.909	63.405	1	0	0	0	0	0	1	1	0	0	1	4
2014/01/01-02:23:40	77	1,354.909	63.405	2	0	1	0	1	0	0	1	0	0	1	7
2014/01/01-02:24:06	77	1,354.909	63.405	0	0	1	0	0	0	0	1	0	0	1	7
2014/01/01-02:24:40	77	1,354.909	63.405	3	0	1	0	0	0	0	1	0	0	1	18
2014/01/01-02:25:41	77	1,354.909	63.405	2	0	0	0	0	0	1	1	0	0	1	7
2014/01/01-06:49:59	79	1,336.609	67.413	2	0	1	0	0	0	0	1	0	0	1	14
2014/01/01-06:50:56	79	1,336.609	67.413	1	0	0	0	0	0	1	1	0	0	1	5
2014/01/01-06:51:34	79	1,336.609	67.413	1	0	1	0	1	0	0	1	0	0	1	9
2014/01/01-06:52:19	79	1,336.609	67.413	0	0	1	0	0	0	0	1	0	0	1	6
2014/01/01-06:52:48	79	1,336.609	67.413	1	0	1	0	0	0	0	1	0	0	1	10
2014/01/01-07:06:57	79	1,336.609	67.413	3	0	0	0	1	0	0	1	1	0	0	9
2014/01/01-07:07:24	79	1,336.609	67.413	1	0	0	0	0	0	1	1	0	0	1	6
2014/01/01-07:07:51	79	1,336.609	67.413	1	0	0	0	1	0	0	1	1	0	0	5
2014/01/01-07:08:15	79	1,336.609	67.413	1	0	1	0	0	0	0	1	0	0	1	4
2014/01/01-07:08:38	79	1,336.609	67.413	1	0	0	0	0	0	1	1	0	0	1	3
2014/01/01-07:20:29	80	1,312.551	62.598	3	0	1	0	1	0	0	1	0	0	1	8
2014/01/01-07:20:56	80	1,312.551	62.598	1	0	0	0	2	0	1	1	0	0	1	3
2014/01/01-07:21:18	80	1,312.551	62.598	1	0	1	0	2	0	0	1	0	0	1	9
2014/01/01-07:21:46	80	1,312.551	62.598	1	0	0	0	2	0	1	1	0	0	1	7
2014/01/01-07:22:12	80	1,312.551	62.598	2	0	1	0	0	0	0	1	0	0	1	11
2014/01/01-10:58:02	81	1,325.039	64.526	1	0	0	0	0	0	1	1	0	0	1	4
2014/01/01-10:58:48	81	1,325.039	64.526	2	0	1	0	0	0	0	1	0	0	1	11
2014/01/01-10:59:22	81	1,325.039	64.526	1	0	1	0	0	0	0	1	0	0	1	9
2014/01/01-10:59:50	81	1,325.039	64.526	1	0	0	0	0	0	1	1	0	0	1	12
2014/01/01-11:00:21	81	1,325.039	64.526	1	0	0	0	0	0	1	1	0	0	1	5
2014/01/01-11:05:15	81	1,325.039	64.526	1	0	0	0	0	0	1	1	0	0	1	6
2014/01/01-11:05:44	81	1,325.039	64.526	1	0	1	0	1	0	0	1	0	0	1	9
2014/01/01-11:06:11	81	1,325.039	64.526	1	0	0	0	2	0	0	1	1	0	0	8
2014/01/01-11:06:38	81	1,325.039	64.526	1	0	0	0	0	0	1	1	0	0	1	3
2014/01/01-11:07:05	81	1,325.039	64.526	1	0	1	0	2	0	0	1	0	0	1	10
2014/01/01-11:20:30	80	1,336.131	60.176	2	0	0	0	0	0	0	1	1	0	0	8
2014/01/01-11:20:57	80	1,336.131	60.176	2	0	0	0	0	0	0	1	1	0	0	8
2014/01/01-11:21:24	80	1,336.131	60.176	1	0	0	0	1	0	0	1	1	0	0	6
2014/01/01-11:21:48	80	1,336.131	60.176	2	0	0	0	0	0	0	1	1	0	0	8
2014/01/01-11:22:15	80	1,336.131	60.176	2	0	1	0	0	0	0	1	0	0	1	3
2014/01/01-15:03:54	79	1,343.789	63.327	3	0	0	0	2	0	1	1	0	0	1	7
2014/01/01-15:04:21	79	1,343.789	63.327	1	0	0	0	0	0	1	1	0	0	1	3
2014/01/01-15:04:47	79	1,343.789	63.327	4	0	0	0	0	0	1	1	0	0	1	14
2014/01/01-15:05:53	79	1,343.789	63.327	1	0	0	0	0	0	1	1	0	0	1	18
2014/01/01-15:06:30	79	1,343.789	63.327	1	0	1	0	0	0	0	1	0	0	1	4
2014/01/01-22:04:45	77	1,364.306	62.55	1	0	1	0	0	0	0	1	0	0	1	7
2014/01/01-22:05:18	77	1,364.306	62.55	0	0	1	0	0	0	0	1	0	0	1	3
2014/01/01-22:05:43	77	1,364.306	62.55	1	0	1	0	1	0	0	1	0	0	1	6
2014/01/01-22:06:08	77	1,364.306	62.55	1	0	0	0	0	0	1	1	0	0	1	4
2014/01/01-22:07:07	77	1,364.306	62.55	1	0	1	0	0	0	0	1	0	0	1	6
2014/01/01-22:19:25	78	1,355.719	60.364	1	0	0	0	2	0	0	1	1	0	0	5
2014/01/01-22:19:50	78	1,355.719	60.364	1	0	1	0	0	0	0	1	0	0	1	5
2014/01/01-22:21:09	78	1,355.719	60.364	1	0	0	0	0	0	1	1	0	0	1	4
2014/01/01-22:21:45	78	1,355.719	60.364	2	0	0	0	1	0	1	1	0	0	1	12
2014/01/01-22:22:15	78	1,355.719	60.364	1	0	1	0	1	0	0	1	0	0	1	6
2014/01/01-22:29:55	78	1,355.719	60.364	1	0	1	0	1	0	0	1	0	0	1	9
2014/01/01-22:30:31	78	1,355.719	60.364	1	0	0	0	1	0	1	1	0	0	1	3
2014/01/01-22:30:58	78	1,355.719	60.364	5	0	0	1	1	0	1	1	0	0	1	13
2014/01/01-22:31:30	78	1,355.719	60.364	1	0	0	0	2	0	1	1	0	0	1	7
2014/01/01-22:31:56	78	1,355.719	60.364	1	0	0	0	1	0	0	1	1	0	0	6
2014/01/02-03:05:30	79	1,341.21	62.83	1	0	1	0	1	0	0	1	0	0	1	3
2014/01/02-03:05:53	79	1,341.21	62.83	1	0	1	0	0	0	0	1	0	0	1	6
2014/01/02-03:06:18	79	1,341.21	62.83	0	0	1	0	0	0	0	1	0	0	1	6
2014/01/02-03:06:54	79	1,341.21	62.83	2	0	1	0	0	0	0	1	0	0	1	10
2014/01/02-03:08:12	79	1,341.21	62.83	9	0	0	0	1	0	1	1	0	0	1	34
2014/01/02-03:22:27	79	1,341.21	62.83	1	0	0	0	1	0	0	1	1	0	0	7
2014/01/02-03:22:53	79	1,341.21	62.83	7	0	0	0	1	0	0	1	1	0	0	22
2014/01/02-03:23:34	79	1,341.21	62.83	0	0	1	0	0	0	0	1	0	0	1	11
2014/01/02-03:24:03	79	1,341.21	62.83	0	0	1	0	0	0	0	1	0	0	1	3
2014/01/02-03:24:30	79	1,341.21	62.83	6	0	1	0	1	0	0	1	0	0	1	25
2014/01/02-03:34:39	79	1,348.781	57.545	1	0	0	0	0	0	1	1	0	0	1	5
2014/01/02-03:35:09	79	1,348.781	57.545	3	0	0	0	1	0	0	1	1	0	0	19
2014/01/02-03:35:47	79	1,348.781	57.545	1	0	0	0	0	0	1	1	0	0	1	5
2014/01/02-03:36:12	79	1,348.781	57.545	1	0	1	0	2	0	0	1	0	0	1	11
2014/01/02-03:36:41	79	1,348.781	57.545	1	0	0	0	1	0	0	1	1	0	0	3
2014/01/02-08:06:34	78	1,354.209	60.349	3	0	0	1	0	0	1	1	0	0	1	9
2014/01/02-08:07:17	78	1,354.209	60.349	1	0	1	0	0	0	0	1	0	0	1	6
2014/01/02-08:07:55	78	1,354.209	60.349	1	0	1	0	0	0	0	1	0	0	1	6
2014/01/02-08:08:30	78	1,354.209	60.349	0	0	1	0	0	0	0	1	0	0	1	5
2014/01/02-08:08:53	78	1,354.209	60.349	2	0	0	0	1	0	1	1	0	0	1	6
2014/01/02-08:18:44	78	1,343.526	57.868	2	0	0	0	0	0	1	1	0	0	1	7
2014/01/02-08:19:10	78	1,343.526	57.868	4	0	0	0	2	0	0	1	1	0	0	8
2014/01/02-08:19:38	78	1,343.526	57.868	0	0	0	0	0	0	0	1	1	0	0	8
2014/01/02-08:20:04	78	1,343.526	57.868	5	0	0	0	0	0	0	1	1	0	0	13
2014/01/02-08:20:36	78	1,343.526	57.868	2	0	0	0	2	0	0	1	1	0	0	6
2014/01/02-08:30:23	78	1,343.526	57.868	2	0	0	0	1	0	1	1	0	0	1	6
2014/01/02-08:30:48	78	1,343.526	57.868	9	0	0	0	0	0	1	1	0	0	1	36
2014/01/02-08:31:43	78	1,343.526	57.868	1	0	0	0	1	0	1	1	0	0	1	3
2014/01/02-08:32:13	78	1,343.526	57.868	2	0	1	0	1	0	0	1	0	0	1	12
2014/01/02-08:32:44	78	1,343.526	57.868	1	0	1	0	0	0	0	1	0	0	1	7
2014/01/02-12:14:47	75	1,359.115	59.924	6	0	1	0	1	0	0	1	0	0	1	26
2014/01/02-12:16:06	75	1,359.115	59.924	0	0	1	0	0	0	0	1	0	0	1	11
2014/01/02-12:16:37	75	1,359.115	59.924	1	0	1	0	1	0	0	1	0	0	1	10
2014/01/02-12:17:06	75	1,359.115	59.924	2	0	1	0	0	0	0	1	0	0	1	11
2014/01/02-12:18:10	75	1,359.115	59.924	1	0	1	0	1	0	0	1	0	0	1	9
2014/01/02-12:30:41	75	1,359.115	59.924	1	0	1	0	1	0	0	1	0	0	1	4
2014/01/02-12:31:03	75	1,359.115	59.924	1	0	0	0	1	0	1	1	1	0	0	7
2014/01/02-12:31:29	75	1,359.115	59.924	4	0	0	0	1	0	0	1	1	0	0	14
2014/01/02-12:32:02	75	1,359.115	59.924	1	0	0	0	1	0	0	1	1	0	0	8
2014/01/02-12:32:29	75	1,359.115	59.924	1	0	0	0	0	0	0	1	1	0	0	9
2014/01/02-12:46:49	75	1,382.732	55.801	3	0	0	0	1	0	1	1	1	0	0	9
2014/01/02-12:47:18	75	1,382.732	55.801	1	0	1	0	1	0	0	1	0	0	1	14
2014/01/02-12:47:50	75	1,382.732	55.801	2	0	1	0	0	0	0	1	0	0	1	9
2014/01/02-12:48:18	75	1,382.732	55.801	1	0	0	0	1	0	1	1	0	0	1	3
2014/01/02-12:48:46	75	1,382.732	55.801	3	0	0	0	0	0	1	1	0	0	1	11
2014/01/02-17:18:41	75	1,395.53	60.147	2	0	1	0	0	0	0	1	0	0	1	9
2014/01/02-17:19:09	75	1,395.53	60.147	2	0	0	0	1	0	1	1	0	0	1	6
2014/01/02-17:19:39	75	1,395.53	60.147	1	0	1	0	0	0	0	1	0	0	1	3
2014/01/02-17:20:01	76	1,388.969	58.634	1	0	0	0	0	0	1	1	0	0	1	4
2014/01/02-17:20:39	76	1,388.969	58.634	2	0	0	0	0	0	1	1	0	0	1	7
2014/01/02-17:33:14	76	1,388.969	58.634	3	0	1	1	0	0	0	1	0	0	1	14
2014/01/02-17:33:55	76	1,388.969	58.634	3	0	0	0	1	0	1	1	0	0	1	13
2014/01/02-17:35:14	76	1,388.969	58.634	1	0	1	0	0	0	0	1	0	0	1	25
2014/01/02-17:35:58	76	1,388.969	58.634	0	0	1	0	0	0	0	1	0	0	1	10
2014/01/02-17:36:44	76	1,388.969	58.634	1	0	1	0	1	0	0	1	0	0	1	3
2014/01/02-17:43:41	76	1,388.969	58.634	2	0	0	0	2	0	1	1	1	0	0	9
2014/01/02-17:44:09	76	1,388.969	58.634	0	0	1	0	0	0	0	1	0	0	1	3
2014/01/02-17:44:38	76	1,388.969	58.634	1	0	0	0	0	0	1	1	0	0	1	4
2014/01/02-17:45:08	76	1,388.969	58.634	2	0	1	0	0	0	0	1	0	0	1	17
2014/01/02-17:45:43	76	1,381.615	53.801	1	0	1	0	0	0	0	1	0	0	1	6
