2013/09/02-15:17:24	38	1,500	350.465	4	0	0	0	1	0	1	1	0	0	1	14
2013/09/02-15:18:22	38	1,500	350.465	4	0	0	0	0	0	0	1	1	0	0	21
2013/09/02-15:19:02	38	1,500	350.465	2	0	0	0	1	0	1	1	0	0	1	4
2013/09/02-15:19:25	38	1,500	350.465	14	0	0	2	0	0	0	1	1	0	0	60
2013/09/02-15:20:44	38	1,500	350.465	2	0	0	0	1	0	1	1	0	0	1	13
2013/09/02-15:45:35	17	1,694.622	275.415	3	0	1	0	0	0	0	1	0	0	1	13
2013/09/02-15:46:40	17	1,694.622	275.415	5	0	1	2	0	0	0	1	0	0	1	22
2013/09/02-15:47:33	17	1,694.622	275.415	14	0	0	0	1	0	1	1	0	0	1	26
2013/09/02-15:48:52	17	1,694.622	275.415	14	0	0	4	1	0	0	1	1	0	0	60
2013/09/02-15:50:10	17	1,694.622	275.415	5	0	1	0	2	0	0	1	0	0	1	18
2013/09/02-15:57:26	17	1,694.622	275.415	5	0	0	0	0	0	1	1	0	0	1	27
2013/09/02-15:58:25	17	1,694.622	275.415	8	0	1	3	0	0	0	1	0	0	1	21
2013/09/02-15:59:42	17	1,694.622	275.415	12	0	0	0	1	0	0	1	1	0	0	28
2013/09/02-16:00:28	17	1,694.622	275.415	1	0	0	0	0	0	1	1	0	0	1	3
2013/09/02-16:01:47	17	1,694.622	275.415	7	0	0	0	1	0	0	1	1	0	0	23
2013/09/02-19:15:22	13	1,841.092	212.812	3	0	0	0	1	0	1	1	0	0	1	9
2013/09/02-19:15:51	13	1,841.092	212.812	3	0	0	0	2	0	1	1	0	0	1	10
2013/09/02-19:16:19	13	1,841.092	212.812	5	0	1	0	0	0	0	1	0	0	1	8
2013/09/02-19:17:38	13	1,841.092	212.812	18	0	0	0	0	0	1	1	0	0	1	35
2013/09/02-19:18:32	10	1,987.016	181.962	2	0	1	0	0	0	0	1	0	0	1	6
2013/09/02-19:29:31	10	1,987.016	181.962	3	0	0	0	1	0	1	1	0	0	1	12
2013/09/02-19:30:05	10	1,987.016	181.962	1	0	0	0	1	0	1	1	0	0	1	12
2013/09/02-19:30:44	10	1,987.016	181.962	2	0	0	0	0	0	1	1	0	0	1	3
2013/09/02-19:31:31	10	1,987.016	181.962	5	0	0	0	1	0	1	1	0	0	1	27
2013/09/02-19:32:17	10	1,987.016	181.962	6	0	0	1	0	0	1	1	0	0	1	31
2013/09/02-20:16:23	10	1,987.016	181.962	3	0	0	0	1	0	1	1	1	0	0	12
2013/09/02-20:18:33	10	1,987.016	181.962	2	0	0	0	1	0	1	1	0	0	1	20
2013/09/02-20:30:43	10	1,987.016	181.962	10	0	0	2	0	0	1	1	0	0	1	30
2013/09/02-20:31:36	10	1,987.016	181.962	9	0	0	2	1	0	0	1	1	0	0	21
2013/09/02-20:32:21	10	1,987.016	181.962	6	0	0	0	1	0	1	1	0	0	1	11
2013/09/03-01:14:18	14	1,963.304	146.739	26	0	0	0	0	0	0	1	0	0	1	60
2013/09/03-01:15:37	14	1,963.304	146.739	1	0	0	0	0	0	1	1	0	0	1	4
2013/09/03-01:16:09	14	1,963.304	146.739	2	0	0	0	0	0	1	1	0	0	1	6
2013/09/03-01:17:09	14	1,963.304	146.739	3	0	0	0	1	0	1	1	0	0	1	10
2013/09/03-01:17:38	14	1,963.304	146.739	3	0	1	0	0	0	0	1	0	0	1	13
2013/09/03-07:11:18	12	2,037.896	129.786	1	0	0	0	0	0	1	1	0	0	1	3
2013/09/03-07:12:06	12	2,037.896	129.786	1	0	0	0	0	0	1	1	0	0	1	4
2013/09/03-07:12:42	12	2,037.896	129.786	9	0	0	0	3	0	0	1	1	0	0	17
2013/09/03-07:13:17	12	2,037.896	129.786	6	0	0	3	0	0	0	1	1	0	0	37
2013/09/03-07:14:13	12	2,037.896	129.786	1	0	1	0	0	0	0	1	0	0	1	4
2013/09/03-07:31:55	12	2,037.896	129.786	9	0	0	3	0	0	1	1	0	0	1	27
2013/09/03-07:33:07	12	2,037.896	129.786	3	0	1	0	0	0	0	1	0	0	1	10
2013/09/03-07:34:26	12	2,037.896	129.786	4	0	1	0	0	0	0	1	0	0	1	10
2013/09/03-07:35:09	12	2,037.896	129.786	1	0	0	0	1	0	0	1	1	0	0	7
2013/09/03-07:35:34	12	2,037.896	129.786	5	0	1	0	0	0	0	1	0	0	1	16
2013/09/03-21:53:04	16	1,919.375	115.938	7	0	0	0	1	0	1	1	0	0	1	11
2013/09/03-21:53:50	16	1,919.375	115.938	1	0	0	0	0	0	1	1	0	0	1	3
2013/09/03-21:54:15	16	1,919.375	115.938	8	0	0	0	0	0	1	1	0	0	1	19
2013/09/03-21:55:01	16	1,919.375	115.938	2	0	0	0	0	0	1	1	0	0	1	4
2013/09/03-21:55:26	16	1,927.966	106.096	2	0	1	0	0	0	0	1	0	0	1	14
2013/09/03-22:09:58	16	1,927.966	106.096	10	0	0	0	0	0	1	1	0	0	1	22
2013/09/03-22:10:45	16	1,927.966	106.096	4	0	1	0	1	0	0	1	0	0	1	17
2013/09/03-22:11:21	16	1,927.966	106.096	4	0	1	0	0	0	0	1	0	0	1	18
2013/09/03-22:11:58	16	1,927.966	106.096	10	0	0	1	0	0	1	1	0	0	1	21
2013/09/03-22:12:38	16	1,927.966	106.096	2	0	0	0	0	0	1	1	0	0	1	11
2013/09/03-22:24:13	16	1,927.966	106.096	21	0	0	5	0	0	0	1	0	0	1	60
2013/09/03-22:25:32	16	1,927.966	106.096	16	0	0	0	1	0	1	1	0	0	1	24
2013/09/03-22:26:14	16	1,927.966	106.096	4	0	1	0	0	0	0	1	0	0	1	17
2013/09/03-22:26:50	16	1,927.966	106.096	6	0	0	0	0	0	0	1	1	0	0	18
2013/09/03-22:27:27	16	1,927.966	106.096	1	0	0	0	1	0	1	1	0	0	1	3
2013/09/04-17:20:56	13	2,074.66	95.806	33	0	0	0	0	0	0	1	1	0	0	60
2013/09/04-17:22:14	13	2,074.66	95.806	1	0	0	0	0	0	1	1	0	0	1	4
2013/09/04-17:22:48	13	2,074.66	95.806	7	0	0	1	0	0	1	1	0	0	1	21
2013/09/04-17:24:07	13	2,074.66	95.806	4	0	1	0	1	0	0	1	0	0	1	14
2013/09/04-17:24:41	13	2,074.66	95.806	2	0	1	0	0	0	0	1	0	0	1	6
2013/09/04-17:35:52	13	2,074.66	95.806	1	0	0	0	0	0	1	1	0	0	1	7
2013/09/04-17:36:44	13	2,074.66	95.806	4	0	1	0	0	0	0	1	0	0	1	8
2013/09/04-17:37:23	13	2,074.66	95.806	2	0	1	0	0	0	0	1	0	0	1	11
2013/09/04-17:38:42	13	2,074.66	95.806	1	0	0	0	0	0	1	1	0	0	1	3
2013/09/04-17:39:13	13	2,074.66	95.806	2	0	0	0	0	0	0	1	1	0	0	11
2013/09/04-17:54:34	15	2,032.316	82.467	2	0	0	0	1	0	1	1	0	0	1	9
2013/09/04-17:55:12	15	2,032.316	82.467	13	0	0	0	0	0	1	1	0	0	1	20
2013/09/04-17:55:51	15	2,032.316	82.467	0	0	1	0	0	0	0	1	0	0	1	3
2013/09/04-17:56:33	15	2,032.316	82.467	2	0	1	0	0	0	0	1	0	0	1	8
2013/09/04-17:57:01	15	2,032.316	82.467	1	0	1	0	0	0	0	1	0	0	1	8
2013/09/04-23:25:47	16	2,024.588	80.421	2	0	0	0	1	0	0	1	1	0	0	6
2013/09/04-23:26:12	16	2,024.588	80.421	4	0	0	1	1	0	0	1	1	0	0	20
2013/09/04-23:26:51	16	2,024.588	80.421	2	0	0	0	0	0	0	1	1	0	0	6
2013/09/04-23:27:15	16	2,024.588	80.421	2	0	0	0	0	0	0	1	1	0	0	9
2013/09/04-23:27:43	16	2,024.588	80.421	4	0	0	0	0	0	0	1	1	0	0	12
2013/09/04-23:42:07	16	2,027.68	79.982	1	0	0	0	0	0	0	1	1	0	0	3
2013/09/04-23:42:28	16	2,027.68	79.982	13	0	0	3	2	0	0	1	1	0	0	35
2013/09/04-23:43:22	16	2,027.68	79.982	3	0	1	0	0	0	0	1	1	0	0	14
2013/09/04-23:43:55	16	2,027.68	79.982	8	0	0	0	0	0	1	1	0	0	1	16
2013/09/04-23:44:52	16	2,027.68	79.982	3	0	0	0	0	0	0	1	1	0	0	19
2013/09/04-23:55:02	16	2,027.68	79.982	6	0	0	0	0	0	1	1	0	0	1	19
2013/09/04-23:55:40	16	2,027.68	79.982	16	0	0	0	1	0	0	1	1	0	0	41
2013/09/04-23:56:40	16	2,027.68	79.982	11	0	0	2	0	0	1	1	0	0	1	50
2013/09/04-23:57:50	16	2,027.68	79.982	3	0	1	0	2	0	0	1	0	0	1	12
2013/09/04-23:58:20	16	2,027.68	79.982	5	0	1	0	0	0	0	1	0	0	1	18
2013/09/05-00:09:33	16	2,019.342	74.104	1	0	0	0	0	0	1	1	0	0	1	3
2013/09/05-00:10:02	16	2,019.342	74.104	3	0	0	0	1	0	1	1	0	0	1	14
2013/09/05-00:10:35	16	2,019.342	74.104	11	0	1	2	0	0	0	1	0	0	1	44
2013/09/05-00:11:37	16	2,019.342	74.104	9	0	0	1	0	0	1	1	0	0	1	45
2013/09/05-00:12:56	16	2,019.342	74.104	1	0	0	0	2	0	0	1	1	0	0	7
2013/09/05-00:34:05	16	2,019.342	74.104	14	0	0	3	0	0	1	1	0	0	1	48
2013/09/05-00:35:11	16	2,019.342	74.104	5	0	0	0	0	0	1	1	0	0	1	12
2013/09/05-00:35:42	16	2,019.342	74.104	4	0	0	0	0	0	1	1	0	0	1	8
2013/09/05-00:36:13	16	2,019.342	74.104	1	0	1	0	0	0	0	1	0	0	1	3
2013/09/05-00:36:36	16	2,019.342	74.104	1	0	1	0	0	0	0	1	0	0	1	4
2013/09/05-00:46:20	15	2,064.77	66.739	4	0	1	0	0	0	0	1	0	0	1	13
2013/09/05-00:46:52	15	2,064.77	66.739	5	0	1	0	0	0	0	1	0	0	1	16
2013/09/05-00:48:11	15	2,064.77	66.739	8	0	1	2	0	0	0	1	0	0	1	50
2013/09/05-00:49:20	15	2,064.77	66.739	2	0	0	0	0	0	1	1	0	0	1	6
2013/09/05-00:50:39	15	2,064.77	66.739	4	0	1	0	0	0	0	1	0	0	1	10
2013/09/05-08:05:00	16	2,060.932	68.67	17	0	0	2	0	0	0	1	0	0	1	60
2013/09/05-08:06:18	16	2,060.932	68.67	22	0	0	1	1	0	0	1	1	0	0	60
2013/09/05-08:07:37	16	2,060.932	68.67	18	0	0	3	0	0	0	1	0	0	1	60
2013/09/05-08:08:56	16	2,060.932	68.67	5	0	0	1	0	0	1	1	0	0	1	12
2013/09/05-08:10:14	16	2,060.932	68.67	19	0	0	2	1	0	0	1	1	0	0	58
2013/09/05-08:28:22	12	2,095.558	64.498	13	0	0	1	0	0	0	1	0	0	1	60
2013/09/05-08:29:41	12	2,095.558	64.498	5	0	0	1	0	0	0	1	1	0	0	33
2013/09/05-08:30:32	12	2,095.558	64.498	5	0	0	0	0	0	1	1	0	0	1	11
2013/09/05-10:28:48	12	2,095.558	64.498	16	0	0	1	0	0	0	1	0	0	1	60
2013/09/05-10:30:46	12	2,095.558	64.498	4	0	1	0	0	0	0	1	0	0	1	12
2013/09/05-10:50:16	12	2,095.558	64.498	7	0	0	2	0	0	0	1	1	0	0	26
2013/09/05-10:51:01	12	2,095.558	64.498	14	0	0	2	0	0	0	1	0	0	1	60
2013/09/05-10:52:20	12	2,095.558	64.498	19	0	0	2	0	0	0	1	0	0	1	60
2013/09/05-10:53:39	12	2,095.558	64.498	1	0	1	0	0	0	0	1	0	0	1	7
2013/09/05-10:54:46	12	2,095.558	64.498	15	0	0	1	0	0	0	1	0	0	1	60
2013/09/06-23:55:17	12	2,094.603	67.274	9	0	0	2	1	0	1	1	0	0	1	27
2013/09/06-23:56:37	12	2,094.603	67.274	19	0	1	4	1	0	0	1	0	0	1	45
2013/09/06-23:57:56	12	2,094.603	67.274	5	0	0	0	0	0	1	1	0	0	1	12
2013/09/06-23:59:13	12	2,094.603	67.274	12	0	0	3	1	0	0	1	1	0	0	60
2013/09/07-00:00:32	12	2,094.603	67.274	15	0	1	2	0	0	0	1	0	0	1	42
2013/09/07-00:07:47	12	2,094.603	67.274	3	0	0	0	0	0	1	1	0	0	1	12
2013/09/07-00:08:36	12	2,094.603	67.274	11	0	0	1	0	0	1	1	0	0	1	33
2013/09/07-00:09:28	12	2,094.603	67.274	5	0	1	1	0	0	0	1	0	0	1	25
2013/09/07-00:10:17	12	2,094.603	67.274	7	0	0	2	0	0	1	1	0	0	1	28
2013/09/07-00:11:09	12	2,094.603	67.274	7	0	0	3	0	0	1	1	0	0	1	17
2013/09/07-00:25:02	12	2,085.666	60.561	10	0	0	1	0	0	1	1	0	0	1	33
2013/09/07-00:25:54	12	2,085.666	60.561	17	0	0	2	1	0	0	1	1	0	0	46
2013/09/07-00:26:58	12	2,085.666	60.561	15	0	0	3	1	0	0	1	1	0	0	44
2013/09/07-00:28:01	12	2,085.666	60.561	16	0	0	2	0	0	1	1	0	0	1	46
2013/09/07-00:29:06	12	2,085.666	60.561	5	0	0	0	0	0	0	1	1	0	0	28
2013/09/08-18:03:45	11	2,118.8	62.921	5	0	1	0	0	0	0	1	0	0	1	10
2013/09/08-18:24:47	11	2,118.8	62.921	0	0	1	0	0	0	0	1	0	0	1	10
2013/09/08-18:26:30	11	2,118.8	62.921	7	0	0	3	1	0	1	1	1	0	0	28
2013/09/08-18:29:43	11	2,118.8	62.921	7	0	0	2	1	0	0	1	1	0	0	28
2013/09/08-18:47:59	11	2,118.8	62.921	3	0	1	0	0	0	0	1	0	0	1	12
2013/09/08-19:12:35	11	2,118.8	62.921	10	0	1	4	0	0	0	1	0	0	1	28
2013/09/08-19:13:55	11	2,118.8	62.921	14	0	0	3	0	0	0	1	0	0	1	60
2013/09/08-19:27:17	11	2,118.8	62.921	10	0	1	2	0	0	0	1	0	0	1	40
2013/09/08-19:28:17	11	2,118.8	62.921	9	0	1	4	0	0	0	1	0	0	1	28
2013/09/08-19:29:36	9	2,117.937	57.695	5	0	0	1	0	0	1	1	0	0	1	16
2013/09/08-20:12:55	9	2,117.937	57.695	10	0	0	3	0	0	0	1	0	0	1	60
2013/09/08-20:14:14	9	2,117.937	57.695	7	0	0	1	0	0	1	1	0	0	1	17
2013/09/08-20:15:19	9	2,117.937	57.695	7	0	0	2	1	0	0	1	1	0	0	60
2013/09/08-20:16:38	9	2,117.937	57.695	2	0	0	0	0	0	1	1	0	0	1	3
2013/09/08-20:17:57	9	2,117.937	57.695	16	0	0	3	0	0	1	1	0	0	1	40
2013/09/10-00:16:06	9	2,117.096	61.219	12	0	1	1	0	0	0	1	0	0	1	32
2013/09/10-00:17:22	9	2,117.096	61.219	17	0	1	1	0	0	0	1	0	0	1	57
2013/09/10-00:18:41	9	2,117.096	61.219	15	0	0	3	0	0	0	1	1	0	0	60
2013/09/10-00:19:59	9	2,117.096	61.219	12	0	0	1	0	0	1	1	0	0	1	39
2013/09/10-00:20:58	9	2,117.096	61.219	19	0	0	2	0	0	0	1	0	0	1	60
2013/09/10-01:07:02	9	2,121.917	58.227	13	0	0	2	1	0	0	1	1	0	0	39
2013/09/10-01:08:00	9	2,121.917	58.227	18	0	0	1	0	0	0	1	0	0	1	60
2013/09/10-01:09:19	9	2,121.917	58.227	4	0	0	0	0	0	1	1	0	0	1	13
2013/09/10-01:10:37	9	2,121.917	58.227	8	0	1	1	0	0	0	1	0	0	1	22
2013/09/10-01:11:56	9	2,121.917	58.227	4	0	0	2	0	0	1	1	0	0	1	19
2013/09/10-01:25:13	12	2,102.906	55.564	19	0	1	2	1	0	0	1	0	0	1	57
2013/09/10-01:26:32	12	2,102.906	55.564	14	0	0	2	1	0	0	1	1	0	0	48
2013/09/10-01:27:38	12	2,102.906	55.564	19	0	0	1	0	0	0	1	0	0	1	60
2013/09/10-01:28:57	12	2,102.906	55.564	17	0	0	3	0	0	1	1	0	0	1	55
2013/09/10-01:30:16	12	2,102.906	55.564	14	0	0	3	1	0	1	1	0	0	1	35
2013/09/11-01:05:03	12	2,106.885	59.868	13	0	0	2	0	0	0	1	1	0	0	46
2013/09/11-01:06:08	12	2,106.885	59.868	3	0	0	0	0	0	1	1	0	0	1	4
2013/09/11-01:07:27	12	2,106.885	59.868	16	0	0	4	0	0	0	1	0	0	1	60
2013/09/11-01:08:46	12	2,106.885	59.868	17	0	0	4	0	0	1	1	0	0	1	54
2013/09/11-01:09:58	12	2,106.885	59.868	11	0	1	2	0	0	0	1	0	0	1	26
2013/09/11-01:15:52	12	2,106.885	59.868	16	0	0	1	1	0	0	1	1	0	0	47
2013/09/11-01:16:58	9	2,117.845	56.371	13	0	1	1	1	0	0	1	0	0	1	53
2013/09/11-01:18:11	9	2,117.845	56.371	7	0	0	1	0	0	1	1	0	0	1	19
2013/09/11-01:19:30	9	2,117.845	56.371	13	0	0	2	0	0	0	1	1	0	0	40
2013/09/11-01:20:29	9	2,117.845	56.371	10	0	0	3	2	0	0	1	1	0	0	36
2013/09/11-01:37:28	9	2,117.845	56.371	10	0	0	1	0	0	1	1	0	0	1	32
2013/09/11-01:38:47	9	2,117.845	56.371	11	0	0	3	0	0	0	1	0	0	1	60
2013/09/11-01:40:06	9	2,117.845	56.371	6	0	1	2	0	0	0	1	0	0	1	23
2013/09/11-01:41:25	9	2,117.845	56.371	16	0	0	1	1	0	0	1	1	0	0	60
2013/09/11-01:42:44	9	2,117.845	56.371	7	0	0	1	0	0	1	1	0	0	1	29
2013/09/11-17:01:52	9	2,116.521	59.119	10	0	0	1	0	0	0	1	0	0	1	60
2013/09/11-17:03:11	9	2,116.521	59.119	9	0	0	1	0	0	1	1	0	0	1	51
2013/09/11-17:04:21	9	2,116.521	59.119	12	0	1	2	0	0	0	1	0	0	1	58
2013/09/11-17:05:37	9	2,116.521	59.119	8	0	0	1	1	0	1	1	0	0	1	23
2013/09/11-17:06:28	9	2,123.079	57.014	10	0	0	2	1	0	0	1	0	0	1	60
2013/09/11-17:41:01	9	2,123.079	57.014	21	0	0	2	0	0	0	1	0	0	1	60
2013/09/11-17:42:20	9	2,123.079	57.014	15	0	0	1	0	0	0	1	0	0	1	60
2013/09/11-17:43:39	9	2,123.079	57.014	18	0	0	5	0	0	1	1	0	0	1	55
2013/09/11-17:44:58	9	2,123.079	57.014	9	0	1	2	0	0	0	1	0	0	1	44
2013/09/11-17:46:17	9	2,123.079	57.014	18	0	0	2	0	0	0	1	0	0	1	60
2013/09/11-17:58:01	9	2,111.511	54.145	16	0	1	1	1	0	0	1	0	0	1	59
2013/09/11-17:59:20	9	2,111.511	54.145	14	0	0	1	0	0	0	1	0	0	1	60
2013/09/11-18:00:39	9	2,111.511	54.145	15	0	0	3	0	0	0	1	1	0	0	53
2013/09/11-18:01:50	9	2,111.511	54.145	17	0	0	1	0	0	0	1	0	0	1	60
2013/09/11-18:03:09	9	2,111.511	54.145	14	0	1	2	0	0	0	1	0	0	1	48
2013/09/12-11:59:41	8	2,109.764	58.655	4	0	0	0	0	0	1	1	0	0	1	7
2013/09/12-12:01:00	8	2,109.764	58.655	13	0	0	2	0	0	1	1	0	0	1	28
2013/09/12-12:02:19	8	2,109.764	58.655	2	0	0	0	0	0	1	1	0	0	1	12
2013/09/12-12:03:37	8	2,109.764	58.655	11	0	0	1	0	0	1	1	0	0	1	33
2013/09/12-12:04:55	8	2,109.764	58.655	8	0	1	3	0	0	0	1	0	0	1	17
2013/09/12-12:16:43	13	2,069.017	55.932	2	0	0	1	0	0	1	1	0	0	1	8
2013/09/12-12:18:02	13	2,069.017	55.932	17	0	0	2	0	0	0	1	0	0	1	60
2013/09/12-12:19:21	13	2,069.017	55.932	12	0	0	1	1	0	0	1	1	0	0	60
2013/09/12-12:20:39	13	2,069.017	55.932	3	0	0	0	0	0	1	1	0	0	1	6
2013/09/12-12:21:58	13	2,069.017	55.932	11	0	0	1	0	0	1	1	0	0	1	43
2013/09/12-12:35:16	13	2,069.017	55.932	9	0	0	3	0	0	0	1	1	0	0	30
2013/09/12-12:36:02	13	2,069.017	55.932	9	0	0	2	0	0	1	1	0	0	1	41
2013/09/12-12:37:14	13	2,069.017	55.932	6	0	1	1	0	0	0	1	0	0	1	18
2013/09/12-12:38:33	13	2,069.017	55.932	22	0	0	1	0	0	0	1	0	0	1	60
2013/09/12-12:39:52	13	2,069.017	55.932	0	0	1	0	0	0	0	1	0	0	1	5
2013/09/14-01:13:27	10	2,057.286	69.924	14	0	0	1	2	0	0	1	1	0	0	57
2013/09/14-01:14:45	10	2,057.286	69.924	8	0	0	2	1	0	0	1	1	0	0	32
2013/09/14-01:15:35	10	2,057.286	69.924	6	0	0	1	2	0	0	1	1	0	0	25
2013/09/14-01:16:19	10	2,057.286	69.924	5	0	0	1	1	0	0	1	1	0	0	30
2013/09/14-01:17:08	10	2,057.286	69.924	2	0	0	1	0	0	1	1	0	0	1	12
2013/09/14-01:33:05	10	2,043.202	69.426	10	0	0	2	0	0	0	1	0	0	1	60
2013/09/14-01:34:24	10	2,043.202	69.426	11	0	0	1	0	0	1	1	0	0	1	24
2013/09/14-01:35:43	10	2,043.202	69.426	21	0	0	3	2	0	0	1	1	0	0	60
2013/09/14-01:37:01	10	2,043.202	69.426	20	0	0	2	1	0	0	1	1	0	0	60
2013/09/14-01:38:20	10	2,043.202	69.426	18	0	0	3	0	0	0	1	1	0	0	60
2013/09/14-01:59:06	10	2,043.202	69.426	18	0	0	3	0	0	0	1	0	0	1	60
2013/09/14-02:00:25	10	2,031.389	66.204	12	0	0	2	0	0	0	1	0	0	1	60
2013/09/14-02:01:43	10	2,031.389	66.204	11	0	0	2	0	0	0	1	0	0	1	60
2013/09/14-02:03:02	10	2,031.389	66.204	14	0	0	2	0	0	0	1	0	0	1	60
2013/09/14-02:04:21	10	2,031.389	66.204	1	0	0	0	0	0	1	1	0	0	1	6
2013/09/14-04:16:42	10	2,013.787	64.778	14	0	0	2	0	0	1	1	0	0	1	52
2013/09/14-04:17:54	10	2,013.787	64.778	15	0	0	3	1	0	0	1	1	0	0	57
2013/09/14-04:19:10	10	2,013.787	64.778	12	0	0	3	0	0	0	1	1	0	0	60
2013/09/14-04:20:28	10	2,013.787	64.778	9	0	0	2	1	0	0	1	1	0	0	43
2013/09/14-04:21:30	10	2,013.787	64.778	10	0	0	1	1	0	1	1	0	0	1	27
2013/09/14-04:49:09	8	2,021.031	62.649	23	0	0	1	1	0	0	1	1	0	0	60
2013/09/14-04:50:28	8	2,021.031	62.649	14	0	0	1	0	0	1	1	0	0	1	51
2013/09/14-04:51:47	8	2,021.031	62.649	7	0	0	1	0	0	0	1	1	0	0	28
2013/09/14-04:52:33	8	2,021.031	62.649	21	0	0	3	2	0	0	1	1	0	0	60
2013/09/14-04:53:51	8	2,021.031	62.649	11	0	0	2	0	0	0	1	1	0	0	58
2013/09/14-05:11:07	8	2,021.031	62.649	9	0	0	2	1	0	1	1	0	0	1	26
2013/09/14-05:12:16	9	2,016.387	60.025	17	0	0	2	0	0	0	1	0	0	1	60
2013/09/14-05:13:35	9	2,016.387	60.025	2	0	0	0	0	0	1	1	0	0	1	5
2013/09/14-05:14:34	9	2,016.387	60.025	17	0	0	1	0	0	0	1	0	0	1	60
2013/09/14-05:15:53	9	2,016.387	60.025	13	0	0	3	0	0	0	1	1	0	0	60
2013/09/14-07:19:29	9	2,006.004	60.133	12	0	0	2	1	0	1	1	0	0	1	35
2013/09/14-07:20:22	9	2,006.004	60.133	8	0	0	2	1	0	1	1	0	0	1	35
2013/09/14-07:21:31	9	2,006.004	60.133	6	0	0	1	1	0	0	1	1	0	0	37
2013/09/14-07:22:26	9	2,006.004	60.133	10	0	0	1	0	0	0	1	1	0	0	39
2013/09/14-07:23:24	9	2,006.004	60.133	9	0	0	1	0	0	0	1	1	0	0	37
2013/09/14-09:43:53	8	1,991.533	59.574	14	0	0	1	0	0	0	1	0	0	1	60
2013/09/14-09:45:12	8	1,991.533	59.574	10	0	1	2	0	0	0	1	0	0	1	40
2013/09/14-09:46:22	8	1,991.533	59.574	16	0	0	1	0	0	0	1	0	0	1	60
2013/09/14-09:47:40	8	1,991.533	59.574	20	0	0	2	0	0	0	1	0	0	1	60
2013/09/14-09:48:59	8	1,991.533	59.574	5	0	0	1	0	0	1	1	0	0	1	16
2013/09/14-10:07:16	8	1,991.533	59.574	5	0	0	3	0	0	0	1	1	0	0	23
2013/09/14-10:07:57	8	1,991.533	59.574	4	0	0	1	0	0	1	1	0	0	1	17
2013/09/14-10:08:33	8	1,991.533	59.574	7	0	0	1	1	0	0	1	1	0	0	22
2013/09/14-10:09:13	8	1,991.533	59.574	3	0	0	1	0	0	1	1	0	0	1	10
2013/09/14-10:09:51	8	1,991.533	59.574	5	0	1	1	0	0	0	1	0	0	1	15
2013/09/14-13:31:31	11	1,970.318	60.189	13	0	0	4	2	0	0	1	1	0	0	60
2013/09/14-13:32:50	11	1,970.318	60.189	6	0	0	1	1	0	0	1	1	0	0	23
2013/09/14-13:33:32	11	1,970.318	60.189	9	0	0	2	2	0	0	1	1	0	0	43
2013/09/14-13:34:34	11	1,970.318	60.189	16	0	0	2	1	0	0	1	1	0	0	60
2013/09/14-13:35:52	11	1,970.318	60.189	16	0	0	1	0	0	0	1	0	0	1	60
2013/09/14-13:52:56	11	1,970.318	60.189	9	0	0	1	0	0	0	1	1	0	0	23
2013/09/14-13:53:38	11	1,970.318	60.189	7	0	0	1	1	0	1	1	0	0	1	18
2013/09/14-13:54:16	10	1,967.749	58.311	14	0	0	2	0	0	0	1	1	0	0	56
2013/09/14-13:55:30	10	1,967.749	58.311	7	0	0	1	0	0	1	1	0	0	1	34
2013/09/14-13:56:23	10	1,967.749	58.311	13	0	0	1	2	0	0	1	1	0	0	34
2013/09/14-14:17:34	10	1,967.749	58.311	16	0	0	1	1	0	0	1	1	0	0	54
2013/09/14-14:18:47	10	1,967.749	58.311	8	0	0	2	1	0	0	1	1	0	0	33
2013/09/14-14:19:38	10	1,967.749	58.311	7	0	0	1	1	0	0	1	1	0	0	17
2013/09/14-14:20:14	10	1,967.749	58.311	7	0	0	1	1	0	1	1	0	0	1	23
2013/09/14-14:20:56	10	1,967.749	58.311	15	0	1	4	0	0	0	1	0	0	1	44
2013/09/14-18:16:36	5	1,997.085	60.592	7	0	0	1	0	0	1	1	0	0	1	28
2013/09/14-18:17:49	5	1,997.085	60.592	8	0	0	2	0	0	1	1	0	0	1	40
2013/09/14-18:18:55	5	1,997.085	60.592	13	0	0	3	2	0	0	1	1	0	0	50
2013/09/14-18:20:04	5	1,997.085	60.592	8	0	0	2	2	0	0	1	1	0	0	49
2013/09/14-18:21:12	5	1,997.085	60.592	12	0	0	3	1	0	0	1	1	0	0	60
2013/09/14-18:39:34	6	1,981.646	59.334	13	0	0	4	0	0	0	1	0	0	1	60
2013/09/14-18:40:53	6	1,981.646	59.334	11	0	0	2	0	0	0	1	1	0	0	53
2013/09/14-18:42:05	6	1,981.646	59.334	5	0	0	1	0	0	1	1	0	0	1	13
2013/09/14-18:43:24	6	1,981.646	59.334	3	0	0	0	0	0	1	1	0	0	1	11
2013/09/14-18:44:42	6	1,981.646	59.334	8	0	1	2	0	0	0	1	0	0	1	29
2013/09/14-19:06:46	6	1,981.646	59.334	3	0	0	0	0	0	1	1	0	0	1	8
2013/09/14-19:08:05	8	1,957.619	57.359	1	0	0	0	0	0	1	1	0	0	1	5
2013/09/14-19:09:15	8	1,957.619	57.359	3	0	0	1	0	0	1	1	0	0	1	12
2013/09/14-19:10:35	8	1,957.619	57.359	7	0	0	1	0	0	1	1	0	0	1	20
2013/09/14-19:11:55	8	1,957.619	57.359	6	0	1	1	0	0	0	1	0	0	1	27
2013/09/14-22:14:08	8	1,944.333	59.719	8	0	0	1	0	0	0	1	1	0	0	30
2013/09/14-22:14:58	8	1,944.333	59.719	6	0	0	2	1	0	0	1	1	0	0	40
2013/09/14-22:15:57	8	1,944.333	59.719	13	0	0	3	1	0	0	1	1	0	0	58
2013/09/14-22:17:13	8	1,944.333	59.719	7	0	1	1	0	0	0	1	0	0	1	19
2013/09/14-22:17:55	8	1,944.333	59.719	10	0	0	3	1	0	1	1	0	0	1	39
2013/09/14-22:44:31	8	1,944.333	59.719	15	0	1	2	1	0	0	1	0	0	1	40
2013/09/14-22:45:30	8	1,944.333	59.719	12	0	0	2	0	0	0	1	0	0	1	60
2013/09/14-22:46:49	8	1,935.155	57.417	13	0	0	2	1	0	0	1	1	0	0	46
2013/09/14-22:47:53	8	1,935.155	57.417	12	0	0	1	0	0	0	1	0	0	1	60
2013/09/14-22:49:12	8	1,935.155	57.417	12	0	0	1	1	0	1	1	0	0	1	57
2013/09/14-23:12:25	8	1,935.155	57.417	9	0	0	2	1	0	0	1	1	0	0	32
2013/09/14-23:13:16	8	1,935.155	57.417	18	0	0	2	0	0	0	1	1	0	0	60
2013/09/14-23:14:35	8	1,935.155	57.417	7	0	0	1	2	0	0	1	1	0	0	29
2013/09/14-23:15:23	8	1,935.155	57.417	13	0	0	3	2	0	0	1	1	0	0	60
2013/09/14-23:16:42	8	1,935.155	57.417	10	0	0	1	0	0	0	1	1	0	0	37
2013/09/15-11:12:30	8	1,971.163	60.167	6	0	0	3	1	0	0	1	1	0	0	35
2013/09/15-11:13:25	8	1,971.163	60.167	19	0	0	3	2	0	0	1	1	0	0	55
2013/09/15-11:14:39	8	1,971.163	60.167	14	0	0	1	1	0	0	1	1	0	0	45
2013/09/15-11:15:43	8	1,971.163	60.167	9	0	0	0	0	0	1	1	0	0	1	28
2013/09/15-11:16:51	8	1,971.163	60.167	5	0	0	0	0	0	1	1	0	0	1	17
2013/09/15-11:34:15	7	1,957.593	58.349	9	0	0	3	0	0	0	1	1	0	0	33
2013/09/15-11:35:06	7	1,957.593	58.349	12	0	0	3	0	0	0	1	0	0	1	60
2013/09/15-11:36:25	7	1,957.593	58.349	14	0	0	2	0	0	0	1	0	0	1	60
2013/09/15-11:37:44	7	1,957.593	58.349	10	0	0	2	0	0	0	1	0	0	1	60
2013/09/15-11:39:03	7	1,957.593	58.349	14	0	0	3	1	0	0	1	1	0	0	60
2013/09/15-16:19:00	7	1,970.138	60.528	15	0	0	2	0	0	0	1	1	0	0	58
2013/09/15-16:20:18	7	1,970.138	60.528	6	0	0	2	1	0	0	1	1	0	0	17
2013/09/15-16:20:54	7	1,970.138	60.528	17	0	0	1	1	0	0	1	1	0	0	59
2013/09/15-16:22:11	7	1,970.138	60.528	10	0	0	2	1	0	0	1	1	0	0	30
2013/09/15-16:23:00	7	1,971.857	60.566	14	0	0	5	1	0	0	1	1	0	0	38
2013/09/15-16:39:34	7	1,971.857	60.566	8	0	0	5	0	0	0	1	0	0	1	60
2013/09/15-16:40:53	7	1,971.857	60.566	6	0	0	0	0	0	1	1	0	0	1	27
2013/09/15-16:41:40	7	1,971.857	60.566	10	0	0	1	0	0	1	1	0	0	1	40
2013/09/15-16:42:38	7	1,971.857	60.566	5	0	1	0	0	0	0	1	0	0	1	18
2013/09/15-16:43:15	7	1,971.857	60.566	12	0	0	1	1	0	0	1	1	0	0	60
2013/09/15-16:57:35	7	1,955.076	59.067	11	0	0	1	0	0	1	1	0	0	1	36
2013/09/15-16:58:54	7	1,955.076	59.067	15	0	0	3	0	0	1	1	0	0	1	55
2013/09/15-17:00:13	7	1,955.076	59.067	12	0	0	4	0	0	0	1	1	0	0	60
2013/09/15-17:01:32	7	1,955.076	59.067	9	0	0	1	0	0	1	1	0	0	1	24
2013/09/15-17:02:50	7	1,955.076	59.067	5	0	0	1	0	0	1	1	0	0	1	24
2013/09/15-17:23:27	7	1,955.076	59.067	17	0	0	2	0	0	0	1	0	0	1	60
2013/09/15-17:24:46	7	1,955.076	59.067	15	0	0	2	0	0	0	1	0	0	1	60
2013/09/15-17:26:05	7	1,955.076	59.067	17	0	0	3	0	0	0	1	0	0	1	60
2013/09/15-17:27:24	7	1,955.076	59.067	15	0	0	2	1	0	0	1	1	0	0	60
2013/09/15-17:28:43	7	1,955.076	59.067	16	0	0	3	1	0	0	1	1	0	0	60
2013/09/15-17:48:55	9	1,937.389	54.468	7	0	0	2	0	0	0	1	0	0	1	60
2013/09/15-17:50:14	9	1,937.389	54.468	3	0	0	1	0	0	1	1	0	0	1	18
2013/09/15-17:51:33	9	1,937.389	54.468	13	0	0	3	0	0	0	1	0	0	1	60
2013/09/15-17:52:52	9	1,937.389	54.468	16	0	0	1	0	0	0	1	0	0	1	60
2013/09/15-17:54:11	9	1,937.389	54.468	16	0	0	2	1	0	1	1	0	0	1	45
2013/09/15-18:08:16	9	1,937.389	54.468	6	0	1	2	0	0	0	1	0	0	1	39
2013/09/15-18:09:26	9	1,937.389	54.468	14	0	0	2	0	0	0	1	0	0	1	60
2013/09/15-18:10:45	9	1,937.389	54.468	3	0	0	0	0	0	1	1	0	0	1	10
2013/09/15-18:12:04	9	1,937.389	54.468	10	0	1	1	0	0	0	1	0	0	1	25
2013/09/15-18:13:23	9	1,937.389	54.468	15	0	0	2	1	0	0	1	1	0	0	56
2013/09/15-23:28:20	9	1,927.402	59.263	10	0	0	1	0	0	1	1	0	0	1	40
2013/09/15-23:29:39	9	1,927.402	59.263	3	0	0	0	0	0	1	1	0	0	1	28
2013/09/15-23:30:34	9	1,927.402	59.263	12	0	0	4	0	0	0	1	0	0	1	60
2013/09/15-23:31:53	9	1,927.402	59.263	17	0	0	2	0	0	0	1	0	0	1	60
2013/09/15-23:33:11	9	1,927.402	59.263	9	0	0	1	0	0	0	1	1	0	0	40
2013/09/16-00:00:14	9	1,927.402	59.263	6	0	0	1	0	0	0	1	0	0	1	60
2013/09/16-00:01:33	9	1,927.402	59.263	14	0	0	2	0	0	0	1	0	0	1	60
2013/09/16-00:02:52	9	1,927.402	59.263	9	0	1	4	0	0	0	1	0	0	1	36
2013/09/16-00:04:10	9	1,927.402	59.263	12	0	1	1	0	0	0	1	0	0	1	35
2013/09/16-00:05:29	9	1,927.402	59.263	5	0	1	1	0	0	0	1	0	0	1	19
2013/09/16-00:18:30	13	1,894.087	54.333	11	0	1	1	0	0	0	1	0	0	1	45
2013/09/16-00:19:34	13	1,894.087	54.333	7	0	0	0	0	0	1	1	0	0	1	27
2013/09/16-00:20:53	13	1,894.087	54.333	12	0	0	2	0	0	0	1	0	0	1	60
2013/09/16-00:22:12	13	1,894.087	54.333	11	0	1	1	0	0	0	1	0	0	1	43
2013/09/16-00:23:14	13	1,894.087	54.333	16	0	1	2	0	0	0	1	0	0	1	49
2013/09/16-21:57:46	11	1,901.015	58.756	10	0	0	1	0	0	1	1	0	0	1	30
2013/09/16-21:58:36	11	1,901.015	58.756	11	0	0	2	1	0	0	1	1	0	0	33
2013/09/16-23:48:41	11	1,901.015	58.756	2	0	0	0	0	0	1	1	0	0	1	9
2013/09/16-23:49:09	11	1,901.015	58.756	4	0	1	0	0	0	0	1	0	0	1	7
2013/09/16-23:50:28	11	1,901.015	58.756	21	0	0	4	0	0	0	1	1	0	0	60
2013/09/16-23:51:47	11	1,901.015	58.756	6	0	0	0	1	0	0	1	1	0	0	21
2013/09/16-23:52:27	11	1,901.015	58.756	13	0	1	0	0	0	0	1	0	0	1	21
2013/09/17-00:15:00	11	1,909.953	55.786	3	0	1	0	0	0	0	1	0	0	1	13
2013/09/17-00:15:32	11	1,909.953	55.786	2	0	1	1	0	0	0	1	0	0	1	8
2013/09/17-00:16:12	11	1,909.953	55.786	15	0	0	4	1	0	1	1	0	0	1	55
2013/09/17-00:17:26	11	1,909.953	55.786	4	0	0	0	0	0	1	1	0	0	1	6
2013/09/17-00:17:51	11	1,909.953	55.786	7	0	1	0	0	0	0	1	0	0	1	16
2013/09/17-00:30:24	11	1,909.953	55.786	7	0	1	0	0	0	0	1	0	0	1	11
2013/09/17-00:31:15	11	1,909.953	55.786	2	0	0	0	1	0	1	1	0	0	1	4
2013/09/17-00:31:44	11	1,909.953	55.786	11	0	1	1	0	0	0	1	0	0	1	34
2013/09/17-00:32:37	11	1,909.953	55.786	18	0	1	6	0	0	0	1	0	0	1	41
2013/09/17-00:33:36	11	1,909.953	55.786	0	0	1	0	0	0	0	1	0	0	1	4
2013/09/17-21:30:05	13	1,897.349	58.167	1	0	0	0	0	0	1	1	0	0	1	6
2013/09/17-21:31:02	13	1,897.349	58.167	17	0	0	0	1	0	0	1	1	0	0	60
2013/09/17-21:32:21	13	1,897.349	58.167	19	0	0	3	1	0	0	1	1	0	0	60
2013/09/17-21:33:40	13	1,897.349	58.167	5	0	1	5	1	0	0	1	0	0	1	17
2013/09/17-21:34:47	13	1,897.349	58.167	1	0	0	0	0	0	1	1	0	0	1	6
2013/09/17-22:02:30	14	1,909.793	55.497	1	0	0	0	0	0	1	1	0	0	1	9
2013/09/17-22:03:32	14	1,909.793	55.497	3	0	0	0	1	0	1	1	0	0	1	9
2013/09/17-22:04:19	14	1,909.793	55.497	7	0	1	3	0	0	0	1	0	0	1	42
2013/09/17-22:05:19	14	1,909.793	55.497	2	0	1	0	0	0	0	1	0	0	1	10
2013/09/17-22:06:10	14	1,909.793	55.497	2	0	0	0	1	0	1	1	0	0	1	4
2013/09/17-22:18:03	14	1,909.793	55.497	3	0	0	0	1	0	1	1	0	0	1	7
2013/09/17-22:18:36	14	1,909.793	55.497	29	0	0	0	0	0	0	1	1	0	0	39
2013/09/17-22:19:34	14	1,909.793	55.497	2	0	0	0	0	0	1	1	0	0	1	10
2013/09/17-22:20:53	14	1,909.793	55.497	17	0	0	1	0	0	0	1	1	0	0	60
2013/09/17-22:22:12	14	1,909.793	55.497	3	0	0	0	0	0	1	1	0	0	1	20
2013/09/18-12:07:34	14	1,907.648	58.864	1	0	0	0	0	0	1	1	0	0	1	4
2013/09/18-12:08:04	14	1,907.648	58.864	16	0	1	0	0	0	0	1	0	0	1	28
2013/09/18-12:09:03	14	1,907.648	58.864	2	0	1	0	0	0	0	1	0	0	1	10
2013/09/18-12:10:01	14	1,907.648	58.864	3	0	0	0	0	0	1	1	0	0	1	7
2013/09/18-12:11:20	14	1,907.648	58.864	9	0	0	0	0	0	1	1	0	0	1	19
2013/09/18-12:34:29	13	1,895.535	56.068	3	0	1	0	0	0	0	1	0	0	1	12
2013/09/18-12:35:00	13	1,895.535	56.068	3	0	1	0	0	0	0	1	0	0	1	11
2013/09/18-12:35:33	13	1,895.535	56.068	2	0	1	0	0	0	0	1	0	0	1	8
2013/09/18-12:36:50	13	1,895.535	56.068	16	0	1	0	0	0	0	1	0	0	1	35
2013/09/18-12:37:44	13	1,895.535	56.068	1	0	1	0	0	0	0	1	0	0	1	7
2013/09/18-12:49:16	13	1,895.535	56.068	30	0	0	0	0	0	0	1	1	0	0	39
2013/09/18-12:50:14	13	1,895.535	56.068	1	0	0	0	0	0	1	1	0	0	1	3
2013/09/18-12:50:38	13	1,895.535	56.068	15	0	0	2	0	0	1	1	0	0	1	44
2013/09/18-12:51:57	13	1,895.535	56.068	1	0	0	0	0	0	0	1	1	0	0	6
2013/09/18-12:52:21	13	1,895.535	56.068	13	0	0	6	0	0	1	1	0	0	1	25
2013/09/18-17:26:53	12	1,890.559	60.098	8	0	0	4	1	0	1	1	0	0	1	18
2013/09/18-17:27:48	12	1,890.559	60.098	1	0	1	0	0	0	0	1	0	0	1	8
2013/09/18-17:29:07	12	1,890.559	60.098	15	0	0	2	0	0	0	1	0	1	0	60
2013/09/18-17:30:26	12	1,890.559	60.098	8	0	0	2	2	0	1	1	0	0	1	24
2013/09/18-17:31:10	12	1,890.559	60.098	1	0	1	0	0	0	0	1	0	0	1	3
2013/09/18-17:37:56	14	1,878.699	57.102	4	0	1	0	0	0	0	1	0	0	1	12
2013/09/18-17:38:41	14	1,878.699	57.102	4	0	0	0	1	0	1	1	0	0	1	10
2013/09/18-17:39:10	14	1,878.699	57.102	2	0	0	0	0	0	1	1	0	0	1	6
2013/09/18-17:39:37	14	1,878.699	57.102	19	0	0	3	0	0	0	1	1	0	0	60
2013/09/18-17:40:56	14	1,878.699	57.102	1	0	0	0	0	0	1	1	0	0	1	4
2013/09/18-17:51:20	14	1,878.699	57.102	4	0	1	0	2	0	0	1	0	0	1	19
2013/09/18-17:51:57	14	1,878.699	57.102	9	0	0	0	0	0	1	1	0	0	1	17
2013/09/18-17:53:16	14	1,878.699	57.102	2	0	1	0	0	0	0	1	0	0	1	10
2013/09/18-17:54:20	14	1,878.699	57.102	1	0	0	0	0	0	1	1	0	0	1	3
2013/09/18-17:54:41	14	1,878.699	57.102	7	0	0	0	1	0	1	1	0	0	1	15
2013/09/19-09:55:45	12	1,869.624	62.635	1	0	1	0	0	0	0	1	0	0	1	3
2013/09/19-09:56:13	12	1,869.624	62.635	18	0	0	0	1	0	0	1	1	0	0	45
2013/09/19-09:57:16	12	1,869.624	62.635	5	0	0	0	2	0	0	1	1	0	0	17
2013/09/19-09:57:52	12	1,869.624	62.635	3	0	1	0	1	0	0	1	0	0	1	5
2013/09/19-09:58:17	12	1,869.624	62.635	5	0	0	2	0	0	0	1	1	0	0	28
2013/09/19-10:20:47	18	1,840.512	62.344	10	0	0	1	0	0	1	1	0	0	1	34
2013/09/19-10:21:40	18	1,840.512	62.344	5	0	0	0	0	0	1	1	0	0	1	9
2013/09/19-10:22:09	18	1,840.512	62.344	1	0	1	0	0	0	0	1	0	0	1	4
2013/09/19-10:22:36	18	1,840.512	62.344	1	0	0	0	0	0	0	1	1	0	0	9
2013/09/19-10:23:04	18	1,840.512	62.344	11	0	0	3	0	0	0	1	1	0	0	41
2013/09/19-10:31:57	18	1,840.512	62.344	9	0	0	3	0	0	0	1	1	0	0	40
2013/09/19-10:32:56	18	1,840.512	62.344	2	0	0	0	0	0	1	1	0	0	1	4
2013/09/19-10:33:31	18	1,818.8	59.358	8	0	0	0	0	0	1	1	0	0	1	21
2013/09/19-10:34:30	18	1,818.8	59.358	1	0	0	0	0	0	1	1	0	0	1	7
2013/09/19-10:35:08	18	1,818.8	59.358	4	0	1	0	1	0	0	1	0	0	1	12
2013/09/19-14:38:47	19	1,801.99	61.822	2	0	0	0	0	0	1	1	0	0	1	10
2013/09/19-14:40:06	19	1,801.99	61.822	3	0	0	0	0	0	1	1	0	0	1	7
2013/09/19-14:41:25	19	1,801.99	61.822	1	0	1	0	0	0	0	1	0	0	1	6
2013/09/19-14:41:50	19	1,801.99	61.822	1	0	0	0	0	0	1	1	0	0	1	3
2013/09/19-14:43:08	19	1,801.99	61.822	25	0	0	0	1	0	0	1	1	0	0	60
2013/09/19-14:49:23	19	1,801.99	61.822	2	0	0	0	0	0	1	1	0	0	1	7
2013/09/19-14:49:58	19	1,801.99	61.822	24	0	0	0	1	0	0	1	1	0	0	60
2013/09/19-14:51:16	19	1,801.99	61.822	2	0	0	0	0	0	1	1	0	0	1	4
2013/09/19-14:51:39	19	1,801.99	61.822	17	0	0	2	1	0	0	1	1	0	0	60
2013/09/19-14:52:58	19	1,801.99	61.822	2	0	0	0	0	0	1	1	0	0	1	6
2013/09/19-15:09:36	23	1,778.735	58.362	4	0	0	0	1	0	0	1	1	0	0	11
2013/09/19-15:10:07	23	1,778.735	58.362	3	0	0	0	0	0	1	1	0	0	1	16
2013/09/19-15:10:42	23	1,778.735	58.362	1	0	0	0	1	0	1	1	0	0	1	4
2013/09/19-15:11:09	23	1,778.735	58.362	9	0	1	4	0	0	0	1	0	0	1	51
2013/09/19-15:12:19	23	1,778.735	58.362	5	0	1	0	0	0	0	1	0	0	1	23
2013/09/19-18:58:02	23	1,778.966	62.745	6	0	0	0	2	0	0	1	1	0	0	20
2013/09/19-18:58:41	23	1,778.966	62.745	10	0	1	0	0	0	0	1	0	0	1	19
2013/09/19-18:59:20	23	1,778.966	62.745	16	0	0	4	0	0	0	1	0	0	1	60
2013/09/19-19:00:39	23	1,778.966	62.745	11	0	0	0	0	0	0	1	1	0	0	60
2013/09/19-19:01:58	23	1,778.966	62.745	1	0	0	0	1	0	0	1	1	0	0	9
2013/09/19-19:15:32	23	1,786.404	60.822	2	0	1	0	0	0	0	1	0	0	1	7
2013/09/19-19:16:03	23	1,786.404	60.822	20	0	0	0	1	0	1	1	0	0	1	38
2013/09/19-19:17:00	23	1,786.404	60.822	5	0	0	0	1	0	1	1	0	0	1	10
2013/09/19-19:17:31	23	1,786.404	60.822	15	0	0	2	1	0	0	1	1	0	0	60
2013/09/19-19:18:51	23	1,786.404	60.822	8	0	1	2	0	0	0	1	0	0	1	35
2013/09/19-19:32:13	23	1,786.404	60.822	2	0	0	0	0	0	1	1	0	0	1	9
2013/09/19-19:32:40	23	1,786.404	60.822	4	0	0	0	1	0	0	1	1	0	0	18
2013/09/19-19:33:18	23	1,786.404	60.822	22	0	0	0	1	0	0	1	1	0	0	49
2013/09/19-19:34:26	23	1,786.404	60.822	16	0	0	4	1	0	0	1	1	0	0	60
2013/09/19-19:35:45	23	1,786.404	60.822	6	0	0	0	0	0	0	1	1	0	0	29
2013/09/20-00:30:10	16	1,813.816	62.281	16	0	0	5	1	0	0	1	1	0	0	60
2013/09/20-00:31:31	16	1,813.816	62.281	2	0	1	0	0	0	0	1	0	0	1	6
2013/09/20-00:32:13	16	1,813.816	62.281	16	0	0	5	1	0	0	1	1	0	0	60
2013/09/20-00:33:32	16	1,813.816	62.281	22	0	0	0	1	0	0	1	1	0	0	60
2013/09/20-00:34:51	13	1,819.749	60.579	6	0	0	0	2	0	0	1	1	0	0	26
2013/09/20-00:56:24	13	1,819.749	60.579	8	0	1	0	0	0	0	1	0	0	1	27
2013/09/20-00:57:17	13	1,819.749	60.579	7	0	0	0	0	0	1	1	0	0	1	23
2013/09/20-00:57:58	13	1,819.749	60.579	12	0	1	0	0	0	0	1	0	0	1	22
2013/09/20-00:59:17	13	1,819.749	60.579	16	0	0	1	0	0	0	1	0	0	1	60
2013/09/20-01:00:36	13	1,819.749	60.579	10	0	0	2	0	0	0	1	1	0	0	60
2013/09/20-01:09:17	12	1,820.522	57.276	14	0	0	3	0	0	1	1	0	0	1	37
2013/09/20-01:10:13	12	1,820.522	57.276	11	0	1	2	0	0	0	1	0	0	1	35
2013/09/20-01:11:07	12	1,820.522	57.276	13	0	0	0	2	0	1	1	0	0	1	56
2013/09/20-01:12:23	12	1,820.522	57.276	30	0	0	0	1	0	0	1	1	0	0	60
2013/09/20-01:13:42	12	1,820.522	57.276	9	0	1	2	0	0	0	1	0	0	1	28
2013/09/20-05:16:57	11	1,829.761	61.972	10	0	0	3	3	0	0	1	1	0	0	33
2013/09/20-05:17:49	11	1,829.761	61.972	2	0	0	0	1	0	0	1	1	0	0	7
2013/09/20-05:18:16	11	1,829.761	61.972	2	0	0	0	2	0	0	1	1	0	0	5
2013/09/20-05:18:39	11	1,829.761	61.972	9	0	0	4	0	0	0	1	1	0	0	31
2013/09/20-05:19:29	9	1,836.961	61.221	8	0	0	0	1	0	1	1	1	0	0	19
2013/09/20-05:36:34	9	1,836.961	61.221	11	0	0	0	1	0	0	1	1	0	0	25
2013/09/20-05:37:19	9	1,836.961	61.221	16	0	0	0	0	0	0	1	1	0	0	60
2013/09/20-05:38:38	9	1,836.961	61.221	17	0	0	4	0	0	0	1	0	0	1	60
2013/09/20-05:39:57	9	1,836.961	61.221	16	0	0	3	0	0	0	1	1	0	0	55
2013/09/20-05:41:11	9	1,836.961	61.221	1	0	0	0	1	0	0	1	1	0	0	5
2013/09/20-05:50:26	7	1,849.175	59.001	1	0	1	0	1	0	0	1	0	0	1	3
2013/09/20-05:51:01	7	1,849.175	59.001	7	0	0	0	2	0	0	1	1	0	0	20
2013/09/20-05:51:40	7	1,849.175	59.001	1	0	0	0	3	0	0	1	1	0	0	5
2013/09/20-05:52:05	7	1,849.175	59.001	2	0	0	0	0	0	1	1	0	0	1	3
2013/09/20-05:52:45	7	1,849.175	59.001	1	0	0	0	0	0	1	1	0	0	1	10
2013/09/20-09:27:50	9	1,835.545	63.341	2	0	0	0	1	0	0	1	1	0	0	11
2013/09/20-09:28:20	9	1,835.545	63.341	6	0	0	3	3	0	0	1	1	0	0	25
2013/09/20-09:29:04	9	1,835.545	63.341	6	0	0	1	3	0	0	1	1	0	0	19
2013/09/20-09:29:42	9	1,835.545	63.341	2	0	0	0	1	0	0	1	1	0	0	10
2013/09/20-09:30:11	9	1,835.545	63.341	11	0	0	2	3	0	0	1	1	0	0	46
2013/09/20-09:48:48	9	1,835.545	63.341	4	0	0	0	1	0	0	1	1	0	0	11
2013/09/20-09:49:18	9	1,835.545	63.341	16	0	0	2	0	0	0	1	1	0	0	60
2013/09/20-09:50:37	9	1,835.545	63.341	7	0	0	3	0	0	1	1	0	0	1	42
2013/09/20-09:51:56	7	1,847.532	60.351	12	0	0	0	2	0	1	1	0	0	1	45
2013/09/20-09:53:00	7	1,847.532	60.351	6	0	0	0	0	0	1	1	0	0	1	14
2013/09/20-10:06:49	7	1,847.532	60.351	9	0	0	0	1	0	1	1	0	0	1	34
2013/09/20-10:07:42	7	1,847.532	60.351	1	0	0	0	0	0	1	1	0	0	1	5
2013/09/20-10:08:23	7	1,847.532	60.351	3	0	1	1	0	0	0	1	0	0	1	11
2013/09/20-10:09:11	7	1,847.532	60.351	5	0	0	0	2	0	1	1	0	0	1	26
2013/09/20-10:10:04	7	1,847.532	60.351	2	0	1	0	0	0	0	1	0	0	1	11
2013/09/20-15:43:10	8	1,817.896	63.26	15	0	0	4	0	0	0	1	1	0	0	60
2013/09/20-15:44:30	8	1,817.896	63.26	19	0	0	7	1	0	0	1	1	0	0	60
2013/09/20-15:45:49	8	1,817.896	63.26	1	0	0	0	2	0	1	1	0	0	1	5
2013/09/20-15:46:13	8	1,817.896	63.26	16	0	0	0	0	0	1	1	0	0	1	32
2013/09/20-15:47:03	8	1,817.896	63.26	9	0	0	3	0	0	1	1	0	0	1	30
2013/09/20-15:54:37	11	1,806.115	61.94	1	0	0	0	0	0	0	1	1	0	0	8
2013/09/20-15:55:04	11	1,806.115	61.94	0	0	1	0	0	0	0	1	0	0	1	6
2013/09/20-15:56:23	11	1,806.115	61.94	1	0	0	0	1	0	0	1	1	0	0	4
2013/09/20-15:56:45	11	1,806.115	61.94	11	0	0	1	0	0	1	1	0	0	1	43
2013/09/20-15:58:05	11	1,806.115	61.94	23	0	0	0	0	0	1	1	0	0	1	46
2013/09/20-16:15:26	11	1,806.115	61.94	1	0	0	0	0	0	1	1	0	0	1	4
2013/09/20-16:15:50	11	1,806.115	61.94	4	0	0	0	0	0	1	1	0	0	1	12
2013/09/20-16:16:35	11	1,803.125	57.691	2	0	1	0	0	0	0	1	0	0	1	8
2013/09/20-16:17:02	11	1,803.125	57.691	4	0	0	2	1	0	1	1	0	0	1	21
2013/09/20-16:17:43	11	1,803.125	57.691	1	0	0	0	1	0	1	1	0	0	1	5
2013/09/20-21:37:31	14	1,787.726	66.141	2	0	0	0	0	0	1	1	0	0	1	8
2013/09/20-21:37:59	14	1,787.726	66.141	1	0	0	0	0	0	1	1	0	0	1	3
2013/09/20-21:39:17	14	1,787.726	66.141	16	0	0	0	0	0	1	1	0	0	1	26
2013/09/20-21:40:03	14	1,787.726	66.141	24	0	1	1	0	0	0	1	0	0	1	47
2013/09/20-21:41:22	14	1,787.726	66.141	2	0	0	0	0	0	1	1	0	0	1	7
2013/09/20-22:04:23	14	1,780.922	62.398	0	0	1	0	0	0	0	1	0	0	1	4
2013/09/20-22:04:50	14	1,780.922	62.398	2	0	1	0	2	0	0	1	0	0	1	4
2013/09/20-22:05:15	14	1,780.922	62.398	17	0	0	4	1	0	0	1	1	0	0	57
2013/09/20-22:06:31	14	1,780.922	62.398	11	0	0	0	0	0	0	1	1	0	0	60
2013/09/20-22:07:50	14	1,780.922	62.398	13	0	0	0	0	0	1	1	0	0	1	30
2013/09/20-22:20:19	14	1,780.922	62.398	1	0	0	0	0	0	1	1	0	0	1	4
2013/09/20-22:21:38	14	1,780.922	62.398	2	0	0	0	3	0	0	1	1	0	0	6
2013/09/20-22:22:03	14	1,780.922	62.398	14	0	0	3	1	0	0	1	1	0	0	52
2013/09/20-22:23:14	14	1,780.922	62.398	4	0	0	0	0	0	1	1	0	0	1	9
2013/09/20-22:24:33	14	1,780.922	62.398	1	0	0	0	1	0	0	1	1	0	0	5
2013/12/27-09:51:12	14	1,792.524	70.368	14	0	0	0	0	0	0	1	1	0	0	60
2013/12/27-09:52:34	14	1,792.524	70.368	1	0	1	0	0	0	0	1	0	0	1	7
2013/12/27-09:53:53	14	1,792.524	70.368	8	0	1	1	0	0	0	1	0	0	1	25
2013/12/27-09:55:11	14	1,792.524	70.368	11	0	0	0	0	0	1	1	0	0	1	18
2013/12/27-09:56:22	14	1,792.524	70.368	2	0	0	0	0	0	0	1	1	0	0	9
2013/12/27-10:27:52	13	1,803.29	65.831	2	0	1	0	0	0	0	1	0	0	1	5
2013/12/27-10:28:26	13	1,803.29	65.831	10	0	1	2	0	0	0	1	0	0	1	39
2013/12/27-10:29:45	13	1,803.29	65.831	3	0	0	0	0	0	1	1	0	0	1	9
2013/12/27-10:30:23	13	1,803.29	65.831	7	0	1	2	0	0	0	1	0	0	1	24
2013/12/27-10:31:26	13	1,803.29	65.831	3	0	1	0	0	0	0	1	0	0	1	7
2013/12/27-10:42:29	16	1,772.357	61.943	1	0	0	0	0	0	1	1	0	0	1	4
2013/12/27-10:43:04	16	1,772.357	61.943	1	0	1	0	0	0	0	1	0	0	1	6
2013/12/27-10:44:23	16	1,772.357	61.943	14	0	0	2	0	0	1	1	0	0	1	50
2013/12/27-10:45:41	16	1,772.357	61.943	1	0	0	0	0	0	1	1	0	0	1	4
2013/12/27-10:46:18	16	1,772.357	61.943	31	0	0	0	0	0	1	1	0	0	1	54
2013/12/28-01:42:18	16	1,752.459	75.345	2	0	1	0	1	0	0	1	0	0	1	3
2013/12/28-01:42:41	19	1,738.442	74.55	10	0	0	1	0	0	1	1	0	0	1	31
2013/12/28-01:43:31	19	1,738.442	74.55	2	0	0	0	0	0	1	1	0	0	1	4
2013/12/28-01:44:05	19	1,738.442	74.55	3	0	0	0	1	0	1	1	0	0	1	16
2013/12/28-01:44:40	19	1,738.442	74.55	7	0	1	1	1	0	0	1	0	0	1	32
2013/12/28-01:50:35	19	1,738.442	74.55	7	0	0	3	0	0	1	1	0	0	1	19
2013/12/28-01:51:38	19	1,738.442	74.55	18	0	0	0	0	0	1	1	0	0	1	31
2013/12/28-01:52:28	19	1,738.442	74.55	1	0	0	0	0	0	1	1	0	0	1	3
2013/12/28-01:52:57	19	1,738.442	74.55	14	0	0	0	1	0	0	1	1	0	0	60
2013/12/28-01:54:16	19	1,738.442	74.55	3	0	0	0	1	0	0	1	1	0	0	14
2013/12/28-02:09:42	19	1,738.442	74.55	9	0	0	0	2	0	0	1	1	0	0	34
2013/12/28-02:10:35	19	1,738.442	74.55	13	0	0	2	0	0	0	1	1	0	0	60
2013/12/28-02:11:54	19	1,738.442	74.55	2	0	0	0	1	0	1	1	0	0	1	8
2013/12/28-02:12:50	19	1,738.442	74.55	11	0	0	3	0	0	0	1	1	0	0	60
2013/12/28-02:14:09	19	1,738.442	74.55	3	0	0	0	0	0	1	1	0	0	1	9
2013/12/28-08:22:40	25	1,683.544	75.617	2	0	1	0	0	0	0	1	0	0	1	7
2013/12/28-08:24:10	25	1,683.544	75.617	2	0	1	0	0	0	0	1	0	0	1	11
2013/12/28-08:24:41	25	1,683.544	75.617	18	0	0	3	1	0	0	1	1	0	0	60
2013/12/28-08:26:00	25	1,683.544	75.617	17	0	0	0	1	0	0	1	1	0	0	60
2013/12/28-08:29:50	23	1,706.613	70.918	13	0	0	0	0	0	0	1	1	0	0	60
2013/12/28-08:56:47	23	1,706.613	70.918	3	0	1	0	0	0	0	1	0	0	1	8
2013/12/28-08:57:14	23	1,706.613	70.918	7	0	1	0	0	0	0	1	0	0	1	38
2013/12/28-08:58:33	23	1,706.613	70.918	5	0	0	0	1	0	1	1	0	0	1	16
2013/12/28-08:59:52	23	1,706.613	70.918	16	0	0	2	1	0	0	1	1	0	0	42
2013/12/28-09:00:54	23	1,706.613	70.918	1	0	0	0	0	0	1	1	0	0	1	4
2013/12/28-09:17:08	26	1,686.432	65.522	13	0	0	0	0	0	0	1	1	0	0	60
2013/12/28-09:18:27	26	1,686.432	65.522	20	0	0	2	0	0	0	1	1	0	0	60
2013/12/28-09:19:46	26	1,686.432	65.522	1	0	0	0	0	0	1	1	0	0	1	5
2013/12/28-09:20:29	26	1,686.432	65.522	14	0	0	0	0	0	1	1	0	0	1	30
2013/12/28-09:21:18	26	1,686.432	65.522	1	0	0	0	0	0	1	1	0	0	1	4
2013/12/28-15:11:13	26	1,677.461	68.374	4	0	0	1	0	0	1	1	0	0	1	13
2013/12/28-15:12:24	26	1,677.461	68.374	1	0	1	0	0	0	0	1	0	0	1	6
2013/12/28-15:12:49	26	1,677.461	68.374	13	0	0	3	0	0	1	1	0	0	1	39
2013/12/28-15:14:08	32	1,652.857	65.562	19	0	1	0	1	0	0	1	0	0	1	32
2013/12/28-15:14:59	32	1,652.857	65.562	11	0	0	1	0	0	0	1	0	0	1	60
2013/12/28-15:30:59	32	1,652.857	65.562	11	0	1	0	0	0	0	1	0	0	1	23
2013/12/28-15:31:41	32	1,652.857	65.562	4	0	0	0	0	0	1	1	0	0	1	9
2013/12/28-15:32:13	32	1,652.857	65.562	4	0	1	0	0	0	0	1	0	0	1	23
2013/12/28-15:33:32	32	1,652.857	65.562	13	0	0	0	0	0	0	1	1	0	0	60
2013/12/28-15:34:51	32	1,652.857	65.562	0	0	1	0	0	0	0	1	0	0	1	5
2013/12/28-15:45:37	32	1,652.857	65.562	8	0	0	0	1	0	1	1	0	0	1	21
2013/12/28-15:46:56	32	1,652.857	65.562	3	0	0	0	1	0	0	1	1	0	0	11
2013/12/28-15:47:25	32	1,652.857	65.562	12	0	0	1	1	0	0	1	1	0	0	35
2013/12/28-15:48:19	32	1,652.857	65.562	7	0	0	0	1	0	1	1	0	0	1	9
2013/12/28-15:49:27	32	1,652.857	65.562	9	0	0	0	2	0	1	1	1	0	0	37
2013/12/28-20:51:13	28	1,672.734	67.457	12	0	0	0	1	0	1	1	0	0	1	20
2013/12/28-20:51:57	28	1,672.734	67.457	8	0	0	0	0	0	1	1	0	0	1	16
2013/12/28-20:52:32	28	1,672.734	67.457	15	0	1	1	0	0	0	1	0	0	1	38
2013/12/28-20:53:29	28	1,672.734	67.457	1	0	0	0	0	0	0	1	1	0	0	3
2013/12/28-20:53:51	28	1,672.734	67.457	2	0	1	0	0	0	0	1	0	0	1	9
2013/12/28-21:07:52	28	1,672.734	67.457	11	0	0	4	0	0	1	1	0	0	1	26
2013/12/28-21:08:58	28	1,672.734	67.457	15	0	0	0	1	0	1	1	0	0	1	37
2013/12/28-21:09:55	28	1,672.734	67.457	5	0	0	2	0	0	1	1	0	0	1	20
2013/12/28-21:10:40	28	1,672.734	67.457	12	0	0	0	0	0	0	1	1	0	0	41
2013/12/28-21:11:40	28	1,672.734	67.457	4	0	0	1	0	0	1	1	0	0	1	19
2013/12/28-21:45:45	25	1,688.199	60.687	1	0	1	0	1	0	0	1	0	0	1	7
2013/12/28-21:46:11	25	1,688.199	60.687	1	0	0	0	0	0	1	1	0	0	1	3
2013/12/28-21:46:42	25	1,688.199	60.687	9	0	0	0	0	0	0	1	1	0	0	13
2013/12/28-21:47:13	25	1,688.199	60.687	2	0	1	0	0	0	0	1	0	0	1	6
2013/12/28-21:48:32	25	1,688.199	60.687	13	0	0	0	1	0	1	1	0	0	1	31
2013/12/28-22:10:09	25	1,688.199	60.687	17	0	0	2	0	0	1	1	0	0	1	53
2013/12/28-22:11:19	25	1,688.199	60.687	6	0	0	0	2	0	0	1	1	0	0	23
2013/12/28-22:12:00	25	1,688.199	60.687	13	0	1	2	0	0	0	1	0	0	1	39
2013/12/28-22:13:08	25	1,688.199	60.687	2	0	1	0	0	0	0	1	0	0	1	7
2013/12/28-22:13:55	25	1,688.199	60.687	7	0	0	0	0	0	1	1	0	0	1	12
2013/12/28-23:18:50	21	1,710.161	56.927	5	0	0	0	2	0	1	1	0	0	1	16
2013/12/28-23:19:26	21	1,710.161	56.927	11	0	0	2	0	0	0	1	0	0	1	60
2013/12/28-23:20:45	21	1,710.161	56.927	10	0	0	0	1	0	0	1	1	0	0	20
2013/12/28-23:21:24	21	1,710.161	56.927	10	0	0	0	1	0	0	1	1	0	0	20
2013/12/28-23:22:02	21	1,710.161	56.927	8	0	1	1	0	0	0	1	0	0	1	27
2013/12/28-23:45:03	18	1,725.571	54.291	1	0	0	0	0	0	1	1	0	0	1	4
2013/12/28-23:46:22	18	1,725.571	54.291	4	0	1	0	0	0	0	1	0	0	1	23
2013/12/28-23:47:04	18	1,725.571	54.291	14	0	0	0	0	0	0	1	0	0	1	60
2013/12/28-23:48:23	18	1,725.571	54.291	15	0	0	0	0	0	0	1	1	0	0	25
2013/12/28-23:49:07	18	1,725.571	54.291	11	0	0	0	1	0	0	1	1	0	0	60
2013/12/29-00:04:57	18	1,725.571	54.291	15	0	1	0	0	0	0	1	0	0	1	28
2013/12/29-00:05:44	18	1,725.571	54.291	1	0	0	0	0	0	1	1	0	0	1	4
2013/12/29-00:06:18	18	1,725.571	54.291	17	0	0	0	1	0	1	1	0	0	1	25
2013/12/29-00:07:02	18	1,725.571	54.291	14	0	0	1	1	0	0	1	1	0	0	45
2013/12/29-00:08:06	18	1,725.571	54.291	14	0	0	1	0	0	0	1	0	0	1	60
2013/12/29-04:48:54	17	1,737.743	59.316	9	0	0	2	2	0	0	1	1	0	0	45
2013/12/29-04:49:59	17	1,737.743	59.316	9	0	0	0	0	0	1	1	0	0	1	31
2013/12/29-04:50:49	17	1,737.743	59.316	17	0	0	4	0	0	0	1	1	0	0	60
2013/12/29-04:52:08	17	1,737.743	59.316	2	0	1	0	0	0	0	1	0	0	1	4
2013/12/29-04:52:31	17	1,737.743	59.316	20	0	1	0	0	0	0	1	0	0	1	42
2013/12/29-05:17:56	16	1,746.964	56.379	0	0	1	0	0	0	0	1	0	0	1	6
2013/12/29-05:18:36	16	1,746.964	56.379	19	0	1	0	1	0	0	1	0	0	1	38
2013/12/29-05:19:33	16	1,746.964	56.379	5	0	0	0	1	0	0	1	1	0	0	20
2013/12/29-05:20:12	16	1,746.964	56.379	4	0	0	0	0	0	1	1	0	0	1	14
2013/12/29-05:21:04	16	1,746.964	56.379	10	0	0	4	0	0	0	1	0	0	1	60
2013/12/29-05:37:25	16	1,746.964	56.379	17	0	0	1	0	0	0	1	0	0	1	60
2013/12/29-05:38:44	16	1,746.964	56.379	3	0	0	0	0	0	1	1	0	0	1	13
2013/12/29-05:39:36	16	1,746.964	56.379	13	0	1	0	0	0	0	1	0	0	1	45
2013/12/29-05:40:40	16	1,746.964	56.379	6	0	0	0	2	0	1	1	0	0	1	11
2013/12/29-05:41:10	16	1,746.964	56.379	3	0	1	0	1	0	0	1	0	0	1	6
2013/12/29-09:03:46	19	1,737.534	57.587	1	0	0	0	0	0	0	1	1	0	0	3
2013/12/29-09:04:08	19	1,737.534	57.587	10	0	0	2	0	0	0	1	1	0	0	50
2013/12/29-09:05:17	19	1,737.534	57.587	2	0	0	0	1	0	1	1	0	0	1	7
2013/12/29-09:05:43	19	1,737.534	57.587	3	0	1	0	0	0	0	1	0	0	1	7
2013/12/29-09:06:08	19	1,737.534	57.587	23	0	0	0	0	0	1	1	0	0	1	37
2013/12/29-09:11:51	19	1,728.906	56.194	11	0	0	1	0	0	0	1	0	0	1	60
2013/12/29-09:13:11	19	1,728.906	56.194	1	0	0	0	0	0	1	1	0	0	1	3
2013/12/29-09:14:03	19	1,728.906	56.194	4	0	0	0	0	0	0	1	1	0	0	9
2013/12/29-09:14:32	19	1,728.906	56.194	4	0	0	0	0	0	1	1	0	0	1	20
2013/12/29-09:15:11	19	1,728.906	56.194	3	0	0	0	1	0	1	1	0	0	1	16
2013/12/29-09:30:45	19	1,728.906	56.194	4	0	0	1	0	0	1	1	0	0	1	9
2013/12/29-09:31:54	19	1,728.906	56.194	9	0	0	3	0	0	0	1	0	0	1	60
2013/12/29-09:33:13	19	1,728.906	56.194	1	0	1	0	1	0	0	1	0	0	1	6
2013/12/29-09:33:38	19	1,728.906	56.194	31	0	0	0	1	0	1	1	0	0	1	48
2013/12/29-09:34:46	19	1,728.906	56.194	14	0	0	0	2	0	0	1	1	0	0	57
2013/12/30-07:16:04	16	1,739.03	77.462	7	0	0	2	0	0	0	1	1	0	0	25
2013/12/30-07:16:51	16	1,739.03	77.462	14	0	0	2	0	0	0	1	0	0	1	60
2013/12/30-07:18:09	16	1,739.03	77.462	11	0	1	1	0	0	0	1	0	0	1	38
2013/12/30-07:19:21	16	1,739.03	77.462	7	0	0	1	1	0	0	1	1	0	0	18
2013/12/30-07:19:57	16	1,739.03	77.462	3	0	0	1	0	0	0	1	1	0	0	15
2013/12/30-07:45:08	16	1,739.03	77.462	6	0	0	5	0	0	1	1	0	0	1	27
2013/12/30-07:46:27	21	1,727.125	72.841	6	0	0	1	0	0	0	1	1	0	0	25
2013/12/30-07:47:11	21	1,727.125	72.841	13	0	0	1	1	0	0	1	1	0	0	60
2013/12/30-07:48:30	21	1,727.125	72.841	18	0	0	2	1	0	0	1	1	0	0	60
2013/12/30-07:49:49	21	1,727.125	72.841	7	0	1	1	0	0	0	1	0	0	1	23
2013/12/30-08:09:36	21	1,727.125	72.841	17	0	0	2	1	0	0	1	1	0	0	60
2013/12/30-08:10:55	21	1,727.125	72.841	12	0	0	2	0	0	1	1	0	0	1	24
2013/12/30-08:12:14	21	1,727.125	72.841	13	0	0	1	0	0	0	1	0	0	1	60
2013/12/30-08:13:32	21	1,727.125	72.841	6	0	1	1	0	0	0	1	0	0	1	16
2013/12/30-08:14:49	21	1,727.125	72.841	21	0	0	2	0	0	0	1	0	0	1	60
2013/12/30-09:00:13	20	1,728.541	66.643	19	0	0	3	1	0	0	1	1	0	0	60
2013/12/30-09:01:32	20	1,728.541	66.643	10	0	0	2	0	0	1	1	0	0	1	31
2013/12/30-09:02:22	20	1,728.541	66.643	3	0	0	1	1	0	0	1	1	0	0	8
2013/12/30-09:02:48	20	1,728.541	66.643	11	0	1	1	0	0	0	1	0	0	1	37
2013/12/30-09:03:44	20	1,728.541	66.643	8	0	0	1	0	0	0	1	1	0	0	17
2013/12/30-09:25:49	20	1,728.541	66.643	14	0	0	2	1	0	0	1	1	0	0	54
2013/12/30-09:27:02	20	1,728.541	66.643	17	0	0	3	1	0	0	1	1	0	0	60
2013/12/30-09:28:21	20	1,728.541	66.643	10	0	0	2	0	0	0	1	0	0	1	60
2013/12/30-09:29:39	20	1,728.541	66.643	8	0	0	1	0	0	0	1	0	0	1	60
2013/12/30-09:30:58	16	1,740.033	61.949	8	0	1	1	0	0	0	1	0	0	1	21
2013/12/30-09:51:05	16	1,740.033	61.949	12	0	0	3	0	0	0	1	0	0	1	60
2013/12/30-09:52:24	16	1,740.033	61.949	16	0	0	2	0	0	0	1	1	0	0	31
2013/12/30-09:53:14	16	1,740.033	61.949	10	0	0	2	2	0	0	1	1	0	0	25
2013/12/30-09:53:58	16	1,740.033	61.949	14	0	0	4	0	0	0	1	1	0	0	60
2013/12/30-09:55:16	16	1,740.033	61.949	13	0	0	3	0	0	1	1	0	0	1	28
2013/12/30-14:53:44	16	1,757.692	64.451	19	0	0	3	1	0	0	1	1	0	0	60
2013/12/30-14:55:03	16	1,757.692	64.451	16	0	0	2	0	0	0	1	0	0	1	60
2013/12/30-14:56:57	15	1,759.266	63.542	18	0	0	1	0	0	0	1	1	0	0	55
2013/12/30-14:58:07	15	1,759.266	63.542	13	0	1	1	0	0	0	1	0	0	1	33
2013/12/30-14:59:00	15	1,759.266	63.542	4	0	1	0	0	0	0	1	0	0	1	23
2013/12/30-15:30:09	15	1,759.266	63.542	8	0	1	2	0	0	0	1	0	0	1	33
2013/12/30-15:31:01	15	1,759.266	63.542	15	0	0	3	1	0	0	1	1	0	0	59
2013/12/30-15:32:19	15	1,759.266	63.542	5	0	0	3	0	0	0	1	1	0	0	23
2013/12/30-15:33:01	15	1,759.266	63.542	13	0	0	1	1	0	0	1	1	0	0	32
2013/12/30-15:33:53	15	1,759.266	63.542	14	0	1	3	0	0	0	1	0	0	1	50
2013/12/30-15:49:12	13	1,770.918	59.295	18	0	0	3	1	0	0	1	1	0	0	60
2013/12/30-15:50:31	13	1,770.918	59.295	5	0	1	3	0	0	0	1	0	0	1	25
2013/12/30-15:51:14	13	1,770.918	59.295	13	0	0	2	1	0	0	1	1	0	0	60
2013/12/30-15:52:34	13	1,770.918	59.295	12	0	0	1	0	0	0	1	0	0	1	60
2013/12/30-15:53:53	13	1,770.918	59.295	2	0	0	0	0	0	1	1	0	0	1	6
2013/12/30-22:07:12	14	1,774.866	64.383	7	0	0	2	0	0	1	1	0	0	1	21
2013/12/30-22:08:07	14	1,774.866	64.383	4	0	1	0	0	0	0	1	0	0	1	9
2013/12/30-22:08:43	14	1,774.866	64.383	12	0	0	1	1	0	0	1	1	0	0	60
2013/12/30-22:10:02	14	1,774.866	64.383	3	0	0	1	0	0	1	1	0	0	1	22
2013/12/30-22:11:07	14	1,774.866	64.383	10	0	1	3	0	0	0	1	0	0	1	49
2013/12/31-09:28:13	12	1,770.432	73.258	7	0	0	0	0	0	0	1	1	0	0	31
2013/12/31-09:29:04	12	1,770.432	73.258	22	0	0	0	1	0	0	1	1	0	0	60
2013/12/31-09:30:23	12	1,770.432	73.258	8	0	0	2	1	0	0	1	1	0	0	35
2013/12/31-09:31:17	12	1,770.432	73.258	1	0	1	0	1	0	0	1	0	0	1	6
2013/12/31-09:31:43	12	1,770.432	73.258	8	0	0	3	0	0	0	1	1	0	0	46
2013/12/31-09:52:46	12	1,770.432	73.258	5	0	0	0	2	0	0	1	1	0	0	24
2013/12/31-09:53:29	12	1,770.432	73.258	9	0	0	0	0	0	0	1	1	0	0	45
2013/12/31-09:54:33	12	1,770.432	73.258	6	0	1	0	0	0	0	1	0	0	1	14
2013/12/31-09:55:15	12	1,770.432	73.258	3	0	0	5	0	0	1	1	0	0	1	15
2013/12/31-09:55:49	12	1,770.432	73.258	17	0	0	0	0	0	0	1	1	0	0	58
2013/12/31-10:09:19	8	1,813.335	65.913	4	0	1	0	1	0	0	1	0	0	1	13
2013/12/31-10:10:11	8	1,813.335	65.913	6	0	1	1	0	0	0	1	0	0	1	21
2013/12/31-10:11:00	8	1,813.335	65.913	1	0	0	0	0	0	1	1	0	0	1	10
2013/12/31-10:11:28	8	1,813.335	65.913	1	0	0	0	0	0	1	1	0	0	1	3
2013/12/31-10:11:55	8	1,813.335	65.913	4	0	0	0	0	0	1	1	0	0	1	9
2013/12/31-13:30:35	14	1,776.311	67.19	17	0	0	6	2	0	0	1	1	0	0	52
2013/12/31-13:31:46	14	1,776.311	67.19	4	0	0	2	0	0	0	1	1	0	0	30
2013/12/31-13:32:35	14	1,776.311	67.19	2	0	0	0	2	0	0	1	1	0	0	10
2013/12/31-13:33:03	14	1,776.311	67.19	2	0	0	0	2	0	0	1	1	0	0	8
2013/12/31-13:33:30	14	1,776.311	67.19	9	0	0	7	1	0	1	1	0	0	1	33
2013/12/31-13:52:57	9	1,786.355	65.057	2	0	0	0	1	0	1	1	0	0	1	4
2013/12/31-13:53:23	9	1,786.355	65.057	5	0	1	0	0	0	0	1	0	0	1	29
2013/12/31-13:54:11	9	1,786.355	65.057	10	0	0	0	0	0	0	1	1	0	0	22
2013/12/31-13:54:51	9	1,786.355	65.057	1	0	1	0	1	0	0	1	0	0	1	6
2013/12/31-13:55:17	9	1,786.355	65.057	10	0	1	0	1	0	0	1	0	0	1	35
2013/12/31-14:03:27	9	1,786.355	65.057	4	0	0	0	1	0	0	1	1	0	0	19
2013/12/31-14:04:04	9	1,786.355	65.057	4	0	0	0	1	0	0	1	1	0	0	14
2013/12/31-14:04:38	9	1,786.355	65.057	1	0	1	0	0	0	0	1	0	0	1	4
2013/12/31-14:05:02	9	1,786.355	65.057	4	0	1	0	0	0	0	1	0	0	1	8
2013/12/31-14:05:29	9	1,786.355	65.057	3	0	1	0	2	0	0	1	0	0	1	7
2013/12/31-17:46:07	18	1,741.498	64.897	1	0	0	0	1	0	1	1	0	0	1	6
2013/12/31-17:46:33	18	1,741.498	64.897	9	0	0	2	0	0	1	1	0	0	1	37
2013/12/31-17:47:28	18	1,741.498	64.897	6	0	0	2	1	0	1	1	0	0	1	24
2013/12/31-17:48:16	18	1,741.498	64.897	27	0	0	0	1	0	0	1	1	0	0	60
2013/12/31-17:49:34	18	1,741.498	64.897	9	0	0	2	1	0	0	1	1	0	0	34
2013/12/31-18:02:54	18	1,736.144	62.179	4	0	0	2	0	0	0	1	1	0	0	60
2013/12/31-18:04:13	18	1,736.144	62.179	12	0	1	0	0	0	0	1	0	0	1	26
2013/12/31-18:04:58	18	1,736.144	62.179	1	0	0	0	0	0	1	1	0	0	1	3
2013/12/31-18:06:50	18	1,736.144	62.179	2	0	0	0	0	0	1	1	0	0	1	6
2013/12/31-18:07:12	18	1,736.144	62.179	2	0	0	0	1	0	0	1	1	0	0	6
2013/12/31-18:21:34	18	1,736.144	62.179	5	0	0	0	0	0	1	1	0	0	1	13
2013/12/31-18:22:06	18	1,736.144	62.179	9	0	1	0	1	0	0	1	0	0	1	31
2013/12/31-18:23:01	18	1,736.144	62.179	6	0	1	0	0	0	0	1	0	0	1	27
2013/12/31-18:23:47	18	1,733.04	57.467	18	0	0	0	0	0	0	1	1	0	0	60
2013/12/31-18:25:05	18	1,733.04	57.467	2	0	1	0	0	0	0	1	0	0	1	4
2013/12/31-21:44:31	18	1,726.186	61.668	4	0	1	0	1	0	0	1	0	0	1	14
2013/12/31-21:45:04	18	1,726.186	61.668	14	0	0	0	0	0	1	1	0	0	1	33
2013/12/31-21:45:56	18	1,726.186	61.668	12	0	0	2	0	0	0	1	1	0	0	60
2013/12/31-21:47:15	18	1,726.186	61.668	2	0	0	0	2	0	0	1	1	0	0	4
2013/12/31-21:47:37	18	1,726.186	61.668	4	0	0	0	0	0	1	1	0	0	1	10
2013/12/31-22:03:23	18	1,726.186	61.668	6	0	1	0	0	0	0	1	0	0	1	20
2013/12/31-22:04:41	18	1,726.186	61.668	16	0	0	2	0	0	0	1	0	0	1	60
2013/12/31-22:06:00	18	1,726.186	61.668	2	0	0	0	0	0	1	1	0	0	1	10
2013/12/31-22:06:52	18	1,726.186	61.668	1	0	0	0	0	0	1	1	0	0	1	3
2013/12/31-22:07:14	18	1,726.186	61.668	26	0	0	0	1	0	0	1	1	0	0	60
2013/12/31-22:18:47	21	1,703.958	56.836	20	0	0	0	1	0	0	1	1	0	0	60
2013/12/31-22:20:06	21	1,703.958	56.836	2	0	0	0	1	0	0	1	1	0	0	6
2013/12/31-22:20:31	21	1,703.958	56.836	9	0	0	3	0	0	0	1	1	0	0	60
2013/12/31-22:21:50	21	1,703.958	56.836	1	0	1	0	1	0	0	1	1	0	0	3
2013/12/31-22:22:12	21	1,703.958	56.836	17	0	0	5	1	0	1	1	0	0	1	49
2014/01/01-01:44:53	16	1,732.089	59.846	15	0	0	5	2	0	0	1	1	0	0	57
2014/01/01-01:46:08	16	1,732.089	59.846	15	0	0	3	0	0	0	1	1	0	0	60
2014/01/01-01:47:27	16	1,732.089	59.846	3	0	0	0	0	0	1	1	0	0	1	11
2014/01/01-01:48:45	16	1,732.089	59.846	4	0	0	0	0	0	1	1	0	0	1	8
2014/01/01-01:49:38	16	1,732.089	59.846	4	0	1	0	0	0	0	1	0	0	1	24
2014/01/01-02:18:38	19	1,721.049	57.271	22	0	0	0	0	0	0	1	1	0	0	60
2014/01/01-02:19:57	19	1,721.049	57.271	1	0	0	0	1	0	1	1	0	0	1	6
2014/01/01-02:20:22	19	1,721.049	57.271	6	0	0	2	2	0	1	1	1	0	0	19
2014/01/01-02:21:00	19	1,721.049	57.271	4	0	1	0	0	0	0	1	0	0	1	26
2014/01/01-02:21:45	19	1,721.049	57.271	16	0	0	5	2	0	0	1	1	0	0	60
2014/01/01-02:37:15	19	1,721.049	57.271	2	0	0	0	1	0	1	1	0	0	1	7
2014/01/01-02:37:41	19	1,721.049	57.271	11	0	0	0	0	0	0	1	1	0	0	31
2014/01/01-02:38:30	19	1,721.049	57.271	5	0	0	0	0	0	1	1	0	0	1	18
2014/01/01-02:39:07	19	1,721.049	57.271	20	0	0	3	0	0	0	1	0	0	1	60
2014/01/01-02:40:26	19	1,721.049	57.271	8	0	1	0	0	0	0	1	0	0	1	19
2014/01/01-05:53:23	13	1,747.575	58.461	6	0	0	0	1	0	0	1	1	0	0	24
2014/01/01-05:54:06	13	1,747.575	58.461	2	0	0	0	0	0	1	1	0	0	1	11
2014/01/01-05:54:50	13	1,747.575	58.461	28	0	0	0	1	0	0	1	1	0	0	60
2014/01/01-05:56:09	13	1,747.575	58.461	5	0	0	0	2	0	1	1	0	0	1	13
2014/01/01-05:56:41	13	1,747.575	58.461	15	0	0	2	0	0	0	1	0	0	1	60
2014/01/01-06:22:50	14	1,744.662	56.087	1	0	0	0	1	0	1	1	0	0	1	3
2014/01/01-06:23:51	14	1,744.662	56.087	3	0	1	0	0	0	0	1	0	0	1	15
2014/01/01-06:24:24	14	1,744.662	56.087	5	0	0	0	0	0	1	1	0	0	1	13
2014/01/01-06:25:43	14	1,744.662	56.087	24	0	0	5	0	0	0	1	0	0	1	60
2014/01/01-06:27:02	14	1,744.662	56.087	26	0	0	0	1	0	0	1	1	0	0	60
2014/01/01-06:37:00	14	1,744.662	56.087	1	0	1	0	0	0	0	1	0	0	1	6
2014/01/01-06:38:19	14	1,744.662	56.087	3	0	0	0	0	0	1	1	0	0	1	18
2014/01/01-06:38:57	14	1,744.662	56.087	11	0	0	0	0	0	1	1	0	0	1	31
2014/01/01-06:39:47	14	1,744.662	56.087	4	0	1	0	0	0	0	1	0	0	1	14
2014/01/01-06:40:20	14	1,744.662	56.087	23	0	0	0	1	0	0	1	1	0	0	60
2014/01/01-10:54:07	17	1,736.445	59.805	2	0	1	0	0	0	0	1	0	0	1	18
2014/01/01-10:54:43	17	1,736.445	59.805	1	0	0	0	0	0	1	1	0	0	1	7
2014/01/01-10:55:10	17	1,736.445	59.805	12	0	0	3	0	0	0	1	1	0	0	60
2014/01/01-10:56:29	17	1,736.445	59.805	15	0	0	0	0	0	0	1	1	0	0	31
2014/01/01-10:57:18	17	1,736.445	59.805	4	0	0	2	0	0	0	1	1	0	0	19
2014/01/01-11:09:55	17	1,739.979	58.006	15	0	0	2	0	0	1	1	0	0	1	45
2014/01/01-11:11:00	17	1,739.979	58.006	4	0	1	0	0	0	0	1	0	0	1	23
2014/01/01-11:12:00	17	1,739.979	58.006	6	0	0	0	1	0	1	1	0	0	1	25
2014/01/01-11:12:44	17	1,739.979	58.006	3	0	1	0	0	0	0	1	0	0	1	9
2014/01/01-11:13:46	17	1,739.979	58.006	6	0	1	0	0	0	0	1	0	0	1	15
2014/01/01-11:25:41	17	1,739.979	58.006	13	0	0	1	1	0	0	1	1	0	0	60
2014/01/01-11:27:00	17	1,739.979	58.006	5	0	0	0	0	0	0	1	1	0	0	24
2014/01/01-11:27:44	17	1,739.979	58.006	4	0	1	0	0	0	0	1	0	0	1	9
2014/01/01-11:28:24	17	1,739.979	58.006	1	0	0	0	0	0	1	1	0	0	1	5
2014/01/01-11:29:43	17	1,739.979	58.006	5	0	0	0	1	0	1	1	0	0	1	11
2014/01/01-15:07:12	21	1,709.175	59.199	12	0	0	2	1	0	0	1	1	0	0	60
2014/01/01-15:08:32	21	1,709.175	59.199	2	0	0	0	1	0	1	1	0	0	1	14
2014/01/01-15:09:06	21	1,709.175	59.199	1	0	0	0	1	0	1	1	0	0	1	3
2014/01/01-15:09:29	21	1,709.175	59.199	11	0	0	3	1	0	0	1	1	0	0	34
2014/01/01-15:10:24	21	1,709.175	59.199	4	0	0	0	0	0	0	1	1	0	0	13
2014/01/01-18:28:52	21	1,713.341	56.7	0	0	1	0	0	0	0	1	0	0	1	6
2014/01/01-18:30:03	21	1,713.341	56.7	5	0	0	0	1	0	0	1	1	0	0	12
2014/01/01-18:30:36	21	1,713.341	56.7	1	0	1	0	0	0	0	1	1	0	0	5
2014/01/01-18:31:02	21	1,713.341	56.7	9	0	1	0	1	0	0	1	0	0	1	24
2014/01/01-18:31:46	21	1,713.341	56.7	4	0	0	0	1	0	0	1	1	0	0	14
2014/01/01-18:52:22	21	1,713.341	56.7	11	0	1	0	0	0	0	1	0	0	1	44
2014/01/01-18:53:25	21	1,713.341	56.7	11	0	1	2	0	0	0	1	0	0	1	43
2014/01/01-18:54:27	21	1,713.341	56.7	1	0	1	0	0	0	0	1	0	0	1	4
2014/01/01-18:55:46	21	1,713.341	56.7	7	0	0	0	1	0	1	1	0	0	1	32
2014/01/01-18:56:37	21	1,713.341	56.7	5	0	1	0	0	0	0	1	0	0	1	29
2014/01/01-19:08:48	25	1,702.181	52.858	2	0	1	0	0	0	0	1	0	0	1	4
2014/01/01-19:10:07	25	1,702.181	52.858	2	0	0	0	1	0	1	1	0	0	1	7
2014/01/01-19:10:32	25	1,702.181	52.858	16	0	0	4	0	0	0	1	1	0	0	60
2014/01/01-19:11:51	25	1,702.181	52.858	8	0	0	2	0	0	1	1	0	0	1	19
2014/01/01-19:13:10	25	1,702.181	52.858	22	0	0	0	2	0	0	1	1	0	0	50
2014/01/02-02:06:11	24	1,688.947	57.938	7	0	0	0	1	0	0	1	1	0	0	29
2014/01/02-02:06:59	24	1,688.947	57.938	10	0	0	0	1	0	1	1	0	0	1	33
2014/01/02-02:08:18	24	1,688.947	57.938	11	0	0	3	0	0	0	1	1	0	0	60
2014/01/02-02:09:36	24	1,688.947	57.938	1	0	0	0	1	0	1	1	0	0	1	3
2014/01/02-02:10:02	24	1,688.947	57.938	29	0	0	0	2	0	0	1	1	0	0	58
2014/01/02-02:35:55	24	1,693.734	55.738	17	0	0	4	0	0	1	1	0	0	1	54
2014/01/02-02:37:14	24	1,693.734	55.738	24	0	0	0	2	0	0	1	1	0	0	60
2014/01/02-02:38:33	24	1,693.734	55.738	1	0	0	0	0	0	1	1	0	0	1	3
2014/01/02-02:39:52	24	1,693.734	55.738	3	0	0	0	1	0	1	1	0	0	1	12
2014/01/02-02:40:23	24	1,693.734	55.738	10	0	0	1	0	0	0	1	0	1	0	60
2014/01/02-03:01:36	24	1,692.879	53.258	4	0	1	1	0	0	0	1	0	0	1	21
2014/01/02-03:02:15	24	1,692.879	53.258	4	0	1	0	1	0	0	1	0	0	1	15
2014/01/02-03:02:49	24	1,692.879	53.258	2	0	0	3	3	0	0	1	1	0	0	7
2014/01/02-03:03:15	24	1,692.879	53.258	4	0	1	0	0	0	0	1	0	0	1	7
2014/01/02-03:03:55	24	1,692.879	53.258	20	0	0	0	1	0	0	1	1	0	0	56
2014/01/02-06:39:55	22	1,701.81	56.964	17	0	0	0	2	0	0	1	1	0	0	53
2014/01/02-06:41:07	22	1,701.81	56.964	3	0	0	0	2	0	0	1	1	0	0	8
2014/01/02-06:41:34	22	1,701.81	56.964	3	0	0	0	2	0	0	1	1	0	0	9
2014/01/02-06:42:02	22	1,701.81	56.964	29	0	0	0	0	0	0	1	0	0	1	60
2014/01/02-06:43:21	22	1,701.81	56.964	11	0	0	4	1	0	0	1	1	0	0	47
2014/01/02-06:54:01	22	1,701.81	56.964	1	0	0	0	1	0	1	1	0	0	1	4
2014/01/02-06:54:26	23	1,706.157	55.099	4	0	1	0	2	0	0	1	0	0	1	8
2014/01/02-06:54:54	23	1,706.157	55.099	7	0	0	2	0	0	0	1	1	0	0	19
2014/01/02-06:55:31	23	1,706.157	55.099	4	0	1	0	2	0	0	1	0	0	1	14
2014/01/02-06:56:04	23	1,706.157	55.099	2	0	0	0	0	0	1	1	0	0	1	6
2014/01/02-07:09:51	23	1,706.157	55.099	2	0	0	0	0	0	1	1	0	0	1	7
2014/01/02-07:10:23	23	1,706.157	55.099	7	0	0	3	0	0	0	1	1	0	0	35
2014/01/02-07:11:17	23	1,706.157	55.099	4	0	0	4	0	0	1	1	0	0	1	21
2014/01/02-08:01:31	23	1,706.157	55.099	2	0	0	0	0	0	1	1	0	0	1	9
2014/01/02-08:02:13	23	1,706.157	55.099	9	0	1	2	0	0	0	1	0	0	1	46
2014/01/02-11:23:48	23	1,704.257	57.151	9	0	0	0	1	0	0	1	1	0	0	39
2014/01/02-11:24:46	23	1,704.257	57.151	5	0	0	0	0	0	1	1	0	0	1	12
2014/01/02-11:25:41	23	1,704.257	57.151	10	0	0	0	2	0	0	1	1	0	0	27
2014/01/02-11:26:27	23	1,704.257	57.151	4	0	1	1	1	0	0	1	0	0	1	19
2014/01/02-11:27:05	23	1,704.257	57.151	2	0	0	0	0	0	0	1	1	0	0	60
2014/01/02-11:48:37	23	1,704.661	55.372	1	0	0	0	0	0	1	1	0	0	1	3
2014/01/02-11:48:59	23	1,704.661	55.372	13	0	0	0	1	0	0	1	1	0	0	60
2014/01/02-11:50:18	23	1,704.661	55.372	16	0	0	8	0	0	0	1	1	0	0	54
2014/01/02-11:51:31	23	1,704.661	55.372	1	0	0	0	1	0	1	1	0	0	1	4
2014/01/02-11:51:56	23	1,704.661	55.372	10	0	0	0	0	0	0	1	1	0	0	23
2014/01/02-12:04:02	23	1,704.661	55.372	17	0	0	3	0	0	0	1	0	1	0	60
2014/01/02-12:05:21	23	1,704.661	55.372	3	0	0	0	0	0	1	1	0	0	1	6
2014/01/02-12:06:40	23	1,704.661	55.372	6	0	1	0	0	0	0	1	0	0	1	21
2014/01/02-12:07:31	23	1,704.661	55.372	18	0	0	1	0	0	0	1	1	0	0	60
2014/01/02-12:08:50	23	1,704.661	55.372	22	0	0	0	0	0	0	1	0	0	1	60
2014/01/02-16:35:29	20	1,700.734	59.093	7	0	0	0	0	0	0	1	1	0	0	17
2014/01/02-16:36:05	20	1,700.734	59.093	1	0	0	0	1	0	1	1	0	0	1	5
2014/01/02-16:36:59	20	1,700.734	59.093	15	0	0	0	1	0	1	1	0	0	1	51
2014/01/02-16:38:09	20	1,700.734	59.093	14	0	0	1	0	0	0	1	1	0	0	60
2014/01/02-16:39:28	20	1,700.734	59.093	2	0	0	0	1	0	0	1	1	0	0	6
2014/01/02-16:47:21	20	1,700.734	59.093	1	0	0	0	0	0	1	1	0	0	1	3
2014/01/02-16:47:43	20	1,700.734	59.093	7	0	1	0	0	0	0	1	0	0	1	14
2014/01/02-16:48:50	23	1,684.055	56.492	11	0	0	3	0	0	1	1	0	0	1	27
2014/01/02-16:50:08	23	1,684.055	56.492	4	0	0	0	0	0	1	1	0	0	1	12
2014/01/02-16:50:58	23	1,684.055	56.492	10	0	0	3	0	0	1	1	0	0	1	33
2014/01/02-17:03:22	23	1,684.055	56.492	29	0	0	0	2	0	0	1	1	0	0	60
2014/01/02-17:04:41	23	1,684.055	56.492	4	0	0	0	2	0	1	1	0	0	1	7
2014/01/02-17:05:08	23	1,684.055	56.492	13	0	0	2	0	0	0	1	1	0	0	60
2014/01/02-17:06:27	23	1,684.055	56.492	18	0	0	5	0	0	0	1	1	0	0	60
2014/01/02-17:07:46	23	1,684.055	56.492	9	0	0	3	0	0	0	1	1	0	0	26
2014/01/02-23:42:54	21	1,693.81	58.381	3	0	0	0	2	0	0	1	1	0	0	14
2014/01/02-23:43:27	21	1,693.81	58.381	25	0	0	0	2	0	0	1	1	0	0	53
2014/01/02-23:44:40	21	1,693.81	58.381	6	0	0	1	0	0	0	1	1	0	0	19
2014/01/02-23:45:17	21	1,693.81	58.381	10	0	0	1	0	0	0	1	1	0	0	31
2014/01/02-23:46:07	21	1,693.81	58.381	9	0	0	0	2	0	1	1	0	0	1	19
2014/01/03-00:09:59	17	1,711.693	56.271	4	0	0	0	1	0	1	1	0	0	1	6
2014/01/03-00:11:18	17	1,711.693	56.271	12	0	0	0	0	0	0	1	0	0	1	60
2014/01/03-00:12:37	17	1,711.693	56.271	18	0	0	7	1	0	0	1	1	0	0	60
2014/01/03-00:13:56	17	1,711.693	56.271	24	0	0	0	0	0	0	1	0	0	1	60
2014/01/03-00:15:15	17	1,711.693	56.271	15	0	0	4	1	0	0	1	1	0	0	60
2014/01/03-00:27:47	17	1,711.693	56.271	8	0	1	0	1	0	0	1	0	0	1	21
2014/01/03-00:28:28	17	1,711.693	56.271	4	0	0	0	0	0	1	1	0	0	1	10
2014/01/03-00:29:05	17	1,711.693	56.271	11	0	0	2	0	0	1	1	0	0	1	37
2014/01/03-00:30:01	17	1,711.693	56.271	3	0	0	0	0	0	1	1	0	0	1	5
2014/01/03-00:31:20	17	1,711.693	56.271	7	0	1	0	0	0	0	1	0	0	1	32
2014/01/03-04:57:40	20	1,698.107	59.818	11	0	0	4	0	0	0	1	0	0	1	60
2014/01/03-04:58:59	20	1,698.107	59.818	2	0	0	0	2	0	1	1	0	0	1	6
2014/01/03-04:59:24	20	1,698.107	59.818	9	0	0	1	0	0	1	1	0	0	1	18
2014/01/03-05:00:17	20	1,698.107	59.818	1	0	0	0	0	0	1	1	0	0	1	6
2014/01/03-05:00:43	20	1,698.107	59.818	12	0	1	0	0	0	0	1	0	0	1	23
2014/01/03-05:09:48	24	1,681.774	57.883	5	0	0	0	1	0	0	1	1	0	0	20
2014/01/03-05:10:28	24	1,681.774	57.883	5	0	0	0	0	0	1	1	0	0	1	12
2014/01/03-05:11:46	24	1,681.774	57.883	1	0	0	0	1	0	1	1	0	0	1	6
2014/01/03-05:12:13	24	1,681.774	57.883	20	0	1	4	0	0	0	1	0	0	1	44
2014/01/03-05:13:32	24	1,681.774	57.883	14	0	0	4	0	0	1	1	0	0	1	42
2014/01/03-05:29:12	24	1,681.774	57.883	19	0	0	0	0	0	1	1	0	0	1	50
2014/01/03-05:30:31	24	1,681.774	57.883	1	0	0	0	0	0	1	1	0	0	1	4
2014/01/03-05:30:57	24	1,681.774	57.883	17	0	0	0	1	0	0	1	1	0	0	60
2014/01/03-05:32:16	24	1,681.774	57.883	8	0	0	2	1	0	1	1	0	0	1	18
2014/01/03-05:32:53	24	1,681.774	57.883	10	0	1	1	0	0	0	1	0	0	1	37
2014/01/03-15:30:30	33	1,669.594	60.921	14	0	1	1	0	0	0	1	0	0	1	42
2014/01/03-15:31:54	33	1,669.594	60.921	6	0	0	0	0	0	1	1	0	0	1	20
2014/01/03-15:32:53	33	1,669.594	60.921	5	0	1	1	0	0	0	1	0	0	1	22
2014/01/03-15:34:13	33	1,669.594	60.921	4	0	0	0	0	0	1	1	0	0	1	8
2014/01/03-15:35:25	33	1,669.594	60.921	12	0	0	0	0	0	1	1	0	0	1	33
2014/01/03-15:36:23	33	1,669.594	60.921	10	0	0	0	2	0	0	1	1	0	0	20
2014/01/03-15:37:21	34	1,663.337	57.59	20	0	0	1	1	0	0	1	1	0	0	60
2014/01/03-15:38:43	34	1,663.337	57.59	4	0	1	0	0	0	0	1	0	0	1	13
2014/01/03-15:39:26	34	1,663.337	57.59	1	0	0	0	1	0	1	1	0	0	1	6
2014/01/03-15:39:57	34	1,663.337	57.59	7	0	0	1	0	0	1	1	0	0	1	30
2014/01/03-15:41:21	34	1,663.337	57.59	5	0	0	1	0	0	1	1	0	0	1	17
2014/01/03-15:42:46	34	1,663.337	57.59	3	0	0	0	0	0	1	1	0	0	1	7
2014/01/04-11:27:55	31	1,669.973	56.109	14	0	0	0	2	0	1	1	0	0	1	32
2014/01/04-11:28:48	31	1,669.973	56.109	11	0	1	2	0	0	0	1	0	0	1	39
2014/01/04-11:30:08	31	1,669.973	56.109	0	0	1	0	0	0	0	1	0	0	1	8
2014/01/04-11:31:27	31	1,669.973	56.109	6	0	0	0	1	0	0	1	1	0	0	22
2014/01/04-11:32:08	31	1,669.973	56.109	2	0	0	0	3	0	1	1	1	0	0	13
2014/01/04-11:50:46	31	1,669.973	56.109	3	0	0	0	1	0	0	1	1	0	0	10
2014/01/04-11:51:15	31	1,669.973	56.109	12	0	0	1	0	0	1	1	0	0	1	37
2014/01/04-11:52:10	31	1,669.973	56.109	9	0	0	0	0	0	1	1	0	0	1	16
2014/01/04-11:52:58	31	1,669.973	56.109	29	0	1	0	0	0	0	1	0	0	1	45
2014/01/04-11:54:02	31	1,669.973	56.109	1	0	0	0	0	0	1	1	0	0	1	3
2014/01/04-12:04:42	26	1,687.54	51.711	17	0	0	3	1	0	0	1	1	0	0	48
2014/01/04-12:05:49	26	1,687.54	51.711	2	0	0	0	0	0	1	1	0	0	1	4
2014/01/04-12:06:47	26	1,687.54	51.711	10	0	1	2	1	0	0	1	0	0	1	46
2014/01/04-12:07:52	26	1,687.54	51.711	17	0	0	0	0	0	0	1	1	0	0	31
2014/01/04-12:08:42	26	1,687.54	51.711	1	0	1	0	0	0	0	1	0	0	1	6
2014/01/04-17:38:04	23	1,691.921	58.729	3	0	0	1	0	0	1	1	0	0	1	17
2014/01/04-17:39:23	23	1,691.921	58.729	37	0	0	0	1	0	1	1	0	0	1	57
2014/01/04-17:40:39	23	1,691.921	58.729	10	0	0	3	0	0	0	1	0	0	1	60
2014/01/04-17:41:58	23	1,691.921	58.729	5	0	1	0	1	0	0	1	0	0	1	19
2014/01/04-17:42:36	23	1,691.921	58.729	9	0	0	1	0	0	0	1	1	0	0	32
2014/01/04-18:04:30	23	1,691.921	58.729	11	0	1	1	0	0	0	1	0	0	1	44
2014/01/04-18:05:33	23	1,691.921	58.729	1	0	0	0	0	0	1	1	0	0	1	3
2014/01/04-18:06:12	23	1,691.921	58.729	5	0	0	0	0	0	1	1	0	0	1	21
2014/01/04-18:07:30	23	1,691.921	58.729	7	0	0	0	0	0	1	1	0	0	1	12
2014/01/04-18:08:01	23	1,691.921	58.729	9	0	0	0	0	0	1	1	0	0	1	16
2014/01/04-18:19:05	28	1,680.703	53.8	4	0	0	0	0	0	1	1	0	0	1	18
2014/01/04-18:19:42	28	1,680.703	53.8	12	0	1	2	0	0	0	1	0	0	1	49
2014/01/04-18:21:01	28	1,680.703	53.8	8	0	1	0	0	0	0	1	0	0	1	16
2014/01/04-18:21:45	28	1,680.703	53.8	4	0	0	1	0	0	1	1	0	0	1	19
2014/01/04-18:23:04	28	1,680.703	53.8	1	0	1	0	1	0	0	1	0	0	1	3
2014/01/04-23:40:31	29	1,674.721	59.178	3	0	1	0	0	0	0	1	0	0	1	7
