2013/09/02-15:29:36	39	1,500	350.465	0	0	1	0	0	0	0	1	0	0	1	6
2013/09/02-15:30:27	39	1,500	350.465	0	0	1	0	0	0	0	1	0	0	1	3
2013/09/02-15:30:52	39	1,500	350.465	0	0	1	0	0	0	0	1	0	0	1	6
2013/09/02-15:31:42	39	1,500	350.465	0	0	1	0	0	0	0	1	0	0	1	3
2013/09/02-15:32:12	39	1,500	350.465	0	0	1	0	0	0	0	1	0	0	1	6
2013/09/02-15:32:44	39	1,500	350.465	0	0	1	0	0	0	0	1	0	0	1	3
2013/09/02-15:33:08	39	1,500	350.465	0	0	1	0	0	0	0	1	0	0	1	6
2013/09/02-15:34:27	39	1,500	350.465	0	0	1	0	0	0	0	1	0	0	1	6
2013/09/02-15:34:54	39	1,500	350.465	0	0	1	0	0	0	0	1	0	0	1	6
2013/09/02-15:35:54	85	458.469	265.701	0	0	1	0	0	0	0	1	0	0	1	3
2013/09/02-15:50:54	85	458.469	265.701	0	0	1	0	0	0	0	1	0	0	1	6
2013/09/02-15:51:52	85	458.469	265.701	0	0	1	0	0	0	0	1	0	0	1	6
2013/09/02-15:52:22	85	458.469	265.701	0	0	1	0	0	0	0	1	0	0	1	4
2013/09/02-15:53:10	85	458.469	265.701	0	0	0	0	0	0	0	1	1	0	0	6
2013/09/02-15:53:34	85	458.469	265.701	0	0	1	0	0	0	0	1	0	0	1	6
2013/09/03-00:10:16	78	782.771	238.914	0	0	1	0	0	0	0	1	0	0	1	6
2013/09/03-00:10:53	78	782.771	238.914	0	0	1	0	0	0	0	1	0	0	1	6
2013/09/03-00:11:18	78	782.771	238.914	0	0	1	0	0	0	0	1	0	0	1	6
2013/09/03-00:12:05	78	782.771	238.914	0	0	1	0	0	0	0	1	0	0	1	3
2013/09/03-00:12:27	78	782.771	238.914	0	0	1	0	0	0	0	1	0	0	1	6
2013/09/03-00:21:52	75	941.293	197.786	0	0	0	0	0	0	0	1	1	0	0	6
2013/09/03-00:22:17	75	941.293	197.786	0	0	1	0	0	0	0	1	0	0	1	6
2013/09/03-00:22:42	75	941.293	197.786	0	0	1	0	0	0	0	1	0	0	1	6
2013/09/03-00:23:07	75	941.293	197.786	0	0	1	0	0	0	0	1	1	0	0	6
2013/09/03-00:23:32	75	941.293	197.786	0	0	1	0	0	0	0	1	0	0	1	6
2013/09/03-00:33:02	75	941.293	197.786	0	0	1	0	0	0	0	1	0	0	1	6
2013/09/03-00:33:27	75	941.293	197.786	0	0	0	0	0	0	0	1	1	0	0	6
2013/09/03-00:33:52	75	941.293	197.786	0	0	0	0	0	0	0	1	1	0	0	6
2013/09/03-00:34:18	75	941.293	197.786	0	0	1	0	0	0	0	1	0	0	1	6
2013/09/03-00:34:42	75	941.293	197.786	0	0	1	0	0	0	0	1	0	0	1	6
2013/09/03-16:01:42	71	1,112.714	156.764	0	0	1	0	0	0	0	1	0	0	1	6
2013/09/03-16:02:08	71	1,112.714	156.764	0	0	1	0	0	0	0	1	0	0	1	6
2013/09/03-16:02:33	71	1,112.714	156.764	0	0	1	0	0	0	0	1	0	0	1	6
2013/09/03-16:02:58	71	1,112.714	156.764	0	0	1	0	0	0	0	1	0	0	1	6
2013/09/03-16:03:22	71	1,112.714	156.764	0	0	0	0	0	0	0	1	1	0	0	6
2013/09/03-16:06:06	71	1,112.714	156.764	0	0	1	0	0	0	0	1	0	0	1	6
2013/09/03-16:06:31	71	1,112.714	156.764	0	0	1	0	0	0	0	1	0	0	1	6
2013/09/03-16:06:56	71	1,112.714	156.764	0	0	1	0	0	0	0	1	0	0	1	6
2013/09/03-16:07:21	71	1,112.714	156.764	0	0	1	0	0	0	0	1	0	0	1	6
2013/09/03-16:07:46	71	1,112.714	156.764	0	0	1	0	0	0	0	1	0	0	1	6
2013/09/03-16:13:40	79	904.201	126.802	0	0	1	0	0	0	0	1	0	0	1	6
2013/09/03-16:14:05	79	904.201	126.802	0	0	1	0	0	0	0	1	0	0	1	6
2013/09/03-16:14:30	79	904.201	126.802	0	0	1	0	0	0	0	1	0	0	1	6
2013/09/03-16:14:55	79	904.201	126.802	0	0	1	0	0	0	0	1	0	0	1	6
2013/09/03-16:15:20	79	904.201	126.802	0	0	1	0	0	0	0	1	0	0	1	6
2013/09/03-20:48:34	80	850.172	113.405	0	0	1	0	0	0	0	1	0	0	1	6
2013/09/03-20:48:59	80	850.172	113.405	0	0	1	0	0	0	0	1	0	0	1	6
2013/09/03-20:49:24	80	881.438	107.383	0	0	1	0	0	0	0	1	0	0	1	6
2013/09/03-20:49:49	80	881.438	107.383	0	0	1	0	0	0	0	1	0	0	1	6
2013/09/03-20:50:15	80	881.438	107.383	0	0	1	0	0	0	0	1	0	0	1	6
2013/09/03-20:55:50	80	881.438	107.383	0	0	1	0	0	0	0	1	0	0	1	6
2013/09/03-20:56:15	80	881.438	107.383	0	0	1	0	0	0	0	1	0	0	1	6
2013/09/03-20:56:40	80	881.438	107.383	0	0	1	0	0	0	0	1	0	0	1	6
2013/09/03-20:57:05	80	881.438	107.383	0	0	0	0	0	0	0	1	1	0	0	6
2013/09/03-20:57:30	80	881.438	107.383	0	0	1	0	0	0	0	1	0	0	1	6
2013/09/03-21:03:27	80	881.438	107.383	0	0	1	0	0	0	0	1	0	0	1	6
2013/09/03-21:03:51	80	881.438	107.383	0	0	0	0	0	0	0	1	1	0	0	6
2013/09/03-21:04:16	80	881.438	107.383	0	0	1	0	0	0	0	1	0	0	1	6
2013/09/03-21:04:41	80	881.438	107.383	0	0	1	0	0	0	0	1	0	0	1	6
2013/09/03-21:05:06	80	881.438	107.383	0	0	1	0	0	0	0	1	0	0	1	6
2013/09/04-16:20:11	79	917.158	94.816	0	0	0	0	0	0	0	1	1	0	0	6
2013/09/04-16:20:36	79	917.158	94.816	0	0	1	0	0	0	0	1	0	0	1	6
2013/09/04-16:21:01	79	917.158	94.816	0	0	1	0	0	0	0	1	0	0	1	6
2013/09/04-16:21:26	79	917.158	94.816	0	0	1	0	0	0	0	1	0	0	1	6
2013/09/04-16:21:51	79	917.158	94.816	0	0	1	0	0	0	0	1	0	0	1	3
2013/09/04-16:26:44	79	931.226	86.093	0	0	1	0	0	0	0	1	0	0	1	6
2013/09/04-16:27:09	79	931.226	86.093	0	0	1	0	0	0	0	1	0	0	1	6
2013/09/04-16:27:34	79	931.226	86.093	0	0	1	0	0	0	0	1	0	0	1	6
2013/09/04-16:27:58	79	931.226	86.093	0	0	1	0	0	0	0	1	0	0	1	6
2013/09/04-16:28:42	79	931.226	86.093	0	0	1	0	0	0	0	1	0	0	1	6
2013/09/04-16:37:52	79	931.226	86.093	0	0	1	0	0	0	0	1	0	0	1	6
2013/09/04-16:38:17	79	931.226	86.093	0	0	0	0	0	0	0	1	1	0	0	6
2013/09/04-16:38:42	79	931.226	86.093	0	0	1	0	0	0	0	1	0	0	1	6
2013/09/04-16:39:07	79	931.226	86.093	0	0	1	0	0	0	0	1	0	0	1	6
2013/09/04-16:39:32	79	931.226	86.093	0	0	1	0	0	0	0	1	0	0	1	6
2013/09/04-21:29:20	78	954.669	80.218	0	0	1	0	0	0	0	1	1	0	0	6
2013/09/04-21:29:48	78	954.669	80.218	0	0	1	0	0	0	0	1	0	0	1	6
2013/09/04-21:30:14	78	954.669	80.218	0	0	1	0	0	0	0	1	0	0	1	6
2013/09/04-21:30:40	78	954.669	80.218	0	0	1	0	0	0	0	1	0	0	1	6
2013/09/04-21:31:06	76	969.774	75.269	0	0	1	0	0	0	0	1	0	0	1	3
2013/09/04-23:08:07	76	969.774	75.269	0	0	1	0	0	0	0	1	0	0	1	3
2013/09/04-23:08:29	76	969.774	75.269	0	0	1	0	0	0	0	1	0	0	1	6
2013/09/04-23:09:09	76	969.774	75.269	0	0	1	0	0	0	0	1	1	0	0	6
2013/09/04-23:09:34	76	969.774	75.269	0	0	1	0	0	0	0	1	0	0	1	6
2013/09/04-23:10:12	76	969.774	75.269	0	0	1	0	0	0	0	1	0	0	1	6
2013/09/04-23:15:59	77	976.89	70.053	0	0	1	0	0	0	0	1	0	0	1	8
2013/09/04-23:16:26	77	976.89	70.053	0	0	1	0	0	0	0	1	0	0	1	6
2013/09/04-23:16:59	77	976.89	70.053	0	0	1	0	0	0	0	1	0	0	1	6
2013/09/04-23:18:18	77	976.89	70.053	0	0	1	0	0	0	0	1	0	0	1	6
2013/09/04-23:18:42	77	976.89	70.053	0	0	1	0	0	0	0	1	0	0	1	6
2013/09/05-03:31:24	78	969.586	71.262	0	0	1	0	0	0	0	1	0	0	1	6
2013/09/05-03:31:49	78	969.586	71.262	0	0	1	0	0	0	0	1	0	0	1	11
2013/09/05-03:32:18	78	969.586	71.262	0	0	1	0	0	0	0	1	0	0	1	6
2013/09/05-03:32:43	78	969.586	71.262	0	0	1	0	0	0	0	1	0	0	1	6
2013/09/05-03:33:08	78	969.586	71.262	0	0	1	0	0	0	0	1	0	0	1	6
2013/09/05-03:42:26	78	967.11	66.85	0	0	1	0	0	0	0	1	0	0	1	6
2013/09/05-03:42:51	78	967.11	66.85	0	0	1	0	0	0	0	1	0	0	1	6
2013/09/05-03:43:16	78	967.11	66.85	0	0	1	0	0	0	0	1	0	0	1	6
2013/09/05-03:44:18	78	967.11	66.85	0	0	1	0	0	0	0	1	0	0	1	6
2013/09/05-03:44:42	78	967.11	66.85	0	0	1	0	0	0	0	1	0	0	1	6
2013/09/05-03:52:25	78	967.11	66.85	0	0	1	0	0	0	0	1	0	0	1	6
2013/09/05-03:52:50	78	967.11	66.85	0	0	1	0	0	0	0	1	0	0	1	4
2013/09/05-03:53:15	78	967.11	66.85	0	0	1	0	0	0	0	1	0	0	1	6
2013/09/05-03:53:40	78	967.11	66.85	0	0	1	0	0	0	0	1	1	0	0	6
2013/09/05-03:54:05	78	967.11	66.85	0	0	1	0	0	0	0	1	0	0	1	8
2013/09/06-01:15:04	80	969.253	66.104	0	0	1	0	0	0	0	1	0	0	1	6
2013/09/06-01:15:29	80	969.253	66.104	0	0	1	0	0	0	0	1	0	0	1	6
2013/09/06-01:15:53	80	969.253	66.104	0	0	1	0	0	0	0	1	0	0	1	6
2013/09/06-01:16:18	80	969.253	66.104	0	0	1	0	0	0	0	1	0	0	1	6
2013/09/06-01:16:43	80	969.253	66.104	0	0	1	0	0	0	0	1	0	0	1	6
2013/09/06-01:27:47	74	989.141	62.372	0	0	1	0	0	0	0	1	0	0	1	6
2013/09/06-01:28:16	74	989.141	62.372	0	0	1	0	0	0	0	1	0	0	1	6
2013/09/06-01:28:40	74	989.141	62.372	0	0	1	0	0	0	0	1	0	0	1	6
2013/09/06-01:29:05	74	989.141	62.372	0	0	1	0	0	0	0	1	0	0	1	6
2013/09/06-01:29:30	74	989.141	62.372	0	0	1	0	0	0	0	1	0	0	1	6
2013/09/06-01:35:03	74	989.141	62.372	0	0	1	0	0	0	0	1	0	0	1	6
2013/09/06-01:35:27	74	989.141	62.372	0	0	1	0	0	0	0	1	0	0	1	6
2013/09/06-01:35:52	74	989.141	62.372	0	0	1	0	0	0	0	1	0	0	1	6
2013/09/06-01:36:18	74	989.141	62.372	0	0	1	0	0	0	0	1	0	0	1	6
2013/09/06-01:36:43	75	991.524	57.557	0	0	0	0	0	0	0	1	1	0	0	6
2013/09/06-01:50:07	75	991.524	57.557	0	0	1	0	0	0	0	1	0	0	1	6
2013/09/06-01:50:32	75	991.524	57.557	0	0	1	0	0	0	0	1	0	0	1	6
2013/09/06-01:50:57	75	991.524	57.557	0	0	1	0	0	0	0	1	0	0	1	6
2013/09/06-01:51:21	75	991.524	57.557	0	0	1	0	0	0	0	1	0	0	1	6
2013/09/06-01:51:46	75	991.524	57.557	0	0	0	0	0	0	0	1	1	0	0	6
2013/09/09-08:02:47	74	1,009.648	69.913	0	0	1	0	0	0	0	1	0	0	1	0
2013/09/09-08:05:11	74	1,009.648	69.913	0	0	1	0	0	0	0	1	0	0	1	4
2013/09/09-08:35:06	74	1,009.648	69.913	0	0	1	0	0	0	0	1	0	0	1	34
2013/09/09-08:35:59	74	1,009.648	69.913	0	0	1	0	0	0	0	1	0	0	1	16
2013/09/09-08:36:34	74	1,009.648	69.913	0	0	1	0	0	0	0	1	0	0	1	6
2013/09/09-08:51:12	75	1,012.384	65.629	0	0	0	0	0	0	0	1	1	0	0	6
2013/09/09-08:51:37	75	1,012.384	65.629	0	0	0	0	0	0	0	1	1	0	0	6
2013/09/09-08:52:02	75	1,012.384	65.629	0	0	0	0	0	0	0	1	1	0	0	6
2013/09/09-08:52:27	75	1,012.384	65.629	0	0	0	0	0	0	0	1	1	0	0	6
2013/09/09-09:09:45	75	1,012.384	65.629	0	0	1	0	0	0	0	1	0	0	1	6
2013/09/09-20:32:57	75	1,012.384	65.629	0	0	1	0	0	0	0	1	0	0	1	6
2013/09/09-20:33:31	74	1,039.024	61.203	0	0	1	0	0	0	0	1	0	0	1	6
2013/09/09-20:33:56	74	1,039.024	61.203	0	0	1	0	0	0	0	1	0	0	1	12
2013/09/09-20:34:26	74	1,039.024	61.203	0	0	0	0	0	0	0	1	1	0	0	9
2013/09/09-20:34:54	74	1,039.024	61.203	0	0	1	0	0	0	0	1	0	0	1	13
2013/09/10-21:31:06	73	1,055.188	64.651	0	0	1	0	0	0	0	1	0	0	1	14
2013/09/10-21:31:40	73	1,055.188	64.651	0	0	1	0	0	0	0	1	0	0	1	21
2013/09/10-21:32:20	73	1,055.188	64.651	0	0	1	0	0	0	0	1	0	0	1	10
2013/09/10-21:32:49	73	1,055.188	64.651	0	0	1	0	0	0	0	1	0	0	1	6
2013/09/10-21:33:14	73	1,055.188	64.651	0	0	0	0	0	0	0	1	1	0	0	8
2013/09/10-23:45:49	73	1,077.336	61.082	0	0	1	0	0	0	0	1	0	0	1	6
2013/09/10-23:46:22	73	1,077.336	61.082	0	0	1	0	0	0	0	1	0	0	1	6
2013/09/10-23:47:31	73	1,077.336	61.082	0	0	1	0	0	0	0	1	0	0	1	7
2013/09/10-23:48:18	73	1,077.336	61.082	0	0	1	0	0	0	0	1	0	0	1	35
2013/09/10-23:49:37	73	1,077.336	61.082	0	0	1	0	0	0	0	1	0	0	1	20
2013/09/10-23:54:57	73	1,077.336	61.082	0	0	0	1	0	0	0	1	1	0	0	47
2013/09/10-23:56:03	73	1,077.336	61.082	0	0	1	0	0	0	0	1	0	0	1	6
2013/09/10-23:56:46	73	1,077.336	61.082	0	0	1	0	0	0	0	1	0	0	1	14
2013/09/10-23:57:26	73	1,077.336	61.082	0	0	1	0	0	0	0	1	0	0	1	6
2013/09/10-23:58:04	73	1,077.336	61.082	0	0	0	1	0	0	0	1	1	0	0	46
2013/09/11-14:24:53	73	1,067.655	62.126	0	0	0	0	0	0	0	1	1	0	0	21
2013/09/11-14:25:33	73	1,067.655	62.126	0	0	1	0	0	0	0	1	0	0	1	9
2013/09/11-14:26:01	73	1,083.24	60.768	0	0	1	0	0	0	0	1	0	0	1	6
2013/09/11-14:26:29	73	1,083.24	60.768	0	0	1	0	0	0	0	1	0	0	1	11
2013/09/11-14:26:59	73	1,083.24	60.768	0	0	0	0	0	0	0	1	1	0	0	6
2013/09/11-14:45:00	73	1,083.24	60.768	0	0	1	0	0	0	0	1	0	0	1	6
2013/09/11-14:46:02	73	1,083.24	60.768	0	0	1	0	0	0	0	1	0	0	1	9
2013/09/11-14:47:17	73	1,083.24	60.768	0	0	1	1	0	0	0	1	0	0	1	39
2013/09/11-14:48:15	71	1,083.214	57.196	0	0	1	0	0	0	0	1	0	0	1	24
2013/09/11-14:49:34	71	1,083.214	57.196	0	0	1	0	0	0	0	1	0	0	1	10
2013/09/11-14:55:44	71	1,083.214	57.196	0	0	0	0	0	0	0	1	1	0	0	36
2013/09/11-14:56:39	71	1,083.214	57.196	0	0	1	0	0	0	0	1	0	0	1	10
2013/09/11-14:57:08	71	1,083.214	57.196	0	0	1	0	0	0	0	1	0	0	1	6
2013/09/11-14:57:57	71	1,083.214	57.196	0	0	1	0	0	0	0	1	0	0	1	12
2013/09/11-14:58:27	71	1,083.214	57.196	0	0	1	0	0	0	0	1	0	0	1	20
2013/09/12-08:36:36	72	1,077.644	60.247	0	0	1	0	0	0	0	1	0	0	1	6
2013/09/12-08:37:55	72	1,077.644	60.247	0	0	1	0	0	0	0	1	0	0	1	14
2013/09/12-08:38:27	72	1,077.644	60.247	0	0	1	0	0	0	0	1	0	0	1	51
2013/09/12-08:39:37	72	1,077.644	60.247	0	0	0	0	0	0	0	1	1	0	0	6
2013/09/12-08:40:02	72	1,077.644	60.247	0	0	1	0	0	0	0	1	0	0	1	51
2013/09/12-08:54:30	72	1,089.825	57.303	0	0	1	0	0	0	0	1	0	0	1	7
2013/09/12-08:55:19	72	1,089.825	57.303	0	0	1	0	0	0	0	1	0	0	1	7
2013/09/12-08:55:58	72	1,089.825	57.303	0	0	1	0	0	0	0	1	0	0	1	13
2013/09/12-08:56:30	72	1,089.825	57.303	0	0	1	0	0	0	0	1	0	0	1	6
2013/09/12-08:57:22	72	1,089.825	57.303	0	0	1	0	0	0	0	1	0	0	1	6
2013/09/12-09:02:30	72	1,089.825	57.303	0	0	1	0	0	0	0	1	0	0	1	11
2013/09/12-09:03:00	72	1,089.825	57.303	0	0	1	0	0	0	0	1	0	0	1	6
2013/09/12-09:03:25	72	1,076.019	53.776	0	0	1	0	0	0	0	1	0	0	1	11
2013/09/12-09:03:54	72	1,076.019	53.776	0	0	0	0	0	0	0	1	1	0	0	6
2013/09/12-09:04:19	72	1,076.019	53.776	0	0	1	0	0	0	0	1	0	0	1	7
2013/09/13-21:08:48	72	1,085.101	68.933	0	0	1	0	0	0	0	1	0	0	1	6
2013/09/13-21:09:14	72	1,085.101	68.933	0	0	0	0	0	0	0	1	1	0	0	11
2013/09/13-21:09:43	72	1,085.101	68.933	0	0	0	0	0	0	0	1	1	0	0	21
2013/09/13-21:10:23	72	1,085.101	68.933	0	0	0	0	0	0	0	1	1	0	0	8
2013/09/13-21:10:49	72	1,085.101	68.933	0	0	1	0	0	0	0	1	0	0	1	9
2013/09/13-21:19:51	72	1,085.101	68.933	0	0	1	0	0	0	0	1	0	0	1	7
2013/09/13-21:20:20	72	1,085.101	68.933	0	0	1	0	0	0	0	1	0	0	1	6
2013/09/13-21:20:46	72	1,108.749	63.531	0	0	1	0	0	0	0	1	0	0	1	6
2013/09/13-21:21:15	72	1,108.749	63.531	0	0	0	0	0	0	0	1	1	0	0	7
2013/09/13-21:21:41	72	1,108.749	63.531	0	0	0	0	0	0	0	1	1	0	0	15
2013/09/13-21:33:11	72	1,108.749	63.531	0	0	1	0	0	0	0	1	0	0	1	8
2013/09/13-21:33:51	72	1,108.749	63.531	0	0	1	0	0	0	0	1	0	0	1	10
2013/09/13-21:34:20	72	1,108.749	63.531	0	0	1	3	0	0	0	1	0	0	1	39
2013/09/13-21:35:18	72	1,108.749	63.531	0	0	1	0	0	0	0	1	0	0	1	6
2013/09/13-21:36:05	72	1,108.749	63.531	0	0	1	0	0	0	0	1	0	0	1	9
2013/09/14-01:17:52	73	1,111.456	59.505	0	0	1	0	0	0	0	1	0	0	1	6
2013/09/14-01:18:39	73	1,111.456	59.505	0	0	0	0	0	0	0	1	1	0	0	48
2013/09/14-01:19:45	73	1,111.456	59.505	0	0	1	0	0	0	0	1	0	0	1	7
2013/09/14-01:20:56	73	1,111.456	59.505	0	0	1	0	0	0	0	1	0	0	1	7
2013/09/14-01:22:15	73	1,111.456	59.505	0	0	1	0	0	0	0	1	0	0	1	6
2013/09/14-01:23:40	72	1,122.575	58.648	0	0	1	0	0	0	0	1	0	0	1	43
2013/09/14-01:24:59	72	1,122.575	58.648	0	0	1	0	0	0	0	1	0	0	1	14
2013/09/14-01:26:18	72	1,122.575	58.648	0	0	1	0	0	0	0	1	0	0	1	11
2013/09/14-01:26:55	72	1,122.575	58.648	0	0	1	0	0	0	0	1	0	0	1	6
2013/09/14-01:27:29	72	1,122.575	58.648	0	0	1	0	0	0	0	1	0	0	1	6
2013/09/14-01:45:36	72	1,122.575	58.648	0	0	1	0	0	0	0	1	0	0	1	6
2013/09/14-01:46:02	72	1,122.575	58.648	0	0	0	0	0	0	0	1	1	0	0	9
2013/09/14-01:46:30	72	1,122.575	58.648	0	0	0	0	0	0	0	1	1	0	0	16
2013/09/14-01:47:05	72	1,122.575	58.648	0	0	0	0	0	0	0	1	1	0	0	10
2013/09/14-01:47:33	72	1,122.575	58.648	0	0	1	0	0	0	0	1	0	0	1	10
2013/09/14-02:22:02	69	1,164.822	55.077	0	0	1	0	0	0	0	1	0	0	1	6
2013/09/14-02:23:09	69	1,164.822	55.077	0	0	1	0	0	0	0	1	0	0	1	12
2013/09/14-02:23:46	69	1,164.822	55.077	0	0	1	0	0	0	0	1	0	0	1	10
2013/09/14-02:24:40	69	1,164.822	55.077	0	0	1	0	0	0	0	1	0	0	1	50
2013/09/14-02:25:59	69	1,164.822	55.077	0	0	1	0	0	0	0	1	0	0	1	6
2013/09/14-02:27:24	69	1,164.822	55.077	0	0	1	0	0	0	0	1	0	0	1	9
2013/09/14-02:28:43	69	1,164.822	55.077	0	0	0	0	0	0	0	1	1	0	0	43
2013/09/14-02:29:45	69	1,164.822	55.077	0	0	1	0	0	0	0	1	0	0	1	9
2013/09/14-02:30:22	69	1,164.822	55.077	0	0	1	0	0	0	0	1	0	0	1	15
2013/09/14-02:31:41	69	1,164.822	55.077	0	0	1	0	0	0	0	1	0	0	1	22
2013/09/14-02:51:09	68	1,173.759	53.067	0	0	1	0	0	0	0	1	0	0	1	9
2013/09/14-02:51:46	68	1,173.759	53.067	0	0	1	0	0	0	0	1	0	0	1	35
2013/09/14-02:52:40	68	1,173.759	53.067	0	0	0	0	0	0	0	1	1	0	0	44
2013/09/14-02:53:43	68	1,173.759	53.067	0	0	1	0	0	0	0	1	0	0	1	6
2013/09/14-02:54:34	68	1,173.759	53.067	0	0	1	0	0	0	0	1	0	0	1	9
2013/09/14-05:28:51	68	1,173.239	54.085	0	0	1	0	0	0	0	1	0	0	1	6
2013/09/14-05:29:42	68	1,173.239	54.085	0	0	1	0	0	0	0	1	0	0	1	11
2013/09/14-05:30:17	68	1,173.239	54.085	0	0	1	0	0	0	0	1	0	0	1	17
2013/09/14-05:30:56	68	1,173.239	54.085	0	0	1	0	0	0	0	1	0	0	1	11
2013/09/14-05:31:44	68	1,173.239	54.085	0	0	0	0	0	0	0	1	1	0	0	30
2013/09/14-05:38:42	68	1,173.239	54.085	0	0	1	0	0	0	0	1	0	0	1	26
2013/09/14-05:39:26	68	1,173.239	54.085	0	0	1	0	0	0	0	1	0	0	1	10
2013/09/14-05:39:55	68	1,173.239	54.085	0	0	1	0	0	0	0	1	0	0	1	20
2013/09/14-05:40:34	68	1,173.239	54.085	0	0	1	0	0	0	0	1	0	0	1	9
2013/09/14-05:41:02	68	1,173.239	54.085	0	0	1	0	0	0	0	1	0	0	1	9
2013/09/14-05:59:05	68	1,185.637	51.709	0	0	1	0	0	0	0	1	0	0	1	15
2013/09/14-05:59:56	68	1,185.637	51.709	0	0	1	0	0	0	0	1	0	0	1	9
2013/09/14-06:00:52	68	1,185.637	51.709	0	0	1	0	0	0	0	1	0	0	1	25
2013/09/14-06:01:36	68	1,185.637	51.709	0	0	1	0	0	0	0	1	0	0	1	7
2013/09/14-06:02:22	68	1,185.637	51.709	0	0	0	0	0	0	0	1	0	0	1	60
2013/09/14-11:29:52	68	1,185.093	55.284	0	0	1	0	0	0	0	1	0	0	1	6
2013/09/14-11:30:53	68	1,185.093	55.284	0	0	1	0	0	0	0	1	0	0	1	16
2013/09/14-11:31:27	68	1,185.093	55.284	0	0	1	0	0	0	0	1	0	0	1	6
2013/09/14-11:32:04	68	1,185.093	55.284	0	0	1	0	0	0	0	1	0	0	1	13
2013/09/14-11:32:44	68	1,185.093	55.284	0	0	1	0	0	0	0	1	0	0	1	7
2013/09/14-11:36:23	68	1,185.093	55.284	0	0	1	0	0	0	0	1	0	0	1	8
2013/09/14-11:36:50	68	1,185.093	55.284	0	0	0	0	0	0	0	1	1	0	0	60
2013/09/14-11:38:09	68	1,185.093	55.284	1	0	0	2	0	0	1	1	0	0	1	17
2013/09/14-11:38:44	68	1,185.093	55.284	0	0	1	0	0	0	0	1	0	0	1	6
2013/09/14-11:39:13	68	1,185.093	55.284	0	0	0	0	0	0	0	1	1	0	0	6
2013/09/14-12:07:49	68	1,185.842	53.22	0	0	1	0	0	0	0	1	0	0	1	6
2013/09/14-12:08:14	68	1,185.842	53.22	0	0	1	0	0	0	0	1	0	0	1	6
2013/09/14-12:08:42	68	1,185.842	53.22	0	0	1	0	0	0	0	1	0	0	1	6
2013/09/14-12:09:19	68	1,185.842	53.22	0	0	1	0	0	0	0	1	0	0	1	10
2013/09/14-12:10:00	68	1,185.842	53.22	0	0	1	0	0	0	0	1	0	0	1	13
2013/09/14-15:39:41	70	1,166.546	55.51	0	0	1	0	0	0	0	1	0	0	1	6
2013/09/14-15:40:08	70	1,166.546	55.51	0	0	1	0	0	0	0	1	0	0	1	13
2013/09/14-15:41:27	70	1,166.546	55.51	0	0	1	0	0	0	0	1	0	0	1	7
2013/09/14-15:42:45	70	1,166.546	55.51	0	0	1	0	0	0	0	1	0	0	1	6
2013/09/14-15:43:41	70	1,166.546	55.51	0	0	1	0	0	0	0	1	0	0	1	8
2013/09/14-15:49:13	71	1,159.484	54.952	0	0	1	0	0	0	0	1	0	0	1	9
2013/09/14-15:49:41	71	1,159.484	54.952	0	0	0	0	0	0	0	1	1	0	0	7
2013/09/14-15:50:07	71	1,159.484	54.952	0	0	1	0	0	0	0	1	0	0	1	7
2013/09/14-15:50:33	71	1,159.484	54.952	0	0	1	0	0	0	0	1	0	0	1	17
2013/09/14-15:51:09	71	1,159.484	54.952	0	0	1	0	0	0	0	1	0	0	1	13
2013/09/14-16:09:01	71	1,159.484	54.952	0	0	1	0	0	0	0	1	0	0	1	9
2013/09/14-16:09:29	71	1,159.484	54.952	0	0	1	0	0	0	0	1	0	0	1	8
2013/09/14-16:09:56	71	1,159.484	54.952	0	0	0	0	0	0	0	1	1	0	0	9
2013/09/14-16:10:24	71	1,159.484	54.952	0	0	1	0	0	0	0	1	0	0	1	9
2013/09/14-16:10:52	71	1,159.484	54.952	0	0	1	0	0	0	0	1	0	0	1	16
2013/09/14-19:13:28	71	1,196.029	56.781	0	0	1	0	0	0	0	1	0	0	1	52
2013/09/14-19:14:39	71	1,196.029	56.781	0	0	1	1	0	0	0	1	0	0	1	31
2013/09/14-19:15:37	71	1,196.029	56.781	0	0	1	0	0	0	0	1	0	0	1	30
2013/09/14-19:16:31	71	1,196.029	56.781	0	0	1	0	0	0	0	1	0	0	1	6
2013/09/14-19:17:33	71	1,196.029	56.781	0	0	1	0	0	0	0	1	0	0	1	13
2013/09/14-19:27:57	71	1,196.029	56.781	0	0	1	0	0	0	0	1	0	0	1	6
2013/09/14-19:28:24	71	1,196.029	56.781	0	0	1	0	0	0	0	1	0	0	1	6
2013/09/14-19:28:48	71	1,196.029	56.781	0	0	0	0	0	0	0	1	1	0	0	6
2013/09/14-19:29:13	71	1,196.029	56.781	0	0	0	0	0	0	0	1	1	0	0	6
2013/09/14-19:29:38	71	1,196.029	56.781	0	0	0	0	0	0	0	1	1	0	0	9
2013/09/14-19:46:03	71	1,198.898	54.174	0	0	0	0	0	0	0	1	1	0	0	6
2013/09/14-19:46:28	71	1,198.898	54.174	0	0	1	0	0	0	0	1	0	0	1	6
2013/09/14-19:46:53	71	1,198.898	54.174	0	0	1	0	0	0	0	1	0	0	1	6
2013/09/14-19:47:18	71	1,198.898	54.174	0	0	1	0	0	0	0	1	0	0	1	9
2013/09/14-19:47:47	71	1,198.898	54.174	0	0	0	0	0	0	0	1	1	0	0	6
2013/09/15-00:24:24	70	1,188.619	58.487	0	0	1	0	0	0	0	1	0	0	1	6
2013/09/15-00:25:29	70	1,188.619	58.487	0	0	1	0	0	0	0	1	0	0	1	10
2013/09/15-00:26:32	70	1,188.619	58.487	0	0	1	0	0	0	0	1	0	0	1	7
2013/09/15-00:27:51	70	1,188.619	58.487	0	0	1	0	0	0	0	1	0	0	1	15
2013/09/15-00:28:32	70	1,188.619	58.487	0	0	1	0	0	0	0	1	0	0	1	33
2013/09/15-00:42:38	70	1,192.106	57.59	0	0	0	0	0	0	0	1	1	0	0	6
2013/09/15-00:43:03	70	1,192.106	57.59	0	0	0	0	0	0	0	1	1	0	0	6
2013/09/15-00:43:28	70	1,192.106	57.59	0	0	0	0	0	0	0	1	1	0	0	6
2013/09/15-00:43:53	70	1,192.106	57.59	0	0	0	0	0	0	0	1	1	0	0	6
2013/09/15-00:44:18	70	1,192.106	57.59	0	0	1	0	0	0	0	1	0	0	1	6
2013/09/15-08:56:49	70	1,192.106	57.59	0	0	1	0	0	0	0	1	0	0	1	9
2013/09/15-08:57:17	70	1,192.106	57.59	0	0	1	0	0	0	0	1	0	0	1	9
2013/09/15-08:57:45	70	1,192.106	57.59	0	0	1	0	0	0	0	1	0	0	1	15
2013/09/15-08:58:19	70	1,192.106	57.59	0	0	0	0	0	0	0	1	1	0	0	9
2013/09/15-08:58:46	70	1,192.106	57.59	0	0	0	0	0	0	0	1	1	0	0	6
2013/09/15-14:09:14	67	1,212.897	60.182	0	0	1	0	0	0	0	1	0	0	1	6
2013/09/15-14:10:19	67	1,212.897	60.182	0	0	1	0	0	0	0	1	0	0	1	7
2013/09/15-14:11:30	67	1,212.897	60.182	0	0	1	0	0	0	0	1	0	0	1	8
2013/09/15-14:12:48	67	1,212.897	60.182	0	0	1	0	0	0	0	1	0	0	1	9
2013/09/15-14:13:26	67	1,212.897	60.182	0	0	0	0	0	0	0	1	0	0	1	60
2013/09/15-14:24:14	67	1,213.02	57.671	0	0	1	0	0	0	0	1	0	0	1	53
2013/09/15-14:25:26	67	1,213.02	57.671	0	0	1	0	0	0	0	1	0	0	1	14
2013/09/15-14:26:01	67	1,213.02	57.671	0	0	1	0	0	0	0	1	0	0	1	37
2013/09/15-14:26:57	67	1,213.02	57.671	0	0	1	0	0	0	0	1	0	0	1	6
2013/09/15-14:27:42	67	1,213.02	57.671	0	0	1	0	0	0	0	1	0	0	1	26
