2013/09/02-15:25:09	43	1,500	350.465	5	0	1	0	1	0	0	1	0	0	1	16
2013/09/02-15:25:45	43	1,500	350.465	2	0	0	0	0	0	0	1	1	0	0	6
2013/09/02-15:26:10	43	1,500	350.465	24	0	0	5	2	0	0	1	1	0	0	58
2013/09/02-15:27:27	43	1,500	350.465	11	0	0	22	1	0	0	1	1	0	0	31
2013/09/02-15:28:17	43	1,500	350.465	51	0	0	0	2	0	0	1	1	0	0	54
2013/09/02-15:39:07	3	2,132.521	275.415	49	0	0	0	0	0	1	1	0	0	1	52
2013/09/02-15:40:17	3	2,132.521	275.415	16	0	0	0	2	0	0	1	1	0	0	55
2013/09/02-15:41:31	3	2,132.521	275.415	0	0	1	0	0	0	0	1	0	0	1	3
2013/09/02-15:42:50	3	2,132.521	275.415	41	0	0	5	0	0	0	1	0	0	1	60
2013/09/02-15:44:09	3	2,132.521	275.415	2	0	1	0	0	0	0	1	0	0	1	7
2013/09/02-16:02:36	3	2,132.521	275.415	2	0	0	0	1	0	0	1	1	0	0	11
2013/09/02-16:03:06	3	2,132.521	275.415	1	0	1	0	0	0	0	1	0	0	1	2
2013/09/02-16:03:35	3	2,132.521	275.415	16	0	0	0	2	0	0	1	1	0	0	28
2013/09/02-16:31:43	3	2,132.521	275.415	13	0	0	0	1	0	0	1	1	0	0	45
2013/09/02-16:32:55	3	2,132.521	275.415	29	0	0	0	1	0	0	1	1	0	0	27
2013/09/03-07:45:38	22	1,792.52	222.975	28	0	0	0	1	0	1	1	0	0	1	39
2013/09/03-07:46:36	22	1,792.52	222.975	27	0	0	7	1	0	0	1	1	0	0	60
2013/09/03-07:47:55	22	1,792.52	222.975	5	0	0	0	1	0	0	1	1	0	0	14
2013/09/03-07:48:28	22	1,792.52	222.975	12	0	0	0	0	0	0	1	1	0	0	27
2013/09/03-07:49:28	22	1,792.52	222.975	15	0	0	22	1	0	1	1	0	0	1	35
2013/09/03-08:21:50	22	1,792.52	222.975	44	0	0	0	0	0	0	1	0	0	1	60
2013/09/03-08:23:09	22	1,792.52	222.975	25	0	0	4	0	0	0	1	1	0	0	60
2013/09/03-08:24:28	22	1,792.52	222.975	6	0	0	0	1	0	1	1	0	0	1	24
2013/09/03-08:25:11	22	1,792.52	222.975	36	0	0	11	0	0	0	1	0	0	1	60
2013/09/03-08:26:30	10	2,091.615	173.142	50	0	0	0	1	0	0	1	1	0	0	60
2013/09/03-10:31:45	10	2,091.615	173.142	37	0	0	0	1	0	0	1	1	0	0	59
2013/09/03-10:33:03	10	2,091.615	173.142	3	0	1	0	0	0	0	1	0	0	1	10
2013/09/03-10:34:22	10	2,091.615	173.142	6	0	0	1	1	0	1	1	0	0	1	16
2013/09/03-10:34:56	10	2,091.615	173.142	2	0	0	0	0	0	1	1	0	0	1	8
2013/09/03-10:36:15	10	2,091.615	173.142	3	0	0	0	0	0	1	1	0	0	1	3
2013/09/03-18:01:33	18	1,895.254	149.183	11	0	1	0	0	0	0	1	0	0	1	10
2013/09/03-18:02:45	18	1,895.254	149.183	1	0	0	0	0	0	1	1	0	0	1	7
2013/09/03-18:03:26	18	1,895.254	149.183	34	0	0	0	1	0	1	1	1	0	0	44
2013/09/03-18:04:29	18	1,895.254	149.183	7	0	1	9	0	0	0	1	0	0	1	26
2013/09/03-18:05:15	18	1,895.254	149.183	12	0	0	1	1	0	1	1	0	0	1	27
2013/09/03-18:21:42	20	1,815.021	127.751	46	0	0	0	0	0	0	1	0	0	1	60
2013/09/03-18:23:01	20	1,815.021	127.751	2	0	0	0	0	0	0	1	1	0	0	6
2013/09/03-18:23:26	20	1,815.021	127.751	5	0	0	0	0	0	1	1	0	0	1	21
2013/09/03-18:24:15	20	1,815.021	127.751	1	0	0	0	0	0	1	1	0	0	1	3
2013/09/03-18:24:46	20	1,815.021	127.751	13	0	0	0	0	0	0	1	1	0	0	60
2013/09/03-18:41:11	20	1,815.021	127.751	58	0	0	0	0	0	0	1	1	0	0	60
2013/09/03-18:42:30	20	1,815.021	127.751	7	0	1	1	0	0	0	1	1	0	0	22
2013/09/03-18:43:11	20	1,815.021	127.751	42	0	0	0	0	0	0	1	1	0	0	60
2013/09/03-18:44:30	18	1,888.717	107.426	1	0	0	0	0	0	1	1	0	0	1	3
2013/09/03-18:44:55	18	1,888.717	107.426	1	0	1	0	0	0	0	1	0	0	1	7
2013/09/03-22:47:58	18	1,815.431	104.962	20	0	1	5	0	0	0	1	0	0	1	43
2013/09/03-22:49:17	18	1,815.431	104.962	15	0	0	0	0	0	0	1	0	0	1	60
2013/09/03-22:50:36	18	1,815.431	104.962	1	0	0	0	1	0	0	1	1	0	0	4
2013/09/03-22:50:59	18	1,815.431	104.962	14	0	0	0	1	0	0	1	1	0	0	15
2013/09/03-22:51:33	18	1,815.431	104.962	39	0	0	2	0	0	0	1	1	0	0	60
2013/09/03-23:18:35	19	1,845.19	93.402	1	0	1	0	0	0	0	1	0	0	1	9
2013/09/03-23:19:04	19	1,845.19	93.402	17	0	1	0	0	0	0	1	0	0	1	17
2013/09/03-23:20:23	19	1,845.19	93.402	29	0	0	5	0	0	0	1	1	0	0	60
2013/09/03-23:21:42	19	1,845.19	93.402	6	0	0	10	0	0	0	1	1	0	0	18
2013/09/03-23:22:19	19	1,845.19	93.402	14	0	0	4	1	0	1	1	0	0	1	31
2013/09/03-23:37:33	19	1,845.19	93.402	16	0	0	2	0	0	1	1	0	0	1	34
2013/09/03-23:38:26	19	1,845.19	93.402	9	0	0	3	0	0	1	1	0	0	1	24
2013/09/03-23:39:39	19	1,845.19	93.402	1	0	0	0	0	0	1	1	0	0	1	3
2013/09/03-23:40:18	19	1,845.19	93.402	43	0	0	0	0	0	0	1	1	0	0	60
2013/09/03-23:41:37	19	1,845.19	93.402	1	0	1	0	0	0	0	1	0	0	1	6
2013/09/04-18:26:08	21	1,817.437	85.569	48	0	0	0	1	0	0	1	1	0	0	60
2013/09/04-18:27:27	21	1,817.437	85.569	16	0	0	0	0	0	0	1	1	0	0	60
2013/09/04-18:28:46	21	1,817.437	85.569	6	0	1	1	0	0	0	1	0	0	1	17
2013/09/04-18:29:32	21	1,817.437	85.569	7	0	0	0	0	0	1	1	0	0	1	24
2013/09/04-18:30:31	21	1,817.437	85.569	5	0	1	0	1	0	0	1	0	0	1	19
2013/09/04-18:41:32	21	1,817.437	85.569	16	0	1	0	0	0	0	1	0	0	1	20
2013/09/04-18:42:51	21	1,817.437	85.569	3	0	1	0	0	0	0	1	0	0	1	18
2013/09/04-18:43:55	21	1,817.437	85.569	23	0	0	2	1	0	0	1	1	0	0	48
2013/09/04-18:45:02	21	1,817.437	85.569	51	0	0	0	0	0	0	1	0	0	1	60
2013/09/04-18:46:21	21	1,817.437	85.569	32	0	0	18	0	0	0	1	0	1	0	60
2013/09/04-19:10:10	19	1,820.08	74.699	1	0	0	0	0	0	1	1	0	0	1	3
2013/09/04-19:11:00	19	1,820.08	74.699	34	0	0	4	0	0	0	1	0	0	1	60
2013/09/04-19:12:18	19	1,820.08	74.699	4	0	0	0	1	0	0	1	1	0	0	21
2013/09/04-19:12:58	19	1,820.08	74.699	21	0	0	0	1	0	0	1	1	0	0	22
2013/09/04-19:13:39	19	1,820.08	74.699	1	0	1	0	1	0	0	1	0	0	1	4
2013/09/05-01:10:31	20	1,825.619	74.626	6	0	0	1	1	0	0	1	1	0	0	25
2013/09/05-01:11:15	20	1,825.619	74.626	5	0	1	0	0	0	0	1	0	0	1	6
2013/09/05-01:12:34	20	1,825.619	74.626	6	0	0	18	1	0	0	1	1	0	0	25
2013/09/05-01:13:17	19	1,829.221	71.175	28	0	0	1	0	0	0	1	1	0	0	60
2013/09/05-01:14:36	19	1,829.221	71.175	31	0	0	5	0	0	0	1	1	0	0	52
2013/09/05-01:32:21	19	1,829.221	71.175	3	0	0	0	0	0	0	1	1	0	0	9
2013/09/05-01:32:49	19	1,829.221	71.175	2	0	0	0	0	0	1	1	0	0	1	6
2013/09/05-01:33:18	19	1,829.221	71.175	25	0	0	9	1	0	0	1	1	0	0	60
2013/09/05-01:34:37	19	1,829.221	71.175	48	0	0	0	0	0	0	1	0	0	1	60
2013/09/05-01:35:56	19	1,829.221	71.175	20	0	0	0	1	0	1	1	0	0	1	22
2013/09/05-01:51:01	18	1,859.989	65.154	3	0	0	0	0	0	0	1	1	0	0	18
2013/09/05-01:51:38	18	1,859.989	65.154	1	0	1	0	0	0	0	1	0	0	1	6
2013/09/05-01:52:46	18	1,859.989	65.154	59	0	0	0	1	0	0	1	1	0	0	60
2013/09/05-01:54:05	18	1,859.989	65.154	38	0	0	6	0	0	0	1	1	0	0	60
2013/09/05-01:55:24	18	1,859.989	65.154	2	0	1	0	0	0	0	1	0	0	1	6
2013/09/05-11:02:56	17	1,863.325	67.176	30	0	0	9	1	0	0	1	1	0	0	60
2013/09/05-11:04:15	17	1,863.325	67.176	39	0	0	9	0	0	0	1	0	0	1	60
2013/09/05-11:05:34	17	1,863.325	67.176	35	0	0	4	1	0	0	1	1	0	0	60
2013/09/05-11:06:52	17	1,863.325	67.176	30	0	0	4	0	0	0	1	1	0	0	60
2013/09/05-11:08:11	17	1,863.325	67.176	35	0	0	4	1	0	0	1	1	0	0	60
2013/09/06-01:47:10	17	1,894.088	67.503	3	0	0	0	0	0	0	1	1	0	0	6
2013/09/06-01:47:35	17	1,894.088	67.503	8	0	0	4	0	0	0	1	1	0	0	17
2013/09/06-01:48:11	17	1,894.088	67.503	22	0	0	2	0	0	0	1	1	0	0	38
2013/09/06-01:49:07	17	1,894.088	67.503	2	0	0	0	0	0	0	1	1	0	0	6
2013/09/06-01:49:32	17	1,894.088	67.503	5	0	0	0	0	0	0	1	1	0	0	10
2013/09/07-00:50:22	17	1,904.354	69.509	23	0	0	4	0	0	1	1	0	0	1	46
2013/09/07-00:51:41	17	1,904.354	69.509	15	0	0	0	0	0	1	1	0	0	1	28
2013/09/07-00:52:59	17	1,904.354	69.509	36	0	0	1	0	0	0	1	0	0	1	60
2013/09/07-00:54:18	17	1,904.354	69.509	33	0	0	3	0	0	0	1	1	0	0	60
2013/09/07-00:55:37	17	1,904.354	69.509	33	0	0	8	0	0	0	1	1	0	0	60
2013/09/07-09:33:02	17	1,883.18	65.529	44	0	0	4	0	0	0	1	1	0	0	60
2013/09/07-09:34:21	17	1,883.18	65.529	29	0	0	3	0	0	0	1	1	0	0	60
2013/09/07-09:35:40	17	1,883.18	65.529	34	0	0	2	0	0	0	1	0	0	1	60
2013/09/07-09:36:59	17	1,883.18	65.529	45	0	0	2	0	0	0	1	0	0	1	60
2013/09/07-09:38:18	17	1,883.18	65.529	34	0	0	2	0	0	0	1	0	0	1	60
2013/09/07-09:59:02	17	1,906.055	61.716	5	0	1	2	0	0	0	1	0	0	1	14
2013/09/07-10:00:22	17	1,906.055	61.716	31	0	0	2	0	0	1	1	0	0	1	57
2013/09/07-10:01:41	17	1,906.055	61.716	33	0	0	1	1	0	0	1	0	0	1	60
2013/09/07-10:03:00	17	1,906.055	61.716	12	0	1	2	0	0	0	1	0	0	1	31
2013/09/07-10:04:19	17	1,906.055	61.716	38	0	0	5	0	0	0	1	1	0	0	60
2013/09/08-20:26:23	17	1,883.763	63.103	41	0	0	9	1	0	0	1	1	0	0	60
2013/09/08-21:46:57	17	1,883.763	63.103	29	0	0	7	0	0	0	1	0	0	1	60
2013/09/08-21:48:17	17	1,883.763	63.103	32	0	0	8	0	0	0	1	1	0	0	60
2013/09/08-21:49:36	17	1,883.763	63.103	41	0	0	4	1	0	0	1	1	0	0	60
2013/09/08-21:50:55	17	1,883.763	63.103	37	0	0	4	1	0	0	1	1	0	0	60
2013/09/08-22:30:50	17	1,909.225	59.958	35	0	0	5	0	0	0	1	1	0	0	60
2013/09/08-22:32:09	17	1,909.225	59.958	36	0	0	3	0	0	0	1	0	0	1	60
2013/09/08-22:33:28	17	1,909.225	59.958	38	0	0	5	1	0	0	1	1	0	0	60
2013/09/08-22:34:47	17	1,909.225	59.958	15	0	0	5	1	0	0	1	1	0	0	29
2013/09/08-22:35:35	17	1,909.225	59.958	26	0	0	9	1	0	0	1	1	0	0	60
2013/09/08-22:59:49	17	1,931.029	57.302	29	0	0	7	1	0	0	1	1	0	0	55
2013/09/08-23:01:03	17	1,931.029	57.302	38	0	0	2	0	0	0	1	0	0	1	60
2013/09/08-23:02:22	17	1,931.029	57.302	32	0	0	1	0	0	0	1	0	0	1	60
2013/09/08-23:03:40	17	1,931.029	57.302	1	0	0	0	0	0	1	1	0	0	1	6
2013/09/08-23:04:35	17	1,931.029	57.302	29	0	0	9	0	0	0	1	1	0	0	60
2013/09/10-01:37:43	17	1,919.757	61.568	39	0	0	7	0	0	0	1	0	0	1	60
2013/09/10-01:39:02	17	1,919.757	61.568	35	0	0	4	1	0	0	1	1	0	0	59
2013/09/10-01:40:19	17	1,919.757	61.568	28	0	0	6	1	0	0	1	1	0	0	60
2013/09/10-01:41:38	17	1,919.757	61.568	37	0	0	6	0	0	0	1	0	0	1	60
2013/09/10-01:42:57	17	1,919.757	61.568	37	0	0	4	1	0	0	1	1	0	0	60
2013/09/10-09:03:23	17	1,932.883	58.874	33	0	0	7	0	0	0	1	1	0	0	60
2013/09/10-09:04:42	17	1,932.883	58.874	30	0	0	2	0	0	0	1	0	0	1	60
2013/09/10-09:06:00	17	1,932.883	58.874	31	0	0	3	0	0	0	1	0	0	1	60
2013/09/10-09:07:19	17	1,932.883	58.874	35	0	0	5	0	0	0	1	1	0	0	60
2013/09/10-09:08:38	17	1,932.883	58.874	8	0	0	3	0	0	1	1	0	0	1	18
2013/09/10-18:06:26	17	1,932.883	58.874	33	0	0	5	0	0	0	1	0	0	1	60
2013/09/10-18:07:45	17	1,932.883	58.874	13	0	0	3	0	0	0	1	1	0	0	34
2013/09/10-18:08:37	17	1,932.883	58.874	38	0	0	2	0	0	0	1	0	0	1	60
2013/09/10-18:09:56	17	1,932.883	58.874	13	0	0	2	1	0	0	1	1	0	0	29
2013/09/10-18:10:43	17	1,932.883	58.874	27	0	0	6	0	0	0	1	0	0	1	60
2013/09/11-01:55:39	17	1,952.062	61.043	3	0	0	1	0	0	1	1	0	0	1	9
2013/09/11-01:56:59	17	1,952.062	61.043	34	0	0	7	0	0	0	1	0	0	1	60
2013/09/11-01:58:17	17	1,934.705	60.084	1	0	0	0	0	0	1	1	0	0	1	6
2013/09/11-01:59:01	17	1,934.705	60.084	34	0	0	4	0	0	0	1	0	0	1	60
2013/09/11-02:00:20	17	1,934.705	60.084	8	0	1	2	0	0	0	1	0	0	1	18
2013/09/11-07:18:25	17	1,934.705	60.084	35	0	0	9	0	0	0	1	1	0	0	60
2013/09/11-07:19:44	17	1,934.705	60.084	44	0	0	5	0	0	0	1	0	0	1	60
2013/09/11-08:11:41	17	1,934.705	60.084	19	0	0	2	0	0	0	1	1	0	0	33
2013/09/11-08:12:38	17	1,934.705	60.084	35	0	0	8	0	0	0	1	0	0	1	60
2013/09/11-08:13:56	17	1,934.705	60.084	30	0	0	10	0	0	0	1	1	0	0	60
2013/09/11-08:44:52	17	1,914.829	56.575	24	0	0	3	1	0	0	1	1	0	0	60
2013/09/11-08:46:11	17	1,914.829	56.575	26	0	0	6	0	0	0	1	0	0	1	60
2013/09/11-08:47:30	17	1,914.829	56.575	33	0	0	11	1	0	0	1	1	0	0	60
2013/09/11-08:48:49	17	1,914.829	56.575	34	0	0	7	1	0	0	1	1	0	0	60
2013/09/11-08:50:07	17	1,914.829	56.575	37	0	0	4	0	0	0	1	1	0	0	60
2013/09/11-18:11:29	17	1,930.801	61.379	31	0	0	4	1	0	0	1	1	0	0	60
2013/09/11-18:12:48	17	1,930.801	61.379	32	0	0	5	0	0	0	1	1	0	0	56
2013/09/11-18:14:03	17	1,930.801	61.379	6	0	1	3	0	0	0	1	0	0	1	16
2013/09/11-18:14:37	17	1,930.801	61.379	32	0	0	6	1	0	0	1	1	0	0	60
2013/09/11-18:15:56	17	1,930.801	61.379	42	0	0	4	1	0	0	1	1	0	0	60
2013/09/11-22:00:06	17	1,951.475	58.656	38	0	0	3	0	0	0	1	0	0	1	60
2013/09/11-22:01:26	17	1,951.475	58.656	38	0	0	5	0	0	0	1	1	0	0	60
2013/09/11-22:02:45	17	1,951.475	58.656	41	0	0	2	0	0	0	1	0	0	1	60
2013/09/11-22:04:04	17	1,951.475	58.656	35	0	0	6	1	0	0	1	1	0	0	60
2013/09/11-22:05:22	17	1,951.475	58.656	42	0	0	4	0	0	0	1	0	0	1	60
2013/09/11-22:33:29	16	1,960.874	56.179	38	0	0	8	0	0	0	1	1	0	0	60
2013/09/11-22:34:48	16	1,960.874	56.179	37	0	0	6	1	0	0	1	1	0	0	60
2013/09/11-22:36:06	16	1,960.874	56.179	21	0	0	3	0	0	1	1	0	0	1	45
2013/09/11-22:37:25	16	1,960.874	56.179	25	0	0	5	0	0	1	1	0	0	1	47
2013/09/11-22:38:44	16	1,960.874	56.179	39	0	0	4	0	0	0	1	1	0	0	60
2013/09/12-11:59:41	16	1,965.541	58.803	32	0	0	5	0	0	0	1	0	0	1	60
2013/09/12-12:01:00	16	1,965.541	58.803	28	0	0	6	0	0	0	1	1	0	0	60
2013/09/12-12:02:19	16	1,965.541	58.803	39	0	0	4	2	0	0	1	1	0	0	58
2013/09/12-12:03:37	16	1,965.541	58.803	35	0	0	4	0	0	0	1	1	0	0	60
2013/09/12-12:04:55	16	1,965.541	58.803	25	0	0	10	0	0	0	1	0	0	1	60
2013/09/12-12:23:06	15	2,018.479	56.431	16	0	0	3	0	0	0	1	1	0	0	31
2013/09/12-12:23:56	15	2,018.479	56.431	16	0	0	4	1	0	0	1	1	0	0	35
2013/09/12-12:24:49	15	2,018.479	56.431	34	0	0	3	0	0	0	1	0	0	1	60
2013/09/12-12:26:08	15	2,018.479	56.431	31	0	0	9	0	0	0	1	1	0	0	60
2013/09/12-12:27:27	15	2,018.479	56.431	37	0	0	10	0	0	0	1	1	0	0	60
2013/09/12-12:52:28	12	2,067.214	54.105	4	0	0	1	0	0	1	1	0	0	1	13
2013/09/12-12:53:26	12	2,067.214	54.105	37	0	0	4	0	0	0	1	0	0	1	60
2013/09/12-12:54:45	12	2,067.214	54.105	34	0	0	7	0	0	0	1	1	0	0	60
2013/09/12-12:56:04	12	2,067.214	54.105	30	0	0	6	0	0	0	1	1	0	0	60
2013/09/12-12:57:23	12	2,067.214	54.105	10	0	0	3	0	0	1	1	0	0	1	20
2013/09/13-22:52:44	7	2,084.291	70.741	35	0	0	4	1	0	0	1	1	0	0	60
2013/09/13-22:54:03	7	2,084.291	70.741	27	0	0	4	0	0	0	1	1	0	0	52
2013/09/13-22:55:14	7	2,084.291	70.741	31	0	0	2	0	0	0	1	0	0	1	60
2013/09/13-22:56:33	7	2,083.188	69.852	26	0	0	5	1	0	0	1	1	0	0	60
2013/09/13-22:57:52	7	2,083.188	69.852	33	0	0	3	2	0	0	1	1	0	0	56
2013/09/13-23:27:17	7	2,083.188	69.852	34	0	0	5	1	0	0	1	1	0	0	60
2013/09/13-23:28:35	7	2,083.188	69.852	42	0	0	5	0	0	0	1	0	0	1	60
2013/09/13-23:29:54	7	2,083.188	69.852	28	0	0	5	1	0	0	1	1	0	0	60
2013/09/13-23:31:13	7	2,083.188	69.852	37	0	0	4	0	0	0	1	0	0	1	60
2013/09/13-23:32:32	7	2,083.188	69.852	17	0	1	4	0	0	0	1	0	0	1	34
2013/09/13-23:53:15	8	2,065.876	66.687	9	0	1	5	0	0	0	1	0	0	1	22
2013/09/13-23:54:34	8	2,065.876	66.687	32	0	0	2	0	0	0	1	0	0	1	60
2013/09/13-23:55:53	8	2,065.876	66.687	43	0	0	5	0	0	0	1	1	0	0	60
2013/09/13-23:57:12	8	2,065.876	66.687	22	0	1	1	0	0	0	1	0	0	1	51
2013/09/13-23:58:31	8	2,065.876	66.687	40	0	0	4	0	0	0	1	1	0	0	60
2013/09/14-01:08:23	8	2,065.876	66.687	8	0	0	2	0	0	0	1	1	0	0	17
2013/09/14-01:08:59	8	2,065.876	66.687	34	0	0	5	1	0	0	1	1	0	0	60
2013/09/14-01:10:17	8	2,065.876	66.687	31	0	0	6	0	0	0	1	1	0	0	60
2013/09/14-01:11:36	8	2,065.876	66.687	4	0	0	1	0	0	1	1	0	0	1	13
2013/09/14-01:12:20	8	2,065.876	66.687	19	0	0	6	0	0	0	1	1	0	0	42
2013/09/14-01:39:45	9	2,056.573	62.216	5	0	0	0	0	0	1	1	0	0	1	7
2013/09/14-01:40:56	9	2,056.573	62.216	7	0	1	3	0	0	0	1	0	0	1	19
2013/09/14-01:41:34	9	2,056.573	62.216	36	0	0	7	1	0	0	1	1	0	0	60
2013/09/14-01:42:53	9	2,056.573	62.216	27	0	0	7	0	0	1	1	0	0	1	59
2013/09/14-01:44:11	9	2,056.573	62.216	35	0	0	8	2	0	0	1	1	0	0	60
2013/09/14-01:59:06	9	2,056.573	62.216	34	0	0	6	0	0	0	1	1	0	0	60
2013/09/14-02:00:25	8	2,060.887	59.193	33	0	0	3	0	0	0	1	1	0	0	60
2013/09/14-02:01:43	8	2,060.887	59.193	35	0	0	4	0	0	0	1	0	0	1	60
2013/09/14-02:03:02	8	2,060.887	59.193	30	0	0	8	0	0	0	1	1	0	0	60
2013/09/14-02:04:21	8	2,060.887	59.193	11	0	0	2	0	0	0	1	1	0	0	24
2013/09/14-03:13:44	6	2,085.417	56.979	15	0	0	2	1	0	0	1	1	0	0	27
2013/09/14-03:14:30	6	2,085.417	56.979	8	0	0	5	0	0	1	1	0	0	1	19
2013/09/14-03:15:18	6	2,085.417	56.979	38	0	0	6	0	0	0	1	1	0	0	60
2013/09/14-03:16:36	6	2,085.417	56.979	8	0	1	3	0	0	0	1	0	0	1	23
2013/09/14-03:17:18	6	2,085.417	56.979	26	0	0	4	1	0	0	1	1	0	0	60
2013/09/14-03:42:19	7	2,065.725	56.705	30	0	0	8	0	0	0	1	0	0	1	60
2013/09/14-03:43:38	7	2,065.725	56.705	22	0	0	6	0	0	0	1	1	0	0	53
2013/09/14-03:44:50	7	2,065.725	56.705	40	0	0	2	0	0	0	1	0	0	1	60
2013/09/14-03:46:08	7	2,065.725	56.705	35	0	0	6	0	0	0	1	1	0	0	60
2013/09/14-03:47:27	7	2,065.725	56.705	23	0	0	5	2	0	0	1	1	0	0	51
2013/09/14-04:06:03	7	2,058.283	55.824	33	0	0	2	2	0	0	1	1	0	0	60
2013/09/14-04:07:22	7	2,058.283	55.824	19	0	0	7	1	0	1	1	0	0	1	49
2013/09/14-04:08:30	7	2,058.283	55.824	14	0	0	3	2	0	0	1	1	0	0	29
2013/09/14-04:09:18	7	2,058.283	55.824	40	0	0	5	0	0	0	1	1	0	0	59
2013/09/14-04:10:36	7	2,058.283	55.824	31	0	0	7	0	0	0	1	0	0	1	60
2013/09/14-06:20:16	5	2,065.2	56.637	28	0	0	4	0	0	0	1	1	0	0	51
2013/09/14-06:21:26	5	2,065.2	56.637	31	0	0	6	0	0	0	1	1	0	0	60
2013/09/14-06:22:45	5	2,065.2	56.637	34	0	0	4	0	0	0	1	0	0	1	60
2013/09/14-06:24:03	5	2,062.24	56.609	35	0	0	7	0	0	0	1	1	0	0	60
2013/09/14-06:25:22	5	2,062.24	56.609	40	0	0	5	0	0	0	1	0	0	1	60
2013/09/14-06:46:37	5	2,062.24	56.609	20	0	0	3	1	0	0	1	1	0	0	42
2013/09/14-06:47:37	5	2,062.24	56.609	25	0	0	8	1	0	0	1	1	0	0	60
2013/09/14-06:48:56	5	2,062.24	56.609	11	0	0	1	1	0	1	1	0	0	1	26
2013/09/14-06:49:41	5	2,062.24	56.609	19	0	0	12	0	0	1	1	0	0	1	44
2013/09/14-06:50:43	5	2,062.24	56.609	31	0	0	7	0	0	0	1	1	0	0	60
2013/09/14-07:02:11	4	2,056.502	55.615	30	0	0	2	0	0	0	1	0	0	1	60
2013/09/14-07:03:30	4	2,056.502	55.615	34	0	0	6	0	0	0	1	1	0	0	60
2013/09/14-07:04:49	4	2,056.502	55.615	11	0	0	1	0	0	1	1	0	0	1	22
2013/09/14-07:06:08	4	2,056.502	55.615	30	0	0	5	0	0	1	1	0	0	1	53
2013/09/14-07:07:27	4	2,056.502	55.615	34	0	0	3	0	0	0	1	0	0	1	60
2013/09/14-12:24:10	3	2,048.14	58.277	11	0	0	2	0	0	0	1	1	0	0	26
2013/09/14-12:24:55	3	2,048.14	58.277	17	0	0	6	0	0	0	1	1	0	0	39
2013/09/14-12:25:52	3	2,048.14	58.277	9	0	1	3	0	0	0	1	0	0	1	23
2013/09/14-12:26:57	3	2,048.14	58.277	28	0	1	6	1	0	0	1	0	0	1	52
2013/09/14-12:28:07	3	2,048.14	58.277	10	0	0	5	1	0	0	1	1	0	0	27
2013/09/14-12:47:53	3	2,031.313	58.302	12	0	1	6	0	0	0	1	0	0	1	25
2013/09/14-12:48:37	3	2,031.313	58.302	8	0	1	4	1	0	0	1	0	0	1	22
2013/09/14-12:49:17	3	2,031.313	58.302	6	0	0	0	0	0	1	1	0	0	1	11
2013/09/14-12:49:47	3	2,031.313	58.302	34	0	0	8	0	0	0	1	0	0	1	60
2013/09/14-12:51:05	3	2,031.313	58.302	29	0	0	5	0	0	0	1	1	0	0	53
2013/09/14-13:10:53	3	2,031.313	58.302	34	0	0	3	0	0	0	1	1	0	0	60
2013/09/14-13:12:12	5	2,018.438	56.727	20	0	0	7	2	0	1	1	0	0	1	48
2013/09/14-13:13:19	5	2,018.438	56.727	30	0	0	3	0	0	0	1	0	0	1	60
2013/09/14-13:14:38	5	2,018.438	56.727	34	0	0	8	0	0	0	1	0	0	1	60
2013/09/14-13:15:57	5	2,018.438	56.727	38	0	0	7	1	0	0	1	1	0	0	60
2013/09/14-16:24:39	3	2,022.562	59.752	20	0	0	7	1	0	0	1	1	0	0	40
2013/09/14-16:25:37	3	2,022.562	59.752	12	0	0	3	1	0	0	1	1	0	0	27
2013/09/14-16:26:23	3	2,022.562	59.752	5	0	0	1	0	0	0	1	1	0	0	11
2013/09/14-16:26:52	3	2,022.562	59.752	3	0	0	1	0	0	0	1	1	0	0	8
2013/09/14-16:27:18	3	2,022.562	59.752	5	0	0	2	0	0	0	1	1	0	0	13
2013/09/14-16:45:25	3	2,022.562	59.752	13	0	1	1	0	0	0	1	0	0	1	22
2013/09/14-16:46:44	3	2,022.562	59.752	40	0	0	8	1	0	0	1	1	0	0	60
2013/09/14-16:48:03	3	2,014.879	58.698	6	0	0	0	0	0	0	1	1	0	0	11
2013/09/14-16:48:32	3	2,014.879	58.698	12	0	0	6	1	0	0	1	1	0	0	28
2013/09/14-16:49:19	3	2,014.879	58.698	39	0	0	6	0	0	0	1	1	0	0	60
2013/09/14-17:06:08	3	2,014.879	58.698	34	0	0	6	0	0	0	1	1	0	0	60
2013/09/14-17:07:28	3	2,014.879	58.698	46	0	0	5	0	0	0	1	0	0	1	60
2013/09/14-17:08:47	3	2,014.879	58.698	27	0	0	5	0	0	0	1	1	0	0	54
2013/09/14-17:10:00	3	2,014.879	58.698	32	0	0	6	3	0	0	1	1	0	0	53
2013/09/14-17:11:13	3	2,014.879	58.698	16	0	0	4	0	0	0	1	1	0	0	34
2013/09/14-19:58:10	3	2,040.304	60.604	29	0	0	9	1	0	0	1	1	0	0	60
2013/09/14-19:59:29	3	2,040.304	60.604	32	0	0	4	0	0	0	1	0	0	1	60
2013/09/14-20:00:48	3	2,040.304	60.604	13	0	0	6	1	0	0	1	1	0	0	30
2013/09/14-20:01:37	3	2,040.304	60.604	6	0	0	3	0	0	1	1	0	0	1	15
2013/09/14-20:02:22	3	2,040.304	60.604	6	0	0	2	0	0	1	1	0	0	1	16
2013/09/14-20:59:50	4	2,014.059	59.973	37	0	0	4	0	0	0	1	0	0	1	60
2013/09/14-21:01:09	4	2,014.059	59.973	36	0	0	2	0	0	0	1	0	0	1	60
2013/09/14-21:02:28	4	2,014.059	59.973	34	0	0	5	1	0	0	1	1	0	0	58
2013/09/14-21:03:45	4	2,014.059	59.973	28	0	0	6	0	0	0	1	1	0	0	60
2013/09/14-21:05:03	4	2,014.059	59.973	37	0	0	3	1	0	0	1	1	0	0	60
2013/09/14-21:20:19	4	2,016.559	57.822	32	0	0	5	0	0	0	1	0	0	1	60
2013/09/14-21:21:37	4	2,016.559	57.822	37	0	0	4	0	0	0	1	1	0	0	60
2013/09/14-21:22:56	4	2,016.559	57.822	32	0	0	5	0	0	0	1	1	0	0	60
2013/09/14-21:24:15	4	2,016.559	57.822	42	0	0	6	0	0	0	1	1	0	0	60
2013/09/14-21:25:33	4	2,016.559	57.822	8	0	0	1	0	0	1	1	0	0	1	15
2013/09/15-09:11:46	3	2,020.928	62.687	20	0	0	5	0	0	1	1	0	0	1	44
2013/09/15-09:12:50	3	2,020.928	62.687	17	0	0	4	0	0	0	1	1	0	0	35
2013/09/15-09:13:44	3	2,020.928	62.687	7	0	0	4	0	0	0	1	1	0	0	25
2013/09/15-09:14:28	3	2,020.928	62.687	33	0	0	5	0	0	0	1	1	0	0	60
2013/09/15-09:15:46	3	2,020.928	62.687	17	0	0	2	1	0	0	1	1	0	0	34
2013/09/15-09:35:19	3	2,020.928	62.687	32	0	0	3	0	0	0	1	1	0	0	60
2013/09/15-09:36:38	3	2,020.928	62.687	41	0	0	4	0	0	0	1	0	0	1	60
2013/09/15-09:37:57	3	2,013.785	61.309	36	0	0	5	0	0	0	1	1	0	0	60
2013/09/15-09:39:16	3	2,013.785	61.309	37	0	0	4	0	0	0	1	0	0	1	60
2013/09/15-09:40:35	3	2,013.785	61.309	38	0	0	5	1	0	0	1	1	0	0	60
2013/09/15-09:55:49	3	2,013.785	61.309	29	0	0	8	0	0	0	1	1	0	0	60
2013/09/15-09:57:07	3	2,013.785	61.309	14	0	0	3	0	0	1	1	0	0	1	31
2013/09/15-09:58:00	3	2,013.785	61.309	24	0	0	5	0	0	1	1	0	0	1	48
2013/09/15-09:59:07	3	2,013.785	61.309	4	0	1	0	0	0	0	1	0	0	1	10
2013/09/15-09:59:56	3	2,013.785	61.309	39	0	0	5	0	0	0	1	0	0	1	60
2013/09/15-17:23:27	4	1,993.9	68.019	39	0	0	6	0	0	0	1	1	0	0	60
2013/09/15-17:24:46	4	1,993.9	68.019	31	0	0	7	1	0	0	1	1	0	0	60
2013/09/15-17:26:05	4	1,993.9	68.019	37	0	0	4	0	0	0	1	0	0	1	60
2013/09/15-17:27:24	4	1,993.9	68.019	7	0	1	2	0	0	0	1	0	0	1	15
2013/09/15-17:28:43	4	1,993.9	68.019	38	0	0	3	0	0	0	1	0	0	1	60
2013/09/15-17:42:15	3	1,992.294	63.914	36	0	0	5	0	0	0	1	1	0	0	60
2013/09/15-17:43:33	3	1,992.294	63.914	41	0	0	3	0	0	0	1	0	0	1	60
2013/09/15-17:44:52	3	1,992.294	63.914	31	0	0	7	1	0	0	1	1	0	0	60
2013/09/15-17:46:11	3	1,992.294	63.914	46	0	0	2	0	0	0	1	0	0	1	60
2013/09/15-17:47:30	3	1,992.294	63.914	38	0	0	4	0	0	0	1	1	0	0	60
2013/09/15-18:14:44	3	1,992.294	63.914	15	0	0	1	0	0	1	1	0	0	1	27
2013/09/15-18:16:03	3	1,992.294	63.914	14	0	0	2	0	0	1	1	0	0	1	31
2013/09/15-18:17:22	3	1,992.294	63.914	34	0	0	5	0	0	0	1	0	0	1	60
2013/09/15-18:18:41	3	1,992.294	63.914	25	0	0	4	1	0	1	1	0	0	1	44
2013/09/15-18:19:55	3	1,992.294	63.914	14	0	0	4	0	0	1	1	0	0	1	32
2013/09/15-23:28:20	3	2,012.178	67.411	35	0	0	5	0	0	0	1	1	0	0	60
2013/09/15-23:29:39	3	2,012.178	67.411	18	0	0	4	0	0	0	1	1	0	0	36
2013/09/15-23:30:34	3	2,012.178	67.411	38	0	0	6	0	0	0	1	1	0	0	60
2013/09/15-23:31:53	3	2,012.178	67.411	27	0	0	5	0	0	0	1	1	0	0	60
2013/09/15-23:33:11	3	2,012.178	67.411	5	0	1	1	0	0	0	1	0	0	1	10
2013/09/15-23:53:35	3	2,012.178	67.411	12	0	0	3	0	0	1	1	0	0	1	25
2013/09/15-23:54:54	3	2,012.178	67.411	31	0	0	4	1	0	1	1	0	0	1	58
2013/09/15-23:56:11	3	2,012.178	67.411	14	0	0	2	0	0	1	1	0	0	1	27
2013/09/15-23:57:30	3	2,012.178	67.411	29	0	0	7	0	0	0	1	0	0	1	60
2013/09/15-23:58:48	3	2,012.178	67.411	36	0	0	3	0	0	0	1	1	0	0	60
2013/09/16-00:24:39	3	2,038.689	61.024	24	0	0	7	2	0	0	1	1	0	0	46
2013/09/16-00:25:45	3	2,038.689	61.024	39	0	0	3	1	0	0	1	1	0	0	60
2013/09/16-00:27:04	3	2,038.689	61.024	34	0	0	3	0	0	0	1	1	0	0	60
2013/09/16-00:28:22	3	2,038.689	61.024	5	0	0	0	0	0	1	1	0	0	1	8
2013/09/16-00:29:41	3	2,038.689	61.024	28	0	0	6	0	0	0	1	1	0	0	60
2013/09/16-23:48:41	3	2,059.152	64.892	3	0	0	0	0	0	0	1	1	0	0	9
2013/09/16-23:49:09	3	2,059.152	64.892	43	0	0	0	2	0	0	1	1	0	0	60
2013/09/16-23:50:28	3	2,059.152	64.892	24	0	0	12	0	0	0	1	1	0	0	60
2013/09/16-23:51:47	3	2,059.152	64.892	4	0	1	0	1	0	0	1	0	0	1	20
2013/09/16-23:52:27	3	2,059.152	64.892	24	0	0	0	0	0	1	1	0	0	1	20
2013/09/17-00:08:42	3	2,051.391	61.679	1	0	0	0	0	0	1	1	0	0	1	8
2013/09/17-00:10:01	3	2,051.391	61.679	30	0	0	6	1	0	0	1	1	0	0	60
2013/09/17-00:11:20	3	2,051.391	61.679	1	0	0	0	0	0	1	1	0	0	1	3
2013/09/17-00:11:58	3	2,051.391	61.679	43	0	0	22	0	0	0	1	1	0	0	60
2013/09/17-00:13:17	3	2,051.391	61.679	4	0	1	0	0	0	0	1	0	0	1	18
2013/09/17-00:34:55	3	2,051.391	61.679	25	0	0	0	2	0	1	1	0	0	1	39
2013/09/17-00:35:52	3	2,051.391	61.679	6	0	0	1	0	0	1	1	0	0	1	18
2013/09/17-00:37:11	3	2,051.391	61.679	2	0	0	0	0	0	1	1	0	0	1	6
2013/09/17-00:37:39	3	2,051.391	61.679	2	0	0	0	0	0	1	1	0	0	1	6
2013/09/17-00:38:28	3	2,051.391	61.679	3	0	0	0	0	0	1	1	0	0	1	10
2013/09/17-21:36:09	3	1,998.818	63.882	2	0	1	0	0	0	0	1	0	0	1	7
2013/09/17-21:37:07	3	1,998.818	63.882	9	0	0	22	1	0	0	1	1	0	0	35
2013/09/17-21:38:01	3	1,998.818	63.882	5	0	0	0	0	0	1	1	0	0	1	16
2013/09/17-21:38:46	3	1,998.818	63.882	47	0	0	0	0	0	0	1	1	0	0	60
2013/09/17-21:40:05	3	1,998.818	63.882	3	0	0	0	0	0	1	1	0	0	1	21
2013/09/17-21:45:46	3	1,998.818	63.882	2	0	1	0	0	0	0	1	0	0	1	7
2013/09/17-21:46:12	3	1,998.818	63.882	9	0	1	1	0	0	0	1	0	0	1	33
2013/09/17-21:47:23	3	1,998.818	63.882	4	0	1	0	1	0	0	1	0	0	1	16
2013/09/17-21:47:58	3	1,998.818	63.882	24	0	0	6	0	0	0	1	1	0	0	60
2013/09/17-21:49:16	3	1,998.818	63.882	60	0	0	0	0	0	0	1	0	0	1	60
2013/09/17-22:12:45	4	1,988.328	58.039	25	0	1	0	0	0	0	1	0	0	1	35
2013/09/17-22:14:03	4	1,988.328	58.039	2	0	0	0	0	0	1	1	0	0	1	6
2013/09/17-22:15:22	4	1,988.328	58.039	36	0	0	7	1	0	0	1	1	0	0	60
2013/09/17-22:16:41	4	1,988.328	58.039	7	0	0	0	1	0	1	1	0	0	1	5
2013/09/17-22:17:05	4	1,988.328	58.039	7	0	0	0	2	0	1	1	0	0	1	33
2013/09/18-12:12:45	5	1,983.073	63.92	2	0	0	0	0	0	1	1	0	0	1	6
2013/09/18-12:13:48	5	1,983.073	63.92	42	0	0	4	1	0	0	1	1	0	0	60
2013/09/18-12:15:07	5	1,983.073	63.92	41	0	0	0	0	0	0	1	0	0	1	60
2013/09/18-12:16:26	5	1,983.073	63.92	2	0	0	0	0	0	1	1	0	0	1	7
2013/09/18-12:16:51	5	1,983.073	63.92	1	0	1	0	0	0	0	1	0	0	1	6
2013/09/18-12:28:36	5	1,972.314	60.347	43	0	0	0	1	0	0	1	1	0	0	60
2013/09/18-12:29:54	5	1,972.314	60.347	2	0	0	0	0	0	1	1	0	0	1	6
2013/09/18-12:31:14	5	1,972.314	60.347	15	0	1	0	0	0	0	1	0	0	1	30
2013/09/18-12:32:32	5	1,972.314	60.347	2	0	1	0	0	0	0	1	0	0	1	12
2013/09/18-12:33:03	5	1,972.314	60.347	23	0	0	0	0	0	1	1	0	0	1	21
2013/09/18-12:53:47	5	1,972.314	60.347	35	0	0	6	0	0	0	1	1	0	0	60
2013/09/18-12:55:06	6	1,959.873	56.855	31	0	0	0	2	0	0	1	1	0	0	27
2013/09/18-12:55:52	6	1,959.873	56.855	1	0	1	0	1	0	0	1	0	0	1	4
2013/09/18-12:57:12	6	1,959.873	56.855	32	0	0	0	0	0	1	1	0	0	1	44
2013/09/18-12:58:15	6	1,959.873	56.855	1	0	0	0	0	0	1	1	0	0	1	2
2013/09/18-17:21:40	8	1,958.052	63.353	19	0	0	5	0	0	1	1	0	0	1	40
2013/09/18-17:22:58	8	1,958.052	63.353	8	0	0	4	0	0	1	1	0	0	1	30
2013/09/18-17:23:47	8	1,958.052	63.353	24	0	0	3	1	0	1	1	0	0	1	54
2013/09/18-17:25:00	8	1,958.052	63.353	2	0	0	0	0	0	1	1	0	0	1	6
2013/09/18-17:25:28	8	1,958.052	63.353	20	0	1	0	0	0	0	1	0	0	1	23
2013/09/18-17:32:35	8	1,958.052	63.353	32	0	0	0	3	0	0	1	1	0	0	36
2013/09/18-17:33:30	8	1,958.052	63.353	1	0	1	0	0	0	0	1	0	0	1	3
2013/09/18-17:34:46	8	1,958.052	63.353	1	0	1	0	0	0	0	1	0	0	1	7
2013/09/18-17:35:12	8	1,958.052	63.353	24	0	0	4	0	0	1	1	0	0	1	43
2013/09/18-17:36:31	9	1,929.962	57.956	44	0	0	0	1	0	0	1	1	0	0	60
2013/09/18-17:55:45	9	1,929.962	57.956	40	0	0	0	0	0	0	1	0	0	1	60
2013/09/18-17:57:04	9	1,929.962	57.956	3	0	0	0	1	0	1	1	0	0	1	11
2013/09/18-17:57:56	9	1,929.962	57.956	45	0	0	11	0	0	0	1	1	0	0	60
2013/09/18-17:59:15	9	1,929.962	57.956	29	0	0	0	2	0	0	1	1	0	0	31
2013/09/18-18:00:05	9	1,929.962	57.956	1	0	1	0	1	0	0	1	0	0	1	3
2013/09/19-00:14:48	7	1,947.544	59.838	24	0	0	0	0	0	1	1	0	0	1	20
2013/09/19-00:15:27	7	1,947.544	59.838	2	0	0	0	0	0	0	1	1	0	0	6
2013/09/19-00:15:52	7	1,947.544	59.838	33	0	0	6	1	0	0	1	1	0	0	60
2013/09/19-00:17:11	7	1,947.544	59.838	4	0	0	1	0	0	1	1	0	0	1	11
2013/09/19-00:17:41	7	1,947.544	59.838	15	0	1	0	0	0	0	1	1	0	0	23
2013/09/19-00:29:50	7	1,947.544	59.838	14	0	1	0	0	0	0	1	0	0	1	24
2013/09/19-00:30:34	7	1,947.544	59.838	4	0	0	0	1	0	1	1	0	0	1	13
2013/09/19-00:31:52	7	1,947.544	59.838	50	0	0	0	0	0	1	1	0	0	1	60
2013/09/19-00:33:11	7	1,947.544	59.838	31	0	0	7	0	0	0	1	0	0	1	60
2013/09/19-00:34:30	7	1,947.544	59.838	3	0	1	0	0	0	0	1	0	0	1	10
2013/09/19-07:27:42	9	1,927.135	56.619	1	0	0	0	0	0	1	1	0	0	1	3
2013/09/19-07:28:35	9	1,927.135	56.619	4	0	0	0	0	0	0	1	1	0	0	6
2013/09/19-07:29:00	9	1,927.135	56.619	3	0	1	0	0	0	0	1	0	0	1	16
2013/09/19-07:29:35	9	1,927.135	56.619	38	0	0	16	1	0	0	1	1	0	0	60
2013/09/19-07:30:54	9	1,927.135	56.619	7	0	1	0	0	0	0	1	0	0	1	20
2013/09/19-09:10:39	9	1,936.068	56.918	19	0	0	8	0	0	0	1	0	0	1	60
2013/09/19-09:11:58	9	1,936.068	56.918	2	0	1	0	0	0	0	1	0	0	1	6
2013/09/19-09:12:49	9	1,936.068	56.918	0	0	1	0	0	0	0	1	0	0	1	3
2013/09/19-09:13:11	9	1,936.068	56.918	21	0	0	5	1	0	1	1	0	0	1	41
2013/09/19-09:14:13	9	1,905.776	55.833	31	0	0	0	1	0	1	1	0	0	1	44
2013/09/19-09:25:57	9	1,905.776	55.833	22	0	0	5	1	0	0	1	1	0	0	44
2013/09/19-09:27:00	9	1,905.776	55.833	12	0	0	13	2	0	0	1	1	0	0	30
2013/09/19-09:27:49	9	1,905.776	55.833	18	0	0	0	1	0	0	1	1	0	0	22
2013/09/19-09:28:30	9	1,905.776	55.833	10	0	0	1	1	0	1	1	0	0	1	22
2013/09/19-09:29:12	9	1,905.776	55.833	15	0	0	2	2	0	0	1	1	0	0	31
2013/09/19-09:41:43	9	1,910.537	54.592	12	0	0	0	0	0	0	1	1	0	0	10
2013/09/19-09:42:12	9	1,910.537	54.592	21	0	0	1	1	0	0	1	1	0	0	60
2013/09/19-09:43:31	9	1,910.537	54.592	8	0	0	0	2	0	0	1	1	0	0	24
2013/09/19-09:44:14	9	1,910.537	54.592	2	0	0	0	0	0	1	1	0	0	1	6
2013/09/19-09:45:34	9	1,910.537	54.592	6	0	1	0	0	0	0	1	0	0	1	21
2013/09/19-14:38:47	8	1,898.82	61.692	27	0	0	7	0	0	0	1	1	0	0	60
2013/09/19-14:40:06	8	1,898.82	61.692	70	0	0	0	0	0	0	1	1	0	0	60
2013/09/19-14:41:25	8	1,898.82	61.692	2	0	0	0	2	0	1	1	1	0	0	6
2013/09/19-14:41:50	8	1,898.82	61.692	19	0	0	0	0	0	0	1	1	0	0	60
2013/09/19-14:43:08	8	1,898.82	61.692	47	0	0	0	0	0	0	1	0	0	1	60
2013/09/19-14:56:19	8	1,898.82	61.692	31	0	0	4	0	0	0	1	1	0	0	60
2013/09/19-14:57:38	8	1,898.82	61.692	30	0	0	0	0	0	1	1	0	0	1	41
2013/09/19-14:58:57	8	1,898.82	61.692	2	0	0	0	1	0	1	1	0	0	1	6
2013/09/19-14:59:36	8	1,891.304	58.246	25	0	0	0	0	0	0	1	1	0	0	33
2013/09/19-15:00:28	8	1,891.304	58.246	1	0	0	0	1	0	0	1	1	0	0	6
2013/09/19-15:17:49	8	1,891.304	58.246	4	0	1	0	0	0	0	1	0	0	1	10
2013/09/19-15:18:24	8	1,891.304	58.246	17	0	0	0	0	0	0	1	1	0	0	60
2013/09/19-15:19:44	8	1,891.304	58.246	30	0	0	6	1	0	0	1	1	0	0	60
2013/09/19-15:21:03	8	1,891.304	58.246	4	0	0	6	0	0	0	1	1	0	0	14
2013/09/19-15:21:38	8	1,891.304	58.246	1	0	0	0	0	0	1	1	0	0	1	2
2013/09/19-18:53:30	6	1,917.575	62.592	9	0	0	0	2	0	0	1	1	0	0	29
2013/09/19-18:54:19	6	1,917.575	62.592	29	0	0	0	2	0	1	1	0	0	1	46
2013/09/19-18:55:24	6	1,917.575	62.592	19	0	0	0	1	0	0	1	1	0	0	18
2013/09/19-18:56:01	6	1,917.575	62.592	7	0	1	0	0	0	0	1	0	0	1	23
2013/09/19-18:56:48	6	1,917.575	62.592	28	0	0	6	1	0	0	1	1	0	0	48
2013/09/19-19:20:16	7	1,916.395	60.757	1	0	0	0	1	0	1	1	0	0	1	7
2013/09/19-19:20:52	7	1,916.395	60.757	14	0	0	19	1	0	0	1	1	0	0	43
2013/09/19-19:21:54	7	1,916.395	60.757	16	0	0	5	0	0	0	1	1	0	0	60
2013/09/19-19:23:13	7	1,916.395	60.757	30	0	0	9	1	0	0	1	1	0	0	60
2013/09/19-19:24:32	7	1,916.395	60.757	32	0	0	0	2	0	0	1	1	0	0	46
2013/09/19-19:36:39	7	1,916.395	60.757	20	0	0	0	1	0	0	1	1	0	0	30
2013/09/19-19:37:29	7	1,916.395	60.757	9	0	0	2	0	0	0	1	0	1	0	75
2013/09/19-19:39:38	4	1,939.405	56.804	1	0	1	0	0	0	0	1	0	0	1	3
2013/09/19-19:40:32	4	1,939.405	56.804	2	0	0	0	0	0	1	1	0	0	1	7
2013/09/19-19:41:06	4	1,939.405	56.804	12	0	0	0	1	0	0	1	1	0	0	18
2013/09/20-00:30:10	5	1,937.876	61.893	24	0	0	7	0	0	0	1	0	0	1	60
2013/09/20-00:31:31	5	1,937.876	61.893	26	0	0	0	2	0	0	1	1	0	0	24
2013/09/20-00:32:13	5	1,937.876	61.893	34	0	0	5	0	0	0	1	0	0	1	60
2013/09/20-00:33:32	5	1,937.876	61.893	48	0	0	0	0	0	0	1	0	0	1	60
2013/09/20-00:34:51	5	1,930.683	60.613	8	0	0	0	0	0	1	1	0	0	1	26
2013/09/20-00:51:31	5	1,930.683	60.613	5	0	1	0	0	0	0	1	0	0	1	8
2013/09/20-00:52:05	5	1,930.683	60.613	25	0	0	6	1	0	0	1	1	0	0	54
2013/09/20-00:53:18	5	1,930.683	60.613	6	0	1	0	0	0	0	1	0	0	1	6
2013/09/20-00:54:30	5	1,930.683	60.613	1	0	0	0	0	0	1	1	0	0	1	3
2013/09/20-00:54:59	5	1,930.683	60.613	37	0	0	17	1	0	0	1	1	0	0	60
2013/09/20-01:14:53	5	1,910.166	57.38	2	0	0	0	0	0	1	1	0	0	1	7
2013/09/20-01:15:19	5	1,910.166	57.38	23	0	1	0	0	0	0	1	0	0	1	29
2013/09/20-01:16:07	5	1,910.166	57.38	34	0	0	2	0	0	0	1	1	0	0	60
2013/09/20-01:17:27	5	1,910.166	57.38	1	0	0	0	0	0	1	1	0	0	1	3
2013/09/20-01:18:01	5	1,910.166	57.38	13	0	1	3	1	0	0	1	0	0	1	50
2013/09/20-04:31:32	4	1,905.892	62.748	20	0	0	0	2	0	0	1	1	0	0	60
2013/09/20-04:32:51	4	1,905.892	62.748	36	0	0	4	1	0	0	1	1	0	0	60
2013/09/20-04:34:09	4	1,905.892	62.748	59	0	0	0	0	0	0	1	1	0	0	60
2013/09/20-04:35:28	4	1,905.892	62.748	44	0	0	0	1	0	0	1	1	0	0	60
2013/09/20-04:36:47	4	1,905.892	62.748	3	0	0	0	1	0	1	1	0	0	1	10
2013/09/20-04:51:57	4	1,903.114	60.699	34	0	0	5	0	0	0	1	0	0	1	60
2013/09/20-04:53:16	4	1,903.114	60.699	60	0	0	0	0	0	0	1	0	0	1	60
2013/09/20-04:54:35	4	1,903.114	60.699	0	0	1	0	0	0	0	1	0	0	1	3
2013/09/20-04:54:58	4	1,903.114	60.699	8	0	0	11	1	0	1	1	0	0	1	25
2013/09/20-04:55:42	4	1,903.114	60.699	3	0	0	0	0	0	1	1	0	0	1	10
2013/09/20-05:04:37	4	1,903.114	60.699	5	0	0	0	0	0	1	1	0	0	1	4
2013/09/20-05:05:28	4	1,903.114	60.699	2	0	1	0	0	0	0	1	0	0	1	6
2013/09/20-05:06:11	4	1,903.114	60.699	5	0	0	22	0	0	1	1	0	0	1	30
2013/09/20-05:07:00	4	1,903.114	60.699	1	0	0	0	0	0	1	1	0	0	1	5
2013/09/20-05:08:20	4	1,903.114	60.699	16	0	0	4	1	0	1	1	0	0	1	57
2013/09/20-08:35:23	5	1,857.07	64.095	18	0	1	0	1	0	0	1	0	0	1	17
2013/09/20-08:36:42	5	1,857.07	64.095	41	0	0	3	0	0	0	1	0	1	0	60
2013/09/20-08:38:01	5	1,857.07	64.095	4	0	1	2	0	0	0	1	0	0	1	22
2013/09/20-08:38:55	5	1,857.07	64.095	2	0	0	0	0	0	1	1	0	0	1	6
2013/09/20-08:39:55	5	1,857.07	64.095	5	0	0	0	1	0	0	1	1	0	0	16
2013/09/20-08:55:52	7	1,841.291	60.978	5	0	0	0	0	0	1	1	0	0	1	24
2013/09/20-08:56:35	7	1,841.291	60.978	11	0	0	4	1	0	0	1	1	0	0	29
2013/09/20-08:57:23	7	1,841.291	60.978	17	0	0	1	0	0	1	1	0	0	1	35
2013/09/20-08:58:33	7	1,841.291	60.978	17	0	0	0	1	0	0	1	1	0	0	22
2013/09/20-08:59:14	7	1,841.291	60.978	2	0	0	0	0	0	1	1	0	0	1	6
2013/09/20-09:13:42	7	1,841.291	60.978	6	0	0	0	1	0	1	1	0	0	1	18
2013/09/20-09:14:20	7	1,841.291	60.978	13	0	0	0	1	0	0	1	1	0	0	25
2013/09/20-09:15:04	7	1,841.291	60.978	5	0	0	3	1	0	1	1	1	0	0	22
2013/09/20-09:15:45	7	1,841.291	60.978	15	0	0	3	0	0	0	1	1	0	0	35
2013/09/20-09:16:39	7	1,841.291	60.978	22	0	0	0	2	0	0	1	1	0	0	22
2013/09/20-15:35:29	6	1,864.967	66.712	24	0	0	0	0	0	1	1	0	0	1	30
2013/09/20-15:36:18	6	1,864.967	66.712	14	0	0	0	0	0	0	1	1	0	0	38
2013/09/20-15:37:15	6	1,864.967	66.712	12	0	0	17	0	0	1	1	0	0	1	45
2013/09/20-15:38:18	6	1,864.967	66.712	1	0	0	0	0	0	0	1	1	0	0	4
2013/09/20-15:38:41	6	1,864.967	66.712	9	0	0	0	0	0	1	1	0	0	1	29
2013/09/20-15:59:30	6	1,861.602	64.607	1	0	1	0	0	0	0	1	0	0	1	6
2013/09/20-16:00:30	6	1,861.602	64.607	19	0	0	7	0	0	0	1	1	0	0	60
2013/09/20-16:01:49	6	1,861.602	64.607	9	0	0	0	0	0	1	1	0	0	1	8
2013/09/20-16:02:45	6	1,861.602	64.607	18	0	0	0	0	0	0	1	1	0	0	60
2013/09/20-16:04:04	6	1,861.602	64.607	1	0	0	0	0	0	1	1	0	0	1	3
2013/09/20-16:11:17	6	1,861.602	64.607	8	0	0	1	0	0	1	1	0	0	1	26
2013/09/20-16:12:02	6	1,861.602	64.607	6	0	1	0	2	0	0	1	0	0	1	26
2013/09/20-16:12:47	6	1,861.602	64.607	40	0	0	0	0	0	0	1	0	0	1	60
2013/09/20-16:14:06	6	1,861.602	64.607	1	0	0	0	0	0	1	1	0	0	1	3
2013/09/20-16:14:40	6	1,861.602	64.607	5	0	0	9	1	0	0	1	1	0	0	21
2013/09/20-21:37:31	6	1,836.957	72.422	1	0	0	0	0	0	1	1	0	0	1	4
2013/09/20-21:37:59	6	1,836.957	72.422	2	0	1	0	0	0	0	1	0	0	1	5
2013/09/20-21:39:17	6	1,836.957	72.422	9	0	0	0	0	0	1	1	0	0	1	23
2013/09/20-21:40:03	6	1,836.957	72.422	37	0	0	4	1	0	0	1	1	0	0	60
2013/09/20-21:41:22	6	1,836.957	72.422	5	0	0	0	2	0	0	1	1	0	0	16
2013/09/20-22:14:38	6	1,843.248	67.597	2	0	1	0	1	0	0	1	0	0	1	6
2013/09/20-22:15:07	6	1,843.248	67.597	47	0	0	0	1	0	1	1	0	0	1	52
2013/09/20-22:16:20	6	1,843.248	67.597	5	0	1	1	0	0	0	1	0	0	1	27
2013/09/20-22:17:39	6	1,843.248	67.597	9	0	0	4	0	0	1	1	0	0	1	34
2013/09/20-22:18:58	6	1,843.248	67.597	39	0	0	0	0	0	1	1	0	0	1	55
2013/09/20-22:29:59	6	1,843.248	67.597	22	0	0	7	1	0	1	1	0	0	1	50
2013/09/20-22:31:09	6	1,843.248	67.597	27	0	0	7	0	0	0	1	0	0	1	60
2013/09/20-22:32:28	6	1,843.248	67.597	6	0	1	8	0	0	0	1	0	0	1	32
2013/09/20-22:33:19	6	1,843.248	67.597	0	0	1	0	0	0	0	1	0	0	1	3
2013/09/20-22:33:50	6	1,843.248	67.597	2	0	0	0	0	0	0	1	1	0	0	6
