2013/09/02-15:17:24	46	1,500	350.465	0	0	1	0	0	0	0	1	0	0	1	3
2013/09/02-15:18:22	46	1,500	350.465	7	0	0	0	2	0	1	1	0	0	1	21
2013/09/02-15:19:02	46	1,500	350.465	1	0	1	0	0	0	0	1	0	0	1	4
2013/09/02-15:19:25	46	1,500	350.465	16	0	0	5	0	0	1	1	0	0	1	49
2013/09/02-15:20:44	46	1,500	350.465	2	0	1	0	0	0	0	1	0	0	1	9
2013/09/02-15:36:25	78	1,159.412	275.415	2	0	1	0	0	0	0	1	0	0	1	8
2013/09/02-15:36:52	78	1,159.412	275.415	1	0	0	0	0	0	0	1	1	0	0	6
2013/09/02-15:37:17	78	1,159.412	275.415	8	0	0	5	1	0	1	1	1	0	0	36
2013/09/02-15:38:12	78	1,159.412	275.415	1	0	1	0	0	0	0	1	0	0	1	3
2013/09/02-15:38:35	78	1,159.412	275.415	1	0	0	0	1	0	1	1	0	0	1	3
2013/09/02-15:50:54	78	1,159.412	275.415	10	0	0	6	1	0	0	1	1	0	0	39
2013/09/02-15:51:52	78	1,159.412	275.415	2	0	0	0	2	0	0	1	1	0	0	10
2013/09/02-15:52:22	78	1,159.412	275.415	1	0	1	0	1	0	0	1	1	0	0	29
2013/09/02-15:53:10	78	1,159.412	275.415	1	0	0	0	1	0	1	1	0	0	1	4
2013/09/02-15:53:34	78	1,159.412	275.415	6	0	0	0	1	0	0	1	1	0	0	13
2013/09/02-23:02:56	53	1,410.103	216.727	1	0	0	0	0	0	0	1	1	0	0	3
2013/09/02-23:03:19	53	1,410.103	216.727	2	0	0	0	2	0	1	1	1	0	0	7
2013/09/02-23:03:45	53	1,410.103	216.727	1	0	0	0	0	0	0	1	1	0	0	60
2013/09/02-23:05:04	53	1,410.103	216.727	4	0	0	0	0	0	1	1	0	0	1	13
2013/09/02-23:05:36	35	1,630.56	178.315	1	0	0	0	1	0	1	1	1	0	0	8
2013/09/02-23:33:50	35	1,630.56	178.315	4	0	0	0	1	0	0	1	1	0	0	16
2013/09/02-23:34:25	35	1,630.56	178.315	2	0	0	0	1	0	0	1	1	0	0	8
2013/09/02-23:34:52	35	1,630.56	178.315	1	0	0	0	0	0	0	1	1	0	0	4
2013/09/02-23:35:15	35	1,630.56	178.315	0	0	1	0	0	0	0	1	0	0	1	8
2013/09/02-23:35:41	35	1,630.56	178.315	1	0	0	0	0	0	1	1	0	0	1	3
2013/09/02-23:47:13	37	1,586.283	150.05	1	0	1	0	0	0	0	1	0	0	1	4
2013/09/02-23:48:28	37	1,586.283	150.05	2	0	1	0	1	0	0	1	0	0	1	6
2013/09/02-23:49:44	37	1,586.283	150.05	3	0	1	0	0	0	0	1	0	0	1	18
2013/09/02-23:50:51	37	1,586.283	150.05	4	0	1	3	0	0	0	1	0	0	1	32
2013/09/02-23:52:10	37	1,586.283	150.05	5	0	1	0	1	0	0	1	0	0	1	16
2013/09/03-10:49:27	38	1,547.665	131.406	4	0	0	0	1	0	1	1	0	0	1	12
2013/09/03-10:50:46	38	1,547.665	131.406	2	0	1	0	1	0	0	1	0	0	1	10
2013/09/03-10:51:15	38	1,547.665	131.406	4	0	0	1	1	0	0	1	1	0	0	25
2013/09/03-10:51:59	38	1,547.665	131.406	9	0	0	3	2	0	0	1	1	0	0	24
2013/09/03-10:52:42	38	1,547.665	131.406	0	0	1	0	0	0	0	1	0	0	1	3
2013/09/03-11:01:50	38	1,547.665	131.406	0	0	1	0	0	0	0	1	0	0	1	3
2013/09/03-11:02:12	38	1,547.665	131.406	6	0	1	0	0	0	0	1	0	0	1	16
2013/09/03-11:03:30	38	1,547.665	131.406	0	0	1	0	0	0	0	1	0	0	1	3
2013/09/03-11:04:21	38	1,547.665	131.406	1	0	1	0	0	0	0	1	0	0	1	4
2013/09/03-11:05:40	38	1,547.665	131.406	3	0	1	2	0	0	0	1	0	0	1	29
2013/09/03-15:06:15	49	1,457.446	109.279	1	0	1	0	0	0	0	1	0	0	1	5
2013/09/03-15:07:31	49	1,457.446	109.279	2	0	0	0	1	0	1	1	0	0	1	9
2013/09/03-15:07:59	49	1,457.446	109.279	3	0	0	0	1	0	0	1	1	0	0	9
2013/09/03-15:08:27	49	1,457.446	109.279	1	0	0	0	1	0	1	1	0	0	1	6
2013/09/03-15:08:52	49	1,457.446	109.279	1	0	1	0	0	0	0	1	0	0	1	4
2013/09/03-15:14:01	49	1,457.446	109.279	1	0	0	0	1	0	0	1	1	0	0	3
2013/09/03-15:14:23	49	1,457.446	109.279	2	0	0	0	0	0	0	1	1	0	0	7
2013/09/03-15:14:49	49	1,457.446	109.279	0	0	1	0	0	0	0	1	0	0	1	8
2013/09/03-15:15:16	49	1,457.446	109.279	3	0	0	0	1	0	1	1	0	0	1	9
2013/09/03-15:15:44	49	1,457.446	109.279	1	0	0	0	0	0	1	1	0	0	1	3
2013/09/03-15:35:11	48	1,475.531	93.171	1	0	0	0	1	0	1	1	0	0	1	3
2013/09/03-15:35:36	48	1,475.531	93.171	6	0	0	2	1	0	1	1	0	0	1	22
2013/09/03-15:36:48	48	1,475.531	93.171	6	0	1	1	1	0	0	1	0	0	1	19
2013/09/03-15:37:27	48	1,475.531	93.171	1	0	1	0	0	0	0	1	0	0	1	7
2013/09/03-15:38:05	48	1,475.531	93.171	1	0	1	0	0	0	0	1	0	0	1	3
2013/09/03-15:47:55	48	1,475.531	93.171	2	0	0	0	1	0	1	1	0	0	1	9
2013/09/03-15:48:46	48	1,475.531	93.171	1	0	0	0	1	0	1	1	0	0	1	3
2013/09/03-15:49:09	48	1,475.531	93.171	1	0	1	0	0	0	0	1	0	0	1	10
2013/09/03-15:49:38	48	1,475.531	93.171	4	0	0	0	1	0	0	1	1	0	0	9
2013/09/03-15:50:05	48	1,475.531	93.171	3	0	0	0	1	0	0	1	1	0	0	14
2013/09/03-20:04:59	50	1,424.702	85.945	1	0	0	0	0	0	0	1	1	0	0	6
2013/09/03-20:05:24	50	1,424.702	85.945	1	0	1	0	0	0	0	1	1	0	0	11
2013/09/03-20:05:53	50	1,424.702	85.945	5	0	0	0	1	0	0	1	1	0	0	13
2013/09/03-20:06:25	50	1,424.702	85.945	1	0	0	0	2	0	1	1	0	0	1	3
2013/09/03-20:06:47	50	1,424.702	85.945	1	0	0	0	0	0	1	1	0	0	1	6
2013/09/03-20:25:14	50	1,424.702	85.945	2	0	1	0	1	0	0	1	0	0	1	6
2013/09/03-20:26:33	51	1,439.7	78.34	1	0	1	0	0	0	0	1	0	0	1	4
2013/09/03-20:27:52	51	1,439.7	78.34	6	0	0	0	1	0	0	1	1	0	0	16
2013/09/03-20:28:27	51	1,439.7	78.34	2	0	1	0	1	0	0	1	0	0	1	12
2013/09/03-20:28:58	51	1,439.7	78.34	8	0	0	0	2	0	0	1	1	0	0	35
2013/09/03-20:40:11	51	1,439.7	78.34	10	0	0	0	1	0	1	1	0	0	1	17
2013/09/03-20:40:50	51	1,439.7	78.34	3	0	0	0	1	0	1	1	0	0	1	9
2013/09/03-20:41:37	51	1,439.7	78.34	1	0	0	0	2	0	1	1	0	0	1	3
2013/09/03-20:41:58	51	1,439.7	78.34	1	0	0	0	0	0	1	1	0	0	1	3
2013/09/03-20:42:24	51	1,439.7	78.34	14	0	0	1	0	0	0	1	1	0	0	60
2013/09/04-15:38:27	52	1,444.929	75.973	1	0	0	0	1	0	1	1	0	0	1	3
2013/09/04-15:38:51	52	1,444.929	75.973	0	0	1	0	0	0	0	1	0	0	1	6
2013/09/04-15:39:16	52	1,444.929	75.973	1	0	0	0	0	0	1	1	0	0	1	5
2013/09/04-15:39:46	52	1,444.929	75.973	2	0	0	1	1	0	0	1	1	0	0	14
2013/09/04-15:40:19	52	1,444.929	75.973	1	0	1	0	0	0	0	1	0	0	1	10
2013/09/04-15:49:59	52	1,444.929	75.973	1	0	0	0	0	0	1	1	0	0	1	3
2013/09/04-15:50:37	52	1,444.929	75.973	5	0	0	1	1	0	0	1	1	0	0	14
2013/09/04-15:51:10	52	1,444.929	75.973	1	0	1	0	2	0	0	1	1	0	0	3
2013/09/04-15:51:32	52	1,444.929	75.973	1	0	0	0	1	0	1	1	0	0	1	3
2013/09/04-15:51:54	52	1,444.929	75.973	1	0	1	0	0	0	0	1	0	0	1	4
2013/09/04-16:09:06	53	1,412.154	67.643	4	0	1	0	1	0	0	1	0	0	1	11
2013/09/04-16:09:36	53	1,412.154	67.643	3	0	1	0	2	0	0	1	0	0	1	24
2013/09/04-16:10:19	53	1,412.154	67.643	1	0	0	0	0	0	1	1	0	0	1	3
2013/09/04-16:10:43	53	1,412.154	67.643	3	0	1	0	0	0	0	1	0	0	1	10
2013/09/04-16:12:02	53	1,412.154	67.643	3	0	0	0	1	0	0	1	1	0	0	13
2013/09/04-20:48:57	53	1,407.725	69.217	2	0	0	0	0	0	0	1	1	0	0	6
2013/09/04-20:49:22	53	1,407.725	69.217	1	0	0	0	2	0	1	1	0	0	1	3
2013/09/04-20:49:44	53	1,407.725	69.217	8	0	0	1	1	0	0	1	1	0	0	28
2013/09/04-20:50:30	53	1,407.725	69.217	1	0	0	0	0	0	1	1	0	0	1	3
2013/09/04-20:50:55	53	1,407.725	69.217	3	0	0	0	0	0	1	1	0	0	1	9
2013/09/04-21:12:24	52	1,412.287	64.929	3	0	0	0	0	0	1	1	0	0	1	10
2013/09/04-21:12:52	52	1,412.287	64.929	2	0	0	0	1	0	1	1	0	0	1	6
2013/09/04-21:13:21	52	1,412.287	64.929	3	0	1	0	0	0	0	1	0	0	1	5
2013/09/04-21:14:02	52	1,412.287	64.929	1	0	0	0	1	0	1	1	0	0	1	3
2013/09/04-21:14:31	52	1,412.287	64.929	3	0	0	0	0	0	0	1	1	0	0	12
2013/09/04-21:21:34	52	1,412.287	64.929	5	0	1	0	0	0	0	1	0	0	1	15
2013/09/04-21:22:08	52	1,412.287	64.929	2	0	1	0	0	0	0	1	0	0	1	9
2013/09/04-21:23:27	52	1,412.287	64.929	1	0	1	0	0	0	0	1	0	0	1	4
2013/09/04-21:24:22	52	1,412.287	64.929	3	0	0	0	2	0	1	1	1	0	0	10
2013/09/04-21:24:51	52	1,412.287	64.929	6	0	0	14	1	0	0	1	1	0	0	37
2013/09/05-02:59:47	51	1,398.46	65.541	3	0	0	0	1	0	1	1	0	0	1	10
2013/09/05-03:00:17	51	1,398.46	65.541	0	0	1	0	0	0	0	1	0	0	1	11
2013/09/05-03:00:46	51	1,398.46	65.541	1	0	0	0	1	0	1	1	0	0	1	3
2013/09/05-03:02:05	51	1,398.46	65.541	8	0	0	0	2	0	0	1	1	0	0	20
2013/09/05-03:02:44	51	1,398.46	65.541	1	0	0	0	1	0	1	1	0	0	1	4
2013/09/05-03:07:08	51	1,398.46	65.541	5	0	0	0	1	0	0	1	1	0	0	12
2013/09/05-03:07:39	51	1,398.46	65.541	2	0	0	0	3	0	0	1	1	0	0	6
2013/09/05-03:08:05	51	1,398.46	65.541	1	0	0	0	1	0	1	1	0	0	1	5
2013/09/05-03:08:29	51	1,398.46	65.541	8	0	0	5	0	0	1	1	0	0	1	52
2013/09/05-03:09:40	51	1,398.46	65.541	4	0	0	0	0	0	0	1	1	0	0	19
2013/09/05-03:20:55	51	1,410.426	59.466	4	0	0	0	0	0	1	1	0	0	1	9
2013/09/05-03:22:14	51	1,410.426	59.466	2	0	0	0	1	0	0	1	1	0	0	11
2013/09/05-03:22:44	51	1,410.426	59.466	1	0	0	0	1	0	0	1	1	0	0	3
2013/09/05-03:23:06	51	1,410.426	59.466	5	0	0	4	1	0	0	1	1	0	0	22
2013/09/05-03:23:47	51	1,410.426	59.466	1	0	0	0	0	0	0	1	1	0	0	3
2013/09/06-00:19:01	51	1,433.264	62.811	6	0	0	4	1	0	1	1	0	0	1	41
2013/09/06-00:20:01	51	1,433.264	62.811	20	0	0	4	2	0	0	1	1	0	0	59
2013/09/06-00:21:19	51	1,433.264	62.811	11	0	0	1	1	0	1	1	0	0	1	54
2013/09/06-00:22:32	51	1,433.264	62.811	8	0	0	1	2	0	0	1	1	0	0	36
2013/09/06-00:23:26	51	1,433.264	62.811	5	0	0	2	1	0	1	1	0	0	1	18
2013/09/06-00:38:48	51	1,433.264	62.811	2	0	0	0	1	0	1	1	0	0	1	8
2013/09/06-00:39:29	51	1,433.264	62.811	6	0	0	0	0	0	1	1	0	0	1	23
2013/09/06-00:40:33	51	1,433.264	62.811	8	0	0	3	1	0	1	1	0	0	1	31
2013/09/06-00:41:23	51	1,433.264	62.811	5	0	0	4	0	0	0	1	1	0	0	23
2013/09/06-00:42:05	51	1,433.264	62.811	1	0	0	0	1	0	1	1	0	0	1	9
2013/09/06-01:04:52	51	1,417.263	57.431	2	0	0	0	0	0	1	1	0	0	1	9
2013/09/06-01:06:11	51	1,417.263	57.431	8	0	0	1	1	0	0	1	1	0	0	39
2013/09/06-01:07:08	51	1,417.263	57.431	3	0	0	2	1	0	1	1	0	0	1	19
2013/09/06-01:07:52	51	1,417.263	57.431	1	0	0	0	0	0	1	1	0	0	1	7
2013/09/06-01:09:08	51	1,417.263	57.431	11	0	0	5	2	0	0	1	1	0	0	50
2013/09/07-11:23:30	53	1,412.083	63.611	10	0	0	3	1	0	0	1	1	0	0	37
2013/09/07-11:24:26	53	1,412.083	63.611	12	0	0	5	1	0	1	1	0	0	1	33
2013/09/07-11:25:19	53	1,412.083	63.611	8	0	0	4	0	0	1	1	0	0	1	38
2013/09/07-11:26:38	53	1,412.083	63.611	2	0	1	0	0	0	0	1	0	0	1	7
2013/09/07-11:27:14	53	1,412.083	63.611	10	0	0	2	0	0	1	1	0	0	1	30
2013/09/07-12:53:36	53	1,412.083	63.611	8	0	0	4	1	0	1	1	0	0	1	40
2013/09/07-12:54:36	53	1,412.083	63.611	1	0	1	0	1	0	0	1	0	0	1	26
2013/09/07-12:55:24	53	1,405.71	59.064	6	0	0	3	1	0	1	1	0	0	1	32
2013/09/07-12:56:43	53	1,405.71	59.064	8	0	0	1	2	0	1	1	0	0	1	25
2013/09/07-12:57:27	53	1,405.71	59.064	8	0	0	2	1	0	1	1	0	0	1	24
2013/09/07-13:19:14	53	1,405.71	59.064	2	0	0	0	0	0	1	1	0	0	1	10
2013/09/07-13:20:33	53	1,405.71	59.064	7	0	0	5	1	0	1	1	0	0	1	52
2013/09/07-13:21:44	53	1,405.71	59.064	5	0	1	0	0	0	0	1	0	0	1	28
2013/09/07-13:23:02	53	1,405.71	59.064	15	0	0	3	0	0	1	1	0	0	1	59
2013/09/07-13:24:21	53	1,405.71	59.064	5	0	0	1	1	0	1	1	0	0	1	18
2013/09/09-01:16:50	57	1,374.66	60.336	9	0	0	3	1	0	1	1	1	0	0	45
2013/09/09-01:17:55	57	1,374.66	60.336	2	0	0	0	0	0	1	1	0	0	1	6
2013/09/09-01:19:06	57	1,374.66	60.336	9	0	0	7	0	0	1	1	0	0	1	36
2013/09/09-01:20:22	57	1,374.66	60.336	6	0	0	4	1	0	1	1	0	0	1	38
2013/09/09-01:21:19	57	1,374.66	60.336	5	0	0	1	1	0	0	1	1	0	0	19
2013/09/09-07:37:13	54	1,381.689	57.289	2	0	0	0	0	0	1	1	0	0	1	10
2013/09/09-07:38:27	54	1,381.689	57.289	5	0	0	0	1	0	1	1	0	0	1	26
2013/09/09-07:39:19	54	1,381.689	57.289	2	0	1	2	0	0	0	1	0	0	1	15
2013/09/09-07:40:19	54	1,381.689	57.289	6	0	1	1	0	0	0	1	0	0	1	20
2013/09/09-07:41:38	54	1,381.689	57.289	9	0	0	1	1	0	1	1	0	0	1	26
2013/09/09-07:49:55	54	1,381.689	57.289	3	0	0	2	0	0	1	1	0	0	1	10
2013/09/09-07:50:35	54	1,381.689	57.289	3	0	0	2	1	0	1	1	1	0	0	15
2013/09/09-07:51:09	54	1,381.689	57.289	14	0	0	5	2	0	1	1	0	0	1	59
2013/09/09-07:52:27	54	1,381.689	57.289	11	0	0	4	2	0	0	1	1	0	0	30
2013/09/09-07:53:15	54	1,381.689	57.289	11	0	0	7	3	0	0	1	1	0	0	35
2013/09/09-22:08:27	57	1,362.064	53.645	3	0	1	2	0	0	0	1	0	0	1	12
2013/09/09-22:08:58	57	1,362.064	53.645	4	0	1	3	0	0	0	1	0	0	1	27
2013/09/09-22:09:43	57	1,362.064	53.645	5	0	1	1	0	0	0	1	0	0	1	11
2013/09/09-22:10:13	57	1,362.064	53.645	4	0	0	1	1	0	0	1	1	0	0	12
2013/09/09-22:10:44	57	1,362.064	53.645	2	0	0	0	0	0	0	1	1	0	0	11
2013/09/09-22:23:04	58	1,350.845	52.654	10	0	0	2	0	0	1	1	0	0	1	41
2013/09/09-22:24:03	58	1,350.845	52.654	3	0	0	1	0	0	1	1	0	0	1	17
2013/09/09-22:25:11	58	1,350.845	52.654	1	0	0	0	0	0	1	1	0	0	1	8
2013/09/09-22:26:30	58	1,350.845	52.654	12	0	0	5	1	0	1	1	0	0	1	27
2013/09/09-22:27:15	58	1,350.845	52.654	17	0	0	6	0	0	0	1	1	0	0	60
2013/09/09-22:32:51	58	1,350.845	52.654	5	0	0	2	0	0	0	1	1	0	0	26
2013/09/09-22:33:36	58	1,350.845	52.654	6	0	0	2	1	0	0	1	1	0	0	30
2013/09/09-22:34:25	58	1,350.845	52.654	6	0	0	1	1	0	1	1	0	0	1	23
2013/09/09-22:35:08	58	1,350.845	52.654	5	0	0	1	0	0	0	1	1	0	0	14
2013/09/09-22:35:41	58	1,350.845	52.654	3	0	0	3	0	0	0	1	1	0	0	20
2013/09/10-20:31:33	56	1,377.746	54.529	3	0	0	1	1	0	0	1	1	0	0	17
2013/09/10-20:32:09	56	1,377.746	54.529	6	0	0	1	1	0	0	1	1	0	0	20
2013/09/10-20:32:48	56	1,377.746	54.529	7	0	0	1	1	0	0	1	1	0	0	23
2013/09/10-20:33:30	56	1,377.746	54.529	3	0	0	3	0	0	1	1	0	0	1	14
2013/09/10-20:34:03	56	1,377.746	54.529	8	0	1	6	0	0	0	1	0	0	1	48
2013/09/10-20:56:06	56	1,377.746	54.529	10	0	0	5	1	0	0	1	1	0	0	60
2013/09/10-20:57:25	56	1,377.746	54.529	2	0	0	0	0	0	1	1	0	0	1	9
2013/09/10-20:58:44	56	1,377.746	54.529	9	0	0	0	0	0	1	1	0	0	1	33
2013/09/10-20:59:35	56	1,377.746	54.529	8	0	0	2	0	0	1	1	0	0	1	30
2013/09/10-21:00:25	56	1,377.746	54.529	16	0	0	0	0	0	1	1	0	0	1	53
2013/09/10-21:26:36	52	1,410.71	50.482	2	0	0	0	0	0	1	1	0	0	1	6
2013/09/10-21:27:17	52	1,410.71	50.482	3	0	1	1	0	0	0	1	0	0	1	34
2013/09/10-21:28:10	52	1,410.71	50.482	6	0	1	2	0	0	0	1	0	0	1	42
2013/09/10-21:29:12	52	1,410.71	50.482	5	0	0	3	0	0	1	1	0	0	1	23
2013/09/10-21:29:54	52	1,410.71	50.482	7	0	0	1	1	0	0	1	1	0	0	33
2013/09/11-11:28:41	51	1,416.136	55.973	14	0	0	3	1	0	0	1	1	0	0	50
2013/09/11-11:29:51	51	1,416.136	55.973	0	0	1	0	0	0	0	1	0	0	1	8
2013/09/11-11:30:20	51	1,416.136	55.973	2	0	0	0	0	0	1	1	0	0	1	11
2013/09/11-11:30:50	51	1,416.136	55.973	1	0	0	0	1	0	0	1	1	0	0	4
2013/09/11-11:31:12	51	1,416.136	55.973	2	0	0	1	0	0	0	1	1	0	0	10
2013/09/11-11:45:42	51	1,428.973	53.673	4	0	0	1	0	0	1	1	0	0	1	24
2013/09/11-11:47:01	51	1,428.973	53.673	7	0	0	2	1	0	0	1	1	0	0	40
2013/09/11-11:48:00	51	1,428.973	53.673	5	0	0	0	1	0	1	1	0	0	1	43
2013/09/11-11:49:18	51	1,428.973	53.673	8	0	0	2	0	0	1	1	0	0	1	30
2013/09/11-11:50:37	51	1,428.973	53.673	3	0	1	2	0	0	0	1	0	0	1	32
2013/09/11-14:16:20	51	1,428.973	53.673	7	0	0	2	1	0	0	1	1	0	0	38
2013/09/11-14:17:18	51	1,428.973	53.673	7	0	0	2	1	0	0	1	1	0	0	19
2013/09/11-14:17:55	51	1,428.973	53.673	5	0	0	2	1	0	1	1	1	0	0	22
2013/09/11-14:18:36	51	1,428.973	53.673	1	0	0	0	0	0	1	1	0	0	1	7
2013/09/11-14:19:31	51	1,428.973	53.673	5	0	0	3	0	0	0	1	1	0	0	22
2013/09/12-00:29:15	49	1,437.148	57.167	2	0	0	1	0	0	1	1	0	0	1	17
2013/09/12-00:30:00	49	1,437.148	57.167	5	0	0	2	0	0	1	1	0	0	1	20
2013/09/12-00:30:47	49	1,437.148	57.167	1	0	1	0	0	0	0	1	0	0	1	7
2013/09/12-00:31:39	49	1,437.148	57.167	2	0	0	1	0	0	1	1	0	0	1	13
2013/09/12-00:32:34	54	1,394.618	55.11	7	0	1	5	1	0	0	1	0	0	1	35
2013/09/12-07:42:58	54	1,394.618	55.11	2	0	0	0	0	0	0	1	1	0	0	10
2013/09/12-07:43:27	54	1,394.618	55.11	2	0	1	0	0	0	0	1	0	0	1	11
2013/09/12-07:44:15	54	1,394.618	55.11	15	0	0	5	0	0	0	1	1	0	0	60
2013/09/12-07:45:34	54	1,394.618	55.11	3	0	0	2	0	0	0	1	1	0	0	22
2013/09/12-07:46:15	54	1,394.618	55.11	11	0	0	7	0	0	0	1	1	0	0	49
2013/09/12-07:59:28	51	1,415.01	52.325	10	0	1	5	1	0	0	1	0	0	1	44
2013/09/12-08:00:30	51	1,415.01	52.325	12	0	0	2	1	0	1	1	0	0	1	42
2013/09/12-08:01:31	51	1,415.01	52.325	6	0	1	2	0	0	0	1	0	0	1	30
2013/09/12-08:02:50	51	1,415.01	52.325	9	0	0	2	1	0	1	1	0	0	1	34
2013/09/12-08:03:43	51	1,415.01	52.325	6	0	0	0	2	0	0	1	1	0	0	23
2013/09/13-20:10:31	50	1,420.594	68.738	2	0	0	0	0	0	1	1	0	0	1	9
2013/09/13-20:11:11	50	1,420.594	68.738	2	0	1	2	0	0	0	1	0	0	1	14
2013/09/13-20:11:44	50	1,420.594	68.738	6	0	0	2	0	0	1	1	0	0	1	28
2013/09/13-20:12:31	50	1,420.594	68.738	1	0	1	0	0	0	0	1	0	0	1	11
2013/09/13-20:13:01	50	1,420.594	68.738	1	0	1	2	0	0	0	1	0	0	1	8
2013/09/13-20:32:35	54	1,406.423	64.462	1	0	1	0	0	0	0	1	0	0	1	9
2013/09/13-20:33:53	54	1,406.423	64.462	0	0	1	0	0	0	0	1	0	0	1	4
2013/09/13-20:34:44	54	1,406.423	64.462	6	0	0	4	1	0	0	1	1	0	0	28
2013/09/13-20:35:31	54	1,406.423	64.462	2	0	1	0	1	0	0	1	0	0	1	9
2013/09/13-20:36:25	54	1,406.423	64.462	9	0	0	5	0	0	1	1	0	0	1	41
2013/09/13-20:53:53	54	1,406.423	64.462	8	0	0	4	1	0	0	1	1	0	0	37
2013/09/13-20:54:50	54	1,406.423	64.462	5	0	1	3	0	0	0	1	0	0	1	31
2013/09/13-20:55:42	54	1,406.423	64.462	3	0	0	1	0	0	1	1	0	0	1	10
2013/09/13-20:56:11	54	1,406.423	64.462	4	0	1	4	0	0	0	1	0	0	1	34
2013/09/13-20:57:05	54	1,406.423	64.462	9	0	0	5	2	0	0	1	1	0	0	60
2013/09/14-06:15:53	53	1,418.658	68.401	3	0	0	2	0	0	1	1	0	0	1	21
2013/09/14-06:17:10	53	1,418.658	68.401	7	0	0	2	0	0	1	1	0	0	1	33
2013/09/14-06:18:02	53	1,418.658	68.401	1	0	1	1	0	0	0	1	0	0	1	24
2013/09/14-06:18:44	53	1,418.658	68.401	8	0	0	2	0	0	1	1	0	0	1	37
2013/09/14-06:19:39	53	1,418.658	68.401	2	0	0	0	0	0	0	1	1	0	0	12
2013/09/14-06:46:37	52	1,448.885	66.361	1	0	1	0	0	0	0	1	0	0	1	15
2013/09/14-06:47:37	52	1,448.885	66.361	4	0	1	0	0	0	0	1	0	0	1	19
2013/09/14-06:48:56	52	1,448.885	66.361	4	0	1	0	0	0	0	1	0	0	1	26
2013/09/14-06:49:41	52	1,448.885	66.361	3	0	0	3	0	0	1	1	0	0	1	17
2013/09/14-06:50:43	52	1,448.885	66.361	7	0	0	1	0	0	1	1	0	0	1	29
2013/09/14-06:57:43	52	1,442.504	65.103	3	0	1	2	0	0	0	1	0	0	1	27
2013/09/14-06:58:38	52	1,442.504	65.103	4	0	0	2	1	0	0	1	1	0	0	36
2013/09/14-06:59:34	52	1,442.504	65.103	15	0	0	5	1	0	1	1	0	0	1	52
2013/09/14-07:00:44	52	1,442.504	65.103	1	0	1	0	0	0	0	1	0	0	1	15
2013/09/14-07:01:27	52	1,442.504	65.103	2	0	1	0	0	0	0	1	0	0	1	19
2013/09/14-12:33:43	52	1,452.727	66.08	2	0	0	0	1	0	1	1	0	0	1	10
2013/09/14-12:34:12	52	1,452.727	66.08	7	0	0	2	0	0	1	1	0	0	1	25
2013/09/14-12:34:56	52	1,452.727	66.08	4	0	0	1	0	0	1	1	0	0	1	17
2013/09/14-12:36:15	52	1,452.727	66.08	12	0	0	4	0	0	0	1	1	0	0	52
2013/09/14-12:37:26	52	1,452.727	66.08	1	0	0	0	0	0	1	1	0	0	1	22
2013/09/14-12:52:23	51	1,450.76	64.595	6	0	0	1	0	0	1	1	0	0	1	24
2013/09/14-12:53:20	51	1,450.76	64.595	5	0	0	2	0	0	1	1	0	0	1	19
2013/09/14-12:54:39	51	1,450.76	64.595	4	0	0	1	0	0	1	1	0	0	1	16
2013/09/14-12:55:58	51	1,450.76	64.595	6	0	0	3	1	0	1	1	0	0	1	39
2013/09/14-12:57:16	51	1,450.76	64.595	2	0	0	1	0	0	0	1	0	0	1	176
2013/09/14-13:07:09	51	1,450.76	64.595	4	0	1	2	0	0	0	1	0	0	1	19
2013/09/14-13:08:04	51	1,450.76	64.595	2	0	1	0	0	0	0	1	0	0	1	15
2013/09/14-13:08:38	51	1,450.76	64.595	2	0	0	0	1	0	1	1	0	0	1	11
2013/09/14-13:09:08	51	1,450.76	64.595	3	0	0	3	0	0	0	1	1	0	0	30
2013/09/14-13:09:56	51	1,450.76	64.595	5	0	1	3	2	0	0	1	0	0	1	32
2013/09/14-17:17:10	51	1,464.112	65.453	3	0	0	0	0	0	1	1	0	0	1	11
2013/09/14-17:17:48	51	1,464.112	65.453	4	0	1	2	0	0	0	1	0	0	1	24
2013/09/14-17:18:46	51	1,464.112	65.453	4	0	0	2	0	0	1	1	0	0	1	23
2013/09/14-17:19:28	51	1,467.227	63.766	3	0	1	2	0	0	0	1	0	0	1	16
2013/09/14-17:20:19	51	1,467.227	63.766	6	0	0	1	0	0	1	1	0	0	1	23
2013/09/14-17:30:50	51	1,467.227	63.766	2	0	0	1	0	0	0	1	1	0	0	18
2013/09/14-17:31:27	51	1,467.227	63.766	4	0	0	1	0	0	1	1	0	0	1	15
2013/09/14-17:32:20	51	1,467.227	63.766	4	0	0	1	1	0	1	1	0	0	1	22
2013/09/14-17:33:01	51	1,467.227	63.766	2	0	0	1	0	0	1	1	0	0	1	10
2013/09/14-17:33:39	51	1,467.227	63.766	4	0	0	3	0	0	1	1	0	0	1	22
2013/09/14-17:52:01	53	1,449.392	59.85	4	0	0	0	0	0	1	1	0	0	1	12
2013/09/14-17:52:38	53	1,449.392	59.85	0	0	1	0	0	0	0	1	0	0	1	6
2013/09/14-17:53:32	53	1,449.392	59.85	4	0	0	2	1	0	0	1	1	0	0	19
2013/09/14-17:54:09	53	1,449.392	59.85	5	0	0	1	1	0	0	1	1	0	0	22
2013/09/14-17:54:50	53	1,449.392	59.85	3	0	0	0	1	0	1	1	0	0	1	12
2013/09/14-21:32:41	53	1,455.271	60.958	2	0	1	1	0	0	0	1	0	0	1	10
2013/09/14-21:33:25	53	1,455.271	60.958	2	0	1	0	0	0	0	1	0	0	1	10
2013/09/14-21:34:03	53	1,455.271	60.958	1	0	0	0	0	0	1	1	0	0	1	4
2013/09/14-21:35:22	53	1,455.271	60.958	5	0	0	0	0	0	1	1	0	0	1	18
2013/09/14-21:36:05	53	1,455.271	60.958	5	0	1	3	0	0	0	1	0	0	1	35
2013/09/14-21:47:20	55	1,421.276	58.448	2	0	0	0	0	0	0	1	1	0	0	7
2013/09/14-21:47:46	55	1,421.276	58.448	1	0	0	0	0	0	0	1	1	0	0	7
2013/09/14-21:48:11	55	1,421.276	58.448	1	0	0	1	0	0	0	1	1	0	0	8
2013/09/14-21:48:38	55	1,421.276	58.448	3	0	0	1	0	0	0	1	1	0	0	19
2013/09/14-21:49:16	55	1,421.276	58.448	1	0	0	2	0	0	0	1	1	0	0	8
2013/09/14-22:01:58	55	1,421.276	58.448	5	0	0	2	0	0	1	1	0	0	1	27
2013/09/14-22:03:17	55	1,421.276	58.448	3	0	0	1	0	0	1	1	0	0	1	16
2013/09/14-22:03:51	55	1,421.276	58.448	2	0	0	1	0	0	0	1	1	0	0	12
2013/09/14-22:04:22	55	1,421.276	58.448	4	0	0	1	0	0	1	1	0	0	1	15
2013/09/14-22:04:56	55	1,421.276	58.448	2	0	0	1	0	0	0	1	1	0	0	23
2013/09/15-10:05:34	57	1,417.215	61.727	1	0	0	0	0	0	0	1	0	0	1	88
2013/09/15-10:07:42	57	1,417.215	61.727	4	0	0	0	2	0	1	1	0	0	1	15
2013/09/15-10:08:15	57	1,417.215	61.727	4	0	1	0	0	0	0	1	0	0	1	12
2013/09/15-10:09:07	57	1,422.126	60.046	3	0	0	3	0	0	0	1	1	0	0	23
2013/09/15-10:09:49	57	1,422.126	60.046	2	0	0	0	0	0	1	1	0	0	1	9
2013/09/15-10:23:46	57	1,422.126	60.046	4	0	0	2	0	0	1	1	0	0	1	11
2013/09/15-10:24:17	57	1,422.126	60.046	1	0	0	1	0	0	0	1	1	0	0	18
2013/09/15-10:24:53	57	1,422.126	60.046	3	0	1	0	0	0	0	1	0	0	1	19
2013/09/15-10:25:54	57	1,422.126	60.046	8	0	0	3	1	0	0	1	1	0	0	44
2013/09/15-10:26:56	57	1,422.126	60.046	2	0	0	1	0	0	0	1	1	0	0	25
2013/09/15-10:42:01	54	1,439.966	56.58	1	0	1	1	0	0	0	1	0	0	1	17
2013/09/15-10:42:37	54	1,439.966	56.58	4	0	0	4	1	0	0	1	1	0	0	22
2013/09/15-10:43:17	54	1,439.966	56.58	9	0	1	2	1	0	0	1	0	0	1	27
2013/09/15-10:44:03	54	1,439.966	56.58	5	0	1	1	0	0	0	1	0	0	1	35
2013/09/15-10:44:57	54	1,439.966	56.58	5	0	1	1	1	0	0	1	0	0	1	29
2013/09/15-13:59:34	52	1,464.212	56.467	2	0	1	1	0	0	0	1	0	0	1	18
2013/09/15-14:00:11	52	1,464.212	56.467	4	0	1	1	0	0	0	1	0	0	1	15
2013/09/15-14:00:45	52	1,464.212	56.467	8	0	0	2	0	0	0	1	1	0	0	44
2013/09/15-14:01:47	52	1,464.212	56.467	6	0	0	2	0	0	1	1	0	0	1	19
2013/09/15-14:02:25	52	1,464.212	56.467	4	0	0	0	0	0	1	1	0	0	1	20
2013/09/15-14:28:33	52	1,466.915	54.043	0	0	1	0	0	0	0	1	0	0	1	5
2013/09/15-14:29:51	52	1,466.915	54.043	4	0	0	2	0	0	1	1	0	0	1	18
2013/09/15-14:30:28	52	1,466.915	54.043	8	0	0	6	0	0	1	1	0	0	1	48
2013/09/15-14:31:35	52	1,466.915	54.043	7	0	0	1	2	0	0	1	1	0	0	28
2013/09/15-15:22:35	52	1,466.915	54.043	13	0	0	4	1	0	1	1	0	0	1	34
2013/09/15-15:44:24	52	1,468.863	51.817	2	0	0	3	0	0	1	1	0	0	1	22
2013/09/15-15:45:42	52	1,468.863	51.817	5	0	1	4	1	0	0	1	0	0	1	35
2013/09/15-15:46:36	52	1,468.863	51.817	13	0	0	7	0	0	1	1	0	0	1	56
2013/09/15-15:47:55	52	1,468.863	51.817	4	0	1	0	0	0	0	1	0	0	1	11
2013/09/15-15:48:24	52	1,468.863	51.817	5	0	0	1	1	0	1	1	0	0	1	25
2013/09/15-20:34:28	52	1,461.209	57.544	12	0	0	8	1	0	1	1	0	0	1	50
2013/09/15-20:35:37	52	1,461.209	57.544	3	0	0	1	0	0	1	1	0	0	1	13
2013/09/15-20:36:26	52	1,461.209	57.544	2	0	0	1	0	0	1	1	0	0	1	11
2013/09/15-20:37:26	52	1,461.209	57.544	4	0	0	1	1	0	1	1	0	0	1	17
2013/09/15-20:38:02	52	1,461.209	57.544	5	0	0	3	1	0	0	1	1	0	0	20
2013/09/15-21:07:16	52	1,452.073	55.042	7	0	0	3	1	0	1	1	0	0	1	35
2013/09/15-21:08:10	52	1,452.073	55.042	4	0	1	1	0	0	0	1	0	0	1	24
2013/09/15-21:09:01	52	1,452.073	55.042	9	0	0	5	2	0	0	1	1	0	0	37
2013/09/15-21:09:57	52	1,452.073	55.042	4	0	0	1	0	0	1	1	0	0	1	14
2013/09/15-21:10:38	52	1,452.073	55.042	1	0	0	0	0	0	1	1	0	0	1	6
2013/09/15-21:52:01	52	1,452.073	55.042	7	0	0	1	1	0	1	1	0	0	1	27
2013/09/15-21:52:47	52	1,452.073	55.042	8	0	0	4	2	0	1	1	0	0	1	37
2013/09/15-21:54:05	52	1,452.073	55.042	7	0	0	1	0	0	1	1	0	0	1	27
2013/09/15-21:55:34	52	1,452.073	55.042	9	0	0	2	1	0	1	1	0	0	1	45
2013/09/15-21:56:53	52	1,452.073	55.042	7	0	0	3	1	0	1	1	0	0	1	40
2013/09/16-20:36:14	56	1,429.215	58.455	2	0	0	1	0	0	1	1	0	0	1	10
2013/09/16-20:37:05	56	1,429.215	58.455	8	0	1	2	0	0	0	1	0	0	1	22
2013/09/16-20:37:56	56	1,429.215	58.455	3	0	0	0	1	0	1	1	0	0	1	6
2013/09/16-20:38:23	58	1,403.688	56.788	2	0	1	0	0	0	0	1	0	0	1	13
2013/09/16-20:39:02	58	1,403.688	56.788	1	0	0	1	0	0	0	1	1	0	0	18
2013/09/16-20:50:06	58	1,403.688	56.788	3	0	0	1	0	0	0	1	1	0	0	28
2013/09/16-20:50:53	58	1,403.688	56.788	2	0	0	0	0	0	1	1	0	0	1	6
2013/09/16-20:51:42	58	1,403.688	56.788	4	0	1	0	0	0	0	1	0	0	1	16
2013/09/16-20:52:31	58	1,403.688	56.788	3	0	0	1	0	0	1	1	0	0	1	6
2013/09/16-20:52:59	58	1,403.688	56.788	2	0	0	0	0	0	1	1	0	0	1	10
2013/09/16-21:08:56	58	1,403.688	56.788	2	0	0	0	0	0	1	1	0	0	1	15
2013/09/16-21:09:30	58	1,403.688	56.788	4	0	0	2	0	0	0	1	1	0	0	24
2013/09/16-21:10:13	58	1,403.688	56.788	3	0	0	0	0	0	1	1	0	0	1	7
2013/09/16-21:11:27	58	1,403.688	56.788	5	0	0	0	0	0	1	1	0	0	1	11
2013/09/16-21:12:45	60	1,365.063	52.211	7	0	0	3	1	0	1	1	0	0	1	34
2013/09/18-00:54:15	61	1,365.386	66.647	8	0	1	4	0	0	0	1	0	0	1	59
2013/09/18-00:55:34	61	1,365.386	66.647	1	0	0	0	0	0	1	1	0	0	1	7
2013/09/18-00:55:59	61	1,365.386	66.647	2	0	1	0	0	0	0	1	0	0	1	20
2013/09/18-00:56:38	61	1,365.386	66.647	3	0	1	0	2	0	0	1	0	0	1	14
2013/09/18-00:57:10	61	1,365.386	66.647	1	0	1	0	0	0	0	1	0	0	1	6
2013/09/18-08:19:50	61	1,365.386	66.647	1	0	0	0	0	0	1	1	0	0	1	4
2013/09/18-08:20:23	61	1,365.386	66.647	9	0	1	0	2	0	0	1	0	0	1	28
2013/09/18-08:21:09	61	1,365.386	66.647	1	0	0	0	0	0	1	1	0	0	1	3
2013/09/18-08:39:22	61	1,365.386	66.647	4	0	0	1	1	0	1	1	0	0	1	16
2013/09/18-08:39:57	61	1,365.386	66.647	0	0	1	0	0	0	0	1	0	0	1	3
2013/09/18-08:50:11	62	1,349.673	60.257	1	0	0	0	0	0	1	1	0	0	1	9
2013/09/18-08:51:24	62	1,349.673	60.257	1	0	0	0	1	0	1	1	0	0	1	3
2013/09/18-08:51:46	62	1,349.673	60.257	4	0	0	0	0	0	1	1	0	0	1	15
2013/09/18-08:52:28	62	1,349.673	60.257	1	0	0	0	1	0	1	1	1	0	0	6
2013/09/18-08:52:53	62	1,349.673	60.257	0	0	0	0	0	0	0	1	1	0	0	3
2013/09/18-15:24:43	63	1,339.649	65.311	3	0	0	0	0	0	1	1	0	0	1	10
2013/09/18-15:25:21	63	1,339.649	65.311	1	0	0	0	0	0	0	1	1	0	0	3
2013/09/18-15:25:43	63	1,339.649	65.311	8	0	0	2	1	0	1	1	0	0	1	26
2013/09/18-15:26:28	63	1,339.649	65.311	3	0	1	0	1	0	0	1	0	0	1	14
2013/09/18-15:27:00	63	1,339.649	65.311	0	0	0	0	0	0	0	1	0	0	1	60
2013/09/18-15:33:36	63	1,339.649	65.311	5	0	0	0	1	0	1	1	0	0	1	8
2013/09/18-15:34:21	63	1,339.649	65.311	4	0	0	0	1	0	1	1	0	0	1	13
2013/09/18-15:34:52	63	1,339.649	65.311	1	0	0	0	0	0	1	1	0	0	1	3
2013/09/18-15:35:15	63	1,339.649	65.311	3	0	1	1	0	0	0	1	0	0	1	17
2013/09/18-15:35:51	63	1,339.649	65.311	1	0	1	0	0	0	0	1	0	0	1	6
2013/09/18-15:46:59	62	1,355.767	59.156	4	0	0	0	1	0	0	1	1	0	0	16
2013/09/18-15:47:34	62	1,355.767	59.156	3	0	0	0	1	0	1	1	0	0	1	9
2013/09/18-15:48:02	62	1,355.767	59.156	1	0	0	0	0	0	1	1	0	0	1	3
2013/09/18-15:49:21	62	1,355.767	59.156	2	0	0	0	2	0	0	1	1	0	0	9
2013/09/18-15:49:49	62	1,355.767	59.156	5	0	0	0	1	0	0	1	1	0	0	60
2013/09/18-19:17:16	56	1,384.465	62.643	3	0	0	0	2	0	0	1	1	0	0	9
2013/09/18-19:17:45	56	1,384.465	62.643	1	0	0	0	0	0	1	1	0	0	1	6
2013/09/18-19:18:26	56	1,384.465	62.643	1	0	1	0	0	0	0	1	0	0	1	9
2013/09/18-19:18:54	56	1,384.465	62.643	1	0	0	0	0	0	1	1	0	0	1	3
2013/09/18-19:19:19	56	1,384.465	62.643	0	0	0	0	0	0	0	1	1	0	0	6
2013/09/18-19:42:44	55	1,385.606	60.538	2	0	0	0	1	0	1	1	0	0	1	6
2013/09/18-19:43:09	55	1,385.606	60.538	1	0	0	0	1	0	1	1	0	0	1	0
2013/09/18-20:24:02	55	1,385.606	60.538	3	0	0	0	2	0	1	1	0	0	1	8
2013/09/18-20:24:29	55	1,385.606	60.538	0	0	1	0	0	0	0	1	0	0	1	6
2013/09/18-20:25:20	55	1,385.606	60.538	2	0	0	0	0	0	1	1	0	0	1	8
2013/09/18-20:30:56	55	1,385.606	60.538	1	0	0	0	1	0	1	1	0	0	1	6
2013/09/18-20:31:22	55	1,385.606	60.538	2	0	0	0	0	0	0	1	1	0	0	15
2013/09/18-20:31:56	55	1,385.606	60.538	6	0	0	2	1	0	1	1	0	0	1	24
2013/09/18-20:33:15	55	1,385.606	60.538	2	0	1	0	2	0	0	1	0	0	1	18
2013/09/18-20:33:52	55	1,385.606	60.538	2	0	0	0	2	0	1	1	0	0	1	6
2013/09/19-07:41:22	56	1,381.656	56.948	4	0	0	1	2	0	0	1	1	0	0	14
2013/09/19-07:41:55	56	1,381.656	56.948	3	0	1	0	1	0	0	1	0	0	1	10
2013/09/19-07:43:14	56	1,381.656	56.948	3	0	1	0	1	0	0	1	0	0	1	5
2013/09/19-07:44:33	56	1,381.656	56.948	1	0	1	0	0	0	0	1	0	0	1	7
2013/09/19-07:44:58	56	1,381.656	56.948	1	0	1	0	0	0	0	1	0	0	1	4
2013/09/19-07:50:26	58	1,373.668	54.835	0	0	0	0	0	0	0	1	1	0	0	6
2013/09/19-07:50:51	58	1,373.668	54.835	4	0	0	0	1	0	0	1	1	0	0	9
2013/09/19-07:51:19	58	1,373.668	54.835	2	0	0	0	1	0	0	1	1	0	0	6
2013/09/19-07:51:44	58	1,373.668	54.835	0	0	0	0	0	0	0	1	1	0	0	10
2013/09/19-07:52:12	58	1,373.668	54.835	2	0	0	0	0	0	0	1	1	0	0	18
2013/09/19-08:04:05	58	1,373.668	54.835	3	0	0	0	0	0	1	1	0	0	1	6
2013/09/19-08:05:24	58	1,373.668	54.835	1	0	1	0	0	0	0	1	0	0	1	7
2013/09/19-08:06:43	58	1,373.668	54.835	1	0	0	0	0	0	1	1	0	0	1	4
2013/09/19-08:07:58	58	1,373.668	54.835	4	0	0	0	0	0	1	1	0	0	1	16
2013/09/19-08:08:33	58	1,373.668	54.835	8	0	0	2	1	0	1	1	0	0	1	27
2013/09/19-10:03:54	61	1,376.679	54.752	2	0	0	0	1	0	0	1	1	0	0	7
2013/09/19-10:04:20	61	1,376.679	54.752	1	0	0	0	0	0	1	1	0	0	1	3
2013/09/19-10:04:46	61	1,376.679	54.752	2	0	1	0	0	0	0	1	0	0	1	9
2013/09/19-10:05:22	61	1,376.679	54.752	2	0	0	0	0	0	1	1	0	0	1	6
2013/09/19-10:05:53	61	1,376.679	54.752	3	0	1	2	0	0	0	1	0	0	1	24
2013/09/19-10:20:47	60	1,366.589	53.905	3	0	0	1	0	0	1	1	0	0	1	14
2013/09/19-10:21:40	60	1,366.589	53.905	2	0	1	0	0	0	0	1	0	0	1	9
2013/09/19-10:22:09	60	1,366.589	53.905	1	0	1	0	0	0	0	1	0	0	1	7
2013/09/19-10:22:36	60	1,366.589	53.905	1	0	0	0	0	0	1	1	0	0	1	3
2013/09/19-10:23:04	60	1,366.589	53.905	1	0	0	0	0	0	1	1	0	0	1	4
2013/09/19-10:29:37	60	1,366.589	53.905	1	0	1	0	2	0	0	1	0	0	1	6
2013/09/19-10:30:02	60	1,366.589	53.905	3	0	1	0	1	0	0	1	0	0	1	9
2013/09/19-10:30:33	60	1,366.589	53.905	0	0	1	0	0	0	0	1	0	0	1	10
2013/09/19-10:31:01	60	1,366.589	53.905	2	0	1	0	0	0	0	1	0	0	1	7
2013/09/19-10:31:28	60	1,366.589	53.905	1	0	0	0	1	0	1	1	0	0	1	3
2013/09/19-15:22:37	61	1,367.001	57.6	1	0	1	0	0	0	0	1	0	0	1	4
2013/09/19-15:23:11	61	1,367.001	57.6	2	0	0	0	0	0	1	1	0	0	1	8
2013/09/19-15:23:50	61	1,367.001	57.6	1	0	1	0	2	0	0	1	0	0	1	5
2013/09/19-15:24:13	61	1,367.001	57.6	2	0	0	0	1	0	1	1	0	0	1	8
2013/09/19-15:24:56	61	1,367.001	57.6	1	0	0	0	0	0	1	1	0	0	1	3
2013/09/19-15:40:17	61	1,344.561	55.622	3	0	0	0	0	0	1	1	0	0	1	22
2013/09/19-15:40:57	61	1,344.561	55.622	1	0	0	0	1	0	1	1	0	0	1	4
2013/09/19-15:41:34	61	1,344.561	55.622	0	0	0	0	0	0	0	1	1	0	0	4
2013/09/19-15:41:57	61	1,344.561	55.622	6	0	1	10	0	0	0	1	0	0	1	29
2013/09/19-15:42:45	61	1,344.561	55.622	6	0	0	0	1	0	0	1	1	0	0	18
2013/09/19-15:57:11	61	1,357.247	53.186	0	0	1	0	0	0	0	1	0	0	1	5
2013/09/19-15:57:36	61	1,357.247	53.186	3	0	0	0	0	0	0	1	1	0	0	12
2013/09/19-15:58:08	61	1,357.247	53.186	1	0	0	0	1	0	1	1	0	0	1	3
2013/09/19-15:58:30	61	1,357.247	53.186	1	0	0	0	0	0	0	1	1	0	0	7
2013/09/19-15:58:55	61	1,357.247	53.186	2	0	0	0	1	0	0	1	1	0	0	17
2013/09/19-19:54:44	61	1,356.251	58.089	4	0	1	4	0	0	0	1	0	0	1	24
2013/09/19-19:55:38	61	1,356.251	58.089	1	0	0	0	0	0	1	1	0	0	1	6
2013/09/19-19:56:15	61	1,356.251	58.089	2	0	1	0	0	0	0	1	0	0	1	11
2013/09/19-19:57:34	61	1,356.251	58.089	1	0	0	0	0	0	1	1	0	0	1	3
2013/09/19-19:57:59	61	1,356.251	58.089	1	0	1	0	2	0	0	1	0	0	1	5
2013/09/19-19:58:29	61	1,356.251	58.089	1	0	0	0	0	0	1	1	0	0	1	3
2013/09/19-19:58:51	61	1,356.251	58.089	1	0	1	0	1	0	0	1	0	0	1	3
2013/09/19-19:59:38	61	1,356.251	58.089	0	0	1	0	0	0	0	1	0	0	1	3
2013/09/19-20:00:00	61	1,356.251	58.089	2	0	0	0	0	0	1	1	0	0	1	10
2013/09/19-20:00:29	61	1,356.251	58.089	1	0	0	0	1	0	1	1	0	0	1	3
2013/09/19-20:12:12	65	1,307.317	53.466	5	0	0	0	1	0	1	1	1	0	0	15
2013/09/19-20:12:46	65	1,307.317	53.466	2	0	0	0	0	0	1	1	0	0	1	15
2013/09/19-20:13:21	65	1,307.317	53.466	2	0	0	0	2	0	0	1	1	0	0	6
2013/09/19-20:13:46	65	1,307.317	53.466	8	0	0	12	0	0	1	1	0	0	1	27
2013/09/19-20:14:33	65	1,307.317	53.466	1	0	0	0	1	0	1	1	0	0	1	4
2013/09/20-01:19:32	66	1,308.597	58.512	9	0	0	2	1	0	1	1	0	0	1	34
2013/09/20-01:20:25	66	1,308.597	58.512	1	0	0	0	0	0	0	1	1	0	0	7
2013/09/20-01:20:51	66	1,308.597	58.512	1	0	0	0	0	0	1	1	0	0	1	4
2013/09/20-01:21:18	66	1,308.597	58.512	2	0	0	0	2	0	0	1	1	0	0	8
2013/09/20-01:21:45	66	1,308.597	58.512	8	0	0	0	3	0	0	1	1	0	0	23
2013/09/20-01:38:05	63	1,345.147	56.36	2	0	1	0	1	0	0	1	0	0	1	10
2013/09/20-01:38:34	63	1,345.147	56.36	2	0	0	0	2	0	1	1	0	0	1	8
2013/09/20-01:39:01	63	1,345.147	56.36	5	0	0	0	0	0	1	1	0	0	1	13
2013/09/20-01:39:32	63	1,345.147	56.36	1	0	1	0	0	0	0	1	0	0	1	3
2013/09/20-01:39:54	63	1,345.147	56.36	5	0	0	0	0	0	1	1	0	0	1	7
2013/09/20-01:49:27	63	1,345.147	56.36	5	0	0	0	1	0	1	1	1	0	0	13
2013/09/20-01:49:59	63	1,345.147	56.36	0	0	1	0	0	0	0	1	0	0	1	3
2013/09/20-01:50:31	63	1,345.147	56.36	1	0	1	0	0	0	0	1	0	0	1	6
2013/09/20-01:50:56	63	1,345.147	56.36	1	0	1	0	0	0	0	1	0	0	1	7
2013/09/20-01:52:15	63	1,345.147	56.36	0	0	1	0	0	0	0	1	0	0	1	3
2013/09/20-05:20:13	65	1,326.212	60.201	4	0	0	1	3	0	1	1	1	0	0	9
2013/09/20-05:20:41	65	1,326.212	60.201	1	0	1	0	1	0	0	1	0	0	1	3
2013/09/20-05:21:05	65	1,326.212	60.201	4	0	1	3	0	0	0	1	0	0	1	29
2013/09/20-05:21:53	65	1,326.212	60.201	1	0	0	0	0	0	1	1	0	0	1	3
2013/09/20-05:22:15	65	1,326.212	60.201	4	0	1	0	1	0	0	1	0	0	1	28
2013/09/20-05:36:34	65	1,326.212	60.201	3	0	1	0	0	0	0	1	0	0	1	9
2013/09/20-05:37:19	65	1,326.212	60.201	1	0	0	0	0	0	1	1	0	0	1	3
2013/09/20-05:38:38	65	1,326.212	60.201	0	0	1	0	0	0	0	1	0	0	1	3
2013/09/20-05:39:57	65	1,326.212	60.201	3	0	1	2	0	0	0	1	0	0	1	33
2013/09/20-05:41:11	65	1,326.212	60.201	1	0	1	0	0	0	0	1	0	0	1	4
2013/09/20-05:47:44	61	1,359.81	57.126	0	0	1	0	0	0	0	1	0	0	1	10
2013/09/20-05:48:13	61	1,359.81	57.126	1	0	0	0	0	0	1	1	0	0	1	10
2013/09/20-05:49:06	61	1,359.81	57.126	1	0	1	0	0	0	0	1	0	0	1	3
2013/09/20-05:49:29	61	1,359.81	57.126	1	0	0	0	1	0	1	1	0	1	0	3
2013/09/20-05:49:52	61	1,359.81	57.126	1	0	0	0	0	0	1	1	0	0	1	3
2013/09/20-10:14:01	64	1,348.311	63.058	4	0	1	0	1	0	0	1	0	0	1	23
2013/09/20-10:14:44	64	1,348.311	63.058	3	0	1	1	0	0	0	1	0	0	1	18
2013/09/20-10:16:03	64	1,348.311	63.058	0	0	1	0	0	0	0	1	0	0	1	3
2013/09/20-10:16:31	64	1,348.311	63.058	3	0	1	0	0	0	0	1	0	0	1	13
2013/09/20-10:17:13	64	1,359.413	61.435	3	0	1	0	0	0	0	1	0	0	1	8
2013/09/20-10:26:40	64	1,359.413	61.435	1	0	0	0	0	0	1	1	0	0	1	3
2013/09/20-10:27:05	64	1,359.413	61.435	7	0	0	0	0	0	0	1	1	0	0	32
2013/09/20-10:27:56	64	1,359.413	61.435	0	0	1	0	0	0	0	1	0	0	1	3
2013/09/20-10:28:24	64	1,359.413	61.435	4	0	1	0	0	0	0	1	0	0	1	15
2013/09/20-10:28:58	64	1,359.413	61.435	1	0	0	0	0	0	1	1	0	0	1	3
2013/09/20-10:41:51	64	1,359.413	61.435	5	0	0	0	2	0	1	1	0	0	1	9
2013/09/20-10:42:19	64	1,359.413	61.435	0	0	1	0	0	0	0	1	0	0	1	7
2013/09/20-10:42:45	64	1,359.413	61.435	4	0	1	6	0	0	0	1	0	0	1	41
2013/09/20-10:43:46	64	1,359.413	61.435	0	0	0	0	0	0	0	1	1	0	0	3
2013/09/20-10:44:08	64	1,359.413	61.435	1	0	0	0	0	0	1	1	0	0	1	3
2013/09/20-16:21:31	65	1,351.515	63.718	1	0	1	1	0	0	0	1	0	0	1	20
2013/09/20-16:22:23	65	1,351.515	63.718	1	0	0	0	1	0	1	1	0	0	1	5
2013/09/20-16:22:48	65	1,351.515	63.718	1	0	1	0	0	0	0	1	0	0	1	6
2013/09/20-16:23:16	65	1,351.515	63.718	1	0	1	0	1	0	0	1	0	0	1	3
2013/09/20-16:23:41	65	1,351.515	63.718	3	0	0	0	1	0	1	1	0	0	1	12
2013/09/20-16:33:02	65	1,351.515	63.718	7	0	0	0	2	0	0	1	1	0	0	17
2013/09/20-16:33:39	65	1,351.515	63.718	1	0	0	0	0	0	1	1	0	0	1	3
2013/09/20-16:34:03	65	1,351.515	63.718	3	0	0	3	0	0	0	1	1	0	0	19
2013/09/20-16:34:40	65	1,351.515	63.718	1	0	1	0	0	0	0	1	0	0	1	6
2013/09/20-16:35:06	65	1,351.515	63.718	2	0	1	0	0	0	0	1	0	0	1	9
2013/09/20-16:50:09	66	1,352.192	58.247	3	0	0	0	0	0	1	1	0	0	1	12
2013/09/20-16:50:44	66	1,352.192	58.247	5	0	1	4	1	0	0	1	1	0	0	41
2013/09/20-16:51:45	66	1,352.192	58.247	1	0	0	0	1	0	1	1	0	0	1	3
2013/09/20-16:52:07	66	1,352.192	58.247	1	0	0	0	1	0	0	1	1	0	0	5
2013/09/20-16:52:32	66	1,352.192	58.247	0	0	1	0	0	0	0	1	1	0	0	7
2013/09/20-19:37:37	64	1,369.535	60.106	1	0	1	0	0	0	0	1	1	0	0	14
2013/09/20-19:38:12	64	1,369.535	60.106	1	0	0	0	0	0	1	1	0	0	1	3
2013/09/20-19:38:53	64	1,369.535	60.106	2	0	0	0	0	0	1	1	0	0	1	8
2013/09/20-19:39:37	64	1,369.535	60.106	12	0	0	3	0	0	1	1	0	0	1	44
2013/09/20-19:40:41	64	1,372.898	57.669	1	0	1	0	1	0	0	1	0	0	1	4
2013/09/20-19:53:45	64	1,372.898	57.669	2	0	0	0	0	0	1	1	0	0	1	8
2013/09/20-19:54:37	64	1,372.898	57.669	6	0	0	0	1	0	1	1	0	0	1	31
2013/09/20-19:55:27	64	1,372.898	57.669	1	0	0	0	0	0	1	1	0	0	1	4
2013/09/20-19:55:52	64	1,372.898	57.669	1	0	1	0	0	0	0	1	0	0	1	11
2013/09/20-19:56:22	64	1,372.898	57.669	8	0	1	0	0	0	0	1	0	0	1	19
2013/09/20-20:04:55	64	1,372.898	57.669	3	0	0	0	0	0	0	1	1	0	0	60
2013/09/20-20:06:14	64	1,372.898	57.669	7	0	0	0	1	0	1	1	0	0	1	22
2013/09/20-20:06:55	64	1,372.898	57.669	5	0	0	0	3	0	0	1	1	0	0	14
2013/09/20-20:07:28	64	1,372.898	57.669	2	0	0	0	0	0	0	1	1	0	0	6
2013/09/20-20:07:54	64	1,372.898	57.669	8	0	0	5	0	0	1	1	0	0	1	33
2013/12/27-13:33:00	69	1,403.639	78.493	4	0	0	0	0	0	1	1	0	0	1	17
2013/12/27-13:33:37	69	1,403.639	78.493	4	0	1	2	0	0	0	1	0	0	1	24
2013/12/27-13:34:34	69	1,403.639	78.493	3	0	0	1	1	0	0	1	1	0	0	12
2013/12/27-13:35:04	69	1,403.639	78.493	0	0	0	0	0	0	0	1	1	0	0	6
2013/12/27-13:35:29	69	1,403.639	78.493	1	0	1	0	2	0	0	1	0	0	1	4
2013/12/27-13:54:42	70	1,404.568	72.446	4	0	0	0	0	0	1	1	0	0	1	9
2013/12/27-13:55:40	70	1,404.568	72.446	12	0	0	12	2	0	1	1	0	0	1	31
2013/12/27-13:56:31	70	1,404.568	72.446	3	0	1	1	1	0	0	1	0	0	1	21
2013/12/27-13:57:10	70	1,404.568	72.446	4	0	0	3	1	0	0	1	1	0	0	27
2013/12/27-13:57:57	70	1,404.568	72.446	1	0	0	0	1	0	1	1	0	0	1	4
2013/12/27-14:12:27	70	1,404.568	72.446	2	0	0	0	1	0	1	1	0	0	1	7
2013/12/27-14:13:46	70	1,404.568	72.446	7	0	1	0	2	0	0	1	0	0	1	21
2013/12/27-14:14:27	70	1,404.568	72.446	4	0	0	0	1	0	1	1	0	0	1	14
2013/12/27-14:15:46	70	1,404.568	72.446	9	0	0	0	1	0	1	1	0	0	1	13
2013/12/27-14:17:06	70	1,404.568	72.446	2	0	0	0	2	0	0	1	1	0	0	60
