2013/09/02-15:29:36	47	1,500	350.465	0	0	1	0	0	0	0	1	0	0	1	7
2013/09/02-15:30:27	47	1,500	350.465	2	0	1	0	1	0	0	1	0	0	1	6
2013/09/02-15:30:52	47	1,500	350.465	0	0	1	0	0	0	0	1	0	0	1	12
2013/09/02-15:31:42	47	1,500	350.465	0	0	1	0	0	0	0	1	0	0	1	6
2013/09/02-15:32:12	47	1,500	350.465	1	0	0	0	1	0	1	1	0	0	1	7
2013/09/02-15:36:25	64	1,451.345	275.415	0	0	0	0	0	0	0	1	1	0	0	8
2013/09/02-15:36:52	64	1,451.345	275.415	0	0	1	0	0	0	0	1	0	0	1	6
2013/09/02-15:37:17	64	1,451.345	275.415	0	0	1	0	0	0	0	1	1	0	0	36
2013/09/02-15:38:12	64	1,451.345	275.415	1	0	0	0	2	0	1	1	0	0	1	3
2013/09/02-15:38:35	64	1,451.345	275.415	0	0	1	0	0	0	0	1	0	0	1	6
2013/09/02-15:54:13	64	1,451.345	275.415	0	0	1	0	0	0	0	1	0	0	1	6
2013/09/02-15:54:58	64	1,451.345	275.415	0	0	1	0	0	0	0	1	0	0	1	6
2013/09/02-15:55:27	64	1,451.345	275.415	1	0	0	0	0	0	1	1	0	0	1	15
2013/09/02-15:56:25	64	1,451.345	275.415	1	0	0	0	0	0	1	1	0	0	1	6
2013/09/02-15:56:50	64	1,451.345	275.415	0	0	1	0	0	0	0	1	0	0	1	5
2013/09/02-17:46:16	76	1,090.583	213.994	0	0	1	0	0	0	0	1	0	0	1	5
2013/09/02-17:46:41	76	1,090.583	213.994	1	0	0	0	1	0	1	1	0	0	1	5
2013/09/02-17:47:05	76	1,090.583	213.994	0	0	1	0	0	0	0	1	0	0	1	6
2013/09/02-17:47:30	76	1,090.583	213.994	1	0	0	0	0	0	1	1	0	0	1	16
2013/09/02-17:48:05	76	1,090.583	213.994	0	0	1	0	0	0	0	1	0	0	1	3
2013/09/02-17:52:21	76	1,090.583	213.994	0	0	1	0	0	0	0	1	0	0	1	12
2013/09/02-17:52:53	76	1,090.583	213.994	0	0	0	0	0	0	0	1	1	0	0	6
2013/09/02-17:53:18	76	1,090.583	213.994	0	0	0	0	0	0	0	1	1	0	0	3
2013/09/02-17:53:40	76	1,090.583	213.994	1	0	1	0	0	0	0	1	0	0	1	6
2013/09/02-17:54:04	76	1,090.583	213.994	0	0	1	0	0	0	0	1	0	0	1	6
2013/09/02-18:05:03	76	1,090.583	213.994	0	0	0	0	0	0	0	1	1	0	0	7
2013/09/02-18:05:29	76	1,090.583	213.994	1	0	0	0	0	0	1	1	0	0	1	6
2013/09/02-18:05:54	72	1,204.684	166.414	0	0	1	0	0	0	0	1	0	0	1	15
2013/09/02-18:06:28	72	1,204.684	166.414	1	0	1	0	0	0	0	1	0	0	1	6
2013/09/02-18:07:01	72	1,204.684	166.414	0	0	1	0	0	0	0	1	0	0	1	6
2013/09/03-00:17:26	68	1,170.882	149.367	1	0	0	0	0	0	1	1	0	0	1	11
2013/09/03-00:17:57	68	1,170.882	149.367	0	0	0	0	0	0	0	1	1	0	0	7
2013/09/03-00:18:23	68	1,170.882	149.367	1	0	0	0	1	0	0	1	1	0	0	6
2013/09/03-00:18:48	68	1,170.882	149.367	0	0	1	0	0	0	0	1	0	0	1	6
2013/09/03-00:19:13	68	1,170.882	149.367	0	0	1	0	0	0	0	1	0	0	1	6
2013/09/03-00:24:03	67	1,172.209	131.913	0	0	1	0	0	0	0	1	0	0	1	6
2013/09/03-00:24:29	67	1,172.209	131.913	0	0	1	0	0	0	0	1	0	0	1	6
2013/09/03-00:24:54	67	1,172.209	131.913	0	0	0	0	0	0	0	1	1	0	0	11
2013/09/03-00:25:24	67	1,172.209	131.913	0	0	1	0	0	0	0	1	0	0	1	6
2013/09/03-00:25:48	67	1,172.209	131.913	1	0	0	0	1	0	0	1	1	0	0	6
2013/09/03-00:37:33	67	1,172.209	131.913	0	0	1	0	0	0	0	1	0	0	1	6
2013/09/03-00:37:59	67	1,172.209	131.913	0	0	1	0	0	0	0	1	0	0	1	6
2013/09/03-00:38:26	66	1,228.781	111.321	1	0	0	0	0	0	1	1	0	0	1	3
2013/09/03-00:38:49	66	1,228.781	111.321	1	0	0	0	0	0	1	1	0	0	1	5
2013/09/03-00:39:16	66	1,228.781	111.321	0	0	1	0	0	0	0	1	0	0	1	3
2013/09/03-15:54:55	65	1,215.288	105.84	0	0	0	0	0	0	0	1	1	0	0	6
2013/09/03-15:55:21	65	1,215.288	105.84	0	0	1	0	0	0	0	1	0	0	1	6
2013/09/03-15:55:46	65	1,215.288	105.84	1	0	0	0	0	0	1	1	0	0	1	7
2013/09/03-15:56:11	65	1,215.288	105.84	0	0	0	0	0	0	0	1	1	0	0	6
2013/09/03-15:56:36	65	1,215.288	105.84	1	0	1	0	1	0	0	1	0	0	1	6
2013/09/03-16:08:18	65	1,215.288	105.84	0	0	0	0	0	0	0	1	1	0	0	6
2013/09/03-16:08:43	65	1,215.288	105.84	0	0	0	0	0	0	0	1	1	0	0	6
2013/09/03-16:09:08	65	1,215.288	105.84	0	0	1	0	0	0	0	1	0	0	1	6
2013/09/03-16:09:37	65	1,215.288	105.84	0	0	0	0	0	0	0	1	1	0	0	6
2013/09/03-16:10:02	64	1,251.205	92.512	0	0	0	0	0	0	0	1	1	0	0	6
2013/09/03-16:20:16	64	1,251.205	92.512	0	0	1	0	0	0	0	1	0	0	1	6
2013/09/03-16:20:47	64	1,251.205	92.512	0	0	1	0	0	0	0	1	0	0	1	6
2013/09/03-16:21:32	64	1,251.205	92.512	0	0	1	0	0	0	0	1	0	0	1	9
2013/09/03-16:22:00	64	1,251.205	92.512	1	0	0	0	0	0	1	1	0	0	1	6
2013/09/03-16:22:27	64	1,251.205	92.512	0	0	1	0	0	0	0	1	0	0	1	5
2013/09/03-16:32:08	66	1,169.237	84.134	0	0	0	0	0	0	0	1	1	0	0	6
2013/09/03-16:32:33	66	1,169.237	84.134	1	0	0	0	1	0	1	1	0	0	1	5
2013/09/03-16:32:58	66	1,169.237	84.134	1	0	0	0	0	0	1	1	0	0	1	6
2013/09/03-16:33:23	66	1,169.237	84.134	0	0	1	0	0	0	0	1	0	0	1	13
2013/09/03-16:33:54	66	1,169.237	84.134	1	0	0	0	1	0	0	1	1	0	0	17
2013/09/03-16:38:53	66	1,169.237	84.134	0	0	1	0	0	0	0	1	0	0	1	7
2013/09/03-16:39:36	66	1,169.237	84.134	0	0	1	0	0	0	0	1	0	0	1	4
2013/09/03-16:40:05	66	1,169.237	84.134	0	0	1	0	0	0	0	1	0	0	1	6
2013/09/03-16:40:39	66	1,169.237	84.134	0	0	1	0	0	0	0	1	0	0	1	6
2013/09/03-16:41:17	66	1,169.237	84.134	0	0	1	0	0	0	0	1	0	0	1	6
2013/09/03-16:48:52	66	1,169.237	84.134	0	0	1	0	0	0	0	1	0	0	1	6
2013/09/03-16:49:26	66	1,169.237	84.134	1	0	0	0	3	0	0	1	1	0	0	4
2013/09/03-16:49:49	66	1,169.237	84.134	0	0	1	0	0	0	0	1	0	0	1	6
2013/09/03-16:50:16	66	1,169.237	84.134	0	0	1	0	0	0	0	1	0	0	1	6
2013/09/03-16:50:48	66	1,169.237	84.134	1	0	1	0	0	0	0	1	0	0	1	3
2013/09/03-20:44:03	65	1,208.373	77.504	0	0	0	0	0	0	0	1	1	0	0	6
2013/09/03-20:44:28	65	1,208.373	77.504	0	0	1	0	0	0	0	1	0	0	1	6
2013/09/03-20:44:53	65	1,208.373	77.504	0	0	1	0	0	0	0	1	0	0	1	3
2013/09/03-20:45:18	65	1,208.373	77.504	0	0	0	0	0	0	0	1	1	0	0	7
2013/09/03-20:45:43	65	1,208.373	77.504	0	0	0	0	0	0	0	1	1	0	0	6
2013/09/03-20:58:02	65	1,207.499	72.703	0	0	1	0	0	0	0	1	0	0	1	19
2013/09/03-20:58:39	65	1,207.499	72.703	0	0	0	0	0	0	0	1	1	0	0	11
2013/09/03-20:59:09	65	1,207.499	72.703	0	0	1	0	0	0	0	1	1	0	0	6
2013/09/03-20:59:34	65	1,207.499	72.703	0	0	1	0	0	0	0	1	0	0	1	16
2013/09/03-21:00:09	65	1,207.499	72.703	0	0	0	0	0	0	0	1	1	0	0	6
2013/09/03-21:11:06	63	1,233.688	68.727	1	0	0	0	0	0	0	1	1	0	0	11
2013/09/03-21:11:36	63	1,233.688	68.727	0	0	1	0	0	0	0	1	0	0	1	4
2013/09/03-21:12:03	63	1,233.688	68.727	1	0	0	0	1	0	1	1	0	0	1	18
2013/09/03-21:12:40	63	1,233.688	68.727	1	0	1	0	1	0	0	1	0	0	1	4
2013/09/03-21:13:03	63	1,233.688	68.727	0	0	1	0	0	0	0	1	0	0	1	6
2013/09/04-15:38:27	63	1,220.312	69.541	0	0	1	0	0	0	0	1	0	0	1	3
2013/09/04-15:38:51	63	1,220.312	69.541	1	0	1	0	0	0	0	1	0	0	1	6
2013/09/04-15:39:16	63	1,220.312	69.541	1	0	0	0	0	0	1	1	0	0	1	11
2013/09/04-15:39:46	63	1,220.312	69.541	0	0	1	0	0	0	0	1	0	0	1	6
2013/09/04-15:40:19	63	1,220.312	69.541	0	0	0	0	0	0	0	1	1	0	0	10
2013/09/04-15:44:58	63	1,220.312	69.541	0	0	1	0	0	0	0	1	0	0	1	6
2013/09/04-15:46:17	63	1,220.312	69.541	2	0	1	0	0	0	0	1	0	0	1	9
2013/09/04-15:47:32	63	1,220.312	69.541	1	0	0	0	1	0	1	1	0	0	1	9
2013/09/04-15:48:09	63	1,220.312	69.541	1	0	0	0	0	0	1	1	0	0	1	7
2013/09/04-15:48:34	63	1,220.312	69.541	0	0	1	0	0	0	0	1	0	0	1	6
2013/09/04-15:57:42	63	1,220.312	69.541	1	0	0	0	1	0	0	1	1	0	0	10
2013/09/04-15:58:11	63	1,220.312	69.541	0	0	1	0	0	0	0	1	0	0	1	6
2013/09/04-15:59:30	63	1,220.312	69.541	0	0	1	0	0	0	0	1	0	0	1	3
2013/09/04-16:00:48	63	1,220.312	69.541	0	0	0	0	0	0	0	1	1	0	0	3
2013/09/04-16:01:10	63	1,220.312	69.541	0	0	1	0	0	0	0	1	0	0	1	6
2013/09/04-20:51:41	64	1,222.198	67.833	1	0	0	0	1	0	1	1	0	0	1	3
2013/09/04-20:52:17	64	1,222.198	67.833	0	0	1	0	0	0	0	1	0	0	1	6
2013/09/04-20:53:23	64	1,222.198	67.833	0	0	1	0	0	0	0	1	0	0	1	6
2013/09/04-20:54:05	64	1,222.198	67.833	1	0	0	0	0	0	1	1	0	0	1	6
2013/09/04-20:54:37	64	1,222.198	67.833	7	0	0	0	2	0	1	1	0	0	1	35
2013/09/04-21:04:06	64	1,222.198	67.833	0	0	1	0	0	0	0	1	0	0	1	6
2013/09/04-21:04:33	64	1,222.198	67.833	0	0	1	0	0	0	0	1	0	0	1	3
2013/09/04-21:04:59	64	1,222.198	67.833	0	0	1	0	0	0	0	1	0	0	1	6
2013/09/04-21:05:37	64	1,200.9	62.547	0	0	1	0	0	0	0	1	0	0	1	6
2013/09/04-21:06:02	64	1,200.9	62.547	0	0	1	0	0	0	0	1	0	0	1	7
2013/09/04-21:15:09	64	1,200.9	62.547	0	0	1	0	0	0	0	1	0	0	1	6
2013/09/04-21:15:35	64	1,200.9	62.547	0	0	1	0	0	0	0	1	0	0	1	3
2013/09/04-21:16:54	64	1,200.9	62.547	1	0	0	0	0	0	1	1	0	0	1	4
2013/09/04-21:18:13	64	1,200.9	62.547	0	0	0	0	0	0	0	1	1	0	0	4
2013/09/04-21:18:36	64	1,200.9	62.547	0	0	1	0	0	0	0	1	0	0	1	6
2013/09/05-02:57:23	64	1,219.784	65.54	0	0	1	0	0	0	0	1	0	0	1	6
2013/09/05-02:57:47	64	1,219.784	65.54	3	0	0	0	0	0	1	1	0	0	1	11
2013/09/05-02:58:17	64	1,219.784	65.54	0	0	1	0	0	0	0	1	0	0	1	3
2013/09/05-02:58:41	64	1,219.784	65.54	1	0	0	0	0	0	1	1	0	0	1	6
2013/09/05-02:59:07	64	1,219.784	65.54	1	0	0	0	1	0	0	1	1	0	0	16
2013/09/05-03:13:10	64	1,219.784	65.54	0	0	1	0	0	0	0	1	0	0	1	6
2013/09/05-03:14:29	64	1,219.784	65.54	0	0	1	0	0	0	0	1	0	0	1	6
2013/09/05-03:15:34	64	1,219.784	65.54	1	0	1	0	0	0	0	1	0	0	1	3
2013/09/05-03:15:55	64	1,219.784	65.54	0	0	1	0	0	0	0	1	0	0	1	7
2013/09/05-03:16:21	64	1,219.784	65.54	2	0	1	0	0	0	0	1	0	0	1	9
2013/09/05-03:24:16	64	1,236.885	59.729	0	0	1	0	0	0	0	1	0	0	1	8
2013/09/05-03:24:48	64	1,236.885	59.729	0	0	1	0	0	0	0	1	0	0	1	6
2013/09/05-03:25:33	64	1,236.885	59.729	0	0	1	0	0	0	0	1	0	0	1	6
2013/09/05-03:26:52	64	1,236.885	59.729	0	0	1	0	0	0	0	1	0	0	1	6
2013/09/05-03:27:27	64	1,236.885	59.729	1	0	0	0	1	0	1	1	0	0	1	5
2013/09/06-00:24:51	63	1,227.046	63.233	0	0	1	0	0	0	0	1	0	0	1	6
2013/09/06-00:26:11	63	1,227.046	63.233	0	0	1	0	0	0	0	1	0	0	1	6
2013/09/06-00:26:37	63	1,227.046	63.233	0	0	1	0	0	0	0	1	0	0	1	10
2013/09/06-00:27:13	63	1,227.046	63.233	0	0	1	0	0	0	0	1	0	0	1	6
2013/09/06-00:28:32	63	1,227.046	63.233	0	0	1	0	0	0	0	1	0	0	1	6
2013/09/06-00:29:57	63	1,227.046	63.233	0	0	1	0	0	0	0	1	0	0	1	6
2013/09/06-00:30:29	63	1,227.046	63.233	0	0	1	0	0	0	0	1	0	0	1	6
2013/09/06-00:30:57	63	1,227.046	63.233	1	0	1	0	0	0	0	1	0	0	1	8
2013/09/06-00:31:28	63	1,227.046	63.233	0	0	1	0	0	0	0	1	0	0	1	8
2013/09/06-00:32:46	63	1,227.046	63.233	0	0	1	0	0	0	0	1	0	0	1	6
2013/09/06-00:48:49	63	1,227.046	63.233	0	0	1	0	0	0	0	1	0	0	1	6
2013/09/06-00:49:20	63	1,227.046	63.233	0	0	1	0	0	0	0	1	0	0	1	6
2013/09/06-00:49:48	66	1,181.012	56.946	0	0	1	0	0	0	0	1	0	0	1	6
2013/09/06-00:51:07	66	1,181.012	56.946	0	0	1	0	0	0	0	1	0	0	1	6
2013/09/06-00:51:35	66	1,181.012	56.946	0	0	0	0	0	0	0	1	1	0	0	17
2013/09/06-01:12:51	66	1,181.012	56.946	0	0	0	0	0	0	0	1	1	0	0	6
2013/09/06-01:13:15	66	1,181.012	56.946	0	0	0	0	0	0	0	1	1	0	0	6
2013/09/06-01:13:40	66	1,181.012	56.946	0	0	0	0	0	0	0	1	1	0	0	9
2013/09/06-01:14:08	66	1,181.012	56.946	0	0	1	0	0	0	0	1	0	0	1	6
2013/09/06-01:14:33	66	1,181.012	56.946	0	0	1	0	0	0	0	1	0	0	1	6
2013/09/06-01:27:47	67	1,181.899	53.46	0	0	1	0	0	0	0	1	0	0	1	9
2013/09/06-01:28:16	67	1,181.899	53.46	0	0	0	0	0	0	0	1	1	0	0	6
2013/09/06-01:28:40	67	1,181.899	53.46	0	0	0	0	0	0	0	1	1	0	0	6
2013/09/06-01:29:05	67	1,181.899	53.46	0	0	0	0	0	0	0	1	1	0	0	6
2013/09/06-01:29:30	67	1,181.899	53.46	0	0	1	0	0	0	0	1	0	0	1	13
2013/09/06-01:37:14	66	1,196.257	51.608	1	0	0	0	0	0	1	1	0	0	1	38
2013/09/06-01:38:11	66	1,196.257	51.608	0	0	1	0	0	0	0	1	0	0	1	6
2013/09/06-01:38:43	66	1,196.257	51.608	0	0	1	0	0	0	0	1	0	0	1	6
2013/09/06-01:39:35	66	1,196.257	51.608	0	0	1	0	0	0	0	1	0	0	1	6
2013/09/06-01:40:20	66	1,196.257	51.608	0	0	1	0	0	0	0	1	0	0	1	6
2013/09/09-08:37:08	66	1,171.47	67.018	0	0	1	0	0	0	0	1	0	0	1	10
2013/09/09-08:37:38	66	1,171.47	67.018	0	0	1	0	0	0	0	1	0	0	1	6
2013/09/09-08:38:19	66	1,171.47	67.018	1	0	0	0	0	0	1	1	0	0	1	10
2013/09/09-08:38:48	66	1,171.47	67.018	0	0	1	0	0	0	0	1	0	0	1	15
2013/09/09-08:39:31	66	1,171.47	67.018	0	0	1	0	0	0	0	1	0	0	1	6
2013/09/09-08:48:29	66	1,171.47	67.018	0	0	0	0	0	0	0	1	1	0	0	6
2013/09/09-08:48:53	66	1,171.47	67.018	0	0	0	0	0	0	0	1	1	0	0	6
2013/09/09-08:49:18	66	1,171.47	67.018	0	0	1	0	0	0	0	1	0	0	1	6
2013/09/09-08:49:43	66	1,171.47	67.018	0	0	1	0	0	0	0	1	0	0	1	8
2013/09/09-08:50:10	66	1,171.47	67.018	0	0	0	0	0	0	0	1	1	0	0	6
2013/09/09-20:32:57	66	1,171.47	67.018	1	0	1	0	0	0	0	1	0	0	1	16
2013/09/09-20:33:31	67	1,158.165	60.635	0	0	0	0	0	0	0	1	1	0	0	6
2013/09/09-20:33:56	67	1,158.165	60.635	1	0	0	0	0	0	0	1	1	0	0	12
2013/09/09-20:34:26	67	1,158.165	60.635	0	0	1	0	0	0	0	1	0	0	1	6
2013/09/09-20:34:54	67	1,158.165	60.635	0	0	1	0	0	0	0	1	0	0	1	6
2013/09/10-21:33:48	66	1,157.814	64.644	0	0	1	0	0	0	0	1	0	1	0	3
2013/09/10-22:49:40	66	1,157.814	64.644	0	0	1	0	0	0	0	1	0	0	1	6
2013/09/10-22:50:21	66	1,157.814	64.644	0	0	1	0	0	0	0	1	0	0	1	0
2013/09/10-22:57:26	66	1,157.814	64.644	0	0	1	0	0	0	0	1	0	0	1	6
2013/09/10-23:05:08	66	1,157.814	64.644	0	0	1	0	0	0	0	1	0	0	1	0
2013/09/10-23:20:34	66	1,157.814	64.644	0	0	1	0	0	0	0	1	0	0	1	6
2013/09/10-23:20:58	66	1,157.814	64.644	0	0	1	0	0	0	0	1	0	0	1	6
2013/09/10-23:21:23	66	1,157.814	64.644	0	0	1	0	0	0	0	1	0	0	1	6
2013/09/10-23:21:48	66	1,157.814	64.644	0	0	1	0	0	0	0	1	0	0	1	6
2013/09/10-23:22:13	71	1,102.822	59.29	0	0	1	0	0	0	0	1	0	0	1	6
2013/09/10-23:50:32	71	1,102.822	59.29	0	0	1	0	0	0	0	1	0	0	1	6
2013/09/10-23:50:57	71	1,102.822	59.29	0	0	0	0	0	0	0	1	1	0	0	6
2013/09/10-23:51:22	71	1,102.822	59.29	0	0	1	0	0	0	0	1	0	0	1	6
2013/09/10-23:51:47	71	1,102.822	59.29	0	0	1	0	0	0	0	1	0	0	1	6
2013/09/10-23:52:15	71	1,102.822	59.29	0	0	1	0	0	0	0	1	0	0	1	6
2013/09/11-14:24:53	70	1,102.333	62.908	0	0	1	0	0	0	0	1	0	0	1	6
2013/09/11-14:25:33	70	1,102.333	62.908	0	0	1	0	0	0	0	1	0	0	1	8
2013/09/11-14:26:01	72	1,087.147	61.502	0	0	1	0	0	0	0	1	0	0	1	6
2013/09/11-14:26:29	72	1,087.147	61.502	0	0	1	0	0	0	0	1	0	0	1	6
2013/09/11-14:26:59	72	1,087.147	61.502	0	0	1	0	0	0	0	1	0	0	1	6
2013/09/11-14:38:31	72	1,087.147	61.502	0	0	1	0	0	0	0	1	0	0	1	6
2013/09/11-14:38:57	72	1,087.147	61.502	0	0	1	0	0	0	0	1	0	0	1	6
2013/09/11-14:39:23	72	1,087.147	61.502	0	0	1	0	0	0	0	1	0	0	1	11
2013/09/11-14:39:53	72	1,087.147	61.502	0	0	1	0	0	0	0	1	0	0	1	6
2013/09/11-14:41:12	72	1,087.147	61.502	0	0	1	0	0	0	0	1	0	0	1	6
2013/09/11-14:50:59	73	1,061.337	56.991	0	0	1	0	0	0	0	1	1	0	0	6
2013/09/11-14:51:24	73	1,061.337	56.991	0	0	1	0	0	0	0	1	0	0	1	6
2013/09/11-14:51:49	73	1,061.337	56.991	0	0	0	0	0	0	0	1	1	0	0	6
2013/09/11-14:52:13	73	1,061.337	56.991	0	0	1	0	0	0	0	1	0	0	1	6
2013/09/11-14:52:38	73	1,061.337	56.991	0	0	1	0	0	0	0	1	0	0	1	6
2013/09/12-08:33:59	74	1,056.354	61.501	0	0	1	0	0	0	0	1	0	0	1	6
2013/09/12-08:34:27	74	1,056.354	61.501	0	0	1	0	0	0	0	1	0	0	1	6
2013/09/12-08:34:52	74	1,056.354	61.501	0	0	1	0	0	0	0	1	0	0	1	6
2013/09/12-08:35:35	74	1,056.354	61.501	0	0	1	0	0	0	0	1	0	0	1	6
2013/09/12-08:36:02	74	1,056.354	61.501	0	0	1	0	0	0	0	1	0	0	1	6
2013/09/12-08:47:32	75	1,045.806	58.387	0	0	0	0	0	0	0	1	1	0	0	6
2013/09/12-08:47:57	75	1,045.806	58.387	0	0	1	0	0	0	0	1	0	0	1	6
2013/09/12-08:48:23	75	1,045.806	58.387	0	0	0	0	0	0	0	1	1	0	0	6
2013/09/12-08:48:49	75	1,045.806	58.387	0	0	1	0	0	0	0	1	0	0	1	6
2013/09/12-08:50:55	75	1,045.806	58.387	0	0	1	0	0	0	0	1	0	0	1	6
2013/09/12-09:00:14	75	1,045.806	58.387	0	0	1	0	0	0	0	1	0	0	1	6
2013/09/12-09:00:42	75	1,045.806	58.387	0	0	1	0	0	0	0	1	0	0	1	6
2013/09/12-09:01:07	75	1,045.806	58.387	0	0	1	0	0	0	0	1	0	0	1	6
2013/09/12-09:01:32	75	1,045.806	58.387	0	0	1	0	0	0	0	1	0	0	1	6
2013/09/12-09:01:57	75	1,045.806	58.387	0	0	1	0	0	0	0	1	0	0	1	6
2013/09/13-21:11:24	76	1,017.768	72.131	0	0	1	0	0	0	0	1	0	0	1	6
2013/09/13-21:11:49	76	1,017.768	72.131	0	0	1	0	0	0	0	1	0	0	1	6
2013/09/13-21:12:14	76	1,017.768	72.131	0	0	1	0	0	0	0	1	0	0	1	6
2013/09/13-21:12:39	76	1,017.768	72.131	0	0	1	0	0	0	0	1	0	0	1	6
2013/09/13-21:13:04	76	1,017.768	72.131	0	0	1	0	0	0	0	1	0	0	1	6
2013/09/13-21:15:46	76	1,017.768	72.131	0	0	1	0	0	0	0	1	0	0	1	6
2013/09/13-21:16:11	76	1,017.768	72.131	0	0	1	0	0	0	0	1	0	0	1	6
2013/09/13-21:16:36	76	1,017.768	72.131	0	0	1	0	0	0	0	1	0	0	1	6
2013/09/13-21:18:58	76	1,017.768	72.131	0	0	1	0	0	0	0	1	0	0	1	6
2013/09/13-21:19:20	76	1,017.768	72.131	0	0	0	0	0	0	0	1	1	0	0	6
2013/09/13-21:26:00	75	1,026.992	64.726	0	0	1	0	0	0	0	1	0	0	1	6
2013/09/13-21:26:25	75	1,026.992	64.726	0	0	0	0	0	0	0	1	1	0	0	6
2013/09/13-21:26:50	75	1,026.992	64.726	0	0	1	0	0	0	0	1	0	0	1	6
2013/09/13-21:27:15	75	1,026.992	64.726	0	0	1	0	0	0	0	1	0	0	1	6
2013/09/13-21:27:40	75	1,026.992	64.726	0	0	1	0	0	0	0	1	0	0	1	6
2013/09/14-06:20:16	75	1,029.908	69.097	0	0	1	0	0	0	0	1	0	0	1	6
2013/09/14-06:21:26	75	1,029.908	69.097	0	0	1	0	0	0	0	1	0	0	1	6
2013/09/14-06:22:45	75	1,029.908	69.097	0	0	1	0	0	0	0	1	0	0	1	6
2013/09/14-06:24:03	75	1,024.831	68.533	0	0	1	0	0	0	0	1	0	0	1	6
2013/09/14-06:25:22	75	1,024.831	68.533	0	0	1	0	0	0	0	1	0	0	1	6
2013/09/14-06:34:42	75	1,024.831	68.533	0	0	1	0	0	0	0	1	0	0	1	6
2013/09/14-06:35:07	75	1,024.831	68.533	0	0	1	0	0	0	0	1	0	0	1	6
2013/09/14-06:35:47	75	1,024.831	68.533	0	0	1	0	0	0	0	1	0	0	1	6
2013/09/14-06:36:27	75	1,024.831	68.533	0	0	1	0	0	0	0	1	0	0	1	6
2013/09/14-06:36:55	75	1,024.831	68.533	0	0	1	0	0	0	0	1	0	0	1	6
2013/09/14-06:52:09	75	1,024.831	68.533	0	0	0	0	0	0	0	1	1	0	0	6
2013/09/14-06:52:33	75	1,024.831	68.533	0	0	1	0	0	0	0	1	1	0	0	6
2013/09/14-06:52:58	75	1,024.831	68.533	0	0	1	0	0	0	0	1	1	0	0	6
2013/09/14-06:53:23	75	1,024.831	68.533	0	0	1	0	0	0	0	1	0	0	1	6
2013/09/14-06:53:48	75	1,038.645	63.552	0	0	1	0	0	0	0	1	0	0	1	6
2013/09/14-12:24:10	75	1,030.478	66.589	0	0	1	0	0	0	0	1	0	0	1	6
2013/09/14-12:24:55	75	1,030.478	66.589	0	0	1	0	0	0	0	1	0	0	1	6
2013/09/14-12:25:52	75	1,030.478	66.589	0	0	1	0	0	0	0	1	0	0	1	6
2013/09/14-12:26:57	75	1,030.478	66.589	0	0	1	0	0	0	0	1	0	0	1	6
2013/09/14-12:28:07	75	1,030.478	66.589	0	0	1	0	0	0	0	1	0	0	1	6
2013/09/14-12:44:40	75	1,029.719	65.473	0	0	1	0	0	0	0	1	0	0	1	6
2013/09/14-12:45:04	75	1,029.719	65.473	0	0	1	0	0	0	0	1	0	0	1	6
2013/09/14-12:45:32	75	1,029.719	65.473	0	0	1	0	0	0	0	1	0	0	1	6
2013/09/14-12:46:05	75	1,029.719	65.473	0	0	1	0	0	0	0	1	0	0	1	6
2013/09/14-12:46:45	75	1,029.719	65.473	0	0	1	0	0	0	0	1	0	0	1	6
2013/09/14-12:47:20	75	1,029.719	65.473	0	0	0	0	0	0	0	1	1	0	0	6
2013/09/14-13:00:46	75	1,029.719	65.473	0	0	1	0	0	0	0	1	0	0	1	6
2013/09/14-13:01:10	75	1,029.719	65.473	0	0	1	0	0	0	0	1	0	0	1	6
2013/09/14-13:01:36	75	1,029.719	65.473	0	0	1	0	0	0	0	1	0	0	1	6
2013/09/14-13:02:01	75	1,029.719	65.473	0	0	1	0	0	0	0	1	0	0	1	6
2013/09/14-13:02:26	75	1,029.719	65.473	0	0	1	0	0	0	0	1	0	0	1	6
2013/09/14-13:02:58	75	1,029.719	65.473	0	0	0	0	0	0	0	1	1	0	0	6
2013/09/14-19:21:53	76	997.969	67.996	0	0	1	0	0	0	0	1	0	0	1	6
2013/09/14-19:22:26	76	997.969	67.996	0	0	1	0	0	0	0	1	0	0	1	6
2013/09/14-19:22:51	76	997.969	67.996	0	0	1	0	0	0	0	1	0	0	1	6
2013/09/14-19:23:19	76	997.969	67.996	0	0	1	0	0	0	0	1	0	0	1	6
2013/09/14-19:24:01	76	997.969	67.996	0	0	1	0	0	0	0	1	0	0	1	6
2013/09/14-19:30:12	76	997.969	67.996	0	0	1	0	0	0	0	1	1	0	0	6
2013/09/14-19:30:37	76	997.969	67.996	0	0	1	0	0	0	0	1	0	0	1	6
2013/09/14-19:31:02	76	997.969	67.996	0	0	0	0	0	0	0	1	1	0	0	6
2013/09/14-19:31:27	76	997.969	67.996	0	0	1	0	0	0	0	1	0	0	1	6
2013/09/14-19:31:52	76	997.969	67.996	0	0	1	0	0	0	0	1	0	0	1	6
2013/09/14-19:46:03	76	982.425	62.42	0	0	1	0	0	0	0	1	0	0	1	6
2013/09/14-19:46:28	76	982.425	62.42	0	0	1	0	0	0	0	1	0	0	1	6
2013/09/14-19:46:53	76	982.425	62.42	0	0	0	0	0	0	0	1	1	0	0	6
2013/09/14-19:47:18	76	982.425	62.42	0	0	1	0	0	0	0	1	0	0	1	10
2013/09/14-19:47:47	76	982.425	62.42	0	0	1	0	0	0	0	1	0	0	1	6
2013/09/14-23:33:58	76	998.436	64.071	0	0	1	0	0	0	0	1	0	0	1	6
2013/09/14-23:35:05	76	998.436	64.071	0	0	1	0	0	0	0	1	0	0	1	6
2013/09/14-23:36:07	76	998.436	64.071	0	0	1	0	0	0	0	1	0	0	1	6
2013/09/14-23:37:26	76	998.436	64.071	0	0	1	0	0	0	0	1	0	0	1	6
2013/09/14-23:38:36	76	998.436	64.071	0	0	1	0	0	0	0	1	0	0	1	6
2013/09/14-23:40:00	76	998.436	64.071	0	0	1	0	0	0	0	1	0	0	1	6
2013/09/14-23:40:43	76	998.436	64.071	0	0	1	0	0	0	0	1	0	0	1	6
2013/09/14-23:41:23	76	998.436	64.071	0	0	1	0	0	0	0	1	0	0	1	6
2013/09/14-23:42:19	76	998.436	64.071	0	0	1	0	0	0	0	1	0	0	1	6
2013/09/14-23:42:54	76	998.436	64.071	0	0	1	0	0	0	0	1	0	0	1	6
2013/09/15-00:01:24	76	998.436	64.071	0	0	1	0	0	0	0	1	0	0	1	6
2013/09/15-00:02:04	76	998.436	64.071	0	0	1	0	0	0	0	1	0	0	1	6
2013/09/15-00:02:29	76	998.436	64.071	0	0	1	0	0	0	0	1	0	0	1	6
2013/09/15-00:02:53	76	998.436	64.071	0	0	1	0	0	0	0	1	0	0	1	6
2013/09/15-00:03:18	76	976.438	61.046	0	0	1	0	0	0	0	1	0	0	1	6
2013/09/15-15:54:17	76	984.203	68.788	0	0	0	0	0	0	0	1	1	0	0	6
2013/09/15-15:54:42	76	984.203	68.788	0	0	1	0	0	0	0	1	0	0	1	6
2013/09/15-15:55:11	76	984.203	68.788	0	0	1	0	0	0	0	1	0	0	1	6
2013/09/15-15:55:36	76	984.203	68.788	0	0	1	0	0	0	0	1	0	0	1	6
2013/09/15-15:56:05	76	984.203	68.788	0	0	1	0	0	0	0	1	0	0	1	6
2013/09/15-15:59:41	76	984.203	68.788	0	0	1	0	0	0	0	1	0	0	1	6
2013/09/15-16:00:06	76	984.203	68.788	0	0	1	0	0	0	0	1	0	0	1	9
2013/09/15-16:00:33	76	984.203	68.788	0	0	1	0	0	0	0	1	0	0	1	6
2013/09/15-16:00:59	76	984.203	68.788	0	0	1	0	0	0	0	1	0	0	1	6
2013/09/15-16:01:28	76	984.203	68.788	0	0	1	0	0	0	0	1	0	0	1	6
2013/09/15-16:02:00	76	984.203	68.788	0	0	1	0	0	0	0	1	0	0	1	6
2013/09/15-16:09:33	78	968.129	61.574	0	0	1	0	0	0	0	1	0	0	1	6
2013/09/15-16:09:58	78	968.129	61.574	0	0	0	0	0	0	0	1	1	0	0	6
2013/09/15-16:10:23	78	968.129	61.574	0	0	1	0	0	0	0	1	0	0	1	6
2013/09/15-16:10:47	78	968.129	61.574	0	0	1	0	0	0	0	1	0	0	1	6
2013/09/15-16:11:29	78	968.129	61.574	0	0	1	0	0	0	0	1	0	0	1	6
2013/09/15-22:01:14	78	978.018	64.981	0	0	1	0	0	0	0	1	0	0	1	6
2013/09/15-22:01:39	79	973.17	64.342	0	0	0	0	0	0	0	1	1	0	0	6
2013/09/15-22:02:04	79	973.17	64.342	0	0	1	0	0	0	0	1	0	0	1	6
2013/09/15-22:02:29	79	973.17	64.342	0	0	1	0	0	0	0	1	0	0	1	6
2013/09/15-22:02:54	79	973.17	64.342	0	0	1	0	0	0	0	1	0	0	1	6
2013/09/15-22:12:27	79	973.17	64.342	0	0	1	0	0	0	0	1	0	0	1	6
2013/09/15-22:12:53	79	973.17	64.342	0	0	1	0	0	0	0	1	0	0	1	6
2013/09/15-22:13:18	79	973.17	64.342	0	0	1	0	0	0	0	1	0	0	1	6
2013/09/15-22:13:43	79	973.17	64.342	0	0	1	0	0	0	0	1	0	0	1	6
2013/09/15-22:14:08	79	973.17	64.342	0	0	1	0	0	0	0	1	0	0	1	6
2013/09/15-22:21:51	77	998.438	59.065	0	0	1	0	0	0	0	1	0	0	1	6
2013/09/15-22:22:16	77	998.438	59.065	0	0	1	0	0	0	0	1	0	0	1	6
2013/09/15-22:22:41	77	998.438	59.065	0	0	1	0	0	0	0	1	0	0	1	6
2013/09/15-22:23:14	77	998.438	59.065	0	0	0	0	0	0	0	1	1	0	0	6
2013/09/15-22:23:39	77	998.438	59.065	0	0	1	0	0	0	0	1	0	0	1	6
2013/09/16-21:30:51	77	1,000.661	62.853	0	0	1	0	0	0	0	1	0	0	1	6
2013/09/16-21:31:16	77	1,000.661	62.853	0	0	1	0	0	0	0	1	0	0	1	6
2013/09/16-21:31:42	77	1,000.661	62.853	0	0	1	0	0	0	0	1	0	0	1	6
2013/09/16-21:32:09	77	1,000.661	62.853	0	0	1	0	0	0	0	1	0	0	1	6
2013/09/16-21:32:34	77	1,000.661	62.853	0	0	1	0	0	0	0	1	0	0	1	6
2013/09/16-21:39:40	79	997.031	59.719	0	0	1	0	0	0	0	1	0	0	1	6
2013/09/16-21:40:05	79	997.031	59.719	0	0	1	0	0	0	0	1	0	0	1	6
2013/09/16-21:40:30	79	997.031	59.719	0	0	1	0	0	0	0	1	0	0	1	6
2013/09/16-21:40:55	79	997.031	59.719	0	0	1	0	0	0	0	1	0	0	1	6
2013/09/16-21:41:19	79	997.031	59.719	0	0	1	0	0	0	0	1	0	0	1	6
2013/09/16-21:46:23	79	997.031	59.719	0	0	1	0	0	0	0	1	0	0	1	6
2013/09/16-21:47:07	79	997.031	59.719	0	0	1	0	0	0	0	1	0	0	1	6
2013/09/16-21:48:10	79	997.031	59.719	0	0	1	0	0	0	0	1	0	0	1	6
2013/09/16-21:48:36	79	997.031	59.719	0	0	1	0	0	0	0	1	0	0	1	6
2013/09/16-21:49:01	79	997.031	59.719	0	0	1	0	0	0	0	1	0	0	1	6
2013/09/17-18:49:43	78	988.874	59.645	0	0	1	0	0	0	0	1	0	0	1	6
2013/09/17-18:50:10	78	988.874	59.645	0	0	1	0	0	0	0	1	0	0	1	0
2013/09/17-20:08:54	78	988.874	59.645	0	0	1	0	0	0	0	1	0	0	1	6
2013/09/17-20:09:26	78	988.874	59.645	0	0	1	0	0	0	0	1	0	0	1	6
2013/09/17-20:10:45	78	988.874	59.645	0	0	1	0	0	0	0	1	0	0	1	6
2013/09/17-20:18:41	78	988.874	59.645	0	0	1	0	0	0	0	1	0	0	1	6
2013/09/17-20:19:06	78	988.874	59.645	0	0	1	0	0	0	0	1	0	0	1	6
2013/09/17-20:19:31	78	988.874	59.645	0	0	1	0	0	0	0	1	0	0	1	6
2013/09/17-20:19:56	78	988.874	59.645	0	0	1	0	0	0	0	1	0	0	1	6
2013/09/17-20:20:21	78	988.874	59.645	0	0	1	0	0	0	0	1	0	0	1	6
2013/09/17-20:26:17	79	976.412	54.705	0	0	0	0	0	0	0	1	1	0	0	6
2013/09/17-20:26:42	79	976.412	54.705	0	0	1	0	0	0	0	1	0	0	1	6
2013/09/17-20:27:08	79	976.412	54.705	0	0	0	0	0	0	0	1	1	0	0	6
2013/09/17-20:27:32	79	976.412	54.705	0	0	0	0	0	0	0	1	1	0	0	6
2013/09/17-20:27:57	79	976.412	54.705	0	0	0	0	0	0	0	1	1	0	0	6
2013/09/18-09:11:14	77	1,003.822	60.548	0	0	1	0	0	0	0	1	0	0	1	6
2013/09/18-09:11:39	77	1,003.822	60.548	0	0	1	0	0	0	0	1	0	0	1	6
2013/09/18-09:12:19	77	1,003.822	60.548	0	0	1	0	0	0	0	1	0	0	1	6
2013/09/18-09:13:18	77	1,003.822	60.548	0	0	1	0	0	0	0	1	0	0	1	3
2013/09/18-09:13:40	77	1,003.822	60.548	0	0	1	0	0	0	0	1	0	0	1	6
2013/09/18-09:16:23	77	1,003.822	60.548	0	0	0	0	0	0	0	1	1	0	0	6
2013/09/18-09:16:48	77	1,003.822	60.548	0	0	1	0	0	0	0	1	0	0	1	3
2013/09/18-09:17:13	77	1,003.822	60.548	0	0	1	0	0	0	0	1	0	0	1	6
2013/09/18-09:17:38	77	1,003.822	60.548	0	0	1	0	0	0	0	1	0	0	1	6
2013/09/18-09:18:03	77	1,003.822	60.548	0	0	1	0	0	0	0	1	0	0	1	6
2013/09/18-11:13:06	77	1,003.822	60.548	0	0	1	0	0	0	0	1	0	0	1	6
2013/09/18-11:13:31	77	1,003.822	60.548	0	0	1	0	0	0	0	1	0	0	1	6
2013/09/18-11:13:56	77	1,003.822	60.548	0	0	1	0	0	0	0	1	0	0	1	6
2013/09/18-11:14:21	77	1,003.822	60.548	0	0	1	0	0	0	0	1	1	0	0	6
2013/09/18-11:14:46	80	989.819	54.141	0	0	1	0	0	0	0	1	0	0	1	6
2013/09/18-16:04:02	79	989.094	60.833	0	0	1	0	0	0	0	1	0	0	1	6
2013/09/18-16:04:28	79	989.094	60.833	0	0	1	0	0	0	0	1	0	0	1	6
2013/09/18-16:04:54	79	989.094	60.833	0	0	1	0	0	0	0	1	0	0	1	6
2013/09/18-16:05:20	79	989.094	60.833	0	0	1	0	0	0	0	1	0	0	1	6
2013/09/18-16:05:45	79	989.094	60.833	0	0	1	0	0	0	0	1	0	0	1	6
2013/09/18-16:08:28	79	989.094	60.833	0	0	1	0	0	0	0	1	0	0	1	6
2013/09/18-16:08:53	79	989.094	60.833	0	0	1	0	0	0	0	1	0	0	1	6
2013/09/18-16:09:18	81	970.499	56.907	0	0	1	0	0	0	0	1	0	0	1	4
2013/09/18-16:09:41	81	970.499	56.907	0	0	1	0	0	0	0	1	0	0	1	6
2013/09/18-16:10:06	81	970.499	56.907	0	0	0	0	0	0	0	1	1	0	0	6
2013/09/18-16:19:31	81	970.499	56.907	0	0	1	0	0	0	0	1	0	0	1	6
2013/09/18-16:19:56	81	970.499	56.907	0	0	1	0	0	0	0	1	0	0	1	6
2013/09/18-16:20:21	81	970.499	56.907	0	0	1	0	0	0	0	1	0	0	1	6
2013/09/18-16:20:46	81	970.499	56.907	0	0	1	0	0	0	0	1	1	0	0	6
2013/09/18-16:21:11	81	970.499	56.907	0	0	1	0	0	0	0	1	0	0	1	6
2013/09/18-19:19:50	81	969.348	58.27	0	0	1	0	0	0	0	1	0	0	1	6
2013/09/18-19:21:10	81	969.348	58.27	0	0	1	0	0	0	0	1	0	0	1	5
2013/09/18-19:21:34	81	969.348	58.27	0	0	1	0	0	0	0	1	0	0	1	6
2013/09/18-19:22:53	81	969.348	58.27	0	0	1	0	0	0	0	1	0	0	1	3
2013/09/18-19:24:10	81	969.348	58.27	0	0	1	0	0	0	0	1	0	0	1	6
2013/09/18-19:32:52	81	969.348	58.27	0	0	1	0	0	0	0	1	0	0	1	6
2013/09/18-19:34:03	81	969.348	58.27	0	0	1	0	0	0	0	1	0	0	1	6
2013/09/18-19:34:28	81	969.348	58.27	0	0	1	0	0	0	0	1	0	0	1	4
2013/09/18-19:35:00	81	969.348	58.27	0	0	1	0	0	0	0	1	0	0	1	4
2013/09/18-19:35:25	81	969.348	58.27	0	0	1	0	0	0	0	1	0	0	1	6
2013/09/18-20:26:00	80	983.798	55.812	0	0	1	0	0	0	0	1	1	0	0	6
2013/09/18-20:26:26	80	983.798	55.812	0	0	0	0	0	0	0	1	1	0	0	3
2013/09/18-20:26:48	80	983.798	55.812	0	0	1	0	0	0	0	1	0	0	1	3
2013/09/18-20:27:11	80	983.798	55.812	0	0	1	0	0	0	0	1	0	0	1	6
2013/09/18-20:27:36	80	983.798	55.812	0	0	1	0	0	0	0	1	0	0	1	3
2013/09/19-08:19:00	80	988.709	56.541	0	0	1	0	0	0	0	1	0	0	1	6
2013/09/19-08:19:32	80	988.709	56.541	0	0	1	0	0	0	0	1	0	0	1	3
2013/09/19-08:20:11	80	988.709	56.541	0	0	1	0	0	0	0	1	0	0	1	6
2013/09/19-08:20:53	80	988.709	56.541	0	0	1	0	0	0	0	1	0	0	1	6
2013/09/19-08:22:06	80	988.709	56.541	0	0	1	0	0	0	0	1	0	0	1	3
2013/09/19-08:36:48	80	988.709	56.541	0	0	1	0	0	0	0	1	0	0	1	3
2013/09/19-08:37:13	80	988.709	56.541	0	0	1	0	0	0	0	1	0	0	1	6
2013/09/19-08:38:32	80	988.709	56.541	0	0	1	0	0	0	0	1	0	0	1	6
2013/09/19-08:39:05	80	988.709	56.541	0	0	1	0	0	0	0	1	0	0	1	6
2013/09/19-08:39:53	80	988.709	56.541	0	0	1	0	0	0	0	1	0	0	1	6
2013/09/19-08:50:58	80	987.143	54.818	0	0	0	0	0	0	0	1	1	0	0	6
2013/09/19-08:51:23	80	987.143	54.818	0	0	1	0	0	0	0	1	0	0	1	6
2013/09/19-08:51:48	80	987.143	54.818	0	0	1	0	0	0	0	1	0	0	1	6
2013/09/19-08:52:13	80	987.143	54.818	0	0	1	0	0	0	0	1	0	0	1	6
2013/09/19-08:52:38	80	987.143	54.818	0	0	0	0	0	0	0	1	1	0	0	6
2013/09/19-11:35:15	81	1,005.609	57.685	0	0	1	0	0	0	0	1	0	0	1	8
2013/09/19-11:35:50	81	1,005.609	57.685	0	0	1	0	0	0	0	1	0	0	1	3
2013/09/19-11:36:28	81	1,005.609	57.685	0	0	1	0	0	0	0	1	0	0	1	6
2013/09/19-11:37:08	81	1,005.609	57.685	0	0	1	0	0	0	0	1	0	0	1	6
2013/09/19-11:37:41	81	1,005.609	57.685	0	0	1	0	0	0	0	1	0	0	1	3
2013/09/19-11:38:12	81	1,005.609	57.685	0	0	1	0	0	0	0	1	0	0	1	5
2013/09/19-11:38:37	81	1,005.609	57.685	0	0	1	0	0	0	0	1	0	0	1	6
2013/09/19-11:39:02	81	1,005.609	57.685	0	0	1	0	0	0	0	1	0	0	1	6
2013/09/19-11:39:34	81	1,005.609	57.685	0	0	1	0	0	0	0	1	0	0	1	6
2013/09/19-11:39:59	81	1,005.609	57.685	0	0	1	0	0	0	0	1	0	0	1	6
2013/09/19-11:52:47	81	1,005.609	57.685	0	0	0	0	0	0	0	1	1	0	0	6
2013/09/19-11:53:12	81	1,005.609	57.685	0	0	1	0	0	0	0	1	0	0	1	6
2013/09/19-11:53:37	81	1,005.609	57.685	0	0	1	0	0	0	0	1	0	0	1	6
2013/09/19-11:54:02	81	1,005.609	57.685	0	0	1	0	0	0	0	1	0	0	1	6
2013/09/19-11:54:27	81	1,005.609	57.685	0	0	1	0	0	0	0	1	1	0	0	6
2013/09/19-16:07:50	82	1,014.181	58.194	0	0	1	0	0	0	0	1	0	0	1	6
2013/09/19-16:09:09	82	1,014.181	58.194	0	0	1	0	0	0	0	1	0	0	1	4
2013/09/19-16:10:16	82	1,014.181	58.194	0	0	1	0	0	0	0	1	0	0	1	6
2013/09/19-16:11:19	82	1,014.181	58.194	0	0	1	0	0	0	0	1	0	0	1	6
2013/09/19-16:12:37	82	1,014.181	58.194	0	0	1	0	0	0	0	1	0	0	1	6
2013/09/19-16:29:47	83	1,012.006	58.164	0	0	1	0	0	0	0	1	0	0	1	6
2013/09/19-16:30:12	83	1,012.006	58.164	0	0	1	0	0	0	0	1	0	0	1	6
2013/09/19-16:30:40	83	1,012.006	58.164	0	0	1	0	0	0	0	1	0	0	1	6
2013/09/19-16:31:15	83	1,012.006	58.164	0	0	1	0	0	0	0	1	0	0	1	6
2013/09/19-16:31:43	83	1,012.006	58.164	0	0	1	0	0	0	0	1	0	0	1	6
2013/09/19-16:41:54	83	1,012.006	58.164	0	0	1	0	0	0	0	1	0	0	1	6
2013/09/19-16:42:19	83	1,012.006	58.164	0	0	1	0	0	0	0	1	0	0	1	6
2013/09/19-16:42:44	83	1,012.006	58.164	0	0	1	0	0	0	0	1	0	0	1	6
2013/09/19-16:43:10	83	1,012.006	58.164	0	0	1	0	0	0	0	1	0	0	1	6
2013/09/19-16:43:35	83	1,012.006	58.164	0	0	1	0	0	0	0	1	0	0	1	6
2013/09/19-20:37:44	82	1,012.674	61.563	0	0	1	0	0	0	0	1	0	0	1	3
2013/09/19-20:38:11	82	1,012.674	61.563	0	0	1	0	0	0	0	1	0	0	1	3
2013/09/19-20:38:41	82	1,012.674	61.563	0	0	1	0	0	0	0	1	0	0	1	6
2013/09/19-20:39:07	82	1,012.674	61.563	0	0	1	0	0	0	0	1	0	0	1	3
2013/09/19-20:40:01	82	1,012.674	61.563	0	0	1	0	0	0	0	1	0	0	1	5
2013/09/19-20:40:31	82	1,012.674	61.563	0	0	1	0	0	0	0	1	0	0	1	6
2013/09/19-20:41:47	82	1,012.674	61.563	0	0	1	0	0	0	0	1	0	0	1	6
2013/09/19-20:43:06	82	1,012.674	61.563	0	0	1	0	0	0	0	1	0	0	1	3
2013/09/19-20:43:28	82	1,012.674	61.563	0	0	1	0	0	0	0	1	0	0	1	6
2013/09/19-20:44:47	82	1,012.674	61.563	0	0	1	0	0	0	0	1	0	0	1	6
2013/09/19-20:57:05	82	1,012.674	61.563	0	0	1	0	0	0	0	1	0	0	1	8
2013/09/19-20:57:32	82	1,012.674	61.563	0	0	1	0	0	0	0	1	0	0	1	6
2013/09/19-20:57:57	82	1,012.674	61.563	0	0	1	0	0	0	0	1	0	0	1	6
2013/09/19-20:58:23	82	1,012.674	61.563	0	0	1	0	0	0	0	1	0	0	1	6
2013/09/19-20:58:48	82	1,012.674	61.563	0	0	1	0	0	0	0	1	0	0	1	6
2013/09/20-02:51:51	84	997.528	66.05	0	0	1	0	0	0	0	1	0	0	1	6
2013/09/20-02:52:59	84	997.528	66.05	0	0	1	0	0	0	0	1	0	0	1	6
2013/09/20-02:53:24	84	997.528	66.05	0	0	1	0	0	0	0	1	0	0	1	3
2013/09/20-02:53:56	84	997.528	66.05	0	0	1	0	0	0	0	1	0	0	1	6
2013/09/20-02:54:50	84	997.528	66.05	0	0	1	0	0	0	0	1	0	0	1	6
2013/09/20-03:03:00	84	997.528	66.05	0	0	1	0	0	0	0	1	0	0	1	6
2013/09/20-03:03:25	84	997.528	66.05	0	0	1	0	0	0	0	1	0	0	1	3
2013/09/20-03:03:49	84	997.528	66.05	0	0	1	0	0	0	0	1	0	0	1	6
2013/09/20-03:04:30	84	997.528	66.05	0	0	1	0	0	0	0	1	0	0	1	6
2013/09/20-03:04:55	84	997.528	66.05	0	0	1	0	0	0	0	1	0	0	1	6
2013/09/20-03:15:10	84	997.528	66.05	0	0	1	0	0	0	0	1	0	0	1	3
2013/09/20-03:15:38	84	997.528	66.05	0	0	1	0	0	0	0	1	0	0	1	5
2013/09/20-03:16:04	84	997.528	66.05	0	0	1	0	0	0	0	1	0	0	1	6
2013/09/20-03:16:29	84	997.528	66.05	0	0	1	0	0	0	0	1	0	0	1	6
2013/09/20-03:16:54	84	997.528	66.05	0	0	1	0	0	0	0	1	0	0	1	6
2013/09/20-07:01:40	84	998.785	66.203	0	0	1	0	0	0	0	1	0	0	1	6
2013/09/20-07:02:17	84	998.785	66.203	0	0	1	0	0	0	0	1	0	0	1	6
2013/09/20-07:02:45	84	998.785	66.203	0	0	1	0	0	0	0	1	0	0	1	3
2013/09/20-07:03:23	84	998.785	66.203	0	0	1	0	0	0	0	1	0	0	1	6
2013/09/20-07:03:49	84	998.785	66.203	0	0	1	0	0	0	0	1	0	0	1	6
2013/09/20-07:07:40	84	998.785	66.203	0	0	1	0	0	0	0	1	0	0	1	6
2013/09/20-07:08:11	84	998.785	66.203	0	0	1	0	0	0	0	1	0	0	1	6
2013/09/20-07:08:36	84	998.785	66.203	0	0	1	0	0	0	0	1	0	0	1	6
2013/09/20-07:09:27	84	998.785	66.203	0	0	1	0	0	0	0	1	0	0	1	6
2013/09/20-07:09:57	84	998.785	66.203	0	0	1	0	0	0	0	1	0	0	1	6
2013/09/20-07:21:44	84	1,014.486	62.988	0	0	1	0	0	0	0	1	0	0	1	6
2013/09/20-07:22:09	84	1,014.486	62.988	0	0	1	0	0	0	0	1	0	0	1	6
2013/09/20-07:22:34	84	1,014.486	62.988	0	0	1	0	0	0	0	1	0	0	1	6
2013/09/20-07:22:59	84	1,014.486	62.988	0	0	0	0	0	0	0	1	1	0	0	6
2013/09/20-07:23:24	84	1,014.486	62.988	0	0	1	0	0	0	0	1	0	0	1	6
2013/09/20-11:11:29	84	1,026.731	64.959	0	0	1	0	0	0	0	1	0	0	1	6
2013/09/20-11:12:48	84	1,026.731	64.959	0	0	1	0	0	0	0	1	0	0	1	6
2013/09/20-11:13:43	84	1,026.731	64.959	0	0	1	0	0	0	0	1	0	0	1	5
2013/09/20-11:14:57	84	1,026.731	64.959	0	0	1	0	0	0	0	1	0	0	1	6
2013/09/20-11:16:16	84	1,026.731	64.959	0	0	1	0	0	0	0	1	0	0	1	3
2013/09/20-11:17:06	84	1,026.731	64.959	0	0	1	0	0	0	0	1	0	0	1	6
2013/09/20-11:18:25	84	1,018.753	63.996	0	0	1	0	0	0	0	1	0	0	1	6
2013/09/20-11:19:06	84	1,018.753	63.996	0	0	1	0	0	0	0	1	0	0	1	3
2013/09/20-11:19:40	84	1,018.753	63.996	0	0	1	0	0	0	0	1	0	0	1	6
2013/09/20-11:20:59	84	1,018.753	63.996	0	0	1	0	0	0	0	1	0	0	1	6
2013/09/20-11:35:00	84	1,018.753	63.996	0	0	1	0	0	0	0	1	0	0	1	6
2013/09/20-11:35:25	84	1,018.753	63.996	0	0	1	0	0	0	0	1	0	0	1	6
2013/09/20-11:35:50	84	1,018.753	63.996	0	0	1	0	0	0	0	1	1	0	0	6
2013/09/20-11:36:16	84	1,018.753	63.996	0	0	1	0	0	0	0	1	0	0	1	6
2013/09/20-11:36:41	84	1,018.753	63.996	0	0	1	0	0	0	0	1	0	0	1	6
2013/09/20-17:14:56	84	1,010.684	66.055	0	0	1	0	0	0	0	1	0	0	1	3
2013/09/20-17:15:42	84	1,010.684	66.055	0	0	1	0	0	0	0	1	0	0	1	3
2013/09/20-17:16:07	84	1,010.684	66.055	0	0	1	0	0	0	0	1	0	0	1	3
2013/09/20-17:16:45	84	1,010.684	66.055	0	0	1	0	0	0	0	1	0	0	1	3
2013/09/20-17:18:04	84	1,010.684	66.055	0	0	1	0	0	0	0	1	0	0	1	3
2013/09/20-17:19:06	84	1,010.684	66.055	0	0	1	0	0	0	0	1	0	0	1	6
2013/09/20-17:20:25	84	1,010.684	66.055	0	0	1	0	0	0	0	1	0	0	1	6
2013/09/20-17:21:18	84	1,010.684	66.055	0	0	1	0	0	0	0	1	0	0	1	6
2013/09/20-17:21:50	84	1,010.684	66.055	0	0	1	0	0	0	0	1	0	0	1	3
2013/09/20-17:22:34	84	1,010.684	66.055	0	0	1	0	0	0	0	1	0	0	1	3
2013/09/20-17:37:53	84	1,010.684	66.055	0	0	1	0	0	0	0	1	0	0	1	6
2013/09/20-17:38:20	84	1,010.684	66.055	0	0	1	0	0	0	0	1	0	0	1	6
2013/09/20-17:38:45	84	1,010.684	66.055	0	0	1	0	0	0	0	1	0	0	1	6
2013/09/20-17:39:10	84	1,010.684	66.055	0	0	1	0	0	0	0	1	0	0	1	6
2013/09/20-17:39:35	84	1,010.684	66.055	0	0	1	0	0	0	0	1	0	0	1	6
2013/09/20-21:03:07	84	1,009.168	67.677	0	0	1	0	0	0	0	1	0	0	1	6
2013/09/20-21:04:26	84	1,009.168	67.677	0	0	1	0	0	0	0	1	0	0	1	6
2013/09/20-21:05:29	84	1,009.168	67.677	0	0	1	0	0	0	0	1	0	0	1	6
2013/09/20-21:05:53	84	1,009.168	67.677	0	0	1	0	0	0	0	1	0	0	1	6
2013/09/20-21:07:12	84	1,009.168	67.677	0	0	1	0	0	0	0	1	0	0	1	3
2013/09/20-21:10:49	84	1,009.168	67.677	0	0	0	0	0	0	0	1	1	0	0	6
2013/09/20-21:11:14	84	1,009.168	67.677	0	0	1	0	0	0	0	1	0	0	1	6
2013/09/20-21:11:39	84	1,009.168	67.677	0	0	0	0	0	0	0	1	1	0	0	5
2013/09/20-21:12:03	84	1,009.168	67.677	0	0	1	0	0	0	0	1	0	0	1	6
2013/09/20-21:12:28	84	1,009.168	67.677	0	0	1	0	0	0	0	1	0	0	1	3
2013/09/20-21:26:27	84	1,009.168	67.677	0	0	1	0	0	0	0	1	0	0	1	6
2013/09/20-21:26:58	84	1,009.168	67.677	0	0	1	0	0	0	0	1	0	0	1	6
2013/09/20-21:27:26	84	1,037.117	62.244	0	0	1	0	0	0	0	1	0	0	1	6
2013/09/20-21:27:52	84	1,037.117	62.244	0	0	1	0	0	0	0	1	0	0	1	6
2013/09/20-21:28:17	84	1,037.117	62.244	0	0	1	0	0	0	0	1	0	0	1	3
2013/12/27-14:37:05	96	1,045.687	78.892	0	0	1	0	0	0	0	1	0	0	1	9
2013/12/27-14:37:55	96	1,045.687	78.892	0	0	1	0	0	0	0	1	0	0	1	4
2013/12/27-14:38:21	96	1,045.687	78.892	0	0	0	0	0	0	0	1	1	0	0	60
2013/12/27-14:39:41	96	1,045.687	78.892	0	0	1	0	0	0	0	1	0	0	1	3
2013/12/27-14:41:00	96	1,045.687	78.892	0	0	0	0	0	0	0	1	0	1	0	60
2013/12/27-14:48:21	96	1,045.687	78.892	0	0	0	0	0	0	0	1	1	0	0	60
2013/12/27-14:49:41	96	1,045.687	78.892	0	0	1	0	0	0	0	1	0	0	1	6
2013/12/27-14:50:27	96	1,045.687	78.892	0	0	0	0	0	0	0	1	1	0	0	7
2013/12/27-14:50:53	96	1,045.687	78.892	0	0	0	0	0	0	0	1	1	0	0	60
2013/12/27-14:52:12	96	1,045.687	78.892	0	0	0	0	0	0	0	1	1	0	0	38
2013/12/27-17:17:08	93	1,127.37	71.335	0	0	0	0	0	0	0	1	1	0	0	60
2013/12/27-17:18:28	93	1,127.37	71.335	0	0	0	0	0	0	0	1	1	0	0	60
2013/12/27-17:19:48	93	1,127.37	71.335	0	0	0	0	0	0	0	1	0	1	0	60
2013/12/27-17:21:08	93	1,127.37	71.335	0	0	0	0	0	0	0	1	1	0	0	60
2013/12/27-17:22:28	93	1,127.37	71.335	0	0	0	0	0	0	0	1	0	1	0	60
2013/12/28-12:42:53	90	1,151.689	87.853	0	0	1	0	0	0	0	1	0	0	1	8
2013/12/28-12:43:23	90	1,151.689	87.853	0	0	1	0	0	0	0	1	0	0	1	9
2013/12/28-12:43:50	90	1,151.689	87.853	0	0	1	0	0	0	0	1	0	0	1	8
2013/12/28-12:44:18	90	1,151.689	87.853	0	0	1	0	0	0	0	1	0	0	1	8
2013/12/28-12:44:45	90	1,151.689	87.853	0	0	1	0	0	0	0	1	0	0	1	8
2013/12/28-12:52:13	95	1,123.182	80.123	0	0	1	0	0	0	0	1	0	0	1	8
2013/12/28-12:52:40	95	1,123.182	80.123	0	0	1	0	0	0	0	1	0	0	1	8
2013/12/28-12:53:07	95	1,123.182	80.123	0	0	1	0	0	0	0	1	0	0	1	8
2013/12/28-12:53:34	95	1,123.182	80.123	0	0	1	0	0	0	0	1	0	0	1	8
2013/12/28-12:54:01	95	1,123.182	80.123	0	0	1	0	0	0	0	1	0	0	1	8
2013/12/28-13:05:38	95	1,123.182	80.123	0	0	1	0	0	0	0	1	0	0	1	8
2013/12/28-13:06:04	95	1,123.182	80.123	0	0	1	0	0	0	0	1	0	0	1	8
2013/12/28-13:06:31	95	1,123.182	80.123	0	0	1	0	0	0	0	1	0	0	1	8
2013/12/28-13:06:58	95	1,123.182	80.123	0	0	1	0	0	0	0	1	0	0	1	8
2013/12/28-13:07:25	95	1,123.182	80.123	0	0	1	0	0	0	0	1	0	0	1	8
2013/12/28-13:07:59	95	1,123.182	80.123	0	0	1	0	0	0	0	1	0	0	1	8
2013/12/28-18:35:21	95	1,094.787	76.655	0	0	1	0	0	0	0	1	0	0	1	12
2013/12/28-18:35:53	95	1,094.787	76.655	0	0	1	0	0	0	0	1	0	0	1	4
2013/12/28-18:36:20	95	1,094.787	76.655	0	0	1	0	0	0	0	1	0	0	1	8
2013/12/28-18:36:46	95	1,094.787	76.655	0	0	1	0	0	0	0	1	0	0	1	8
2013/12/28-18:37:13	95	1,094.787	76.655	0	0	1	0	0	0	0	1	0	0	1	8
2013/12/28-18:40:05	95	1,094.787	76.655	0	0	1	0	0	0	0	1	0	0	1	8
2013/12/28-18:40:32	95	1,094.787	76.655	0	0	1	0	0	0	0	1	1	0	0	8
2013/12/28-18:40:58	95	1,094.787	76.655	0	0	1	0	0	0	0	1	0	0	1	8
2013/12/28-18:41:26	95	1,094.787	76.655	0	0	1	0	0	0	0	1	0	0	1	8
2013/12/28-18:41:53	95	1,094.787	76.655	0	0	1	0	0	0	0	1	0	0	1	8
2013/12/28-18:50:20	95	1,094.787	76.655	0	0	0	0	0	0	0	1	1	0	0	8
2013/12/28-18:50:47	95	1,094.787	76.655	0	0	1	0	0	0	0	1	0	0	1	8
2013/12/28-18:51:14	95	1,094.787	76.655	0	0	1	0	0	0	0	1	0	0	1	8
2013/12/28-18:51:41	95	1,094.787	76.655	0	0	0	0	0	0	0	1	1	0	0	8
2013/12/28-18:52:08	95	1,094.787	76.655	0	0	1	0	0	0	0	1	0	0	1	8
2013/12/29-02:44:54	92	1,129.671	75.469	0	0	0	0	0	0	0	1	1	0	0	8
2013/12/29-02:45:21	92	1,129.671	75.469	0	0	1	0	0	0	0	1	0	0	1	5
2013/12/29-02:45:46	92	1,129.671	75.469	0	0	1	0	0	0	0	1	0	0	1	3
2013/12/29-02:46:13	92	1,129.671	75.469	0	0	1	0	0	0	0	1	0	0	1	8
2013/12/29-02:46:40	92	1,129.671	75.469	0	0	0	0	0	0	0	1	1	0	0	8
2013/12/29-02:51:48	92	1,129.671	75.469	0	0	1	0	0	0	0	1	0	0	1	8
2013/12/29-02:52:16	92	1,129.671	75.469	0	0	1	0	0	0	0	1	0	0	1	8
2013/12/29-02:52:43	91	1,138.758	68.759	0	0	1	0	0	0	0	1	0	0	1	8
2013/12/29-02:53:10	91	1,138.758	68.759	0	0	1	0	0	0	0	1	0	0	1	8
2013/12/29-02:53:38	91	1,138.758	68.759	0	0	1	0	0	0	0	1	0	0	1	8
2013/12/29-02:54:12	91	1,138.758	68.759	0	0	1	0	0	0	0	1	0	0	1	8
2013/12/29-03:02:03	91	1,138.758	68.759	0	0	1	0	0	0	0	1	0	0	1	8
2013/12/29-03:02:30	91	1,138.758	68.759	0	0	1	0	0	0	0	1	0	0	1	6
2013/12/29-03:02:56	91	1,138.758	68.759	0	0	1	0	0	0	0	1	0	0	1	8
2013/12/29-03:03:23	91	1,138.758	68.759	0	0	1	0	0	0	0	1	0	0	1	8
2013/12/29-03:03:50	91	1,138.758	68.759	0	0	1	0	0	0	0	1	0	0	1	8
2013/12/29-08:29:08	92	1,139.07	69.148	0	0	1	0	0	0	0	1	0	0	1	8
2013/12/29-08:29:35	92	1,139.07	69.148	0	0	0	0	0	0	0	1	1	0	0	8
2013/12/29-08:30:02	92	1,139.07	69.148	0	0	1	0	0	0	0	1	0	0	1	3
2013/12/29-08:30:25	92	1,139.07	69.148	0	0	0	0	0	0	0	1	1	0	0	8
2013/12/29-08:30:52	92	1,139.07	69.148	0	0	1	0	0	0	0	1	0	0	1	6
2013/12/29-08:39:38	92	1,139.07	69.148	0	0	0	0	0	0	0	1	1	0	0	8
2013/12/29-08:40:05	87	1,181.724	64.125	0	0	1	0	0	0	0	1	0	0	1	3
2013/12/29-08:40:33	87	1,181.724	64.125	0	0	1	0	0	0	0	1	0	0	1	8
2013/12/29-08:41:00	87	1,181.724	64.125	0	0	1	0	0	0	0	1	0	0	1	8
2013/12/29-08:41:27	87	1,181.724	64.125	0	0	1	0	0	0	0	1	0	0	1	4
2013/12/29-08:50:41	87	1,181.724	64.125	0	0	1	0	0	0	0	1	0	0	1	5
2013/12/29-08:51:05	87	1,181.724	64.125	0	0	1	0	0	0	0	1	0	0	1	8
2013/12/29-08:51:32	87	1,181.724	64.125	0	0	1	0	0	0	0	1	0	0	1	8
2013/12/29-08:51:59	87	1,181.724	64.125	0	0	1	0	0	0	0	1	0	0	1	8
2013/12/29-08:52:26	87	1,181.724	64.125	0	0	1	0	0	0	0	1	0	0	1	5
2013/12/29-10:42:41	86	1,184.232	60.483	0	0	1	0	0	0	0	1	0	0	1	8
2013/12/29-10:43:30	86	1,184.232	60.483	0	0	1	0	0	0	0	1	0	0	1	8
2013/12/29-10:44:04	86	1,184.232	60.483	0	0	1	0	0	0	0	1	0	0	1	8
2013/12/29-10:45:00	86	1,184.232	60.483	0	0	1	0	0	0	0	1	0	0	1	8
2013/12/29-10:45:38	86	1,184.232	60.483	0	0	1	0	0	0	0	1	0	0	1	8
2013/12/29-10:46:22	86	1,184.232	60.483	0	0	1	0	0	0	0	1	0	0	1	10
2013/12/29-10:46:50	86	1,184.232	60.483	0	0	1	0	0	0	0	1	0	0	1	8
2013/12/29-10:47:35	86	1,184.232	60.483	0	0	1	0	0	0	0	1	0	0	1	8
2013/12/29-10:48:24	86	1,184.232	60.483	0	0	1	0	0	0	0	1	0	0	1	6
2013/12/29-10:49:06	86	1,184.232	60.483	0	0	1	0	0	0	0	1	0	0	1	8
2013/12/29-11:02:09	87	1,177.891	57.603	0	0	1	0	0	0	0	1	0	0	1	8
2013/12/29-11:02:35	87	1,177.891	57.603	0	0	1	0	0	0	0	1	0	0	1	8
2013/12/29-11:03:10	87	1,177.891	57.603	0	0	0	0	0	0	0	1	1	0	0	8
2013/12/29-11:03:36	87	1,177.891	57.603	0	0	1	0	0	0	0	1	0	0	1	12
2013/12/29-11:04:08	87	1,177.891	57.603	0	0	1	0	0	0	0	1	0	0	1	8
2013/12/29-13:55:48	88	1,180.042	59.278	0	0	1	0	0	0	0	1	0	0	1	8
2013/12/29-13:57:07	88	1,180.042	59.278	0	0	1	0	0	0	0	1	0	0	1	8
2013/12/29-13:58:01	88	1,180.042	59.278	0	0	1	0	0	0	0	1	0	0	1	8
2013/12/29-13:58:40	88	1,180.042	59.278	0	0	1	0	0	0	0	1	0	0	1	8
2013/12/29-13:59:59	88	1,180.042	59.278	0	0	1	0	0	0	0	1	0	0	1	8
2013/12/29-14:18:19	88	1,180.042	59.278	0	0	1	0	0	0	0	1	0	0	1	8
2013/12/29-14:18:53	88	1,180.042	59.278	0	0	1	0	0	0	0	1	0	0	1	8
2013/12/29-14:19:31	88	1,180.042	59.278	0	0	1	0	0	0	0	1	0	0	1	8
2013/12/29-14:20:06	88	1,180.042	59.278	0	0	1	0	0	0	0	1	0	0	1	8
2013/12/29-14:20:41	88	1,180.042	59.278	0	0	1	0	0	0	0	1	0	0	1	8
2013/12/29-14:31:42	87	1,186.125	56.678	0	0	1	0	0	0	0	1	0	0	1	8
2013/12/29-14:32:09	87	1,186.125	56.678	0	0	1	0	0	0	0	1	0	0	1	8
2013/12/29-14:32:36	87	1,186.125	56.678	0	0	1	0	0	0	0	1	0	0	1	8
2013/12/29-14:33:03	87	1,186.125	56.678	0	0	1	0	0	0	0	1	0	0	1	8
2013/12/29-14:33:32	87	1,186.125	56.678	0	0	1	0	0	0	0	1	0	0	1	8
2013/12/29-21:07:31	86	1,182.494	58.048	0	0	1	0	0	0	0	1	0	0	1	8
2013/12/29-21:08:31	86	1,182.494	58.048	0	0	1	0	0	0	0	1	0	0	1	8
2013/12/29-21:09:19	86	1,182.494	58.048	0	0	1	0	0	0	0	1	0	0	1	8
2013/12/29-21:10:29	86	1,182.494	58.048	0	0	1	0	0	0	0	1	0	0	1	10
2013/12/29-21:11:17	86	1,182.494	58.048	0	0	1	0	0	0	0	1	0	0	1	8
2013/12/29-21:20:58	86	1,182.494	58.048	0	0	1	0	0	0	0	1	0	0	1	8
2013/12/29-21:21:25	86	1,182.494	58.048	0	0	1	0	0	0	0	1	0	0	1	8
2013/12/29-21:21:51	86	1,182.494	58.048	0	0	1	0	0	0	0	1	0	0	1	8
2013/12/29-21:22:18	86	1,182.494	58.048	0	0	1	0	0	0	0	1	0	0	1	8
2013/12/29-21:22:45	86	1,182.494	58.048	0	0	1	0	0	0	0	1	0	0	1	8
2013/12/29-21:38:21	86	1,182.494	58.048	0	0	1	0	0	0	0	1	0	0	1	8
2013/12/29-21:38:50	86	1,182.494	58.048	0	0	0	0	0	0	0	1	1	0	0	8
2013/12/29-21:39:17	86	1,182.494	58.048	0	0	0	0	0	0	0	1	1	0	0	8
2013/12/29-21:39:44	86	1,178.128	53.803	0	0	1	0	0	0	0	1	0	0	1	8
2013/12/29-21:40:11	86	1,178.128	53.803	0	0	1	0	0	0	0	1	0	0	1	8
2013/12/30-04:35:34	86	1,177.698	60.725	0	0	1	0	0	0	0	1	0	0	1	8
2013/12/30-04:36:01	86	1,177.698	60.725	0	0	1	0	0	0	0	1	0	0	1	8
2013/12/30-04:36:28	86	1,177.698	60.725	0	0	1	0	0	0	0	1	0	0	1	8
2013/12/30-04:36:55	86	1,177.698	60.725	0	0	1	0	0	0	0	1	0	0	1	8
2013/12/30-04:37:22	86	1,177.698	60.725	0	0	1	0	0	0	0	1	0	0	1	8
2013/12/30-04:47:20	86	1,177.698	60.725	0	0	1	0	0	0	0	1	1	0	0	8
2013/12/30-04:47:47	86	1,177.698	60.725	0	0	1	0	0	0	0	1	1	0	0	8
2013/12/30-04:48:14	86	1,177.698	60.725	0	0	1	0	0	0	0	1	0	0	1	8
2013/12/30-04:48:41	86	1,177.698	60.725	0	0	1	0	0	0	0	1	0	0	1	8
2013/12/30-04:49:08	86	1,177.698	60.725	0	0	0	0	0	0	0	1	1	0	0	8
2013/12/30-04:57:31	88	1,174.005	55.489	0	0	1	0	0	0	0	1	1	0	0	8
2013/12/30-04:57:58	88	1,174.005	55.489	0	0	0	0	0	0	0	1	1	0	0	8
2013/12/30-04:58:25	88	1,174.005	55.489	0	0	0	0	0	0	0	1	1	0	0	8
2013/12/30-04:58:52	88	1,174.005	55.489	0	0	1	0	0	0	0	1	0	0	1	8
2013/12/30-04:59:19	88	1,174.005	55.489	0	0	1	0	0	0	0	1	0	0	1	7
2013/12/30-10:05:17	86	1,187.42	58.915	0	0	1	0	0	0	0	1	0	0	1	8
2013/12/30-10:06:36	86	1,187.42	58.915	0	0	1	0	0	0	0	1	0	0	1	8
2013/12/30-10:07:48	86	1,187.42	58.915	0	0	1	0	0	0	0	1	0	0	1	8
2013/12/30-10:09:06	86	1,187.42	58.915	0	0	1	0	0	0	0	1	0	0	1	8
2013/12/30-10:10:25	86	1,187.42	58.915	0	0	1	0	0	0	0	1	0	0	1	8
2013/12/30-10:21:39	86	1,185.03	57.948	0	0	1	0	0	0	0	1	0	0	1	8
2013/12/30-10:22:58	86	1,185.03	57.948	0	0	1	0	0	0	0	1	0	0	1	8
2013/12/30-10:24:17	86	1,185.03	57.948	0	0	1	0	0	0	0	1	0	0	1	8
2013/12/30-10:25:03	86	1,185.03	57.948	0	0	1	0	0	0	0	1	0	0	1	8
2013/12/30-10:25:53	86	1,185.03	57.948	0	0	1	0	0	0	0	1	0	0	1	8
2013/12/30-10:36:59	86	1,185.03	57.948	0	0	1	0	0	0	0	1	0	0	1	8
2013/12/30-10:38:18	86	1,185.03	57.948	0	0	1	0	0	0	0	1	0	0	1	8
2013/12/30-10:38:57	86	1,185.03	57.948	0	0	1	0	0	0	0	1	0	0	1	8
2013/12/30-10:39:24	86	1,185.03	57.948	0	0	1	0	0	0	0	1	0	0	1	8
2013/12/30-10:40:07	86	1,185.03	57.948	0	0	1	0	0	0	0	1	0	0	1	8
2013/12/30-15:08:55	85	1,188.994	60.645	0	0	1	0	0	0	0	1	0	0	1	8
2013/12/30-15:10:15	85	1,188.994	60.645	0	0	1	0	0	0	0	1	0	0	1	8
2013/12/30-15:11:33	85	1,188.994	60.645	0	0	1	0	0	0	0	1	0	0	1	8
2013/12/30-15:12:11	85	1,188.994	60.645	0	0	1	0	0	0	0	1	0	0	1	8
2013/12/30-15:13:14	85	1,188.994	60.645	0	0	1	0	0	0	0	1	0	0	1	8
2013/12/30-15:14:40	85	1,188.994	60.645	0	0	1	0	0	0	0	1	0	0	1	8
2013/12/30-15:15:23	85	1,188.994	60.645	0	0	1	0	0	0	0	1	0	0	1	8
2013/12/30-15:16:16	85	1,188.994	60.645	0	0	1	0	0	0	0	1	0	0	1	8
2013/12/30-15:16:55	85	1,188.994	60.645	0	0	1	0	0	0	0	1	0	0	1	8
2013/12/30-15:18:14	85	1,188.994	60.645	0	0	1	0	0	0	0	1	0	0	1	8
2013/12/30-15:35:08	85	1,188.994	60.645	0	0	1	0	0	0	0	1	0	0	1	8
2013/12/30-15:35:35	85	1,188.994	60.645	0	0	1	0	0	0	0	1	0	0	1	8
2013/12/30-15:36:11	85	1,188.994	60.645	0	0	1	0	0	0	0	1	0	0	1	8
2013/12/30-15:36:38	86	1,172.39	56.197	0	0	1	0	0	0	0	1	0	0	1	8
2013/12/30-15:37:25	86	1,172.39	56.197	0	0	1	0	0	0	0	1	0	0	1	8
2013/12/30-20:19:55	86	1,168.73	60.077	0	0	1	0	0	0	0	1	0	0	1	8
2013/12/30-20:20:22	86	1,168.73	60.077	0	0	1	0	0	0	0	1	0	0	1	6
2013/12/30-20:20:49	86	1,168.73	60.077	0	0	1	0	0	0	0	1	0	0	1	8
2013/12/30-20:21:16	86	1,168.73	60.077	0	0	1	0	0	0	0	1	0	0	1	8
2013/12/30-20:21:43	86	1,168.73	60.077	0	0	1	0	0	0	0	1	0	0	1	8
2013/12/30-20:32:35	86	1,168.73	60.077	0	0	1	0	0	0	0	1	0	0	1	8
2013/12/30-20:33:01	86	1,168.73	60.077	0	0	0	0	0	0	0	1	1	0	0	8
2013/12/30-20:33:28	86	1,168.73	60.077	0	0	0	0	0	0	0	1	1	0	0	8
2013/12/30-20:33:55	86	1,168.73	60.077	0	0	0	0	0	0	0	1	1	0	0	8
2013/12/30-20:34:22	86	1,168.73	60.077	0	0	0	0	0	0	0	1	1	0	0	9
2013/12/30-20:42:16	87	1,164.797	55.063	0	0	0	0	0	0	0	1	1	0	0	9
2013/12/30-20:42:44	87	1,164.797	55.063	0	0	0	0	0	0	0	1	1	0	0	8
2013/12/30-20:43:11	87	1,164.797	55.063	0	0	1	0	0	0	0	1	0	0	1	8
2013/12/30-20:43:38	87	1,164.797	55.063	0	0	1	0	0	0	0	1	0	0	1	8
2013/12/30-20:44:05	87	1,164.797	55.063	0	0	1	0	0	0	0	1	1	0	0	8
2013/12/31-11:52:44	88	1,175.056	70.269	0	0	1	0	0	0	0	1	0	0	1	8
2013/12/31-11:54:03	88	1,175.056	70.269	0	0	1	0	0	0	0	1	0	0	1	6
2013/12/31-11:54:33	88	1,175.056	70.269	0	0	1	0	0	0	0	1	0	0	1	8
2013/12/31-11:55:06	88	1,175.056	70.269	0	0	1	0	0	0	0	1	0	0	1	8
2013/12/31-11:55:41	88	1,175.056	70.269	0	0	1	0	0	0	0	1	0	0	1	3
2013/12/31-12:03:18	88	1,175.056	70.269	0	0	1	0	0	0	0	1	0	0	1	8
2013/12/31-12:03:45	88	1,175.056	70.269	0	0	1	0	0	0	0	1	0	0	1	8
2013/12/31-12:05:04	88	1,175.056	70.269	0	0	1	0	0	0	0	1	0	0	1	6
2013/12/31-12:06:23	88	1,175.056	70.269	0	0	1	0	0	0	0	1	0	0	1	8
2013/12/31-12:07:41	88	1,175.056	70.269	0	0	1	0	0	0	0	1	0	0	1	3
2013/12/31-12:18:34	88	1,200.017	66.213	0	0	0	0	0	0	0	1	1	0	0	8
2013/12/31-12:19:01	88	1,200.017	66.213	0	0	1	0	0	0	0	1	0	0	1	8
2013/12/31-12:19:27	88	1,200.017	66.213	0	0	1	0	0	0	0	1	0	0	1	4
2013/12/31-12:19:54	88	1,200.017	66.213	0	0	1	0	0	0	0	1	0	0	1	8
2013/12/31-12:20:21	88	1,200.017	66.213	0	0	1	0	0	0	0	1	0	0	1	7
2013/12/31-17:04:37	88	1,184.794	68.126	0	0	1	0	0	0	0	1	0	0	1	3
2013/12/31-17:04:59	88	1,184.794	68.126	0	0	1	0	0	0	0	1	0	0	1	3
2013/12/31-17:05:27	88	1,184.794	68.126	0	0	1	0	0	0	0	1	0	0	1	8
2013/12/31-17:05:58	88	1,184.794	68.126	0	0	1	0	0	0	0	1	0	0	1	8
2013/12/31-17:07:11	88	1,184.794	68.126	0	0	1	0	0	0	0	1	0	0	1	3
2013/12/31-17:07:57	88	1,184.794	68.126	0	0	1	0	0	0	0	1	0	0	1	8
2013/12/31-17:09:16	88	1,184.794	68.126	0	0	1	0	0	0	0	1	0	0	1	8
2013/12/31-17:09:49	88	1,184.794	68.126	0	0	1	0	0	0	0	1	0	0	1	6
2013/12/31-17:10:14	88	1,184.794	68.126	0	0	1	0	0	0	0	1	0	0	1	8
2013/12/31-17:10:41	88	1,184.794	68.126	0	0	1	0	0	0	0	1	0	0	1	3
2013/12/31-17:24:15	90	1,171.469	64.01	0	0	1	0	0	0	0	1	0	0	1	8
2013/12/31-17:25:03	90	1,171.469	64.01	0	0	1	0	0	0	0	1	0	0	1	4
2013/12/31-17:25:26	90	1,171.469	64.01	0	0	1	0	0	0	0	1	0	0	1	4
2013/12/31-17:26:30	90	1,171.469	64.01	0	0	1	0	0	0	0	1	0	0	1	8
2013/12/31-17:27:26	90	1,171.469	64.01	0	0	1	0	0	0	0	1	0	0	1	10
2013/12/31-21:02:21	90	1,177.982	65.651	0	0	1	0	0	0	0	1	0	0	1	8
2013/12/31-21:03:00	90	1,177.982	65.651	0	0	1	0	0	0	0	1	0	0	1	8
2013/12/31-21:03:35	90	1,177.982	65.651	0	0	1	0	0	0	0	1	0	0	1	6
2013/12/31-21:04:47	90	1,177.982	65.651	0	0	1	0	0	0	0	1	0	0	1	6
2013/12/31-21:05:12	90	1,177.982	65.651	0	0	1	0	0	0	0	1	0	0	1	6
2013/12/31-21:13:36	89	1,185.007	64.014	0	0	1	0	0	0	0	1	0	0	1	8
2013/12/31-21:14:55	89	1,185.007	64.014	0	0	1	0	0	0	0	1	0	0	1	8
2013/12/31-21:15:22	89	1,185.007	64.014	0	0	1	0	0	0	0	1	0	0	1	8
2013/12/31-21:15:57	89	1,185.007	64.014	0	0	1	0	0	0	0	1	0	0	1	8
2013/12/31-21:16:23	89	1,185.007	64.014	0	0	1	0	0	0	0	1	0	0	1	8
2013/12/31-21:25:32	89	1,185.007	64.014	0	0	1	0	0	0	0	1	0	0	1	8
2013/12/31-21:26:37	89	1,185.007	64.014	0	0	1	0	0	0	0	1	0	0	1	4
2013/12/31-21:27:04	89	1,185.007	64.014	0	0	1	0	0	0	0	1	0	0	1	8
2013/12/31-21:27:31	89	1,185.007	64.014	0	0	1	0	0	0	0	1	0	0	1	8
2013/12/31-21:28:17	89	1,185.007	64.014	0	0	1	0	0	0	0	1	0	0	1	8
2014/01/01-00:58:09	89	1,186.292	63.184	0	0	1	0	0	0	0	1	0	0	1	3
2014/01/01-00:58:32	89	1,186.292	63.184	0	0	1	0	0	0	0	1	0	0	1	5
2014/01/01-00:59:01	89	1,186.292	63.184	0	0	1	0	0	0	0	1	0	0	1	3
2014/01/01-00:59:35	89	1,186.292	63.184	0	0	1	0	0	0	0	1	0	0	1	4
2014/01/01-01:00:03	89	1,186.292	63.184	0	0	1	0	0	0	0	1	0	0	1	8
2014/01/01-01:17:15	89	1,188.298	62.078	0	0	1	0	0	0	0	1	0	0	1	4
2014/01/01-01:18:34	89	1,188.298	62.078	0	0	1	0	0	0	0	1	0	0	1	8
2014/01/01-01:19:01	89	1,188.298	62.078	0	0	1	0	0	0	0	1	0	0	1	8
2014/01/01-01:19:31	89	1,188.298	62.078	0	0	1	0	0	0	0	1	0	0	1	8
2014/01/01-01:20:05	89	1,188.298	62.078	0	0	1	0	0	0	0	1	0	0	1	8
2014/01/01-01:29:06	89	1,188.298	62.078	0	0	1	0	0	0	0	1	0	0	1	8
2014/01/01-01:29:32	89	1,188.298	62.078	0	0	1	0	0	0	0	1	0	0	1	8
2014/01/01-01:29:59	89	1,188.298	62.078	0	0	1	0	0	0	0	1	0	0	1	6
2014/01/01-01:31:00	89	1,188.298	62.078	0	0	1	0	0	0	0	1	0	0	1	8
2014/01/01-01:31:27	89	1,188.298	62.078	0	0	1	0	0	0	0	1	0	0	1	8
2014/01/01-05:06:36	90	1,181.028	62.631	0	0	1	0	0	0	0	1	0	0	1	3
2014/01/01-05:07:07	90	1,181.028	62.631	0	0	1	0	0	0	0	1	0	0	1	7
2014/01/01-05:08:02	90	1,181.028	62.631	0	0	1	0	0	0	0	1	0	0	1	8
2014/01/01-05:08:37	90	1,181.028	62.631	0	0	1	0	0	0	0	1	0	0	1	3
2014/01/01-05:09:01	90	1,181.028	62.631	0	0	1	0	0	0	0	1	0	0	1	8
2014/01/01-05:26:42	90	1,181.028	62.631	0	0	1	0	0	0	0	1	0	0	1	3
2014/01/01-05:27:11	90	1,181.028	62.631	0	0	1	0	0	0	0	1	0	0	1	8
2014/01/01-05:28:09	90	1,181.028	62.631	0	0	1	0	0	0	0	1	0	0	1	3
2014/01/01-05:28:38	90	1,181.028	62.631	0	0	1	0	0	0	0	1	0	0	1	8
2014/01/01-05:29:06	90	1,181.028	62.631	0	0	1	0	0	0	0	1	0	0	1	6
2014/01/01-05:37:36	92	1,171.383	59.242	0	0	1	0	0	0	0	1	0	0	1	8
2014/01/01-05:38:03	92	1,171.383	59.242	0	0	1	0	0	0	0	1	0	0	1	8
2014/01/01-05:38:29	92	1,171.383	59.242	0	0	1	0	0	0	0	1	0	0	1	8
2014/01/01-05:38:56	92	1,171.383	59.242	0	0	1	0	0	0	0	1	0	0	1	8
2014/01/01-05:39:23	92	1,171.383	59.242	0	0	1	0	0	0	0	1	0	0	1	8
2014/01/01-09:15:16	91	1,172.55	60.982	0	0	1	0	0	0	0	1	0	0	1	8
2014/01/01-09:16:14	91	1,172.55	60.982	0	0	1	0	0	0	0	1	0	0	1	6
2014/01/01-09:16:42	91	1,172.55	60.982	0	0	1	0	0	0	0	1	0	0	1	3
2014/01/01-09:17:17	91	1,172.55	60.982	0	0	1	0	0	0	0	1	0	0	1	5
2014/01/01-09:18:23	91	1,172.55	60.982	0	0	1	0	0	0	0	1	0	0	1	8
2014/01/01-09:25:51	91	1,172.55	60.982	0	0	1	0	0	0	0	1	0	0	1	8
2014/01/01-09:26:27	91	1,172.55	60.982	0	0	1	0	0	0	0	1	0	0	1	3
2014/01/01-09:26:52	91	1,172.55	60.982	0	0	1	0	0	0	0	1	0	0	1	8
2014/01/01-09:27:24	91	1,172.55	60.982	0	0	1	0	0	0	0	1	0	0	1	6
2014/01/01-09:27:57	91	1,172.55	60.982	0	0	1	0	0	0	0	1	0	0	1	8
2014/01/01-09:39:24	91	1,168.064	58.237	0	0	0	0	0	0	0	1	1	0	0	8
2014/01/01-09:39:51	91	1,168.064	58.237	0	0	0	0	0	0	0	1	1	0	0	8
2014/01/01-09:40:18	91	1,168.064	58.237	0	0	0	0	0	0	0	1	1	0	0	6
2014/01/01-09:40:42	91	1,168.064	58.237	0	0	1	0	0	0	0	1	0	0	1	8
2014/01/01-09:41:09	91	1,168.064	58.237	0	0	1	0	0	0	0	1	0	0	1	8
2014/01/01-14:23:44	90	1,196.705	61.815	0	0	1	0	0	0	0	1	0	0	1	8
2014/01/01-14:24:16	90	1,196.705	61.815	0	0	1	0	0	0	0	1	0	0	1	6
2014/01/01-14:24:42	90	1,196.705	61.815	0	0	1	0	0	0	0	1	0	0	1	3
2014/01/01-14:26:01	90	1,196.705	61.815	0	0	1	0	0	0	0	1	0	0	1	5
2014/01/01-14:26:41	90	1,196.705	61.815	0	0	1	0	0	0	0	1	0	0	1	3
2014/01/01-14:27:25	90	1,196.705	61.815	0	0	1	0	0	0	0	1	0	0	1	10
2014/01/01-14:29:22	90	1,196.705	61.815	0	0	1	0	0	0	0	1	0	0	1	8
2014/01/01-14:30:21	90	1,196.705	61.815	0	0	1	0	0	0	0	1	0	0	1	3
2014/01/01-14:31:15	90	1,196.705	61.815	0	0	1	0	0	0	0	1	0	0	1	8
2014/01/01-14:32:26	90	1,196.705	61.815	0	0	1	0	0	0	0	1	0	0	1	8
2014/01/01-14:46:25	90	1,209.876	59.279	0	0	1	0	0	0	0	1	0	0	1	8
2014/01/01-14:46:57	90	1,209.876	59.279	0	0	1	0	0	0	0	1	0	0	1	3
2014/01/01-14:47:21	90	1,209.876	59.279	0	0	1	0	0	0	0	1	0	0	1	8
2014/01/01-14:48:08	90	1,209.876	59.279	0	0	1	0	0	0	0	1	0	0	1	3
2014/01/01-14:48:44	90	1,209.876	59.279	0	0	1	0	0	0	0	1	0	0	1	6
2014/01/02-00:26:23	90	1,198.41	61.864	0	0	1	0	0	0	0	1	0	0	1	3
2014/01/02-00:26:48	90	1,198.41	61.864	0	0	1	0	0	0	0	1	0	0	1	8
2014/01/02-00:28:07	90	1,198.41	61.864	0	0	1	0	0	0	0	1	0	0	1	8
2014/01/02-00:29:26	90	1,198.41	61.864	0	0	1	0	0	0	0	1	0	0	1	8
2014/01/02-00:29:57	90	1,198.41	61.864	0	0	1	0	0	0	0	1	0	0	1	3
2014/01/02-00:47:04	92	1,190.238	60.896	0	0	1	0	0	0	0	1	0	0	1	10
2014/01/02-00:47:34	92	1,190.238	60.896	0	0	1	0	0	0	0	1	0	0	1	3
2014/01/02-00:48:04	92	1,190.238	60.896	0	0	1	0	0	0	0	1	0	0	1	8
2014/01/02-00:48:30	92	1,190.238	60.896	0	0	1	0	0	0	0	1	0	0	1	7
2014/01/02-00:48:57	92	1,190.238	60.896	0	0	1	0	0	0	0	1	0	0	1	8
2014/01/02-01:01:30	92	1,190.238	60.896	0	0	1	0	0	0	0	1	0	0	1	6
2014/01/02-01:01:56	91	1,197.338	58.342	0	0	1	0	0	0	0	1	0	0	1	3
2014/01/02-01:02:32	91	1,197.338	58.342	0	0	1	0	0	0	0	1	0	0	1	3
2014/01/02-01:03:47	91	1,197.338	58.342	0	0	1	0	0	0	0	1	0	0	1	4
2014/01/02-01:04:21	91	1,197.338	58.342	0	0	1	0	0	0	0	1	0	0	1	8
2014/01/02-04:39:50	91	1,196.963	62.117	0	0	1	0	0	0	0	1	0	0	1	3
2014/01/02-04:40:33	91	1,196.963	62.117	0	0	1	0	0	0	0	1	0	0	1	8
2014/01/02-04:41:28	91	1,196.963	62.117	0	0	1	0	0	0	0	1	0	0	1	3
2014/01/02-04:42:47	91	1,196.963	62.117	0	0	1	0	0	0	0	1	0	0	1	8
2014/01/02-04:43:46	91	1,196.963	62.117	0	0	1	0	0	0	0	1	0	0	1	8
2014/01/02-04:59:08	91	1,196.963	62.117	0	0	1	0	0	0	0	1	0	0	1	3
2014/01/02-04:59:38	91	1,196.963	62.117	0	0	1	0	0	0	0	1	0	0	1	8
2014/01/02-05:00:08	91	1,196.963	62.117	0	0	1	0	0	0	0	1	0	0	1	8
2014/01/02-05:00:36	91	1,196.963	62.117	0	0	1	0	0	0	0	1	0	0	1	8
2014/01/02-05:01:55	91	1,196.963	62.117	0	0	1	0	0	0	0	1	0	0	1	7
2014/01/02-05:12:36	90	1,191.235	58.522	0	0	0	0	0	0	0	1	1	0	0	8
2014/01/02-05:13:03	90	1,191.235	58.522	0	0	1	0	0	0	0	1	0	0	1	8
2014/01/02-05:13:30	90	1,191.235	58.522	0	0	1	0	0	0	0	1	0	0	1	8
2014/01/02-05:13:57	90	1,191.235	58.522	0	0	1	0	0	0	0	1	0	0	1	4
2014/01/02-05:14:23	90	1,191.235	58.522	0	0	0	0	0	0	0	1	1	0	0	8
2014/01/02-10:38:41	91	1,199.509	61.986	0	0	1	0	0	0	0	1	0	0	1	3
2014/01/02-10:39:12	91	1,199.509	61.986	0	0	1	0	0	0	0	1	0	0	1	5
2014/01/02-10:39:43	91	1,199.509	61.986	0	0	1	0	0	0	0	1	0	0	1	8
2014/01/02-10:40:59	91	1,199.509	61.986	0	0	1	0	0	0	0	1	0	0	1	8
2014/01/02-10:41:30	91	1,199.509	61.986	0	0	1	0	0	0	0	1	0	0	1	8
2014/01/02-10:42:21	91	1,199.509	61.986	0	0	1	0	0	0	0	1	0	0	1	3
2014/01/02-10:43:40	91	1,199.509	61.986	0	0	1	0	0	0	0	1	0	0	1	8
2014/01/02-10:44:59	91	1,199.509	61.986	0	0	1	0	0	0	0	1	0	0	1	7
2014/01/02-10:46:18	91	1,199.509	61.986	0	0	1	0	0	0	0	1	0	0	1	8
2014/01/02-10:47:37	91	1,199.509	61.986	0	0	1	0	0	0	0	1	0	0	1	8
2014/01/02-11:00:48	91	1,199.509	61.986	0	0	1	0	0	0	0	1	0	0	1	4
2014/01/02-11:01:21	91	1,199.509	61.986	0	0	1	0	0	0	0	1	0	0	1	5
2014/01/02-11:02:00	93	1,187.01	58.265	0	0	1	0	0	0	0	1	0	0	1	8
2014/01/02-11:02:26	93	1,187.01	58.265	0	0	1	0	0	0	0	1	0	0	1	8
2014/01/02-11:02:59	93	1,187.01	58.265	0	0	1	0	0	0	0	1	0	0	1	8
2014/01/02-14:55:25	92	1,196.334	61.501	0	0	1	0	0	0	0	1	0	0	1	8
2014/01/02-14:56:01	92	1,196.334	61.501	0	0	1	0	0	0	0	1	0	0	1	8
2014/01/02-14:57:04	92	1,196.334	61.501	0	0	1	0	0	0	0	1	0	0	1	3
2014/01/02-14:57:33	92	1,196.334	61.501	0	0	1	0	0	0	0	1	0	0	1	8
2014/01/02-14:58:52	92	1,196.334	61.501	0	0	1	0	0	0	0	1	0	0	1	8
2014/01/02-14:59:38	92	1,196.334	61.501	0	0	1	0	0	0	0	1	0	0	1	8
2014/01/02-15:00:50	92	1,196.334	61.501	0	0	1	0	0	0	0	1	0	0	1	8
2014/01/02-15:01:17	92	1,196.334	61.501	0	0	1	0	0	0	0	1	0	0	1	8
2014/01/02-15:01:55	92	1,196.334	61.501	0	0	1	0	0	0	0	1	0	0	1	8
2014/01/02-15:02:32	92	1,196.334	61.501	0	0	1	0	0	0	0	1	0	0	1	3
2014/01/02-15:14:15	92	1,190.642	58.544	0	0	1	0	0	0	0	1	0	0	1	8
2014/01/02-15:14:41	92	1,190.642	58.544	0	0	1	0	0	0	0	1	0	0	1	8
2014/01/02-15:15:08	92	1,190.642	58.544	0	0	1	0	0	0	0	1	1	0	0	6
2014/01/02-15:15:33	92	1,190.642	58.544	0	0	1	0	0	0	0	1	0	0	1	8
2014/01/02-15:16:00	92	1,190.642	58.544	0	0	1	0	0	0	0	1	0	0	1	8
2014/01/02-18:58:59	90	1,214.751	60.618	0	0	1	0	0	0	0	1	0	0	1	3
2014/01/02-18:59:38	90	1,211.843	60.501	0	0	1	0	0	0	0	1	0	0	1	8
2014/01/02-19:00:57	90	1,211.843	60.501	0	0	1	0	0	0	0	1	0	0	1	8
2014/01/02-19:02:16	90	1,211.843	60.501	0	0	1	0	0	0	0	1	0	0	1	8
2014/01/02-19:02:53	90	1,211.843	60.501	0	0	1	0	0	0	0	1	0	0	1	8
2014/01/02-19:04:18	90	1,211.843	60.501	0	0	1	0	0	0	0	1	0	0	1	8
2014/01/02-22:10:01	90	1,211.843	60.501	0	0	1	0	0	0	0	1	0	0	1	3
2014/01/02-22:11:22	90	1,211.843	60.501	0	0	1	0	0	0	0	1	0	1	0	3
2014/01/02-22:11:43	90	1,211.843	60.501	0	0	1	0	0	0	0	1	0	0	1	8
2014/01/02-22:12:56	90	1,211.843	60.501	0	0	1	0	0	0	0	1	0	0	1	8
2014/01/02-22:31:31	90	1,211.843	60.501	0	0	1	0	0	0	0	1	0	0	1	8
2014/01/02-22:31:58	90	1,211.843	60.501	0	0	1	0	0	0	0	1	0	0	1	8
2014/01/02-22:32:25	90	1,211.843	60.501	0	0	1	0	0	0	0	1	0	0	1	8
2014/01/02-22:32:52	90	1,211.843	60.501	0	0	1	0	0	0	0	1	0	0	1	8
2014/01/02-22:33:19	90	1,211.843	60.501	0	0	1	0	0	0	0	1	0	0	1	8
2014/01/03-03:11:42	91	1,172.592	61.839	0	0	1	0	0	0	0	1	0	0	1	3
2014/01/03-03:12:17	91	1,172.592	61.839	0	0	1	0	0	0	0	1	0	0	1	6
2014/01/03-03:12:43	91	1,172.592	61.839	0	0	1	0	0	0	0	1	0	0	1	3
2014/01/03-03:13:32	91	1,172.592	61.839	0	0	1	0	0	0	0	1	0	0	1	10
2014/01/03-03:14:02	91	1,172.592	61.839	0	0	1	0	0	0	0	1	0	0	1	8
2014/01/03-03:14:59	91	1,172.592	61.839	0	0	1	0	0	0	0	1	0	0	1	3
2014/01/03-03:15:22	91	1,172.592	61.839	0	0	1	0	0	0	0	1	0	0	1	4
2014/01/03-03:15:58	91	1,172.592	61.839	0	0	1	0	0	0	0	1	0	0	1	8
2014/01/03-03:16:40	91	1,172.592	61.839	0	0	1	0	0	0	0	1	0	0	1	8
2014/01/03-03:17:18	91	1,172.592	61.839	0	0	1	0	0	0	0	1	0	0	1	3
2014/01/03-03:31:55	92	1,170.13	59.126	0	0	1	0	0	0	0	1	0	0	1	3
2014/01/03-03:32:25	92	1,170.13	59.126	0	0	1	0	0	0	0	1	0	0	1	8
2014/01/03-03:32:52	92	1,170.13	59.126	0	0	1	0	0	0	0	1	0	0	1	8
2014/01/03-03:33:19	92	1,170.13	59.126	0	0	1	0	0	0	0	1	1	0	0	7
2014/01/03-03:33:45	92	1,170.13	59.126	0	0	1	0	0	0	0	1	0	0	1	8
2014/01/03-07:28:32	92	1,179.133	62.192	0	0	1	0	0	0	0	1	0	0	1	3
2014/01/03-07:29:20	92	1,179.133	62.192	0	0	1	0	0	0	0	1	0	0	1	5
2014/01/03-07:30:39	92	1,179.133	62.192	0	0	1	0	0	0	0	1	0	0	1	8
2014/01/03-07:31:06	92	1,179.133	62.192	0	0	1	0	0	0	0	1	0	0	1	8
2014/01/03-07:31:53	92	1,179.133	62.192	0	0	1	0	0	0	0	1	0	0	1	4
2014/01/03-07:32:36	92	1,179.133	62.192	0	0	1	0	0	0	0	1	0	0	1	8
2014/01/03-07:33:32	92	1,179.133	62.192	0	0	1	0	0	0	0	1	0	0	1	8
2014/01/03-07:34:25	92	1,179.133	62.192	0	0	1	0	0	0	0	1	0	0	1	8
2014/01/03-07:34:52	92	1,179.133	62.192	0	0	1	0	0	0	0	1	0	1	0	3
2014/01/03-07:35:13	92	1,179.133	62.192	0	0	1	0	0	0	0	1	0	0	1	3
2014/01/03-07:50:38	92	1,179.133	62.192	0	0	1	0	0	0	0	1	0	0	1	8
2014/01/03-07:51:04	92	1,179.133	62.192	0	0	1	0	0	0	0	1	0	0	1	8
2014/01/03-07:51:31	92	1,179.133	62.192	0	0	1	0	0	0	0	1	0	0	1	8
2014/01/03-07:51:58	92	1,179.133	62.192	0	0	1	0	0	0	0	1	1	0	0	8
2014/01/03-07:52:25	92	1,179.133	62.192	0	0	1	0	0	0	0	1	0	0	1	8
2014/01/04-15:20:57	91	1,204.508	67.298	0	0	1	0	0	0	0	1	0	0	1	3
2014/01/04-15:21:23	91	1,204.508	67.298	0	0	1	0	0	0	0	1	0	0	1	7
2014/01/04-15:21:49	91	1,204.508	67.298	0	0	1	0	0	0	0	1	0	0	1	7
2014/01/04-15:22:16	91	1,204.508	67.298	0	0	1	0	0	0	0	1	0	0	1	7
2014/01/04-15:22:42	91	1,204.508	67.298	0	0	1	0	0	0	0	1	0	0	1	6
2014/01/04-15:27:49	91	1,204.508	67.298	0	0	1	0	0	0	0	1	0	0	1	7
2014/01/04-15:28:16	91	1,204.508	67.298	0	0	1	0	0	0	0	1	0	0	1	7
2014/01/04-15:28:42	91	1,204.508	67.298	0	0	1	0	0	0	0	1	0	0	1	7
2014/01/04-15:29:08	91	1,204.508	67.298	0	0	1	0	0	0	0	1	0	0	1	7
2014/01/04-15:29:34	91	1,204.508	67.298	0	0	1	0	0	0	0	1	0	0	1	7
2014/01/04-15:36:49	91	1,204.508	67.298	0	0	1	0	0	0	0	1	0	0	1	7
2014/01/04-15:37:16	91	1,204.508	67.298	0	0	1	0	0	0	0	1	0	0	1	7
2014/01/04-15:37:42	91	1,204.508	67.298	0	0	1	0	0	0	0	1	0	0	1	7
2014/01/04-15:38:09	91	1,204.508	67.298	0	0	1	0	0	0	0	1	0	0	1	7
2014/01/04-15:38:35	91	1,213.031	59.348	0	0	1	0	0	0	0	1	0	0	1	6
2014/01/04-21:27:25	91	1,207.59	64.929	0	0	1	0	0	0	0	1	0	0	1	7
2014/01/04-21:27:52	91	1,207.59	64.929	0	0	1	0	0	0	0	1	0	0	1	7
2014/01/04-21:28:19	89	1,217.125	63.316	0	0	1	0	0	0	0	1	0	0	1	7
2014/01/04-21:28:45	89	1,217.125	63.316	0	0	1	0	0	0	0	1	0	0	1	7
2014/01/04-21:29:12	89	1,217.125	63.316	0	0	1	0	0	0	0	1	0	0	1	7
2014/01/04-21:41:03	89	1,217.125	63.316	0	0	1	0	0	0	0	1	0	0	1	7
2014/01/04-21:41:30	89	1,217.125	63.316	0	0	1	0	0	0	0	1	0	0	1	7
2014/01/04-21:41:56	89	1,217.125	63.316	0	0	1	0	0	0	0	1	0	0	1	7
2014/01/04-21:42:48	89	1,217.125	63.316	0	0	1	0	0	0	0	1	0	0	1	7
2014/01/04-21:43:15	89	1,217.125	63.316	0	0	1	0	0	0	0	1	0	0	1	4
2014/01/04-21:44:40	89	1,217.125	63.316	0	0	1	0	0	0	0	1	0	0	1	7
2014/01/04-21:50:01	89	1,217.125	63.316	0	0	1	0	0	0	0	1	0	0	1	7
2014/01/04-21:50:27	89	1,217.125	63.316	0	0	1	0	0	0	0	1	0	0	1	7
2014/01/04-21:50:54	89	1,217.125	63.316	0	0	1	0	0	0	0	1	0	0	1	7
2014/01/04-21:51:21	93	1,187.04	56.726	0	0	1	0	0	0	0	1	0	0	1	7
2014/01/04-21:51:49	93	1,187.04	56.726	0	0	1	0	0	0	0	1	0	0	1	7
