2013/09/02-21:42:16	46	1,500	352.012	6	0	0	0	0	0	1	1	0	0	1	27
2013/09/02-21:43:02	46	1,500	352.012	0	0	1	0	0	0	0	1	0	0	1	4
2013/09/02-21:43:25	46	1,500	352.012	0	0	1	0	0	0	0	1	0	0	1	17
2013/09/02-21:44:42	46	1,500	352.012	2	0	1	0	0	0	0	1	0	0	1	18
2013/09/02-21:45:48	46	1,500	352.012	3	0	0	0	0	0	1	1	0	0	1	14
2013/09/02-22:28:52	46	1,500	352.012	1	0	1	0	1	0	0	1	0	0	1	4
2013/09/02-22:29:18	46	1,500	352.012	1	0	1	0	0	0	0	1	0	0	1	6
2013/09/02-22:29:43	46	1,500	352.012	1	0	1	0	1	0	0	1	0	0	1	6
2013/09/02-22:30:08	46	1,500	352.012	0	0	0	0	0	0	0	1	1	0	0	7
2013/09/02-22:30:33	46	1,500	352.012	2	0	0	0	0	0	0	1	1	0	0	19
2013/09/02-22:47:21	36	1,590.062	265.281	1	0	0	0	0	0	1	1	0	0	1	3
2013/09/02-22:48:01	36	1,590.062	265.281	4	0	1	0	1	0	0	1	0	0	1	31
2013/09/02-22:48:52	36	1,590.062	265.281	0	0	1	0	0	0	0	1	0	0	1	14
2013/09/02-22:49:53	36	1,590.062	265.281	2	0	1	0	1	0	0	1	0	0	1	16
2013/09/02-22:50:28	36	1,590.062	265.281	1	0	1	0	0	0	0	1	0	0	1	5
2013/09/03-00:45:41	21	1,829.79	221.02	1	0	0	0	0	0	0	1	1	0	0	6
2013/09/03-00:46:06	21	1,829.79	221.02	1	0	0	0	1	0	1	1	0	0	1	4
2013/09/03-00:46:29	21	1,829.79	221.02	1	0	0	0	0	0	0	1	1	0	0	6
2013/09/03-00:46:53	21	1,829.79	221.02	5	0	0	0	0	0	1	1	0	0	1	24
2013/09/03-00:47:37	21	1,829.79	221.02	4	0	0	0	1	0	0	1	1	0	0	19
2013/09/03-00:54:47	21	1,829.79	221.02	0	0	1	0	0	0	0	1	0	0	1	8
2013/09/03-00:55:14	21	1,829.79	221.02	1	0	1	0	0	0	0	1	0	0	1	3
2013/09/03-00:55:56	21	1,829.79	221.02	2	0	0	0	0	0	1	1	0	0	1	32
2013/09/03-00:56:47	21	1,829.79	221.02	1	0	0	0	0	0	1	1	0	0	1	3
2013/09/03-00:57:36	21	1,829.79	221.02	0	0	1	0	0	0	0	1	0	0	1	9
2013/09/03-01:10:18	58	1,341.039	193.059	1	0	1	1	0	0	0	1	0	0	1	26
2013/09/03-01:11:21	58	1,341.039	193.059	0	0	1	0	0	0	0	1	0	0	1	20
2013/09/03-01:12:01	58	1,341.039	193.059	0	0	1	0	0	0	0	1	0	0	1	4
2013/09/03-01:13:12	58	1,341.039	193.059	0	0	1	0	0	0	0	1	0	0	1	3
2013/09/03-01:13:35	58	1,341.039	193.059	1	0	0	0	0	0	1	1	0	0	1	3
2013/09/03-19:08:00	47	1,484.009	172.573	1	0	1	0	0	0	0	1	0	0	1	19
2013/09/03-19:08:38	47	1,484.009	172.573	4	0	1	0	0	0	0	1	0	0	1	59
2013/09/03-19:09:55	47	1,484.009	172.573	1	0	0	0	0	0	1	1	0	0	1	3
2013/09/03-19:10:25	47	1,484.009	172.573	0	0	1	0	0	0	0	1	0	0	1	28
2013/09/03-19:11:11	47	1,484.009	172.573	1	0	0	0	1	0	1	1	0	0	1	3
2013/09/03-19:14:31	45	1,494.308	143.255	1	0	0	0	0	0	0	1	0	1	0	60
2013/09/03-19:15:50	45	1,494.308	143.255	1	0	0	0	0	0	1	1	0	0	1	3
2013/09/03-19:16:21	45	1,494.308	143.255	1	0	1	0	0	0	0	1	0	0	1	6
2013/09/03-19:16:46	45	1,494.308	143.255	4	0	1	0	0	0	0	1	0	0	1	54
2013/09/03-19:18:05	45	1,494.308	143.255	6	0	0	0	0	0	0	1	0	0	1	60
2013/09/03-19:28:22	45	1,494.308	143.255	0	0	1	0	0	0	0	1	0	0	1	6
2013/09/03-19:29:41	45	1,494.308	143.255	1	0	0	0	0	0	1	1	0	0	1	6
2013/09/03-19:30:09	45	1,494.308	143.255	0	0	1	0	0	0	0	1	0	0	1	12
2013/09/03-19:31:28	45	1,494.308	143.255	2	0	0	0	0	0	0	1	1	0	0	60
2013/09/03-19:32:47	45	1,494.308	143.255	0	0	0	0	0	0	0	1	0	0	1	60
2013/09/03-20:02:37	54	1,387.193	116.492	1	0	0	0	0	0	1	1	0	0	1	4
2013/09/03-20:03:00	54	1,387.193	116.492	1	0	0	0	0	0	1	1	0	0	1	5
2013/09/03-20:03:39	54	1,387.193	116.492	0	0	0	0	0	0	0	1	1	0	0	9
2013/09/03-20:04:06	54	1,387.193	116.492	1	0	0	0	1	0	1	1	0	0	1	3
2013/09/03-20:04:28	54	1,387.193	116.492	1	0	0	0	0	0	1	1	0	0	1	3
2013/09/03-20:17:54	54	1,387.193	116.492	0	0	1	0	0	0	0	1	0	0	1	5
2013/09/03-20:18:18	54	1,387.193	116.492	1	0	0	0	0	0	1	1	0	0	1	3
2013/09/03-20:18:44	54	1,387.193	116.492	1	0	0	0	0	0	0	1	1	0	0	21
2013/09/03-20:19:23	54	1,387.193	116.492	3	0	0	0	0	0	1	1	0	0	1	55
2013/09/03-20:20:37	54	1,387.193	116.492	2	0	1	0	0	0	0	1	0	0	1	7
2013/09/03-20:29:58	62	1,266.894	97.041	1	0	1	0	0	0	0	1	0	0	1	3
2013/09/03-20:30:24	62	1,266.894	97.041	1	0	0	0	1	0	1	1	0	0	1	3
2013/09/03-20:30:49	62	1,266.894	97.041	0	0	1	0	0	0	0	1	0	0	1	20
2013/09/03-20:31:47	62	1,266.894	97.041	3	0	1	1	0	0	0	1	0	0	1	32
2013/09/03-20:32:38	62	1,266.894	97.041	1	0	1	0	0	0	0	1	0	0	1	13
2013/09/04-15:35:08	64	1,213.272	92.167	1	0	1	0	0	0	0	1	0	0	1	16
2013/09/04-15:35:43	64	1,213.272	92.167	0	0	1	0	0	0	0	1	0	0	1	3
2013/09/04-15:36:05	64	1,213.272	92.167	1	0	0	0	0	0	1	1	0	0	1	3
2013/09/04-15:36:27	64	1,213.272	92.167	3	0	1	1	0	0	0	1	0	0	1	16
2013/09/04-15:37:02	62	1,227.431	85.496	10	0	0	0	1	0	1	1	0	0	1	59
2013/09/04-15:53:19	62	1,227.431	85.496	6	0	0	0	0	0	0	1	1	0	0	60
2013/09/04-15:54:38	62	1,227.431	85.496	1	0	0	0	0	0	1	1	0	0	1	3
2013/09/04-15:54:59	62	1,227.431	85.496	2	0	1	0	1	0	0	1	0	0	1	34
2013/09/04-15:55:52	62	1,227.431	85.496	1	0	0	0	0	0	1	1	0	0	1	3
2013/09/04-15:56:16	62	1,227.431	85.496	1	0	0	0	0	0	0	1	1	0	0	60
2013/09/04-16:09:06	62	1,283.991	78.646	0	0	0	0	0	0	0	1	1	0	0	11
2013/09/04-16:09:36	62	1,283.991	78.646	1	0	1	0	0	0	0	1	0	0	1	5
2013/09/04-16:10:19	62	1,283.991	78.646	0	0	1	0	0	0	0	1	0	0	1	5
2013/09/04-16:10:43	62	1,283.991	78.646	8	0	0	6	0	0	0	1	1	0	0	60
2013/09/04-16:12:02	62	1,283.991	78.646	2	0	0	0	0	0	1	1	0	0	1	13
2013/09/04-20:48:57	58	1,331.642	78.499	1	0	1	0	1	0	0	1	0	0	1	3
2013/09/04-20:49:22	58	1,331.642	78.499	0	0	1	0	0	0	0	1	0	0	1	3
2013/09/04-20:49:44	58	1,331.642	78.499	1	0	1	0	0	0	0	1	0	0	1	6
2013/09/04-20:50:30	58	1,331.642	78.499	1	0	0	0	0	0	0	1	1	0	0	6
2013/09/04-20:50:55	58	1,331.642	78.499	4	0	0	0	1	0	0	1	1	0	0	21
2013/09/04-21:06:34	56	1,347.665	72.619	7	0	0	2	0	0	0	1	1	0	0	60
2013/09/04-21:07:54	56	1,347.665	72.619	7	0	0	0	0	0	0	1	1	0	0	60
2013/09/04-21:09:12	56	1,347.665	72.619	1	0	1	0	0	0	0	1	0	0	1	3
2013/09/04-21:10:31	56	1,347.665	72.619	0	0	1	0	0	0	0	1	0	0	1	9
2013/09/04-21:10:58	56	1,347.665	72.619	0	0	0	0	0	0	0	1	0	0	1	60
2013/09/04-21:25:53	56	1,347.665	72.619	0	0	1	0	0	0	0	1	0	0	1	7
2013/09/04-21:26:19	56	1,347.665	72.619	1	0	0	0	0	0	1	1	0	0	1	3
2013/09/04-21:26:43	56	1,347.665	72.619	0	0	1	0	0	0	0	1	0	0	1	3
2013/09/04-21:27:13	56	1,347.665	72.619	3	0	1	4	0	0	0	1	0	0	1	59
2013/09/04-21:28:33	56	1,347.665	72.619	0	0	0	0	0	0	0	1	1	0	0	6
2013/09/05-02:51:41	53	1,373.115	70.678	1	0	0	0	1	0	1	1	0	0	1	3
2013/09/05-02:52:09	54	1,363.694	69.645	2	0	0	0	1	0	1	1	0	0	1	8
2013/09/05-02:53:20	54	1,363.694	69.645	6	0	0	0	0	0	0	1	1	0	0	60
2013/09/05-02:54:39	54	1,363.694	69.645	2	0	1	0	0	0	0	1	0	0	1	8
2013/09/05-02:55:57	54	1,363.694	69.645	1	0	0	0	0	0	1	1	0	0	1	3
2013/09/05-03:03:14	54	1,363.694	69.645	11	0	0	0	0	0	0	1	1	0	0	60
2013/09/05-03:04:33	54	1,363.694	69.645	7	0	0	3	0	0	0	1	1	0	0	60
2013/09/05-03:05:52	54	1,363.694	69.645	1	0	1	0	0	0	0	1	0	0	1	4
2013/09/05-03:06:15	54	1,363.694	69.645	1	0	0	0	0	0	1	1	0	0	1	3
2013/09/05-03:06:36	54	1,363.694	69.645	0	0	0	0	0	0	0	1	1	0	0	7
2013/09/05-03:20:55	57	1,340.065	62.942	12	0	0	0	0	0	0	1	1	0	0	60
2013/09/05-03:22:14	57	1,340.065	62.942	0	0	1	0	0	0	0	1	0	0	1	9
2013/09/05-03:22:44	57	1,340.065	62.942	1	0	0	0	1	0	1	1	0	0	1	3
2013/09/05-03:23:06	57	1,340.065	62.942	1	0	0	0	0	0	1	1	0	0	1	3
2013/09/05-03:23:47	57	1,340.065	62.942	1	0	0	0	1	0	1	1	0	0	1	3
2013/09/06-00:12:53	58	1,321.589	64.877	3	0	0	0	1	0	0	1	1	0	0	28
2013/09/06-00:13:40	57	1,334.441	64.158	7	0	0	1	0	0	0	1	0	0	1	60
2013/09/06-00:14:59	57	1,334.441	64.158	12	0	0	5	0	0	0	1	1	0	0	60
2013/09/06-00:16:17	57	1,334.441	64.158	6	0	0	2	1	0	0	1	1	0	0	60
2013/09/06-00:17:36	57	1,334.441	64.158	6	0	0	1	0	0	0	1	1	0	0	60
2013/09/06-00:42:41	57	1,334.441	64.158	5	0	0	1	1	0	0	1	1	0	0	28
2013/09/06-00:43:28	57	1,334.441	64.158	2	0	0	1	0	0	0	1	1	0	0	60
2013/09/06-00:44:47	57	1,334.441	64.158	3	0	0	0	0	0	0	1	0	0	1	60
2013/09/06-00:46:05	57	1,334.441	64.158	5	0	1	1	0	0	0	1	0	0	1	45
2013/09/06-00:47:24	57	1,334.441	64.158	6	0	0	1	0	0	0	1	1	0	0	60
2013/09/06-01:04:52	53	1,400.779	58.638	9	0	0	1	0	0	0	1	0	0	1	60
2013/09/06-01:06:11	53	1,400.779	58.638	3	0	1	0	0	0	0	1	0	0	1	22
2013/09/06-01:07:08	53	1,400.779	58.638	3	0	0	0	0	0	0	1	1	0	0	25
2013/09/06-01:07:52	53	1,400.779	58.638	6	0	0	0	1	0	0	1	1	0	0	57
2013/09/06-01:09:08	53	1,400.779	58.638	4	0	1	1	0	0	0	1	0	0	1	50
2013/09/07-11:28:10	51	1,421.575	65.547	12	0	0	2	0	0	0	1	1	0	0	60
2013/09/07-11:29:29	51	1,421.575	65.547	0	0	0	0	0	0	0	1	1	0	0	17
2013/09/07-11:30:05	51	1,421.575	65.547	2	0	0	1	0	0	0	1	1	0	0	20
2013/09/07-11:30:44	51	1,421.575	65.547	8	0	0	3	1	0	0	1	1	0	0	48
2013/09/07-11:31:51	51	1,421.575	65.547	12	0	0	2	0	0	0	1	0	0	1	60
2013/09/07-12:53:36	51	1,421.575	65.547	6	0	1	0	1	0	0	1	0	0	1	29
2013/09/07-12:54:36	51	1,421.575	65.547	8	0	0	3	2	0	0	1	1	0	0	30
2013/09/07-12:55:24	48	1,453.279	60.913	8	0	0	4	0	0	0	1	1	0	0	60
2013/09/07-12:56:43	48	1,453.279	60.913	2	0	1	1	0	0	0	1	0	0	1	24
2013/09/07-12:57:27	48	1,453.279	60.913	3	0	1	1	0	0	0	1	0	0	1	24
2013/09/07-13:27:38	48	1,453.279	60.913	3	0	0	0	0	0	0	1	0	0	1	60
2013/09/07-13:28:56	48	1,453.279	60.913	0	0	1	0	0	0	0	1	0	0	1	10
2013/09/07-13:29:51	48	1,453.279	60.913	10	0	0	2	0	0	0	1	1	0	0	60
2013/09/07-13:31:10	48	1,453.279	60.913	8	0	0	4	0	0	0	1	1	0	0	54
2013/09/07-13:32:22	48	1,453.279	60.913	4	0	0	1	0	0	0	1	1	0	0	13
2013/09/08-23:06:15	46	1,463.598	60.507	1	0	1	0	0	0	0	1	0	0	1	20
2013/09/08-23:07:34	46	1,463.598	60.507	1	0	0	1	0	0	0	1	1	0	0	60
2013/09/08-23:08:53	46	1,463.598	60.507	2	0	1	0	0	0	0	1	0	0	1	26
2013/09/08-23:09:55	46	1,463.598	60.507	0	0	1	0	0	0	0	1	0	0	1	6
2013/09/08-23:11:13	46	1,463.598	60.507	7	0	0	1	0	0	0	1	0	0	1	60
2013/09/09-00:34:31	46	1,476.961	57.728	0	0	1	0	0	0	0	1	0	0	1	23
2013/09/09-00:49:16	46	1,476.961	57.728	8	0	0	0	1	0	0	1	1	0	0	60
2013/09/09-00:50:42	46	1,476.961	57.728	2	0	0	0	0	0	1	1	0	0	1	49
2013/09/09-00:51:58	46	1,476.961	57.728	6	0	0	1	0	0	0	1	0	0	1	60
2013/09/09-00:53:17	46	1,476.961	57.728	0	0	0	1	0	0	0	1	0	0	1	60
2013/09/09-01:03:59	46	1,476.961	57.728	1	0	1	0	0	0	0	1	0	0	1	19
2013/09/09-01:04:45	46	1,476.961	57.728	3	0	0	1	0	0	0	1	0	0	1	60
2013/09/09-01:06:04	46	1,476.961	57.728	1	0	0	1	0	0	0	1	0	0	1	60
2013/09/09-01:07:23	46	1,476.961	57.728	3	0	1	0	0	0	0	1	0	0	1	48
2013/09/09-01:08:30	46	1,476.961	57.728	0	0	1	0	0	0	0	1	0	0	1	58
2013/09/10-18:12:23	46	1,479.83	61.507	1	0	0	0	0	0	1	1	0	0	1	15
2013/09/10-18:13:08	46	1,479.83	61.507	1	0	0	0	0	0	0	1	1	0	0	11
2013/09/10-18:13:37	46	1,479.83	61.507	1	0	1	0	0	0	0	1	0	0	1	39
2013/09/10-18:14:56	46	1,479.83	61.507	2	0	0	0	0	0	0	1	0	0	1	60
2013/09/10-18:16:15	46	1,479.83	61.507	1	0	0	0	0	0	0	1	0	0	1	60
2013/09/10-19:15:22	46	1,479.83	61.507	3	0	0	1	0	0	0	1	0	0	1	60
2013/09/10-19:16:41	46	1,479.83	61.507	2	0	0	0	0	0	0	1	0	0	1	60
2013/09/10-19:18:00	46	1,479.83	61.507	2	0	0	0	0	0	0	1	1	0	0	47
2013/09/10-19:19:06	46	1,479.83	61.507	1	0	0	0	0	0	0	1	1	0	0	42
2013/09/10-19:20:07	46	1,479.83	61.507	2	0	0	0	0	0	0	1	0	0	1	60
2013/09/10-19:40:56	43	1,515.277	56.193	2	0	0	1	0	0	0	1	1	0	0	60
2013/09/10-19:42:16	43	1,515.277	56.193	6	0	0	1	0	0	0	1	1	0	0	60
2013/09/10-19:43:35	43	1,515.277	56.193	1	0	0	0	0	0	0	1	1	0	0	10
2013/09/10-19:44:04	43	1,515.277	56.193	2	0	0	0	0	0	0	1	0	0	1	60
2013/09/10-19:45:24	43	1,515.277	56.193	3	0	0	0	0	0	0	1	1	0	0	60
2013/09/11-09:22:04	39	1,553.155	62.326	1	0	0	0	0	0	1	1	0	0	1	9
2013/09/11-09:23:23	39	1,553.155	62.326	3	0	1	0	0	0	0	1	0	0	1	52
2013/09/11-09:24:42	39	1,553.155	62.326	1	0	1	0	0	0	0	1	0	0	1	15
2013/09/11-09:25:55	39	1,553.155	62.326	3	0	0	0	0	0	0	1	0	0	1	60
2013/09/11-09:27:14	39	1,553.155	62.326	3	0	1	1	0	0	0	1	0	0	1	22
2013/09/11-09:28:39	39	1,553.155	62.326	6	0	0	3	0	0	0	1	1	0	0	60
2013/09/11-09:29:58	39	1,553.155	62.326	5	0	0	2	0	0	0	1	1	0	0	60
2013/09/11-09:31:16	39	1,553.155	62.326	1	0	0	1	0	0	0	1	0	0	1	60
2013/09/11-09:32:35	39	1,553.155	62.326	6	0	1	1	0	0	0	1	0	0	1	49
2013/09/11-09:33:43	39	1,553.155	62.326	1	0	0	0	0	0	1	1	0	0	1	9
2013/09/11-09:57:41	39	1,553.155	62.326	8	0	0	2	0	0	0	1	1	0	0	59
2013/09/11-09:59:00	39	1,553.155	62.326	3	0	1	0	0	0	0	1	0	0	1	39
2013/09/11-09:59:58	39	1,553.155	62.326	5	0	0	0	0	0	1	1	0	0	1	30
2013/09/11-10:00:47	39	1,553.155	62.326	1	0	1	1	0	0	0	1	0	0	1	17
2013/09/11-10:01:43	39	1,553.155	62.326	6	0	0	1	0	0	0	1	0	0	1	60
2013/09/11-22:46:35	42	1,534.314	63.537	0	0	1	0	0	0	0	1	0	0	1	6
2013/09/11-22:47:55	42	1,534.314	63.537	8	0	1	1	0	0	0	1	0	0	1	56
2013/09/11-22:49:09	42	1,534.314	63.537	3	0	1	0	0	0	0	1	0	0	1	34
2013/09/11-22:50:01	42	1,534.314	63.537	2	0	0	0	0	0	0	1	0	0	1	60
2013/09/11-22:51:20	42	1,534.314	63.537	0	0	1	0	0	0	0	1	0	0	1	6
2013/09/11-23:12:41	44	1,529.467	59.988	1	0	1	1	0	0	0	1	0	0	1	53
2013/09/11-23:13:53	44	1,529.467	59.988	2	0	1	0	0	0	0	1	0	0	1	33
2013/09/11-23:14:53	44	1,529.467	59.988	2	0	1	0	0	0	0	1	0	0	1	39
2013/09/11-23:15:51	44	1,529.467	59.988	3	0	0	1	0	0	0	1	0	0	1	60
2013/09/11-23:17:09	44	1,529.467	59.988	1	0	0	1	0	0	0	1	1	0	0	25
2013/09/12-00:23:28	44	1,529.467	59.988	2	0	1	0	0	0	0	1	0	0	1	40
2013/09/12-00:24:28	44	1,529.467	59.988	0	0	1	0	0	0	0	1	0	0	1	19
2013/09/12-00:25:17	44	1,529.467	59.988	1	0	1	0	0	0	0	1	0	0	1	18
2013/09/12-00:26:17	44	1,529.467	59.988	0	0	1	0	0	0	0	1	0	0	1	6
2013/09/12-00:27:36	44	1,529.467	59.988	6	0	0	1	0	0	0	1	0	0	1	60
2013/09/13-18:59:02	46	1,517.909	73.152	1	0	0	1	0	0	0	1	0	0	1	60
2013/09/13-19:00:27	46	1,517.909	73.152	3	0	1	0	0	0	0	1	0	0	1	20
2013/09/13-19:01:18	46	1,517.909	73.152	2	0	0	1	0	0	0	1	1	0	0	52
2013/09/13-19:02:29	46	1,517.909	73.152	3	0	0	1	0	0	1	1	0	0	1	16
2013/09/13-19:03:04	46	1,517.909	73.152	1	0	0	2	0	0	0	1	1	0	0	47
2013/09/13-19:32:24	42	1,553.754	68.172	3	0	0	1	0	0	1	1	0	0	1	35
2013/09/13-19:33:19	42	1,553.754	68.172	6	0	0	0	0	0	0	1	0	0	1	60
2013/09/13-19:34:38	42	1,553.754	68.172	6	0	0	1	0	0	0	1	0	0	1	60
2013/09/13-19:35:57	42	1,553.754	68.172	2	0	0	0	0	0	1	1	0	0	1	16
2013/09/13-19:36:32	42	1,553.754	68.172	1	0	1	0	0	0	0	1	0	0	1	36
2013/09/13-19:59:17	42	1,553.562	63.845	1	0	0	0	0	0	1	1	0	0	1	3
2013/09/13-20:00:17	42	1,553.562	63.845	3	0	1	0	0	0	0	1	0	0	1	58
2013/09/13-20:01:34	42	1,553.562	63.845	0	0	1	0	0	0	0	1	0	0	1	6
2013/09/13-20:02:53	42	1,553.562	63.845	0	0	1	0	0	0	0	1	0	0	1	16
2013/09/13-20:03:52	42	1,553.562	63.845	0	0	1	0	0	0	0	1	0	0	1	17
2013/09/14-01:08:23	48	1,526.835	64.3	0	0	1	0	0	0	0	1	0	0	1	17
2013/09/14-01:08:59	48	1,526.835	64.3	2	0	1	0	0	0	0	1	0	0	1	16
2013/09/14-01:10:17	48	1,526.835	64.3	3	0	0	1	0	0	0	1	0	0	1	60
2013/09/14-01:11:36	48	1,526.835	64.3	3	0	0	1	0	0	1	1	0	0	1	26
2013/09/14-01:12:20	48	1,526.835	64.3	3	0	1	0	0	0	0	1	0	0	1	42
2013/09/14-01:28:54	42	1,543.824	62.476	4	0	0	0	0	0	0	1	1	0	0	33
2013/09/14-01:29:45	42	1,543.824	62.476	5	0	0	1	1	0	0	1	1	0	0	24
2013/09/14-01:30:28	42	1,543.824	62.476	3	0	0	0	0	0	0	1	1	0	0	34
2013/09/14-01:31:21	42	1,543.824	62.476	1	0	0	0	0	0	0	1	1	0	0	10
2013/09/14-01:31:50	42	1,543.824	62.476	6	0	0	3	1	0	0	1	1	0	0	50
2013/09/14-01:48:09	42	1,543.824	62.476	6	0	1	1	0	0	0	1	0	0	1	49
2013/09/14-01:49:28	42	1,543.824	62.476	2	0	0	0	0	0	0	1	0	0	1	60
2013/09/14-01:50:46	42	1,543.824	62.476	1	0	1	1	0	0	0	1	0	0	1	17
2013/09/14-01:51:54	42	1,543.824	62.476	8	0	0	2	0	0	0	1	0	0	1	60
2013/09/14-01:53:13	42	1,543.824	62.476	3	0	0	0	0	0	0	1	1	0	0	44
2013/09/14-04:22:41	39	1,555.676	61.305	1	0	0	0	0	0	1	1	0	0	1	9
2013/09/14-04:23:25	39	1,555.676	61.305	9	0	0	2	0	0	0	1	0	0	1	60
2013/09/14-04:24:43	39	1,555.676	61.305	4	0	0	1	0	0	1	1	0	0	1	25
2013/09/14-04:25:27	39	1,555.676	61.305	1	0	1	0	0	0	0	1	0	0	1	33
2013/09/14-04:26:46	39	1,555.676	61.305	1	0	0	0	0	0	1	1	0	0	1	9
2013/09/14-04:33:00	40	1,558.957	60.085	2	0	1	0	0	0	0	1	0	0	1	31
2013/09/14-04:34:19	40	1,558.957	60.085	2	0	1	1	0	0	0	1	0	0	1	33
2013/09/14-04:35:38	40	1,558.957	60.085	3	0	1	0	0	0	0	1	0	0	1	54
2013/09/14-04:36:56	40	1,558.957	60.085	2	0	0	0	0	0	0	1	0	0	1	60
2013/09/14-04:38:15	40	1,558.957	60.085	3	0	1	1	0	0	0	1	0	0	1	32
2013/09/14-04:55:14	40	1,558.957	60.085	1	0	1	1	0	0	0	1	0	0	1	24
2013/09/14-04:56:25	40	1,558.957	60.085	2	0	0	0	0	0	0	1	1	0	0	56
2013/09/14-04:57:40	40	1,558.957	60.085	4	0	1	1	0	0	0	1	0	0	1	39
2013/09/14-04:58:38	40	1,558.957	60.085	2	0	0	0	0	0	1	1	0	0	1	18
2013/09/14-04:59:15	40	1,558.957	60.085	5	0	0	1	0	0	0	1	0	0	1	60
2013/09/14-07:09:06	42	1,549.848	59.353	1	0	1	1	0	0	0	1	0	0	1	21
2013/09/14-07:10:00	42	1,549.848	59.353	1	0	1	0	0	0	0	1	0	0	1	31
2013/09/14-07:11:02	42	1,549.848	59.353	1	0	1	0	0	0	0	1	0	0	1	20
2013/09/14-07:12:20	42	1,549.848	59.353	6	0	1	1	0	0	0	1	0	0	1	46
2013/09/14-07:13:25	42	1,549.848	59.353	1	0	1	0	0	0	0	1	0	0	1	7
2013/09/14-09:37:12	45	1,535.778	57.44	4	0	0	1	0	0	0	1	1	0	0	60
2013/09/14-09:38:32	45	1,535.778	57.44	1	0	0	0	0	0	1	1	0	0	1	7
2013/09/14-09:39:51	45	1,535.778	57.44	2	0	0	0	0	0	0	1	1	0	0	60
2013/09/14-09:41:09	45	1,535.778	57.44	4	0	0	0	0	0	0	1	0	0	1	60
2013/09/14-09:42:28	45	1,535.778	57.44	2	0	1	0	0	0	0	1	0	0	1	29
2013/09/14-10:01:17	45	1,535.778	57.44	1	0	0	1	0	0	0	1	0	0	1	60
2013/09/14-10:02:36	45	1,535.778	57.44	5	0	0	2	1	0	0	1	1	0	0	60
2013/09/14-10:03:55	45	1,535.778	57.44	0	0	1	0	0	0	0	1	0	0	1	6
2013/09/14-10:05:02	45	1,535.778	57.44	1	0	1	0	0	0	0	1	0	0	1	21
2013/09/14-10:05:52	45	1,535.778	57.44	1	0	1	0	0	0	0	1	0	0	1	52
2013/09/14-13:37:17	49	1,515.414	58.627	2	0	1	0	0	0	0	1	0	0	1	31
2013/09/14-13:38:07	49	1,515.414	58.627	0	0	1	0	0	0	0	1	0	0	1	19
2013/09/14-13:38:56	49	1,515.414	58.627	0	0	1	1	0	0	0	1	0	0	1	28
2013/09/14-13:39:48	49	1,515.414	58.627	5	0	0	0	0	0	1	1	0	0	1	56
2013/09/14-13:41:03	49	1,515.414	58.627	1	0	1	0	0	0	0	1	0	0	1	20
2013/09/14-13:47:31	49	1,515.414	58.627	2	0	0	0	0	0	0	1	1	0	0	57
2013/09/14-13:48:46	49	1,515.414	58.627	6	0	0	1	0	0	1	1	0	0	1	50
2013/09/14-13:49:54	49	1,515.414	58.627	9	0	0	2	0	0	0	1	0	0	1	60
2013/09/14-13:51:13	49	1,515.414	58.627	0	0	1	0	0	0	0	1	0	0	1	35
2013/09/14-13:52:07	49	1,515.414	58.627	1	0	1	0	0	0	0	1	0	0	1	23
2013/09/14-14:07:21	47	1,534.376	54.48	1	0	1	0	0	0	0	1	0	0	1	36
2013/09/14-14:08:34	47	1,534.376	54.48	0	0	1	0	0	0	0	1	0	0	1	16
2013/09/14-14:09:31	47	1,534.376	54.48	7	0	0	2	0	0	1	1	0	0	1	51
2013/09/14-14:10:41	47	1,534.376	54.48	2	0	1	0	1	0	0	1	0	0	1	29
2013/09/14-14:11:29	47	1,534.376	54.48	2	0	1	0	0	0	0	1	0	0	1	25
2013/09/14-18:05:24	48	1,522.184	59.464	3	0	1	1	0	0	0	1	0	0	1	56
2013/09/14-18:06:43	48	1,522.184	59.464	2	0	0	2	0	0	1	1	0	0	1	34
2013/09/14-18:07:36	48	1,522.184	59.464	1	0	0	0	0	0	1	1	0	0	1	3
2013/09/14-18:08:18	48	1,522.184	59.464	5	0	0	1	0	0	0	1	0	0	1	60
2013/09/14-18:09:37	48	1,522.184	59.464	0	0	1	0	0	0	0	1	0	0	1	26
2013/09/14-18:29:12	46	1,535.618	58.252	1	0	1	0	0	0	0	1	0	0	1	23
2013/09/14-18:30:00	46	1,535.618	58.252	0	0	1	0	0	0	0	1	0	0	1	22
2013/09/14-18:31:06	46	1,535.618	58.252	0	0	1	0	0	0	0	1	0	0	1	9
2013/09/14-18:32:25	46	1,535.618	58.252	1	0	0	0	0	0	1	1	0	0	1	3
2013/09/14-18:33:26	46	1,535.618	58.252	1	0	0	2	0	0	0	1	1	0	0	60
2013/09/14-18:51:26	46	1,535.618	58.252	5	0	0	1	0	0	0	1	0	0	1	60
2013/09/14-18:52:45	46	1,535.618	58.252	4	0	1	1	0	0	0	1	0	0	1	55
2013/09/14-18:53:58	46	1,535.618	58.252	7	0	0	1	1	0	1	1	0	0	1	36
2013/09/14-18:54:54	46	1,535.618	58.252	5	0	0	3	0	0	0	1	1	0	0	60
2013/09/14-18:56:12	46	1,535.618	58.252	2	0	1	0	0	0	0	1	0	0	1	21
2013/09/14-22:30:17	47	1,540.91	59.18	2	0	0	0	0	0	0	1	0	0	1	60
2013/09/14-22:31:36	47	1,540.91	59.18	1	0	0	0	0	0	1	1	0	0	1	3
2013/09/14-22:32:34	47	1,540.91	59.18	1	0	0	0	0	0	1	1	0	0	1	18
2013/09/14-22:33:45	47	1,540.91	59.18	1	0	1	1	0	0	0	1	0	0	1	31
2013/09/14-22:35:02	47	1,540.91	59.18	0	0	0	0	0	0	0	1	1	0	0	24
2013/09/14-22:44:31	47	1,540.91	59.18	2	0	1	0	0	0	0	1	0	0	1	40
2013/09/14-22:45:30	47	1,540.91	59.18	1	0	1	0	0	0	0	1	0	0	1	16
2013/09/14-22:46:49	47	1,541.251	56.303	6	0	0	3	0	0	1	1	0	0	1	46
2013/09/14-22:47:53	47	1,541.251	56.303	0	0	1	0	0	0	0	1	0	0	1	14
2013/09/14-22:49:12	47	1,541.251	56.303	1	0	1	0	0	0	0	1	0	0	1	18
2013/09/14-23:05:44	47	1,541.251	56.303	1	0	0	0	0	0	0	1	1	0	0	60
2013/09/14-23:07:03	47	1,541.251	56.303	0	0	1	0	0	0	0	1	0	0	1	6
2013/09/14-23:08:22	47	1,541.251	56.303	1	0	1	0	0	0	0	1	0	0	1	20
2013/09/14-23:09:41	47	1,541.251	56.303	1	0	1	0	0	0	0	1	0	0	1	26
2013/09/14-23:11:00	47	1,541.251	56.303	1	0	0	0	0	0	1	1	0	0	1	17
2013/09/15-11:12:30	47	1,541.566	59.72	2	0	0	1	0	0	1	1	0	0	1	28
2013/09/15-11:13:25	47	1,541.566	59.72	1	0	1	0	0	0	0	1	0	0	1	18
2013/09/15-11:14:39	47	1,541.566	59.72	3	0	0	1	0	0	1	1	0	0	1	45
2013/09/15-11:15:43	47	1,541.566	59.72	1	0	0	0	0	0	1	1	0	0	1	27
2013/09/15-11:16:51	47	1,541.566	59.72	0	0	1	0	0	0	0	1	0	0	1	39
2013/09/15-11:18:03	47	1,548.188	57.927	1	0	1	0	0	0	0	1	0	0	1	18
2013/09/15-11:18:59	47	1,548.188	57.927	1	0	0	0	0	0	1	1	0	0	1	9
2013/09/15-11:20:18	47	1,548.188	57.927	4	0	1	1	0	0	0	1	0	0	1	40
2013/09/15-11:21:17	47	1,548.188	57.927	3	0	1	0	0	0	0	1	0	0	1	38
2013/09/15-11:22:14	47	1,548.188	57.927	1	0	0	0	0	0	1	1	0	0	1	3
2013/09/15-11:40:28	47	1,548.188	57.927	0	0	1	0	0	0	0	1	0	0	1	6
2013/09/15-11:41:44	47	1,548.188	57.927	2	0	0	1	0	0	0	1	1	0	0	56
2013/09/15-11:42:59	47	1,548.188	57.927	1	0	1	0	0	0	0	1	0	0	1	26
2013/09/15-11:43:51	47	1,548.188	57.927	0	0	0	0	0	0	0	1	1	0	0	34
2013/09/15-11:44:43	47	1,548.188	57.927	1	0	1	0	0	0	0	1	0	0	1	21
2013/09/15-12:59:48	47	1,555.242	53.548	1	0	1	0	0	0	0	1	0	0	1	24
2013/09/15-13:00:47	47	1,555.242	53.548	4	0	1	1	0	0	0	1	0	0	1	31
2013/09/15-13:01:43	47	1,555.242	53.548	4	0	1	0	0	0	0	1	0	0	1	52
2013/09/15-13:03:02	47	1,555.242	53.548	5	0	1	1	0	0	0	1	0	0	1	48
2013/09/15-13:04:21	47	1,555.242	53.548	1	0	0	0	0	0	0	1	0	0	1	60
2013/09/15-13:16:42	47	1,555.242	53.548	1	0	0	0	0	0	0	1	1	0	0	26
2013/09/15-13:17:27	47	1,555.242	53.548	0	0	1	0	0	0	0	1	0	0	1	6
2013/09/15-13:18:22	47	1,555.242	53.548	1	0	0	0	0	0	1	1	0	0	1	10
2013/09/15-13:19:41	47	1,555.242	53.548	1	0	1	1	0	0	0	1	0	0	1	18
2013/09/15-13:20:37	47	1,555.242	53.548	0	0	1	0	0	0	0	1	0	0	1	6
2013/09/15-13:38:35	50	1,523.68	49.708	2	0	1	0	0	0	0	1	0	0	1	27
2013/09/15-13:39:21	50	1,523.68	49.708	2	0	0	0	0	0	1	1	0	0	1	15
2013/09/15-13:40:37	50	1,523.68	49.708	2	0	0	0	0	0	1	1	0	0	1	16
2013/09/15-13:41:21	50	1,523.68	49.708	3	0	0	1	0	0	0	1	1	0	0	30
2013/09/15-13:42:10	50	1,523.68	49.708	5	0	0	0	0	0	0	1	0	0	1	60
2013/09/15-19:43:27	50	1,524.315	56.363	2	0	0	1	0	0	0	1	1	0	0	60
2013/09/15-19:44:46	50	1,524.315	56.363	3	0	0	2	0	0	0	1	1	0	0	60
2013/09/15-19:46:05	50	1,524.315	56.363	1	0	0	0	0	0	1	1	0	0	1	33
2013/09/15-19:47:16	47	1,544.518	54.901	0	0	1	0	0	0	0	1	0	0	1	29
2013/09/15-19:48:16	47	1,544.518	54.901	3	0	0	1	0	0	0	1	1	0	0	60
2013/09/15-20:06:17	47	1,544.518	54.901	4	0	0	2	0	0	0	1	1	0	0	45
2013/09/15-20:07:21	47	1,544.518	54.901	4	0	0	1	0	0	0	1	0	0	1	60
2013/09/15-20:08:39	47	1,544.518	54.901	1	0	1	0	0	0	0	1	0	0	1	43
2013/09/15-20:09:41	47	1,544.518	54.901	3	0	1	1	0	0	0	1	0	0	1	39
2013/09/15-20:10:39	47	1,544.518	54.901	3	0	0	0	0	0	0	1	0	0	1	60
2013/09/15-20:27:53	47	1,569.895	51.845	3	0	0	1	0	0	0	1	0	0	1	60
2013/09/15-20:29:12	47	1,569.895	51.845	3	0	0	0	0	0	0	1	0	0	1	60
2013/09/15-20:30:31	47	1,569.895	51.845	1	0	1	0	0	0	0	1	0	0	1	46
2013/09/15-20:31:37	47	1,569.895	51.845	1	0	0	0	0	0	1	1	0	0	1	3
2013/09/15-20:32:48	47	1,569.895	51.845	3	0	0	0	1	0	0	1	1	0	0	60
2013/09/16-01:54:08	45	1,581.695	58.297	6	0	0	1	0	0	1	1	0	0	1	23
2013/09/16-07:22:41	45	1,581.695	58.297	1	0	1	0	0	0	0	1	0	0	1	20
2013/09/16-07:24:00	45	1,581.695	58.297	1	0	1	0	0	0	0	1	0	0	1	22
2013/09/16-07:24:40	45	1,581.695	58.297	1	0	1	1	0	0	0	1	0	0	1	29
2013/09/16-07:25:29	45	1,581.695	58.297	2	0	0	0	0	0	0	1	0	0	1	60
2013/09/16-07:32:02	45	1,581.695	58.297	3	0	0	0	0	0	0	1	0	0	1	60
2013/09/16-07:33:21	45	1,581.695	58.297	2	0	0	1	0	0	0	1	1	0	0	60
2013/09/16-07:34:40	45	1,581.695	58.297	0	0	1	0	0	0	0	1	0	0	1	6
2013/09/16-07:35:59	45	1,581.695	58.297	0	0	0	0	0	0	0	1	1	0	0	35
2013/09/16-07:36:53	45	1,581.695	58.297	4	0	0	1	0	0	0	1	0	0	1	60
2013/09/16-20:13:44	43	1,594.571	53.512	0	0	1	0	0	0	0	1	0	0	1	14
2013/09/16-20:14:35	43	1,594.571	53.512	1	0	1	0	0	0	0	1	0	0	1	32
2013/09/16-20:15:32	43	1,594.571	53.512	0	0	1	1	0	0	0	1	0	0	1	52
2013/09/16-20:16:44	43	1,594.571	53.512	2	0	0	2	0	0	0	1	1	0	0	32
2013/09/16-20:17:35	43	1,594.571	53.512	1	0	0	0	0	0	0	1	1	0	0	19
2013/09/17-07:40:05	43	1,601.147	58.288	0	0	1	0	0	0	0	1	0	0	1	40
2013/09/17-07:41:07	43	1,601.147	58.288	1	0	0	0	0	0	1	1	0	0	1	9
2013/09/17-07:41:47	43	1,601.147	58.288	1	0	0	0	0	0	1	1	0	0	1	3
2013/09/17-07:42:19	43	1,601.147	58.288	0	0	1	0	0	0	0	1	0	0	1	25
2013/09/17-07:43:02	43	1,601.147	58.288	1	0	1	0	0	0	0	1	0	0	1	15
2013/09/17-08:13:23	44	1,583.133	55.538	0	0	0	0	0	0	0	1	0	0	1	60
2013/09/17-08:14:50	44	1,583.133	55.538	0	0	1	0	0	0	0	1	0	0	1	7
2013/09/17-08:16:10	44	1,583.133	55.538	1	0	0	0	0	0	1	1	0	0	1	15
2013/09/17-08:17:32	44	1,583.133	55.538	1	0	0	0	1	0	1	1	0	0	1	4
2013/09/17-08:17:57	44	1,583.133	55.538	1	0	1	0	0	0	0	1	0	0	1	3
2013/09/17-08:29:55	44	1,583.133	55.538	0	0	1	0	0	0	0	1	0	0	1	3
2013/09/17-08:30:18	44	1,583.133	55.538	1	0	1	0	0	0	0	1	0	0	1	3
2013/09/17-08:30:56	44	1,583.133	55.538	4	0	0	2	0	0	0	1	0	0	1	60
2013/09/17-08:32:14	44	1,583.133	55.538	0	0	0	0	0	0	0	1	1	0	0	41
2013/09/17-08:33:15	44	1,583.133	55.538	1	0	0	0	0	0	0	1	0	1	0	60
2013/09/17-23:21:19	48	1,554.658	58.357	1	0	0	0	0	0	1	1	0	0	1	3
2013/09/17-23:21:41	48	1,554.658	58.357	2	0	1	0	0	0	0	1	0	0	1	36
2013/09/17-23:22:36	48	1,554.658	58.357	1	0	1	0	0	0	0	1	0	0	1	12
2013/09/17-23:23:08	48	1,554.658	58.357	1	0	0	0	0	0	1	1	0	0	1	3
2013/09/17-23:23:43	48	1,554.658	58.357	1	0	1	0	0	0	0	1	0	0	1	22
2013/09/18-00:19:23	49	1,544.161	55.666	6	0	1	1	0	0	0	1	0	0	1	59
2013/09/18-00:20:41	49	1,544.161	55.666	1	0	1	0	0	0	0	1	0	0	1	4
2013/09/18-00:21:15	49	1,544.161	55.666	1	0	1	0	0	0	0	1	0	0	1	23
2013/09/18-00:22:00	49	1,544.161	55.666	0	0	1	0	0	0	0	1	0	0	1	3
2013/09/18-00:22:45	49	1,544.161	55.666	0	0	1	0	0	0	0	1	0	0	1	5
2013/09/18-00:31:43	49	1,544.161	55.666	0	0	1	0	0	0	0	1	0	0	1	3
2013/09/18-00:32:24	49	1,544.161	55.666	2	0	0	0	1	0	1	1	0	0	1	25
2013/09/18-00:33:07	49	1,544.161	55.666	1	0	1	0	1	0	0	1	0	0	1	4
2013/09/18-00:33:41	49	1,544.161	55.666	0	0	1	0	0	0	0	1	0	0	1	18
2013/09/18-00:34:19	49	1,544.161	55.666	0	0	1	0	0	0	0	1	0	0	1	8
2013/09/18-14:16:55	50	1,521.043	60.646	0	0	1	0	0	0	0	1	0	0	1	4
2013/09/18-14:17:21	50	1,521.043	60.646	2	0	0	0	0	0	1	1	0	0	1	32
2013/09/18-14:18:40	50	1,521.043	60.646	0	0	1	0	0	0	0	1	0	0	1	3
2013/09/18-14:19:59	50	1,521.043	60.646	1	0	1	0	0	0	0	1	0	0	1	32
2013/09/18-14:20:51	50	1,521.043	60.646	0	0	1	0	0	0	0	1	0	0	1	6
2013/09/18-14:22:16	50	1,521.043	60.646	1	0	0	0	0	0	0	1	1	0	0	36
2013/09/18-14:23:11	50	1,521.043	60.646	0	0	1	0	0	0	0	1	0	0	1	6
2013/09/18-14:24:30	50	1,521.043	60.646	0	0	1	0	0	0	0	1	0	0	1	3
2013/09/18-14:25:00	50	1,521.043	60.646	1	0	1	0	0	0	0	1	0	0	1	3
2013/09/18-14:25:29	50	1,521.043	60.646	1	0	0	0	0	0	0	1	1	0	0	42
2013/09/18-14:46:39	51	1,498.49	55.485	0	0	1	0	0	0	0	1	0	0	1	3
2013/09/18-14:47:17	51	1,498.49	55.485	1	0	1	0	1	0	0	1	0	0	1	3
2013/09/18-14:47:49	51	1,498.49	55.485	0	0	0	0	0	0	0	1	1	0	0	14
2013/09/18-14:48:23	51	1,498.49	55.485	2	0	1	1	0	0	0	1	0	0	1	57
2013/09/18-14:49:39	51	1,498.49	55.485	0	0	0	0	0	0	0	1	1	0	0	21
2013/09/19-07:31:54	50	1,511.075	65.229	0	0	0	0	0	0	0	1	1	0	0	6
2013/09/19-07:32:19	50	1,511.075	65.229	1	0	0	0	0	0	1	1	0	0	1	3
2013/09/19-07:32:43	50	1,511.075	65.229	1	0	0	0	2	0	1	1	0	0	1	3
2013/09/19-07:33:05	50	1,511.075	65.229	1	0	1	0	0	0	0	1	0	0	1	3
2013/09/19-07:33:42	50	1,511.075	65.229	1	0	0	0	0	0	1	1	0	0	1	4
2013/09/19-07:46:24	50	1,511.075	65.229	0	0	0	0	0	0	0	1	1	0	0	3
2013/09/19-07:46:46	52	1,483.91	62.501	0	0	1	0	0	0	0	1	0	0	1	6
2013/09/19-07:47:11	52	1,483.91	62.501	4	0	0	0	0	0	0	1	0	0	1	60
2013/09/19-07:48:30	52	1,483.91	62.501	4	0	0	2	0	0	0	1	0	0	1	60
2013/09/19-07:49:49	52	1,483.91	62.501	1	0	1	0	0	0	0	1	0	0	1	3
2013/09/19-08:04:05	52	1,483.91	62.501	6	0	0	0	1	0	0	1	1	0	0	60
2013/09/19-08:05:24	52	1,483.91	62.501	10	0	0	0	0	0	0	1	1	0	0	60
2013/09/19-08:06:43	52	1,483.91	62.501	11	0	0	3	0	0	1	1	0	0	1	57
2013/09/19-08:07:58	52	1,483.91	62.501	0	0	1	0	0	0	0	1	0	0	1	6
2013/09/19-08:08:33	52	1,483.91	62.501	7	0	0	0	0	0	0	1	1	0	0	60
2013/09/19-10:36:06	53	1,463.011	63.409	0	0	1	0	0	0	0	1	0	0	1	4
2013/09/19-10:36:30	53	1,463.011	63.409	0	0	0	0	0	0	0	1	1	0	0	11
2013/09/19-10:37:00	53	1,463.011	63.409	0	0	1	0	0	0	0	1	0	0	1	6
2013/09/19-10:38:19	53	1,463.011	63.409	7	0	0	1	0	0	1	1	0	0	1	31
2013/09/19-10:39:08	53	1,463.011	63.409	1	0	1	0	0	0	0	1	0	0	1	4
2013/09/19-10:52:05	53	1,463.011	63.409	6	0	0	0	1	0	0	1	1	0	0	60
2013/09/19-10:53:24	53	1,463.011	63.409	5	0	0	4	0	0	1	1	0	0	1	59
2013/09/19-10:54:41	53	1,463.011	63.409	0	0	1	0	0	0	0	1	0	0	1	3
2013/09/19-10:55:06	53	1,463.011	63.409	1	0	0	0	0	0	0	1	1	0	0	60
2013/09/19-10:56:25	53	1,463.011	63.409	1	0	0	0	0	0	0	1	1	0	0	22
2013/09/19-11:11:17	52	1,484.344	59.178	1	0	1	0	0	0	0	1	0	0	1	3
2013/09/19-11:12:36	52	1,484.344	59.178	2	0	1	0	1	0	0	1	0	0	1	6
2013/09/19-11:13:01	52	1,484.344	59.178	2	0	0	1	0	0	0	1	1	0	0	60
2013/09/19-11:14:20	52	1,484.344	59.178	1	0	0	0	0	0	0	1	0	1	0	60
2013/09/19-11:15:39	52	1,484.344	59.178	1	0	1	0	0	0	0	1	0	0	1	10
2013/09/19-16:13:38	53	1,484.176	63.032	1	0	1	0	0	0	0	1	0	0	1	3
2013/09/19-16:14:03	53	1,484.176	63.032	1	0	1	0	0	0	0	1	0	0	1	3
2013/09/19-16:15:04	53	1,484.176	63.032	0	0	1	0	0	0	0	1	0	0	1	6
2013/09/19-16:15:42	53	1,484.176	63.032	0	0	1	0	0	0	0	1	0	0	1	16
2013/09/19-16:16:17	53	1,484.176	63.032	0	0	1	0	0	0	0	1	0	0	1	6
2013/09/19-16:26:00	53	1,484.176	63.032	0	0	0	0	0	0	0	1	1	0	0	6
2013/09/19-16:26:25	53	1,483.314	60.291	0	0	1	0	0	0	0	1	0	0	1	18
2013/09/19-16:27:02	53	1,483.314	60.291	1	0	0	0	0	0	1	1	0	0	1	20
2013/09/19-16:27:50	53	1,483.314	60.291	3	0	0	0	0	0	0	1	1	0	0	60
2013/09/19-16:29:09	53	1,483.314	60.291	0	0	1	0	0	0	0	1	0	0	1	6
2013/09/19-16:44:06	53	1,483.314	60.291	0	0	1	0	0	0	0	1	0	0	1	6
2013/09/19-16:45:25	53	1,483.314	60.291	1	0	1	0	2	0	0	1	0	0	1	3
2013/09/19-16:45:47	53	1,483.314	60.291	0	0	1	0	0	0	0	1	0	0	1	3
2013/09/19-16:46:36	53	1,483.314	60.291	0	0	0	0	0	0	0	1	1	0	0	60
2013/09/19-16:47:55	53	1,483.314	60.291	1	0	0	0	0	0	1	1	0	0	1	3
2013/09/19-20:33:40	54	1,453.892	63.617	1	0	1	0	0	0	0	1	0	0	1	18
2013/09/19-20:34:17	54	1,453.892	63.617	1	0	1	0	0	0	0	1	0	0	1	41
2013/09/19-20:35:17	54	1,453.892	63.617	0	0	1	0	0	0	0	1	0	0	1	3
2013/09/19-20:36:36	54	1,453.892	63.617	0	0	1	0	0	0	0	1	0	0	1	11
2013/09/19-20:37:08	54	1,453.892	63.617	1	0	1	0	0	0	0	1	0	0	1	3
2013/09/19-20:40:31	54	1,453.892	63.617	10	0	0	0	1	0	0	1	1	0	0	57
2013/09/19-20:41:47	54	1,453.892	63.617	1	0	0	0	0	0	0	1	1	0	0	60
2013/09/19-20:43:06	54	1,453.892	63.617	0	0	0	0	0	0	0	1	1	0	0	3
2013/09/19-20:43:28	54	1,453.892	63.617	5	0	0	0	0	0	0	1	1	0	0	60
2013/09/19-20:44:47	54	1,453.892	63.617	1	0	0	0	0	0	0	1	1	0	0	16
2013/09/19-20:59:20	53	1,483.999	59.688	0	0	0	0	0	0	0	1	1	0	0	60
2013/09/19-21:00:39	53	1,483.999	59.688	1	0	0	0	1	0	1	1	0	0	1	12
2013/09/19-21:01:11	53	1,483.999	59.688	0	0	1	0	0	0	0	1	0	0	1	3
2013/09/19-21:01:33	53	1,483.999	59.688	1	0	1	0	0	0	0	1	0	0	1	3
2013/09/19-21:02:17	53	1,483.999	59.688	3	0	0	0	0	0	0	1	1	0	0	60
2013/09/20-02:08:19	53	1,484.305	63.381	3	0	1	0	0	0	0	1	0	0	1	46
2013/09/20-02:09:24	53	1,484.305	63.381	1	0	1	0	1	0	0	1	0	0	1	3
2013/09/20-02:09:53	53	1,484.305	63.381	2	0	1	2	0	0	0	1	0	0	1	16
2013/09/20-02:10:28	53	1,484.305	63.381	2	0	0	0	0	0	0	1	0	0	1	60
2013/09/20-02:11:47	53	1,484.305	63.381	3	0	1	1	0	0	0	1	0	0	1	18
2013/09/20-02:17:39	53	1,484.305	63.381	1	0	0	0	0	0	1	1	0	0	1	3
2013/09/20-02:18:06	53	1,484.305	63.381	0	0	1	0	0	0	0	1	0	0	1	9
2013/09/20-02:18:34	53	1,484.305	63.381	6	0	0	2	0	0	0	1	1	0	0	60
2013/09/20-02:19:53	53	1,484.305	63.381	1	0	0	0	0	0	1	1	0	0	1	3
2013/09/20-02:20:15	53	1,484.305	63.381	0	0	0	0	0	0	0	1	1	0	0	60
2013/09/20-02:32:00	53	1,480.97	59.941	1	0	1	0	0	0	0	1	0	0	1	3
2013/09/20-02:32:41	53	1,480.97	59.941	0	0	1	0	0	0	0	1	0	0	1	3
2013/09/20-02:33:18	53	1,480.97	59.941	0	0	1	0	0	0	0	1	0	0	1	3
2013/09/20-02:33:58	53	1,480.97	59.941	1	0	1	0	0	0	0	1	0	0	1	23
2013/09/20-02:35:17	53	1,480.97	59.941	1	0	0	1	0	0	0	1	1	0	0	60
2013/09/20-05:58:44	51	1,480.41	64.179	2	0	1	1	0	0	0	1	0	0	1	50
2013/09/20-05:59:53	51	1,480.41	64.179	1	0	1	2	0	0	0	1	0	0	1	21
2013/09/20-06:00:38	51	1,480.41	64.179	0	0	1	0	0	0	0	1	0	0	1	22
2013/09/20-06:01:33	51	1,480.41	64.179	1	0	1	0	0	0	0	1	0	0	1	3
2013/09/20-06:02:08	51	1,480.41	64.179	1	0	0	0	0	0	1	1	0	0	1	3
2013/09/20-06:15:31	51	1,482.035	61.799	4	0	1	0	0	0	0	1	0	0	1	33
2013/09/20-06:16:27	51	1,482.035	61.799	1	0	1	0	0	0	0	1	0	0	1	3
2013/09/20-06:16:49	51	1,482.035	61.799	0	0	0	0	0	0	0	1	1	0	0	60
2013/09/20-06:18:08	51	1,482.035	61.799	1	0	0	0	1	0	1	1	0	0	1	9
2013/09/20-06:18:35	51	1,482.035	61.799	6	0	0	0	0	0	0	1	1	0	0	50
2013/09/20-06:29:15	51	1,482.035	61.799	12	0	0	1	0	0	0	1	1	0	0	60
2013/09/20-06:30:34	51	1,482.035	61.799	12	0	0	2	0	0	0	1	1	0	0	60
2013/09/20-06:31:53	51	1,482.035	61.799	1	0	0	0	1	0	1	1	0	0	1	3
2013/09/20-06:32:18	51	1,482.035	61.799	1	0	0	0	2	0	0	1	1	0	0	6
2013/09/20-06:32:43	51	1,482.035	61.799	1	0	0	0	0	0	1	1	0	0	1	3
2013/09/20-10:10:58	55	1,448.192	64.178	0	0	1	0	0	0	0	1	0	0	1	18
2013/09/20-10:11:53	55	1,448.192	64.178	0	0	1	0	0	0	0	1	0	0	1	6
2013/09/20-10:12:21	55	1,448.192	64.178	0	0	1	0	0	0	0	1	0	0	1	4
2013/09/20-10:12:53	55	1,448.192	64.178	0	0	1	0	0	0	0	1	0	0	1	15
2013/09/20-10:13:30	55	1,448.192	64.178	2	0	0	0	0	0	1	1	0	0	1	6
2013/09/20-10:29:40	56	1,439.457	61.664	5	0	0	0	1	0	0	1	1	0	0	24
2013/09/20-10:30:23	56	1,439.457	61.664	1	0	0	0	1	0	0	1	1	0	0	3
2013/09/20-10:30:45	56	1,439.457	61.664	9	0	0	4	0	0	0	1	1	0	0	60
2013/09/20-10:32:04	56	1,439.457	61.664	1	0	0	0	0	0	1	1	0	0	1	6
2013/09/20-10:32:29	56	1,439.457	61.664	1	0	0	0	0	0	1	1	0	0	1	3
2013/09/20-10:44:37	55	1,446.88	58.551	2	0	0	0	0	0	1	1	0	0	1	9
2013/09/20-10:45:08	55	1,446.88	58.551	1	0	0	0	0	0	1	1	0	0	1	3
2013/09/20-10:45:56	55	1,446.88	58.551	0	0	1	0	0	0	0	1	0	0	1	3
2013/09/20-10:46:21	55	1,446.88	58.551	0	0	1	0	0	0	0	1	0	0	1	13
2013/09/20-10:46:54	55	1,446.88	58.551	2	0	0	1	0	0	0	1	1	0	0	10
2013/09/20-17:14:56	56	1,430.254	64.642	0	0	1	0	0	0	0	1	0	0	1	4
2013/09/20-17:15:42	56	1,430.254	64.642	0	0	0	0	0	0	0	1	1	0	0	6
2013/09/20-17:16:07	56	1,430.254	64.642	0	0	1	0	0	0	0	1	0	0	1	3
2013/09/20-17:16:45	56	1,430.254	64.642	1	0	0	0	0	0	1	1	0	0	1	10
2013/09/20-17:18:04	56	1,430.254	64.642	1	0	0	0	0	0	1	1	0	0	1	3
2013/09/20-17:23:06	56	1,430.254	64.642	1	0	0	0	0	0	1	1	0	0	1	3
2013/09/20-17:23:32	56	1,430.254	64.642	3	0	0	0	2	0	0	1	1	0	0	60
2013/09/20-17:24:51	56	1,430.254	64.642	0	0	0	0	0	0	0	1	1	0	0	6
2013/09/20-17:25:16	56	1,430.254	64.642	1	0	0	0	0	0	0	1	1	0	0	60
2013/09/20-17:26:35	56	1,430.254	64.642	0	0	0	0	0	0	0	1	1	0	0	60
2013/09/20-17:40:08	56	1,432.571	61.093	0	0	1	0	0	0	0	1	0	0	1	32
2013/09/20-17:41:27	56	1,432.571	61.093	1	0	0	0	0	0	1	1	0	0	1	3
2013/09/20-17:42:45	56	1,432.571	61.093	0	0	0	0	0	0	0	1	0	1	0	60
2013/09/20-17:44:04	56	1,432.571	61.093	1	0	0	1	0	0	0	1	1	0	0	60
2013/09/20-17:45:23	56	1,432.571	61.093	0	0	1	0	0	0	0	1	0	0	1	3
2013/09/20-19:43:40	56	1,432.477	61.593	9	0	0	8	0	0	0	1	0	0	1	60
2013/09/20-19:44:59	56	1,432.477	61.593	3	0	0	0	0	0	0	1	0	0	1	60
2013/09/20-19:46:18	56	1,432.477	61.593	2	0	0	0	2	0	1	1	0	0	1	7
2013/09/20-19:46:45	56	1,432.477	61.593	2	0	0	0	1	0	1	1	0	0	1	6
2013/09/20-19:47:51	56	1,432.477	61.593	4	0	0	0	0	0	1	1	0	0	1	16
2013/09/20-19:53:45	56	1,432.477	61.593	6	0	1	0	0	0	0	1	0	0	1	33
2013/09/20-19:54:37	56	1,432.477	61.593	3	0	0	0	0	0	1	1	0	0	1	31
2013/09/20-19:55:27	56	1,432.477	61.593	2	0	0	0	0	0	0	1	1	0	0	6
2013/09/20-19:55:52	56	1,432.477	61.593	2	0	0	0	0	0	0	1	1	0	0	11
2013/09/20-19:56:22	56	1,432.477	61.593	2	0	0	0	1	0	0	1	1	0	0	19
2013/09/20-20:08:52	56	1,447.392	56.16	0	0	1	0	0	0	0	1	0	0	1	6
2013/09/20-20:09:20	56	1,447.392	56.16	1	0	0	0	0	0	1	1	0	0	1	3
2013/09/20-20:10:25	56	1,447.392	56.16	1	0	0	0	0	0	0	1	1	0	0	7
2013/09/20-20:10:51	56	1,447.392	56.16	7	0	0	2	0	0	0	1	1	0	0	60
2013/09/20-20:12:10	56	1,447.392	56.16	5	0	0	0	0	0	1	1	0	0	1	28
2013/12/27-13:33:00	66	1,433.167	77.784	2	0	0	0	0	0	0	1	1	0	0	18
2013/12/27-13:33:37	66	1,433.167	77.784	6	0	0	0	0	0	0	1	1	0	0	37
2013/12/27-13:34:34	66	1,433.167	77.784	1	0	1	0	0	0	0	1	0	0	1	12
2013/12/27-13:35:04	66	1,433.167	77.784	0	0	1	0	0	0	0	1	0	0	1	6
2013/12/27-13:35:29	66	1,433.167	77.784	0	0	0	0	0	0	0	1	1	0	0	4
2013/12/27-13:59:22	65	1,469.683	71.943	10	0	0	0	2	0	0	1	1	0	0	43
2013/12/27-14:00:24	65	1,469.683	71.943	3	0	0	2	0	0	0	1	0	0	1	60
2013/12/27-14:01:43	65	1,469.683	71.943	2	0	1	0	0	0	0	1	0	0	1	9
2013/12/27-14:02:17	65	1,469.683	71.943	4	0	0	0	1	0	0	1	1	0	0	60
2013/12/27-14:03:36	65	1,469.683	71.943	1	0	0	0	1	0	1	1	0	0	1	4
2013/12/27-14:18:32	66	1,462.591	67.146	1	0	1	0	0	0	0	1	0	0	1	3
2013/12/27-14:18:54	66	1,462.591	67.146	0	0	1	0	0	0	0	1	0	0	1	3
2013/12/27-14:19:21	66	1,462.591	67.146	0	0	0	0	0	0	0	1	1	0	0	6
2013/12/27-14:19:46	66	1,462.591	67.146	0	0	0	0	0	0	0	1	1	0	0	60
2013/12/27-14:21:05	66	1,462.591	67.146	0	0	0	0	0	0	0	1	1	0	0	60
2013/12/28-03:50:15	63	1,469.44	78.863	1	0	1	0	0	0	0	1	0	0	1	3
2013/12/28-03:50:51	63	1,469.44	78.863	0	0	1	0	0	0	0	1	0	0	1	6
2013/12/28-03:51:22	63	1,469.44	78.863	0	0	1	0	0	0	0	1	0	0	1	3
2013/12/28-03:51:44	63	1,469.44	78.863	1	0	0	0	0	0	1	1	0	0	1	17
2013/12/28-03:52:20	63	1,469.44	78.863	3	0	1	0	0	0	0	1	0	0	1	22
2013/12/28-03:59:01	63	1,469.44	78.863	1	0	0	0	0	0	1	1	0	0	1	5
2013/12/28-03:59:33	63	1,469.44	78.863	1	0	1	0	0	0	0	1	0	0	1	7
2013/12/28-03:59:59	63	1,469.44	78.863	1	0	1	0	0	0	0	1	0	0	1	3
2013/12/28-04:00:25	63	1,469.44	78.863	1	0	0	0	1	0	1	1	0	0	1	3
2013/12/28-04:01:10	63	1,469.44	78.863	1	0	1	0	0	0	0	1	0	0	1	15
2013/12/28-04:08:35	65	1,437.749	70.347	5	0	0	0	1	0	0	1	1	0	0	60
2013/12/28-04:09:54	65	1,437.749	70.347	5	0	0	0	1	0	0	1	1	0	0	21
2013/12/28-04:10:35	65	1,437.749	70.347	1	0	0	0	0	0	0	1	1	0	0	12
2013/12/28-04:11:05	65	1,437.749	70.347	0	0	0	0	0	0	0	1	1	0	0	6
2013/12/28-04:11:31	65	1,437.749	70.347	1	0	0	0	0	0	1	1	0	0	1	3
2013/12/28-11:06:28	64	1,458.769	75.188	0	0	1	0	0	0	0	1	0	0	1	12
2013/12/28-11:07:48	64	1,458.769	75.188	9	0	0	0	0	0	0	1	0	1	0	60
2013/12/28-11:09:07	64	1,458.769	75.188	12	0	0	0	0	0	0	1	1	0	0	60
2013/12/28-11:10:25	64	1,458.769	75.188	0	0	1	0	0	0	0	1	0	0	1	3
2013/12/28-11:11:44	64	1,458.769	75.188	13	0	0	0	1	0	0	1	1	0	0	60
2013/12/28-11:31:18	64	1,458.769	75.188	1	0	0	0	0	0	1	1	0	0	1	9
2013/12/28-11:31:50	64	1,458.769	75.188	1	0	1	0	0	0	0	1	0	0	1	3
2013/12/28-11:32:28	64	1,458.769	75.188	1	0	1	0	0	0	0	1	0	0	1	6
2013/12/28-11:32:59	64	1,458.769	75.188	1	0	1	0	0	0	0	1	0	0	1	13
2013/12/28-11:33:31	64	1,458.769	75.188	6	0	0	0	2	0	0	1	1	0	0	49
2013/12/28-11:44:14	62	1,483.952	66.938	1	0	1	0	0	0	0	1	0	0	1	3
2013/12/28-11:45:33	62	1,483.952	66.938	2	0	1	0	0	0	0	1	0	0	1	20
2013/12/28-11:46:45	62	1,483.952	66.938	2	0	0	0	0	0	1	1	0	0	1	7
2013/12/28-11:47:12	62	1,483.952	66.938	9	0	0	0	0	0	0	1	1	0	0	60
2013/12/28-11:48:30	62	1,483.952	66.938	1	0	1	0	0	0	0	1	0	0	1	11
2013/12/28-16:50:47	62	1,477.214	69.857	1	0	1	0	0	0	0	1	0	0	1	11
2013/12/28-16:52:07	62	1,477.214	69.857	1	0	1	0	0	0	0	1	0	0	1	26
2013/12/28-16:53:26	62	1,477.214	69.857	0	0	1	0	0	0	0	1	0	0	1	6
2013/12/28-16:53:51	62	1,477.214	69.857	5	0	0	0	0	0	0	1	0	0	1	60
2013/12/28-16:55:09	62	1,477.214	69.857	1	0	1	0	0	0	0	1	0	0	1	3
2013/12/28-17:11:19	63	1,466.78	65.374	1	0	0	0	0	0	1	1	0	0	1	3
2013/12/28-17:12:08	63	1,466.78	65.374	0	0	1	0	0	0	0	1	0	0	1	4
2013/12/28-17:13:03	63	1,466.78	65.374	0	0	1	0	0	0	0	1	0	0	1	9
2013/12/28-17:13:31	63	1,466.78	65.374	9	0	0	1	0	0	0	1	1	0	0	36
2013/12/28-17:14:26	63	1,466.78	65.374	3	0	0	0	0	0	1	1	0	0	1	29
2013/12/28-17:23:05	63	1,466.78	65.374	2	0	0	0	0	0	0	1	1	0	0	34
2013/12/28-17:23:58	63	1,466.78	65.374	0	0	1	0	0	0	0	1	0	0	1	9
2013/12/28-17:24:26	63	1,466.78	65.374	0	0	1	0	0	0	0	1	0	0	1	6
2013/12/28-17:24:50	63	1,466.78	65.374	2	0	0	1	0	0	1	1	0	0	1	15
2013/12/28-17:25:48	63	1,466.78	65.374	5	0	0	0	0	0	1	1	0	0	1	35
2013/12/29-01:12:39	63	1,470.168	71.032	2	0	1	0	0	0	0	1	0	0	1	10
2013/12/29-01:13:58	63	1,470.168	71.032	0	0	1	0	0	0	0	1	0	0	1	4
2013/12/29-01:14:38	63	1,470.168	71.032	0	0	1	0	0	0	0	1	0	0	1	6
2013/12/29-01:15:57	63	1,470.168	71.032	2	0	0	0	0	0	1	1	0	0	1	15
2013/12/29-01:17:02	63	1,470.168	71.032	0	0	1	0	0	0	0	1	0	0	1	3
2013/12/29-01:18:08	63	1,470.168	71.032	1	0	0	0	0	0	1	1	0	0	1	3
2013/12/29-01:18:56	63	1,470.168	71.032	1	0	0	0	0	0	1	1	0	0	1	6
2013/12/29-01:20:15	63	1,470.168	71.032	1	0	1	0	0	0	0	1	0	0	1	18
2013/12/29-01:21:05	63	1,470.168	71.032	3	0	0	1	0	0	0	1	1	0	0	19
2013/12/29-01:21:42	63	1,470.168	71.032	1	0	1	0	0	0	0	1	0	0	1	3
2013/12/29-01:33:14	66	1,419.686	63.572	4	0	0	0	0	0	0	1	1	0	0	28
2013/12/29-01:34:01	66	1,419.686	63.572	0	0	1	0	0	0	0	1	0	0	1	4
2013/12/29-01:35:17	66	1,419.686	63.572	8	0	0	2	0	0	0	1	1	0	0	60
2013/12/29-01:36:36	66	1,419.686	63.572	1	0	1	0	0	0	0	1	0	0	1	3
2013/12/29-01:37:06	66	1,419.686	63.572	2	0	0	0	0	0	0	1	1	0	0	42
2013/12/29-01:54:04	66	1,419.686	63.572	0	0	1	0	0	0	0	1	0	0	1	8
2013/12/29-01:54:33	66	1,419.686	63.572	0	0	1	0	0	0	0	1	0	0	1	3
2013/12/29-01:54:55	66	1,419.686	63.572	7	0	0	0	0	0	1	1	0	0	1	50
2013/12/29-01:56:04	66	1,419.686	63.572	1	0	0	0	0	0	1	1	0	0	1	3
2013/12/29-01:56:28	66	1,419.686	63.572	6	0	0	1	0	0	0	1	1	0	0	60
2013/12/29-02:05:20	70	1,405.372	57.747	2	0	0	0	0	0	0	1	0	0	1	60
2013/12/29-02:06:39	70	1,405.372	57.747	5	0	0	0	0	0	0	1	1	0	0	38
2013/12/29-02:07:36	70	1,405.372	57.747	0	0	1	0	0	0	0	1	0	0	1	3
2013/12/29-02:08:02	70	1,405.372	57.747	1	0	0	0	0	0	1	1	0	0	1	3
2013/12/29-02:08:24	70	1,405.372	57.747	1	0	1	0	0	0	0	1	0	0	1	3
2013/12/29-02:19:45	70	1,405.372	57.747	11	0	0	0	2	0	0	1	1	0	0	60
2013/12/29-02:21:05	70	1,405.372	57.747	2	0	0	0	0	0	1	1	0	0	1	26
2013/12/29-02:21:49	70	1,405.372	57.747	1	0	0	0	2	0	1	1	0	0	1	3
2013/12/29-02:22:12	70	1,405.372	57.747	2	0	0	0	1	0	1	1	1	0	0	9
2013/12/29-02:22:40	70	1,405.372	57.747	7	0	0	3	0	0	0	1	1	0	0	60
2013/12/29-07:45:07	68	1,411.338	63.133	1	0	0	0	0	0	0	1	1	0	0	23
2013/12/29-07:45:49	68	1,411.338	63.133	6	0	0	0	0	0	0	1	0	0	1	60
2013/12/29-07:47:08	68	1,411.338	63.133	0	0	1	0	0	0	0	1	0	0	1	3
2013/12/29-07:47:35	68	1,411.338	63.133	0	0	1	0	0	0	0	1	0	0	1	10
2013/12/29-07:48:54	68	1,411.338	63.133	0	0	1	0	0	0	0	1	0	0	1	6
2013/12/29-07:52:24	68	1,411.338	63.133	1	0	1	0	0	0	0	1	0	0	1	10
2013/12/29-07:52:53	68	1,411.338	63.133	5	0	0	0	1	0	0	1	1	0	0	60
2013/12/29-07:54:12	68	1,411.338	63.133	12	0	1	0	1	0	0	1	0	0	1	58
2013/12/29-07:55:29	68	1,411.338	63.133	0	0	0	0	0	0	0	1	1	0	0	6
2013/12/29-07:55:54	68	1,411.338	63.133	1	0	1	0	0	0	0	1	0	0	1	4
2013/12/29-08:10:23	68	1,411.338	63.133	3	0	1	0	0	0	0	1	0	0	1	14
2013/12/29-08:11:03	68	1,411.338	63.133	2	0	0	0	1	0	1	1	1	0	0	14
2013/12/29-08:11:37	68	1,411.338	63.133	4	0	0	3	0	0	0	1	1	0	0	60
2013/12/29-08:12:56	68	1,411.338	63.133	2	0	0	0	1	0	1	1	0	0	1	8
2013/12/29-08:14:12	68	1,411.338	63.133	1	0	1	0	1	0	0	1	0	0	1	3
2013/12/29-18:13:51	67	1,421.879	70.046	3	0	0	1	0	0	0	1	0	0	1	60
2013/12/29-18:15:10	67	1,421.879	70.046	3	0	1	0	0	0	0	1	0	0	1	59
2013/12/29-18:16:28	67	1,421.879	70.046	2	0	0	0	0	0	0	1	1	0	0	16
2013/12/29-18:17:03	67	1,421.879	70.046	8	0	0	1	0	0	0	1	0	0	1	60
2013/12/29-18:18:22	67	1,421.879	70.046	6	0	0	3	0	0	0	1	0	0	1	60
2013/12/29-18:26:13	65	1,436.397	66.033	1	0	0	0	0	0	1	1	0	0	1	10
2013/12/29-18:26:52	65	1,436.397	66.033	2	0	0	0	0	0	1	1	0	0	1	17
2013/12/29-18:28:03	65	1,436.397	66.033	3	0	0	0	0	0	0	1	1	0	0	37
2013/12/29-18:28:59	65	1,436.397	66.033	3	0	0	2	0	0	1	1	0	0	1	26
2013/12/29-18:30:01	65	1,436.397	66.033	3	0	0	0	0	0	1	1	0	0	1	18
2013/12/29-20:50:24	65	1,436.397	66.033	9	0	0	0	1	0	0	1	1	0	0	60
2013/12/29-20:51:43	65	1,436.397	66.033	6	0	0	1	0	0	0	1	0	0	1	60
2013/12/29-20:53:02	65	1,436.397	66.033	6	0	1	3	0	0	0	1	0	0	1	48
2013/12/29-20:54:20	65	1,436.397	66.033	7	0	0	2	0	0	0	1	0	0	1	60
2013/12/29-20:55:39	65	1,436.397	66.033	7	0	0	1	1	0	0	1	1	0	0	35
2013/12/30-07:16:04	64	1,465.12	73.603	1	0	1	0	0	0	0	1	0	0	1	11
2013/12/30-07:16:51	64	1,465.12	73.603	2	0	0	0	0	0	1	1	0	0	1	11
2013/12/30-07:18:09	64	1,465.12	73.603	7	0	0	1	0	0	1	1	0	0	1	53
2013/12/30-07:19:21	64	1,465.12	73.603	1	0	1	0	0	0	0	1	0	0	1	14
2013/12/30-07:19:57	64	1,465.12	73.603	4	0	0	0	0	0	1	1	0	0	1	15
2013/12/30-07:35:56	64	1,465.12	73.603	11	0	0	3	0	0	0	1	1	0	0	60
2013/12/30-07:37:15	64	1,465.12	73.603	12	0	0	3	1	0	0	1	1	0	0	60
2013/12/30-07:38:33	64	1,465.12	73.603	10	0	0	2	0	0	0	1	1	0	0	60
2013/12/30-07:39:52	64	1,465.12	73.603	10	0	0	5	0	0	0	1	1	0	0	60
2013/12/30-07:41:11	64	1,465.12	73.603	10	0	0	3	0	0	0	1	1	0	0	60
2013/12/30-07:59:09	62	1,494.303	67.108	5	0	0	0	0	0	1	1	0	0	1	29
2013/12/30-08:00:05	62	1,494.303	67.108	1	0	0	0	0	0	1	1	0	0	1	22
2013/12/30-08:01:00	62	1,494.303	67.108	1	0	1	0	0	0	0	1	0	0	1	10
2013/12/30-08:02:01	62	1,494.303	67.108	3	0	1	1	0	0	0	1	0	0	1	27
2013/12/30-08:02:47	62	1,494.303	67.108	4	0	0	1	0	0	1	1	0	0	1	24
2013/12/30-09:13:39	63	1,474.599	64.514	4	0	0	1	0	0	0	1	1	0	0	60
2013/12/30-09:14:58	63	1,474.599	64.514	5	0	0	0	0	0	0	1	0	0	1	60
2013/12/30-09:16:17	63	1,474.599	64.514	5	0	0	1	0	0	0	1	0	0	1	60
2013/12/30-09:17:36	63	1,474.599	64.514	4	0	0	0	0	0	0	1	0	0	1	60
2013/12/30-09:18:54	63	1,474.599	64.514	6	0	0	1	1	0	0	1	1	0	0	60
2013/12/30-09:25:49	63	1,474.599	64.514	5	0	0	2	0	0	1	1	0	0	1	35
2013/12/30-09:27:02	63	1,474.599	64.514	1	0	0	0	0	0	1	1	0	0	1	31
2013/12/30-09:28:21	63	1,474.599	64.514	5	0	0	1	0	0	0	1	0	0	1	60
2013/12/30-09:29:39	63	1,474.599	64.514	5	0	1	0	0	0	0	1	0	0	1	46
2013/12/30-09:30:58	63	1,489.595	59.854	2	0	0	0	0	0	0	1	1	0	0	21
2013/12/30-09:44:24	63	1,489.595	59.854	2	0	0	1	0	0	0	1	0	0	1	60
2013/12/30-09:45:43	63	1,489.595	59.854	4	0	0	0	0	0	0	1	0	0	1	60
2013/12/30-09:47:02	63	1,489.595	59.854	2	0	0	0	0	0	0	1	0	0	1	60
2013/12/30-09:48:21	63	1,489.595	59.854	3	0	1	0	0	0	0	1	0	0	1	58
2013/12/30-09:49:40	63	1,489.595	59.854	3	0	1	0	0	0	0	1	0	0	1	60
2013/12/30-14:00:41	62	1,496.255	62.103	1	0	1	0	0	0	0	1	0	0	1	9
2013/12/30-14:01:21	62	1,496.255	62.103	0	0	1	0	0	0	0	1	0	0	1	18
2013/12/30-14:01:58	62	1,496.255	62.103	4	0	0	1	0	0	1	1	0	0	1	46
2013/12/30-14:03:03	62	1,496.255	62.103	5	0	0	2	0	0	0	1	0	0	1	60
2013/12/30-14:04:22	62	1,496.255	62.103	1	0	1	0	0	0	0	1	0	0	1	38
2013/12/30-14:25:12	62	1,493.809	59.712	1	0	0	0	0	0	1	1	0	0	1	26
2013/12/30-14:26:31	62	1,493.809	59.712	1	0	1	0	0	0	0	1	0	0	1	19
2013/12/30-14:27:41	62	1,493.809	59.712	0	0	1	0	0	0	0	1	0	0	1	19
2013/12/30-14:29:00	62	1,493.809	59.712	0	0	1	0	0	0	0	1	0	0	1	17
2013/12/30-14:30:19	62	1,493.809	59.712	1	0	1	0	0	0	0	1	0	0	1	18
2013/12/30-14:40:20	62	1,493.809	59.712	3	0	0	2	0	0	0	1	0	0	1	60
2013/12/30-14:41:39	62	1,493.809	59.712	3	0	0	0	0	0	1	1	0	0	1	20
2013/12/30-14:42:58	62	1,493.809	59.712	2	0	1	0	0	0	0	1	0	0	1	58
2013/12/30-14:44:17	62	1,493.809	59.712	7	0	0	2	0	0	0	1	0	0	1	60
2013/12/30-14:45:36	62	1,493.809	59.712	5	0	0	1	0	0	1	1	0	0	1	47
2013/12/30-18:09:31	62	1,497.332	60.285	2	0	0	1	0	0	0	1	1	0	0	30
2013/12/30-18:10:21	62	1,497.332	60.285	2	0	0	0	1	0	0	1	1	0	0	40
2013/12/30-18:11:20	62	1,497.332	60.285	3	0	0	1	0	0	1	1	0	0	1	35
2013/12/30-18:12:14	62	1,497.332	60.285	3	0	0	0	0	0	0	1	0	0	1	60
2013/12/30-18:13:33	62	1,497.332	60.285	2	0	1	0	0	0	0	1	0	0	1	43
2013/12/30-18:44:00	60	1,518.268	57.233	12	0	0	2	0	0	0	1	1	0	0	60
2013/12/30-18:45:19	60	1,518.268	57.233	4	0	0	0	0	0	1	1	0	0	1	24
2013/12/30-18:46:13	60	1,518.268	57.233	4	0	0	2	0	0	0	1	1	0	0	37
2013/12/30-18:47:09	60	1,518.268	57.233	10	0	0	1	0	0	0	1	1	0	0	60
2013/12/30-18:48:28	60	1,518.268	57.233	7	0	0	0	1	0	0	1	1	0	0	49
2013/12/30-19:12:01	60	1,518.268	57.233	2	0	1	0	0	0	0	1	0	0	1	31
2013/12/30-19:12:58	60	1,518.268	57.233	4	0	0	0	2	0	0	1	1	0	0	43
2013/12/30-19:14:00	60	1,518.268	57.233	2	0	1	2	1	0	0	1	0	0	1	42
2013/12/30-19:15:02	60	1,518.268	57.233	4	0	0	1	1	0	0	1	1	0	0	30
2013/12/30-19:15:51	60	1,518.268	57.233	12	0	0	3	1	0	0	1	1	0	0	60
2013/12/31-11:10:36	49	1,571.932	75.796	0	0	1	0	0	0	0	1	0	0	1	3
2013/12/31-11:11:55	49	1,571.932	75.796	1	0	1	0	2	0	0	1	0	0	1	3
2013/12/31-11:12:17	49	1,571.932	75.796	1	0	1	0	0	0	0	1	0	0	1	3
2013/12/31-11:12:41	49	1,571.932	75.796	1	0	0	0	0	0	0	1	1	0	0	15
2013/12/31-11:13:15	49	1,571.932	75.796	4	0	1	1	0	0	0	1	0	0	1	29
2013/12/31-11:21:30	49	1,571.932	75.796	0	0	1	0	0	0	0	1	0	0	1	41
2013/12/31-11:22:49	49	1,571.932	75.796	1	0	0	0	0	0	1	1	0	0	1	3
2013/12/31-11:24:08	49	1,571.932	75.796	2	0	1	0	0	0	0	1	0	0	1	14
2013/12/31-11:24:40	49	1,571.932	75.796	5	0	1	0	0	0	0	1	0	0	1	36
2013/12/31-11:25:59	49	1,571.932	75.796	1	0	1	0	0	0	0	1	0	0	1	7
2013/12/31-11:38:34	56	1,530.696	68.321	0	0	1	0	0	0	0	1	0	0	1	6
2013/12/31-11:39:30	56	1,530.696	68.321	4	0	0	0	0	0	0	1	1	0	0	60
2013/12/31-11:40:49	56	1,530.696	68.321	1	0	0	0	0	0	1	1	0	0	1	3
2013/12/31-11:41:11	56	1,530.696	68.321	2	0	0	0	0	0	1	1	0	0	1	9
2013/12/31-11:42:07	56	1,530.696	68.321	2	0	0	0	0	0	1	1	0	0	1	11
2013/12/31-15:12:20	58	1,523.408	69.463	0	0	1	0	0	0	0	1	0	0	1	9
2013/12/31-15:13:10	58	1,523.408	69.463	0	0	1	0	0	0	0	1	0	0	1	16
2013/12/31-15:13:50	58	1,523.408	69.463	13	0	0	0	0	0	0	1	0	0	1	60
2013/12/31-15:15:09	58	1,523.408	69.463	3	0	0	0	0	0	0	1	0	0	1	60
2013/12/31-15:16:27	58	1,523.408	69.463	1	0	0	0	0	0	1	1	0	0	1	3
2013/12/31-15:41:41	60	1,508.533	65.844	3	0	0	1	0	0	0	1	1	0	0	15
2013/12/31-15:42:15	60	1,508.533	65.844	3	0	0	0	1	0	1	1	0	0	1	25
2013/12/31-15:42:59	60	1,508.533	65.844	0	0	1	0	0	0	0	1	0	0	1	23
2013/12/31-15:43:50	60	1,508.533	65.844	1	0	1	0	0	0	0	1	0	0	1	3
2013/12/31-15:44:15	60	1,508.533	65.844	1	0	1	0	0	0	0	1	0	0	1	3
2013/12/31-15:51:22	60	1,508.533	65.844	0	0	1	0	0	0	0	1	0	0	1	6
2013/12/31-15:51:47	60	1,508.533	65.844	5	0	0	1	0	0	0	1	0	0	1	60
2013/12/31-15:53:06	60	1,508.533	65.844	1	0	0	0	1	0	1	1	0	0	1	3
2013/12/31-15:53:28	60	1,508.533	65.844	1	0	0	0	0	0	1	1	0	0	1	3
2013/12/31-15:54:11	60	1,508.533	65.844	0	0	1	0	0	0	0	1	0	0	1	4
2013/12/31-19:23:11	63	1,500.911	65.354	0	0	1	0	0	0	0	1	0	0	1	7
2013/12/31-19:23:50	63	1,500.911	65.354	4	0	0	0	2	0	0	1	1	0	0	18
2013/12/31-19:24:27	63	1,500.911	65.354	3	0	0	0	1	0	1	1	0	0	1	18
2013/12/31-19:25:04	63	1,500.911	65.354	1	0	1	0	0	0	0	1	0	0	1	6
2013/12/31-19:25:28	63	1,500.911	65.354	6	0	0	0	0	0	0	1	1	0	0	60
2013/12/31-19:30:06	63	1,477.161	62.203	4	0	0	0	0	0	1	1	0	0	1	23
2013/12/31-19:30:48	63	1,477.161	62.203	1	0	0	0	0	0	1	1	0	0	1	3
2013/12/31-19:31:32	63	1,477.161	62.203	4	0	1	0	0	0	0	1	0	0	1	38
2013/12/31-19:32:28	63	1,477.161	62.203	0	0	1	0	0	0	0	1	0	0	1	9
2013/12/31-19:32:58	63	1,477.161	62.203	1	0	1	0	0	0	0	1	0	0	1	3
2013/12/31-19:42:55	63	1,477.161	62.203	0	0	1	0	0	0	0	1	0	0	1	4
2013/12/31-19:43:17	63	1,477.161	62.203	3	0	0	0	0	0	1	1	0	0	1	59
2013/12/31-19:44:36	63	1,477.161	62.203	0	0	0	0	0	0	0	1	1	0	0	22
2013/12/31-19:45:16	63	1,477.161	62.203	9	0	0	3	2	0	0	1	1	0	0	49
2013/12/31-19:46:24	63	1,477.161	62.203	1	0	0	0	0	0	0	1	1	0	0	10
2013/12/31-23:58:39	64	1,472.312	64.816	0	0	1	0	0	0	0	1	0	0	1	25
2013/12/31-23:59:58	64	1,472.312	64.816	0	0	1	0	0	0	0	1	0	0	1	3
2014/01/01-00:00:47	64	1,472.312	64.816	1	0	0	0	0	0	1	1	0	0	1	19
2014/01/01-00:01:43	64	1,472.312	64.816	5	0	0	0	0	0	0	1	1	0	0	41
2014/01/01-00:02:43	64	1,472.312	64.816	2	0	1	0	0	0	0	1	0	0	1	42
2014/01/01-00:18:56	64	1,472.312	64.816	0	0	1	0	0	0	0	1	0	1	0	3
2014/01/01-00:19:17	64	1,472.312	64.816	0	0	1	0	0	0	0	1	0	0	1	8
2014/01/01-00:19:44	64	1,472.312	64.816	10	0	0	0	0	0	0	1	1	0	0	60
2014/01/01-00:21:03	64	1,472.312	64.816	7	0	0	0	0	0	0	1	0	0	1	60
2014/01/01-00:22:22	64	1,472.312	64.816	3	0	0	1	0	0	0	1	1	0	0	60
2014/01/01-00:44:29	59	1,512.727	59.716	0	0	1	0	0	0	0	1	0	0	1	6
2014/01/01-00:44:54	59	1,512.727	59.716	1	0	1	0	0	0	0	1	0	0	1	16
2014/01/01-00:46:05	59	1,512.727	59.716	1	0	1	1	0	0	0	1	0	0	1	12
2014/01/01-00:46:54	59	1,512.727	59.716	1	0	1	0	0	0	0	1	0	0	1	3
2014/01/01-00:48:10	59	1,512.727	59.716	0	0	1	0	0	0	0	1	0	0	1	3
2014/01/01-04:23:19	59	1,516.538	63.085	0	0	1	0	0	0	0	1	0	0	1	14
2014/01/01-04:24:15	60	1,508.461	62.691	1	0	0	0	0	0	1	1	0	0	1	3
2014/01/01-04:25:13	60	1,508.461	62.691	0	0	1	0	0	0	0	1	0	0	1	18
2014/01/01-04:26:31	60	1,508.461	62.691	1	0	0	0	0	0	1	1	0	0	1	6
2014/01/01-04:27:04	60	1,508.461	62.691	0	0	1	0	0	0	0	1	0	0	1	7
2014/01/01-04:27:36	60	1,508.461	62.691	1	0	0	0	0	0	1	1	0	0	1	3
2014/01/01-04:28:54	60	1,508.461	62.691	0	0	1	0	0	0	0	1	0	0	1	13
2014/01/01-04:29:57	60	1,508.461	62.691	2	0	0	0	0	0	1	1	0	0	1	11
2014/01/01-04:31:16	60	1,508.461	62.691	4	0	0	0	0	0	0	1	1	0	0	60
2014/01/01-04:32:35	60	1,508.461	62.691	5	0	1	0	1	0	0	1	0	0	1	26
2014/01/01-04:47:24	60	1,508.461	62.691	2	0	1	0	1	0	0	1	0	0	1	6
2014/01/01-04:47:54	60	1,508.461	62.691	4	0	0	0	1	0	0	1	1	0	0	25
2014/01/01-04:48:38	60	1,508.461	62.691	1	0	0	0	0	0	1	1	0	0	1	4
2014/01/01-04:49:25	60	1,508.461	62.691	4	0	0	2	1	0	0	1	1	0	0	28
2014/01/01-04:50:13	60	1,508.461	62.691	6	0	0	0	2	0	0	1	1	0	0	30
2014/01/01-08:19:45	62	1,477.997	62.264	1	0	1	0	0	0	0	1	0	0	1	3
2014/01/01-08:20:35	62	1,477.997	62.264	0	0	1	0	0	0	0	1	0	0	1	7
2014/01/01-08:21:01	62	1,477.997	62.264	1	0	1	0	0	0	0	1	0	0	1	8
2014/01/01-08:21:55	63	1,472.11	60.821	7	0	1	3	0	0	0	1	0	0	1	49
2014/01/01-08:23:03	63	1,472.11	60.821	3	0	1	0	0	0	0	1	0	0	1	29
2014/01/01-08:35:45	63	1,472.11	60.821	1	0	0	0	0	0	1	1	0	0	1	14
2014/01/01-08:36:18	63	1,472.11	60.821	0	0	1	0	0	0	0	1	0	0	1	16
2014/01/01-08:37:07	63	1,472.11	60.821	0	0	1	0	0	0	0	1	0	0	1	4
2014/01/01-08:37:36	63	1,472.11	60.821	1	0	1	0	0	0	0	1	0	0	1	3
2014/01/01-08:37:58	63	1,472.11	60.821	1	0	0	0	0	0	0	1	1	0	0	19
2014/01/01-08:53:38	63	1,472.11	60.821	9	0	0	3	1	0	0	1	1	0	0	60
2014/01/01-08:54:57	63	1,472.11	60.821	7	0	0	0	2	0	0	1	1	0	0	38
2014/01/01-08:55:54	63	1,472.11	60.821	1	0	0	0	1	0	1	1	0	0	1	3
2014/01/01-08:56:30	63	1,472.11	60.821	1	0	0	0	0	0	1	1	0	0	1	3
2014/01/01-08:57:06	65	1,463.01	55.433	1	0	0	0	0	0	1	1	0	0	1	3
2014/01/01-12:24:05	66	1,452.613	61.053	0	0	1	0	0	0	0	1	0	0	1	4
2014/01/01-12:25:10	66	1,452.613	61.053	1	0	0	0	0	0	1	1	0	0	1	3
2014/01/01-12:25:32	66	1,452.613	61.053	2	0	1	0	1	0	0	1	0	0	1	22
2014/01/01-12:26:13	66	1,452.613	61.053	6	0	0	2	0	0	1	1	0	0	1	36
2014/01/01-12:27:07	66	1,452.613	61.053	6	0	0	2	0	0	1	1	0	0	1	36
2014/01/01-12:40:25	66	1,452.613	61.053	5	0	1	0	1	0	0	1	0	0	1	50
2014/01/01-12:41:34	66	1,452.613	61.053	4	0	0	0	0	0	1	1	0	0	1	24
2014/01/01-12:42:20	66	1,452.613	61.053	1	0	1	0	0	0	0	1	0	0	1	3
2014/01/01-12:43:39	66	1,452.613	61.053	1	0	1	0	0	0	0	1	0	0	1	3
2014/01/01-12:44:50	66	1,452.613	61.053	3	0	0	0	1	0	0	1	1	0	0	18
2014/01/01-12:57:39	69	1,431.186	56.07	2	0	0	0	1	0	0	1	1	0	0	8
2014/01/01-12:58:06	69	1,431.186	56.07	2	0	0	0	2	0	0	1	1	0	0	21
2014/01/01-12:58:46	69	1,431.186	56.07	2	0	0	0	1	0	0	1	1	0	0	13
2014/01/01-12:59:18	69	1,431.186	56.07	0	0	1	0	0	0	0	1	0	0	1	9
2014/01/01-12:59:46	69	1,431.186	56.07	10	0	0	2	0	0	0	1	1	0	0	60
