2013/09/02-21:57:12	47	1,500	352.012	0	0	1	0	0	0	0	1	0	0	1	6
2013/09/02-22:01:41	47	1,500	352.012	0	0	1	0	0	0	0	1	0	0	1	6
2013/09/02-22:02:56	47	1,500	352.012	0	0	1	0	0	0	0	1	0	0	1	6
2013/09/02-22:11:48	47	1,500	352.012	0	0	1	0	0	0	0	1	0	0	1	5
2013/09/02-22:15:44	47	1,500	352.012	0	0	1	0	0	0	0	1	0	0	1	6
2013/09/02-22:28:52	47	1,500	352.012	0	0	1	0	0	0	0	1	0	0	1	7
2013/09/02-22:29:18	47	1,500	352.012	0	0	1	0	0	0	0	1	0	0	1	3
2013/09/02-22:29:43	47	1,500	352.012	0	0	1	0	0	0	0	1	0	0	1	4
2013/09/02-22:30:08	47	1,500	352.012	0	0	1	0	0	0	0	1	0	0	1	6
2013/09/02-22:30:33	47	1,500	352.012	0	0	1	0	0	0	0	1	0	0	1	12
2013/09/02-22:44:42	83	554.354	265.281	0	0	1	0	0	0	0	1	0	0	1	6
2013/09/02-22:45:07	83	554.354	265.281	0	0	1	0	0	0	0	1	0	0	1	6
2013/09/02-22:45:32	83	554.354	265.281	0	0	1	0	0	0	0	1	0	0	1	6
2013/09/02-22:45:57	83	554.354	265.281	0	0	0	0	0	0	0	1	1	0	0	6
2013/09/02-22:46:22	83	554.354	265.281	0	0	1	0	0	0	0	1	0	0	1	33
2013/09/03-00:15:11	80	706.047	214.427	0	0	1	0	0	0	0	1	0	0	1	6
2013/09/03-00:15:36	80	706.047	214.427	0	0	1	0	0	0	0	1	0	0	1	6
2013/09/03-00:16:01	80	706.047	214.427	0	0	0	0	0	0	0	1	1	0	0	6
2013/09/03-00:16:26	80	706.047	214.427	0	0	1	0	0	0	0	1	0	0	1	6
2013/09/03-00:16:51	80	706.047	214.427	0	0	1	0	0	0	0	1	0	0	1	6
2013/09/03-00:26:20	72	1,008.901	181.163	0	0	0	0	0	0	0	1	1	0	0	60
2013/09/03-00:27:39	72	1,008.901	181.163	0	0	1	0	0	0	0	1	0	0	1	6
2013/09/03-00:28:04	72	1,008.901	181.163	0	0	1	0	0	0	0	1	0	0	1	6
2013/09/03-00:29:00	72	1,008.901	181.163	0	0	0	0	0	0	0	1	1	0	0	60
2013/09/03-00:30:19	72	1,008.901	181.163	0	0	1	0	0	0	0	1	0	0	1	6
2013/09/03-00:35:14	72	1,008.901	181.163	0	0	1	0	0	0	0	1	0	0	1	6
2013/09/03-00:35:39	72	1,008.901	181.163	0	0	1	0	0	0	0	1	0	0	1	6
2013/09/03-00:36:04	72	1,008.901	181.163	0	0	1	0	0	0	0	1	0	0	1	6
2013/09/03-00:36:33	72	1,008.901	181.163	0	0	1	0	0	0	0	1	0	0	1	4
2013/09/03-00:36:58	72	1,008.901	181.163	0	0	0	0	0	0	0	1	1	0	0	6
2013/09/03-15:59:24	75	1,023.444	146.386	0	0	1	0	0	0	0	1	1	0	0	6
2013/09/03-15:59:49	75	1,023.444	146.386	0	0	1	0	0	0	0	1	0	0	1	6
2013/09/03-16:00:14	75	1,023.444	146.386	0	0	1	0	0	0	0	1	0	0	1	3
2013/09/03-16:00:39	75	1,023.444	146.386	0	0	1	0	0	0	0	1	0	0	1	13
2013/09/03-16:01:11	75	1,023.444	146.386	0	0	1	0	0	0	0	1	0	0	1	6
2013/09/03-16:10:34	72	1,053.666	125.863	0	0	1	0	0	0	0	1	0	0	1	6
2013/09/03-16:10:59	72	1,053.666	125.863	0	0	1	0	0	0	0	1	0	0	1	3
2013/09/03-16:11:21	72	1,053.666	125.863	0	0	1	0	0	0	0	1	0	0	1	9
2013/09/03-16:11:49	72	1,053.666	125.863	0	0	1	0	0	0	0	1	0	0	1	6
2013/09/03-16:12:14	72	1,053.666	125.863	0	0	0	0	0	0	0	1	1	0	0	60
2013/09/03-16:20:16	72	1,053.666	125.863	0	0	0	0	0	0	0	1	1	0	0	12
2013/09/03-16:20:47	72	1,053.666	125.863	0	0	1	0	0	0	0	1	0	0	1	22
2013/09/03-16:21:32	72	1,053.666	125.863	0	0	1	0	0	0	0	1	0	0	1	6
2013/09/03-16:22:00	72	1,053.666	125.863	0	0	1	0	0	0	0	1	0	0	1	3
2013/09/03-16:22:27	72	1,053.666	125.863	0	0	1	0	0	0	0	1	0	0	1	5
2013/09/03-20:48:34	67	1,107.438	108.15	0	0	1	0	0	0	0	1	0	0	1	6
2013/09/03-20:48:59	67	1,107.438	108.15	0	0	1	0	0	0	0	1	0	0	1	6
2013/09/03-20:49:24	72	1,050.559	102.409	0	0	1	0	0	0	0	1	0	0	1	6
2013/09/03-20:49:49	72	1,050.559	102.409	0	0	0	0	0	0	0	1	1	0	0	8
2013/09/03-20:50:15	72	1,050.559	102.409	0	0	1	0	0	0	0	1	0	0	1	6
2013/09/03-20:53:28	72	1,050.559	102.409	0	0	1	0	0	0	0	1	0	0	1	3
2013/09/03-20:54:05	72	1,050.559	102.409	0	0	1	0	0	0	0	1	0	0	1	6
2013/09/03-20:54:29	72	1,050.559	102.409	0	0	1	0	0	0	0	1	0	0	1	6
2013/09/03-20:54:54	72	1,050.559	102.409	0	0	0	0	0	0	0	1	1	0	0	6
2013/09/03-20:55:19	72	1,050.559	102.409	0	0	1	0	0	0	0	1	0	0	1	3
2013/09/03-21:03:27	72	1,050.559	102.409	0	0	0	0	0	0	0	1	1	0	0	6
2013/09/03-21:03:51	72	1,050.559	102.409	0	0	1	0	0	0	0	1	0	0	1	6
2013/09/03-21:04:16	72	1,050.559	102.409	0	0	0	0	0	0	0	1	1	0	0	6
2013/09/03-21:04:41	72	1,050.559	102.409	0	0	1	0	0	0	0	1	0	0	1	6
2013/09/03-21:05:06	72	1,050.559	102.409	0	0	1	0	0	0	0	1	0	0	1	6
2013/09/03-21:05:38	72	1,050.559	102.409	0	0	1	0	0	0	0	1	0	1	0	6
2013/09/03-21:06:09	72	1,050.559	102.409	0	0	1	0	0	0	0	1	0	0	1	6
2013/09/04-16:12:54	78	928.337	89.014	0	0	1	0	0	0	0	1	0	0	1	6
2013/09/04-16:13:19	78	928.337	89.014	0	0	1	0	0	0	0	1	0	0	1	3
2013/09/04-16:13:46	78	928.337	89.014	0	0	0	0	0	0	0	1	1	0	0	6
2013/09/04-16:14:11	78	928.337	89.014	0	0	0	0	0	0	0	1	1	0	0	6
2013/09/04-16:14:35	78	928.337	89.014	0	0	1	0	0	0	0	1	0	0	1	6
2013/09/04-16:26:44	74	1,004.017	81.897	0	0	1	0	0	0	0	1	0	0	1	6
2013/09/04-16:27:09	74	1,004.017	81.897	0	0	1	0	0	0	0	1	0	0	1	6
2013/09/04-16:27:34	74	1,004.017	81.897	0	0	1	0	0	0	0	1	0	0	1	6
2013/09/04-16:27:58	74	1,004.017	81.897	0	0	1	1	0	0	0	1	0	0	1	25
2013/09/04-16:28:42	74	1,004.017	81.897	0	0	1	0	0	0	0	1	0	0	1	6
2013/09/04-16:37:52	74	1,004.017	81.897	0	0	1	0	0	0	0	1	0	0	1	6
2013/09/04-16:38:17	74	1,004.017	81.897	0	0	1	0	0	0	0	1	0	0	1	6
2013/09/04-16:38:42	74	1,004.017	81.897	0	0	1	0	0	0	0	1	0	0	1	3
2013/09/04-16:39:07	74	1,004.017	81.897	0	0	0	0	0	0	0	1	1	0	0	6
2013/09/04-16:39:32	74	1,004.017	81.897	0	0	1	0	0	0	0	1	0	0	1	6
2013/09/04-22:57:48	79	954.483	77.889	0	0	1	0	0	0	0	1	0	0	1	6
2013/09/04-22:58:14	79	954.483	77.889	0	0	1	0	0	0	0	1	0	0	1	6
2013/09/04-22:58:39	79	954.483	77.889	0	0	1	0	0	0	0	1	0	0	1	55
2013/09/04-22:59:52	79	954.483	77.889	0	0	1	0	0	0	0	1	0	0	1	34
2013/09/04-23:00:45	79	954.483	77.889	0	0	1	0	0	0	0	1	0	0	1	6
2013/09/04-23:05:39	79	954.483	77.889	0	0	1	0	0	0	0	1	0	0	1	6
2013/09/04-23:06:04	79	954.483	77.889	0	0	1	0	0	0	0	1	0	0	1	3
2013/09/04-23:06:29	79	954.483	77.889	0	0	0	0	0	0	0	1	1	0	0	9
2013/09/04-23:06:57	79	954.483	77.889	0	0	1	0	0	0	0	1	0	0	1	19
2013/09/04-23:07:35	79	954.483	77.889	0	0	1	0	0	0	0	1	0	0	1	6
2013/09/04-23:15:59	73	996.182	69.373	0	0	1	0	0	0	0	1	0	0	1	6
2013/09/04-23:16:26	73	996.182	69.373	0	0	0	0	0	0	0	1	1	0	0	14
2013/09/04-23:16:59	73	996.182	69.373	0	0	0	0	0	0	0	1	1	0	0	60
2013/09/04-23:18:18	73	996.182	69.373	0	0	1	0	0	0	0	1	0	0	1	6
2013/09/04-23:18:42	73	996.182	69.373	0	0	1	0	0	0	0	1	0	0	1	6
2013/09/05-03:36:44	72	1,012.951	70.895	0	0	1	0	0	0	0	1	1	0	0	6
2013/09/05-03:37:09	72	1,012.951	70.895	0	0	0	0	0	0	0	1	1	0	0	60
2013/09/05-03:38:28	72	1,012.951	70.895	0	0	1	0	0	0	0	1	0	0	1	3
2013/09/05-03:38:52	72	1,012.951	70.895	0	0	1	0	0	0	0	1	0	0	1	6
2013/09/05-03:39:17	72	1,012.951	70.895	0	0	1	0	0	0	0	1	0	0	1	33
2013/09/05-03:42:26	71	1,020.462	66.382	0	0	1	0	0	0	0	1	0	0	1	4
2013/09/05-03:42:51	71	1,020.462	66.382	0	0	0	0	0	0	0	1	1	0	0	6
2013/09/05-03:43:16	71	1,020.462	66.382	0	0	1	0	0	0	0	1	0	0	1	43
2013/09/05-03:44:18	71	1,020.462	66.382	0	0	0	0	0	0	0	1	1	0	0	6
2013/09/05-03:44:42	71	1,020.462	66.382	0	0	0	0	0	0	0	1	1	0	0	6
2013/09/05-03:54:39	71	1,020.462	66.382	0	0	1	0	0	0	0	1	1	0	0	6
2013/09/05-03:55:04	71	1,020.462	66.382	0	0	0	0	0	0	0	1	1	0	0	6
2013/09/05-03:55:29	71	1,020.462	66.382	0	0	1	0	0	0	0	1	0	0	1	6
2013/09/05-03:55:54	71	1,020.462	66.382	0	0	1	0	0	0	0	1	0	0	1	6
2013/09/05-03:56:19	71	1,020.462	66.382	0	0	1	0	0	0	0	1	0	0	1	6
2013/09/06-01:17:14	71	1,025.805	66.046	0	0	0	0	0	0	0	1	1	0	0	8
2013/09/06-01:17:41	71	1,025.805	66.046	0	0	1	0	0	0	0	1	0	0	1	6
2013/09/06-01:18:06	71	1,025.805	66.046	0	0	0	0	0	0	0	1	1	0	0	13
2013/09/06-01:18:38	70	1,053.624	63.568	0	0	1	0	0	0	0	1	0	0	1	6
2013/09/06-01:19:03	70	1,053.624	63.568	0	0	1	0	0	0	0	1	0	0	1	6
2013/09/06-01:23:55	70	1,053.624	63.568	0	0	1	0	0	0	0	1	0	0	1	9
2013/09/06-01:25:01	70	1,053.624	63.568	0	0	1	0	0	0	0	1	0	0	1	12
2013/09/06-01:25:32	70	1,053.624	63.568	0	0	0	0	0	0	0	1	1	0	0	14
2013/09/06-01:26:05	70	1,053.624	63.568	0	0	1	0	0	0	0	1	0	0	1	52
2013/09/06-01:27:16	70	1,053.624	63.568	0	0	1	0	0	0	0	1	0	0	1	6
2013/09/06-01:37:14	70	1,060.768	59.218	0	0	1	0	0	0	0	1	0	0	1	6
2013/09/06-01:38:11	70	1,060.768	59.218	0	0	1	0	0	0	0	1	0	0	1	6
2013/09/06-01:38:43	70	1,060.768	59.218	0	0	1	0	0	0	0	1	0	0	1	33
2013/09/06-01:39:35	70	1,060.768	59.218	0	0	1	0	0	0	0	1	0	0	1	6
2013/09/06-01:40:20	70	1,060.768	59.218	0	0	1	0	0	0	0	1	0	0	1	13
2013/09/09-08:00:15	70	1,062.67	71.349	0	0	1	0	0	0	0	1	0	0	1	6
2013/09/09-08:00:41	70	1,062.67	71.349	0	0	1	0	0	0	0	1	0	0	1	6
2013/09/09-08:01:06	70	1,062.67	71.349	0	0	1	0	0	0	0	1	0	0	1	6
2013/09/09-08:01:31	70	1,062.67	71.349	0	0	1	0	0	0	0	1	0	0	1	6
2013/09/09-08:01:56	70	1,062.67	71.349	0	0	0	0	0	0	0	1	1	0	0	26
2013/09/09-08:48:29	71	1,058.704	66.663	0	0	1	0	0	0	0	1	0	0	1	6
2013/09/09-08:48:53	71	1,058.704	66.663	0	0	1	0	0	0	0	1	0	0	1	6
2013/09/09-08:49:18	71	1,058.704	66.663	0	0	1	0	0	0	0	1	0	0	1	6
2013/09/09-08:49:43	71	1,058.704	66.663	0	0	1	0	0	0	0	1	0	0	1	6
2013/09/09-08:50:10	71	1,058.704	66.663	0	0	1	0	0	0	0	1	0	0	1	6
2013/09/09-08:50:41	71	1,058.704	66.663	0	0	0	0	0	0	0	1	1	0	0	6
2013/09/09-20:30:45	71	1,058.704	66.663	0	0	1	0	0	0	0	1	0	0	1	6
2013/09/09-20:31:11	71	1,058.704	66.663	0	0	1	0	0	0	0	1	0	0	1	6
2013/09/09-20:31:36	71	1,058.704	66.663	0	0	1	0	0	0	0	1	0	0	1	6
2013/09/09-20:32:01	71	1,058.704	66.663	0	0	1	0	0	0	0	1	0	0	1	6
2013/09/09-20:32:25	71	1,058.704	66.663	0	0	1	0	0	0	0	1	0	0	1	6
2013/09/10-23:11:35	75	1,033.173	66.668	0	0	1	0	0	0	0	1	0	0	1	47
2013/09/10-23:13:12	75	1,033.173	66.668	0	0	1	0	0	0	0	1	0	0	1	6
2013/09/10-23:14:39	75	1,033.173	66.668	0	0	1	0	0	0	0	1	0	0	1	9
2013/09/10-23:15:12	75	1,033.173	66.668	0	0	1	0	0	0	0	1	0	0	1	6
2013/09/10-23:15:53	75	1,033.173	66.668	0	0	0	0	0	0	0	1	0	0	1	60
2013/09/10-23:20:34	75	1,033.173	66.668	0	0	1	0	0	0	0	1	0	0	1	6
2013/09/10-23:20:58	75	1,033.173	66.668	0	0	1	0	0	0	0	1	0	0	1	6
2013/09/10-23:21:23	75	1,033.173	66.668	0	0	1	0	0	0	0	1	0	0	1	6
2013/09/10-23:21:48	75	1,033.173	66.668	0	0	1	0	0	0	0	1	0	0	1	6
2013/09/10-23:22:13	76	1,009.598	60.714	0	0	1	0	0	0	0	1	0	0	1	6
2013/09/10-23:50:32	76	1,009.598	60.714	0	0	0	0	0	0	0	1	1	0	0	6
2013/09/10-23:50:57	76	1,009.598	60.714	0	0	1	0	0	0	0	1	0	0	1	6
2013/09/10-23:51:22	76	1,009.598	60.714	0	0	0	0	0	0	0	1	1	0	0	6
2013/09/10-23:51:47	76	1,009.598	60.714	0	0	1	0	0	0	0	1	0	0	1	9
2013/09/10-23:52:15	76	1,009.598	60.714	0	0	0	0	0	0	0	1	1	0	0	6
2013/09/11-14:30:49	75	1,033.552	64.462	0	0	1	0	0	0	0	1	0	0	1	12
2013/09/11-14:31:20	75	1,033.552	64.462	0	0	0	0	0	0	0	1	1	0	0	13
2013/09/11-14:31:51	75	1,033.552	64.462	0	0	1	0	0	0	0	1	0	0	1	6
2013/09/11-14:32:16	75	1,033.552	64.462	0	0	1	0	0	0	0	1	0	0	1	6
2013/09/11-14:32:42	75	1,033.552	64.462	0	0	1	1	0	0	0	1	0	0	1	53
2013/09/11-14:45:00	75	1,033.552	64.462	0	0	1	0	0	0	0	1	0	0	1	6
2013/09/11-14:46:02	75	1,033.552	64.462	0	0	1	0	0	0	0	1	0	0	1	9
2013/09/11-14:47:17	75	1,033.552	64.462	0	0	1	0	0	0	0	1	0	0	1	29
2013/09/11-14:48:15	75	1,038.845	59.454	0	0	1	0	0	0	0	1	0	0	1	6
2013/09/11-14:49:34	75	1,038.845	59.454	0	0	1	0	0	0	0	1	0	0	1	21
2013/09/11-14:55:44	75	1,038.845	59.454	0	0	1	0	0	0	0	1	0	0	1	36
2013/09/11-14:56:39	75	1,038.845	59.454	0	0	1	0	0	0	0	1	0	0	1	6
2013/09/11-14:57:08	75	1,038.845	59.454	0	0	0	0	0	0	0	1	1	0	0	30
2013/09/11-14:57:57	75	1,038.845	59.454	0	0	0	0	0	0	0	1	1	0	0	12
2013/09/11-14:58:27	75	1,038.845	59.454	0	0	0	0	0	0	0	1	1	0	0	20
2013/09/12-08:36:36	75	1,054.437	62.232	0	0	0	0	0	0	0	1	1	0	0	60
2013/09/12-08:37:55	75	1,054.437	62.232	0	0	1	0	0	0	0	1	0	0	1	9
2013/09/12-08:38:27	75	1,054.437	62.232	0	0	1	0	0	0	0	1	0	0	1	26
2013/09/12-08:39:37	75	1,054.437	62.232	0	0	1	0	0	0	0	1	0	0	1	6
2013/09/12-08:40:02	75	1,054.437	62.232	0	0	0	0	0	0	0	1	1	0	0	51
2013/09/12-08:44:49	73	1,061.579	59.007	0	0	1	0	0	0	0	1	0	0	1	6
2013/09/12-08:45:14	73	1,061.579	59.007	0	0	1	0	0	0	0	1	0	0	1	6
2013/09/12-08:45:39	73	1,061.579	59.007	0	0	1	0	0	0	0	1	0	0	1	6
2013/09/12-08:46:04	73	1,061.579	59.007	0	0	1	0	0	0	0	1	0	0	1	6
2013/09/12-08:46:29	73	1,061.579	59.007	0	0	1	0	0	0	0	1	0	0	1	6
2013/09/12-09:00:14	73	1,061.579	59.007	0	0	0	0	0	0	0	1	1	0	0	9
2013/09/12-09:00:42	73	1,061.579	59.007	0	0	0	0	0	0	0	1	1	0	0	6
2013/09/12-09:01:07	73	1,061.579	59.007	0	0	1	0	0	0	0	1	0	0	1	6
2013/09/12-09:01:32	73	1,061.579	59.007	0	0	1	0	0	0	0	1	0	0	1	6
2013/09/12-09:01:57	73	1,061.579	59.007	0	0	0	0	0	0	0	1	1	0	0	8
2013/09/13-21:03:37	73	1,068.337	71.656	0	0	1	0	0	0	0	1	0	0	1	6
2013/09/13-21:04:02	73	1,068.337	71.656	0	0	1	0	0	0	0	1	0	0	1	6
2013/09/13-21:04:27	73	1,068.337	71.656	0	0	1	0	0	0	0	1	0	0	1	6
2013/09/13-21:04:55	73	1,068.337	71.656	0	0	1	0	0	0	0	1	0	0	1	6
2013/09/13-21:05:25	73	1,068.337	71.656	0	0	1	0	0	0	0	1	0	0	1	6
2013/09/13-21:05:56	73	1,068.337	71.656	0	0	1	0	0	0	0	1	0	0	1	6
2013/09/13-21:15:46	73	1,068.337	71.656	0	0	0	0	0	0	0	1	1	0	0	6
2013/09/13-21:16:11	73	1,068.337	71.656	0	0	1	0	0	0	0	1	0	0	1	6
2013/09/13-21:16:36	73	1,068.337	71.656	0	0	0	0	0	0	0	1	1	0	0	9
2013/09/13-21:18:58	73	1,068.337	71.656	0	0	1	0	0	0	0	1	0	0	1	6
2013/09/13-21:19:20	73	1,068.337	71.656	0	0	1	0	0	0	0	1	0	0	1	6
2013/09/13-21:28:11	73	1,091.399	63.734	0	0	0	0	0	0	0	1	1	0	0	9
2013/09/13-21:28:40	73	1,091.399	63.734	0	0	0	0	0	0	0	1	1	0	0	6
2013/09/13-21:29:05	73	1,091.399	63.734	0	0	1	0	0	0	0	1	0	0	1	6
2013/09/13-21:29:30	73	1,091.399	63.734	0	0	1	0	0	0	0	1	0	0	1	6
2013/09/13-21:29:55	73	1,091.399	63.734	0	0	1	0	0	0	0	1	0	0	1	12
2013/09/13-23:05:43	72	1,115.941	60.199	0	0	0	0	0	0	0	1	0	0	1	60
2013/09/13-23:07:02	72	1,115.941	60.199	0	0	1	0	0	0	0	1	0	0	1	19
2013/09/13-23:07:50	72	1,115.941	60.199	0	0	1	0	0	0	0	1	0	0	1	8
2013/09/13-23:09:08	72	1,115.941	60.199	0	0	1	0	0	0	0	1	0	0	1	34
2013/09/13-23:10:01	72	1,115.941	60.199	0	0	1	0	0	0	0	1	0	0	1	6
2013/09/13-23:16:45	72	1,115.941	60.199	0	0	1	0	0	0	0	1	0	0	1	33
2013/09/13-23:17:34	72	1,115.941	60.199	0	0	1	0	0	0	0	1	0	0	1	17
2013/09/13-23:18:11	72	1,115.941	60.199	0	0	1	0	0	0	0	1	0	0	1	6
2013/09/13-23:18:51	72	1,115.941	60.199	0	0	1	0	0	0	0	1	0	0	1	19
2013/09/13-23:19:29	72	1,115.941	60.199	0	0	0	0	0	0	0	1	1	0	0	60
2013/09/13-23:36:08	71	1,134.677	57.413	0	0	0	0	0	0	0	1	0	0	1	60
2013/09/13-23:37:27	71	1,134.677	57.413	0	0	1	0	0	0	0	1	0	0	1	13
2013/09/13-23:38:46	71	1,134.677	57.413	0	0	1	0	0	0	0	1	0	0	1	13
2013/09/13-23:39:27	71	1,134.677	57.413	0	0	1	0	0	0	0	1	0	0	1	58
2013/09/13-23:40:46	71	1,134.677	57.413	0	0	0	0	0	0	0	1	0	0	1	60
2013/09/14-02:16:42	70	1,152.08	57.12	0	0	1	0	0	0	0	1	0	0	1	6
2013/09/14-02:17:32	70	1,152.08	57.12	0	0	1	0	0	0	0	1	0	0	1	13
2013/09/14-02:18:24	70	1,152.08	57.12	0	0	1	0	0	0	0	1	0	0	1	8
2013/09/14-02:19:38	70	1,152.08	57.12	0	0	1	0	0	0	0	1	0	0	1	12
2013/09/14-02:20:52	70	1,152.08	57.12	0	0	1	0	0	0	0	1	0	0	1	12
2013/09/14-02:33:06	70	1,152.08	57.12	0	0	0	0	0	0	0	1	0	0	1	60
2013/09/14-02:34:25	70	1,152.08	57.12	0	0	0	0	0	0	0	1	1	0	0	60
2013/09/14-02:35:43	70	1,152.08	57.12	0	0	1	0	0	0	0	1	0	0	1	13
2013/09/14-02:36:23	70	1,152.08	57.12	0	0	1	0	0	0	0	1	0	0	1	6
2013/09/14-02:37:16	70	1,152.08	57.12	0	0	1	0	0	0	0	1	0	0	1	6
2013/09/14-02:51:09	70	1,162.319	55.049	0	0	1	0	0	0	0	1	0	0	1	9
2013/09/14-02:51:46	70	1,162.319	55.049	0	0	1	0	0	0	0	1	0	0	1	6
2013/09/14-02:52:40	70	1,162.319	55.049	0	0	1	0	0	0	0	1	0	0	1	6
2013/09/14-02:53:43	70	1,162.319	55.049	0	0	0	0	0	0	0	1	1	0	0	33
2013/09/14-02:54:34	70	1,162.319	55.049	0	0	1	0	0	0	0	1	0	0	1	6
2013/09/14-05:32:40	70	1,152.858	55.833	0	0	1	0	0	0	0	1	0	0	1	6
2013/09/14-05:33:59	70	1,152.858	55.833	0	0	0	0	0	0	0	1	1	0	0	43
2013/09/14-05:35:00	70	1,152.858	55.833	0	0	1	0	0	0	0	1	0	0	1	13
2013/09/14-05:36:19	70	1,152.858	55.833	0	0	1	0	0	0	0	1	0	0	1	6
2013/09/14-05:37:37	70	1,152.858	55.833	0	0	1	0	0	0	0	1	0	0	1	13
2013/09/14-05:41:36	70	1,152.858	55.833	0	0	0	0	0	0	0	1	1	0	0	11
2013/09/14-05:42:06	70	1,152.858	55.833	0	0	1	0	0	0	0	1	0	0	1	6
2013/09/14-05:42:30	70	1,152.858	55.833	0	0	1	0	0	0	0	1	0	0	1	6
2013/09/14-05:42:56	70	1,152.858	55.833	0	0	0	0	0	0	0	1	1	0	0	14
2013/09/14-05:43:29	70	1,152.858	55.833	0	0	1	0	0	0	0	1	0	0	1	6
2013/09/14-05:59:05	70	1,161.943	53.185	0	0	1	0	0	0	0	1	0	0	1	6
2013/09/14-05:59:56	70	1,161.943	53.185	0	0	1	0	0	0	0	1	0	0	1	23
2013/09/14-06:00:52	70	1,161.943	53.185	0	0	1	0	0	0	0	1	0	0	1	6
2013/09/14-06:01:36	70	1,161.943	53.185	0	0	1	0	0	0	0	1	0	0	1	27
2013/09/14-06:02:22	70	1,161.943	53.185	0	0	1	0	0	0	0	1	0	0	1	23
2013/09/14-10:22:39	71	1,154.085	54.672	0	0	1	0	0	0	0	1	0	0	1	13
2013/09/14-10:23:59	71	1,154.085	54.672	0	0	1	0	0	0	0	1	0	0	1	26
2013/09/14-10:25:17	71	1,154.085	54.672	0	0	1	0	0	0	0	1	0	0	1	51
2013/09/14-10:26:36	71	1,154.085	54.672	0	0	1	0	0	0	0	1	0	0	1	6
2013/09/14-10:27:39	71	1,154.085	54.672	0	0	1	0	0	0	0	1	0	0	1	9
2013/09/14-10:37:12	71	1,154.085	54.672	0	0	1	0	0	0	0	1	0	0	1	38
2013/09/14-10:38:31	71	1,154.085	54.672	0	0	1	0	0	0	0	1	0	0	1	6
2013/09/14-10:39:50	71	1,154.085	54.672	0	0	1	0	0	0	0	1	0	0	1	36
2013/09/14-10:41:08	71	1,154.085	54.672	0	0	1	0	0	0	0	1	0	0	1	6
2013/09/14-10:42:05	71	1,154.085	54.672	0	0	1	0	0	0	0	1	0	0	1	6
2013/09/14-10:56:55	72	1,147.237	53.425	0	0	1	0	0	0	0	1	0	0	1	6
2013/09/14-10:57:19	72	1,147.237	53.425	0	0	0	0	0	0	0	1	1	0	0	6
2013/09/14-10:57:44	72	1,147.237	53.425	0	0	0	0	0	0	0	1	1	0	0	6
2013/09/14-10:58:09	72	1,147.237	53.425	0	0	1	0	0	0	0	1	0	0	1	6
2013/09/14-10:58:34	72	1,147.237	53.425	0	0	1	0	0	0	0	1	0	0	1	6
2013/09/14-15:45:06	73	1,142.77	57.845	0	0	1	0	0	0	0	1	0	0	1	30
2013/09/14-15:45:55	73	1,142.77	57.845	0	0	1	0	0	0	0	1	0	0	1	29
2013/09/14-15:46:57	73	1,142.77	57.845	0	0	1	0	0	0	0	1	0	0	1	6
2013/09/14-15:47:35	73	1,142.77	57.845	0	0	1	0	0	0	0	1	0	0	1	23
2013/09/14-15:48:17	73	1,142.77	57.845	0	0	0	0	0	0	0	1	1	0	0	31
2013/09/14-15:51:47	70	1,164.33	56.99	0	0	0	0	0	0	0	1	1	0	0	16
2013/09/14-15:52:21	70	1,164.33	56.99	0	0	1	0	0	0	0	1	0	0	1	11
2013/09/14-15:52:55	70	1,164.33	56.99	0	0	0	0	0	0	0	1	1	0	0	16
2013/09/14-15:53:30	70	1,164.33	56.99	0	0	0	0	0	0	0	1	1	0	0	11
2013/09/14-15:53:59	70	1,164.33	56.99	0	0	1	0	0	0	0	1	0	0	1	13
2013/09/14-16:09:01	70	1,164.33	56.99	0	0	1	0	0	0	0	1	0	0	1	9
2013/09/14-16:09:29	70	1,164.33	56.99	0	0	1	0	0	0	0	1	0	0	1	6
2013/09/14-16:09:56	70	1,164.33	56.99	0	0	1	0	0	0	0	1	0	0	1	6
2013/09/14-16:10:24	70	1,164.33	56.99	0	0	1	0	0	0	0	1	0	0	1	6
2013/09/14-16:10:52	70	1,164.33	56.99	0	0	1	0	0	0	0	1	0	0	1	9
2013/09/14-19:18:11	72	1,151.891	58.41	0	0	1	0	0	0	0	1	0	0	1	6
2013/09/14-19:18:42	72	1,151.891	58.41	0	0	1	0	0	0	0	1	0	0	1	6
2013/09/14-19:19:13	72	1,151.891	58.41	0	0	1	0	0	0	0	1	0	0	1	6
2013/09/14-19:20:02	72	1,151.891	58.41	0	0	1	0	0	0	0	1	0	0	1	6
2013/09/14-19:20:27	72	1,151.891	58.41	0	0	0	0	0	0	0	1	0	0	1	60
2013/09/14-19:27:57	72	1,151.891	58.41	0	0	0	0	0	0	0	1	1	0	0	8
2013/09/14-19:28:24	72	1,151.891	58.41	0	0	1	0	0	0	0	1	0	0	1	6
2013/09/14-19:28:48	72	1,151.891	58.41	0	0	1	0	0	0	0	1	0	0	1	6
2013/09/14-19:29:13	72	1,151.891	58.41	0	0	1	0	0	0	0	1	0	0	1	6
2013/09/14-19:29:38	72	1,151.891	58.41	0	0	1	0	0	0	0	1	0	0	1	9
2013/09/14-19:46:03	72	1,135.648	55.564	0	0	1	0	0	0	0	1	0	0	1	6
2013/09/14-19:46:28	72	1,135.648	55.564	0	0	0	0	0	0	0	1	1	0	0	6
2013/09/14-19:46:53	72	1,135.648	55.564	0	0	1	0	0	0	0	1	0	0	1	6
2013/09/14-19:47:18	72	1,135.648	55.564	0	0	0	0	0	0	0	1	1	0	0	10
2013/09/14-19:47:47	72	1,135.648	55.564	0	0	1	0	0	0	0	1	0	0	1	6
2013/09/14-23:17:58	72	1,138.499	57.481	0	0	1	0	0	0	0	1	0	0	1	38
2013/09/14-23:19:17	72	1,138.499	57.481	0	0	1	0	0	0	0	1	0	0	1	23
2013/09/14-23:20:36	72	1,138.499	57.481	0	0	1	0	0	0	0	1	0	0	1	18
2013/09/14-23:21:55	72	1,138.499	57.481	0	0	1	0	0	0	0	1	0	0	1	6
2013/09/14-23:23:13	72	1,138.499	57.481	0	0	1	0	0	0	0	1	0	0	1	25
2013/09/14-23:43:58	71	1,155.262	57.495	0	0	1	0	0	0	0	1	0	0	1	48
2013/09/14-23:45:17	71	1,155.262	57.495	0	0	1	0	0	0	0	1	0	0	1	9
2013/09/14-23:46:36	71	1,155.262	57.495	0	0	1	0	0	0	0	1	0	0	1	22
2013/09/14-23:47:55	71	1,155.262	57.495	0	0	1	0	0	0	0	1	0	0	1	6
2013/09/14-23:48:39	71	1,155.262	57.495	0	0	1	0	0	0	0	1	0	0	1	26
2013/09/15-00:01:24	71	1,155.262	57.495	0	0	1	0	0	0	0	1	0	0	1	21
2013/09/15-00:02:04	71	1,155.262	57.495	0	0	1	0	0	0	0	1	0	0	1	6
2013/09/15-00:02:29	71	1,155.262	57.495	0	0	1	0	0	0	0	1	0	0	1	6
2013/09/15-00:02:53	71	1,155.262	57.495	0	0	1	0	0	0	0	1	0	0	1	6
2013/09/15-00:03:18	72	1,148.509	55.239	0	0	1	0	0	0	0	1	0	0	1	6
2013/09/15-15:56:36	72	1,139.481	63.74	0	0	1	0	0	0	0	1	0	0	1	6
2013/09/15-15:57:01	72	1,139.481	63.74	0	0	0	0	0	0	0	1	1	0	0	6
2013/09/15-15:57:26	72	1,139.481	63.74	0	0	1	0	0	0	0	1	0	0	1	6
2013/09/15-15:57:51	72	1,139.481	63.74	0	0	0	0	0	0	0	1	0	0	1	60
2013/09/15-15:59:09	72	1,139.481	63.74	0	0	1	0	0	0	0	1	0	0	1	6
2013/09/15-16:04:44	73	1,125.775	60.815	0	0	1	0	0	0	0	1	0	0	1	6
2013/09/15-16:05:09	73	1,125.775	60.815	0	0	0	0	0	0	0	1	1	0	0	15
2013/09/15-16:05:43	73	1,125.775	60.815	0	0	1	0	0	0	0	1	0	0	1	6
2013/09/15-16:06:08	73	1,125.775	60.815	0	0	1	0	0	0	0	1	0	0	1	6
2013/09/15-16:06:39	73	1,125.775	60.815	0	0	1	0	0	0	0	1	0	0	1	6
2013/09/15-16:14:11	73	1,125.775	60.815	0	0	0	0	0	0	0	1	1	0	0	6
2013/09/15-16:14:36	73	1,125.775	60.815	0	0	1	0	0	0	0	1	1	0	0	6
2013/09/15-16:15:01	73	1,125.775	60.815	0	0	1	0	0	0	0	1	0	0	1	6
2013/09/15-16:15:26	73	1,125.775	60.815	0	0	1	0	0	0	0	1	0	0	1	6
2013/09/15-16:15:51	73	1,125.775	60.815	0	0	0	0	0	0	0	1	1	0	0	6
2013/09/15-22:01:14	73	1,124.881	62.385	0	0	0	0	0	0	0	1	1	0	0	6
2013/09/15-22:01:39	72	1,132.884	61.857	0	0	1	0	0	0	0	1	0	0	1	6
2013/09/15-22:02:04	72	1,132.884	61.857	0	0	0	0	0	0	0	1	1	0	0	6
2013/09/15-22:02:29	72	1,132.884	61.857	0	0	1	0	0	0	0	1	0	0	1	6
2013/09/15-22:02:54	72	1,132.884	61.857	0	0	0	0	0	0	0	1	1	0	0	6
2013/09/15-22:14:40	72	1,132.884	61.857	0	0	1	0	0	0	0	1	0	0	1	6
2013/09/15-22:15:05	72	1,132.884	61.857	0	0	0	0	0	0	0	1	1	0	0	6
2013/09/15-22:15:30	72	1,132.884	61.857	0	0	1	0	0	0	0	1	0	0	1	6
2013/09/15-22:15:55	72	1,132.884	61.857	0	0	0	1	0	0	0	1	1	0	0	42
2013/09/15-22:16:56	72	1,132.884	61.857	0	0	1	0	0	0	0	1	0	0	1	6
2013/09/15-22:24:10	71	1,160.952	56.966	0	0	1	0	0	0	0	1	0	0	1	6
2013/09/15-22:24:37	71	1,160.952	56.966	0	0	0	0	0	0	0	1	1	0	0	7
2013/09/15-22:25:02	71	1,160.952	56.966	0	0	1	0	0	0	0	1	0	0	1	6
2013/09/15-22:25:55	71	1,160.952	56.966	0	0	1	0	0	0	0	1	0	0	1	6
2013/09/15-22:26:23	71	1,160.952	56.966	0	0	1	0	0	0	0	1	0	0	1	6
2013/09/16-21:30:51	72	1,150.345	61.179	0	0	1	0	0	0	0	1	0	0	1	6
2013/09/16-21:31:16	72	1,150.345	61.179	0	0	0	0	0	0	0	1	1	0	0	7
2013/09/16-21:31:42	72	1,150.345	61.179	0	0	0	0	0	0	0	1	1	0	0	9
2013/09/16-21:32:09	72	1,150.345	61.179	0	0	0	0	0	0	0	1	1	0	0	7
2013/09/16-21:32:34	72	1,150.345	61.179	0	0	1	0	0	0	0	1	0	0	1	6
2013/09/16-21:41:51	71	1,147.511	58.273	0	0	0	0	0	0	0	1	1	0	0	8
2013/09/16-21:42:17	71	1,147.511	58.273	0	0	0	0	0	0	0	1	1	0	0	6
2013/09/16-21:42:42	71	1,147.511	58.273	0	0	1	0	0	0	0	1	0	0	1	6
2013/09/16-21:43:10	71	1,147.511	58.273	0	0	0	0	0	0	0	1	1	0	0	6
2013/09/16-21:43:35	71	1,147.511	58.273	0	0	1	0	0	0	0	1	0	0	1	6
2013/09/16-21:53:55	71	1,147.511	58.273	0	0	0	0	0	0	0	1	1	0	0	12
2013/09/16-21:54:26	70	1,161.801	55.391	0	0	1	0	0	0	0	1	0	0	1	6
2013/09/16-21:54:54	70	1,161.801	55.391	0	0	1	0	0	0	0	1	0	0	1	43
2013/09/16-21:55:57	70	1,161.801	55.391	0	0	1	1	0	0	0	1	0	0	1	19
2013/09/16-21:56:34	70	1,161.801	55.391	0	0	0	0	0	0	0	1	1	0	0	34
2013/09/17-18:49:43	70	1,168.531	57.609	0	0	1	0	0	0	0	1	0	0	1	6
2013/09/17-18:50:10	70	1,168.531	57.609	0	0	1	0	0	0	0	1	0	0	1	0
2013/09/17-20:08:54	70	1,168.531	57.609	0	0	1	0	0	0	0	1	0	0	1	6
2013/09/17-20:09:26	70	1,168.531	57.609	0	0	0	0	0	0	0	1	1	0	0	60
2013/09/17-20:10:45	70	1,168.531	57.609	0	0	1	0	0	0	0	1	0	0	1	6
2013/09/17-20:20:53	70	1,152.4	55.251	0	0	0	0	0	0	0	1	1	0	0	5
2013/09/17-20:21:17	70	1,152.4	55.251	0	0	1	0	0	0	0	1	0	0	1	50
2013/09/17-20:22:26	70	1,152.4	55.251	0	0	1	0	0	0	0	1	0	0	1	9
2013/09/17-20:23:03	70	1,152.4	55.251	0	0	1	0	0	0	0	1	0	0	1	6
2013/09/17-20:23:30	70	1,152.4	55.251	0	0	1	0	0	0	0	1	0	0	1	9
2013/09/17-20:33:03	70	1,152.4	55.251	0	0	1	0	0	0	0	1	0	0	1	6
2013/09/17-20:33:48	70	1,152.4	55.251	0	0	1	0	0	0	0	1	0	0	1	6
2013/09/17-20:34:26	70	1,152.4	55.251	0	0	1	0	0	0	0	1	0	0	1	6
2013/09/17-20:34:51	70	1,152.4	55.251	0	0	1	0	0	0	0	1	0	0	1	23
2013/09/17-20:35:33	70	1,152.4	55.251	0	0	1	0	0	0	0	1	0	0	1	32
2013/09/18-09:14:11	71	1,139.072	59.177	0	0	1	0	0	0	0	1	0	0	1	6
2013/09/18-09:14:37	71	1,139.072	59.177	0	0	0	0	0	0	0	1	1	0	0	9
2013/09/18-09:15:05	71	1,139.072	59.177	0	0	1	0	0	0	0	1	0	0	1	6
2013/09/18-09:15:30	71	1,139.072	59.177	0	0	1	0	0	0	0	1	0	0	1	3
2013/09/18-09:15:52	71	1,139.072	59.177	0	0	0	0	0	0	0	1	1	0	0	6
2013/09/18-11:09:55	71	1,139.072	59.177	0	0	0	0	0	0	0	1	1	0	0	7
2013/09/18-11:10:21	71	1,139.072	59.177	0	0	1	0	0	0	0	1	0	0	1	6
2013/09/18-11:10:46	71	1,139.072	59.177	0	0	1	0	0	0	0	1	1	0	0	3
2013/09/18-11:11:08	71	1,139.072	59.177	0	0	1	0	0	0	0	1	0	0	1	11
2013/09/18-11:11:41	71	1,139.072	59.177	0	0	0	0	0	0	0	1	1	0	0	60
2013/09/18-11:19:52	71	1,142.674	54.469	0	0	1	0	0	0	0	1	0	0	1	9
2013/09/18-11:21:11	71	1,142.674	54.469	0	0	1	0	0	0	0	1	0	0	1	6
2013/09/18-11:22:10	71	1,142.674	54.469	0	0	1	0	0	0	0	1	0	0	1	6
2013/09/18-11:22:37	71	1,142.674	54.469	0	0	1	0	0	0	0	1	0	0	1	6
2013/09/18-11:23:02	71	1,142.674	54.469	0	0	0	0	0	0	0	1	1	0	0	46
2013/09/18-16:06:17	72	1,141.083	59.151	0	0	1	0	0	0	0	1	0	0	1	6
2013/09/18-16:06:42	72	1,141.083	59.151	0	0	1	0	0	0	0	1	0	0	1	5
2013/09/18-16:07:07	72	1,141.083	59.151	0	0	0	0	0	0	0	1	1	0	0	6
2013/09/18-16:07:32	72	1,141.083	59.151	0	0	1	0	0	0	0	1	0	0	1	6
2013/09/18-16:07:57	72	1,141.083	59.151	0	0	0	0	0	0	0	1	1	0	0	6
2013/09/18-16:12:49	72	1,124.813	56.726	0	0	1	0	0	0	0	1	0	0	1	6
2013/09/18-16:13:16	72	1,124.813	56.726	0	0	1	0	0	0	0	1	0	0	1	6
2013/09/18-16:13:41	72	1,124.813	56.726	0	0	1	0	0	0	0	1	0	0	1	6
2013/09/18-16:14:06	72	1,124.813	56.726	0	0	1	0	0	0	0	1	0	0	1	6
2013/09/18-16:14:31	72	1,124.813	56.726	0	0	1	0	0	0	0	1	0	0	1	6
2013/09/18-16:21:42	72	1,124.813	56.726	0	0	0	0	0	0	0	1	1	0	0	13
2013/09/18-16:22:14	72	1,124.813	56.726	0	0	0	0	0	0	0	1	1	0	0	5
2013/09/18-16:22:38	72	1,124.813	56.726	0	0	1	0	0	0	0	1	0	0	1	6
2013/09/18-16:23:03	72	1,124.813	56.726	0	0	1	0	0	0	0	1	0	0	1	6
2013/09/18-16:23:28	72	1,124.813	56.726	0	0	1	0	0	0	0	1	0	0	1	10
2013/09/18-19:27:36	73	1,104.656	57.613	0	0	1	0	0	0	0	1	0	0	1	13
2013/09/18-19:28:08	73	1,104.656	57.613	0	0	0	0	0	0	0	1	1	0	0	28
2013/09/18-19:28:55	73	1,104.656	57.613	0	0	1	0	0	0	0	1	0	0	1	56
2013/09/18-19:30:11	73	1,104.656	57.613	0	0	1	0	0	0	0	1	0	0	1	9
2013/09/18-19:31:27	73	1,104.656	57.613	0	0	0	0	0	0	0	1	0	0	1	60
2013/09/18-19:39:10	73	1,104.656	57.613	0	0	1	0	0	0	0	1	0	0	1	7
2013/09/18-19:39:36	73	1,104.656	57.613	0	0	1	0	0	0	0	1	0	0	1	10
2013/09/18-19:40:08	73	1,104.656	57.613	0	0	0	1	0	0	0	1	1	0	0	60
2013/09/18-19:41:27	71	1,145.583	55.477	0	0	1	0	0	0	0	1	0	0	1	12
2013/09/18-19:42:12	71	1,145.583	55.477	0	0	1	0	0	0	0	1	0	0	1	6
2013/09/18-20:30:56	71	1,145.583	55.477	0	0	0	0	0	0	0	1	1	0	0	6
2013/09/18-20:31:22	71	1,145.583	55.477	0	0	1	0	0	0	0	1	0	0	1	3
2013/09/18-20:31:56	71	1,145.583	55.477	0	0	0	0	0	0	0	1	1	0	0	60
2013/09/18-20:33:15	71	1,145.583	55.477	0	0	1	0	0	0	0	1	0	0	1	6
2013/09/18-20:33:52	71	1,145.583	55.477	0	0	1	0	0	0	0	1	0	0	1	6
2013/09/19-08:31:20	70	1,175.603	56.927	0	0	1	0	0	0	0	1	0	0	1	10
2013/09/19-08:31:49	70	1,175.603	56.927	0	0	1	0	0	0	0	1	0	0	1	24
2013/09/19-08:32:31	70	1,175.603	56.927	0	0	1	0	0	0	0	1	0	0	1	6
2013/09/19-08:33:01	70	1,175.603	56.927	0	0	1	0	0	0	0	1	0	0	1	6
2013/09/19-08:33:32	70	1,175.603	56.927	0	0	0	0	0	0	0	1	1	0	0	26
2013/09/19-08:40:25	70	1,175.603	56.927	0	0	1	0	0	0	0	1	0	0	1	9
2013/09/19-08:41:44	70	1,175.603	56.927	0	0	1	0	0	0	0	1	0	0	1	7
2013/09/19-08:43:03	70	1,175.603	56.927	0	0	1	0	0	0	0	1	0	0	1	54
2013/09/19-08:44:16	69	1,210.627	55.364	0	0	1	0	0	0	0	1	0	0	1	4
2013/09/19-08:44:41	69	1,210.627	55.364	0	0	1	0	0	0	0	1	0	0	1	26
2013/09/19-08:57:09	69	1,210.627	55.364	0	0	1	0	0	0	0	1	0	0	1	6
2013/09/19-08:57:35	69	1,210.627	55.364	0	0	1	0	0	0	0	1	0	0	1	3
2013/09/19-08:58:54	69	1,210.627	55.364	0	0	1	0	0	0	0	1	0	0	1	3
2013/09/19-08:59:19	69	1,210.627	55.364	0	0	1	0	0	0	0	1	0	0	1	23
2013/09/19-09:00:38	69	1,210.627	55.364	0	0	1	0	0	0	0	1	0	0	1	13
2013/09/19-11:35:15	69	1,223.31	59.686	0	0	1	0	0	0	0	1	0	0	1	7
2013/09/19-11:35:50	69	1,223.31	59.686	0	0	1	0	0	0	0	1	0	0	1	10
2013/09/19-11:36:28	69	1,223.31	59.686	0	0	1	0	0	0	0	1	0	0	1	6
2013/09/19-11:37:08	69	1,223.31	59.686	0	0	1	0	0	0	0	1	0	0	1	6
2013/09/19-11:37:41	69	1,223.31	59.686	0	0	1	0	0	0	0	1	0	0	1	5
2013/09/19-11:40:40	69	1,223.31	59.686	0	0	1	0	0	0	0	1	0	0	1	6
2013/09/19-11:41:19	69	1,223.31	59.686	0	0	1	0	0	0	0	1	0	0	1	6
2013/09/19-11:41:44	69	1,223.31	59.686	0	0	1	0	0	0	0	1	0	0	1	6
2013/09/19-11:42:09	69	1,223.31	59.686	0	0	0	0	0	0	0	1	1	0	0	60
2013/09/19-11:43:28	69	1,223.31	59.686	0	0	0	0	0	0	0	1	1	0	0	12
2013/09/19-11:54:59	69	1,206.63	56.217	0	0	1	0	0	0	0	1	0	0	1	9
2013/09/19-11:55:47	69	1,206.63	56.217	0	0	1	0	0	0	0	1	0	0	1	48
2013/09/19-11:56:54	69	1,206.63	56.217	0	0	1	0	0	0	0	1	0	0	1	6
2013/09/19-11:57:32	69	1,206.63	56.217	0	0	1	0	0	0	0	1	0	0	1	6
2013/09/19-11:58:07	69	1,206.63	56.217	0	0	1	0	0	0	0	1	0	0	1	50
2013/09/19-17:04:06	70	1,214.595	60.764	0	0	1	0	0	0	0	1	0	0	1	11
2013/09/19-17:04:47	70	1,214.595	60.764	0	0	1	0	0	0	0	1	1	0	0	5
2013/09/19-17:05:11	70	1,214.595	60.764	0	0	1	0	0	0	0	1	0	0	1	9
2013/09/19-17:06:25	70	1,214.595	60.764	0	0	1	0	0	0	0	1	0	0	1	3
2013/09/19-17:07:44	70	1,214.595	60.764	0	0	1	0	0	0	0	1	0	0	1	6
2013/09/19-17:18:04	70	1,214.595	60.764	0	0	1	0	0	0	0	1	0	0	1	27
2013/09/19-17:18:50	70	1,214.595	60.764	0	0	1	0	0	0	0	1	0	0	1	22
2013/09/19-17:20:09	70	1,214.595	60.764	0	0	1	0	0	0	0	1	0	0	1	10
2013/09/19-17:21:28	70	1,214.595	60.764	0	0	1	0	0	0	0	1	0	0	1	6
2013/09/19-17:22:47	70	1,214.595	60.764	0	0	1	0	0	0	0	1	0	0	1	7
2013/09/19-17:36:47	70	1,230.164	57.89	0	0	1	0	0	0	0	1	0	0	1	6
2013/09/19-17:37:12	70	1,230.164	57.89	0	0	0	0	0	0	0	1	1	0	0	6
2013/09/19-17:37:37	70	1,230.164	57.89	0	0	1	0	0	0	0	1	0	0	1	6
2013/09/19-17:38:02	70	1,230.164	57.89	0	0	1	0	0	0	0	1	0	0	1	6
2013/09/19-17:38:27	70	1,230.164	57.89	0	0	0	0	0	0	0	1	1	0	0	8
2013/09/19-21:17:15	70	1,212.143	62.349	0	0	1	0	0	0	0	1	0	0	1	13
2013/09/19-21:18:26	70	1,212.143	62.349	0	0	1	0	0	0	0	1	0	0	1	6
2013/09/19-21:19:45	70	1,212.143	62.349	0	0	1	0	0	0	0	1	0	0	1	6
2013/09/19-21:21:04	70	1,212.143	62.349	0	0	1	0	0	0	0	1	0	0	1	9
2013/09/19-21:21:39	70	1,212.143	62.349	0	0	1	0	0	0	0	1	0	0	1	10
2013/09/19-21:28:45	70	1,212.143	62.349	0	0	1	0	0	0	0	1	0	0	1	6
2013/09/19-21:29:58	71	1,202.896	60.828	0	0	1	0	0	0	0	1	0	0	1	12
2013/09/19-21:30:29	71	1,202.896	60.828	0	0	1	0	0	0	0	1	0	0	1	13
2013/09/19-21:31:05	71	1,202.896	60.828	0	0	0	0	0	0	0	1	1	0	0	60
2013/09/19-21:32:24	71	1,202.896	60.828	0	0	1	0	0	0	0	1	0	0	1	5
2013/09/19-21:43:20	71	1,202.896	60.828	0	0	1	0	0	0	0	1	1	0	0	6
2013/09/19-21:43:45	71	1,202.896	60.828	0	0	1	0	0	0	0	1	0	0	1	6
2013/09/19-21:44:10	71	1,202.896	60.828	0	0	1	0	0	0	0	1	0	0	1	6
2013/09/19-21:44:35	71	1,202.896	60.828	0	0	0	0	0	0	0	1	1	0	0	6
2013/09/19-21:45:00	71	1,202.896	60.828	0	0	1	0	0	0	0	1	0	0	1	6
2013/09/20-02:56:03	71	1,210.125	64.152	0	0	0	0	0	0	0	1	1	0	0	39
2013/09/20-02:57:02	71	1,210.125	64.152	0	0	1	0	0	0	0	1	0	0	1	9
2013/09/20-02:57:31	71	1,210.125	64.152	0	0	0	0	0	0	0	1	1	0	0	60
2013/09/20-02:58:50	71	1,210.125	64.152	0	0	1	0	0	0	0	1	0	0	1	3
2013/09/20-02:59:24	71	1,210.125	64.152	0	0	1	0	0	0	0	1	0	0	1	6
2013/09/20-03:05:26	71	1,210.125	64.152	0	0	0	0	0	0	0	1	0	0	1	60
2013/09/20-03:06:45	71	1,210.125	64.152	0	0	1	0	0	0	0	1	0	0	1	7
2013/09/20-03:07:31	71	1,210.125	64.152	0	0	1	0	0	0	0	1	0	0	1	33
2013/09/20-03:08:23	71	1,210.125	64.152	0	0	1	0	0	0	0	1	0	0	1	3
2013/09/20-03:08:57	71	1,210.125	64.152	0	0	1	0	0	0	0	1	0	0	1	3
2013/09/20-03:20:22	71	1,243.097	60.972	0	0	1	0	0	0	0	1	0	0	1	4
2013/09/20-03:21:41	71	1,243.097	60.972	0	0	1	0	0	0	0	1	0	0	1	3
2013/09/20-03:22:20	71	1,243.097	60.972	0	0	1	0	0	0	0	1	0	0	1	15
2013/09/20-03:22:58	71	1,243.097	60.972	0	0	1	0	0	0	0	1	0	0	1	10
2013/09/20-03:23:45	71	1,243.097	60.972	0	0	1	0	0	0	0	1	0	0	1	6
2013/09/20-07:01:40	72	1,246.168	65.12	0	0	1	0	0	0	0	1	0	0	1	6
2013/09/20-07:02:17	72	1,246.168	65.12	0	0	1	0	0	0	0	1	0	0	1	6
2013/09/20-07:02:45	72	1,246.168	65.12	0	0	1	0	0	0	0	1	0	0	1	6
2013/09/20-07:03:23	72	1,246.168	65.12	0	0	1	0	0	0	0	1	0	0	1	6
2013/09/20-07:03:49	72	1,246.168	65.12	0	0	1	0	0	0	0	1	0	0	1	6
2013/09/20-07:04:34	72	1,246.168	65.12	0	0	1	0	0	0	0	1	0	0	1	6
2013/09/20-07:04:59	72	1,246.168	65.12	0	0	1	0	0	0	0	1	0	0	1	6
2013/09/20-07:05:24	72	1,246.168	65.12	0	0	1	0	0	0	0	1	0	0	1	6
2013/09/20-07:05:50	72	1,246.168	65.12	0	0	1	0	0	0	0	1	0	0	1	6
2013/09/20-07:06:15	72	1,246.168	65.12	0	0	0	0	0	0	0	1	1	0	0	60
2013/09/20-07:23:56	73	1,205.076	60.813	0	0	1	0	0	0	0	1	0	0	1	13
2013/09/20-07:24:29	73	1,205.076	60.813	0	0	1	0	0	0	0	1	0	0	1	9
2013/09/20-07:25:04	73	1,205.076	60.813	0	0	1	0	0	0	0	1	0	0	1	6
2013/09/20-07:25:43	73	1,205.076	60.813	0	0	0	0	0	0	0	1	1	0	0	7
2013/09/20-07:26:08	73	1,205.076	60.813	0	0	1	0	0	0	0	1	0	0	1	6
2013/09/20-11:03:21	73	1,223.782	65.048	0	0	1	0	0	0	0	1	0	0	1	19
2013/09/20-11:04:18	73	1,223.782	65.048	0	0	1	0	0	0	0	1	0	0	1	39
2013/09/20-11:05:15	73	1,223.782	65.048	0	0	1	0	0	0	0	1	0	0	1	21
2013/09/20-11:06:34	73	1,223.782	65.048	0	0	1	0	0	0	0	1	0	0	1	4
2013/09/20-11:07:22	73	1,223.782	65.048	0	0	1	0	0	0	0	1	0	0	1	3
2013/09/20-11:17:06	73	1,223.782	65.048	0	0	1	0	0	0	0	1	0	0	1	13
2013/09/20-11:18:25	72	1,243.294	63.322	0	0	1	0	0	0	0	1	0	0	1	13
2013/09/20-11:19:06	72	1,243.294	63.322	0	0	1	0	0	0	0	1	0	0	1	8
2013/09/20-11:19:40	72	1,243.294	63.322	0	0	1	0	0	0	0	1	0	0	1	9
2013/09/20-11:20:59	72	1,243.294	63.322	0	0	1	0	0	0	0	1	0	0	1	19
2013/09/20-11:35:00	72	1,243.294	63.322	0	0	1	0	0	0	0	1	1	0	0	6
2013/09/20-11:35:25	72	1,243.294	63.322	0	0	1	0	0	0	0	1	0	0	1	6
2013/09/20-11:35:50	72	1,243.294	63.322	0	0	1	0	0	0	0	1	1	0	0	6
2013/09/20-11:36:16	72	1,243.294	63.322	0	0	0	0	0	0	0	1	1	0	0	6
2013/09/20-11:36:41	72	1,243.294	63.322	0	0	0	0	0	0	0	1	1	0	0	6
2013/09/20-17:58:51	72	1,247.783	67.719	0	0	1	0	0	0	0	1	0	0	1	6
2013/09/20-18:00:11	72	1,247.783	67.719	0	0	1	0	0	0	0	1	0	0	1	6
2013/09/20-18:01:30	72	1,247.783	67.719	0	0	1	0	0	0	0	1	0	0	1	9
2013/09/20-18:02:48	72	1,247.783	67.719	0	0	1	0	0	0	0	1	0	0	1	3
2013/09/20-18:04:07	72	1,247.783	67.719	0	0	1	0	0	0	0	1	0	0	1	6
2013/09/20-18:12:22	72	1,247.783	67.719	0	0	1	0	0	0	0	1	0	0	1	11
2013/09/20-18:13:09	73	1,235.167	65.406	0	0	1	0	0	0	0	1	0	0	1	5
2013/09/20-18:13:46	73	1,235.167	65.406	0	0	0	0	0	0	0	1	1	0	0	45
2013/09/20-18:14:50	73	1,235.167	65.406	0	0	1	0	0	0	0	1	0	0	1	26
2013/09/20-18:15:35	73	1,235.167	65.406	0	0	1	0	0	0	0	1	0	0	1	9
2013/09/20-18:28:34	73	1,235.167	65.406	0	0	1	0	0	0	0	1	0	0	1	6
2013/09/20-18:29:00	73	1,235.167	65.406	0	0	1	0	0	0	0	1	0	0	1	6
2013/09/20-18:29:25	73	1,235.167	65.406	0	0	0	0	0	0	0	1	1	0	0	6
2013/09/20-18:29:50	73	1,235.167	65.406	0	0	1	0	0	0	0	1	1	0	0	6
2013/09/20-18:30:16	73	1,235.167	65.406	0	0	1	0	0	0	0	1	0	0	1	6
2013/09/20-18:30:50	73	1,235.167	65.406	0	0	0	0	0	0	0	1	1	0	0	6
2013/09/20-20:23:37	72	1,251.437	63.024	0	0	1	0	0	0	0	1	0	0	1	6
2013/09/20-20:24:03	72	1,251.437	63.024	0	0	0	0	0	0	0	1	1	0	0	13
2013/09/20-20:24:34	72	1,251.437	63.024	0	0	1	0	0	0	0	1	0	0	1	12
2013/09/20-20:25:05	72	1,251.437	63.024	0	0	0	0	0	0	0	1	1	0	0	17
2013/09/20-20:25:41	72	1,251.437	63.024	0	0	1	0	0	0	0	1	0	0	1	25
2013/09/20-20:35:35	72	1,266.393	59.809	0	0	0	0	0	0	0	1	1	0	0	11
2013/09/20-20:36:05	72	1,266.393	59.809	0	0	0	0	0	0	0	1	1	0	0	60
2013/09/20-20:37:24	72	1,266.393	59.809	0	0	1	0	0	0	0	1	0	0	1	57
2013/09/20-20:38:40	72	1,266.393	59.809	0	0	0	0	0	0	0	1	1	0	0	60
2013/09/20-20:40:00	72	1,266.393	59.809	0	0	0	0	0	0	0	1	1	0	0	7
2013/09/20-20:49:58	72	1,266.393	59.809	0	0	1	0	0	0	0	1	0	0	1	3
2013/09/20-20:50:25	72	1,266.393	59.809	0	0	1	0	0	0	0	1	0	0	1	6
2013/09/20-20:50:54	71	1,291.05	55.888	0	0	1	0	0	0	0	1	0	0	1	12
2013/09/20-20:51:24	71	1,291.05	55.888	0	0	1	0	0	0	0	1	0	0	1	15
2013/09/20-20:51:59	71	1,291.05	55.888	0	0	0	0	0	0	0	1	1	0	0	4
2013/12/27-13:35:59	80	1,304.19	76.818	0	0	0	0	0	0	0	1	0	1	0	60
2013/12/27-13:37:18	80	1,304.19	76.818	0	0	0	0	0	0	0	1	1	0	0	60
2013/12/27-13:38:37	80	1,304.19	76.818	0	0	0	0	0	0	0	1	1	0	0	26
2013/12/27-13:39:22	80	1,304.19	76.818	0	0	0	0	0	0	0	1	1	0	0	60
2013/12/27-13:40:41	78	1,347.326	72.167	0	0	0	0	0	0	0	1	0	0	1	60
2013/12/27-13:54:42	78	1,347.326	72.167	0	0	1	0	0	0	0	1	0	0	1	40
2013/12/27-13:55:40	78	1,347.326	72.167	0	0	1	0	0	0	0	1	0	0	1	11
2013/12/27-13:56:31	78	1,347.326	72.167	0	0	1	0	0	0	0	1	0	0	1	4
2013/12/27-13:57:10	78	1,347.326	72.167	0	0	1	0	0	0	0	1	0	0	1	26
2013/12/27-13:57:57	78	1,347.326	72.167	0	0	0	0	0	0	0	1	1	0	0	60
2013/12/27-14:12:27	78	1,347.326	72.167	0	0	0	0	0	0	0	1	1	0	0	60
2013/12/27-14:13:46	78	1,347.326	72.167	0	0	1	0	0	0	0	1	0	0	1	21
2013/12/27-14:14:27	78	1,347.326	72.167	0	0	0	0	0	0	0	1	1	0	0	60
2013/12/27-14:15:46	78	1,347.326	72.167	0	0	0	0	0	0	0	1	1	0	0	60
2013/12/27-14:17:06	78	1,347.326	72.167	0	0	0	0	0	0	0	1	0	0	1	60
2013/12/28-12:04:35	72	1,381.152	91.175	0	0	1	0	0	0	0	1	0	0	1	3
2013/12/28-12:04:56	72	1,381.152	91.175	0	0	0	0	0	0	0	1	1	0	0	60
2013/12/28-12:06:15	72	1,381.152	91.175	0	0	0	0	0	0	0	1	1	0	0	18
2013/12/28-12:06:52	72	1,381.152	91.175	0	0	0	0	0	0	0	1	1	0	0	60
2013/12/28-12:08:10	72	1,381.152	91.175	0	0	0	0	0	0	0	1	0	0	1	60
2013/12/28-12:22:20	70	1,412.305	82.622	0	0	1	0	0	0	0	1	0	0	1	8
2013/12/28-12:22:53	70	1,412.305	82.622	0	0	0	0	0	0	0	1	1	0	0	34
2013/12/28-12:23:46	70	1,412.305	82.622	0	0	0	0	0	0	0	1	0	1	0	60
2013/12/28-12:25:05	70	1,412.305	82.622	0	0	1	0	0	0	0	1	0	0	1	17
2013/12/28-12:25:41	70	1,412.305	82.622	0	0	0	0	0	0	0	1	1	0	0	9
2013/12/28-12:36:39	70	1,412.305	82.622	0	0	1	0	0	0	0	1	0	0	1	8
2013/12/28-12:37:42	70	1,412.305	82.622	0	0	1	0	0	0	0	1	0	0	1	18
2013/12/28-12:38:19	70	1,412.305	82.622	0	0	1	0	0	0	0	1	0	0	1	3
2013/12/28-12:38:44	70	1,412.305	82.622	0	0	0	0	0	0	0	1	1	0	0	40
2013/12/28-12:39:44	70	1,412.305	82.622	0	0	0	0	0	0	0	1	1	0	0	10
2013/12/28-17:45:56	67	1,444.652	79.381	0	0	0	0	0	0	0	1	1	0	0	60
2013/12/28-17:47:16	67	1,444.652	79.381	0	0	0	0	0	0	0	1	1	0	0	60
2013/12/28-17:48:35	67	1,444.652	79.381	0	0	0	0	0	0	0	1	0	1	0	60
2013/12/28-17:49:54	67	1,444.652	79.381	0	0	0	0	0	0	0	1	1	0	0	9
2013/12/28-17:50:22	67	1,444.652	79.381	0	0	0	0	0	0	0	1	0	0	1	60
2013/12/28-18:02:55	67	1,444.652	79.381	0	0	0	0	0	0	0	1	1	0	0	60
2013/12/28-18:04:14	67	1,444.652	79.381	0	0	1	0	0	0	0	1	0	0	1	37
2013/12/28-18:05:33	67	1,444.652	79.381	0	0	0	0	0	0	0	1	1	0	0	60
2013/12/28-18:06:53	65	1,456.184	71.278	0	0	0	0	0	0	0	1	0	0	1	60
2013/12/28-18:08:12	65	1,456.184	71.278	0	0	1	0	0	0	0	1	0	0	1	3
2013/12/28-18:21:54	65	1,456.184	71.278	0	0	1	0	0	0	0	1	0	0	1	26
2013/12/28-18:22:49	65	1,456.184	71.278	0	0	0	0	0	0	0	1	1	0	0	60
2013/12/28-18:24:08	65	1,456.184	71.278	0	0	1	0	0	0	0	1	0	0	1	3
2013/12/28-18:24:32	65	1,456.184	71.278	0	0	1	0	0	0	0	1	0	0	1	3
2013/12/28-18:25:52	65	1,456.184	71.278	0	0	1	0	0	0	0	1	0	0	1	6
2013/12/29-01:50:52	65	1,433.652	75.833	0	0	0	0	0	0	0	1	1	0	0	3
2013/12/29-01:51:14	65	1,433.652	75.833	0	0	1	0	0	0	0	1	0	0	1	8
2013/12/29-01:51:49	65	1,433.652	75.833	0	0	1	0	0	0	0	1	0	0	1	3
2013/12/29-01:52:29	65	1,433.652	75.833	0	0	1	0	0	0	0	1	0	0	1	3
2013/12/29-01:53:05	65	1,433.652	75.833	0	0	0	0	0	0	0	1	1	0	0	34
2013/12/29-02:16:02	67	1,413.351	70.333	0	0	0	0	0	0	0	1	1	0	0	9
2013/12/29-02:16:30	67	1,413.351	70.333	0	0	1	0	0	0	0	1	0	0	1	13
2013/12/29-02:17:02	67	1,413.351	70.333	0	0	0	0	0	0	0	1	1	0	0	60
2013/12/29-02:18:21	67	1,413.351	70.333	0	0	0	0	0	0	0	1	1	0	0	37
2013/12/29-02:19:17	67	1,413.351	70.333	0	0	1	0	0	0	0	1	0	0	1	3
2013/12/29-02:30:34	65	1,438.777	65.754	0	0	0	0	0	0	0	1	1	0	0	13
2013/12/29-02:31:07	65	1,438.777	65.754	0	0	1	0	0	0	0	1	0	0	1	8
2013/12/29-02:32:26	65	1,438.777	65.754	0	0	0	0	0	0	0	1	1	0	0	3
2013/12/29-02:32:48	65	1,438.777	65.754	0	0	0	0	0	0	0	1	0	0	1	60
2013/12/29-02:34:07	65	1,438.777	65.754	0	0	1	0	0	0	0	1	0	0	1	8
2013/12/29-03:16:24	64	1,449.806	61.844	0	0	1	0	0	0	0	1	0	0	1	7
2013/12/29-03:16:50	64	1,449.806	61.844	0	0	1	0	0	0	0	1	0	0	1	25
2013/12/29-03:17:34	64	1,449.806	61.844	0	0	1	0	0	0	0	1	0	0	1	8
2013/12/29-03:18:01	64	1,449.806	61.844	0	0	1	0	0	0	0	1	0	0	1	6
2013/12/29-03:18:28	64	1,449.806	61.844	0	0	1	1	0	0	0	1	0	0	1	42
2013/12/29-03:33:30	65	1,442.633	59.372	0	0	1	0	0	0	0	1	0	0	1	8
2013/12/29-03:34:03	65	1,442.633	59.372	0	0	1	0	0	0	0	1	0	0	1	10
2013/12/29-03:34:41	65	1,442.633	59.372	0	0	0	0	0	0	0	1	1	0	0	57
2013/12/29-03:35:57	65	1,442.633	59.372	0	0	1	0	0	0	0	1	0	0	1	22
2013/12/29-03:36:42	65	1,442.633	59.372	0	0	0	0	0	0	0	1	1	0	0	7
2013/12/29-03:47:24	65	1,442.633	59.372	0	0	1	0	0	0	0	1	0	0	1	16
2013/12/29-03:48:39	65	1,442.633	59.372	0	0	1	0	0	0	0	1	0	0	1	9
2013/12/29-03:49:58	65	1,442.633	59.372	0	0	1	0	0	0	0	1	0	0	1	18
2013/12/29-03:50:48	65	1,442.633	59.372	0	0	1	0	0	0	0	1	0	0	1	12
2013/12/29-03:51:20	65	1,442.633	59.372	0	0	0	0	0	0	0	1	1	0	0	60
2013/12/29-06:38:50	62	1,476.201	60.079	0	0	0	0	0	0	0	1	0	0	1	60
2013/12/29-06:40:09	62	1,476.201	60.079	0	0	1	0	0	0	0	1	0	0	1	3
2013/12/29-06:41:10	62	1,476.201	60.079	0	0	1	0	0	0	0	1	0	0	1	3
2013/12/29-06:41:32	62	1,476.201	60.079	0	0	1	0	0	0	0	1	0	0	1	8
2013/12/29-06:41:59	62	1,476.201	60.079	0	0	1	0	0	0	0	1	0	0	1	8
2013/12/29-07:01:27	62	1,476.201	60.079	0	0	0	0	0	0	0	1	1	0	0	60
2013/12/29-07:02:46	62	1,476.201	60.079	0	0	1	0	0	0	0	1	0	0	1	3
2013/12/29-07:03:50	62	1,476.201	60.079	0	0	0	0	0	0	0	1	1	0	0	60
2013/12/29-07:05:09	62	1,476.201	60.079	0	0	1	0	0	0	0	1	0	0	1	9
2013/12/29-07:06:28	62	1,476.201	60.079	0	0	1	0	0	0	0	1	0	0	1	8
2013/12/29-07:16:00	63	1,471.469	54.97	0	0	0	0	0	0	0	1	1	0	0	60
2013/12/29-07:17:19	63	1,471.469	54.97	0	0	1	0	0	0	0	1	0	0	1	8
2013/12/29-07:18:06	63	1,471.469	54.97	0	0	0	0	0	0	0	1	1	0	0	60
2013/12/29-07:19:26	63	1,471.469	54.97	0	0	1	0	0	0	0	1	0	0	1	8
2013/12/29-07:20:45	63	1,471.469	54.97	0	0	0	0	0	0	0	1	1	0	0	57
2013/12/29-14:05:25	62	1,475.474	65.223	0	0	1	0	0	0	0	1	0	0	1	8
2013/12/29-14:06:29	62	1,475.474	65.223	0	0	1	0	0	0	0	1	0	0	1	48
2013/12/29-14:07:35	62	1,475.474	65.223	0	0	0	0	0	0	0	1	0	0	1	60
2013/12/29-14:08:54	62	1,475.474	65.223	0	0	0	0	0	0	0	1	0	0	1	60
2013/12/29-14:10:13	62	1,475.474	65.223	0	0	1	0	0	0	0	1	0	0	1	26
2013/12/29-14:14:37	62	1,475.474	65.223	0	0	1	0	0	0	0	1	0	0	1	8
2013/12/29-14:15:13	62	1,475.474	65.223	0	0	0	0	0	0	0	1	0	0	1	60
2013/12/29-14:16:32	62	1,475.474	65.223	0	0	1	0	0	0	0	1	0	0	1	8
2013/12/29-14:16:59	62	1,475.474	65.223	0	0	1	0	0	0	0	1	0	0	1	21
2013/12/29-14:17:39	62	1,475.474	65.223	0	0	1	0	0	0	0	1	0	0	1	8
2013/12/29-14:34:06	64	1,459.107	60.099	0	0	1	0	0	0	0	1	0	0	1	8
2013/12/29-14:34:33	64	1,459.107	60.099	0	0	0	0	0	0	0	1	1	0	0	35
2013/12/29-14:35:27	64	1,459.107	60.099	0	0	1	0	0	0	0	1	0	0	1	8
2013/12/29-14:36:18	64	1,459.107	60.099	0	0	0	0	0	0	0	1	1	0	0	35
2013/12/29-14:37:12	64	1,459.107	60.099	0	0	1	1	0	0	0	1	0	0	1	20
2013/12/29-21:58:44	64	1,469.293	62.8	0	0	0	0	0	0	0	1	0	0	1	60
2013/12/29-22:00:03	64	1,469.293	62.8	0	0	0	0	0	0	0	1	0	0	1	60
2013/12/29-22:01:22	64	1,469.293	62.8	0	0	0	0	0	0	0	1	1	0	0	33
2013/12/29-22:02:14	64	1,469.293	62.8	0	0	0	0	0	0	0	1	1	0	0	32
2013/12/29-22:03:05	64	1,469.293	62.8	0	0	1	0	0	0	0	1	0	0	1	8
2013/12/29-22:36:16	61	1,501.807	59.945	0	0	1	0	0	0	0	1	0	0	1	8
2013/12/29-22:36:53	61	1,501.807	59.945	0	0	1	0	0	0	0	1	0	0	1	33
2013/12/29-22:38:05	61	1,501.807	59.945	0	0	1	0	0	0	0	1	0	0	1	8
2013/12/29-22:39:10	61	1,501.807	59.945	0	0	1	0	0	0	0	1	0	0	1	8
2013/12/29-22:39:51	61	1,501.807	59.945	0	0	1	0	0	0	0	1	0	0	1	8
2013/12/29-22:53:16	61	1,501.807	59.945	0	0	0	0	0	0	0	1	0	0	1	42
2013/12/29-22:54:16	61	1,501.807	59.945	0	0	1	0	0	0	0	1	0	0	1	8
2013/12/29-22:55:05	61	1,501.807	59.945	0	0	1	0	0	0	0	1	0	0	1	8
2013/12/29-22:55:47	61	1,501.807	59.945	0	0	0	0	0	0	0	1	1	0	0	35
2013/12/29-22:56:41	61	1,501.807	59.945	0	0	0	0	0	0	0	1	0	0	1	60
2013/12/30-02:35:40	62	1,489.192	59.83	0	0	1	0	0	0	0	1	0	0	1	36
2013/12/30-02:36:35	62	1,489.192	59.83	0	0	1	0	0	0	0	1	0	0	1	8
2013/12/30-02:37:34	62	1,489.192	59.83	0	0	0	0	0	0	0	1	0	0	1	60
2013/12/30-02:38:53	62	1,489.192	59.83	0	0	0	0	0	0	0	1	0	0	1	60
2013/12/30-02:40:12	62	1,489.192	59.83	0	0	1	0	0	0	0	1	0	0	1	8
2013/12/30-03:01:17	62	1,489.192	59.83	0	0	1	0	0	0	0	1	0	0	1	8
2013/12/30-03:02:08	62	1,489.192	59.83	0	0	0	0	0	0	0	1	0	0	1	60
2013/12/30-03:03:27	62	1,489.192	59.83	0	0	1	0	0	0	0	1	0	0	1	8
2013/12/30-03:04:46	62	1,489.192	59.83	0	0	0	0	0	0	0	1	0	0	1	60
2013/12/30-03:06:05	62	1,489.192	59.83	0	0	1	0	0	0	0	1	0	0	1	40
2013/12/30-03:16:04	61	1,475.143	54.759	0	0	1	0	0	0	0	1	0	0	1	8
2013/12/30-03:17:23	61	1,475.143	54.759	0	0	0	0	0	0	0	1	0	0	1	60
2013/12/30-03:18:42	61	1,475.143	54.759	0	0	1	0	0	0	0	1	0	0	1	11
2013/12/30-03:19:26	61	1,475.143	54.759	0	0	1	0	0	0	0	1	0	0	1	7
2013/12/30-03:19:55	61	1,475.143	54.759	0	0	1	0	0	0	0	1	0	0	1	52
2013/12/30-05:05:05	67	1,454.832	55.003	0	0	0	0	0	0	0	1	0	0	1	60
2013/12/30-05:06:25	67	1,454.832	55.003	0	0	1	0	0	0	0	1	0	0	1	8
2013/12/30-05:07:44	67	1,454.832	55.003	0	0	0	0	0	0	0	1	1	0	0	59
2013/12/30-05:09:02	67	1,454.832	55.003	0	0	1	0	0	0	0	1	0	0	1	8
2013/12/30-05:10:21	67	1,454.832	55.003	0	0	1	0	0	0	0	1	0	0	1	8
2013/12/30-05:23:36	67	1,453.013	53.648	0	0	1	0	0	0	0	1	0	0	1	17
2013/12/30-05:24:16	67	1,453.013	53.648	0	0	1	0	0	0	0	1	0	0	1	8
2013/12/30-05:24:50	67	1,453.013	53.648	0	0	0	0	0	0	0	1	1	0	0	40
2013/12/30-05:25:48	67	1,453.013	53.648	0	0	1	0	0	0	0	1	0	0	1	8
2013/12/30-05:26:23	67	1,453.013	53.648	0	0	1	0	0	0	0	1	0	0	1	8
2013/12/30-05:42:08	67	1,453.013	53.648	0	0	0	0	0	0	0	1	1	0	0	3
2013/12/30-05:42:30	67	1,453.013	53.648	0	0	0	0	0	0	0	1	1	0	0	3
2013/12/30-05:42:52	67	1,453.013	53.648	0	0	0	0	0	0	0	1	1	0	0	6
2013/12/30-05:43:18	67	1,453.013	53.648	0	0	0	0	0	0	0	1	1	0	0	4
2013/12/30-05:43:40	67	1,453.013	53.648	0	0	0	0	0	0	0	1	1	0	0	3
2013/12/30-15:08:55	73	1,401.172	67.173	0	0	1	0	0	0	0	1	0	0	1	8
2013/12/30-15:10:15	73	1,401.172	67.173	0	0	0	0	0	0	0	1	0	0	1	60
2013/12/30-15:11:33	73	1,401.172	67.173	0	0	1	0	0	0	0	1	0	0	1	8
2013/12/30-15:12:11	73	1,401.172	67.173	0	0	1	0	0	0	0	1	0	0	1	8
2013/12/30-15:13:14	73	1,401.172	67.173	0	0	0	0	0	0	0	1	0	0	1	60
2013/12/30-15:18:58	73	1,401.172	67.173	0	0	0	0	0	0	0	1	1	0	0	40
2013/12/30-15:19:57	73	1,401.172	67.173	0	0	1	0	0	0	0	1	0	0	1	8
2013/12/30-15:20:24	73	1,401.172	67.173	0	0	0	0	0	0	0	1	0	0	1	60
2013/12/30-15:21:43	73	1,401.172	67.173	0	0	0	0	0	0	0	1	0	0	1	60
2013/12/30-15:23:02	73	1,401.172	67.173	0	0	0	0	0	0	0	1	0	0	1	60
2013/12/30-15:37:58	73	1,398.028	61.876	0	0	0	0	0	0	0	1	0	0	1	60
2013/12/30-15:39:17	73	1,398.028	61.876	0	0	1	0	0	0	0	1	0	0	1	8
2013/12/30-15:40:04	73	1,398.028	61.876	0	0	0	0	0	0	0	1	1	0	0	60
2013/12/30-15:41:23	73	1,398.028	61.876	0	0	1	0	0	0	0	1	0	0	1	8
2013/12/30-15:42:42	73	1,398.028	61.876	0	0	1	0	0	0	0	1	0	0	1	40
2013/12/30-19:17:30	73	1,401.731	62.425	0	0	1	0	0	0	0	1	0	0	1	8
2013/12/30-19:18:57	73	1,401.731	62.425	0	0	0	0	0	0	0	1	0	0	1	60
2013/12/30-19:20:16	73	1,401.731	62.425	0	0	0	0	0	0	0	1	0	0	1	60
2013/12/30-19:21:36	73	1,401.731	62.425	0	0	0	0	0	0	0	1	1	0	0	60
2013/12/30-19:22:55	73	1,401.731	62.425	0	0	1	0	0	0	0	1	0	0	1	19
2013/12/30-19:39:28	73	1,388.681	59.172	0	0	1	0	0	0	0	1	0	0	1	8
2013/12/30-19:40:12	73	1,388.681	59.172	0	0	1	0	0	0	0	1	0	0	1	8
2013/12/30-19:40:50	73	1,388.681	59.172	0	0	1	0	0	0	0	1	0	0	1	8
2013/12/30-19:41:18	73	1,388.681	59.172	0	0	1	0	0	0	0	1	0	0	1	8
2013/12/30-19:41:55	73	1,388.681	59.172	0	0	0	0	0	0	0	1	1	0	0	18
2013/12/30-19:59:56	73	1,388.681	59.172	0	0	0	0	0	0	0	1	1	0	0	21
2013/12/30-20:00:36	73	1,388.681	59.172	0	0	1	0	0	0	0	1	0	0	1	19
2013/12/30-20:01:14	73	1,388.681	59.172	0	0	1	0	0	0	0	1	0	0	1	8
2013/12/30-20:01:52	73	1,388.681	59.172	0	0	1	0	0	0	0	1	0	0	1	8
2013/12/30-20:02:19	73	1,388.681	59.172	0	0	1	0	0	0	0	1	0	0	1	21
2013/12/31-12:41:02	75	1,359.7	79.676	0	0	1	0	0	0	0	1	0	0	1	14
2013/12/31-12:41:40	75	1,359.7	79.676	0	0	1	0	0	0	0	1	0	0	1	19
2013/12/31-12:42:18	75	1,359.7	79.676	0	0	1	0	0	0	0	1	0	0	1	3
2013/12/31-12:43:37	75	1,359.7	79.676	0	0	1	0	0	0	0	1	0	0	1	8
2013/12/31-12:44:18	75	1,359.7	79.676	0	0	1	0	0	0	0	1	0	0	1	3
2013/12/31-12:56:27	75	1,359.7	79.676	0	0	0	0	0	0	0	1	1	0	0	60
2013/12/31-12:57:46	75	1,359.7	79.676	0	0	1	0	0	0	0	1	0	0	1	8
2013/12/31-12:59:05	75	1,359.7	79.676	0	0	0	0	0	0	0	1	1	0	0	8
2013/12/31-12:59:32	75	1,359.7	79.676	0	0	1	0	0	0	0	1	0	0	1	8
2013/12/31-13:00:51	75	1,359.7	79.676	0	0	1	0	0	0	0	1	0	0	1	33
2013/12/31-13:14:43	75	1,359.7	79.676	0	0	1	0	0	0	0	1	0	0	1	8
2013/12/31-13:15:30	75	1,359.7	79.676	0	0	1	0	0	0	0	1	0	0	1	26
2013/12/31-13:16:49	75	1,359.7	79.676	0	0	1	0	0	0	0	1	0	0	1	4
2013/12/31-13:17:15	75	1,359.7	79.676	0	0	1	0	0	0	0	1	0	0	1	11
2013/12/31-13:17:44	75	1,382.251	70.359	0	0	1	0	0	0	0	1	0	0	1	8
2013/12/31-16:52:28	75	1,375.873	74.64	0	0	1	0	0	0	0	1	0	0	1	53
2013/12/31-16:53:40	75	1,375.873	74.64	0	0	1	0	0	0	0	1	0	0	1	3
2013/12/31-16:54:16	75	1,375.873	74.64	0	0	1	0	0	0	0	1	0	0	1	8
2013/12/31-16:54:57	75	1,375.873	74.64	0	0	1	0	0	0	0	1	0	0	1	52
2013/12/31-16:56:08	75	1,375.873	74.64	0	0	1	0	0	0	0	1	0	0	1	3
2013/12/31-17:07:57	75	1,375.873	74.64	0	0	0	0	0	0	0	1	1	0	0	60
2013/12/31-17:09:16	75	1,375.873	74.64	0	0	1	0	0	0	0	1	0	0	1	13
2013/12/31-17:09:49	75	1,375.873	74.64	0	0	1	0	0	0	0	1	0	0	1	6
2013/12/31-17:10:14	75	1,375.873	74.64	0	0	1	0	0	0	0	1	0	0	1	8
2013/12/31-17:10:41	75	1,375.873	74.64	0	0	0	0	0	0	0	1	1	0	0	8
2013/12/31-17:28:09	72	1,409.735	67.641	0	0	1	0	0	0	0	1	0	0	1	3
2013/12/31-17:29:28	72	1,409.735	67.641	0	0	1	0	0	0	0	1	0	0	1	7
2013/12/31-17:30:16	72	1,409.735	67.641	0	0	0	0	0	0	0	1	0	1	0	60
2013/12/31-17:31:35	72	1,409.735	67.641	0	0	1	0	0	0	0	1	0	0	1	8
2013/12/31-17:32:54	72	1,409.735	67.641	0	0	0	0	0	0	0	1	1	0	0	60
2013/12/31-20:56:47	71	1,409.324	69.212	0	0	1	0	0	0	0	1	0	0	1	13
2013/12/31-20:58:00	71	1,409.324	69.212	0	0	1	0	0	0	0	1	0	0	1	8
2013/12/31-20:59:19	71	1,409.324	69.212	0	0	1	0	0	0	0	1	0	0	1	9
2013/12/31-20:59:47	71	1,409.324	69.212	0	0	1	0	0	0	0	1	0	0	1	7
2013/12/31-21:01:04	71	1,409.324	69.212	0	0	1	0	0	0	0	1	0	0	1	52
2013/12/31-21:13:36	71	1,414.667	65.684	0	0	0	0	0	0	0	1	1	0	0	60
2013/12/31-21:14:55	71	1,414.667	65.684	0	0	1	0	0	0	0	1	0	0	1	8
2013/12/31-21:15:22	71	1,414.667	65.684	0	0	1	0	0	0	0	1	0	0	1	8
2013/12/31-21:15:57	71	1,414.667	65.684	0	0	0	0	0	0	0	1	1	0	0	8
2013/12/31-21:16:23	71	1,414.667	65.684	0	0	1	0	0	0	0	1	1	0	0	59
2013/12/31-21:28:50	71	1,414.667	65.684	0	0	1	0	0	0	0	1	1	0	0	10
2013/12/31-21:29:19	71	1,414.667	65.684	0	0	0	0	0	0	0	1	1	0	0	60
2013/12/31-21:30:38	71	1,414.667	65.684	0	0	1	0	0	0	0	1	0	0	1	8
2013/12/31-21:31:06	71	1,414.667	65.684	0	0	1	0	0	0	0	1	0	0	1	8
2013/12/31-21:31:44	71	1,414.667	65.684	0	0	1	0	0	0	0	1	0	0	1	24
2014/01/01-01:00:44	66	1,430.219	65.426	0	0	1	0	0	0	0	1	0	0	1	8
2014/01/01-01:02:03	66	1,430.219	65.426	0	0	1	0	0	0	0	1	0	0	1	11
2014/01/01-01:03:11	66	1,430.219	65.426	0	0	1	0	0	0	0	1	0	0	1	8
2014/01/01-01:03:47	66	1,430.219	65.426	0	0	1	0	0	0	0	1	0	0	1	13
2014/01/01-01:04:19	66	1,430.219	65.426	0	0	1	0	0	0	0	1	0	0	1	6
2014/01/01-01:13:55	68	1,422.205	62.359	0	0	1	0	0	0	0	1	0	0	1	8
2014/01/01-01:14:23	68	1,422.205	62.359	0	0	1	0	0	0	0	1	0	0	1	8
2014/01/01-01:14:50	68	1,422.205	62.359	0	0	1	0	0	0	0	1	0	0	1	8
2014/01/01-01:15:20	68	1,422.205	62.359	0	0	1	0	0	0	0	1	0	0	1	7
2014/01/01-01:15:50	68	1,422.205	62.359	0	0	0	0	0	0	0	1	1	0	0	60
2014/01/01-01:29:06	68	1,422.205	62.359	0	0	0	0	0	0	0	1	1	0	0	8
2014/01/01-01:29:32	68	1,422.205	62.359	0	0	1	0	0	0	0	1	0	0	1	8
2014/01/01-01:29:59	68	1,422.205	62.359	0	0	0	0	0	0	0	1	1	0	0	42
2014/01/01-01:31:00	68	1,422.205	62.359	0	0	0	0	0	0	0	1	1	0	0	8
2014/01/01-01:31:27	68	1,422.205	62.359	0	0	1	0	0	0	0	1	0	0	1	8
2014/01/01-05:18:13	70	1,411.312	64.559	0	0	1	0	0	0	0	1	0	0	1	8
2014/01/01-05:18:45	70	1,411.312	64.559	0	0	1	0	0	0	0	1	0	0	1	9
2014/01/01-05:19:41	70	1,411.312	64.559	0	0	1	0	0	0	0	1	0	0	1	7
2014/01/01-05:20:34	70	1,411.312	64.559	0	0	1	0	0	0	0	1	0	0	1	47
2014/01/01-05:21:40	70	1,411.312	64.559	0	0	1	0	0	0	0	1	0	0	1	48
2014/01/01-05:26:42	70	1,411.312	64.559	0	0	0	0	0	0	0	1	1	0	0	11
2014/01/01-05:27:11	70	1,411.312	64.559	0	0	0	0	0	0	0	1	1	0	0	39
2014/01/01-05:28:09	70	1,411.312	64.559	0	0	1	0	0	0	0	1	0	0	1	10
2014/01/01-05:28:38	70	1,411.312	64.559	0	0	0	0	0	0	0	1	1	0	0	9
2014/01/01-05:29:06	70	1,411.312	64.559	0	0	0	0	0	0	0	1	1	0	0	29
2014/01/01-05:40:28	65	1,439.255	59.718	0	0	0	0	0	0	0	1	0	0	1	60
2014/01/01-05:41:47	65	1,439.255	59.718	0	0	1	0	0	0	0	1	0	0	1	6
2014/01/01-05:42:19	65	1,439.255	59.718	0	0	1	0	0	0	0	1	0	0	1	8
2014/01/01-05:42:56	65	1,439.255	59.718	0	0	1	0	0	0	0	1	0	0	1	3
2014/01/01-05:43:31	65	1,439.255	59.718	0	0	1	0	0	0	0	1	0	0	1	8
2014/01/01-10:01:26	69	1,417.144	64.967	0	0	1	0	0	0	0	1	1	0	0	3
2014/01/01-10:01:49	69	1,417.144	64.967	0	0	1	0	0	0	0	1	0	0	1	3
2014/01/01-10:02:11	69	1,417.144	64.967	0	0	1	0	0	0	0	1	0	0	1	19
2014/01/01-10:02:59	69	1,417.144	64.967	0	0	0	0	0	0	0	1	0	0	1	60
2014/01/01-10:04:17	69	1,417.144	64.967	0	0	1	0	0	0	0	1	0	0	1	59
2014/01/01-10:26:26	69	1,417.144	64.967	0	0	1	0	0	0	0	1	0	0	1	5
2014/01/01-10:26:58	69	1,417.144	64.967	0	0	1	0	0	0	0	1	0	0	1	8
2014/01/01-10:28:17	69	1,417.144	64.967	0	0	0	0	0	0	0	1	1	0	0	60
2014/01/01-10:29:36	69	1,417.144	64.967	0	0	1	0	0	0	0	1	0	0	1	20
2014/01/01-10:30:15	69	1,417.144	64.967	0	0	1	0	0	0	0	1	0	0	1	8
2014/01/01-10:40:46	67	1,451.036	59.86	0	0	1	0	0	0	0	1	0	0	1	19
2014/01/01-10:41:56	67	1,451.036	59.86	0	0	1	0	0	0	0	1	0	0	1	3
2014/01/01-10:43:15	67	1,451.036	59.86	0	0	1	0	0	0	0	1	0	0	1	18
2014/01/01-10:44:05	67	1,451.036	59.86	0	0	1	0	0	0	0	1	0	0	1	13
2014/01/01-10:45:24	67	1,451.036	59.86	0	0	1	0	0	0	0	1	0	0	1	7
2014/01/01-14:10:12	68	1,434.086	63.122	0	0	1	0	0	0	0	1	0	0	1	22
2014/01/01-14:10:53	68	1,434.086	63.122	0	0	1	0	0	0	0	1	0	0	1	8
2014/01/01-14:12:00	68	1,434.086	63.122	0	0	1	0	0	0	0	1	0	0	1	17
2014/01/01-14:12:47	68	1,434.086	63.122	0	0	1	0	0	0	0	1	0	0	1	7
2014/01/01-14:13:42	68	1,434.086	63.122	0	0	1	0	0	0	0	1	0	0	1	45
2014/01/01-14:33:02	68	1,434.086	63.122	0	0	1	0	0	0	0	1	0	0	1	23
2014/01/01-14:33:44	68	1,434.086	63.122	0	0	1	0	0	0	0	1	0	0	1	8
2014/01/01-14:34:11	68	1,434.086	63.122	0	0	0	0	0	0	0	1	1	0	0	60
2014/01/01-14:35:30	68	1,434.086	63.122	0	0	1	0	0	0	0	1	0	0	1	51
2014/01/01-14:36:40	68	1,434.086	63.122	0	0	1	0	0	0	0	1	0	0	1	36
2014/01/01-14:49:47	63	1,467.271	58.539	0	0	1	0	0	0	0	1	0	0	1	8
2014/01/01-14:50:36	63	1,467.271	58.539	0	0	1	0	0	0	0	1	0	0	1	13
2014/01/01-14:51:51	63	1,467.271	58.539	0	0	1	0	0	0	0	1	0	0	1	13
2014/01/01-14:53:10	63	1,467.271	58.539	0	0	0	0	0	0	0	1	0	0	1	60
2014/01/01-14:54:29	63	1,467.271	58.539	0	0	1	0	0	0	0	1	0	0	1	8
2014/01/02-00:30:46	66	1,466.49	63.328	0	0	0	0	0	0	0	1	1	0	0	29
2014/01/02-00:31:34	66	1,466.49	63.328	0	0	1	0	0	0	0	1	0	0	1	8
2014/01/02-00:32:19	66	1,466.49	63.328	0	0	1	0	0	0	0	1	0	0	1	5
2014/01/02-00:32:54	66	1,466.49	63.328	0	0	1	0	0	0	0	1	0	0	1	17
2014/01/02-00:33:34	66	1,466.49	63.328	0	0	1	0	0	0	0	1	0	0	1	13
2014/01/02-00:42:13	66	1,466.49	63.328	0	0	1	0	0	0	0	1	0	0	1	8
2014/01/02-00:43:14	66	1,466.49	63.328	0	0	1	0	0	0	0	1	0	0	1	15
2014/01/02-00:44:07	66	1,466.49	63.328	0	0	1	0	0	0	0	1	0	0	1	3
2014/01/02-00:45:09	66	1,466.49	63.328	0	0	1	0	0	0	0	1	0	0	1	18
2014/01/02-00:46:28	66	1,466.49	63.328	0	0	1	0	0	0	0	1	0	0	1	5
2014/01/02-00:57:38	66	1,466.49	63.328	0	0	1	0	0	0	0	1	0	0	1	3
2014/01/02-00:58:33	66	1,466.49	63.328	0	0	0	0	0	0	0	1	1	0	0	45
2014/01/02-00:59:37	66	1,466.49	63.328	0	0	1	0	0	0	0	1	0	0	1	8
2014/01/02-01:00:04	66	1,466.49	63.328	0	0	1	0	0	0	0	1	0	0	1	34
2014/01/02-01:00:57	66	1,466.49	63.328	0	0	1	0	0	0	0	1	1	0	0	8
2014/01/02-04:48:16	68	1,437.843	64.033	0	0	1	0	0	0	0	1	0	0	1	3
2014/01/02-04:48:47	68	1,437.843	64.033	0	0	1	0	0	0	0	1	0	0	1	24
2014/01/02-04:49:30	68	1,437.843	64.033	0	0	1	0	0	0	0	1	0	0	1	10
2014/01/02-04:50:00	68	1,437.843	64.033	0	0	1	0	0	0	0	1	0	0	1	22
2014/01/02-04:50:58	68	1,437.843	64.033	0	0	1	0	0	0	0	1	0	0	1	5
2014/01/02-05:07:26	68	1,434.035	61.435	0	0	1	0	0	0	0	1	0	0	1	7
2014/01/02-05:08:45	68	1,434.035	61.435	0	0	1	0	0	0	0	1	0	0	1	5
2014/01/02-05:09:09	68	1,434.035	61.435	0	0	1	0	0	0	0	1	0	0	1	13
2014/01/02-05:09:52	68	1,434.035	61.435	0	0	1	0	0	0	0	1	0	0	1	3
2014/01/02-05:11:11	68	1,434.035	61.435	0	0	0	0	0	0	0	1	0	0	1	60
2014/01/02-05:19:25	68	1,434.035	61.435	0	0	0	0	0	0	0	1	0	0	1	60
2014/01/02-05:20:44	68	1,434.035	61.435	0	0	1	0	0	0	0	1	0	0	1	13
2014/01/02-05:22:03	68	1,434.035	61.435	0	0	0	0	0	0	0	1	1	0	0	60
2014/01/02-05:23:22	68	1,434.035	61.435	0	0	0	0	0	0	0	1	1	0	0	60
2014/01/02-05:24:41	68	1,434.035	61.435	0	0	1	0	0	0	0	1	0	0	1	8
2014/01/02-10:26:38	66	1,458.708	64.152	0	0	1	0	0	0	0	1	0	0	1	6
2014/01/02-10:27:57	66	1,452.19	63.701	0	0	1	0	0	0	0	1	0	0	1	3
2014/01/02-10:28:27	66	1,452.19	63.701	0	0	1	0	0	0	0	1	0	0	1	9
2014/01/02-10:28:55	66	1,452.19	63.701	0	0	1	0	0	0	0	1	0	0	1	8
2014/01/02-10:29:31	66	1,452.19	63.701	0	0	1	0	0	0	0	1	0	0	1	3
2014/01/02-10:49:03	66	1,452.19	63.701	0	0	1	0	0	0	0	1	0	0	1	3
2014/01/02-10:49:32	66	1,452.19	63.701	0	0	0	0	0	0	0	1	1	0	0	60
2014/01/02-10:50:51	66	1,452.19	63.701	0	0	0	0	0	0	0	1	1	0	0	11
2014/01/02-10:51:22	66	1,452.19	63.701	0	0	1	0	0	0	0	1	0	0	1	8
2014/01/02-10:51:49	66	1,452.19	63.701	0	0	1	0	0	0	0	1	0	0	1	8
2014/01/02-11:03:33	67	1,438.825	59.084	0	0	1	0	0	0	0	1	0	0	1	8
2014/01/02-11:04:52	67	1,438.825	59.084	0	0	1	0	0	0	0	1	0	0	1	8
2014/01/02-11:06:11	67	1,438.825	59.084	0	0	1	0	0	0	0	1	0	0	1	10
2014/01/02-11:07:30	67	1,438.825	59.084	0	0	1	0	0	0	0	1	0	0	1	24
2014/01/02-11:08:13	67	1,438.825	59.084	0	0	1	0	0	0	0	1	0	0	1	12
2014/01/02-14:55:25	67	1,424.337	62.691	0	0	0	0	0	0	0	1	1	0	0	17
2014/01/02-14:56:01	67	1,424.337	62.691	0	0	1	0	0	0	0	1	0	0	1	15
2014/01/02-14:57:04	67	1,424.337	62.691	0	0	1	0	0	0	0	1	0	0	1	5
2014/01/02-14:57:33	67	1,424.337	62.691	0	0	1	0	0	0	0	1	0	0	1	19
2014/01/02-14:58:52	67	1,424.337	62.691	0	0	1	0	0	0	0	1	0	0	1	8
2014/01/02-15:03:08	67	1,424.337	62.691	0	0	1	0	0	0	0	1	0	0	1	6
2014/01/02-15:03:35	67	1,424.337	62.691	0	0	1	0	0	0	0	1	0	0	1	8
2014/01/02-15:04:02	67	1,424.337	62.691	0	0	0	0	0	0	0	1	1	0	0	8
2014/01/02-15:04:29	67	1,424.337	62.691	0	0	1	0	0	0	0	1	0	0	1	8
2014/01/02-15:04:56	71	1,410.805	58.347	0	0	0	0	0	0	0	1	1	0	0	60
2014/01/02-15:16:33	71	1,410.805	58.347	0	0	0	0	0	0	0	1	1	0	0	5
2014/01/02-15:16:57	71	1,410.805	58.347	0	0	1	0	0	0	0	1	0	0	1	32
2014/01/02-15:17:48	71	1,410.805	58.347	0	0	0	0	0	0	0	1	1	0	0	8
2014/01/02-15:18:15	71	1,410.805	58.347	0	0	1	0	0	0	0	1	0	0	1	7
2014/01/02-15:18:50	71	1,410.805	58.347	0	0	1	0	0	0	0	1	0	0	1	6
2014/01/02-22:47:34	69	1,435.543	64.192	0	0	1	0	0	0	0	1	0	0	1	9
2014/01/02-22:48:03	69	1,435.543	64.192	0	0	1	0	0	0	0	1	0	0	1	29
2014/01/02-22:48:52	69	1,435.543	64.192	0	0	1	0	0	0	0	1	0	0	1	5
2014/01/02-22:50:00	69	1,435.543	64.192	0	0	1	0	0	0	0	1	0	0	1	20
2014/01/02-22:50:50	69	1,435.543	64.192	0	0	1	0	0	0	0	1	0	0	1	6
2014/01/02-23:06:04	69	1,435.543	64.192	0	0	1	0	0	0	0	1	0	0	1	15
2014/01/02-23:06:39	69	1,435.543	64.192	0	0	0	0	0	0	0	1	0	0	1	60
2014/01/02-23:07:58	69	1,435.543	64.192	0	0	0	0	0	0	0	1	1	0	0	60
2014/01/02-23:09:17	69	1,435.543	64.192	0	0	1	0	0	0	0	1	0	0	1	10
2014/01/02-23:09:47	69	1,435.543	64.192	0	0	1	0	0	0	0	1	0	0	1	17
2014/01/02-23:25:14	70	1,434.713	59.348	0	0	1	0	0	0	0	1	0	0	1	18
2014/01/02-23:26:33	70	1,434.713	59.348	0	0	1	0	0	0	0	1	0	0	1	5
2014/01/02-23:26:57	70	1,434.713	59.348	0	0	1	0	0	0	0	1	0	0	1	8
2014/01/02-23:27:26	70	1,434.713	59.348	0	0	1	0	0	0	0	1	0	0	1	16
2014/01/02-23:28:21	70	1,434.713	59.348	0	0	1	0	0	0	0	1	0	0	1	3
2014/01/03-03:04:45	73	1,419.795	63.071	0	0	1	0	0	0	0	1	0	0	1	24
2014/01/03-03:05:28	73	1,419.795	63.071	0	0	1	0	0	0	0	1	0	0	1	10
2014/01/03-03:06:13	73	1,419.795	63.071	0	0	1	0	0	0	0	1	0	0	1	6
2014/01/03-03:06:39	73	1,419.795	63.071	0	0	1	0	0	0	0	1	0	0	1	5
2014/01/03-03:07:58	73	1,419.795	63.071	0	0	1	0	0	0	0	1	0	0	1	24
2014/01/03-03:18:05	72	1,423.217	60.325	0	0	1	0	0	0	0	1	0	0	1	8
2014/01/03-03:18:32	72	1,423.217	60.325	0	0	0	0	0	0	0	1	1	0	0	60
2014/01/03-03:19:51	72	1,423.217	60.325	0	0	0	0	0	0	0	1	1	0	0	60
2014/01/03-03:21:10	72	1,423.217	60.325	0	0	0	0	0	0	0	1	1	0	0	60
2014/01/03-03:22:29	72	1,423.217	60.325	0	0	1	0	0	0	0	1	0	0	1	8
2014/01/03-03:34:19	72	1,423.217	60.325	0	0	0	0	0	0	0	1	1	0	0	60
2014/01/03-03:35:38	72	1,423.217	60.325	0	0	0	0	0	0	0	1	1	0	0	42
2014/01/03-03:36:39	72	1,423.217	60.325	0	0	1	0	0	0	0	1	0	0	1	3
2014/01/03-03:37:25	72	1,423.217	60.325	0	0	0	0	0	0	0	1	0	0	1	60
2014/01/03-03:38:44	72	1,423.217	60.325	0	0	0	0	0	0	0	1	1	0	0	6
