2013/09/02-21:51:42	48	1,500	352.012	27	0	0	5	0	0	0	1	1	0	0	60
2013/09/02-21:53:01	48	1,500	352.012	11	0	1	0	1	0	0	1	0	0	1	55
2013/09/02-21:54:15	48	1,500	352.012	4	0	0	0	0	0	1	1	0	0	1	12
2013/09/02-21:54:55	48	1,500	352.012	0	0	1	0	0	0	0	1	0	0	1	7
2013/09/02-21:56:14	48	1,500	352.012	9	0	0	0	0	0	1	1	0	0	1	32
2013/09/02-22:28:52	48	1,500	352.012	2	0	0	0	1	0	0	1	1	0	0	7
2013/09/02-22:29:18	48	1,500	352.012	3	0	0	0	2	0	0	1	1	0	0	6
2013/09/02-22:29:43	48	1,500	352.012	1	0	0	0	1	0	0	1	1	0	0	6
2013/09/02-22:30:08	48	1,500	352.012	0	0	1	0	0	0	0	1	0	0	1	7
2013/09/02-22:30:33	48	1,500	352.012	8	0	0	4	0	0	1	1	0	0	1	19
2013/09/02-22:47:21	8	2,085.4	265.281	8	0	0	18	1	0	1	1	0	0	1	21
2013/09/02-22:48:01	8	2,085.4	265.281	5	0	0	0	1	0	0	1	1	0	0	32
2013/09/02-22:48:52	8	2,085.4	265.281	12	0	0	0	2	0	0	1	1	0	0	42
2013/09/02-22:49:53	8	2,085.4	265.281	3	0	1	0	0	0	0	1	0	0	1	16
2013/09/02-22:50:28	8	2,085.4	265.281	1	0	0	0	0	0	0	1	1	0	0	5
2013/09/03-01:14:18	9	2,094.964	221.265	2	0	1	0	0	0	0	1	0	0	1	8
2013/09/03-01:15:37	9	2,094.964	221.265	4	0	0	0	1	0	0	1	1	0	0	13
2013/09/03-01:16:09	9	2,094.964	221.265	13	0	0	13	0	0	0	1	1	0	0	41
2013/09/03-01:17:09	9	2,094.964	221.265	0	0	1	0	0	0	0	1	0	0	1	5
2013/09/03-01:17:38	9	2,094.964	221.265	16	0	0	2	2	0	1	1	0	0	1	47
2013/09/03-07:21:29	6	2,181.989	180.501	7	0	0	0	0	0	1	1	0	0	1	16
2013/09/03-07:22:19	6	2,181.989	180.501	19	0	0	4	0	0	0	1	0	0	1	60
2013/09/03-07:23:38	6	2,181.989	180.501	3	0	0	0	1	0	0	1	1	0	0	9
2013/09/03-07:24:06	6	2,181.989	180.501	7	0	0	1	0	0	1	1	0	0	1	30
2013/09/03-07:25:15	6	2,181.989	180.501	1	0	0	0	0	0	1	1	0	0	1	3
2013/09/03-07:36:59	6	2,181.989	180.501	8	0	0	0	1	0	0	1	1	0	0	18
2013/09/03-07:37:36	6	2,181.989	180.501	1	0	0	0	0	0	1	1	0	0	1	3
2013/09/03-07:38:22	6	2,181.989	180.501	2	0	1	0	0	0	0	1	0	0	1	7
2013/09/03-07:38:55	6	2,181.989	180.501	14	0	1	0	1	0	0	1	0	0	1	32
2013/09/03-07:40:01	6	2,181.989	180.501	13	0	0	4	0	0	0	1	1	0	0	60
2013/09/03-16:55:50	9	2,114.225	145.446	2	0	0	0	0	0	1	1	0	0	1	15
2013/09/03-16:56:37	9	2,114.225	145.446	16	0	0	0	0	0	0	1	0	0	1	60
2013/09/03-16:57:56	9	2,114.225	145.446	4	0	0	0	2	0	0	1	1	0	0	17
2013/09/03-16:58:32	9	2,114.225	145.446	16	0	0	16	0	0	1	1	0	0	1	48
2013/09/03-16:59:39	9	2,114.225	145.446	4	0	1	0	1	0	0	1	0	0	1	16
2013/09/03-17:30:03	9	2,114.225	145.446	1	0	0	0	0	0	1	1	0	0	1	5
2013/09/03-17:30:40	8	2,192.15	123.469	3	0	1	0	0	0	0	1	0	0	1	13
2013/09/03-17:31:59	8	2,192.15	123.469	3	0	0	0	0	0	1	1	0	0	1	11
2013/09/03-17:33:02	8	2,192.15	123.469	12	0	0	3	0	0	1	1	0	0	1	34
2013/09/03-17:33:55	8	2,192.15	123.469	5	0	1	0	0	0	0	1	0	0	1	15
2013/09/03-17:45:09	8	2,192.15	123.469	2	0	0	0	0	0	1	1	0	0	1	7
2013/09/03-17:46:14	8	2,192.15	123.469	1	0	1	0	0	0	0	1	0	0	1	6
2013/09/03-17:47:33	8	2,192.15	123.469	3	0	0	0	0	0	1	1	0	0	1	8
2013/09/03-17:48:40	8	2,192.15	123.469	0	0	1	0	0	0	0	1	0	0	1	6
2013/09/03-17:49:59	8	2,192.15	123.469	16	0	0	4	0	0	0	1	0	0	1	60
2013/09/03-21:53:04	11	2,100.128	106.773	7	0	0	0	0	0	0	1	1	0	0	27
2013/09/03-21:53:50	11	2,100.128	106.773	1	0	0	0	0	0	1	1	0	0	1	3
2013/09/03-21:54:15	11	2,100.128	106.773	0	0	1	0	0	0	0	1	0	0	1	9
2013/09/03-21:55:01	11	2,100.128	106.773	1	0	0	0	0	0	1	1	0	0	1	3
2013/09/03-21:55:26	13	2,066.984	97.01	1	0	1	0	0	0	0	1	0	0	1	4
2013/09/03-22:04:54	13	2,066.984	97.01	2	0	1	0	0	0	0	1	0	0	1	43
2013/09/03-22:06:02	13	2,066.984	97.01	1	0	1	0	0	0	0	1	0	0	1	3
2013/09/03-22:06:35	13	2,066.984	97.01	6	0	0	14	0	0	1	1	0	0	1	24
2013/09/03-22:07:48	13	2,066.984	97.01	23	0	0	4	0	0	0	1	1	0	0	60
2013/09/03-22:09:07	13	2,066.984	97.01	0	0	1	0	0	0	0	1	0	0	1	20
2013/09/03-22:24:13	13	2,066.984	97.01	13	0	0	5	0	0	1	1	0	0	1	36
2013/09/03-22:25:32	13	2,066.984	97.01	7	0	0	0	0	0	1	1	0	0	1	15
2013/09/03-22:26:14	13	2,066.984	97.01	2	0	1	0	1	0	0	1	0	0	1	10
2013/09/03-22:26:50	13	2,066.984	97.01	2	0	0	0	0	0	1	1	0	0	1	7
2013/09/03-22:27:27	13	2,066.984	97.01	3	0	0	0	0	0	1	1	0	0	1	10
2013/09/04-17:30:33	15	1,993.696	87.9	16	0	0	0	0	0	0	1	0	0	1	60
2013/09/04-17:31:52	15	1,993.696	87.9	8	0	0	0	0	0	1	1	0	0	1	45
2013/09/04-17:32:55	15	1,993.696	87.9	4	0	1	0	0	0	0	1	0	0	1	14
2013/09/04-17:34:14	15	1,993.696	87.9	10	0	0	1	1	0	0	1	1	0	0	33
2013/09/04-17:35:06	15	1,993.696	87.9	7	0	0	17	0	0	1	1	0	0	1	21
2013/09/04-17:44:40	14	2,046.859	81.013	5	0	1	0	0	0	0	1	0	0	1	18
2013/09/04-17:45:22	14	2,046.859	81.013	1	0	1	0	0	0	0	1	0	0	1	3
2013/09/04-17:45:45	14	2,046.859	81.013	2	0	1	0	0	0	0	1	0	0	1	10
2013/09/04-17:47:03	14	2,046.859	81.013	15	0	0	6	0	0	0	1	1	0	0	60
2013/09/04-17:48:22	14	2,046.859	81.013	16	0	0	0	1	0	0	1	1	0	0	60
2013/09/04-18:06:25	14	2,046.859	81.013	19	0	0	0	1	0	0	1	1	0	0	60
2013/09/04-18:07:44	14	2,046.859	81.013	12	0	0	2	2	0	0	1	1	0	0	35
2013/09/04-18:08:38	14	2,046.859	81.013	6	0	1	2	0	0	0	1	0	0	1	23
2013/09/04-18:09:57	14	2,046.859	81.013	11	0	0	0	1	0	0	1	1	0	0	32
2013/09/04-18:10:48	14	2,046.859	81.013	2	0	0	0	0	0	1	1	0	0	1	6
2013/09/05-00:04:19	10	2,123.79	77.188	3	0	1	0	0	0	0	1	0	0	1	12
2013/09/05-00:05:38	10	2,120.464	75.818	8	0	0	8	0	0	1	1	0	0	1	35
2013/09/05-00:06:31	10	2,120.464	75.818	2	0	1	0	0	0	0	1	0	0	1	7
2013/09/05-00:07:44	10	2,120.464	75.818	5	0	0	0	0	0	1	1	0	0	1	20
2013/09/05-00:08:23	10	2,120.464	75.818	1	0	0	0	0	0	1	1	0	0	1	7
2013/09/05-00:22:48	10	2,120.464	75.818	3	0	0	0	1	0	1	1	0	0	1	14
2013/09/05-00:24:51	10	2,120.464	75.818	16	0	0	0	0	0	0	1	1	0	0	57
2013/09/05-00:26:03	10	2,120.464	75.818	2	0	0	0	1	0	1	1	0	0	1	7
2013/09/05-00:26:29	10	2,120.464	75.818	17	0	0	6	1	0	0	1	1	0	0	60
2013/09/05-00:27:48	10	2,120.464	75.818	7	0	1	0	0	0	0	1	0	0	1	31
2013/09/05-00:40:40	11	2,119.011	67.688	5	0	0	1	0	0	1	1	0	0	1	16
2013/09/05-00:41:59	11	2,119.011	67.688	2	0	0	0	0	0	1	1	0	0	1	7
2013/09/05-00:43:18	11	2,119.011	67.688	0	0	1	0	0	0	0	1	0	0	1	8
2013/09/05-00:44:15	11	2,119.011	67.688	2	0	1	0	0	0	0	1	0	0	1	6
2013/09/05-00:44:54	11	2,119.011	67.688	7	0	0	6	0	0	1	1	0	0	1	31
2013/09/05-08:11:38	12	2,084.149	69.426	13	0	0	3	0	0	0	1	0	0	1	60
2013/09/05-08:12:57	12	2,084.149	69.426	6	0	0	2	1	0	1	1	0	0	1	25
2013/09/05-08:14:10	12	2,084.149	69.426	14	0	0	4	0	0	1	1	0	0	1	25
2013/09/05-08:14:54	12	2,084.149	69.426	21	0	0	4	2	0	0	1	1	0	0	41
2013/09/05-08:15:53	12	2,084.149	69.426	9	0	0	3	2	0	0	1	1	0	0	35
2013/09/05-10:32:35	10	2,120.919	65.008	14	0	0	3	0	0	0	1	0	0	1	60
2013/09/05-10:33:56	10	2,120.919	65.008	4	0	1	3	0	0	0	1	0	0	1	15
2013/09/05-10:34:56	10	2,120.919	65.008	3	0	0	0	0	0	1	1	0	0	1	12
2013/09/05-10:36:15	10	2,120.919	65.008	10	0	1	3	1	0	0	1	0	0	1	39
2013/09/05-10:37:37	10	2,120.919	65.008	4	0	1	1	0	0	0	1	0	0	1	19
2013/09/05-10:50:16	10	2,120.919	65.008	7	0	0	3	1	0	1	1	0	0	1	26
2013/09/05-10:51:01	10	2,120.919	65.008	7	0	0	1	0	0	1	1	0	0	1	20
2013/09/05-10:52:20	10	2,120.919	65.008	7	0	1	3	0	0	0	1	0	0	1	19
2013/09/05-10:53:39	10	2,120.919	65.008	18	0	0	5	1	0	0	1	1	0	0	49
2013/09/05-10:54:46	10	2,120.919	65.008	16	0	0	5	0	0	0	1	0	0	1	60
2013/09/06-23:43:52	10	2,110.278	67.74	16	0	0	2	0	0	0	1	0	0	1	60
2013/09/06-23:45:11	10	2,110.278	67.74	5	0	0	1	0	0	1	1	0	0	1	19
2013/09/06-23:46:28	10	2,110.278	67.74	6	0	1	0	0	0	0	1	0	0	1	26
2013/09/06-23:47:33	10	2,110.278	67.74	9	0	0	4	0	0	1	1	0	0	1	37
2013/09/06-23:48:52	10	2,110.278	67.74	4	0	1	0	0	0	0	1	0	0	1	20
2013/09/07-00:01:57	10	2,110.278	67.74	6	0	1	0	0	0	0	1	0	0	1	31
2013/09/07-00:03:16	10	2,110.278	67.74	5	0	1	2	0	0	0	1	0	0	1	18
2013/09/07-00:04:28	10	2,110.278	67.74	1	0	1	0	0	0	0	1	0	0	1	7
2013/09/07-00:05:15	10	2,110.278	67.74	8	0	0	1	0	0	1	1	0	0	1	28
2013/09/07-00:06:34	10	2,110.278	67.74	10	0	1	1	0	0	0	1	0	0	1	48
2013/09/07-00:25:02	15	2,058.289	60.998	9	0	0	1	0	0	1	1	0	0	1	32
2013/09/07-00:25:54	15	2,058.289	60.998	7	0	1	1	0	0	0	1	0	0	1	27
2013/09/07-00:26:58	15	2,058.289	60.998	14	0	0	3	0	0	1	1	0	0	1	44
2013/09/07-00:28:01	15	2,058.289	60.998	7	0	1	2	0	0	0	1	0	0	1	22
2013/09/07-00:29:06	15	2,058.289	60.998	10	0	0	2	1	0	1	1	0	0	1	28
2013/09/08-18:49:50	15	2,052.709	63.392	2	0	1	0	0	0	0	1	0	0	1	9
2013/09/08-18:50:36	15	2,052.709	63.392	22	0	0	6	0	0	0	1	1	0	0	60
2013/09/08-18:51:55	15	2,052.709	63.392	3	0	1	0	0	0	0	1	0	0	1	11
2013/09/08-18:53:14	15	2,052.709	63.392	9	0	0	2	0	0	1	1	0	0	1	26
2013/09/08-18:54:08	15	2,052.709	63.392	13	0	1	3	2	0	0	1	0	0	1	50
2013/09/08-19:01:30	15	2,052.709	63.392	8	0	0	1	1	0	1	1	0	0	1	24
2013/09/08-19:02:17	15	2,052.709	63.392	12	0	0	3	1	0	1	1	0	0	1	45
2013/09/08-19:03:20	15	2,052.709	63.392	5	0	0	1	0	0	1	1	0	0	1	16
2013/09/08-19:07:41	15	2,052.709	63.392	25	0	0	5	1	0	0	1	1	0	0	60
2013/09/08-19:09:00	15	2,052.709	63.392	6	0	1	2	0	0	0	1	0	0	1	16
2013/09/08-20:08:18	14	2,056.971	57.662	7	0	0	2	0	0	0	1	1	0	0	22
2013/09/08-20:08:59	14	2,056.971	57.662	11	0	1	3	0	0	0	1	0	0	1	40
2013/09/08-20:09:57	14	2,056.971	57.662	6	0	0	1	0	0	1	1	0	0	1	18
2013/09/08-20:10:34	14	2,056.971	57.662	8	0	0	3	1	0	1	1	0	0	1	25
2013/09/08-20:11:36	14	2,056.971	57.662	17	0	0	3	0	0	0	1	1	0	0	54
2013/09/10-00:22:39	13	2,076.502	61.752	4	0	1	0	0	0	0	1	0	0	1	18
2013/09/10-00:23:35	13	2,076.502	61.752	17	0	0	2	0	0	0	1	1	0	0	60
2013/09/10-00:24:54	13	2,076.502	61.752	11	0	0	3	0	0	1	1	0	0	1	29
2013/09/10-00:26:12	13	2,076.502	61.752	3	0	1	0	0	0	0	1	0	0	1	25
2013/09/10-00:27:05	13	2,076.502	61.752	11	0	0	3	1	0	0	1	1	0	0	43
2013/09/10-01:01:29	13	2,087.91	58.757	6	0	1	2	0	0	0	1	0	0	1	21
2013/09/10-01:02:45	13	2,087.91	58.757	13	0	0	5	0	0	1	1	0	0	1	40
2013/09/10-01:04:03	13	2,087.91	58.757	9	0	1	3	0	0	0	1	0	0	1	24
2013/09/10-01:05:22	13	2,087.91	58.757	10	0	1	2	0	0	0	1	0	0	1	32
2013/09/10-01:06:15	13	2,087.91	58.757	10	0	0	4	0	0	1	1	0	0	1	22
2013/09/10-01:25:13	14	2,078.787	56.167	10	0	1	2	0	0	0	1	0	0	1	42
2013/09/10-01:26:32	14	2,078.787	56.167	17	0	0	4	0	0	1	1	0	0	1	48
2013/09/10-01:27:38	14	2,078.787	56.167	4	0	0	2	0	0	1	1	0	0	1	25
2013/09/10-01:28:57	14	2,078.787	56.167	6	0	0	1	0	0	1	1	0	0	1	18
2013/09/10-01:30:16	14	2,078.787	56.167	8	0	1	0	0	0	0	1	0	0	1	32
2013/09/11-00:48:40	14	2,053.93	60.666	10	0	0	3	1	0	1	1	0	0	1	34
2013/09/11-00:49:32	14	2,053.93	60.666	7	0	1	2	0	0	0	1	0	0	1	24
2013/09/11-00:50:51	14	2,053.93	60.666	10	0	1	1	0	0	0	1	0	0	1	33
2013/09/11-00:51:43	14	2,053.93	60.666	6	0	1	3	0	0	0	1	0	0	1	15
2013/09/11-00:52:31	14	2,053.93	60.666	3	0	0	0	0	0	1	1	0	0	1	12
2013/09/11-01:15:52	14	2,053.93	60.666	14	0	1	2	0	0	0	1	0	0	1	47
2013/09/11-01:16:58	14	2,052.414	57.438	16	0	0	3	1	0	1	1	0	0	1	54
2013/09/11-01:18:11	14	2,052.414	57.438	19	0	0	4	0	0	0	1	0	0	1	60
2013/09/11-01:19:30	14	2,052.414	57.438	13	0	0	4	0	0	1	1	0	0	1	40
2013/09/11-01:20:29	14	2,052.414	57.438	7	0	1	2	0	0	0	1	0	0	1	36
2013/09/11-01:33:03	14	2,052.414	57.438	5	0	1	0	1	0	0	1	0	0	1	14
2013/09/11-01:33:40	14	2,052.414	57.438	8	0	0	3	0	0	1	1	0	0	1	23
2013/09/11-01:34:44	14	2,052.414	57.438	9	0	1	1	0	0	0	1	0	0	1	27
2013/09/11-01:35:31	14	2,052.414	57.438	12	0	0	3	1	0	1	1	0	0	1	44
2013/09/11-01:36:34	14	2,052.414	57.438	7	0	1	3	0	0	0	1	0	0	1	26
2013/09/11-17:01:52	14	2,046.267	60.174	6	0	0	3	0	0	1	1	0	0	1	20
2013/09/11-17:03:11	14	2,046.267	60.174	21	0	0	3	1	0	1	1	0	0	1	51
2013/09/11-17:04:21	14	2,046.267	60.174	9	0	0	4	1	0	1	1	0	0	1	28
2013/09/11-17:05:37	14	2,046.267	60.174	8	0	1	2	0	0	0	1	0	0	1	22
2013/09/11-17:06:28	14	2,049.072	58.135	5	0	1	3	0	0	0	1	0	0	1	35
2013/09/11-17:25:23	14	2,049.072	58.135	22	0	0	5	0	0	1	1	0	0	1	60
2013/09/11-17:26:41	14	2,049.072	58.135	5	0	1	1	0	0	0	1	0	0	1	20
2013/09/11-17:27:25	14	2,049.072	58.135	3	0	0	1	0	0	1	1	0	0	1	11
2013/09/11-17:28:16	14	2,049.072	58.135	4	0	1	2	0	0	0	1	0	0	1	18
2013/09/11-17:29:15	14	2,049.072	58.135	4	0	1	0	0	0	0	1	0	0	1	17
2013/09/11-17:47:42	14	2,026.949	55.041	9	0	1	1	1	0	0	1	0	0	1	33
2013/09/11-17:48:34	14	2,026.949	55.041	6	0	0	1	0	0	0	1	1	0	0	18
2013/09/11-17:49:11	14	2,026.949	55.041	8	0	0	5	1	0	1	1	1	0	0	35
2013/09/11-17:50:05	14	2,026.949	55.041	3	0	1	2	0	0	0	1	0	0	1	21
2013/09/11-17:51:06	14	2,026.949	55.041	5	0	0	1	1	0	1	1	0	0	1	16
2013/09/12-11:47:59	14	2,035.222	59.77	11	0	1	4	0	0	0	1	0	0	1	42
2013/09/12-11:49:11	14	2,035.222	59.77	7	0	1	1	1	0	0	1	0	0	1	20
2013/09/12-11:50:10	14	2,035.222	59.77	9	0	0	4	0	0	1	1	0	0	1	44
2013/09/12-11:51:29	14	2,035.222	59.77	4	0	1	1	0	0	0	1	0	0	1	22
2013/09/12-11:52:47	14	2,035.222	59.77	14	0	1	3	1	0	0	1	0	0	1	41
2013/09/12-12:16:43	14	2,021.146	57.372	4	0	0	0	0	0	1	1	0	0	1	11
2013/09/12-12:18:02	14	2,021.146	57.372	9	0	1	2	1	0	0	1	0	0	1	26
2013/09/12-12:19:21	14	2,021.146	57.372	4	0	1	1	0	0	0	1	0	0	1	27
2013/09/12-12:20:39	14	2,021.146	57.372	22	0	0	5	0	0	0	1	1	0	0	60
2013/09/12-12:21:58	14	2,021.146	57.372	7	0	0	1	0	0	1	1	0	0	1	23
2013/09/12-12:35:16	14	2,021.146	57.372	9	0	0	2	1	0	1	1	0	0	1	30
2013/09/12-12:36:02	14	2,021.146	57.372	16	0	0	3	0	0	0	1	1	0	0	54
2013/09/12-12:37:14	14	2,021.146	57.372	16	0	0	5	0	0	0	1	0	0	1	60
2013/09/12-12:38:33	14	2,021.146	57.372	11	0	0	2	0	0	0	1	1	0	0	60
2013/09/12-12:39:52	14	2,021.146	57.372	5	0	0	0	1	0	0	1	1	0	0	20
2013/09/14-01:17:52	11	2,054.419	71.44	10	0	0	3	1	0	0	1	1	0	0	28
2013/09/14-01:18:39	11	2,054.419	71.44	19	0	0	5	1	0	1	1	0	0	1	48
2013/09/14-01:19:45	11	2,054.419	71.44	22	0	0	4	1	0	0	1	1	0	0	52
2013/09/14-01:20:56	11	2,054.419	71.44	11	0	0	3	0	0	0	1	0	0	1	60
2013/09/14-01:22:15	11	2,054.419	71.44	9	0	0	3	0	0	1	1	0	0	1	37
2013/09/14-01:39:45	11	2,021.482	70.797	15	0	0	4	2	0	0	1	1	0	0	52
2013/09/14-01:40:56	11	2,021.482	70.797	6	0	0	0	1	0	1	1	0	0	1	19
2013/09/14-01:41:34	11	2,021.482	70.797	4	0	1	2	0	0	0	1	0	0	1	21
2013/09/14-01:42:53	11	2,021.482	70.797	4	0	0	1	0	0	1	1	0	0	1	17
2013/09/14-01:44:11	11	2,021.482	70.797	5	0	1	1	0	0	0	1	0	0	1	18
2013/09/14-01:54:22	11	2,021.482	70.797	6	0	0	2	2	0	0	1	1	0	0	17
2013/09/14-01:54:58	11	2,021.482	70.797	9	0	0	1	0	0	1	1	0	0	1	25
2013/09/14-01:56:17	11	2,021.482	70.797	16	0	0	3	1	0	1	1	0	0	1	39
2013/09/14-01:57:15	11	2,021.482	70.797	13	0	0	5	2	0	0	1	1	0	0	34
2013/09/14-01:58:08	11	2,021.482	70.797	9	0	0	2	1	0	0	1	1	0	0	33
2013/09/14-02:16:42	14	1,981.887	66.147	10	0	0	2	1	0	1	1	1	0	0	32
2013/09/14-02:17:32	14	1,981.887	66.147	14	0	0	4	1	0	1	1	0	0	1	33
2013/09/14-02:18:24	14	1,981.887	66.147	12	0	0	3	0	0	1	1	0	0	1	55
2013/09/14-02:19:38	14	1,981.887	66.147	16	0	0	3	1	0	0	1	1	0	0	56
2013/09/14-02:20:52	14	1,981.887	66.147	14	0	0	6	1	0	1	1	0	0	1	44
2013/09/14-02:38:40	14	1,981.887	66.147	4	0	1	2	0	0	0	1	0	0	1	17
2013/09/14-02:39:34	14	1,981.887	66.147	12	0	0	5	0	0	0	1	1	0	0	60
2013/09/14-02:40:53	15	1,962.975	64.238	4	0	1	3	0	0	0	1	0	0	1	13
2013/09/14-02:42:12	15	1,962.975	64.238	16	0	0	5	0	0	1	1	0	0	1	50
2013/09/14-02:43:21	15	1,962.975	64.238	9	0	0	5	1	0	0	1	1	0	0	42
2013/09/14-03:08:08	15	1,962.975	64.238	14	0	0	5	1	0	1	1	0	0	1	38
2013/09/14-03:09:05	15	1,962.975	64.238	9	0	1	4	0	0	0	1	0	0	1	35
2013/09/14-03:10:08	15	1,962.975	64.238	8	0	0	2	1	0	1	1	0	0	1	30
2013/09/14-03:10:57	15	1,962.975	64.238	5	0	0	3	0	0	1	1	0	0	1	18
2013/09/14-03:12:05	15	1,962.975	64.238	20	0	0	5	0	0	0	1	0	0	1	60
2013/09/14-04:27:43	15	1,937.146	61.438	4	0	1	4	0	0	0	1	0	0	1	25
2013/09/14-04:28:30	15	1,937.146	61.438	11	0	0	2	1	0	1	1	0	0	1	40
2013/09/14-04:29:28	15	1,937.146	61.438	16	0	0	4	0	0	1	1	0	0	1	57
2013/09/14-04:30:44	15	1,937.146	61.438	6	0	1	3	0	0	0	1	0	0	1	33
2013/09/14-04:31:42	15	1,937.146	61.438	19	0	0	2	1	0	0	1	1	0	0	54
2013/09/14-04:39:40	15	1,922.569	59.752	7	0	0	4	1	0	1	1	1	0	0	27
2013/09/14-04:40:26	15	1,922.569	59.752	10	0	0	3	0	0	1	1	0	0	1	37
2013/09/14-04:41:22	15	1,922.569	59.752	4	0	0	1	1	0	1	1	0	0	1	16
2013/09/14-04:41:57	15	1,922.569	59.752	8	0	0	4	0	0	1	1	0	0	1	30
2013/09/14-04:43:02	15	1,922.569	59.752	10	0	0	4	1	0	0	1	1	0	0	36
2013/09/14-05:00:40	15	1,922.569	59.752	6	0	1	3	1	0	0	1	0	0	1	24
2013/09/14-05:01:37	15	1,922.569	59.752	6	0	0	1	1	0	1	1	0	0	1	14
2013/09/14-05:02:29	15	1,922.569	59.752	5	0	1	2	0	0	0	1	0	0	1	30
2013/09/14-05:03:29	15	1,922.569	59.752	8	0	1	1	0	0	0	1	0	0	1	35
2013/09/14-05:04:22	15	1,922.569	59.752	7	0	0	1	2	0	1	1	0	0	1	31
2013/09/14-07:24:26	15	1,918.012	59.602	11	0	0	3	1	0	0	1	1	0	0	37
2013/09/14-07:25:21	15	1,918.012	59.602	8	0	0	3	1	0	1	1	0	0	1	29
2013/09/14-07:26:12	15	1,918.012	59.602	7	0	1	3	0	0	0	1	0	0	1	22
2013/09/14-07:26:52	15	1,918.012	59.602	16	0	0	5	2	0	0	1	1	0	0	44
2013/09/14-07:27:55	15	1,918.012	59.602	11	0	1	4	0	0	0	1	0	0	1	48
2013/09/14-09:43:53	18	1,889.444	58.532	5	0	1	1	0	0	0	1	0	0	1	25
2013/09/14-09:45:12	18	1,889.444	58.532	17	0	0	5	1	0	1	1	0	0	1	50
2013/09/14-09:46:22	18	1,889.444	58.532	7	0	1	2	0	0	0	1	0	0	1	32
2013/09/14-09:47:40	18	1,889.444	58.532	4	0	1	2	0	0	0	1	0	0	1	18
2013/09/14-09:48:59	18	1,889.444	58.532	17	0	0	4	0	0	0	1	1	0	0	49
2013/09/14-10:10:45	18	1,889.444	58.532	7	0	1	2	0	0	0	1	0	0	1	28
2013/09/14-10:12:01	18	1,896.868	55.515	8	0	0	3	0	0	1	1	0	0	1	22
2013/09/14-10:13:19	18	1,896.868	55.515	12	0	0	4	1	0	1	1	0	0	1	58
2013/09/14-10:14:36	18	1,896.868	55.515	6	0	0	1	2	0	1	1	0	0	1	21
2013/09/14-10:15:16	18	1,896.868	55.515	5	0	1	2	0	0	0	1	0	0	1	12
2013/09/14-13:37:17	17	1,887.939	58.146	4	0	0	1	0	0	1	1	0	0	1	20
2013/09/14-13:38:07	17	1,887.939	58.146	8	0	0	2	3	0	0	1	1	0	0	30
2013/09/14-13:38:56	17	1,887.939	58.146	13	0	0	3	0	0	1	1	0	0	1	33
2013/09/14-13:39:48	17	1,887.939	58.146	14	0	0	3	1	0	0	1	1	0	0	56
2013/09/14-13:41:03	17	1,887.939	58.146	4	0	0	0	1	0	0	1	1	0	0	22
2013/09/14-13:57:23	17	1,883.348	56.797	9	0	0	3	1	0	0	1	1	0	0	37
2013/09/14-13:58:18	17	1,883.348	56.797	11	0	0	1	2	0	1	1	1	0	0	41
2013/09/14-13:59:18	17	1,883.348	56.797	8	0	0	5	0	0	1	1	0	0	1	33
2013/09/14-14:00:10	17	1,883.348	56.797	9	0	1	4	0	0	0	1	0	0	1	45
2013/09/14-14:01:14	17	1,883.348	56.797	6	0	1	2	0	0	0	1	0	0	1	24
2013/09/14-14:17:34	17	1,883.348	56.797	9	0	0	2	0	0	1	1	0	0	1	32
2013/09/14-14:18:47	17	1,883.348	56.797	3	0	0	1	0	0	1	1	0	0	1	11
2013/09/14-14:19:38	17	1,883.348	56.797	3	0	1	0	0	0	0	1	0	0	1	17
2013/09/14-14:20:14	17	1,883.348	56.797	6	0	1	1	0	0	0	1	0	0	1	23
2013/09/14-14:20:56	17	1,883.348	56.797	10	0	0	2	1	0	1	1	0	0	1	30
2013/09/14-17:17:10	16	1,891.286	57.086	7	0	0	4	0	0	1	1	0	0	1	19
2013/09/14-17:17:48	16	1,891.286	57.086	10	0	0	2	2	0	0	1	1	0	0	40
2013/09/14-17:18:46	16	1,891.286	57.086	8	0	0	3	0	0	0	1	1	0	0	23
2013/09/14-17:19:28	16	1,886.355	56.504	9	0	0	1	2	0	0	1	1	0	0	32
2013/09/14-17:20:19	16	1,886.355	56.504	8	0	0	3	0	0	1	1	0	0	1	25
2013/09/14-17:43:05	16	1,886.355	56.504	11	0	0	5	1	0	0	1	1	0	0	33
2013/09/14-17:43:57	16	1,886.355	56.504	3	0	0	1	0	0	1	1	0	0	1	12
2013/09/14-17:44:40	16	1,886.355	56.504	12	0	0	4	1	0	0	1	1	0	0	39
2013/09/14-17:45:38	16	1,886.355	56.504	12	0	0	5	0	0	1	1	0	0	1	37
2013/09/14-17:46:40	16	1,886.355	56.504	5	0	0	2	0	0	1	1	0	0	1	16
2013/09/14-18:00:53	18	1,866.553	53.953	7	0	0	2	1	0	1	1	0	0	1	25
2013/09/14-18:01:38	18	1,866.553	53.953	10	0	0	2	1	0	1	1	1	0	0	29
2013/09/14-18:02:27	18	1,866.553	53.953	5	0	1	2	0	0	0	1	0	0	1	25
2013/09/14-18:03:12	18	1,866.553	53.953	5	0	0	2	1	0	0	1	1	0	0	13
2013/09/14-18:03:45	18	1,866.553	53.953	12	0	1	2	0	0	0	1	0	0	1	53
2013/09/14-22:30:17	19	1,862.966	59.006	15	0	0	5	1	0	0	1	1	0	0	60
2013/09/14-22:31:36	19	1,862.966	59.006	11	0	0	1	0	0	0	1	1	0	0	39
2013/09/14-22:32:34	19	1,862.966	59.006	16	0	0	3	0	0	0	1	1	0	0	53
2013/09/14-22:33:45	19	1,862.966	59.006	25	0	0	6	1	0	0	1	1	0	0	58
2013/09/14-22:35:02	19	1,862.966	59.006	9	0	0	1	0	0	1	1	0	0	1	24
2013/09/14-22:50:34	18	1,871.306	57.481	9	0	0	1	0	0	0	1	1	0	0	34
2013/09/14-22:51:27	18	1,871.306	57.481	14	0	0	3	0	0	1	1	0	0	1	41
2013/09/14-22:52:33	18	1,871.306	57.481	8	0	0	3	1	0	1	1	0	0	1	23
2013/09/14-22:53:15	18	1,871.306	57.481	11	0	0	2	1	0	1	1	0	0	1	24
2013/09/14-22:53:58	18	1,871.306	57.481	5	0	0	1	0	0	1	1	0	0	1	14
2013/09/14-23:12:25	18	1,871.306	57.481	7	0	1	2	0	0	0	1	0	0	1	32
2013/09/14-23:13:16	18	1,871.306	57.481	9	0	0	2	0	0	1	1	0	0	1	29
2013/09/14-23:14:35	18	1,871.306	57.481	10	0	1	2	0	0	0	1	0	0	1	29
2013/09/14-23:15:23	18	1,871.306	57.481	6	0	1	4	0	0	0	1	0	0	1	21
2013/09/14-23:16:42	18	1,871.306	57.481	5	0	1	1	0	0	0	1	0	0	1	23
2013/09/15-11:07:37	19	1,861.245	59.711	8	0	0	5	0	0	1	1	0	0	1	39
2013/09/15-11:08:36	19	1,861.245	59.711	7	0	1	4	0	0	0	1	0	0	1	37
2013/09/15-11:09:46	19	1,861.245	59.711	10	0	1	4	1	0	0	1	0	0	1	35
2013/09/15-11:10:44	19	1,861.245	59.711	15	0	0	3	0	0	0	1	1	0	0	32
2013/09/15-11:11:35	19	1,861.245	59.711	5	0	0	2	1	0	1	1	0	0	1	30
2013/09/15-11:18:03	19	1,848.226	57.617	7	0	0	2	1	0	1	1	0	0	1	38
2013/09/15-11:18:59	19	1,848.226	57.617	19	0	0	5	0	0	0	1	1	0	0	60
2013/09/15-11:20:18	19	1,848.226	57.617	14	0	0	5	2	0	0	1	1	0	0	40
2013/09/15-11:21:17	19	1,848.226	57.617	16	0	0	5	2	0	0	1	1	0	0	39
2013/09/15-11:22:14	19	1,848.226	57.617	9	0	0	2	1	0	0	1	1	0	0	29
2013/09/15-11:46:01	19	1,848.226	57.617	9	0	0	4	0	0	0	1	1	0	0	36
2013/09/15-11:46:56	19	1,848.226	57.617	11	0	0	3	2	0	0	1	1	0	0	41
2013/09/15-11:47:56	19	1,848.226	57.617	8	0	0	4	1	0	1	1	0	0	1	25
2013/09/15-11:48:39	19	1,848.226	57.617	19	0	0	4	1	0	0	1	1	0	0	60
2013/09/15-11:49:58	19	1,848.226	57.617	9	0	0	2	0	0	0	1	1	0	0	60
2013/09/15-17:04:30	14	1,882.677	60.589	7	0	1	3	0	0	0	1	0	0	1	31
2013/09/15-17:05:49	14	1,882.677	60.589	6	0	1	3	0	0	0	1	0	0	1	21
2013/09/15-17:07:08	14	1,882.677	60.589	9	0	1	0	0	0	0	1	0	0	1	39
2013/09/15-17:08:06	14	1,882.677	60.589	7	0	1	2	0	0	0	1	0	0	1	28
2013/09/15-17:09:25	14	1,882.677	60.589	6	0	1	3	0	0	0	1	0	0	1	20
2013/09/15-17:36:04	14	1,882.677	60.589	8	0	0	2	0	0	1	1	0	0	1	23
2013/09/15-17:37:23	14	1,882.677	60.589	13	0	1	1	0	0	0	1	0	0	1	50
2013/09/15-17:38:41	14	1,882.677	60.589	5	0	0	0	0	0	1	1	0	0	1	26
2013/09/15-17:39:30	14	1,882.677	60.589	8	0	1	1	0	0	0	1	0	0	1	34
2013/09/15-17:40:49	14	1,882.677	60.589	6	0	1	4	0	0	0	1	0	0	1	27
2013/09/15-17:55:33	18	1,851.353	55.756	21	0	0	4	1	0	0	1	1	0	0	43
2013/09/15-17:56:35	18	1,851.353	55.756	11	0	0	1	1	0	1	1	0	0	1	36
2013/09/15-17:57:54	18	1,851.353	55.756	9	0	0	1	0	0	1	1	0	0	1	27
2013/09/15-17:59:13	18	1,851.353	55.756	9	0	0	1	0	0	1	1	0	0	1	42
2013/09/15-18:00:15	18	1,851.353	55.756	5	0	0	2	0	0	1	1	0	0	1	13
2013/09/15-18:27:28	18	1,851.353	55.756	6	0	1	1	0	0	0	1	0	0	1	27
2013/09/15-18:28:14	19	1,842.407	52.923	9	0	1	2	1	0	0	1	0	0	1	41
2013/09/15-18:29:30	19	1,842.407	52.923	17	0	0	3	0	0	0	1	0	0	1	60
2013/09/15-18:30:49	19	1,842.407	52.923	10	0	0	3	1	0	1	1	0	0	1	33
2013/09/15-18:31:41	19	1,842.407	52.923	2	0	0	0	0	0	1	1	0	0	1	21
2013/09/15-18:43:37	19	1,842.407	52.923	12	0	0	4	1	0	1	1	0	0	1	37
2013/09/15-18:44:34	19	1,842.407	52.923	5	0	1	0	0	0	0	1	0	0	1	19
2013/09/15-18:45:53	19	1,842.407	52.923	6	0	1	2	0	0	0	1	0	0	1	29
2013/09/15-18:46:41	19	1,842.407	52.923	5	0	1	2	0	0	0	1	0	0	1	28
2013/09/15-18:47:58	19	1,842.407	52.923	10	0	1	2	0	0	0	1	0	0	1	33
2013/09/15-19:07:20	19	1,842.407	52.923	11	0	0	1	0	0	0	1	1	0	0	39
2013/09/15-19:08:18	19	1,842.407	52.923	4	0	0	0	0	0	1	1	0	0	1	12
2013/09/15-19:09:13	21	1,799.963	49.182	3	0	0	2	0	0	1	1	0	0	1	9
2013/09/15-19:09:59	21	1,799.963	49.182	8	0	1	3	0	0	0	1	0	0	1	27
2013/09/15-19:11:02	21	1,799.963	49.182	4	0	0	0	0	0	1	1	0	0	1	15
2013/09/16-00:31:20	23	1,779.701	57.428	7	0	1	2	0	0	0	1	0	0	1	25
2013/09/16-00:32:31	23	1,779.701	57.428	7	0	0	3	0	0	0	1	1	0	0	24
2013/09/16-00:33:14	23	1,779.701	57.428	14	0	0	5	0	0	1	1	0	0	1	28
2013/09/16-00:34:00	23	1,779.701	57.428	4	0	1	0	0	0	0	1	0	0	1	27
2013/09/16-00:35:09	23	1,779.701	57.428	7	0	0	0	0	0	1	1	0	0	1	28
2013/09/16-01:00:30	23	1,777.169	54.817	8	0	1	2	0	0	0	1	0	0	1	23
2013/09/16-01:01:13	23	1,777.169	54.817	11	0	0	2	0	0	1	1	0	0	1	43
2013/09/16-01:02:32	23	1,777.169	54.817	7	0	1	3	1	0	0	1	0	0	1	27
2013/09/16-01:03:18	23	1,777.169	54.817	6	0	0	1	0	0	1	1	0	0	1	23
2013/09/16-01:04:37	23	1,777.169	54.817	5	0	1	2	0	0	0	1	0	0	1	14
2013/09/16-01:16:03	23	1,777.169	54.817	22	0	0	3	1	0	0	1	1	0	0	60
2013/09/16-01:17:22	23	1,777.169	54.817	15	0	0	1	2	0	0	1	1	0	0	60
2013/09/16-01:18:41	23	1,777.169	54.817	17	0	0	5	1	0	1	1	0	0	1	44
2013/09/16-01:19:44	23	1,777.169	54.817	14	0	0	4	0	0	0	1	1	0	0	60
2013/09/16-01:21:03	23	1,777.169	54.817	18	0	0	4	0	0	1	1	0	0	1	44
2013/09/17-00:47:23	24	1,782.572	59.377	7	0	1	0	0	0	0	1	0	0	1	21
2013/09/17-00:48:03	24	1,782.572	59.377	1	0	1	0	0	0	0	1	1	0	0	3
2013/09/17-00:48:25	24	1,782.572	59.377	7	0	1	17	0	0	0	1	0	0	1	22
2013/09/17-00:49:10	24	1,782.572	59.377	0	0	1	0	0	0	0	1	0	0	1	0
2013/09/17-06:56:44	24	1,782.572	59.377	4	0	1	0	0	0	0	1	0	0	1	15
2013/09/17-07:08:57	24	1,782.572	59.377	5	0	1	2	1	0	0	1	0	0	1	17
2013/09/17-07:10:00	24	1,782.572	59.377	6	0	1	0	0	0	0	1	0	0	1	22
2013/09/17-07:10:45	24	1,782.572	59.377	7	0	1	0	1	0	0	1	0	0	1	31
2013/09/17-07:11:35	24	1,782.572	59.377	7	0	1	1	1	0	0	1	0	0	1	22
2013/09/17-07:12:17	24	1,782.572	59.377	0	0	1	0	0	0	0	1	0	0	1	3
2013/09/17-07:22:43	24	1,782.572	59.377	2	0	0	0	0	0	1	1	0	0	1	6
2013/09/17-07:23:08	24	1,782.572	59.377	0	0	1	0	0	0	0	1	0	0	1	3
2013/09/17-07:23:50	28	1,751.725	53.792	23	0	0	5	2	0	0	1	1	0	0	60
2013/09/17-07:25:09	28	1,751.725	53.792	3	0	0	0	0	0	1	1	0	0	1	18
2013/09/17-07:25:47	28	1,751.725	53.792	8	0	0	0	0	0	0	1	1	0	0	29
2013/09/17-22:32:59	27	1,769.173	58.692	4	0	0	2	0	0	0	1	1	0	0	13
2013/09/17-22:33:31	27	1,769.173	58.692	10	0	0	0	0	0	0	1	1	0	0	30
2013/09/17-22:34:20	27	1,769.173	58.692	1	0	0	0	0	0	1	1	0	0	1	3
2013/09/17-22:35:10	23	1,786.371	56.952	10	0	0	1	0	0	1	1	0	0	1	42
2013/09/17-22:36:10	23	1,786.371	56.952	4	0	1	0	1	0	0	1	0	0	1	24
2013/09/17-22:59:08	23	1,786.371	56.952	19	0	0	0	0	0	0	1	1	0	0	60
2013/09/17-23:00:27	23	1,786.371	56.952	9	0	0	8	0	0	0	1	1	0	0	35
2013/09/17-23:01:21	23	1,786.371	56.952	6	0	0	0	0	0	1	1	0	0	1	28
2013/09/17-23:02:07	23	1,786.371	56.952	1	0	0	0	1	0	1	1	0	0	1	3
2013/09/17-23:02:30	23	1,786.371	56.952	18	0	0	0	0	0	0	1	1	0	0	60
2013/09/17-23:17:31	21	1,809.889	53.487	0	0	1	0	0	0	0	1	0	0	1	4
2013/09/17-23:18:02	21	1,809.889	53.487	5	0	1	0	0	0	0	1	0	0	1	13
2013/09/17-23:18:33	21	1,809.889	53.487	6	0	1	0	0	0	0	1	0	0	1	18
2013/09/17-23:19:17	21	1,809.889	53.487	5	0	0	0	1	0	1	1	0	0	1	14
2013/09/17-23:20:23	21	1,809.889	53.487	0	0	1	0	0	0	0	1	0	0	1	9
2013/09/18-13:07:04	22	1,794.317	60.17	1	0	1	0	0	0	0	1	0	0	1	8
2013/09/18-13:08:24	22	1,794.317	60.17	1	0	0	0	0	0	1	1	0	0	1	3
2013/09/18-13:09:04	22	1,794.317	60.17	14	0	1	0	0	0	0	1	0	0	1	56
2013/09/18-13:10:18	22	1,794.317	60.17	2	0	0	0	0	0	1	1	0	0	1	8
2013/09/18-13:10:52	22	1,794.317	60.17	5	0	1	1	0	0	0	1	0	0	1	24
2013/09/18-13:29:12	26	1,771.076	57.133	5	0	0	0	2	0	0	1	1	0	0	17
2013/09/18-13:29:47	26	1,771.076	57.133	1	0	0	0	0	0	1	1	0	0	1	3
2013/09/18-13:30:18	26	1,771.076	57.133	3	0	0	0	0	0	1	1	0	0	1	13
2013/09/18-13:31:37	26	1,771.076	57.133	17	0	0	0	0	0	0	1	1	0	0	60
2013/09/18-13:32:55	26	1,771.076	57.133	19	0	0	0	1	0	0	1	1	0	0	60
2013/09/18-13:49:18	26	1,771.076	57.133	11	0	1	0	0	0	0	1	0	0	1	27
2013/09/18-13:50:04	26	1,771.076	57.133	2	0	0	0	0	0	1	1	0	0	1	7
2013/09/18-13:51:24	26	1,771.076	57.133	6	0	1	2	0	0	0	1	0	0	1	31
2013/09/18-13:52:15	26	1,771.076	57.133	3	0	0	0	0	0	1	1	0	0	1	9
2013/09/18-13:53:32	26	1,771.076	57.133	0	0	0	0	0	0	0	1	1	0	0	11
2013/09/18-18:19:50	25	1,772.011	62.374	10	0	1	2	0	0	0	1	0	0	1	24
2013/09/18-18:20:39	25	1,772.011	62.374	1	0	1	0	0	0	0	1	0	0	1	13
2013/09/18-18:21:58	25	1,772.011	62.374	3	0	0	0	1	0	0	1	1	0	0	10
2013/09/18-18:22:26	25	1,772.011	62.374	12	0	1	8	0	0	0	1	0	0	1	50
2013/09/18-18:23:35	25	1,772.011	62.374	19	0	0	6	1	0	0	1	1	0	0	60
2013/09/18-18:36:31	25	1,772.011	62.374	1	0	1	0	0	0	0	1	0	0	1	3
2013/09/18-18:37:27	25	1,772.011	62.374	16	0	0	0	1	0	0	1	1	0	0	60
2013/09/18-18:38:45	25	1,772.011	62.374	8	0	1	0	0	0	0	1	0	0	1	34
2013/09/18-18:39:38	25	1,772.011	62.374	3	0	0	0	0	0	1	1	0	0	1	9
2013/09/18-18:40:18	25	1,772.011	62.374	1	0	1	0	0	0	0	1	0	0	1	5
2013/09/18-18:55:03	25	1,771.125	56.736	3	0	1	0	1	0	0	1	0	0	1	9
2013/09/18-18:55:40	25	1,771.125	56.736	14	0	0	4	1	0	1	1	0	0	1	40
2013/09/18-18:56:40	25	1,771.125	56.736	2	0	0	0	0	0	1	1	0	0	1	5
2013/09/18-18:57:17	25	1,771.125	56.736	7	0	0	0	1	0	1	1	0	0	1	24
2013/09/18-18:58:00	25	1,771.125	56.736	4	0	1	0	0	0	0	1	0	0	1	17
2013/09/19-10:43:30	26	1,767.312	65.77	3	0	0	0	2	0	0	1	1	0	0	10
2013/09/19-10:43:59	26	1,767.312	65.77	11	0	0	0	0	0	0	1	1	0	0	32
2013/09/19-10:44:50	26	1,767.312	65.77	5	0	0	0	2	0	0	1	1	0	0	15
2013/09/19-10:45:24	26	1,767.312	65.77	0	0	1	0	0	0	0	1	0	0	1	4
2013/09/19-10:45:46	26	1,767.312	65.77	1	0	0	0	0	0	1	1	0	0	1	7
2013/09/19-11:00:37	26	1,767.312	65.77	2	0	0	0	1	0	1	1	0	0	1	6
2013/09/19-11:01:16	26	1,767.312	65.77	1	0	1	0	0	0	0	1	0	0	1	7
2013/09/19-11:01:42	26	1,767.312	65.77	18	0	0	3	1	0	0	1	1	0	0	60
2013/09/19-11:03:01	26	1,761.37	62.139	6	0	0	0	1	0	1	1	0	0	1	19
2013/09/19-11:03:49	26	1,761.37	62.139	0	0	1	0	0	0	0	1	0	0	1	5
2013/09/19-11:16:14	26	1,761.37	62.139	1	0	0	0	0	0	1	1	0	0	1	16
2013/09/19-11:16:50	26	1,761.37	62.139	4	0	0	0	1	0	0	1	1	0	0	13
2013/09/19-11:17:21	26	1,761.37	62.139	4	0	1	0	0	0	0	1	0	0	1	23
2013/09/19-11:18:07	26	1,761.37	62.139	2	0	0	0	0	0	1	1	0	0	1	6
2013/09/19-11:19:04	26	1,761.37	62.139	1	0	1	0	0	0	0	1	0	0	1	7
2013/09/19-16:21:38	28	1,734.383	65.222	5	0	0	0	1	0	0	1	1	0	0	16
2013/09/19-16:22:12	28	1,734.383	65.222	3	0	0	0	0	0	1	1	0	0	1	23
2013/09/19-16:22:54	28	1,734.383	65.222	4	0	0	0	1	0	1	1	0	0	1	13
2013/09/19-16:23:26	28	1,734.383	65.222	21	0	0	4	0	0	0	1	1	0	0	60
2013/09/19-16:24:45	28	1,734.383	65.222	1	0	0	0	1	0	1	1	0	0	1	4
2013/09/19-16:32:16	32	1,728.121	63.303	3	0	0	0	0	0	0	1	0	0	1	60
2013/09/19-16:33:35	32	1,728.121	63.303	2	0	1	0	0	0	0	1	0	0	1	7
2013/09/19-16:34:54	32	1,728.121	63.303	4	0	1	0	0	0	0	1	0	0	1	13
2013/09/19-16:35:48	32	1,728.121	63.303	4	0	0	1	0	0	1	1	0	0	1	10
2013/09/19-16:36:31	32	1,728.121	63.303	18	0	0	0	1	0	0	1	1	0	0	60
2013/09/19-16:49:21	32	1,728.121	63.303	1	0	1	0	0	0	0	1	0	0	1	2
2013/09/19-16:50:19	32	1,728.121	63.303	10	0	0	0	0	0	0	1	1	0	0	45
2013/09/19-16:51:24	32	1,728.121	63.303	9	0	0	0	0	0	1	1	0	0	1	29
2013/09/19-16:52:12	32	1,728.121	63.303	0	0	1	0	0	0	0	1	0	0	1	4
2013/09/19-16:53:26	32	1,728.121	63.303	3	0	0	0	0	0	1	1	0	0	1	7
2013/09/19-20:37:44	29	1,733.82	65.728	1	0	1	0	0	0	0	1	0	0	1	8
2013/09/19-20:38:11	29	1,733.82	65.728	2	0	0	0	1	0	1	1	0	0	1	6
2013/09/19-20:38:41	29	1,733.82	65.728	4	0	0	0	1	0	1	1	0	0	1	7
2013/09/19-20:39:07	29	1,733.82	65.728	6	0	0	2	1	0	0	1	1	0	0	35
2013/09/19-20:40:01	29	1,733.82	65.728	1	0	1	0	0	0	0	1	0	0	1	3
2013/09/19-20:48:00	29	1,733.82	65.728	4	0	1	0	1	0	0	1	0	0	1	10
2013/09/19-20:48:29	29	1,733.82	65.728	2	0	0	0	0	0	1	1	0	0	1	12
2013/09/19-20:49:17	29	1,733.82	65.728	7	0	1	0	0	0	0	1	0	0	1	20
2013/09/19-20:49:56	29	1,733.82	65.728	1	0	0	0	1	0	0	1	1	0	0	8
2013/09/19-20:50:23	29	1,733.82	65.728	3	0	1	0	0	0	0	1	0	0	1	22
2013/09/19-21:08:03	30	1,726.616	60.589	3	0	1	0	0	0	0	1	0	0	1	19
2013/09/19-21:08:47	30	1,726.616	60.589	4	0	0	1	1	0	0	1	1	0	0	27
2013/09/19-21:09:33	30	1,726.616	60.589	11	0	0	0	1	0	0	1	1	0	0	37
2013/09/19-21:10:30	30	1,726.616	60.589	2	0	0	1	0	0	0	1	1	0	0	15
2013/09/19-21:11:07	30	1,726.616	60.589	4	0	0	6	0	0	1	1	0	0	1	22
2013/09/20-02:04:23	26	1,764.798	64.807	1	0	0	0	0	0	1	1	0	0	1	6
2013/09/20-02:04:48	26	1,764.798	64.807	0	0	1	0	0	0	0	1	0	0	1	6
2013/09/20-02:05:13	26	1,764.798	64.807	2	0	0	0	0	0	1	1	0	0	1	7
2013/09/20-02:06:32	26	1,764.798	64.807	5	0	0	0	1	0	1	1	0	0	1	16
2013/09/20-02:07:08	26	1,764.798	64.807	13	0	1	2	0	0	0	1	0	0	1	46
2013/09/20-02:12:31	26	1,764.798	64.807	9	0	0	0	1	0	0	1	1	0	0	44
2013/09/20-02:13:34	26	1,764.798	64.807	5	0	0	0	0	0	0	1	0	0	1	60
2013/09/20-02:14:53	26	1,764.798	64.807	6	0	0	0	1	0	0	1	1	0	0	15
2013/09/20-02:15:27	26	1,764.798	64.807	15	0	0	6	0	0	1	1	0	0	1	39
2013/09/20-02:16:25	26	1,764.798	64.807	2	0	0	0	0	0	1	1	0	0	1	49
2013/09/20-02:32:00	26	1,749.774	60.89	5	0	0	2	1	0	0	1	1	0	0	22
2013/09/20-02:32:41	26	1,749.774	60.89	0	0	1	0	0	0	0	1	0	0	1	8
2013/09/20-02:33:18	26	1,749.774	60.89	2	0	1	0	1	0	0	1	0	0	1	22
2013/09/20-02:33:58	26	1,749.774	60.89	20	0	0	0	1	0	0	1	1	0	0	60
2013/09/20-02:35:17	26	1,749.774	60.89	4	0	1	1	0	0	0	1	0	0	1	20
2013/09/20-05:53:37	25	1,747.581	65.133	15	0	0	0	0	0	0	1	0	0	1	60
2013/09/20-05:54:57	25	1,747.581	65.133	1	0	1	0	0	0	0	1	0	0	1	15
2013/09/20-05:55:31	25	1,747.581	65.133	22	0	0	0	1	0	0	1	1	0	0	60
2013/09/20-05:56:50	25	1,747.581	65.133	22	0	0	5	0	0	1	1	0	0	1	60
2013/09/20-05:58:09	25	1,747.581	65.133	3	0	0	0	1	0	0	1	1	0	0	9
2013/09/20-06:24:39	24	1,756.913	62.256	7	0	1	1	0	0	0	1	0	0	1	24
2013/09/20-06:25:52	24	1,756.913	62.256	3	0	0	0	0	0	1	1	0	0	1	8
2013/09/20-06:26:35	24	1,756.913	62.256	11	0	0	0	2	0	1	1	0	0	1	40
2013/09/20-06:27:34	24	1,756.913	62.256	0	0	1	0	0	0	0	1	0	0	1	7
2013/09/20-06:28:14	24	1,756.913	62.256	9	0	0	1	0	0	1	1	0	0	1	35
2013/09/20-06:38:02	24	1,756.913	62.256	11	0	0	0	1	0	0	1	1	0	0	37
2013/09/20-06:38:57	24	1,756.913	62.256	1	0	1	0	0	0	0	1	0	0	1	3
2013/09/20-06:39:25	24	1,756.913	62.256	4	0	0	0	0	0	1	1	0	0	1	18
2013/09/20-06:40:52	24	1,756.913	62.256	2	0	0	0	0	0	1	1	0	0	1	5
2013/09/20-06:41:35	24	1,756.913	62.256	3	0	1	0	0	0	0	1	0	0	1	6
2013/09/20-10:14:01	27	1,721.56	63.865	1	0	0	0	0	0	1	1	0	0	1	3
2013/09/20-10:14:44	27	1,721.56	63.865	17	0	0	5	2	0	0	1	1	0	0	60
2013/09/20-10:16:03	27	1,721.56	63.865	3	0	0	0	1	0	1	1	0	0	1	9
2013/09/20-10:16:31	27	1,721.56	63.865	7	0	0	0	2	0	1	1	0	0	1	24
2013/09/20-10:17:13	30	1,710.139	61.989	6	0	0	0	3	0	0	1	1	0	0	16
2013/09/20-10:38:24	30	1,710.139	61.989	3	0	0	0	2	0	0	1	1	0	0	10
2013/09/20-10:38:54	30	1,710.139	61.989	11	0	1	2	0	0	0	1	0	0	1	40
2013/09/20-10:39:53	30	1,710.139	61.989	4	0	0	0	1	0	0	1	1	0	0	14
2013/09/20-10:40:26	30	1,710.139	61.989	6	0	0	0	1	0	1	1	0	0	1	21
2013/09/20-10:41:06	30	1,710.139	61.989	1	0	1	0	0	0	0	1	0	0	1	7
2013/09/20-10:54:17	27	1,720.475	58.802	3	0	1	0	0	0	0	1	0	0	1	19
2013/09/20-10:56:31	27	1,720.475	58.802	1	0	1	0	0	0	0	1	0	0	1	6
2013/09/20-10:57:08	27	1,720.475	58.802	1	0	1	0	0	0	0	1	0	0	1	3
2013/09/20-10:57:41	27	1,720.475	58.802	3	0	0	1	0	0	1	1	0	0	1	14
2013/09/20-10:58:32	27	1,720.475	58.802	2	0	0	0	0	0	0	1	1	0	0	8
2013/09/20-16:21:31	30	1,709.401	63.159	8	0	0	3	2	0	0	1	1	0	0	33
2013/09/20-16:22:23	30	1,709.401	63.159	0	0	1	0	0	0	0	1	0	0	1	5
2013/09/20-16:22:48	30	1,709.401	63.159	3	0	0	0	2	0	0	1	1	0	0	9
2013/09/20-16:23:16	30	1,709.401	63.159	2	0	0	0	1	0	0	1	1	0	0	7
2013/09/20-16:23:41	30	1,709.401	63.159	3	0	0	0	0	0	0	1	1	0	0	12
2013/09/20-16:42:50	31	1,706.868	61.373	4	0	0	0	0	0	0	1	1	0	0	14
2013/09/20-16:43:23	31	1,706.868	61.373	15	0	0	0	1	0	0	1	1	0	0	60
2013/09/20-16:44:42	31	1,706.868	61.373	10	0	0	1	2	0	1	1	0	0	1	30
2013/09/20-16:45:31	31	1,706.868	61.373	2	0	0	0	1	0	1	1	0	0	1	11
2013/09/20-16:46:50	31	1,706.868	61.373	5	0	0	2	1	0	0	1	1	0	0	15
2013/09/20-16:56:49	31	1,706.868	61.373	1	0	0	0	0	0	1	1	0	0	1	4
2013/09/20-16:58:05	31	1,706.868	61.373	12	0	0	18	1	0	1	1	0	0	1	38
2013/09/20-16:59:03	31	1,706.868	61.373	10	0	0	3	1	0	1	1	0	0	1	37
2013/09/20-17:00:00	31	1,706.868	61.373	12	0	1	3	0	0	0	1	0	0	1	44
2013/09/20-17:01:03	31	1,706.868	61.373	0	0	1	0	0	0	0	1	0	0	1	6
2013/09/20-22:43:24	29	1,691.364	69.341	0	0	1	0	0	0	0	1	0	0	1	6
2013/09/20-22:44:18	29	1,691.364	69.341	4	0	0	0	1	0	0	1	1	0	0	16
2013/09/20-22:44:53	29	1,691.364	69.341	12	0	0	0	0	0	0	1	1	0	0	60
2013/09/20-22:46:13	29	1,691.364	69.341	8	0	0	0	1	0	0	1	1	0	0	60
2013/09/20-22:47:33	29	1,691.364	69.341	3	0	1	0	0	0	0	1	0	0	1	9
2013/12/27-11:01:44	27	1,708.169	79.668	1	0	0	0	1	0	1	1	0	0	1	3
2013/12/27-11:02:07	27	1,708.169	79.668	1	0	1	0	0	0	0	1	0	0	1	6
2013/12/27-11:03:12	27	1,708.169	79.668	13	0	0	15	0	0	0	1	1	0	0	60
2013/12/27-11:04:30	27	1,708.169	79.668	23	0	0	7	1	0	0	1	1	0	0	60
2013/12/27-11:05:49	27	1,708.169	79.668	0	0	1	0	0	0	0	1	0	0	1	3
2013/12/27-11:11:09	27	1,708.169	79.668	1	0	0	0	1	0	1	1	0	0	1	3
2013/12/27-11:11:30	27	1,708.169	79.668	14	0	0	4	0	0	0	1	1	0	0	60
2013/12/27-11:12:49	27	1,708.169	79.668	2	0	1	0	0	0	0	1	0	0	1	7
2013/12/27-11:13:25	27	1,708.169	79.668	10	0	0	1	0	0	1	1	0	0	1	33
2013/12/27-11:14:44	27	1,708.169	79.668	4	0	0	0	2	0	0	1	1	0	0	13
2013/12/27-11:35:37	29	1,700.418	70.081	12	0	0	18	1	0	1	1	0	0	1	43
2013/12/27-11:36:38	29	1,700.418	70.081	19	0	0	6	1	0	0	1	1	0	0	60
2013/12/27-11:37:57	29	1,700.418	70.081	4	0	1	0	1	0	0	1	0	0	1	14
2013/12/27-11:38:31	29	1,700.418	70.081	10	0	1	1	0	0	0	1	0	0	1	34
2013/12/27-11:39:32	29	1,700.418	70.081	0	0	1	0	0	0	0	1	0	0	1	4
