2013/12/26-17:11:25	58	1,500	350.465	12	0	0	10	1	0	0	1	1	0	0	46
2013/12/26-17:12:27	58	1,500	350.465	11	0	0	9	1	0	0	1	1	0	0	35
2013/12/26-17:13:20	58	1,500	350.465	2	0	0	0	1	0	0	1	1	0	0	11
2013/12/26-17:13:49	58	1,500	350.465	2	0	0	0	1	0	0	1	1	0	0	11
2013/12/26-17:14:18	58	1,500	350.465	4	0	0	0	1	0	0	1	1	0	0	19
2013/12/26-17:14:55	58	1,500	350.465	4	0	0	0	1	0	0	1	1	0	0	19
2013/12/26-17:15:32	58	1,500	350.465	7	0	0	3	1	0	0	1	1	0	0	30
2013/12/26-17:16:21	58	1,500	350.465	7	0	0	3	1	0	0	1	1	0	0	31
2013/12/26-17:17:10	58	1,500	350.465	0	0	0	0	0	0	0	1	0	1	0	60
2013/12/26-17:18:28	58	1,500	350.465	0	0	0	0	0	0	0	1	0	1	0	60
2013/12/26-17:19:46	58	1,500	350.465	5	0	0	0	1	0	0	1	1	0	0	27
2013/12/26-17:20:31	58	1,500	350.465	5	0	0	0	1	0	0	1	1	0	0	28
2013/12/26-17:21:17	58	1,500	350.465	2	0	0	4	0	0	0	1	0	1	0	30
2013/12/26-17:22:05	58	1,500	350.465	2	0	0	4	0	0	0	1	0	1	0	30
2013/12/26-17:22:53	58	1,500	350.465	1	0	0	0	1	0	0	1	1	0	0	4
2013/12/26-17:23:15	58	1,500	350.465	1	0	0	0	1	0	0	1	1	0	0	4
2013/12/26-17:25:26	58	1,500	350.465	18	0	0	9	1	0	0	1	1	0	0	57
2013/12/26-17:26:38	58	1,500	350.465	9	0	0	6	1	0	0	1	1	0	0	24
2013/12/26-17:27:20	58	1,500	350.465	7	0	0	2	1	0	0	1	1	0	0	25
2013/12/26-17:28:03	58	1,500	350.465	7	0	0	0	1	0	0	1	1	0	0	29
2013/12/26-17:28:50	58	1,500	350.465	7	0	0	0	0	0	0	1	0	1	0	30
2013/12/26-17:29:38	1	2,244.852	350	7	0	0	0	1	0	0	1	1	0	0	26
2013/12/26-17:30:22	1	2,244.852	350	7	0	0	0	1	0	0	1	1	0	0	30
2013/12/26-17:31:10	1	2,244.852	350	7	0	0	0	1	0	0	1	1	0	0	30
2013/12/26-17:31:58	1	2,244.852	350	1	0	0	0	0	0	0	1	0	1	0	60
2013/12/26-17:33:16	1	2,244.852	350	0	0	0	0	0	0	0	1	0	1	0	60
2013/12/26-17:34:34	1	2,244.852	350	5	0	0	0	1	0	0	1	1	0	0	29
2013/12/26-17:35:21	1	2,244.852	350	4	0	0	0	1	0	0	1	1	0	0	27
2013/12/26-17:36:05	1	2,244.852	350	2	0	0	3	1	0	0	1	1	0	0	22
2013/12/26-17:36:45	1	2,244.852	350	2	0	0	4	0	0	0	1	0	1	0	30
2013/12/26-17:37:33	1	2,244.852	350	1	0	0	0	1	0	0	1	1	0	0	3
2013/12/26-17:37:55	1	2,244.852	350	1	0	0	0	1	0	0	1	1	0	0	3
2013/12/26-17:42:00	1	2,244.852	350	18	0	0	9	0	0	0	1	0	1	0	60
2013/12/26-17:43:15	1	2,244.852	350	16	0	0	6	0	0	0	1	0	1	0	60
2013/12/26-17:44:33	1	2,244.852	350	8	0	0	0	1	0	1	1	0	1	0	23
2013/12/26-17:45:14	1	2,244.852	350	8	0	0	0	1	0	1	1	0	1	0	23
2013/12/26-17:45:55	1	2,244.852	350	11	0	0	0	0	0	1	1	0	0	1	24
2013/12/26-17:46:37	1	2,244.852	350	16	0	0	0	0	0	0	1	0	1	0	30
2013/12/26-17:47:25	1	2,244.852	350	12	0	0	0	0	0	0	1	0	1	0	45
2013/12/26-17:48:28	1	2,244.852	350	11	0	0	0	0	0	0	1	0	1	0	45
2013/12/26-17:49:31	1	2,244.852	350	0	0	0	0	0	0	0	1	0	1	0	60
2013/12/26-17:50:49	1	2,244.852	350	4	0	0	0	0	0	0	1	0	1	0	60
2013/12/26-17:52:07	1	2,244.852	350	7	0	0	0	0	0	0	1	0	1	0	30
2013/12/26-17:52:55	1	2,244.852	350	5	0	0	0	0	0	0	1	0	1	0	30
2013/12/26-17:53:43	1	2,244.852	350	2	0	0	4	0	0	0	1	0	1	0	30
2013/12/26-17:54:32	1	2,244.852	350	2	0	0	4	0	0	0	1	0	1	0	30
2013/12/26-17:55:20	1	2,244.852	350	6	0	0	4	0	0	1	1	0	0	1	14
2013/12/26-17:55:52	1	2,244.852	350	10	0	0	3	1	0	0	1	1	0	0	19
2013/12/26-17:57:24	1	2,244.852	350	16	0	0	7	0	0	1	1	0	0	1	44
2013/12/26-17:58:24	1	2,244.852	350	11	0	0	5	1	0	0	1	1	0	0	34
2013/12/26-17:59:16	1	2,244.852	350	12	0	0	12	1	0	1	1	0	1	0	29
2013/12/26-18:00:00	1	2,244.852	350	10	0	0	10	0	0	0	1	0	1	0	30
2013/12/26-18:01:20	1	2,244.852	350	7	0	0	0	0	0	0	1	0	1	0	30
2013/12/26-18:02:08	1	2,244.852	350	11	0	0	0	0	0	0	1	1	0	0	29
2013/12/26-18:02:55	1	2,244.852	350	1	0	0	0	0	0	0	1	1	0	0	4
2013/12/26-18:03:12	1	2,244.852	350	1	0	0	0	0	0	0	1	1	0	0	4
2013/12/26-18:03:30	1	2,244.852	350	16	0	0	0	0	0	0	1	0	1	0	60
2013/12/26-18:04:49	1	2,244.852	350	15	0	0	0	0	0	0	1	0	1	0	60
2013/12/26-18:06:07	1	2,244.852	350	0	0	0	0	0	0	0	1	1	0	0	3
2013/12/26-18:06:28	1	2,244.852	350	0	0	0	0	0	0	0	1	1	0	0	3
2013/12/26-18:06:49	1	2,244.852	350	0	0	0	3	0	0	0	1	1	0	0	3
2013/12/26-18:07:09	1	2,244.852	350	0	0	0	3	0	0	0	1	1	0	0	3
2013/12/26-18:07:30	1	2,244.852	350	2	0	0	0	0	0	0	1	1	0	0	4
2013/12/26-18:07:54	1	2,244.852	350	1	0	0	0	1	0	0	1	1	0	0	3
2013/12/26-18:11:06	1	2,244.852	350	8	0	0	6	0	0	1	1	0	0	1	32
2013/12/26-18:12:02	1	2,244.852	350	12	0	0	5	1	0	0	1	1	0	0	32
2013/12/26-18:12:52	1	2,244.852	350	4	0	1	0	0	0	0	1	0	0	1	16
2013/12/26-18:13:27	1	2,244.852	350	9	0	0	13	0	0	0	1	0	1	0	30
2013/12/26-18:14:28	1	2,244.852	350	11	0	0	0	0	0	0	1	1	0	0	27
2013/12/26-18:15:11	1	2,244.852	350	10	0	0	0	0	0	0	1	0	1	0	30
2013/12/26-21:52:06	1	2,244.852	350	13	0	0	2	0	0	1	1	0	0	1	49
2013/12/26-21:54:47	1	2,244.852	350	12	0	1	5	1	0	0	1	1	0	0	40
2013/12/26-21:55:43	1	2,244.852	350	3	0	1	0	0	0	0	1	0	0	1	9
2013/12/26-21:56:11	1	2,244.852	350	19	0	1	0	0	0	0	1	0	0	1	41
2013/12/26-21:59:18	1	2,244.852	350	3	0	0	0	0	0	1	1	0	0	1	10
2013/12/26-21:59:47	1	2,244.852	350	12	0	1	5	0	0	0	1	0	0	1	48
2013/12/26-22:00:56	1	2,244.852	350	2	0	0	0	2	0	0	1	1	0	0	6
2013/12/26-22:25:46	1	2,244.852	350	9	0	1	0	0	0	0	1	0	0	1	39
2013/12/26-22:27:05	1	2,244.852	350	2	0	1	0	0	0	0	1	0	0	1	5
2013/12/26-22:27:43	1	2,244.852	350	16	0	0	7	1	0	0	1	1	0	0	90
2013/12/26-22:29:32	1	2,244.852	350	1	0	0	1	0	0	1	1	0	0	1	3
2013/12/26-22:30:15	1	2,244.852	350	3	0	1	8	0	0	0	1	0	0	1	14
2013/12/26-22:30:48	1	2,244.852	350	0	0	1	0	0	0	0	1	0	0	1	3
2013/12/26-22:31:32	1	2,244.852	350	7	0	1	0	0	0	0	1	0	0	1	19
2013/12/26-22:33:13	1	2,244.852	350	1	0	1	1	0	0	0	1	0	0	1	8
2013/12/26-22:34:49	1	2,244.852	350	17	0	1	2	0	0	0	1	0	0	1	58
2013/12/26-22:36:03	1	2,244.852	350	2	0	1	0	0	0	0	1	0	0	1	6
2013/12/26-22:36:28	1	2,244.852	350	9	0	1	0	0	0	0	1	0	0	1	30
2013/12/26-22:37:47	98	0	167.663	2	0	1	0	0	0	0	1	0	0	1	5
2013/12/26-22:38:15	98	0	167.663	15	0	0	0	0	0	1	1	0	0	1	26
2013/12/26-22:39:00	98	0	167.663	6	0	1	0	0	0	0	1	0	0	1	13
2013/12/26-23:07:15	98	0	167.663	4	0	0	1	1	0	0	1	1	0	0	20
2013/12/26-23:07:54	98	0	167.663	3	0	0	0	0	0	0	1	1	0	0	9
2013/12/26-23:08:21	98	0	167.663	3	0	0	0	0	0	1	1	0	0	1	8
2013/12/26-23:09:19	98	0	167.663	4	0	1	16	1	0	0	1	0	0	1	39
2013/12/26-23:10:16	98	0	167.663	9	0	1	4	0	0	0	1	0	0	1	49
2013/12/26-23:11:23	98	0	167.663	3	0	1	1	0	0	0	1	0	0	1	15
2013/12/26-23:12:00	98	0	167.663	1	0	1	1	0	0	0	1	0	0	1	11
2013/12/26-23:13:55	98	0	167.663	2	0	0	4	1	0	1	1	0	0	1	11
2013/12/26-23:14:36	98	0	167.663	9	0	0	7	0	0	0	1	1	0	0	57
2013/12/26-23:15:52	98	0	167.663	3	0	1	0	1	0	0	1	0	0	1	7
2013/12/26-23:16:22	98	0	167.663	1	0	0	0	0	0	1	1	0	0	1	9
2013/12/26-23:16:50	98	0	167.663	5	0	1	0	1	0	0	1	0	0	1	13
2013/12/26-23:17:22	98	0	167.663	2	0	1	1	0	0	0	1	0	0	1	6
2013/12/26-23:17:59	98	0	167.663	11	0	0	11	0	0	1	1	0	0	1	44
2013/12/26-23:55:04	97	737.586	147.121	2	0	1	0	0	0	0	1	0	0	1	13
2013/12/26-23:55:36	97	737.586	147.121	20	0	1	4	0	0	0	1	0	0	1	80
2013/12/26-23:57:15	97	737.586	147.121	0	0	1	9	0	0	0	1	0	0	1	26
2013/12/26-23:58:44	97	737.586	147.121	4	0	0	0	2	0	0	1	1	0	0	6
2013/12/26-23:59:08	97	737.586	147.121	15	0	0	1	1	0	0	1	1	0	0	38
2013/12/27-00:00:05	97	737.586	147.121	1	0	0	0	0	0	1	1	0	0	1	3
2013/12/27-00:00:30	97	737.586	147.121	14	0	0	3	1	0	0	1	1	0	0	42
2013/12/27-00:17:27	87	1,184.818	142.485	12	0	1	0	0	0	0	1	0	0	1	41
2013/12/27-00:18:26	87	1,184.818	142.485	0	0	1	0	0	0	0	1	0	0	1	3
2013/12/27-00:19:45	87	1,184.818	142.485	3	0	1	0	0	0	0	1	0	0	1	33
2013/12/27-00:20:37	87	1,184.818	142.485	12	0	0	0	0	0	1	1	0	0	1	43
2013/12/27-00:22:18	87	1,184.818	142.485	1	0	1	1	0	0	0	1	0	0	1	3
2013/12/27-00:22:40	87	1,184.818	142.485	0	0	1	0	0	0	0	1	0	0	1	3
2013/12/27-00:23:03	87	1,184.818	142.485	2	0	0	5	0	0	1	1	0	0	1	10
2013/12/27-00:23:59	87	1,184.818	142.485	0	0	1	0	0	0	0	1	0	0	1	6
2013/12/27-00:24:26	87	1,184.818	142.485	4	0	1	7	0	0	0	1	1	0	0	59
2013/12/27-00:25:43	87	1,184.818	142.485	2	0	1	0	1	0	0	1	0	0	1	10
2013/12/27-00:26:12	87	1,184.818	142.485	2	0	0	1	0	0	1	1	0	0	1	7
2013/12/27-00:28:28	87	1,184.818	142.485	5	0	1	2	0	0	0	1	0	0	1	18
2013/12/27-00:30:01	87	1,184.818	142.485	1	0	1	1	0	0	0	1	0	0	1	3
2013/12/27-00:30:29	87	1,184.818	142.485	4	0	0	0	0	0	0	1	1	0	0	13
2013/12/27-00:47:06	87	1,184.818	142.485	0	0	0	8	0	0	0	1	1	0	0	4
2013/12/27-00:47:29	87	1,184.818	142.485	25	0	0	15	1	0	0	1	1	0	0	80
2013/12/27-00:49:07	87	1,184.818	142.485	1	0	1	1	0	0	0	1	0	0	1	15
2013/12/27-00:49:41	87	1,184.818	142.485	16	0	1	1	0	0	0	1	0	0	1	37
2013/12/27-00:50:37	87	1,184.818	142.485	6	0	0	0	0	0	0	1	1	0	0	11
2013/12/27-00:51:07	87	1,184.818	142.485	9	0	0	4	1	0	0	1	1	0	0	50
2013/12/27-00:52:16	87	1,184.818	142.485	0	0	0	0	0	0	0	1	1	0	0	3
2013/12/27-01:03:15	8	1,835.101	117.256	7	0	0	0	0	0	0	1	1	0	0	18
2013/12/27-01:03:52	8	1,835.101	117.256	13	0	1	3	0	0	0	1	0	0	1	68
2013/12/27-01:05:19	8	1,835.101	117.256	1	0	0	0	1	0	1	1	0	0	1	3
2013/12/27-01:05:46	8	1,835.101	117.256	5	0	1	0	0	0	0	1	0	0	1	12
2013/12/27-01:06:18	8	1,835.101	117.256	9	0	1	4	1	0	0	1	0	0	1	40
2013/12/27-01:07:19	8	1,835.101	117.256	1	0	1	0	0	0	0	1	0	0	1	3
2013/12/27-01:07:41	8	1,835.101	117.256	1	0	1	1	0	0	0	1	0	0	1	4
2013/12/27-01:13:17	8	1,835.101	117.256	3	0	0	0	0	0	1	1	0	0	1	8
2013/12/27-01:13:44	8	1,835.101	117.256	1	0	1	0	0	0	0	1	0	0	1	2
2013/12/27-01:14:16	8	1,835.101	117.256	0	0	1	0	0	0	0	1	1	0	0	6
2013/12/27-01:14:51	8	1,835.101	117.256	7	0	1	5	0	0	0	1	0	0	1	52
2013/12/27-01:16:15	8	1,835.101	117.256	10	0	0	6	1	0	0	1	1	0	0	28
2013/12/27-01:17:02	8	1,835.101	117.256	3	0	0	2	0	0	1	1	0	0	1	9
2013/12/27-01:17:35	8	1,835.101	117.256	0	0	1	0	0	0	0	1	0	0	1	9
2013/12/27-01:26:46	8	1,835.101	117.256	12	0	0	3	0	0	0	1	1	0	0	51
2013/12/27-01:27:56	8	1,835.101	117.256	6	0	0	0	0	0	1	1	0	0	1	13
2013/12/27-01:28:28	8	1,835.101	117.256	1	0	0	0	1	0	1	1	0	0	1	3
2013/12/27-01:28:49	8	1,835.101	117.256	4	0	0	0	1	0	0	1	1	0	0	24
2013/12/27-01:29:32	8	1,835.101	117.256	9	0	1	0	0	0	0	1	0	0	1	22
2013/12/27-01:30:18	8	1,835.101	117.256	1	0	1	1	0	0	0	1	0	0	1	9
2013/12/27-01:30:46	8	1,835.101	117.256	3	0	0	10	1	0	0	1	1	0	0	63
2013/12/27-01:55:12	49	1,586.213	93.63	3	0	1	2	0	0	0	1	0	0	1	17
2013/12/27-01:56:02	49	1,586.213	93.63	2	0	0	2	1	0	1	1	0	0	1	4
2013/12/27-01:56:26	49	1,586.213	93.63	1	0	0	0	1	0	1	1	0	0	1	3
2013/12/27-01:56:53	49	1,586.213	93.63	3	0	0	0	1	0	1	1	0	0	1	12
2013/12/27-01:57:23	49	1,586.213	93.63	17	0	0	0	0	0	0	1	1	0	0	40
2013/12/27-01:58:22	49	1,586.213	93.63	6	0	0	9	1	0	1	1	0	0	1	17
2013/12/27-01:59:08	49	1,586.213	93.63	16	0	0	15	0	0	1	1	0	0	1	55
2013/12/27-02:05:49	49	1,586.213	93.63	4	0	1	0	0	0	0	1	0	0	1	7
2013/12/27-02:06:39	49	1,586.213	93.63	4	0	0	5	0	0	0	1	1	0	0	17
2013/12/27-02:07:14	49	1,586.213	93.63	3	0	1	1	0	0	0	1	0	0	1	8
2013/12/27-02:09:15	49	1,586.213	93.63	3	0	0	0	1	0	1	1	0	0	1	9
2013/12/27-02:09:44	49	1,586.213	93.63	0	0	1	0	0	0	0	1	0	0	1	3
2013/12/27-02:10:09	49	1,586.213	93.63	3	0	0	0	0	0	1	1	0	0	1	7
2013/12/27-02:10:39	49	1,586.213	93.63	1	0	0	0	0	0	0	1	1	0	0	6
2013/12/27-02:31:42	42	1,618.478	78.981	11	0	0	3	1	0	0	1	1	0	0	36
2013/12/27-02:32:37	42	1,618.478	78.981	9	0	0	2	0	0	0	1	1	0	0	31
2013/12/27-02:33:26	42	1,618.478	78.981	6	0	0	1	0	0	1	1	0	0	1	29
2013/12/27-02:34:15	42	1,618.478	78.981	3	0	1	1	0	0	0	1	0	0	1	57
2013/12/27-02:35:33	42	1,618.478	78.981	18	0	0	1	1	0	1	1	0	0	1	43
2013/12/27-02:36:35	42	1,618.478	78.981	0	0	1	19	0	0	0	1	0	0	1	32
2013/12/27-02:37:38	42	1,618.478	78.981	1	0	0	0	0	0	1	1	0	0	1	3
2013/12/27-02:38:28	42	1,618.478	78.981	0	0	1	0	0	0	0	1	0	0	1	3
2013/12/27-02:38:49	42	1,618.478	78.981	2	0	1	0	1	0	0	1	0	0	1	4
2013/12/27-02:39:18	42	1,618.478	78.981	6	0	0	1	0	0	0	1	1	0	0	12
2013/12/27-02:39:49	42	1,618.478	78.981	5	0	0	0	0	0	1	1	0	0	1	17
2013/12/27-02:40:40	42	1,618.478	78.981	2	0	0	1	1	0	0	1	1	0	0	5
2013/12/27-02:41:04	42	1,618.478	78.981	12	0	1	7	0	0	0	1	0	0	1	60
2013/12/27-02:42:22	42	1,618.478	78.981	3	0	1	0	0	0	0	1	0	0	1	8
2013/12/27-07:30:59	51	1,571.385	67.212	1	0	0	0	1	0	1	1	0	0	1	3
2013/12/27-07:31:21	51	1,571.385	67.212	11	0	0	1	0	0	1	1	0	0	1	26
2013/12/27-07:32:20	51	1,571.385	67.212	8	0	0	0	1	0	0	1	1	0	0	21
2013/12/27-07:33:00	51	1,571.385	67.212	23	0	0	1	0	0	0	1	1	0	0	60
2013/12/27-07:34:19	51	1,571.385	67.212	1	0	1	0	1	0	0	1	0	0	1	10
2013/12/27-07:34:48	51	1,571.385	67.212	2	0	1	0	1	0	0	1	1	0	0	10
2013/12/27-07:35:16	51	1,571.385	67.212	0	0	1	17	0	0	0	1	1	0	0	71
2013/12/27-07:49:09	51	1,571.385	67.212	1	0	1	0	0	0	0	1	0	0	1	3
2013/12/27-07:49:36	51	1,571.385	67.212	11	0	1	0	0	0	0	1	0	0	1	38
2013/12/27-07:50:57	51	1,571.385	67.212	7	0	0	0	0	0	0	1	1	0	0	16
2013/12/27-07:51:33	51	1,571.385	67.212	4	0	0	1	0	0	1	1	0	0	1	7
2013/12/27-07:52:00	51	1,578.031	59.903	1	0	0	0	1	0	1	1	0	0	1	4
2013/12/27-07:52:29	51	1,578.031	59.903	3	0	0	0	0	0	1	1	0	0	1	8
2013/12/27-07:53:15	51	1,578.031	59.903	5	0	1	6	0	0	0	1	0	0	1	35
2013/12/27-07:54:16	51	1,578.031	59.903	1	0	0	0	0	0	1	1	0	0	1	3
2013/12/27-07:55:12	51	1,578.031	59.903	6	0	1	0	1	0	0	1	0	0	1	18
2013/12/27-07:55:49	51	1,578.031	59.903	0	0	1	0	0	0	0	1	0	0	1	6
2013/12/27-07:56:17	51	1,578.031	59.903	3	0	0	5	0	0	1	1	0	0	1	16
2013/12/27-07:56:53	51	1,578.031	59.903	4	0	1	0	0	0	0	1	0	0	1	11
2013/12/27-07:57:53	51	1,578.031	59.903	0	0	1	0	0	0	0	1	0	0	1	3
2013/12/27-07:58:18	51	1,578.031	59.903	6	0	1	4	0	0	0	1	0	0	1	31
2013/12/27-08:23:47	51	1,578.031	59.903	1	0	0	0	0	0	1	1	0	0	1	4
2013/12/27-08:24:22	51	1,578.031	59.903	9	0	0	2	0	0	1	1	0	0	1	39
2013/12/27-08:25:20	51	1,578.031	59.903	4	0	1	1	0	0	0	1	0	0	1	10
2013/12/27-08:25:49	51	1,578.031	59.903	1	0	0	0	1	0	1	1	0	0	1	3
2013/12/27-08:26:11	51	1,578.031	59.903	12	0	0	4	0	0	1	1	0	0	1	37
2013/12/27-08:27:07	51	1,578.031	59.903	2	0	1	14	0	0	0	1	0	0	1	33
2013/12/27-08:27:58	51	1,578.031	59.903	8	0	0	0	0	0	1	1	0	0	1	19
2013/12/27-08:28:43	51	1,578.031	59.903	4	0	1	2	0	0	0	1	0	0	1	13
2013/12/27-08:29:20	51	1,578.031	59.903	1	0	0	0	1	0	1	1	0	0	1	5
2013/12/27-08:29:48	51	1,578.031	59.903	0	0	1	0	0	0	0	1	0	0	1	3
2013/12/27-08:30:09	51	1,578.031	59.903	3	0	0	0	0	0	0	1	1	0	0	10
2013/12/27-08:30:39	51	1,578.031	59.903	1	0	0	2	0	0	0	1	1	0	0	9
2013/12/27-08:31:07	51	1,578.031	59.903	12	0	0	0	1	0	1	1	0	0	1	31
2013/12/27-08:31:57	51	1,578.031	59.903	15	0	0	3	1	0	0	1	1	0	0	61
2013/12/27-09:09:56	56	1,516.162	51.156	1	0	1	0	0	0	0	1	0	0	1	6
2013/12/27-09:10:39	56	1,516.162	51.156	0	0	1	6	0	0	0	1	1	0	0	89
2013/12/27-09:12:26	56	1,516.162	51.156	9	0	1	1	0	0	0	1	0	0	1	20
2013/12/27-09:13:05	56	1,516.162	51.156	11	0	1	2	1	0	0	1	0	0	1	26
2013/12/27-09:13:49	56	1,516.162	51.156	23	0	0	0	1	0	0	1	1	0	0	60
2013/12/27-09:15:08	56	1,516.162	51.156	15	0	0	5	0	0	1	1	0	0	1	71
2013/12/27-09:16:38	56	1,516.162	51.156	2	0	0	0	0	0	1	1	0	0	1	9
2013/12/27-09:32:01	56	1,531.783	48.934	1	0	0	1	0	0	1	1	0	0	1	3
2013/12/27-09:32:23	56	1,531.783	48.934	8	0	1	4	0	0	0	1	0	0	1	39
2013/12/27-09:33:43	56	1,531.783	48.934	1	0	0	0	0	0	1	1	0	0	1	3
2013/12/27-09:34:20	56	1,531.783	48.934	10	0	0	0	0	0	1	1	0	0	1	20
2013/12/27-09:34:58	56	1,531.783	48.934	1	0	0	0	0	0	1	1	0	0	1	3
2013/12/27-09:35:23	56	1,531.783	48.934	5	0	1	5	0	0	0	1	0	0	1	60
2013/12/27-09:36:46	56	1,531.783	48.934	3	0	0	0	0	0	1	1	0	0	1	10
2013/12/27-09:37:21	56	1,531.783	48.934	20	0	1	0	0	0	0	1	0	0	1	41
2013/12/27-09:38:21	56	1,531.783	48.934	4	0	1	0	1	0	0	1	0	0	1	11
2013/12/27-09:38:50	56	1,531.783	48.934	5	0	1	0	0	0	0	1	0	0	1	10
2013/12/27-09:39:20	56	1,531.783	48.934	2	0	1	0	0	0	0	1	0	0	1	12
2013/12/27-09:39:54	56	1,531.783	48.934	6	0	1	12	0	0	0	1	0	0	1	33
2013/12/27-09:40:47	56	1,531.783	48.934	9	0	0	5	0	0	0	1	1	0	0	62
2013/12/27-09:42:07	56	1,531.783	48.934	2	0	1	0	1	0	0	1	0	0	1	5
2013/12/27-12:54:53	55	1,534.13	51.246	4	0	1	4	0	0	0	1	0	0	1	49
2013/12/27-12:56:02	55	1,534.13	51.246	5	0	0	0	1	0	1	1	0	0	1	12
2013/12/27-12:56:51	55	1,534.13	51.246	1	0	0	0	1	0	1	1	0	0	1	3
2013/12/27-12:57:15	55	1,534.13	51.246	1	0	1	0	0	0	0	1	0	0	1	6
2013/12/27-12:57:44	55	1,534.13	51.246	8	0	0	0	2	0	0	1	1	0	0	16
2013/12/27-12:58:26	55	1,534.13	51.246	2	0	1	1	0	0	0	1	0	0	1	7
2013/12/27-12:59:35	55	1,534.13	51.246	13	0	0	3	1	0	0	1	1	0	0	39
2013/12/27-13:00:33	55	1,534.13	51.246	1	0	0	0	0	0	1	1	0	0	1	3
2013/12/27-13:00:58	55	1,534.13	51.246	15	0	0	4	0	0	0	1	1	0	0	60
2013/12/27-13:02:17	55	1,534.13	51.246	1	0	0	0	1	0	1	1	0	0	1	5
2013/12/27-13:13:13	57	1,517.842	48.085	6	0	1	0	0	0	0	1	0	0	1	16
2013/12/27-13:13:48	57	1,517.842	48.085	5	0	0	0	0	0	0	1	1	0	0	14
2013/12/27-13:14:21	57	1,517.842	48.085	2	0	1	0	1	0	0	1	1	0	0	7
2013/12/27-13:14:47	57	1,517.842	48.085	3	0	0	0	0	0	1	1	0	0	1	5
2013/12/27-13:15:36	57	1,517.842	48.085	1	0	0	0	0	0	1	1	0	0	1	3
