2013/09/03-10:45:59	45	1,500	353.552	0	0	1	0	0	0	0	1	0	0	1	3
2013/09/03-10:46:24	45	1,500	353.552	2	0	0	0	1	0	1	1	0	0	1	6
2013/09/03-10:47:11	45	1,500	353.552	1	0	1	0	0	0	0	1	0	0	1	7
2013/09/03-10:47:53	45	1,500	353.552	6	0	0	0	0	0	1	1	0	0	1	18
2013/09/03-10:48:48	45	1,500	353.552	1	0	1	0	1	0	0	1	0	0	1	3
2013/09/03-10:57:47	45	1,500	353.552	5	0	0	0	0	0	0	1	1	0	0	13
2013/09/03-10:58:19	45	1,500	353.552	16	0	0	5	0	0	1	1	0	0	1	50
2013/09/03-10:59:28	45	1,500	353.552	9	0	0	3	2	0	0	1	1	0	0	27
2013/09/03-11:00:13	45	1,500	353.552	11	0	0	0	2	0	0	1	1	0	0	44
2013/09/03-11:01:16	45	1,500	353.552	5	0	0	0	2	0	0	1	1	0	0	8
2013/09/03-15:02:08	45	1,500	353.552	1	0	0	0	1	0	0	1	1	0	0	6
2013/09/03-15:02:34	24	1,794.936	258.284	1	0	1	0	0	0	0	1	0	0	1	6
2013/09/03-15:03:53	24	1,794.936	258.284	15	0	0	5	2	0	0	1	1	0	0	34
2013/09/03-15:04:45	24	1,794.936	258.284	10	0	0	0	2	0	0	1	1	0	0	23
2013/09/03-15:05:27	24	1,794.936	258.284	10	0	0	0	2	0	1	1	0	0	1	22
2013/09/03-17:55:37	30	1,678.229	215.056	14	0	0	4	0	0	0	1	1	0	0	32
2013/09/03-17:56:29	30	1,678.229	215.056	1	0	1	0	0	0	0	1	0	0	1	8
2013/09/03-17:57:48	30	1,678.229	215.056	1	0	1	0	0	0	0	1	0	0	1	4
2013/09/03-17:59:06	30	1,678.229	215.056	16	0	0	7	3	0	0	1	1	0	0	42
2013/09/03-18:00:08	30	1,678.229	215.056	3	0	0	0	0	0	1	1	0	0	1	8
2013/09/03-18:30:35	28	1,749.984	174.397	0	0	1	0	0	0	0	1	0	0	1	3
2013/09/03-18:31:54	28	1,749.984	174.397	2	0	1	0	0	0	0	1	0	0	1	6
2013/09/03-18:33:13	28	1,749.984	174.397	1	0	0	0	0	0	1	1	0	0	1	3
2013/09/03-18:34:00	28	1,749.984	174.397	5	0	0	2	0	0	1	1	0	0	1	16
2013/09/03-18:35:19	28	1,749.984	174.397	21	0	1	0	0	0	0	1	0	0	1	51
2013/09/03-18:45:38	35	1,601.438	144.525	13	0	0	0	1	0	0	1	1	0	0	60
2013/09/03-18:46:57	35	1,601.438	144.525	1	0	1	0	0	0	0	1	0	0	1	7
2013/09/03-18:47:36	35	1,601.438	144.525	1	0	0	0	0	0	1	1	0	0	1	3
2013/09/03-18:48:55	35	1,601.438	144.525	1	0	1	0	0	0	0	1	0	0	1	6
2013/09/03-18:49:21	35	1,601.438	144.525	29	0	0	0	2	0	0	1	1	0	0	60
2013/09/03-19:04:28	35	1,601.438	144.525	9	0	0	0	1	0	0	1	1	0	0	19
2013/09/03-19:05:05	35	1,601.438	144.525	6	0	0	0	1	0	1	1	0	0	1	16
2013/09/03-19:05:41	35	1,601.438	144.525	1	0	0	0	0	0	1	1	0	0	1	3
2013/09/03-19:06:59	35	1,601.438	144.525	2	0	0	0	0	0	1	1	0	0	1	6
2013/09/03-19:07:25	35	1,601.438	144.525	1	0	1	0	0	0	0	1	0	0	1	7
2013/09/03-19:11:40	35	1,601.438	144.525	1	0	1	0	0	0	0	1	0	0	1	4
2013/09/03-19:12:05	35	1,601.438	144.525	1	0	1	0	0	0	0	1	0	0	1	6
2013/09/03-19:12:30	35	1,601.438	144.525	2	0	1	0	0	0	0	1	0	0	1	7
2013/09/03-19:13:07	35	1,601.438	144.525	6	0	0	0	1	0	0	1	1	0	0	23
2013/09/03-19:13:49	40	1,559.994	114.913	4	0	0	0	1	0	0	1	1	0	0	17
2013/09/03-19:34:13	40	1,559.994	114.913	1	0	1	0	0	0	0	1	0	0	1	7
2013/09/03-19:34:44	40	1,559.994	114.913	3	0	1	0	2	0	0	1	0	0	1	22
2013/09/03-19:35:25	40	1,559.994	114.913	5	0	0	0	1	0	1	1	0	0	1	6
2013/09/03-19:36:02	40	1,559.994	114.913	1	0	0	0	0	0	1	1	0	0	1	3
2013/09/03-19:36:36	40	1,559.994	114.913	1	0	1	0	0	0	0	1	0	0	1	3
2013/09/03-23:46:17	45	1,506.995	104.253	1	0	0	0	0	0	1	1	0	0	1	3
2013/09/03-23:47:07	45	1,506.995	104.253	11	0	1	0	0	0	0	1	0	0	1	25
2013/09/03-23:47:51	45	1,506.995	104.253	5	0	1	0	1	0	0	1	0	0	1	21
2013/09/03-23:48:31	45	1,506.995	104.253	1	0	0	0	0	0	1	1	0	0	1	3
2013/09/03-23:48:55	45	1,506.995	104.253	1	0	1	0	1	0	0	1	0	0	1	6
2013/09/03-23:58:20	45	1,506.995	104.253	2	0	1	0	0	0	0	1	0	0	1	8
2013/09/03-23:59:39	45	1,506.995	104.253	1	0	1	0	0	0	0	1	0	0	1	3
2013/09/04-10:57:43	45	1,506.995	104.253	12	0	0	0	3	0	0	1	1	0	0	27
2013/09/04-10:58:34	45	1,506.995	104.253	1	0	0	0	1	0	0	1	1	0	0	6
2013/09/04-10:58:59	45	1,506.995	104.253	3	0	0	0	1	0	1	1	0	0	1	10
2013/09/04-11:17:36	46	1,495.174	88.606	2	0	0	0	1	0	1	1	0	0	1	6
2013/09/04-11:18:28	46	1,495.174	88.606	13	0	0	0	2	0	0	1	1	0	0	52
2013/09/04-11:19:39	46	1,495.174	88.606	5	0	0	1	1	0	1	1	0	0	1	12
2013/09/04-11:20:16	46	1,495.174	88.606	0	0	1	0	0	0	0	1	0	0	1	3
2013/09/04-11:21:35	46	1,495.174	88.606	8	0	0	0	0	0	0	1	1	0	0	19
2013/09/04-19:23:31	43	1,522.966	85.34	1	0	1	0	1	0	0	1	0	0	1	5
2013/09/04-19:23:58	43	1,522.966	85.34	1	0	1	0	0	0	0	1	0	0	1	7
2013/09/04-19:25:17	43	1,522.966	85.34	18	0	1	1	0	0	0	1	0	0	1	50
2013/09/04-19:26:29	43	1,522.966	85.34	2	0	0	0	0	0	0	1	1	0	0	9
2013/09/04-19:26:57	43	1,522.966	85.34	2	0	0	0	1	0	1	1	0	0	1	6
2013/09/04-19:32:50	40	1,524.077	78.077	3	0	1	0	1	0	0	1	0	0	1	11
2013/09/04-19:33:19	40	1,524.077	78.077	1	0	1	0	0	0	0	1	0	0	1	9
2013/09/04-19:34:00	40	1,524.077	78.077	6	0	0	0	0	0	0	1	1	0	0	15
2013/09/04-19:34:34	40	1,524.077	78.077	1	0	0	0	0	0	1	1	0	0	1	5
2013/09/04-19:34:58	40	1,524.077	78.077	2	0	1	0	1	0	0	1	0	0	1	6
2013/09/04-19:53:09	40	1,524.077	78.077	6	0	1	0	0	0	0	1	0	0	1	9
2013/09/04-20:33:22	40	1,524.077	78.077	12	0	0	2	0	0	0	1	1	0	0	36
2013/09/04-20:34:23	40	1,524.077	78.077	2	0	0	0	1	0	1	1	0	0	1	6
2013/09/04-20:35:17	40	1,524.077	78.077	0	0	1	0	0	0	0	1	0	0	1	3
2013/09/04-20:36:01	40	1,524.077	78.077	2	0	0	0	0	0	1	1	0	0	1	7
2013/09/05-02:09:43	44	1,507.732	74.767	1	0	1	0	0	0	0	1	0	0	1	3
2013/09/05-02:10:05	44	1,507.732	74.767	3	0	0	2	0	0	0	1	1	0	0	16
2013/09/05-02:10:39	44	1,507.732	74.767	1	0	1	0	1	0	0	1	0	0	1	6
2013/09/05-02:11:58	44	1,507.732	74.767	0	0	1	0	0	0	0	1	0	0	1	3
2013/09/05-02:12:20	44	1,507.732	74.767	4	0	0	0	1	0	0	1	1	0	0	17
2013/09/05-02:28:25	40	1,533.217	69.425	1	0	0	0	0	0	1	1	0	0	1	3
2013/09/05-02:28:53	40	1,533.217	69.425	2	0	0	1	0	0	1	1	0	0	1	8
2013/09/05-02:30:12	40	1,533.217	69.425	8	0	0	2	0	0	1	1	0	0	1	14
2013/09/05-02:30:53	40	1,533.217	69.425	3	0	1	0	1	0	0	1	0	0	1	5
2013/09/05-02:31:21	40	1,533.217	69.425	1	0	0	0	1	0	0	1	1	0	0	4
2013/09/05-02:41:19	40	1,533.217	69.425	3	0	1	1	0	0	0	1	0	0	1	12
2013/09/05-02:41:50	40	1,533.217	69.425	1	0	0	0	0	0	0	1	1	0	0	4
2013/09/05-02:42:12	40	1,533.217	69.425	16	0	0	0	0	0	1	1	0	0	1	40
2013/09/05-02:43:11	40	1,533.217	69.425	2	0	0	0	0	0	1	1	0	0	1	6
2013/09/05-02:43:37	40	1,533.217	69.425	1	0	0	0	2	0	0	1	1	0	0	3
2013/09/05-22:41:59	38	1,561.721	68.124	11	0	0	3	1	0	0	1	1	0	0	51
2013/09/05-22:43:11	38	1,561.721	68.124	11	0	0	1	0	0	1	1	0	0	1	23
2013/09/05-22:43:53	38	1,561.721	68.124	2	0	0	1	0	0	1	1	0	0	1	15
2013/09/05-22:44:26	38	1,561.721	68.124	5	0	0	0	1	0	1	1	0	0	1	24
2013/09/05-22:45:08	38	1,561.721	68.124	5	0	1	2	0	0	0	1	0	0	1	24
2013/09/07-10:12:41	37	1,588.795	72.588	17	0	0	0	0	0	1	1	0	0	1	52
2013/09/07-10:14:02	37	1,588.795	72.588	16	0	1	0	1	0	0	1	0	0	1	42
2013/09/07-10:15:03	37	1,588.795	72.588	17	0	0	1	0	0	0	1	0	0	1	60
2013/09/07-10:16:22	37	1,588.795	72.588	10	0	0	2	1	0	1	1	0	0	1	27
2013/09/07-10:17:41	37	1,588.795	72.588	6	0	0	0	1	0	1	1	0	0	1	15
2013/09/07-10:36:35	37	1,577.8	67.686	2	0	1	0	0	0	0	1	0	0	1	7
2013/09/07-10:37:27	37	1,577.8	67.686	5	0	0	0	1	0	1	1	0	0	1	18
2013/09/07-10:38:45	37	1,577.8	67.686	20	0	1	3	1	0	0	1	0	0	1	57
2013/09/07-10:40:02	37	1,577.8	67.686	26	0	0	2	2	0	0	1	1	0	0	52
2013/09/07-10:41:13	37	1,577.8	67.686	19	0	1	1	1	0	0	1	0	0	1	31
2013/09/07-10:58:58	37	1,577.8	67.686	4	0	0	0	0	0	1	1	0	0	1	25
2013/09/07-10:59:42	37	1,577.8	67.686	2	0	0	0	0	0	1	1	0	0	1	5
2013/09/07-11:01:01	37	1,577.8	67.686	18	0	0	1	0	0	0	1	0	0	1	60
2013/09/07-11:02:19	37	1,577.8	67.686	6	0	0	0	1	0	1	1	0	0	1	18
2013/09/07-11:03:38	37	1,577.8	67.686	4	0	0	0	1	0	1	1	0	0	1	23
2013/09/08-15:22:35	43	1,543.95	62.659	2	0	0	0	0	0	1	1	0	0	1	11
2013/09/08-15:23:05	43	1,543.95	62.659	1	0	1	0	0	0	0	1	0	0	1	7
2013/09/08-15:23:31	43	1,543.95	62.659	3	0	0	1	0	0	0	1	1	0	0	10
2013/09/08-15:24:00	43	1,543.95	62.659	1	0	0	0	0	0	0	1	1	0	0	6
2013/09/08-15:24:24	43	1,543.95	62.659	2	0	0	1	0	0	0	1	1	0	0	12
2013/09/08-16:59:22	43	1,543.95	62.659	2	0	0	0	0	0	1	1	0	0	1	4
2013/09/08-17:11:54	43	1,543.95	62.659	1	0	0	0	0	0	1	1	0	0	1	8
2013/09/08-17:12:51	43	1,543.95	62.659	1	0	0	0	0	0	1	1	0	0	1	4
2013/09/08-17:14:10	43	1,543.95	62.659	1	0	0	0	0	0	1	1	0	0	1	4
2013/09/08-17:14:41	43	1,543.95	62.659	3	0	0	0	0	0	1	1	0	0	1	11
2013/09/08-17:30:28	43	1,543.95	62.659	0	0	1	0	0	0	0	1	0	0	1	8
2013/09/08-17:30:55	43	1,543.95	62.659	1	0	0	0	0	0	1	1	0	0	1	7
2013/09/08-17:32:14	43	1,543.95	62.659	1	0	0	0	0	0	1	1	0	0	1	4
2013/09/08-17:32:55	43	1,543.95	62.659	1	0	1	0	0	0	0	1	0	0	1	6
2013/09/08-17:33:20	43	1,543.95	62.659	1	0	0	0	0	0	1	1	0	0	1	5
2013/09/09-01:22:03	50	1,414.877	63.494	1	0	0	0	0	0	1	1	0	0	1	3
2013/09/09-01:23:22	50	1,414.877	63.494	1	0	0	0	0	0	1	1	0	0	1	4
2013/09/09-01:23:51	50	1,414.877	63.494	1	0	0	0	0	0	1	1	0	0	1	4
2013/09/09-01:25:10	50	1,414.877	63.494	1	0	0	0	0	0	1	1	0	0	1	5
2013/09/09-01:26:29	50	1,414.877	63.494	1	0	0	0	0	0	1	1	0	0	1	3
2013/09/09-07:23:37	50	1,414.877	63.494	1	0	0	0	0	0	1	1	0	0	1	5
2013/09/09-07:24:55	50	1,414.877	63.494	1	0	0	0	0	0	1	1	0	0	1	3
2013/09/09-07:25:23	50	1,414.877	63.494	1	0	0	0	0	0	1	1	0	0	1	4
2013/09/09-07:25:49	50	1,414.877	63.494	1	0	0	0	0	0	1	1	0	0	1	6
2013/09/09-07:26:31	50	1,414.877	63.494	1	0	0	0	0	0	1	1	0	0	1	4
2013/09/09-07:43:03	59	1,318.933	57.825	1	0	0	0	0	0	1	1	0	0	1	4
2013/09/09-07:43:41	59	1,318.933	57.825	1	0	0	0	1	0	1	1	0	0	1	7
2013/09/09-07:44:07	59	1,318.933	57.825	1	0	0	0	0	0	1	1	0	0	1	4
2013/09/09-07:44:36	59	1,318.933	57.825	2	0	0	0	0	0	1	1	0	0	1	9
2013/09/09-07:45:07	59	1,318.933	57.825	1	0	0	0	0	0	1	1	0	0	1	6
2013/09/10-20:31:33	60	1,286.862	65.588	1	0	0	0	0	0	1	1	0	0	1	5
2013/09/10-20:32:09	60	1,286.862	65.588	1	0	0	0	0	0	1	1	0	0	1	4
2013/09/10-20:32:48	60	1,286.862	65.588	1	0	0	0	0	0	1	1	0	0	1	4
2013/09/10-20:33:30	60	1,286.862	65.588	1	0	0	0	0	0	1	1	0	0	1	4
2013/09/10-20:34:03	60	1,286.862	65.588	1	0	0	0	0	0	1	1	0	0	1	3
2013/09/10-20:44:05	60	1,286.862	65.588	1	0	0	0	0	0	1	1	0	0	1	5
2013/09/10-20:44:33	60	1,286.862	65.588	1	0	0	0	0	0	1	1	0	0	1	5
2013/09/10-20:45:16	60	1,286.862	65.588	1	0	0	0	0	0	1	1	0	0	1	10
2013/09/10-20:45:45	60	1,286.862	65.588	1	0	0	0	0	0	1	1	0	0	1	4
2013/09/10-20:46:18	60	1,286.862	65.588	1	0	0	0	0	0	1	1	0	0	1	5
2013/09/10-21:01:44	60	1,286.862	65.588	1	0	0	0	0	0	1	1	0	0	1	4
2013/09/10-21:02:19	60	1,286.862	65.588	1	0	0	0	0	0	1	1	0	0	1	7
2013/09/10-21:16:35	60	1,286.862	65.588	1	0	0	0	0	0	1	1	0	0	1	3
2013/09/10-21:17:12	60	1,286.862	65.588	1	0	0	0	0	0	1	1	0	0	1	4
2013/09/10-21:17:47	60	1,286.862	65.588	1	0	0	0	0	0	1	1	0	0	1	7
2013/09/11-11:28:41	64	1,214.062	68.079	1	0	0	0	0	0	1	1	0	0	1	5
2013/09/11-11:29:51	64	1,214.062	68.079	3	0	0	1	0	0	1	1	0	0	1	9
2013/09/11-11:30:20	64	1,214.062	68.079	1	0	0	0	0	0	1	1	0	0	1	5
2013/09/11-11:30:50	64	1,214.062	68.079	0	0	1	0	0	0	0	1	0	0	1	4
2013/09/11-11:31:12	64	1,214.062	68.079	1	0	0	0	0	0	1	1	0	0	1	5
2013/09/11-11:41:23	64	1,214.062	68.079	2	0	1	0	0	0	0	1	0	0	1	8
2013/09/11-11:42:05	64	1,212.004	63.822	1	0	0	0	0	0	1	1	0	0	1	4
2013/09/11-11:42:47	64	1,212.004	63.822	1	0	0	0	0	0	1	1	0	0	1	6
2013/09/11-11:43:30	64	1,212.004	63.822	1	0	0	0	0	0	1	1	0	0	1	4
2013/09/11-11:44:26	64	1,212.004	63.822	1	0	0	0	0	0	1	1	0	0	1	4
2013/09/11-11:56:23	64	1,212.004	63.822	1	0	0	0	0	0	1	1	0	0	1	3
2013/09/11-11:57:41	64	1,212.004	63.822	1	0	0	0	0	0	1	1	0	0	1	2
2013/09/11-13:33:51	64	1,212.004	63.822	1	0	0	0	0	0	1	1	0	0	1	5
2013/09/11-13:34:24	64	1,212.004	63.822	1	0	0	0	0	0	1	1	0	0	1	3
2013/09/11-13:35:19	64	1,212.004	63.822	1	0	0	0	0	0	1	1	0	0	1	4
2013/09/12-08:31:16	65	1,173.794	70.234	1	0	1	0	0	0	0	1	0	0	1	7
2013/09/12-08:31:58	65	1,173.794	70.234	1	0	0	0	0	0	1	1	0	0	1	7
2013/09/12-08:32:34	65	1,173.794	70.234	1	0	0	0	0	0	1	1	0	0	1	3
2013/09/12-08:32:59	65	1,173.794	70.234	1	0	0	0	0	0	1	1	0	0	1	8
2013/09/12-08:33:26	65	1,173.794	70.234	1	0	0	0	0	0	1	1	0	0	1	4
2013/09/12-08:47:32	70	1,114.496	66.174	1	0	0	0	0	0	1	1	0	0	1	3
2013/09/12-08:47:57	70	1,114.496	66.174	1	0	0	0	0	0	1	1	0	0	1	8
2013/09/12-08:48:23	70	1,114.496	66.174	1	0	0	0	0	0	1	1	0	0	1	3
2013/09/12-08:48:49	70	1,114.496	66.174	1	0	0	0	0	0	0	1	1	0	0	6
2013/09/12-08:50:55	70	1,114.496	66.174	1	0	0	0	0	0	1	1	0	0	1	3
2013/09/12-08:58:03	70	1,114.496	66.174	1	0	0	0	0	0	1	1	0	0	1	6
2013/09/12-08:58:28	70	1,114.496	66.174	1	0	0	0	0	0	1	1	0	0	1	4
2013/09/12-08:58:53	70	1,114.496	66.174	1	0	0	0	0	0	1	1	0	0	1	4
2013/09/12-08:59:18	70	1,114.496	66.174	2	0	0	0	0	0	0	1	1	0	0	6
2013/09/12-08:59:43	70	1,114.496	66.174	1	0	0	0	0	0	1	1	0	0	1	3
2013/09/12-09:09:21	74	1,052.366	60.434	1	0	0	0	0	0	1	1	0	0	1	5
2013/09/12-09:09:46	74	1,052.366	60.434	1	0	0	1	0	0	1	1	0	0	1	11
2013/09/12-09:10:16	74	1,052.366	60.434	1	0	0	0	0	0	1	1	0	0	1	3
2013/09/12-09:10:41	74	1,052.366	60.434	1	0	0	0	0	0	1	1	0	0	1	3
2013/09/12-09:11:06	74	1,052.366	60.434	1	0	0	0	0	0	1	1	0	0	1	4
2013/09/12-09:18:55	74	1,052.366	60.434	1	0	0	0	0	0	0	1	1	0	0	4
2013/09/12-09:19:18	74	1,052.366	60.434	2	0	0	1	0	0	0	1	1	0	0	9
2013/09/12-09:19:45	74	1,052.366	60.434	0	0	0	0	0	0	0	1	1	0	0	3
2013/09/12-10:44:11	74	1,052.366	60.434	3	0	0	0	0	0	0	1	1	0	0	6
2013/09/12-10:44:36	74	1,052.366	60.434	0	0	0	0	0	0	0	1	1	0	0	12
2013/09/12-10:59:42	75	1,039.936	57.185	1	0	0	0	0	0	1	1	0	0	1	3
2013/09/12-11:00:07	75	1,039.936	57.185	1	0	0	0	0	0	1	1	0	0	1	5
2013/09/12-11:00:31	75	1,039.936	57.185	1	0	0	0	0	0	1	1	0	0	1	5
2013/09/12-11:01:01	75	1,039.936	57.185	1	0	0	0	0	0	1	1	0	0	1	3
2013/09/12-11:01:28	75	1,039.936	57.185	1	0	0	0	0	0	1	1	0	0	1	5
2013/09/13-21:06:29	77	991.298	81.959	1	0	0	0	0	0	1	1	0	0	1	4
2013/09/13-21:06:55	77	991.298	81.959	1	0	0	0	0	0	1	1	0	0	1	3
2013/09/13-21:07:21	77	991.298	81.959	1	0	0	0	0	0	1	1	0	0	1	5
2013/09/13-21:07:46	77	991.298	81.959	1	0	0	0	0	0	1	1	0	0	1	5
2013/09/13-21:08:11	77	991.298	81.959	1	0	0	0	0	0	1	1	0	0	1	6
2013/09/13-21:13:35	77	991.298	81.959	1	0	0	0	0	0	1	1	0	0	1	6
2013/09/13-21:14:00	77	991.298	81.959	1	0	0	0	0	0	1	1	0	0	1	6
2013/09/13-21:14:25	77	991.298	81.959	1	0	0	0	0	0	1	1	0	0	1	4
2013/09/13-21:14:50	77	991.298	81.959	1	0	0	0	0	0	1	1	0	0	1	4
2013/09/13-21:15:15	77	991.298	81.959	1	0	0	0	0	0	1	1	0	0	1	3
2013/09/13-21:26:00	83	899.294	72.288	1	0	0	0	0	0	1	1	0	0	1	5
2013/09/13-21:26:25	83	899.294	72.288	1	0	0	0	0	0	1	1	0	0	1	4
2013/09/13-21:26:50	83	899.294	72.288	2	0	0	0	0	0	1	1	0	0	1	4
2013/09/13-21:27:15	83	899.294	72.288	1	0	0	0	0	0	1	1	0	0	1	4
2013/09/13-21:27:40	83	899.294	72.288	1	0	0	0	0	0	1	1	0	0	1	3
2013/09/13-22:59:13	84	847.13	67.539	1	0	0	0	0	0	1	1	0	0	1	6
2013/09/13-23:00:33	84	847.13	67.539	3	0	0	1	0	0	1	1	0	0	1	8
2013/09/13-23:01:51	84	847.13	67.539	1	0	0	0	0	0	1	1	0	0	1	3
2013/09/13-23:03:10	84	847.13	67.539	0	0	1	1	0	0	0	1	0	0	1	13
2013/09/13-23:04:26	84	847.13	67.539	1	0	0	0	0	0	1	1	0	0	1	6
2013/09/13-23:16:45	84	847.13	67.539	0	0	1	0	0	0	0	1	0	0	1	12
2013/09/13-23:17:34	84	847.13	67.539	1	0	0	0	0	0	1	1	0	0	1	7
2013/09/13-23:18:11	84	847.13	67.539	5	0	0	1	0	0	1	1	0	0	1	22
2013/09/13-23:18:51	84	847.13	67.539	1	0	0	0	0	0	1	1	0	0	1	3
2013/09/13-23:19:29	84	847.13	67.539	1	0	0	0	0	0	1	1	0	0	1	4
2013/09/13-23:33:57	84	847.13	67.539	1	0	0	0	0	0	1	1	0	0	1	3
2013/09/13-23:34:22	84	847.13	67.539	1	0	0	0	0	0	1	1	0	0	1	6
2013/09/13-23:34:47	84	847.13	67.539	1	0	0	0	0	0	0	1	1	0	0	7
2013/09/13-23:35:12	84	847.13	67.539	1	0	0	0	0	0	1	1	0	0	1	3
2013/09/13-23:35:37	84	857.261	62.385	2	0	0	0	0	0	1	1	0	0	1	4
2013/09/14-05:28:51	84	848.887	71.932	1	0	0	0	0	0	1	1	0	0	1	4
2013/09/14-05:29:42	84	848.887	71.932	4	0	0	1	0	0	1	1	0	0	1	10
2013/09/14-05:30:17	84	848.887	71.932	1	0	0	0	0	0	1	1	0	0	1	5
2013/09/14-05:30:56	84	848.887	71.932	1	0	0	0	0	0	1	1	0	0	1	5
2013/09/14-05:31:44	84	848.887	71.932	1	0	0	0	0	0	1	1	0	0	1	6
2013/09/14-05:41:36	84	848.887	71.932	1	0	0	0	0	0	1	1	0	0	1	8
2013/09/14-05:42:06	84	848.887	71.932	1	0	0	0	0	0	1	1	0	0	1	3
2013/09/14-05:42:30	84	848.887	71.932	1	0	1	0	0	0	0	1	0	0	1	7
2013/09/14-05:42:56	84	848.887	71.932	1	0	0	0	0	0	1	1	0	0	1	4
2013/09/14-05:43:29	84	848.887	71.932	1	0	0	0	0	0	1	1	0	0	1	3
2013/09/14-05:56:55	85	837.749	67.597	2	0	0	0	0	0	0	1	1	0	0	6
2013/09/14-05:57:20	85	837.749	67.597	1	0	0	0	0	0	1	1	0	0	1	4
2013/09/14-05:57:45	85	837.749	67.597	1	0	0	0	0	0	1	1	0	0	1	3
2013/09/14-05:58:09	85	837.749	67.597	1	0	0	0	0	0	1	1	0	0	1	5
2013/09/14-05:58:34	85	837.749	67.597	1	0	0	0	0	0	1	1	0	0	1	4
2013/09/14-11:33:28	85	816.075	71.797	1	0	0	0	0	0	1	1	0	0	1	4
2013/09/14-11:33:54	85	816.075	71.797	1	0	0	0	0	0	1	1	0	0	1	3
2013/09/14-11:34:42	85	816.075	71.797	1	0	0	0	0	0	1	1	0	0	1	4
2013/09/14-11:35:08	85	816.075	71.797	1	0	0	0	0	0	1	1	0	0	1	6
2013/09/14-11:35:48	85	816.075	71.797	1	0	0	0	0	0	1	1	0	0	1	3
2013/09/14-11:36:23	85	816.075	71.797	1	0	0	0	0	0	1	1	0	0	1	4
2013/09/14-11:36:50	85	816.075	71.797	1	0	0	0	0	0	1	1	0	0	1	5
2013/09/14-11:38:09	85	816.075	71.797	1	0	0	0	0	0	1	1	0	0	1	6
2013/09/14-11:38:44	85	816.075	71.797	1	0	0	0	0	0	1	1	0	0	1	4
2013/09/14-11:39:13	85	816.075	71.797	1	0	0	0	0	0	1	1	0	0	1	5
2013/09/14-12:05:38	85	816.075	71.797	1	0	0	0	0	0	1	1	0	0	1	3
2013/09/14-12:06:03	85	816.075	71.797	1	0	0	0	0	0	1	1	0	0	1	6
2013/09/14-12:06:28	85	816.075	71.797	1	0	0	0	0	0	1	1	0	0	1	3
2013/09/14-12:06:53	85	816.075	71.797	1	0	0	0	0	0	1	1	0	0	1	3
2013/09/14-12:07:17	86	750.71	65.162	1	0	0	0	0	0	1	1	0	0	1	3
2013/09/14-15:39:41	86	741.973	71.526	2	0	0	0	0	0	1	1	0	0	1	5
2013/09/14-15:40:08	86	741.973	71.526	1	0	0	0	0	0	1	1	0	0	1	3
2013/09/14-15:41:27	86	741.973	71.526	1	0	0	0	0	0	1	1	0	0	1	4
2013/09/14-15:42:45	86	741.973	71.526	1	0	0	0	0	0	1	1	0	0	1	4
2013/09/14-15:43:41	86	741.973	71.526	1	0	0	0	1	0	1	1	0	0	1	8
2013/09/14-15:51:47	86	746.96	71.178	1	0	0	0	0	0	1	1	0	0	1	4
2013/09/14-15:52:21	86	746.96	71.178	1	0	0	1	0	0	1	1	0	0	1	15
2013/09/14-15:52:55	86	746.96	71.178	1	0	0	0	0	0	1	1	0	0	1	5
2013/09/14-15:53:30	86	746.96	71.178	1	0	0	0	0	0	1	1	0	0	1	11
2013/09/14-15:53:59	86	746.96	71.178	1	0	0	0	0	0	1	1	0	0	1	4
2013/09/14-16:06:50	86	746.96	71.178	1	0	0	0	0	0	1	1	0	0	1	6
2013/09/14-16:07:15	86	746.96	71.178	1	0	0	0	0	0	1	1	0	0	1	4
2013/09/14-16:07:40	86	746.96	71.178	1	0	0	0	0	0	1	1	0	0	1	6
2013/09/14-16:08:05	86	746.96	71.178	1	0	0	0	0	0	1	1	0	0	1	3
2013/09/14-16:08:30	86	746.96	71.178	1	0	0	0	0	0	1	1	0	0	1	3
2013/09/14-19:21:53	85	792.339	74.157	3	0	0	0	0	0	1	1	0	0	1	14
2013/09/14-19:22:26	85	792.339	74.157	1	0	0	0	1	0	1	1	0	0	1	6
2013/09/14-19:22:51	85	792.339	74.157	1	0	0	0	0	0	1	1	0	0	1	7
2013/09/14-19:23:19	85	792.339	74.157	1	0	0	0	0	0	1	1	0	0	1	4
2013/09/14-19:24:01	85	792.339	74.157	1	0	0	0	0	0	1	1	0	0	1	5
2013/09/14-19:27:57	85	792.339	74.157	1	0	0	0	0	0	1	1	0	0	1	8
2013/09/14-19:28:24	85	792.339	74.157	1	0	0	0	0	0	1	1	0	0	1	4
2013/09/14-19:28:48	85	792.339	74.157	1	0	0	0	0	0	1	1	0	0	1	3
2013/09/14-19:29:13	85	792.339	74.157	1	0	0	0	0	0	1	1	0	0	1	3
2013/09/14-19:29:38	85	792.339	74.157	1	0	0	0	0	0	1	1	0	0	1	5
2013/09/14-19:43:48	85	798.41	69.387	1	0	0	0	0	0	1	1	0	0	1	3
2013/09/14-19:44:13	85	798.41	69.387	1	0	0	0	0	0	0	1	1	0	0	11
2013/09/14-19:44:42	85	798.41	69.387	3	0	0	0	0	0	0	1	1	0	0	6
2013/09/14-19:45:07	85	798.41	69.387	1	0	0	0	0	0	1	1	0	0	1	4
2013/09/14-19:45:32	85	798.41	69.387	1	0	0	0	0	0	1	1	0	0	1	3
2013/09/15-00:29:31	85	808.402	75.429	1	0	0	0	0	0	1	1	0	0	1	5
2013/09/15-00:29:57	85	808.402	75.429	1	0	0	0	0	0	1	1	0	0	1	7
2013/09/15-00:30:23	85	808.402	75.429	1	0	0	0	0	0	1	1	0	0	1	7
2013/09/15-00:31:42	85	808.402	75.429	1	0	0	0	0	0	1	1	0	0	1	7
2013/09/15-00:32:18	85	808.402	75.429	1	0	0	0	0	0	1	1	0	0	1	3
2013/09/15-00:40:24	85	831.22	73.302	1	0	0	0	0	0	1	1	0	0	1	3
2013/09/15-00:40:52	85	831.22	73.302	1	0	0	0	0	0	1	1	0	0	1	4
2013/09/15-00:41:17	85	831.22	73.302	1	0	0	0	0	0	1	1	0	0	1	4
2013/09/15-00:41:42	85	831.22	73.302	1	0	0	0	0	0	1	1	0	0	1	3
2013/09/15-00:42:07	85	831.22	73.302	1	0	0	0	0	0	1	1	0	0	1	4
2013/09/15-08:54:37	85	831.22	73.302	1	0	0	0	0	0	1	1	0	0	1	7
2013/09/15-08:55:03	85	831.22	73.302	1	0	0	0	0	0	1	1	1	0	0	6
2013/09/15-08:55:28	85	831.22	73.302	1	0	0	0	0	0	1	1	0	0	1	4
2013/09/15-08:55:53	85	831.22	73.302	1	0	0	0	0	0	1	1	0	0	1	3
2013/09/15-08:56:18	85	831.22	73.302	1	0	0	0	0	0	1	1	0	0	1	3
2013/09/15-16:24:03	84	793.969	82.222	1	0	0	0	0	0	1	1	0	0	1	7
2013/09/15-16:25:19	84	793.969	82.222	1	0	0	0	0	0	1	1	0	0	1	3
2013/09/15-16:25:57	84	793.969	82.222	1	0	0	0	0	0	1	1	0	0	1	12
2013/09/15-16:26:39	84	793.969	82.222	1	0	0	0	0	0	1	1	0	0	1	4
2013/09/15-16:27:09	84	793.969	82.222	1	0	0	0	0	0	1	1	0	0	1	4
2013/09/15-16:34:54	84	793.969	82.222	3	0	0	0	0	0	1	1	0	0	1	13
2013/09/15-16:35:26	84	793.969	82.222	1	0	1	0	0	0	0	1	0	0	1	7
2013/09/15-16:35:51	84	793.969	82.222	1	0	0	0	0	0	0	1	1	0	0	6
2013/09/15-16:36:16	84	793.969	82.222	2	0	0	0	0	0	1	1	0	0	1	5
2013/09/15-16:36:41	84	793.969	82.222	4	0	0	0	0	0	1	1	0	0	1	17
2013/09/15-16:51:06	84	793.969	82.222	1	0	0	0	0	0	1	1	0	0	1	5
2013/09/15-16:51:34	84	793.969	82.222	1	0	0	0	0	0	1	1	0	0	1	3
2013/09/15-16:52:00	84	793.969	82.222	1	0	0	0	0	0	1	1	0	0	1	5
2013/09/15-16:52:24	84	793.969	82.222	1	0	0	0	0	0	1	1	0	0	1	5
2013/09/15-16:52:52	84	793.969	82.222	1	0	0	0	0	0	1	1	0	0	1	6
2013/09/15-22:32:29	85	827.364	86.684	1	0	0	0	0	0	1	1	0	0	1	3
2013/09/15-22:33:19	85	827.364	86.684	1	0	0	0	0	0	1	1	0	0	1	4
2013/09/15-22:34:01	85	827.364	86.684	1	0	0	0	0	0	1	1	0	0	1	3
2013/09/15-22:35:19	85	827.364	86.684	1	0	0	0	0	0	1	1	0	0	1	3
2013/09/15-22:36:03	85	827.364	86.684	1	0	0	0	0	0	1	1	0	0	1	4
2013/09/15-22:44:10	85	827.364	86.684	2	0	0	1	0	0	1	1	0	0	1	9
2013/09/15-22:44:37	85	827.364	86.684	2	0	0	0	0	0	1	1	0	0	1	10
2013/09/15-22:45:06	85	827.364	86.684	2	0	0	0	0	0	1	1	0	0	1	9
2013/09/15-22:45:36	85	827.364	86.684	3	0	0	0	0	0	1	1	0	0	1	8
2013/09/15-22:46:09	85	827.364	86.684	1	0	1	0	0	0	0	1	0	0	1	7
2013/09/15-22:59:43	84	836.855	82.83	1	0	0	0	0	0	0	1	1	0	0	6
2013/09/15-23:00:08	84	836.855	82.83	0	0	0	0	0	0	0	1	1	0	0	3
2013/09/15-23:00:29	84	836.855	82.83	2	0	0	0	0	0	1	1	0	0	1	5
2013/09/15-23:00:53	84	836.855	82.83	2	0	0	0	0	0	1	1	0	0	1	5
2013/09/15-23:01:17	84	836.855	82.83	2	0	0	0	0	0	0	1	1	0	0	6
2013/09/17-20:11:17	84	838.615	93.078	2	0	0	0	0	0	1	1	0	0	1	6
2013/09/17-20:11:43	84	838.615	93.078	3	0	0	0	2	0	0	1	1	0	0	6
2013/09/17-20:12:08	84	838.615	93.078	2	0	0	0	0	0	1	1	0	0	1	8
2013/09/17-20:12:35	84	838.615	93.078	1	0	0	0	0	0	1	1	0	0	1	3
2013/09/17-20:13:00	84	838.615	93.078	1	0	0	0	1	0	1	1	0	0	1	4
2013/09/17-20:16:26	84	838.615	93.078	2	0	0	0	0	0	0	1	1	0	0	6
2013/09/17-20:16:51	84	838.615	93.078	1	0	0	0	1	0	1	1	0	0	1	4
2013/09/17-20:17:16	84	838.615	93.078	2	0	0	0	0	0	1	1	0	0	1	6
2013/09/17-20:17:41	84	838.615	93.078	1	0	0	0	0	0	1	1	0	0	1	3
2013/09/17-20:18:09	84	838.615	93.078	3	0	0	0	1	0	0	1	1	0	0	6
2013/09/17-20:26:17	84	887.633	81.355	2	0	0	0	0	0	1	1	0	0	1	5
2013/09/17-20:26:42	84	887.633	81.355	0	0	1	0	0	0	0	1	0	0	1	6
2013/09/17-20:27:08	84	887.633	81.355	1	0	0	0	0	0	1	1	0	0	1	3
2013/09/17-20:27:32	84	887.633	81.355	1	0	0	0	0	0	1	1	0	0	1	5
2013/09/17-20:27:57	84	887.633	81.355	1	0	0	0	1	0	1	1	0	0	1	3
2013/09/18-11:35:27	84	858.894	87.923	5	0	1	0	0	0	0	1	0	0	1	20
2013/09/18-11:36:22	84	858.894	87.923	0	0	1	0	0	0	0	1	0	0	1	3
2013/09/18-11:37:11	84	858.894	87.923	0	0	1	0	0	0	0	1	0	0	1	4
2013/09/18-11:37:45	84	858.894	87.923	1	0	0	0	0	0	1	1	0	0	1	8
2013/09/18-11:38:25	84	858.894	87.923	0	0	1	0	0	0	0	1	0	0	1	3
2013/09/18-11:42:41	84	858.894	87.923	1	0	0	0	0	0	1	1	0	0	1	3
2013/09/18-11:43:05	84	858.894	87.923	1	0	1	0	0	0	0	1	0	0	1	3
2013/09/18-11:43:27	84	858.894	87.923	2	0	0	0	0	0	1	1	0	0	1	5
2013/09/18-11:43:51	84	858.894	87.923	1	0	0	0	0	0	1	1	0	0	1	3
2013/09/18-11:44:14	84	858.894	87.923	1	0	0	0	0	0	1	1	0	0	1	6
2013/09/18-11:53:10	86	818.248	81.885	1	0	0	0	0	0	0	1	1	0	0	3
2013/09/18-11:53:32	86	818.248	81.885	4	0	0	5	0	0	1	1	0	0	1	23
2013/09/18-11:54:15	86	818.248	81.885	2	0	0	2	0	0	0	1	1	0	0	6
2013/09/18-11:54:39	86	818.248	81.885	1	0	0	0	0	0	0	1	1	0	0	6
2013/09/18-11:55:04	86	818.248	81.885	1	0	0	0	0	0	1	1	0	0	1	3
2013/09/18-16:31:11	85	848.835	86.127	0	0	1	0	0	0	0	1	0	0	1	3
2013/09/18-16:31:36	85	848.835	86.127	1	0	0	0	0	0	1	1	0	0	1	3
2013/09/18-16:32:17	85	848.835	86.127	0	0	1	0	0	0	0	1	0	0	1	3
2013/09/18-16:32:53	85	848.835	86.127	1	0	1	0	1	0	0	1	0	0	1	4
2013/09/18-16:33:22	85	848.835	86.127	1	0	0	0	0	0	1	1	0	0	1	3
2013/09/18-16:40:14	85	848.835	86.127	0	0	1	0	0	0	0	1	0	0	1	10
2013/09/18-16:40:51	85	848.835	86.127	7	0	0	3	0	0	1	1	0	0	1	35
2013/09/18-16:41:45	85	848.835	86.127	2	0	0	0	0	0	1	1	0	0	1	6
2013/09/18-16:42:13	85	848.835	86.127	1	0	0	0	0	0	1	1	0	0	1	3
2013/09/18-16:42:57	85	848.835	86.127	1	0	1	0	1	0	0	1	0	0	1	7
2013/09/18-16:56:41	85	848.835	86.127	1	0	0	0	1	0	0	1	1	0	0	3
2013/09/18-16:57:03	85	848.835	86.127	1	0	1	0	0	0	0	1	0	1	0	3
2013/09/18-16:57:25	85	848.835	86.127	1	0	0	0	0	0	0	1	1	0	0	3
2013/09/18-16:57:47	85	848.835	86.127	0	0	0	0	0	0	0	1	1	0	0	4
2013/09/18-16:58:09	85	848.835	86.127	1	0	0	0	0	0	0	1	1	0	0	3
2013/09/18-19:17:16	83	928.215	85.884	1	0	1	0	0	0	0	1	0	0	1	6
2013/09/18-19:17:45	83	928.215	85.884	1	0	1	0	0	0	0	1	0	0	1	7
2013/09/18-19:18:26	83	928.215	85.884	1	0	0	0	0	0	1	1	0	0	1	3
2013/09/18-19:18:54	83	928.215	85.884	1	0	1	0	0	0	0	1	0	0	1	6
2013/09/18-19:19:19	83	928.215	85.884	1	0	0	0	0	0	1	1	0	0	1	6
2013/09/18-19:36:11	83	928.215	85.884	1	0	0	0	1	0	1	1	0	0	1	3
2013/09/18-19:36:33	83	928.215	85.884	1	0	0	0	0	0	1	1	0	0	1	4
2013/09/18-19:37:52	83	928.215	85.884	1	0	0	0	0	0	1	1	0	0	1	3
2013/09/18-19:38:18	83	928.215	85.884	1	0	0	0	1	0	1	1	0	0	1	3
2013/09/18-19:38:40	83	928.215	85.884	0	0	1	0	0	0	0	1	0	0	1	3
2013/09/18-20:26:00	82	964.739	80.142	1	0	0	0	0	0	1	1	0	0	1	6
2013/09/18-20:26:26	82	964.739	80.142	1	0	0	0	0	0	1	1	0	0	1	3
2013/09/18-20:26:48	82	964.739	80.142	1	0	0	0	0	0	1	1	0	0	1	3
2013/09/18-20:27:11	82	964.739	80.142	1	0	0	0	0	0	0	1	1	0	0	6
2013/09/18-20:27:36	82	964.739	80.142	1	0	0	0	1	0	1	1	0	0	1	3
2013/09/19-00:18:29	83	948.636	73.916	1	0	1	0	0	0	0	1	0	0	1	7
2013/09/19-00:19:40	83	948.636	73.916	1	0	0	0	1	0	1	1	0	0	1	4
2013/09/19-00:20:02	83	948.636	73.916	2	0	0	0	0	0	1	1	0	0	1	6
2013/09/19-00:21:21	83	948.636	73.916	2	0	0	0	0	0	1	1	0	0	1	6
2013/09/19-00:22:28	83	948.636	73.916	1	0	0	0	0	0	1	1	0	0	1	3
2013/09/19-00:23:52	83	948.636	73.916	0	0	1	0	0	0	0	1	0	0	1	3
2013/09/19-00:24:29	83	948.636	73.916	1	0	0	0	0	0	1	1	0	0	1	8
2013/09/19-00:24:57	83	948.636	73.916	0	0	1	0	0	0	0	1	0	0	1	3
2013/09/19-00:25:29	83	948.636	73.916	6	0	0	3	0	0	0	1	1	0	0	20
2013/09/19-00:26:08	83	948.636	73.916	1	0	0	0	0	0	1	1	0	0	1	3
2013/09/19-00:38:19	83	948.636	73.916	1	0	0	0	0	0	1	1	0	0	1	3
2013/09/19-00:38:44	83	948.636	73.916	1	0	1	0	0	0	0	1	0	0	1	6
2013/09/19-00:39:09	83	948.636	73.916	9	0	0	2	0	0	0	1	1	0	0	26
2013/09/19-07:17:36	83	948.636	73.916	1	0	0	0	0	0	1	1	0	0	1	4
2013/09/19-07:18:01	83	948.636	73.916	1	0	0	0	0	0	1	1	0	0	1	3
2013/09/19-08:31:20	84	944.854	69.649	2	0	1	1	1	0	0	1	0	0	1	8
2013/09/19-08:31:49	84	944.854	69.649	1	0	1	0	0	0	0	1	0	0	1	3
2013/09/19-08:32:31	84	944.854	69.649	1	0	0	0	0	0	1	1	0	0	1	4
2013/09/19-08:33:01	84	944.854	69.649	1	0	0	0	0	0	1	1	0	0	1	6
2013/09/19-08:33:32	84	944.854	69.649	1	0	0	0	0	0	1	1	0	0	1	3
2013/09/19-08:34:23	84	944.854	69.649	1	0	1	0	0	0	0	1	0	0	1	3
2013/09/19-08:34:46	84	944.854	69.649	1	0	0	0	0	0	1	1	0	0	1	3
2013/09/19-08:35:20	84	944.854	69.649	1	0	0	0	0	0	1	1	0	0	1	4
2013/09/19-08:35:51	84	944.854	69.649	1	0	0	0	0	0	1	1	0	0	1	3
2013/09/19-08:36:16	84	944.854	69.649	2	0	0	0	0	0	1	1	0	0	1	6
2013/09/19-08:50:58	84	946.716	65.834	0	0	1	0	0	0	0	1	0	0	1	6
2013/09/19-08:51:23	84	946.716	65.834	1	0	0	0	0	0	1	1	0	0	1	3
2013/09/19-08:51:48	84	946.716	65.834	1	0	0	0	0	0	0	1	1	0	0	6
2013/09/19-08:52:13	84	946.716	65.834	1	0	0	0	1	0	1	1	0	0	1	3
2013/09/19-08:52:38	84	946.716	65.834	2	0	0	0	0	0	1	1	0	0	1	6
2013/09/19-11:30:33	84	933.303	71.139	13	0	0	6	0	0	1	1	0	0	1	52
2013/09/19-11:31:52	84	933.303	71.139	0	0	1	0	0	0	0	1	0	0	1	6
2013/09/19-11:32:22	84	933.303	71.139	1	0	0	0	0	0	1	1	0	0	1	6
2013/09/19-11:32:51	84	933.303	71.139	10	0	0	3	0	0	1	1	0	0	1	40
2013/09/19-11:33:50	84	933.303	71.139	1	0	0	0	0	0	1	1	0	0	1	3
2013/09/19-11:40:40	84	933.303	71.139	7	0	0	0	1	0	0	1	1	0	0	20
2013/09/19-11:41:19	84	933.303	71.139	2	0	0	0	0	0	1	1	0	0	1	5
2013/09/19-11:41:44	84	933.303	71.139	0	0	1	0	0	0	0	1	0	0	1	6
2013/09/19-11:42:09	84	933.303	71.139	1	0	0	0	0	0	1	1	0	0	1	4
2013/09/19-11:43:28	84	933.303	71.139	1	0	0	0	0	0	1	1	0	0	1	4
2013/09/19-11:52:47	84	933.303	71.139	1	0	0	0	1	0	1	1	0	0	1	4
2013/09/19-11:53:12	84	933.303	71.139	3	0	0	0	1	0	0	1	1	0	0	6
2013/09/19-11:53:37	84	933.303	71.139	0	0	0	0	0	0	0	1	1	0	0	6
2013/09/19-11:54:02	84	933.303	71.139	2	0	0	0	0	0	0	1	1	0	0	6
2013/09/19-11:54:27	84	933.303	71.139	1	0	0	0	0	0	1	1	0	0	1	3
2013/09/19-17:08:29	84	989.042	76.64	1	0	0	0	2	0	1	1	0	0	1	6
2013/09/19-17:08:54	84	989.042	76.64	1	0	0	0	0	0	1	1	0	0	1	3
2013/09/19-17:10:13	84	989.042	76.64	0	0	1	0	0	0	0	1	0	0	1	3
2013/09/19-17:10:38	84	989.042	76.64	2	0	0	0	0	0	1	1	0	0	1	6
2013/09/19-17:11:57	84	989.042	76.64	2	0	0	0	0	0	1	1	0	0	1	6
2013/09/19-17:24:12	84	989.042	76.64	1	0	0	0	0	0	1	1	0	0	1	5
2013/09/19-17:24:40	84	989.042	76.64	1	0	0	0	0	0	1	1	0	0	1	3
2013/09/19-17:25:05	84	989.042	76.64	1	0	1	0	0	0	0	1	0	0	1	3
2013/09/19-17:25:27	84	989.042	76.64	1	0	0	0	0	0	1	1	0	0	1	4
2013/09/19-17:26:02	84	989.042	76.64	1	0	0	0	0	0	1	1	0	0	1	5
2013/09/19-17:36:47	84	1,001.73	72.41	1	0	0	0	0	0	1	1	0	0	1	3
2013/09/19-17:37:12	84	1,001.73	72.41	1	0	0	0	1	0	1	1	0	0	1	3
2013/09/19-17:37:37	84	1,001.73	72.41	1	0	1	0	0	0	0	1	1	0	0	6
2013/09/19-17:38:02	84	1,001.73	72.41	0	0	1	0	0	0	0	1	0	0	1	6
2013/09/19-17:38:27	84	1,001.73	72.41	3	0	0	1	0	0	1	1	0	0	1	8
2013/09/19-21:23:05	84	994.879	78.01	0	0	1	0	0	0	0	1	0	0	1	6
2013/09/19-21:23:36	84	994.879	78.01	1	0	1	0	0	0	0	1	0	0	1	6
2013/09/19-21:24:13	84	994.879	78.01	2	0	0	0	2	0	1	1	0	0	1	6
2013/09/19-21:24:38	84	994.879	78.01	1	0	0	0	0	0	1	1	0	0	1	3
2013/09/19-21:25:08	84	994.879	78.01	2	0	0	0	0	0	1	1	0	0	1	6
2013/09/19-21:32:55	80	1,043.939	77.163	1	0	0	0	0	0	1	1	0	0	1	4
2013/09/19-21:33:18	80	1,043.939	77.163	2	0	0	0	0	0	1	1	0	0	1	6
2013/09/19-21:33:50	80	1,043.939	77.163	0	0	1	0	0	0	0	1	0	0	1	3
2013/09/19-21:34:15	80	1,043.939	77.163	1	0	0	0	0	0	1	1	0	0	1	3
2013/09/19-21:34:45	80	1,043.939	77.163	0	0	1	0	0	0	0	1	0	0	1	3
2013/09/19-21:43:20	80	1,043.939	77.163	0	0	1	0	0	0	0	1	0	0	1	6
2013/09/19-21:43:45	80	1,043.939	77.163	1	0	0	0	0	0	1	1	0	0	1	4
2013/09/19-21:44:10	80	1,043.939	77.163	3	0	0	1	0	0	0	1	1	0	0	6
2013/09/19-21:44:35	80	1,043.939	77.163	1	0	0	0	0	0	1	1	0	0	1	4
2013/09/19-21:45:00	80	1,043.939	77.163	2	0	0	0	0	0	0	1	1	0	0	6
2013/09/20-02:56:03	83	1,035.209	81.44	1	0	1	0	0	0	0	1	0	0	1	7
2013/09/20-02:57:02	83	1,035.209	81.44	1	0	0	0	0	0	1	1	0	0	1	10
2013/09/20-02:57:31	83	1,035.209	81.44	1	0	0	0	0	0	1	1	0	0	1	3
2013/09/20-02:58:50	83	1,035.209	81.44	3	0	0	0	2	0	0	1	1	0	0	16
2013/09/20-02:59:24	83	1,035.209	81.44	1	0	0	0	0	0	1	1	0	0	1	10
2013/09/20-03:03:00	83	1,035.209	81.44	1	0	0	0	0	0	1	1	0	0	1	3
2013/09/20-03:03:25	83	1,035.209	81.44	1	0	0	0	1	0	1	1	1	0	0	5
2013/09/20-03:03:49	83	1,035.209	81.44	5	0	0	0	0	0	1	1	0	0	1	21
2013/09/20-03:04:30	83	1,035.209	81.44	1	0	0	0	0	0	1	1	0	0	1	3
2013/09/20-03:04:55	83	1,035.209	81.44	1	0	1	0	0	0	0	1	0	0	1	6
2013/09/20-03:15:10	83	1,035.209	81.44	3	0	0	0	0	0	0	1	1	0	0	9
2013/09/20-03:15:38	83	1,035.209	81.44	0	0	1	0	0	0	0	1	1	0	0	6
2013/09/20-03:16:04	83	1,035.209	81.44	1	0	0	0	0	0	0	1	1	0	0	7
2013/09/20-03:16:29	83	1,035.209	81.44	1	0	0	0	0	0	1	1	0	0	1	3
2013/09/20-03:16:54	83	1,035.209	81.44	2	0	0	0	1	0	1	1	0	0	1	6
2013/09/20-07:53:28	79	1,110.227	86.582	1	0	0	0	0	0	1	1	0	0	1	4
2013/09/20-07:54:47	79	1,110.227	86.582	1	0	1	0	0	0	0	1	0	0	1	6
2013/09/20-07:56:06	79	1,110.227	86.582	1	0	1	0	0	0	0	1	0	0	1	4
2013/09/20-07:56:36	79	1,110.227	86.582	1	0	0	0	0	0	1	1	0	0	1	4
2013/09/20-07:57:12	79	1,110.227	86.582	1	0	0	0	0	0	1	1	0	0	1	3
2013/09/20-07:58:23	79	1,110.227	86.582	1	0	1	0	0	0	0	1	0	0	1	6
2013/09/20-07:58:50	79	1,110.227	86.582	1	0	0	0	1	0	1	1	0	0	1	4
2013/09/20-07:59:13	79	1,110.227	86.582	1	0	1	0	0	0	0	1	0	0	1	6
2013/09/20-07:59:53	79	1,110.227	86.582	1	0	0	0	0	0	1	1	0	0	1	3
2013/09/20-08:00:35	79	1,110.227	86.582	2	0	0	0	0	0	1	1	0	0	1	6
2013/09/20-08:16:00	79	1,110.227	86.582	1	0	1	0	0	0	0	1	0	0	1	6
2013/09/20-08:16:25	79	1,110.227	86.582	1	0	1	0	0	0	0	1	0	0	1	7
2013/09/20-08:16:51	79	1,110.227	86.582	1	0	0	0	1	0	1	1	1	0	0	4
2013/09/20-08:17:14	79	1,110.227	86.582	1	0	0	0	1	0	1	1	0	0	1	4
2013/09/20-08:17:37	79	1,110.227	86.582	1	0	0	0	0	0	1	1	0	0	1	3
2013/09/20-11:51:25	77	1,149.965	88.337	1	0	0	0	0	0	1	1	0	0	1	3
2013/09/20-11:52:44	77	1,149.965	88.337	1	0	0	0	0	0	1	1	0	0	1	7
2013/09/20-11:53:34	77	1,149.965	88.337	1	0	1	0	0	0	0	1	0	0	1	4
2013/09/20-11:54:53	77	1,149.965	88.337	1	0	1	0	0	0	0	1	0	0	1	5
2013/09/20-11:56:12	77	1,149.965	88.337	1	0	0	0	0	0	1	1	0	0	1	5
2013/09/20-12:14:43	77	1,149.965	88.337	0	0	1	0	0	0	0	1	0	0	1	4
2013/09/20-12:15:46	77	1,149.965	88.337	1	0	1	0	0	0	0	1	0	0	1	8
2013/09/20-12:16:59	77	1,149.965	88.337	1	0	0	0	0	0	1	1	0	0	1	9
2013/09/20-12:18:06	77	1,149.965	88.337	9	0	0	6	1	0	1	1	0	0	1	31
2013/09/20-12:18:57	77	1,149.965	88.337	1	0	0	0	0	0	1	1	0	0	1	3
2013/09/20-12:27:09	77	1,145.433	81.223	1	0	0	0	1	0	1	1	0	0	1	3
2013/09/20-12:27:34	77	1,145.433	81.223	1	0	0	0	0	0	1	1	0	0	1	2
2013/09/20-12:28:00	77	1,145.433	81.223	1	0	0	0	0	0	1	1	0	0	1	3
2013/09/20-12:28:25	77	1,145.433	81.223	2	0	0	0	1	0	1	1	1	0	0	6
2013/09/20-12:28:51	77	1,145.433	81.223	1	0	1	0	0	0	0	1	0	1	0	6
2013/09/20-18:09:29	78	1,121.546	85.199	1	0	0	0	0	0	1	1	0	0	1	4
2013/09/20-18:10:00	78	1,121.546	85.199	1	0	0	0	0	0	1	1	0	0	1	3
2013/09/20-18:10:28	78	1,121.546	85.199	1	0	1	0	0	0	0	1	0	0	1	4
2013/09/20-18:11:10	78	1,121.546	85.199	1	0	1	0	1	0	0	1	0	0	1	4
2013/09/20-18:11:33	78	1,121.546	85.199	1	0	1	0	0	0	0	1	0	0	1	4
2013/09/20-18:12:22	78	1,121.546	85.199	0	0	1	0	0	0	0	1	0	0	1	5
2013/09/20-18:13:09	77	1,133.825	81.217	5	0	1	1	0	0	0	1	0	0	1	18
2013/09/20-18:13:46	77	1,133.825	81.217	1	0	0	0	0	0	1	1	0	0	1	4
2013/09/20-18:14:50	77	1,133.825	81.217	1	0	0	0	1	0	1	1	0	0	1	4
2013/09/20-18:15:35	77	1,133.825	81.217	1	0	1	0	0	0	0	1	0	0	1	7
2013/09/20-18:28:34	77	1,133.825	81.217	2	0	0	0	1	0	1	1	0	0	1	6
2013/09/20-18:29:00	77	1,133.825	81.217	2	0	0	1	0	0	0	1	1	0	0	6
2013/09/20-18:29:25	77	1,133.825	81.217	1	0	0	0	1	0	1	1	0	0	1	3
2013/09/20-18:29:50	77	1,133.825	81.217	1	0	0	0	0	0	1	1	0	0	1	3
2013/09/20-18:30:16	77	1,133.825	81.217	3	0	0	0	2	0	0	1	1	0	0	9
2013/09/20-20:23:37	77	1,147.461	78.065	2	0	0	0	0	0	1	1	0	0	1	6
2013/09/20-20:24:03	77	1,147.461	78.065	4	0	0	2	0	0	1	1	0	0	1	13
2013/09/20-20:24:34	77	1,147.461	78.065	0	0	1	0	0	0	0	1	0	0	1	5
2013/09/20-20:25:05	77	1,147.461	78.065	0	0	1	0	0	0	0	1	0	0	1	3
2013/09/20-20:25:41	77	1,147.461	78.065	1	0	0	0	1	0	1	1	0	0	1	4
2013/09/20-20:31:07	77	1,147.461	78.065	1	0	0	0	0	0	0	1	1	0	0	6
2013/09/20-20:31:32	77	1,126.298	71.673	1	0	0	0	0	0	0	1	1	0	0	6
2013/09/20-20:31:57	77	1,126.298	71.673	2	0	0	0	0	0	0	1	1	0	0	6
2013/09/20-20:32:22	77	1,126.298	71.673	3	0	0	0	1	0	0	1	1	0	0	6
2013/09/20-20:32:47	77	1,126.298	71.673	1	0	0	0	0	0	1	1	0	0	1	3
2013/09/20-20:45:00	77	1,126.298	71.673	1	0	0	0	1	0	1	1	1	0	0	6
2013/09/20-20:45:25	77	1,126.298	71.673	7	0	0	1	1	0	0	1	1	0	0	22
2013/09/20-20:46:06	77	1,126.298	71.673	1	0	0	0	1	0	1	1	0	0	1	3
2013/09/20-20:46:31	77	1,126.298	71.673	1	0	1	0	0	0	0	1	0	0	1	7
2013/09/20-20:46:59	77	1,126.298	71.673	2	0	0	5	0	0	0	1	1	0	0	9
