2013/09/05-21:51:15	0	0	0	3	0	1	0	0	0	0	1	0	0	1	8
2013/10/20-21:19:41	0	0	0	3	0	1	2	1	0	0	1	0	0	1	18
2013/10/20-21:21:09	0	0	0	17	0	0	0	0	0	0	1	1	0	0	48
2013/10/20-21:22:12	0	0	0	31	0	0	6	0	0	0	1	1	0	0	60
2013/10/20-21:23:33	0	0	0	21	0	0	1	2	0	0	1	1	0	0	52
2013/10/20-21:24:39	0	0	0	2	0	0	0	1	0	0	1	1	0	0	7
2013/10/20-21:25:00	0	0	0	16	0	0	22	0	0	1	1	0	0	1	39
2013/10/20-21:25:53	0	0	0	3	0	1	0	0	0	0	1	0	0	1	16
2013/10/20-21:26:41	0	0	0	0	0	1	0	0	0	0	1	0	0	1	3
2013/10/20-21:26:57	0	0	0	3	0	0	1	1	0	0	1	1	0	0	14
2013/10/20-21:27:23	0	0	0	1	0	0	1	2	0	1	1	0	0	1	4
2013/10/20-21:27:42	0	0	0	3	0	1	0	0	0	0	1	0	0	1	5
2013/10/20-21:28:26	0	0	0	1	0	1	0	1	0	0	1	0	0	1	5
2013/10/20-21:29:02	0	0	0	5	0	0	5	3	0	0	1	1	0	0	45
2013/10/20-21:30:00	0	0	0	8	0	0	18	0	0	0	1	1	0	0	60
2013/10/20-21:31:15	0	0	0	1	0	1	1	1	0	0	1	0	0	1	11
2013/10/20-22:04:29	0	0	0	8	0	0	0	1	0	0	1	1	0	0	20
2013/10/20-22:05:01	0	0	0	0	0	1	0	0	0	0	1	0	1	0	2
2013/12/25-20:09:03	0	0	0	0	0	1	0	0	0	0	1	0	0	1	33
2013/12/25-20:09:54	0	0	0	0	0	1	0	0	0	0	1	0	0	1	24
2013/12/25-20:10:37	0	0	0	0	0	1	0	0	0	0	1	0	0	1	12
2013/12/25-20:11:08	0	0	0	0	0	1	0	0	0	0	1	0	0	1	12
2013/12/25-20:11:39	0	0	0	0	0	1	0	0	0	0	1	0	0	1	20
2013/12/25-20:12:17	0	0	0	0	0	1	0	0	0	0	1	0	0	1	20
2013/12/25-20:12:55	0	0	0	0	0	1	0	0	0	0	1	0	0	1	32
2013/12/25-20:13:46	0	0	0	0	0	1	0	0	0	0	1	0	0	1	33
2013/12/25-20:14:37	0	0	0	0	0	1	0	0	0	0	1	0	0	1	16
2013/12/25-20:15:12	0	0	0	0	0	1	0	0	0	0	1	0	0	1	16
2013/12/25-20:15:46	0	0	0	0	0	1	0	0	0	0	1	0	0	1	20
2013/12/25-20:16:25	0	0	0	0	0	1	0	0	0	0	1	0	0	1	24
2013/12/25-20:17:07	0	0	0	0	0	1	0	0	0	0	1	0	0	1	24
2013/12/25-20:17:50	0	0	0	0	0	1	0	0	0	0	1	0	0	1	24
2013/12/25-20:18:32	0	0	0	0	0	1	0	0	0	0	1	0	0	1	4
2013/12/25-20:18:54	0	0	0	0	0	1	0	0	0	0	1	0	0	1	4
2013/12/25-21:09:40	0	0	0	0	0	1	0	0	0	0	1	0	0	1	40
2013/12/25-21:10:34	0	0	0	0	0	1	0	0	0	0	1	0	0	1	34
2013/12/25-21:11:24	0	0	0	0	0	1	0	0	0	0	1	0	0	1	11
2013/12/25-21:11:53	0	0	0	0	0	1	0	0	0	0	1	0	0	1	11
2013/12/25-21:12:22	0	0	0	0	0	1	0	0	0	0	1	0	0	1	23
2013/12/25-21:13:04	0	0	0	0	0	1	0	0	0	0	1	0	0	1	25
2013/12/25-21:13:47	0	0	0	0	0	0	0	0	0	0	1	1	0	0	23
2013/12/25-21:14:28	0	0	0	0	0	0	0	0	0	0	1	1	0	0	18
2013/12/25-21:15:05	0	0	0	0	0	1	0	0	0	0	1	0	0	1	14
2013/12/25-21:15:37	0	0	0	0	0	1	0	0	0	0	1	0	0	1	14
2013/12/25-21:16:09	0	0	0	0	0	1	0	0	0	0	1	0	0	1	27
2013/12/25-21:16:55	0	0	0	0	0	1	0	0	0	0	1	0	0	1	23
2013/12/25-21:17:36	0	0	0	0	0	1	0	0	0	0	1	0	0	1	27
2013/12/25-21:18:22	0	0	0	0	0	1	0	0	0	0	1	0	0	1	28
2013/12/25-21:19:08	0	0	0	0	0	1	0	0	0	0	1	0	0	1	4
2013/12/25-21:19:31	0	0	0	0	0	1	0	0	0	0	1	0	0	1	4
2013/12/25-22:02:01	0	0	0	0	0	1	0	0	0	0	1	0	0	1	20
2013/12/25-22:02:39	0	0	0	0	0	1	0	0	0	0	1	0	0	1	53
2013/12/25-22:03:50	0	0	0	0	0	1	0	0	0	0	1	0	0	1	11
2013/12/25-22:04:20	0	0	0	0	0	1	0	0	0	0	1	0	0	1	11
2013/12/25-22:04:50	0	0	0	0	0	1	0	0	0	0	1	0	0	1	19
2013/12/25-22:05:27	0	0	0	0	0	1	0	0	0	0	1	0	0	1	19
2013/12/25-22:06:05	0	0	0	0	0	1	0	0	0	0	1	0	0	1	39
2013/12/25-22:07:02	0	0	0	0	0	1	0	0	0	0	1	0	0	1	34
2013/12/25-22:07:54	0	0	0	0	0	1	0	0	0	0	1	0	0	1	17
2013/12/25-22:08:30	0	0	0	0	0	1	0	0	0	0	1	0	0	1	19
2013/12/25-22:09:07	0	0	0	0	0	1	0	0	0	0	1	0	0	1	21
2013/12/25-22:09:47	0	0	0	0	0	1	0	0	0	0	1	0	0	1	24
2013/12/25-22:10:29	0	0	0	0	0	1	0	0	0	0	1	0	0	1	25
2013/12/25-22:11:12	0	0	0	0	0	1	0	0	0	0	1	0	0	1	22
2013/12/25-22:11:53	0	0	0	0	0	1	0	0	0	0	1	0	0	1	4
2013/12/25-22:12:15	0	0	0	0	0	1	0	0	0	0	1	0	0	1	4
2013/12/25-23:02:36	0	0	0	0	0	0	0	0	0	0	1	1	0	0	15
2013/12/25-23:03:07	0	0	0	0	0	1	0	0	0	0	1	0	0	1	36
2013/12/25-23:04:00	0	0	0	0	0	1	0	0	0	0	1	0	0	1	18
2013/12/25-23:04:34	0	0	0	0	0	1	0	0	0	0	1	0	0	1	14
2013/12/25-23:05:02	0	0	0	0	0	1	0	0	0	0	1	0	0	1	24
2013/12/25-23:05:42	0	0	0	0	0	1	0	0	0	0	1	0	0	1	24
2013/12/25-23:06:24	0	0	0	0	0	1	0	0	0	0	1	0	1	0	38
2013/12/25-23:07:20	0	0	0	0	0	0	0	0	0	0	1	0	1	0	45
2013/12/25-23:08:24	0	0	0	0	0	1	0	0	0	0	1	0	0	1	24
2013/12/25-23:09:06	0	0	0	0	0	1	0	0	0	0	1	0	0	1	21
2013/12/25-23:09:46	0	0	0	0	0	1	0	0	0	0	1	0	0	1	29
2013/12/25-23:10:34	0	0	0	0	0	1	0	0	0	0	1	0	0	1	27
2013/12/25-23:11:19	0	0	0	0	0	1	0	0	0	0	1	0	0	1	23
2013/12/25-23:12:00	0	0	0	0	0	1	0	0	0	0	1	0	0	1	23
2013/12/25-23:12:41	0	0	0	0	0	1	0	0	0	0	1	0	0	1	4
2013/12/25-23:13:04	0	0	0	0	0	1	0	0	0	0	1	0	0	1	4
2013/12/26-07:32:26	0	0	0	0	0	1	0	0	0	0	1	0	0	1	32
2013/12/26-07:33:21	0	0	0	0	0	1	0	0	0	0	1	0	0	1	26
2013/12/26-07:34:06	0	0	0	0	0	1	0	0	0	0	1	0	0	1	11
2013/12/26-07:34:36	0	0	0	0	0	1	0	0	0	0	1	0	0	1	11
2013/12/26-07:35:05	0	0	0	0	0	1	0	0	0	0	1	0	0	1	19
2013/12/26-07:35:42	0	0	0	0	0	1	0	0	0	0	1	0	0	1	19
2013/12/26-07:36:20	0	0	0	0	0	1	0	0	0	0	1	0	0	1	31
2013/12/26-07:37:09	0	0	0	0	0	1	0	0	0	0	1	0	0	1	27
2013/12/26-07:37:55	0	0	0	0	0	1	0	0	0	0	1	0	0	1	13
2013/12/26-07:38:26	0	0	0	0	0	1	0	0	0	0	1	0	0	1	15
2013/12/26-07:38:59	0	0	0	0	0	1	0	0	0	0	1	0	0	1	26
2013/12/26-07:39:43	0	0	0	0	0	1	0	0	0	0	1	0	0	1	26
2013/12/26-07:40:27	0	0	0	0	0	1	0	0	0	0	1	0	0	1	22
2013/12/26-07:41:08	0	0	0	0	0	1	0	0	0	0	1	0	0	1	22
2013/12/26-07:41:48	0	0	0	0	0	1	0	0	0	0	1	0	0	1	4
2013/12/26-07:42:10	0	0	0	0	0	1	0	0	0	0	1	0	0	1	4
2013/12/26-08:37:46	0	0	0	0	0	1	0	0	0	0	1	0	0	1	28
2013/12/26-08:38:34	0	0	0	0	0	0	0	0	0	0	1	0	1	0	60
2013/12/26-08:39:53	0	0	0	0	0	0	0	0	0	0	1	0	1	0	30
2013/12/26-08:40:42	0	0	0	0	0	0	0	0	0	0	1	0	1	0	30
2013/12/26-08:41:30	0	0	0	0	0	0	0	0	0	0	1	0	1	0	30
2013/12/26-08:42:19	0	0	0	0	0	0	0	0	0	0	1	0	1	0	30
2013/12/26-08:43:50	0	0	0	0	0	0	0	0	0	0	1	0	1	0	45
2013/12/26-08:57:24	0	0	0	0	0	1	0	0	0	0	1	0	0	1	23
2013/12/26-08:58:06	0	0	0	0	0	0	0	0	0	0	1	0	1	0	60
2013/12/26-08:59:22	0	0	0	0	0	0	0	0	0	0	1	0	1	0	30
2013/12/26-09:00:08	0	0	0	0	0	0	0	0	0	0	1	0	1	0	30
2013/12/26-09:00:55	0	0	0	0	0	0	0	0	0	0	1	0	1	0	30
2013/12/26-09:01:43	0	0	0	0	0	0	0	0	0	0	1	0	1	0	30
2013/12/26-09:02:32	0	0	0	0	0	0	0	0	0	0	1	0	1	0	45
2013/12/26-09:03:35	0	0	0	0	0	0	0	0	0	0	1	0	1	0	45
2013/12/26-09:04:39	0	0	0	0	0	0	0	0	0	0	1	0	1	0	60
2013/12/26-09:05:58	0	0	0	0	0	0	0	0	0	0	1	0	1	0	60
2013/12/26-09:07:16	0	0	0	0	0	1	0	0	0	0	1	0	0	1	25
2013/12/26-09:08:00	0	0	0	0	0	1	0	0	0	0	1	0	0	1	25
2013/12/26-09:08:43	0	0	0	0	0	1	0	0	0	0	1	0	0	1	24
2013/12/26-09:09:26	0	0	0	0	0	1	0	0	0	0	1	0	0	1	25
2013/12/26-09:10:10	0	0	0	0	0	1	0	0	0	0	1	0	0	1	4
2013/12/26-09:10:32	0	0	0	0	0	1	0	0	0	0	1	0	0	1	4
2013/12/26-09:31:47	0	0	0	0	0	1	0	0	0	0	1	0	0	1	33
2013/12/26-09:32:40	0	0	0	0	0	1	0	0	0	0	1	0	0	1	32
2013/12/26-09:33:30	0	0	0	0	0	1	0	0	0	0	1	0	0	1	13
2013/12/26-09:34:02	0	0	0	0	0	1	0	0	0	0	1	0	0	1	13
2013/12/26-09:34:34	0	0	0	0	0	1	0	0	0	0	1	0	0	1	19
2013/12/26-09:35:11	0	0	0	0	0	1	0	0	0	0	1	0	0	1	19
2013/12/26-09:35:49	0	0	0	0	0	1	0	0	0	0	1	0	0	1	32
2013/12/26-09:36:39	0	0	0	0	0	1	0	0	0	0	1	0	0	1	36
2013/12/26-09:37:33	0	0	0	0	0	1	0	0	0	0	1	0	0	1	13
2013/12/26-09:38:05	0	0	0	0	0	1	0	0	0	0	1	0	0	1	13
2013/12/26-09:38:37	0	0	0	0	0	1	0	0	0	0	1	0	0	1	26
2013/12/26-09:39:21	0	0	0	0	0	1	0	0	0	0	1	0	0	1	23
2013/12/26-09:40:02	0	0	0	0	0	1	0	0	0	0	1	0	0	1	26
2013/12/26-09:40:47	0	0	0	0	0	1	0	0	0	0	1	0	0	1	28
2013/12/26-09:41:34	0	0	0	0	0	1	0	0	0	0	1	0	0	1	13
2013/12/26-09:42:05	0	0	0	0	0	1	0	0	0	0	1	0	0	1	13
2013/12/26-10:28:22	0	0	0	0	0	0	0	0	0	0	1	1	0	0	31
2013/12/26-10:29:08	0	0	0	0	0	0	0	0	0	0	1	1	0	0	19
2013/12/26-10:29:46	0	0	0	0	0	1	0	0	0	0	1	0	0	1	13
2013/12/26-10:30:18	0	0	0	0	0	1	0	0	0	0	1	0	0	1	13
2013/12/26-10:30:50	0	0	0	0	0	1	0	0	0	0	1	0	0	1	26
2013/12/26-10:31:34	0	0	0	0	0	1	0	0	0	0	1	0	0	1	23
2013/12/26-10:32:15	0	0	0	0	0	1	0	0	0	0	1	0	0	1	39
2013/12/26-10:33:13	0	0	0	0	0	0	0	0	0	0	1	0	1	0	45
2013/12/26-10:34:16	0	0	0	0	0	1	0	0	0	0	1	0	0	1	17
2013/12/26-10:34:52	0	0	0	0	0	1	0	0	0	0	1	0	0	1	16
2013/12/26-10:35:27	0	0	0	0	0	0	0	0	0	0	1	0	1	0	30
2013/12/26-10:36:15	0	0	0	0	0	1	0	0	0	0	1	0	0	1	26
2013/12/26-10:37:00	0	0	0	0	0	1	0	0	0	0	1	0	0	1	24
2013/12/26-10:37:43	0	0	0	0	0	1	0	0	0	0	1	0	0	1	24
2013/12/26-10:38:26	0	0	0	0	0	1	0	0	0	0	1	0	0	1	5
2013/12/26-10:38:50	0	0	0	0	0	1	0	0	0	0	1	0	0	1	9
2013/12/26-11:24:43	0	0	0	0	0	1	0	0	0	0	1	0	0	1	31
2013/12/26-11:25:29	0	0	0	0	0	1	0	0	0	0	1	0	0	1	30
2013/12/26-11:26:18	0	0	0	0	0	1	0	0	0	0	1	0	0	1	11
2013/12/26-11:26:47	0	0	0	0	0	1	0	0	0	0	1	0	0	1	11
2013/12/26-11:27:16	0	0	0	0	0	1	0	0	0	0	1	0	0	1	19
2013/12/26-11:27:54	0	0	0	0	0	1	0	0	0	0	1	0	0	1	19
2013/12/26-11:28:32	0	0	0	0	0	1	0	0	0	0	1	0	0	1	27
2013/12/26-11:29:18	0	0	0	0	0	1	0	0	0	0	1	0	0	1	27
2013/12/26-11:30:03	0	0	0	0	0	1	0	0	0	0	1	0	0	1	13
2013/12/26-11:30:34	0	0	0	0	0	1	0	0	0	0	1	0	0	1	13
2013/12/26-11:31:06	0	0	0	0	0	1	0	0	0	0	1	0	0	1	26
2013/12/26-11:31:51	0	0	0	0	0	0	0	0	0	0	1	0	1	0	30
2013/12/26-11:32:39	0	0	0	0	0	0	0	0	0	0	1	0	1	0	30
2013/12/26-11:33:28	0	0	0	0	0	1	0	0	0	0	1	0	0	1	29
2013/12/26-11:34:15	0	0	0	0	0	1	0	0	0	0	1	0	0	1	4
2013/12/26-11:34:38	0	0	0	0	0	1	0	0	0	0	1	0	0	1	4
2013/12/26-16:22:51	0	0	0	0	0	1	0	0	0	0	1	0	0	1	39
2013/12/26-16:23:54	0	0	0	0	0	1	0	0	0	0	1	0	0	1	34
2013/12/26-16:24:45	0	0	0	0	0	1	0	0	0	0	1	0	0	1	15
2013/12/26-16:25:19	0	0	0	0	0	1	0	0	0	0	1	0	0	1	10
2013/12/26-16:25:48	0	0	0	0	0	1	0	0	0	0	1	0	0	1	24
2013/12/26-16:26:30	0	0	0	0	0	1	0	0	0	0	1	0	0	1	24
2013/12/26-16:27:11	0	0	0	0	0	1	0	0	0	0	1	0	1	0	26
2013/12/26-16:27:56	0	0	0	0	0	1	0	0	0	0	1	0	1	0	35
2013/12/26-16:28:49	0	0	0	0	0	1	0	0	0	0	1	0	0	1	19
2013/12/26-16:29:26	0	0	0	0	0	1	0	0	0	0	1	0	0	1	24
2013/12/26-16:30:08	0	0	0	0	0	1	0	0	0	0	1	0	0	1	21
2013/12/26-16:30:47	0	0	0	0	0	1	0	0	0	0	1	0	0	1	21
2013/12/26-16:31:27	0	0	0	0	0	1	0	0	0	0	1	0	0	1	23
2013/12/26-16:32:08	0	0	0	0	0	0	0	0	0	0	1	0	1	0	30
2013/12/26-16:32:56	0	0	0	0	0	0	2	0	0	0	1	0	1	0	30
2013/12/26-16:33:40	0	0	0	0	0	0	1	0	0	0	1	0	1	0	30
2013/12/26-17:11:25	0	0	0	0	0	1	0	0	0	0	1	0	0	1	46
2013/12/26-17:12:27	0	0	0	0	0	1	0	0	0	0	1	0	0	1	35
2013/12/26-17:13:20	0	0	0	0	0	1	0	0	0	0	1	0	0	1	11
2013/12/26-17:13:49	0	0	0	0	0	1	0	0	0	0	1	0	0	1	11
2013/12/26-17:14:18	0	0	0	0	0	1	0	0	0	0	1	0	0	1	19
2013/12/26-17:14:55	0	0	0	0	0	1	0	0	0	0	1	0	0	1	19
2013/12/26-17:15:32	0	0	0	0	0	1	0	0	0	0	1	0	0	1	30
2013/12/26-17:16:21	0	0	0	0	0	1	0	0	0	0	1	0	0	1	31
2013/12/26-17:17:10	0	0	0	0	0	0	0	0	0	0	1	0	1	0	60
2013/12/26-17:18:28	0	0	0	0	0	0	0	0	0	0	1	0	1	0	60
2013/12/26-17:19:46	0	0	0	0	0	1	0	0	0	0	1	0	0	1	27
2013/12/26-17:20:31	0	0	0	0	0	1	0	0	0	0	1	0	0	1	28
2013/12/26-17:21:17	0	0	0	0	0	0	0	0	0	0	1	0	1	0	30
2013/12/26-17:22:05	0	0	0	0	0	0	0	0	0	0	1	0	1	0	30
2013/12/26-17:22:53	0	0	0	0	0	1	0	0	0	0	1	0	0	1	4
2013/12/26-17:23:15	0	0	0	0	0	1	0	0	0	0	1	0	0	1	4
2013/12/29-15:37:26	0	0	0	2	0	1	1	0	0	0	1	0	0	1	37
2013/12/29-15:40:33	0	0	0	9	0	0	7	0	0	0	1	1	0	0	40
2013/12/29-15:41:30	0	0	0	0	0	0	0	0	0	0	1	0	1	0	0
2013/12/29-15:41:41	0	0	0	3	0	0	3	0	0	0	1	1	0	0	34
2013/12/29-15:42:37	0	0	0	5	0	0	4	0	0	1	1	0	0	1	28
2013/12/29-15:43:15	0	0	0	1	0	0	0	0	0	1	1	0	0	1	5
2013/12/29-15:43:35	0	0	0	0	0	1	0	0	0	0	1	0	0	1	43
2013/12/29-15:44:36	0	0	0	0	0	1	0	0	0	0	1	0	0	1	13
2013/12/29-15:45:08	0	0	0	0	0	0	0	0	0	0	1	0	1	0	0
2013/12/29-15:45:32	0	0	0	3	0	0	2	0	0	0	1	1	0	0	15
2013/12/29-15:45:58	0	0	0	1	0	1	0	0	0	0	1	0	0	1	11
2013/12/29-15:46:24	0	0	0	0	0	0	0	0	0	0	1	1	0	0	33
2013/12/29-15:47:18	0	0	0	0	0	1	0	0	0	0	1	0	0	1	5
2013/12/29-15:47:42	0	0	0	9	0	0	4	0	0	0	1	1	0	0	19
2013/12/29-15:48:13	0	0	0	3	0	0	5	1	0	0	1	1	0	0	35
2013/12/29-15:49:11	0	0	0	4	0	1	6	0	0	0	1	0	0	1	24
2013/12/29-15:49:45	0	0	0	3	0	0	1	0	0	0	1	1	0	0	22
2013/12/29-15:50:30	0	0	0	0	0	0	0	0	0	0	1	0	1	0	0
2013/12/29-15:50:38	0	0	0	1	0	0	0	1	0	0	1	1	0	0	8
2013/12/29-15:50:57	0	0	0	0	0	0	0	0	0	0	1	0	1	0	0
2013/12/29-15:51:04	0	0	0	0	0	1	5	0	0	0	1	0	0	1	23
2013/12/29-15:51:42	0	0	0	0	0	0	0	0	0	0	1	0	1	0	0
2013/12/29-15:51:53	0	0	0	3	0	0	3	0	0	1	1	0	0	1	24
2013/12/29-15:53:01	0	0	0	9	0	0	6	0	0	1	1	0	0	1	24
2013/12/29-15:53:41	0	0	0	0	0	1	4	0	0	0	1	0	0	1	19
2013/12/29-15:54:26	0	0	0	7	0	0	7	1	0	0	1	1	0	0	33
2013/12/29-15:56:05	0	0	0	1	0	1	2	0	0	0	1	0	0	1	45
2013/12/29-15:57:06	0	0	0	1	0	0	0	0	0	0	1	1	0	0	7
2013/12/29-15:57:32	0	0	0	0	0	0	0	0	0	0	1	1	0	0	41
2013/12/29-15:58:31	0	0	0	1	0	0	0	0	0	0	1	1	0	0	3
2013/12/29-15:58:53	0	0	0	0	0	0	0	0	0	0	1	1	0	0	26
2013/12/29-15:59:38	0	0	0	0	0	1	0	0	0	0	1	0	0	1	4
2013/12/29-16:00:05	0	0	0	10	0	0	8	0	0	0	1	1	0	0	70
2013/12/29-16:01:31	0	0	0	5	0	0	5	1	0	0	1	1	0	0	31
2013/12/29-16:05:01	0	0	0	4	0	0	3	0	0	0	1	1	0	0	17
2013/12/29-16:05:34	0	0	0	0	0	1	9	0	0	0	1	0	0	1	25
2013/12/29-16:15:16	0	0	0	8	0	0	7	0	0	0	1	1	0	0	76
2013/12/29-16:16:46	0	0	0	3	0	0	3	0	0	0	1	1	0	0	34
2013/12/29-16:21:06	0	0	0	4	0	1	5	0	0	0	1	0	0	1	21
2013/12/29-16:21:40	0	0	0	0	0	0	5	0	0	0	1	0	1	0	26
2013/12/29-16:22:55	0	0	0	16	0	0	12	1	0	0	1	1	0	0	40
2013/12/29-16:23:50	0	0	0	3	0	0	3	0	0	0	1	1	0	0	20
2013/12/29-16:27:13	0	0	0	10	0	1	7	0	0	0	1	0	0	1	34
2013/12/29-16:27:59	0	0	0	3	0	1	2	0	0	0	1	0	0	1	25
2013/12/29-16:28:36	0	0	0	13	0	0	12	0	0	0	1	1	0	0	33
2013/12/29-16:29:27	0	0	0	1	0	1	1	0	0	0	1	0	1	0	27
2014/01/02-18:53:57	0	0	0	6	0	0	0	1	0	0	1	1	0	0	21
2014/01/04-18:31:19	0	0	0	1	0	0	1	0	0	0	1	0	1	0	71
2014/01/05-10:37:35	0	0	0	1	0	0	0	1	0	0	1	1	0	0	4
2014/01/14-22:38:10	0	0	0	5	0	0	23	0	0	0	1	1	0	0	66
2014/01/14-22:40:02	0	0	0	3	0	0	27	0	0	0	1	1	0	0	61
2014/01/14-22:45:42	0	0	0	7	0	1	13	0	0	0	1	0	0	1	47
2014/01/16-18:04:17	0	0	0	4	0	0	0	0	0	0	1	1	0	0	81
2014/01/16-18:06:41	0	0	0	5	0	0	0	0	0	0	1	0	1	0	31
2014/02/09-22:48:14	0	0	0	31	0	0	5	2	0	0	1	1	0	0	85
2014/02/09-22:50:40	0	0	0	0	0	1	0	0	0	0	1	0	0	1	11
2014/02/09-22:51:11	0	0	0	8	0	0	17	0	0	1	1	0	0	1	31
2014/02/09-22:52:24	0	0	0	11	0	0	11	0	0	1	1	0	0	1	54
2014/02/09-22:54:28	0	0	0	4	0	1	2	0	0	0	1	0	0	1	22
2014/02/09-22:55:45	0	0	0	1	0	1	0	0	0	0	1	0	0	1	5
2014/02/09-22:57:33	0	0	0	12	0	0	2	0	0	0	1	1	0	0	39
2014/02/09-22:58:33	0	0	0	1	0	1	1	2	0	0	1	0	0	1	7
2014/02/09-22:59:20	0	0	0	1	0	0	0	1	0	1	1	0	0	1	8
2014/02/09-23:00:38	0	0	0	8	0	1	3	0	0	0	1	0	0	1	69
2014/02/09-23:04:33	0	0	0	5	0	0	1	0	0	0	1	1	0	0	30
2014/02/09-23:05:28	0	0	0	1	0	1	0	0	0	0	1	0	0	1	6
2014/02/09-23:05:55	0	0	0	16	0	0	21	0	0	0	1	1	0	0	81
2014/02/09-23:07:37	0	0	0	19	0	1	5	0	0	0	1	0	0	1	57
2014/02/09-23:10:14	0	0	0	8	0	0	4	1	0	0	1	1	0	0	34
2014/02/09-23:11:11	0	0	0	2	0	0	0	0	0	1	1	0	0	1	36
2014/02/09-23:15:40	0	0	0	39	0	0	19	2	0	0	1	1	0	0	77
2014/02/09-23:17:25	0	0	0	0	0	1	0	0	0	0	1	0	0	1	2
