2013/12/26-09:31:47	61	1,500	350.155	7	0	0	6	1	0	0	1	1	0	0	33
2013/12/26-09:32:40	61	1,500	350.155	7	0	0	6	1	0	0	1	1	0	0	32
2013/12/26-09:33:30	61	1,500	350.155	2	0	0	0	1	0	0	1	1	0	0	13
2013/12/26-09:34:02	61	1,500	350.155	3	0	0	0	1	0	0	1	1	0	0	13
2013/12/26-09:34:34	61	1,500	350.155	7	0	0	0	1	0	0	1	1	0	0	19
2013/12/26-09:35:11	61	1,500	350.155	4	0	0	0	1	0	0	1	1	0	0	19
2013/12/26-09:35:49	61	1,500	350.155	7	0	0	3	1	0	0	1	1	0	0	32
2013/12/26-09:36:39	61	1,500	350.155	7	0	0	3	1	0	0	1	1	0	0	36
2013/12/26-09:37:33	61	1,500	350.155	3	0	0	0	1	0	0	1	1	0	0	13
2013/12/26-09:38:05	61	1,500	350.155	3	0	0	0	1	0	0	1	1	0	0	13
2013/12/26-09:38:37	61	1,500	350.155	5	0	0	0	1	0	0	1	1	0	0	26
2013/12/26-09:39:21	61	1,500	350.155	4	0	0	0	1	0	0	1	1	0	0	23
2013/12/26-09:40:02	61	1,500	350.155	5	0	0	0	1	0	0	1	1	0	0	26
2013/12/26-09:40:47	61	1,500	350.155	5	0	0	0	1	0	0	1	1	0	0	28
2013/12/26-09:41:34	61	1,500	350.155	2	0	0	2	1	0	0	1	1	0	0	13
2013/12/26-09:42:05	61	1,500	350.155	1	0	0	1	1	0	0	1	1	0	0	13
2013/12/26-09:48:04	61	1,500	350.155	8	0	0	7	1	0	0	1	1	0	0	28
2013/12/26-09:48:47	61	1,500	350.155	11	0	0	5	1	0	1	1	0	1	0	36
2013/12/26-09:49:41	61	1,500	350.155	2	0	0	0	1	0	0	1	1	0	0	15
2013/12/26-09:50:15	61	1,500	350.155	2	0	0	0	1	0	0	1	1	0	0	14
2013/12/26-09:50:48	61	1,500	350.155	7	0	0	0	1	0	0	1	1	0	0	27
2013/12/26-09:51:33	61	1,500	350.155	5	0	0	0	0	0	0	1	0	1	0	30
2013/12/26-09:52:21	61	1,500	350.155	8	0	0	0	1	0	0	1	1	0	0	34
2013/12/26-09:53:13	61	1,500	350.155	8	0	0	1	1	0	0	1	1	0	0	38
2013/12/26-09:54:10	61	1,500	350.155	3	0	0	0	1	0	0	1	1	0	0	16
2013/12/26-09:54:45	61	1,500	350.155	12	0	0	0	0	0	0	1	0	1	0	60
2013/12/26-09:56:03	61	1,500	350.155	5	0	0	0	1	0	0	1	1	0	0	28
2013/12/26-09:56:50	61	1,500	350.155	5	0	0	0	1	0	0	1	1	0	0	30
2013/12/26-09:57:38	61	1,500	350.155	5	0	0	0	1	0	0	1	1	0	0	25
2013/12/26-09:58:22	61	1,500	350.155	5	0	0	0	1	0	0	1	1	0	0	30
2013/12/26-09:59:10	61	1,500	350.155	3	0	0	2	1	0	0	1	1	0	0	13
2013/12/26-09:59:41	61	1,500	350.155	2	0	0	1	1	0	1	1	0	1	0	13
2013/12/26-10:02:13	61	1,500	350.155	15	0	0	7	0	0	0	1	0	1	0	60
2013/12/26-10:03:29	61	1,500	350.155	14	0	0	6	0	0	0	1	0	1	0	60
2013/12/26-10:04:48	61	1,500	350.155	6	0	0	0	0	0	0	1	0	1	0	30
2013/12/26-10:05:36	61	1,500	350.155	7	0	0	0	1	0	0	1	1	0	0	21
2013/12/26-10:06:15	61	1,500	350.155	7	0	0	0	0	0	0	1	0	1	0	30
2013/12/26-10:07:04	61	1,500	350.155	12	0	0	0	0	0	0	1	0	1	0	30
2013/12/26-10:07:52	61	1,500	350.155	9	0	0	1	1	0	0	1	1	0	0	38
2013/12/26-10:08:48	61	1,500	350.155	9	0	0	1	1	0	0	1	1	0	0	38
2013/12/26-10:09:45	61	1,500	350.155	9	0	0	0	1	0	0	1	1	0	0	34
2013/12/26-10:10:38	61	1,500	350.155	15	0	0	0	0	0	0	1	0	1	0	60
2013/12/26-10:11:56	61	1,500	350.155	5	0	0	0	1	0	0	1	1	0	0	28
2013/12/26-10:12:42	61	1,500	350.155	5	0	0	0	1	0	0	1	1	0	0	26
2013/12/26-10:13:27	61	1,500	350.155	5	0	0	0	1	0	0	1	1	0	0	26
2013/12/26-10:14:12	61	1,500	350.155	5	0	0	0	1	0	0	1	1	0	0	27
2013/12/26-10:14:57	61	1,500	350.155	7	0	0	4	1	0	1	1	0	1	0	21
2013/12/26-10:15:37	61	1,500	350.155	12	0	0	2	0	0	0	1	0	1	0	30
2013/12/26-10:17:48	61	1,500	350.155	3	0	1	2	0	0	0	1	0	1	0	23
2013/12/26-10:18:27	61	1,500	350.155	5	0	0	3	0	0	0	1	1	0	0	31
2013/12/26-10:19:17	61	1,500	350.155	2	0	0	0	0	0	0	1	1	0	0	13
2013/12/26-10:19:49	61	1,500	350.155	2	0	0	0	0	0	0	1	1	0	0	13
2013/12/26-10:20:20	61	1,500	350.155	3	0	0	0	0	0	0	1	1	0	0	17
2013/12/26-10:20:55	61	1,500	350.155	3	0	0	0	0	0	0	1	1	0	0	16
2013/12/26-10:21:29	61	1,500	350.155	1	0	0	0	0	0	0	1	1	0	0	4
2013/12/26-10:21:51	61	1,500	350.155	1	0	0	0	0	0	0	1	1	0	0	4
2013/12/26-10:22:13	61	1,500	350.155	7	0	0	0	0	0	0	1	0	1	0	60
2013/12/26-10:23:32	61	1,500	350.155	2	0	0	0	0	0	0	1	1	0	0	17
2013/12/26-10:24:07	61	1,500	350.155	0	0	0	0	0	0	0	1	1	0	0	3
2013/12/26-10:24:28	61	1,500	350.155	0	0	0	0	0	0	0	1	1	0	0	3
2013/12/26-10:24:49	61	1,500	350.155	0	0	0	0	0	0	0	1	1	0	0	3
2013/12/26-10:25:11	61	1,500	350.155	0	0	0	0	0	0	0	1	1	0	0	3
2013/12/26-10:25:32	61	1,500	350.155	0	0	0	0	0	0	0	1	1	0	0	8
2013/12/26-10:25:58	61	1,500	350.155	0	0	0	0	0	0	0	1	1	0	0	7
2013/12/26-14:49:43	21	1,771.157	350	0	0	1	0	0	0	0	1	0	0	1	6
2013/12/26-14:53:02	21	1,771.157	350	0	0	1	0	0	0	0	1	0	0	1	8
2013/12/26-14:53:57	21	1,771.157	350	0	0	1	0	0	0	0	1	0	0	1	3
2013/12/26-14:54:26	21	1,771.157	350	1	0	0	0	0	0	1	1	0	0	1	14
2013/12/26-14:55:09	21	1,771.157	350	7	0	0	1	0	0	1	1	0	0	1	31
2013/12/26-14:56:09	21	1,771.157	350	0	0	1	0	0	0	0	1	0	0	1	3
2013/12/26-14:56:39	21	1,771.157	350	0	0	1	0	0	0	0	1	0	0	1	3
2013/12/26-15:46:45	21	1,771.157	350	5	0	0	3	0	0	1	1	0	0	1	27
2013/12/26-15:47:26	21	1,771.157	350	8	0	1	0	0	0	0	1	0	0	1	32
2013/12/26-15:48:09	21	1,771.157	350	0	0	1	0	0	0	0	1	0	0	1	7
2013/12/26-15:48:35	21	1,771.157	350	0	0	1	0	0	0	0	1	0	0	1	3
2013/12/26-15:49:01	21	1,771.157	350	0	0	1	0	0	0	0	1	0	0	1	4
2013/12/26-15:49:27	21	1,771.157	350	0	0	1	0	0	0	0	1	0	0	1	3
2013/12/26-15:49:41	21	1,771.157	350	11	0	0	0	0	0	1	1	0	0	1	57
2013/12/26-22:11:08	98	348.355	258.791	0	0	1	0	0	0	0	1	0	0	1	3
2013/12/26-22:11:27	98	348.355	258.791	2	0	0	0	0	0	1	1	0	0	1	18
2013/12/26-22:12:01	98	348.355	258.791	8	0	0	0	1	0	0	1	1	0	0	20
2013/12/26-22:12:35	98	348.355	258.791	0	0	1	0	0	0	0	1	0	0	1	5
2013/12/26-22:13:03	98	348.355	258.791	5	0	0	0	0	0	1	1	0	0	1	25
2013/12/26-22:14:05	98	348.355	258.791	0	0	1	0	0	0	0	1	0	0	1	5
2013/12/26-22:14:29	98	348.355	258.791	0	0	1	0	0	0	0	1	0	0	1	6
2013/12/26-22:15:13	98	348.355	258.791	0	0	1	0	0	0	0	1	0	0	1	6
2013/12/26-22:15:45	98	348.355	258.791	0	0	1	0	0	0	0	1	0	0	1	3
2013/12/26-22:16:06	98	348.355	258.791	1	0	0	0	0	0	0	1	1	0	0	13
2013/12/26-22:16:38	98	348.355	258.791	11	0	0	0	0	0	0	1	1	0	0	57
2013/12/26-22:17:54	98	348.355	258.791	1	0	0	0	0	0	0	1	1	0	0	13
2013/12/26-22:18:25	98	348.355	258.791	0	0	1	0	0	0	0	1	0	0	1	4
2013/12/26-22:18:48	98	348.355	258.791	0	0	1	0	0	0	0	1	0	0	1	8
2013/12/26-22:56:56	2	1,921.153	240.999	0	0	1	0	0	0	0	1	0	0	1	4
2013/12/26-22:57:19	2	1,921.153	240.999	2	0	0	0	0	0	1	1	0	0	1	16
2013/12/26-22:57:54	2	1,921.153	240.999	0	0	1	0	0	0	0	1	0	0	1	10
2013/12/26-22:58:23	2	1,921.153	240.999	0	0	1	0	0	0	0	1	0	0	1	3
2013/12/26-22:58:45	2	1,921.153	240.999	0	0	1	0	0	0	0	1	0	0	1	4
2013/12/26-22:59:23	2	1,921.153	240.999	0	0	1	0	0	0	0	1	0	0	1	3
2013/12/26-23:00:07	2	1,921.153	240.999	11	0	0	2	1	0	0	1	1	0	0	44
2013/12/26-23:13:55	2	1,921.153	240.999	0	0	1	0	0	0	0	1	0	0	1	11
2013/12/26-23:14:36	2	1,921.153	240.999	13	0	1	0	0	0	0	1	0	0	1	57
2013/12/26-23:15:52	2	1,921.153	240.999	0	0	1	0	0	0	0	1	0	0	1	5
2013/12/26-23:16:22	2	1,921.153	240.999	0	0	1	0	0	0	0	1	0	0	1	3
2013/12/26-23:16:50	2	1,921.153	240.999	3	0	1	0	1	0	0	1	0	0	1	12
2013/12/26-23:17:22	2	1,921.153	240.999	0	0	1	0	0	0	0	1	0	0	1	6
2013/12/26-23:17:59	2	1,921.153	240.999	8	0	0	0	0	0	0	1	1	0	0	50
2013/12/27-00:01:37	98	410.939	192.997	0	0	1	0	0	0	0	1	0	0	1	5
2013/12/27-00:02:05	98	410.939	192.997	0	0	1	0	0	0	0	1	0	0	1	3
2013/12/27-00:02:34	98	410.939	192.997	0	0	1	0	0	0	0	1	0	0	1	4
2013/12/27-00:02:57	98	410.939	192.997	3	0	0	0	0	0	0	1	1	0	0	19
2013/12/27-00:03:35	98	410.939	192.997	8	0	0	0	0	0	0	1	1	0	0	46
2013/12/27-00:04:40	98	410.939	192.997	0	0	1	0	0	0	0	1	0	0	1	3
2013/12/27-00:05:10	98	410.939	192.997	11	0	0	1	1	0	0	1	1	0	0	50
2013/12/27-00:11:02	98	410.939	192.997	0	0	1	0	0	0	0	1	0	0	1	3
2013/12/27-00:11:45	98	410.939	192.997	0	0	1	0	0	0	0	1	0	0	1	6
2013/12/27-00:13:34	94	1,088.261	192.303	0	0	1	0	0	0	0	1	0	0	1	6
2013/12/27-00:13:59	94	1,088.261	192.303	14	0	0	0	1	0	0	1	1	0	0	67
2013/12/27-00:15:25	94	1,088.261	192.303	2	0	0	0	0	0	1	1	0	0	1	13
2013/12/27-00:15:58	94	1,088.261	192.303	0	0	1	0	0	0	0	1	0	0	1	4
2013/12/27-00:16:24	94	1,088.261	192.303	5	0	1	0	0	0	0	1	0	0	1	36
2013/12/27-00:23:59	94	1,088.261	192.303	0	0	1	0	0	0	0	1	0	0	1	3
2013/12/27-00:24:26	94	1,088.261	192.303	9	0	1	1	0	0	0	1	0	0	1	52
2013/12/27-00:25:43	94	1,088.261	192.303	0	0	1	0	0	0	0	1	0	0	1	3
2013/12/27-00:26:12	94	1,088.261	192.303	0	0	1	0	0	0	0	1	0	0	1	3
2013/12/27-00:28:28	94	1,088.261	192.303	6	0	1	0	0	0	0	1	0	0	1	65
2013/12/27-00:30:01	94	1,088.261	192.303	0	0	1	0	0	0	0	1	0	0	1	1
2013/12/27-00:30:29	94	1,088.261	192.303	3	0	0	0	1	0	1	1	0	0	1	12
2013/12/27-00:52:45	94	1,088.261	192.303	0	0	1	0	0	0	0	1	0	0	1	3
2013/12/27-00:53:17	94	1,088.261	192.303	4	0	1	1	0	0	0	1	0	0	1	30
2013/12/27-00:54:15	94	1,088.261	192.303	0	0	1	0	0	0	0	1	0	0	1	3
2013/12/27-00:54:41	94	1,088.261	192.303	0	0	1	0	0	0	0	1	0	0	1	3
2013/12/27-00:55:03	94	1,088.261	192.303	0	0	1	0	0	0	0	1	0	0	1	4
2013/12/27-00:56:40	94	1,088.261	192.303	0	0	1	0	0	0	0	1	0	0	1	10
2013/12/27-00:57:23	94	1,088.261	192.303	10	0	0	0	0	0	0	1	1	0	0	40
2013/12/27-00:58:28	94	1,088.261	192.303	0	0	1	0	0	0	0	1	0	0	1	6
2013/12/27-00:59:07	42	1,618.789	154.743	9	0	1	0	0	0	0	1	0	0	1	49
2013/12/27-01:00:23	42	1,618.789	154.743	0	0	1	0	0	0	0	1	0	0	1	4
2013/12/27-01:00:46	42	1,618.789	154.743	4	0	1	0	0	0	0	1	0	0	1	16
2013/12/27-01:01:21	42	1,618.789	154.743	7	0	1	1	0	0	0	1	0	0	1	39
2013/12/27-01:02:19	42	1,618.789	154.743	0	0	1	0	0	0	0	1	0	0	1	4
2013/12/27-01:02:43	42	1,618.789	154.743	0	0	1	0	0	0	0	1	0	0	1	3
2013/12/27-01:42:26	58	1,512.973	129.929	2	0	1	0	0	0	0	1	0	0	1	16
2013/12/27-01:43:23	58	1,512.973	129.929	0	0	1	0	0	0	0	1	0	0	1	4
2013/12/27-01:44:52	58	1,512.973	129.929	8	0	0	1	2	0	1	1	1	0	0	50
2013/12/27-01:46:01	58	1,512.973	129.929	1	0	0	0	0	0	0	1	1	0	0	12
2013/12/27-01:46:32	58	1,512.973	129.929	7	0	0	0	1	0	0	1	1	0	0	42
2013/12/27-01:47:32	58	1,512.973	129.929	0	0	1	0	0	0	0	1	0	0	1	3
2013/12/27-01:48:05	58	1,512.973	129.929	0	0	1	0	0	0	0	1	0	0	1	3
2013/12/27-01:55:12	58	1,512.973	129.929	5	0	0	1	1	0	0	1	1	0	0	31
2013/12/27-01:56:02	58	1,512.973	129.929	0	0	1	0	0	0	0	1	0	0	1	4
2013/12/27-01:56:26	58	1,512.973	129.929	0	0	1	0	0	0	0	1	0	0	1	3
2013/12/27-01:56:53	58	1,512.973	129.929	0	0	1	0	0	0	0	1	0	0	1	6
2013/12/27-01:57:23	58	1,512.973	129.929	13	0	0	0	1	0	1	1	0	0	1	40
2013/12/27-01:58:22	58	1,512.973	129.929	0	0	1	0	0	0	0	1	0	0	1	6
2013/12/27-01:59:08	58	1,512.973	129.929	12	0	0	0	1	0	0	1	1	0	0	55
2013/12/27-02:11:15	58	1,512.973	129.929	4	0	1	0	1	0	0	1	0	0	1	20
2013/12/27-02:11:56	58	1,512.973	129.929	0	0	1	0	0	0	0	1	0	0	1	3
2013/12/27-02:14:23	58	1,512.973	129.929	0	0	1	0	0	0	0	1	0	0	1	1
2013/12/27-02:14:53	58	1,512.973	129.929	0	0	1	0	0	0	0	1	0	0	1	3
2013/12/27-02:15:30	58	1,512.973	129.929	0	0	1	0	0	0	0	1	1	0	0	2
2013/12/27-02:15:57	58	1,512.973	129.929	0	0	1	0	0	0	0	1	0	0	1	3
2013/12/27-02:16:23	63	1,482.974	99.546	0	0	0	0	0	0	0	1	1	0	0	20
2013/12/27-02:27:26	63	1,482.974	99.546	0	0	1	0	0	0	0	1	0	0	1	3
2013/12/27-02:27:50	63	1,482.974	99.546	0	0	1	0	0	0	0	1	0	0	1	4
2013/12/27-02:28:13	63	1,482.974	99.546	0	0	1	0	0	0	0	1	0	0	1	4
2013/12/27-02:28:36	63	1,482.974	99.546	0	0	1	0	0	0	0	1	0	0	1	3
2013/12/27-02:29:15	63	1,482.974	99.546	4	0	1	0	0	0	0	1	0	0	1	22
2013/12/27-02:29:58	63	1,482.974	99.546	8	0	0	0	1	0	1	1	0	0	1	42
2013/12/27-02:30:59	63	1,482.974	99.546	4	0	0	0	1	0	1	1	0	0	1	18
2013/12/27-02:38:28	63	1,482.974	99.546	0	0	1	0	0	0	0	1	0	0	1	3
2013/12/27-02:38:49	63	1,482.974	99.546	0	0	1	0	0	0	0	1	0	0	1	6
2013/12/27-02:39:18	63	1,482.974	99.546	0	0	1	0	0	0	0	1	0	0	1	12
2013/12/27-02:39:49	63	1,482.974	99.546	10	0	1	0	0	0	0	1	0	0	1	33
2013/12/27-02:40:40	63	1,482.974	99.546	0	0	1	0	0	0	0	1	0	0	1	3
2013/12/27-02:41:04	63	1,482.974	99.546	9	0	0	1	0	0	0	1	1	0	0	60
2013/12/27-02:42:22	63	1,482.974	99.546	0	0	1	0	0	0	0	1	0	0	1	5
2013/12/27-07:21:11	58	1,515.952	81.17	0	0	1	0	0	0	0	1	0	0	1	4
2013/12/27-07:22:21	58	1,515.952	81.17	4	0	1	2	0	0	0	1	0	0	1	25
2013/12/27-07:23:05	58	1,515.952	81.17	0	0	1	0	0	0	0	1	0	0	1	9
2013/12/27-07:23:42	58	1,515.952	81.17	0	0	1	0	0	0	0	1	0	0	1	3
2013/12/27-07:24:03	58	1,515.952	81.17	7	0	0	0	0	0	1	1	0	0	1	26
2013/12/27-07:24:53	58	1,515.952	81.17	0	0	1	0	0	0	0	1	0	0	1	5
2013/12/27-07:26:03	58	1,515.952	81.17	0	0	1	0	0	0	0	1	0	0	1	3
2013/12/27-07:36:51	58	1,515.952	81.17	10	0	0	0	0	0	0	1	1	0	0	65
2013/12/27-07:38:15	58	1,515.952	81.17	5	0	0	2	1	0	0	1	1	0	0	30
2013/12/27-07:39:04	58	1,515.952	81.17	0	0	1	0	0	0	0	1	0	0	1	5
2013/12/27-07:39:27	58	1,515.952	81.17	0	0	1	0	0	0	0	1	0	0	1	3
2013/12/27-07:39:49	58	1,515.952	81.17	3	0	0	0	0	0	1	1	0	0	1	14
2013/12/27-07:40:22	58	1,515.952	81.17	0	0	1	0	0	0	0	1	0	0	1	3
2013/12/27-07:41:17	58	1,515.952	81.17	0	0	1	0	0	0	0	1	0	0	1	3
2013/12/27-08:10:22	61	1,498.332	68.702	20	0	0	0	1	0	0	1	1	0	0	86
2013/12/27-08:12:07	61	1,498.332	68.702	0	0	1	0	0	0	0	1	0	0	1	4
2013/12/27-08:12:30	61	1,498.332	68.702	7	0	0	0	0	0	0	1	1	0	0	32
2013/12/27-08:13:21	61	1,498.332	68.702	12	0	0	0	1	0	1	1	0	0	1	60
2013/12/27-08:14:40	61	1,498.332	68.702	0	0	1	0	0	0	0	1	0	0	1	6
2013/12/27-08:15:04	61	1,498.332	68.702	0	0	1	0	0	0	0	1	0	0	1	3
2013/12/27-08:15:55	61	1,498.332	68.702	0	0	1	0	0	0	0	1	0	0	1	5
2013/12/27-08:28:43	61	1,498.332	68.702	2	0	0	0	0	0	0	1	1	0	0	18
2013/12/27-08:29:20	61	1,498.332	68.702	0	0	1	0	0	0	0	1	0	0	1	5
2013/12/27-08:29:48	61	1,498.332	68.702	0	0	1	0	0	0	0	1	0	0	1	3
2013/12/27-08:30:09	61	1,498.332	68.702	0	0	1	0	0	0	0	1	0	0	1	6
2013/12/27-08:30:39	61	1,498.332	68.702	0	0	1	0	0	0	0	1	0	0	1	6
2013/12/27-08:31:07	61	1,498.332	68.702	7	0	0	0	0	0	0	1	1	0	0	31
2013/12/27-08:31:57	61	1,498.332	68.702	10	0	1	0	0	0	0	1	0	0	1	61
2013/12/27-09:03:51	58	1,510.775	59.904	0	0	1	0	0	0	0	1	0	0	1	4
2013/12/27-09:04:30	58	1,510.775	59.904	0	0	1	0	0	0	0	1	0	0	1	3
2013/12/27-09:04:57	58	1,510.775	59.904	1	0	0	0	0	0	1	1	0	0	1	13
2013/12/27-09:06:39	58	1,510.775	59.904	0	0	1	0	0	0	0	1	0	0	1	6
2013/12/27-09:07:03	58	1,510.775	59.904	11	0	0	1	1	0	1	1	0	0	1	53
2013/12/27-09:08:15	58	1,510.775	59.904	4	0	1	0	0	0	0	1	0	0	1	18
2013/12/27-09:08:51	58	1,510.775	59.904	0	0	1	0	0	0	0	1	0	0	1	5
2013/12/27-09:21:42	58	1,510.775	59.904	6	0	0	0	0	0	1	1	0	0	1	19
2013/12/27-09:22:19	58	1,510.775	59.904	0	0	1	0	0	0	0	1	0	0	1	3
2013/12/27-09:22:48	63	1,486.529	55.302	0	0	1	0	0	0	0	1	0	0	1	3
2013/12/27-09:23:21	63	1,486.529	55.302	14	0	0	1	0	0	1	1	0	0	1	68
2013/12/27-09:24:45	63	1,486.529	55.302	0	0	1	0	0	0	0	1	0	0	1	4
2013/12/27-09:25:08	63	1,486.529	55.302	5	0	0	0	1	0	0	1	1	0	0	26
2013/12/27-09:25:53	63	1,486.529	55.302	0	0	1	0	0	0	0	1	0	0	1	6
2013/12/27-12:51:35	64	1,488.839	57.752	0	0	1	0	0	0	0	1	0	0	1	3
2013/12/27-12:51:58	64	1,488.839	57.752	15	0	0	0	1	0	0	1	1	0	0	60
2013/12/27-12:53:16	64	1,488.839	57.752	0	0	1	0	0	0	0	1	0	0	1	3
2013/12/27-12:53:54	64	1,488.839	57.752	0	0	1	0	0	0	0	1	0	0	1	3
2013/12/27-12:54:21	64	1,488.839	57.752	0	0	1	0	0	0	0	1	0	0	1	4
2013/12/27-13:02:55	64	1,488.839	57.752	0	0	1	0	0	0	0	1	0	0	1	3
2013/12/27-13:04:14	64	1,488.839	57.752	3	0	0	1	1	0	0	1	1	0	0	19
2013/12/27-13:04:52	64	1,488.839	57.752	0	0	0	0	0	0	0	1	1	0	0	9
2013/12/27-13:05:20	64	1,488.839	57.752	2	0	0	0	2	0	0	1	1	0	0	16
2013/12/27-13:05:55	64	1,488.839	57.752	3	0	1	0	1	0	0	1	0	0	1	17
2013/12/27-13:16:17	62	1,496.946	53.389	0	0	1	0	0	0	0	1	0	0	1	3
2013/12/27-13:17:36	62	1,496.946	53.389	0	0	1	0	0	0	0	1	0	0	1	4
2013/12/27-13:18:55	62	1,496.946	53.389	0	0	1	0	0	0	0	1	0	0	1	9
2013/12/27-13:20:14	62	1,496.946	53.389	0	0	1	0	0	0	0	1	0	0	1	5
2013/12/27-13:21:33	62	1,496.946	53.389	18	0	0	0	0	0	1	1	0	0	1	50
2013/12/27-19:51:03	64	1,474.885	56.299	0	0	1	0	0	0	0	1	0	0	1	6
2013/12/27-19:51:38	64	1,474.885	56.299	0	0	1	0	0	0	0	1	0	0	1	4
2013/12/27-19:52:22	64	1,474.885	56.299	0	0	1	0	0	0	0	1	0	0	1	4
2013/12/27-19:52:48	64	1,474.885	56.299	0	0	1	0	0	0	0	1	0	0	1	6
2013/12/27-19:53:16	64	1,474.885	56.299	0	0	1	0	0	0	0	1	0	0	1	3
2013/12/27-20:00:55	65	1,456.39	54.242	0	0	1	0	0	0	0	1	0	0	1	3
2013/12/27-20:01:45	65	1,456.39	54.242	0	0	1	0	0	0	0	1	0	0	1	6
2013/12/27-20:02:49	65	1,456.39	54.242	0	0	1	0	0	0	0	1	0	0	1	6
2013/12/27-20:03:17	65	1,456.39	54.242	0	0	1	0	0	0	0	1	0	0	1	3
2013/12/27-20:04:19	65	1,456.39	54.242	0	0	1	0	0	0	0	1	0	0	1	5
2013/12/27-20:12:12	65	1,456.39	54.242	0	0	1	0	0	0	0	1	0	0	1	3
2013/12/27-20:13:01	65	1,456.39	54.242	0	0	1	0	0	0	0	1	0	0	1	6
2013/12/27-20:13:36	65	1,456.39	54.242	0	0	1	0	0	0	0	1	0	0	1	6
2013/12/27-20:14:19	65	1,456.39	54.242	0	0	1	0	0	0	0	1	0	0	1	6
2013/12/27-20:14:48	65	1,456.39	54.242	0	0	1	0	0	0	0	1	0	0	1	6
2013/12/27-20:39:36	67	1,418.497	50.871	0	0	1	0	0	0	0	1	0	0	1	6
2013/12/27-20:40:01	67	1,418.497	50.871	0	0	1	0	0	0	0	1	0	0	1	6
2013/12/27-20:40:40	67	1,418.497	50.871	0	0	1	0	0	0	0	1	0	0	1	3
2013/12/27-20:41:22	67	1,418.497	50.871	0	0	1	0	0	0	0	1	0	0	1	4
2013/12/27-20:42:17	67	1,418.497	50.871	0	0	1	0	0	0	0	1	0	0	1	6
2013/12/27-20:42:53	67	1,418.497	50.871	0	0	1	0	0	0	0	1	0	0	1	3
2013/12/27-20:43:32	67	1,418.497	50.871	0	0	1	0	0	0	0	1	0	0	1	3
2013/12/27-20:44:05	67	1,418.497	50.871	0	0	1	0	0	0	0	1	0	0	1	3
2013/12/27-20:44:39	67	1,418.497	50.871	0	0	1	0	0	0	0	1	0	0	1	5
2013/12/27-20:45:08	67	1,418.497	50.871	0	0	1	0	0	0	0	1	0	0	1	6
2013/12/27-20:56:31	67	1,418.497	50.871	0	0	1	0	0	0	0	1	0	0	1	6
2013/12/27-20:57:50	67	1,418.497	50.871	0	0	1	0	0	0	0	1	0	0	1	6
2013/12/27-20:58:40	67	1,418.497	50.871	0	0	1	0	0	0	0	1	0	0	1	3
2013/12/27-20:59:24	69	1,393.488	47.382	0	0	1	0	0	0	0	1	0	0	1	6
2013/12/27-20:59:59	69	1,393.488	47.382	0	0	1	0	0	0	0	1	0	0	1	3
2013/12/27-21:22:17	69	1,393.488	47.382	0	0	1	0	0	0	0	1	0	0	1	6
2013/12/27-21:22:57	69	1,393.488	47.382	0	0	1	0	0	0	0	1	0	0	1	10
2013/12/27-21:23:26	69	1,393.488	47.382	0	0	1	0	0	0	0	1	0	0	1	6
2013/12/27-21:24:08	69	1,393.488	47.382	0	0	1	0	0	0	0	1	0	0	1	3
2013/12/27-21:24:39	69	1,393.488	47.382	0	0	1	0	0	0	0	1	0	0	1	5
2013/12/27-21:25:10	69	1,393.488	47.382	0	0	1	0	0	0	0	1	0	0	1	6
2013/12/27-21:26:29	69	1,393.488	47.382	0	0	1	0	0	0	0	1	0	0	1	3
2013/12/27-21:26:51	69	1,393.488	47.382	0	0	1	0	0	0	0	1	0	0	1	6
2013/12/27-21:27:27	69	1,393.488	47.382	0	0	1	0	0	0	0	1	0	0	1	3
2013/12/27-21:28:06	72	1,383.065	45.03	0	0	1	0	0	0	0	1	0	0	1	3
2013/12/27-21:39:58	72	1,383.065	45.03	0	0	1	0	0	0	0	1	0	0	1	6
2013/12/27-21:40:32	72	1,383.065	45.03	0	0	1	0	0	0	0	1	0	0	1	3
2013/12/27-21:41:38	72	1,383.065	45.03	0	0	1	0	0	0	0	1	0	0	1	6
2013/12/27-21:42:43	72	1,383.065	45.03	0	0	1	0	0	0	0	1	0	0	1	6
2013/12/27-21:43:31	72	1,383.065	45.03	0	0	1	0	0	0	0	1	0	0	1	6
2013/12/27-22:15:56	75	1,368.08	43.831	0	0	1	0	0	0	0	1	0	0	1	6
2013/12/27-22:16:25	75	1,368.08	43.831	0	0	1	0	0	0	0	1	1	0	0	4
2013/12/27-22:16:48	75	1,368.08	43.831	0	0	1	0	0	0	0	1	0	0	1	6
2013/12/27-22:17:34	75	1,368.08	43.831	0	0	1	0	0	0	0	1	0	0	1	6
2013/12/27-22:18:00	75	1,368.08	43.831	0	0	1	0	0	0	0	1	0	0	1	3
2013/12/27-22:43:35	75	1,368.08	43.831	0	0	1	0	0	0	0	1	0	0	1	6
2013/12/27-22:49:03	75	1,368.08	43.831	0	0	1	0	0	0	0	1	0	0	1	6
2013/12/27-22:49:49	75	1,368.08	43.831	0	0	1	0	0	0	0	1	0	0	1	6
2013/12/27-22:50:39	75	1,368.08	43.831	0	0	1	0	0	0	0	1	0	0	1	6
2013/12/27-22:51:22	75	1,368.08	43.831	0	0	1	0	0	0	0	1	0	0	1	5
2013/12/27-23:02:24	75	1,368.08	43.831	0	0	1	0	0	0	0	1	0	0	1	3
2013/12/27-23:03:12	75	1,368.08	43.831	0	0	1	0	0	0	0	1	0	0	1	6
2013/12/27-23:04:07	75	1,368.08	43.831	0	0	1	0	0	0	0	1	0	0	1	3
2013/12/27-23:04:49	75	1,368.08	43.831	0	0	1	0	0	0	0	1	0	0	1	3
2013/12/27-23:05:17	75	1,368.08	43.831	0	0	1	0	0	0	0	1	0	0	1	6
2013/12/27-23:26:58	76	1,346.953	41.588	0	0	1	0	0	0	0	1	0	0	1	3
2013/12/27-23:27:25	76	1,346.953	41.588	0	0	1	0	0	0	0	1	0	0	1	6
2013/12/27-23:28:22	76	1,346.953	41.588	0	0	1	0	0	0	0	1	0	0	1	3
2013/12/27-23:29:06	76	1,346.953	41.588	0	0	1	0	0	0	0	1	0	0	1	6
2013/12/27-23:29:38	76	1,346.953	41.588	0	0	1	0	0	0	0	1	0	0	1	3
2013/12/27-23:38:01	76	1,346.953	41.588	0	0	1	0	0	0	0	1	0	0	1	6
2013/12/27-23:39:04	76	1,346.953	41.588	0	0	1	0	0	0	0	1	0	0	1	6
2013/12/27-23:40:23	76	1,345.879	41.103	0	0	1	0	0	0	0	1	0	0	1	6
2013/12/27-23:41:04	76	1,345.879	41.103	0	0	1	0	0	0	0	1	0	0	1	4
2013/12/27-23:41:33	76	1,345.879	41.103	0	0	1	0	0	0	0	1	0	0	1	6
2013/12/27-23:50:23	76	1,345.879	41.103	0	0	1	0	0	0	0	1	0	0	1	3
2013/12/27-23:50:51	76	1,345.879	41.103	0	0	1	0	0	0	0	1	0	0	1	3
2013/12/27-23:52:10	76	1,345.879	41.103	0	0	1	0	0	0	0	1	0	0	1	6
2013/12/27-23:52:46	76	1,345.879	41.103	0	0	1	0	0	0	0	1	0	0	1	6
2013/12/27-23:53:11	76	1,345.879	41.103	0	0	1	0	0	0	0	1	0	0	1	10
2013/12/28-00:14:02	79	1,333.398	40.212	0	0	1	0	0	0	0	1	0	0	1	5
2013/12/28-00:14:38	79	1,333.398	40.212	0	0	1	0	0	0	0	1	0	0	1	3
2013/12/28-00:15:12	79	1,333.398	40.212	0	0	1	0	0	0	0	1	0	0	1	6
2013/12/28-00:15:55	79	1,333.398	40.212	0	0	1	0	0	0	0	1	0	0	1	6
2013/12/28-00:16:22	79	1,333.398	40.212	0	0	1	0	0	0	0	1	0	0	1	3
2013/12/28-00:23:05	79	1,333.398	40.212	0	0	1	0	0	0	0	1	0	0	1	3
2013/12/28-00:23:36	79	1,333.398	40.212	0	0	1	0	0	0	0	1	0	0	1	6
2013/12/28-00:24:10	79	1,333.398	40.212	0	0	1	0	0	0	0	1	0	0	1	3
2013/12/28-00:24:45	79	1,333.398	40.212	0	0	1	0	0	0	0	1	0	0	1	3
2013/12/28-00:25:13	79	1,333.398	40.212	0	0	1	0	0	0	0	1	0	0	1	4
2013/12/28-00:33:34	79	1,333.398	40.212	0	0	1	0	0	0	0	1	0	0	1	6
2013/12/28-00:34:10	79	1,333.398	40.212	0	0	1	0	0	0	0	1	0	0	1	6
2013/12/28-00:34:45	79	1,333.398	40.212	0	0	1	0	0	0	0	1	0	0	1	6
2013/12/28-00:35:11	79	1,333.398	40.212	0	0	1	0	0	0	0	1	0	0	1	6
2013/12/28-00:35:45	79	1,333.398	40.212	0	0	1	0	0	0	0	1	0	0	1	5
2013/12/28-00:58:46	80	1,327.571	38.876	0	0	1	0	0	0	0	1	0	0	1	4
2013/12/28-00:59:30	80	1,327.571	38.876	0	0	1	0	0	0	0	1	0	0	1	3
2013/12/28-00:59:56	80	1,327.571	38.876	0	0	1	0	0	0	0	1	0	0	1	6
2013/12/28-01:00:57	80	1,327.571	38.876	0	0	1	0	0	0	0	1	0	0	1	6
2013/12/28-01:01:56	80	1,327.571	38.876	0	0	1	0	0	0	0	1	0	0	1	3
2013/12/28-01:02:28	80	1,327.571	38.876	0	0	1	0	0	0	0	1	0	0	1	6
2013/12/28-01:03:11	80	1,327.571	38.876	0	0	1	0	0	0	0	1	0	0	1	6
2013/12/28-01:03:55	80	1,327.571	38.876	0	0	1	0	0	0	0	1	0	0	1	3
2013/12/28-01:04:24	80	1,327.571	38.876	0	0	1	0	0	0	0	1	0	0	1	4
2013/12/28-01:04:54	80	1,327.571	38.876	0	0	1	0	0	0	0	1	0	0	1	3
2013/12/28-01:17:22	80	1,320.081	38.375	0	0	1	0	0	0	0	1	0	0	1	6
2013/12/28-01:17:55	80	1,320.081	38.375	0	0	1	0	0	0	0	1	0	0	1	6
2013/12/28-01:18:21	80	1,320.081	38.375	0	0	1	0	0	0	0	1	0	0	1	6
2013/12/28-01:19:40	80	1,320.081	38.375	0	0	1	0	0	0	0	1	0	0	1	6
2013/12/28-01:20:05	80	1,320.081	38.375	0	0	1	0	0	0	0	1	0	0	1	6
2013/12/28-01:45:37	80	1,323.136	38.206	0	0	1	0	0	0	0	1	0	0	1	3
2013/12/28-01:46:56	80	1,323.136	38.206	0	0	1	0	0	0	0	1	0	0	1	6
2013/12/28-01:47:47	80	1,323.136	38.206	0	0	1	0	0	0	0	1	0	0	1	3
2013/12/28-01:49:01	80	1,323.136	38.206	0	0	1	0	0	0	0	1	0	0	1	3
2013/12/28-01:49:45	80	1,323.136	38.206	0	0	1	0	0	0	0	1	0	0	1	6
2013/12/28-01:50:35	80	1,323.136	38.206	0	0	1	0	0	0	0	1	0	0	1	3
2013/12/28-01:51:38	80	1,323.136	38.206	0	0	1	0	0	0	0	1	0	0	1	6
2013/12/28-01:52:28	80	1,323.136	38.206	0	0	1	0	0	0	0	1	0	0	1	3
2013/12/28-01:52:57	80	1,323.136	38.206	0	0	1	0	0	0	0	1	0	0	1	6
2013/12/28-01:54:16	80	1,323.136	38.206	0	0	1	0	0	0	0	1	0	0	1	6
2013/12/28-02:06:56	80	1,323.136	38.206	0	0	1	0	0	0	0	1	0	0	1	6
2013/12/28-02:07:22	80	1,323.136	38.206	0	0	1	0	0	0	0	1	0	0	1	6
2013/12/28-02:08:11	80	1,323.136	38.206	0	0	1	0	0	0	0	1	0	0	1	6
2013/12/28-02:08:45	80	1,323.136	38.206	0	0	1	0	0	0	0	1	0	0	1	6
2013/12/28-02:09:10	80	1,323.136	38.206	0	0	1	0	0	0	0	1	0	0	1	6
2013/12/28-02:25:52	80	1,309.095	37.066	0	0	1	0	0	0	0	1	0	0	1	6
2013/12/28-02:26:35	80	1,309.095	37.066	0	0	1	0	0	0	0	1	0	0	1	6
2013/12/28-02:27:11	80	1,309.095	37.066	0	0	1	0	0	0	0	1	0	0	1	3
2013/12/28-02:27:37	80	1,309.095	37.066	0	0	1	0	0	0	0	1	0	0	1	6
2013/12/28-02:28:03	80	1,309.095	37.066	0	0	1	0	0	0	0	1	0	0	1	4
2013/12/28-02:35:53	80	1,309.095	37.066	0	0	1	0	0	0	0	1	0	0	1	3
2013/12/28-02:36:33	80	1,309.095	37.066	0	0	1	0	0	0	0	1	0	0	1	3
2013/12/28-02:36:58	80	1,309.095	37.066	0	0	1	0	0	0	0	1	0	0	1	6
2013/12/28-02:38:17	80	1,309.095	37.066	0	0	1	0	0	0	0	1	0	0	1	3
2013/12/28-02:39:01	80	1,309.095	37.066	0	0	0	0	0	0	0	1	1	0	0	6
2013/12/28-02:49:59	80	1,310.096	36.716	0	0	1	0	0	0	0	1	0	0	1	6
2013/12/28-02:50:24	80	1,310.096	36.716	0	0	1	0	0	0	0	1	0	0	1	3
2013/12/28-02:50:46	80	1,310.096	36.716	0	0	1	0	0	0	0	1	0	0	1	6
2013/12/28-02:51:17	80	1,310.096	36.716	0	0	1	0	0	0	0	1	0	0	1	5
2013/12/28-02:51:41	80	1,310.096	36.716	0	0	0	0	0	0	0	1	1	0	0	8
2013/12/28-03:09:20	80	1,310.096	36.716	0	0	1	0	0	0	0	1	0	0	1	6
2013/12/28-03:10:05	80	1,310.096	36.716	0	0	1	0	0	0	0	1	0	0	1	6
2013/12/28-03:10:31	80	1,310.096	36.716	0	0	1	0	0	0	0	1	0	0	1	3
2013/12/28-03:10:53	80	1,310.096	36.716	0	0	1	0	0	0	0	1	0	0	1	6
2013/12/28-03:11:19	80	1,298.415	36.151	0	0	1	0	0	0	0	1	0	0	1	3
2013/12/28-03:17:47	80	1,298.415	36.151	0	0	0	0	0	0	0	1	1	0	0	14
2013/12/28-03:18:20	80	1,298.415	36.151	0	0	1	0	0	0	0	1	0	0	1	3
2013/12/28-03:18:45	80	1,298.415	36.151	0	0	1	0	0	0	0	1	0	0	1	6
2013/12/28-03:19:28	80	1,298.415	36.151	0	0	1	0	0	0	0	1	0	0	1	4
2013/12/28-03:20:06	80	1,298.415	36.151	0	0	1	0	0	0	0	1	0	0	1	6
2013/12/28-03:32:33	80	1,298.415	36.151	0	0	0	0	0	0	0	1	1	0	0	10
2013/12/28-03:33:03	80	1,298.415	36.151	6	0	0	0	0	0	0	1	0	0	1	60
2013/12/28-03:34:22	80	1,298.415	36.151	0	0	1	0	0	0	0	1	0	0	1	5
2013/12/28-03:34:54	80	1,298.415	36.151	0	0	1	0	0	0	0	1	0	0	1	5
2013/12/28-03:35:41	80	1,298.415	36.151	0	0	1	0	0	0	0	1	0	0	1	6
2013/12/28-03:50:15	80	1,308.473	35.559	0	0	1	0	0	0	0	1	0	0	1	3
2013/12/28-03:50:51	80	1,308.473	35.559	0	0	1	0	0	0	0	1	0	0	1	3
2013/12/28-03:51:22	80	1,308.473	35.559	0	0	1	0	0	0	0	1	0	0	1	3
2013/12/28-03:51:44	80	1,308.473	35.559	4	0	0	0	0	0	0	1	1	0	0	17
2013/12/28-03:52:20	80	1,308.473	35.559	0	0	1	0	0	0	0	1	0	0	1	6
2013/12/28-03:56:38	80	1,308.473	35.559	0	0	1	0	0	0	0	1	0	0	1	6
2013/12/28-03:57:06	80	1,308.473	35.559	0	0	1	0	0	0	0	1	0	0	1	3
2013/12/28-03:57:29	80	1,308.473	35.559	0	0	1	0	0	0	0	1	0	0	1	3
2013/12/28-03:57:52	80	1,308.473	35.559	0	0	1	0	0	0	0	1	0	0	1	5
2013/12/28-03:58:29	80	1,308.473	35.559	0	0	1	0	0	0	0	1	0	0	1	6
2013/12/28-04:08:35	80	1,310.789	35.086	0	0	1	0	0	0	0	1	0	0	1	8
2013/12/28-04:09:54	80	1,310.789	35.086	0	0	1	0	0	0	0	1	0	0	1	6
2013/12/28-04:10:35	80	1,310.789	35.086	0	0	1	0	0	0	0	1	0	0	1	6
2013/12/28-04:11:05	80	1,310.789	35.086	0	0	1	0	0	0	0	1	0	0	1	6
2013/12/28-04:11:31	80	1,310.789	35.086	1	0	0	0	1	0	0	1	1	0	0	9
2013/12/28-04:29:58	80	1,310.789	35.086	0	0	1	0	0	0	0	1	0	0	1	6
2013/12/28-04:30:40	80	1,310.789	35.086	0	0	1	0	0	0	0	1	0	0	1	3
2013/12/28-04:31:38	80	1,310.789	35.086	0	0	1	0	0	0	0	1	0	0	1	6
2013/12/28-04:32:38	80	1,310.789	35.086	0	0	1	0	0	0	0	1	0	0	1	3
2013/12/28-04:33:04	80	1,310.789	35.086	0	0	1	0	0	0	0	1	0	0	1	3
2013/12/28-04:39:40	80	1,309.504	34.646	0	0	1	0	0	0	0	1	0	0	1	3
2013/12/28-04:40:29	80	1,309.504	34.646	0	0	1	0	0	0	0	1	0	0	1	3
2013/12/28-04:40:54	80	1,309.504	34.646	0	0	1	0	0	0	0	1	0	0	1	6
2013/12/28-04:41:31	80	1,309.504	34.646	0	0	1	0	0	0	0	1	0	0	1	3
2013/12/28-04:42:10	80	1,309.504	34.646	0	0	1	0	0	0	0	1	0	0	1	6
2013/12/28-04:51:05	80	1,309.504	34.646	0	0	1	0	0	0	0	1	0	0	1	6
2013/12/28-04:51:37	80	1,309.504	34.646	0	0	1	0	0	0	0	1	0	0	1	6
2013/12/28-04:52:04	80	1,309.504	34.646	0	0	1	0	0	0	0	1	0	0	1	5
2013/12/28-04:52:34	80	1,309.504	34.646	0	0	1	0	0	0	0	1	0	0	1	6
2013/12/28-04:53:01	80	1,309.504	34.646	0	0	1	0	0	0	0	1	0	0	1	6
2013/12/28-05:20:26	80	1,304.341	34.355	0	0	1	0	0	0	0	1	0	0	1	4
2013/12/28-05:20:58	80	1,304.341	34.355	0	0	1	0	0	0	0	1	0	0	1	3
2013/12/28-05:21:33	80	1,304.341	34.355	0	0	1	0	0	0	0	1	0	0	1	6
2013/12/28-05:22:21	80	1,304.341	34.355	0	0	1	0	0	0	0	1	0	0	1	4
2013/12/28-05:23:40	80	1,304.341	34.355	0	0	1	0	0	0	0	1	0	0	1	3
2013/12/28-05:24:09	80	1,304.341	34.355	0	0	1	0	0	0	0	1	0	0	1	6
2013/12/28-05:25:04	80	1,304.341	34.355	0	0	1	0	0	0	0	1	0	0	1	3
2013/12/28-05:25:45	80	1,304.341	34.355	0	0	1	0	0	0	0	1	0	0	1	4
2013/12/28-05:26:28	80	1,304.341	34.355	0	0	1	0	0	0	0	1	0	0	1	6
2013/12/28-05:26:59	80	1,304.341	34.355	0	0	1	0	0	0	0	1	0	0	1	5
2013/12/28-05:39:38	80	1,302.118	34.38	0	0	1	0	0	0	0	1	0	0	1	3
2013/12/28-05:40:04	80	1,302.118	34.38	0	0	1	0	0	0	0	1	0	0	1	6
2013/12/28-05:41:06	80	1,302.118	34.38	0	0	0	0	0	0	0	1	1	0	0	15
2013/12/28-05:41:40	80	1,302.118	34.38	0	0	1	0	0	0	0	1	0	0	1	6
2013/12/28-05:42:05	80	1,302.118	34.38	0	0	1	0	0	0	0	1	0	0	1	3
2013/12/28-06:04:54	80	1,302.118	34.38	0	0	1	0	0	0	0	1	0	0	1	3
2013/12/28-06:05:17	80	1,302.118	34.38	0	0	1	0	0	0	0	1	0	0	1	6
2013/12/28-06:06:25	80	1,302.118	34.38	0	0	1	0	0	0	0	1	0	0	1	3
2013/12/28-06:07:40	80	1,302.118	34.38	0	0	1	0	0	0	0	1	0	0	1	3
2013/12/28-06:08:34	80	1,302.118	34.38	0	0	1	0	0	0	0	1	0	0	1	3
2013/12/28-06:09:49	80	1,295.062	34.022	0	0	1	0	0	0	0	1	0	0	1	3
2013/12/28-06:10:11	80	1,295.062	34.022	0	0	1	0	0	0	0	1	0	0	1	6
2013/12/28-06:10:43	80	1,295.062	34.022	0	0	1	0	0	0	0	1	0	0	1	3
2013/12/28-06:11:07	80	1,295.062	34.022	0	0	1	0	0	0	0	1	0	0	1	6
2013/12/28-06:11:39	80	1,295.062	34.022	0	0	1	0	0	0	0	1	0	0	1	4
2013/12/28-06:26:38	80	1,295.062	34.022	0	0	1	0	0	0	0	1	0	0	1	3
2013/12/28-06:27:00	80	1,295.062	34.022	0	0	1	0	0	0	0	1	0	0	1	6
2013/12/28-06:27:25	80	1,295.062	34.022	0	0	1	0	0	0	0	1	0	0	1	6
2013/12/28-06:27:50	80	1,295.062	34.022	0	0	1	0	0	0	0	1	0	0	1	6
2013/12/28-06:28:16	80	1,295.062	34.022	0	0	1	0	0	0	0	1	0	0	1	6
2013/12/28-06:46:55	80	1,297.779	33.776	0	0	1	0	0	0	0	1	0	0	1	6
2013/12/28-06:47:46	80	1,297.779	33.776	0	0	1	0	0	0	0	1	0	0	1	6
2013/12/28-06:48:26	80	1,297.779	33.776	0	0	1	0	0	0	0	1	0	0	1	3
2013/12/28-06:48:54	80	1,297.779	33.776	0	0	1	0	0	0	0	1	0	0	1	6
2013/12/28-06:49:30	80	1,297.779	33.776	0	0	1	0	0	0	0	1	0	0	1	6
2013/12/28-06:56:37	80	1,297.779	33.776	0	0	1	0	0	0	0	1	0	0	1	3
2013/12/28-06:57:29	80	1,297.779	33.776	0	0	1	0	0	0	0	1	0	0	1	3
2013/12/28-06:58:47	80	1,297.779	33.776	0	0	1	0	0	0	0	1	0	0	1	6
2013/12/28-06:59:19	80	1,297.779	33.776	0	0	1	0	0	0	0	1	0	0	1	3
2013/12/28-07:00:15	80	1,297.779	33.776	0	0	1	0	0	0	0	1	0	0	1	3
2013/12/28-07:09:10	80	1,297.779	33.776	0	0	1	0	0	0	0	1	0	0	1	6
2013/12/28-07:10:01	80	1,297.779	33.776	0	0	1	0	0	0	0	1	0	0	1	6
2013/12/28-07:10:35	80	1,293.347	33.692	0	0	1	0	0	0	0	1	0	0	1	6
2013/12/28-07:11:12	80	1,293.347	33.692	0	0	1	0	0	0	0	1	0	0	1	6
2013/12/28-07:12:09	80	1,293.347	33.692	0	0	1	0	0	0	0	1	0	0	1	6
2013/12/28-12:04:35	80	1,294.461	44.372	0	0	1	0	0	0	0	1	0	0	1	3
2013/12/28-12:04:56	80	1,294.461	44.372	0	0	1	0	0	0	0	1	0	0	1	8
2013/12/28-12:06:15	80	1,294.461	44.372	0	0	1	0	0	0	0	1	0	0	1	8
2013/12/28-12:06:52	80	1,294.461	44.372	0	0	1	0	0	0	0	1	0	0	1	8
2013/12/28-12:08:10	80	1,294.461	44.372	0	0	1	0	0	0	0	1	0	0	1	3
2013/12/28-12:15:52	80	1,294.461	44.372	0	0	1	0	0	0	0	1	0	0	1	8
2013/12/28-12:16:29	80	1,294.461	44.372	0	0	1	0	0	0	0	1	0	0	1	8
2013/12/28-12:17:02	80	1,294.461	44.372	0	0	1	0	0	0	0	1	0	0	1	3
2013/12/28-12:17:30	80	1,294.461	44.372	0	0	0	0	0	0	0	1	1	0	0	60
2013/12/28-12:18:48	80	1,284.58	42.447	0	0	1	0	0	0	0	1	0	0	1	8
2013/12/28-12:26:16	80	1,284.58	42.447	0	0	1	0	0	0	0	1	0	0	1	6
2013/12/28-12:26:53	80	1,284.58	42.447	0	0	1	0	0	0	0	1	0	0	1	8
2013/12/28-12:27:19	80	1,284.58	42.447	0	0	1	0	0	0	0	1	0	0	1	8
2013/12/28-12:27:46	80	1,284.58	42.447	2	0	0	0	0	0	0	1	1	0	0	31
2013/12/28-12:28:36	80	1,284.58	42.447	0	0	1	0	0	0	0	1	0	0	1	8
2013/12/28-18:26:54	81	1,283.577	56.073	0	0	0	0	0	0	0	1	1	0	0	8
2013/12/28-18:27:21	81	1,283.577	56.073	0	0	1	0	0	0	0	1	0	0	1	8
2013/12/28-18:27:48	81	1,283.577	56.073	1	0	1	0	0	0	0	1	0	0	1	15
2013/12/28-18:28:22	81	1,283.577	56.073	0	0	1	0	0	0	0	1	0	0	1	6
2013/12/28-18:28:51	81	1,283.577	56.073	0	0	0	0	0	0	0	1	1	0	0	8
2013/12/28-18:42:26	82	1,284.177	53.934	0	0	1	0	0	0	0	1	0	0	1	8
2013/12/28-18:43:09	82	1,284.177	53.934	0	0	1	0	0	0	0	1	0	0	1	8
2013/12/28-18:43:36	82	1,284.177	53.934	0	0	1	0	0	0	0	1	0	0	1	8
2013/12/28-18:44:03	82	1,284.177	53.934	0	0	1	0	0	0	0	1	0	0	1	8
2013/12/28-18:44:30	82	1,284.177	53.934	1	0	0	0	1	0	0	1	1	0	0	13
2013/12/28-18:55:17	82	1,277.339	52.01	0	0	1	0	0	0	0	1	0	0	1	8
2013/12/28-18:55:44	82	1,277.339	52.01	0	0	0	0	0	0	0	1	1	0	0	8
2013/12/28-18:56:11	82	1,277.339	52.01	0	0	1	0	0	0	0	1	0	0	1	3
2013/12/28-18:56:48	82	1,277.339	52.01	0	0	1	0	0	0	0	1	0	0	1	8
2013/12/28-18:57:20	82	1,277.339	52.01	0	0	1	0	0	0	0	1	0	0	1	8
2013/12/28-18:58:10	82	1,277.339	52.01	0	0	1	0	0	0	0	1	0	0	1	8
2013/12/28-18:58:38	82	1,277.339	52.01	0	0	1	0	0	0	0	1	0	0	1	8
2013/12/28-18:59:08	82	1,277.339	52.01	0	0	1	0	0	0	0	1	0	0	1	8
2013/12/28-18:59:36	82	1,277.339	52.01	0	0	1	0	0	0	0	1	0	0	1	8
2013/12/28-19:00:08	82	1,277.339	52.01	0	0	1	0	0	0	0	1	0	0	1	8
2013/12/28-19:11:38	82	1,277.339	52.01	0	0	1	0	0	0	0	1	0	0	1	6
2013/12/28-19:12:03	82	1,277.339	52.01	0	0	0	0	0	0	0	1	1	0	0	3
2013/12/28-19:12:26	82	1,277.339	52.01	0	0	1	0	0	0	0	1	0	0	1	3
2013/12/28-19:12:48	82	1,277.339	52.01	0	0	0	0	0	0	0	1	1	0	0	6
2013/12/28-19:13:12	82	1,277.339	52.01	0	0	1	0	0	0	0	1	0	0	1	8
2013/12/28-19:27:26	82	1,277.339	52.01	0	0	1	0	0	0	0	1	0	0	1	7
2013/12/28-19:27:53	82	1,277.339	52.01	0	0	1	0	0	0	0	1	0	0	1	8
2013/12/28-19:28:21	82	1,277.339	52.01	0	0	1	0	0	0	0	1	0	0	1	3
2013/12/28-19:28:48	82	1,277.339	52.01	0	0	0	0	0	0	0	1	1	0	0	8
2013/12/28-19:29:15	82	1,277.339	52.01	0	0	1	0	0	0	0	1	0	0	1	3
2013/12/29-02:42:21	83	1,248.644	62.879	0	0	0	0	0	0	0	1	1	0	0	8
2013/12/29-02:42:49	83	1,248.644	62.879	0	0	0	0	0	0	0	1	1	0	0	7
2013/12/29-02:43:15	83	1,248.644	62.879	0	0	0	0	0	0	0	1	1	0	0	24
2013/12/29-02:43:58	83	1,248.644	62.879	0	0	1	0	0	0	0	1	0	0	1	3
2013/12/29-02:44:20	83	1,248.644	62.879	0	0	1	0	0	0	0	1	0	0	1	8
2013/12/29-02:51:48	83	1,248.644	62.879	0	0	1	0	0	0	0	1	0	0	1	8
2013/12/29-02:52:16	83	1,248.644	62.879	0	0	1	0	0	0	0	1	0	0	1	8
2013/12/29-02:52:43	83	1,243.931	58.771	0	0	1	0	0	0	0	1	0	0	1	8
2013/12/29-02:53:10	83	1,243.931	58.771	0	0	1	0	0	0	0	1	0	0	1	8
2013/12/29-02:53:38	83	1,243.931	58.771	0	0	1	0	0	0	0	1	0	0	1	8
2013/12/29-02:54:12	83	1,243.931	58.771	0	0	0	1	0	0	0	1	1	0	0	8
2013/12/29-03:02:03	83	1,243.931	58.771	0	0	1	0	0	0	0	1	0	0	1	8
2013/12/29-03:02:30	83	1,243.931	58.771	0	0	1	0	0	0	0	1	0	0	1	6
2013/12/29-03:02:56	83	1,243.931	58.771	0	0	0	0	0	0	0	1	1	0	0	8
2013/12/29-03:03:23	83	1,243.931	58.771	0	0	1	0	0	0	0	1	0	0	1	8
2013/12/29-03:03:50	83	1,243.931	58.771	0	0	1	0	0	0	0	1	0	0	1	8
2013/12/29-08:24:08	85	1,218.357	65.026	0	0	1	0	0	0	0	1	0	0	1	8
2013/12/29-08:24:35	85	1,218.357	65.026	0	0	1	0	0	0	0	1	0	0	1	8
2013/12/29-08:25:01	85	1,218.357	65.026	0	0	1	0	0	0	0	1	0	0	1	8
2013/12/29-08:25:28	85	1,218.357	65.026	0	0	1	0	0	0	0	1	0	0	1	8
2013/12/29-08:26:13	85	1,218.357	65.026	0	0	1	0	0	0	0	1	0	0	1	8
2013/12/29-08:31:27	85	1,218.357	65.026	1	0	0	0	1	0	0	1	1	0	0	20
2013/12/29-08:32:06	85	1,218.357	65.026	0	0	1	0	0	0	0	1	0	0	1	4
2013/12/29-08:32:29	85	1,218.357	65.026	0	0	1	0	0	0	0	1	0	0	1	8
2013/12/29-08:33:39	85	1,218.357	65.026	0	0	1	0	0	0	0	1	0	0	1	8
2013/12/29-08:34:06	85	1,218.357	65.026	0	0	1	0	0	0	0	1	0	0	1	8
2013/12/29-08:42:00	91	1,154.772	58.909	0	0	1	0	0	0	0	1	0	0	1	8
2013/12/29-08:42:27	91	1,154.772	58.909	0	0	1	0	0	0	0	1	0	0	1	8
2013/12/29-08:42:55	91	1,154.772	58.909	0	0	1	0	0	0	0	1	0	0	1	8
2013/12/29-08:43:22	91	1,154.772	58.909	0	0	1	0	0	0	0	1	0	0	1	8
2013/12/29-08:43:49	91	1,154.772	58.909	0	0	0	0	0	0	0	1	1	0	0	8
2013/12/29-09:45:45	91	1,142.494	56.068	0	0	1	0	0	0	0	1	0	0	1	7
2013/12/29-09:46:38	91	1,142.494	56.068	0	0	1	0	0	0	0	1	0	0	1	8
2013/12/29-09:47:25	92	1,146.447	56.267	0	0	1	0	0	0	0	1	0	0	1	8
2013/12/29-09:48:22	92	1,146.447	56.267	0	0	1	0	0	0	0	1	0	0	1	8
2013/12/29-09:49:22	92	1,146.447	56.267	0	0	1	0	0	0	0	1	0	0	1	8
2013/12/29-09:59:24	92	1,146.447	56.267	0	0	1	0	0	0	0	1	0	0	1	6
2013/12/29-10:00:09	92	1,146.447	56.267	0	0	1	0	0	0	0	1	0	0	1	8
2013/12/29-10:00:52	92	1,146.447	56.267	0	0	1	0	0	0	0	1	0	0	1	8
2013/12/29-10:01:35	92	1,146.447	56.267	0	0	1	0	0	0	0	1	0	0	1	8
2013/12/29-10:02:10	92	1,146.447	56.267	0	0	1	0	0	0	0	1	0	0	1	8
2013/12/29-10:12:49	92	1,146.447	56.267	0	0	1	0	0	0	0	1	0	0	1	8
2013/12/29-10:13:41	92	1,146.447	56.267	0	0	1	0	0	0	0	1	0	0	1	8
2013/12/29-10:14:09	92	1,146.447	56.267	0	0	1	0	0	0	0	1	0	0	1	8
2013/12/29-10:14:53	92	1,146.447	56.267	0	0	1	0	0	0	0	1	0	0	1	8
2013/12/29-10:15:23	92	1,146.447	56.267	0	0	1	0	0	0	0	1	0	0	1	8
2013/12/29-10:39:07	92	1,147.536	53.627	0	0	1	0	0	0	0	1	0	0	1	8
2013/12/29-10:39:41	92	1,147.536	53.627	0	0	1	0	0	0	0	1	0	0	1	8
2013/12/29-10:40:21	92	1,147.536	53.627	0	0	1	0	0	0	0	1	0	0	1	8
2013/12/29-10:41:00	92	1,147.536	53.627	0	0	1	0	0	0	0	1	0	0	1	8
2013/12/29-10:41:51	92	1,147.536	53.627	0	0	1	0	0	0	0	1	0	0	1	8
2013/12/29-10:49:57	92	1,147.536	53.627	0	0	1	0	0	0	0	1	0	0	1	8
2013/12/29-10:50:24	92	1,147.536	53.627	0	0	1	0	0	0	0	1	0	0	1	8
2013/12/29-10:50:51	92	1,147.536	53.627	0	0	1	0	0	0	0	1	0	0	1	8
2013/12/29-10:51:28	92	1,147.536	53.627	0	0	1	0	0	0	0	1	0	0	1	8
2013/12/29-10:51:59	92	1,147.536	53.627	0	0	1	0	0	0	0	1	0	0	1	8
2013/12/29-11:02:09	92	1,142.712	51.824	0	0	1	0	0	0	0	1	0	0	1	8
2013/12/29-11:02:35	92	1,142.712	51.824	0	0	1	0	0	0	0	1	0	0	1	8
2013/12/29-11:03:10	92	1,142.712	51.824	0	0	1	0	0	0	0	1	0	0	1	8
2013/12/29-11:03:36	92	1,142.712	51.824	0	0	1	0	0	0	0	1	0	0	1	8
2013/12/29-11:04:08	92	1,142.712	51.824	0	0	1	0	0	0	0	1	0	0	1	8
2013/12/29-11:25:47	92	1,142.712	51.824	0	0	1	0	0	0	0	1	0	0	1	8
2013/12/29-11:26:41	92	1,142.712	51.824	0	0	1	0	0	0	0	1	0	0	1	8
2013/12/29-11:27:17	92	1,142.712	51.824	0	0	1	0	0	0	0	1	0	0	1	8
2013/12/29-11:28:35	92	1,142.712	51.824	0	0	1	0	0	0	0	1	0	0	1	8
2013/12/29-11:29:27	92	1,142.712	51.824	0	0	1	0	0	0	0	1	0	0	1	8
2013/12/29-11:40:20	93	1,138.943	49.927	0	0	1	0	0	0	0	1	0	0	1	8
2013/12/29-11:41:09	93	1,138.943	49.927	0	0	0	0	0	0	0	1	1	0	0	8
2013/12/29-11:41:36	93	1,138.943	49.927	0	0	1	0	0	0	0	1	0	0	1	8
2013/12/29-11:42:22	93	1,138.943	49.927	0	0	1	0	0	0	0	1	0	0	1	8
2013/12/29-11:43:12	93	1,138.943	49.927	0	0	1	0	0	0	0	1	0	0	1	8
2013/12/29-11:44:13	93	1,138.943	49.927	1	0	0	0	0	0	0	1	1	0	0	8
2013/12/29-11:55:08	93	1,138.943	49.927	0	0	1	0	0	0	0	1	0	0	1	8
2013/12/29-11:55:35	93	1,138.943	49.927	0	0	1	0	0	0	0	1	0	0	1	8
2013/12/29-11:56:02	93	1,138.943	49.927	0	0	1	0	0	0	0	1	0	0	1	8
2013/12/29-11:56:29	93	1,138.943	49.927	0	0	1	0	0	0	0	1	0	0	1	8
2013/12/29-11:56:55	93	1,138.943	49.927	0	0	1	0	0	0	0	1	0	0	1	8
2013/12/29-12:24:44	91	1,153.092	47.648	0	0	1	0	0	0	0	1	0	0	1	8
2013/12/29-12:25:11	91	1,153.092	47.648	0	0	1	0	0	0	0	1	0	0	1	8
2013/12/29-12:25:38	91	1,153.092	47.648	0	0	1	0	0	0	0	1	0	0	1	8
2013/12/29-12:26:36	91	1,153.092	47.648	0	0	1	0	0	0	0	1	0	0	1	8
2013/12/29-12:27:04	91	1,153.092	47.648	0	0	1	0	0	0	0	1	0	0	1	8
2013/12/29-12:32:36	91	1,153.092	47.648	0	0	1	0	0	0	0	1	0	0	1	8
2013/12/29-12:33:13	91	1,153.092	47.648	0	0	1	0	0	0	0	1	0	0	1	8
2013/12/29-12:34:02	91	1,153.092	47.648	5	0	0	0	1	0	0	1	1	0	0	26
2013/12/29-12:34:47	91	1,153.092	47.648	12	0	0	1	0	0	0	1	1	0	0	60
2013/12/29-12:36:06	91	1,153.092	47.648	0	0	1	0	0	0	0	1	0	0	1	8
2013/12/29-12:50:35	89	1,179.271	45.973	0	0	1	0	0	0	0	1	0	0	1	8
2013/12/29-12:51:23	89	1,179.271	45.973	0	0	1	0	0	0	0	1	0	0	1	8
2013/12/29-12:52:12	89	1,179.271	45.973	0	0	1	0	0	0	0	1	0	0	1	8
2013/12/29-12:53:05	89	1,179.271	45.973	0	0	1	0	0	0	0	1	0	0	1	8
2013/12/29-12:53:45	89	1,179.271	45.973	0	0	1	0	0	0	0	1	0	0	1	8
2013/12/29-13:18:46	89	1,179.271	45.973	0	0	1	0	0	0	0	1	0	0	1	8
2013/12/29-13:19:45	89	1,179.271	45.973	0	0	1	0	0	0	0	1	0	0	1	8
2013/12/29-13:20:35	89	1,179.271	45.973	4	0	0	0	1	0	0	1	1	0	0	27
2013/12/29-13:21:21	90	1,176.402	44.978	0	0	1	0	0	0	0	1	0	0	1	8
2013/12/29-13:22:22	90	1,176.402	44.978	0	0	1	0	0	0	0	1	0	0	1	8
2013/12/29-13:27:19	90	1,176.402	44.978	0	0	1	0	0	0	0	1	0	0	1	8
2013/12/29-13:27:46	90	1,176.402	44.978	0	0	1	0	0	0	0	1	0	0	1	8
2013/12/29-13:28:13	90	1,176.402	44.978	0	0	1	0	0	0	0	1	0	0	1	8
2013/12/29-13:28:40	90	1,176.402	44.978	0	0	1	0	0	0	0	1	0	0	1	8
2013/12/29-13:29:06	90	1,176.402	44.978	0	0	1	0	0	0	0	1	0	0	1	8
2013/12/29-13:39:40	90	1,176.402	44.978	0	0	1	0	0	0	0	1	0	0	1	6
2013/12/29-13:40:27	90	1,176.402	44.978	0	0	1	0	0	0	0	1	0	0	1	8
2013/12/29-13:41:23	90	1,176.402	44.978	0	0	1	0	0	0	0	1	0	0	1	8
2013/12/29-13:42:00	90	1,176.402	44.978	0	0	1	0	0	0	0	1	0	0	1	8
2013/12/29-13:42:32	90	1,176.402	44.978	0	0	1	0	0	0	0	1	0	0	1	8
2013/12/29-14:11:04	92	1,160.675	42.965	0	0	1	0	0	0	0	1	0	0	1	8
2013/12/29-14:11:55	92	1,160.675	42.965	0	0	1	0	0	0	0	1	0	0	1	8
2013/12/29-14:12:33	92	1,160.675	42.965	0	0	1	0	0	0	0	1	0	0	1	8
2013/12/29-14:13:17	92	1,160.675	42.965	0	0	1	0	0	0	0	1	0	0	1	8
2013/12/29-14:13:55	92	1,160.675	42.965	0	0	1	0	0	0	0	1	0	0	1	8
2013/12/29-14:14:37	92	1,160.675	42.965	0	0	1	0	0	0	0	1	0	0	1	8
2013/12/29-14:15:13	92	1,160.675	42.965	0	0	1	0	0	0	0	1	0	0	1	8
2013/12/29-14:16:32	92	1,160.675	42.965	0	0	1	0	0	0	0	1	0	0	1	8
2013/12/29-14:16:59	92	1,160.675	42.965	0	0	1	0	0	0	0	1	0	0	1	8
2013/12/29-14:17:39	92	1,160.675	42.965	0	0	1	0	0	0	0	1	0	0	1	8
2013/12/29-14:31:42	92	1,155.977	42.068	0	0	1	0	0	0	0	1	0	0	1	8
2013/12/29-14:32:09	92	1,155.977	42.068	0	0	1	0	0	0	0	1	0	0	1	8
2013/12/29-14:32:36	92	1,155.977	42.068	0	0	1	0	0	0	0	1	0	0	1	8
2013/12/29-14:33:03	92	1,155.977	42.068	0	0	1	0	0	0	0	1	0	0	1	8
2013/12/29-14:33:32	92	1,155.977	42.068	0	0	1	0	0	0	0	1	0	0	1	7
2013/12/29-14:58:51	92	1,155.977	42.068	0	0	1	0	0	0	0	1	0	0	1	8
2013/12/29-14:59:46	92	1,155.977	42.068	0	0	1	0	0	0	0	1	0	0	1	8
2013/12/29-15:00:28	92	1,155.977	42.068	0	0	1	0	0	0	0	1	0	0	1	8
2013/12/29-15:01:06	92	1,155.977	42.068	0	0	1	0	0	0	0	1	0	0	1	8
2013/12/29-15:01:39	92	1,155.977	42.068	0	0	1	0	0	0	0	1	0	0	1	8
2013/12/29-15:11:20	93	1,146.682	41	0	0	1	0	0	0	0	1	0	0	1	8
2013/12/29-15:11:48	93	1,146.682	41	0	0	1	0	0	0	0	1	0	0	1	8
2013/12/29-15:12:16	93	1,146.682	41	0	0	1	0	0	0	0	1	0	0	1	8
2013/12/29-15:13:10	93	1,146.682	41	0	0	1	0	0	0	0	1	0	0	1	8
2013/12/29-15:14:05	93	1,146.682	41	0	0	1	0	0	0	0	1	0	0	1	8
2013/12/29-15:25:12	93	1,146.682	41	0	0	1	0	0	0	0	1	0	0	1	8
2013/12/29-15:25:39	93	1,146.682	41	0	0	1	0	0	0	0	1	0	0	1	8
2013/12/29-15:26:14	93	1,146.682	41	0	0	1	0	0	0	0	1	0	0	1	8
2013/12/29-15:26:41	93	1,146.682	41	0	0	1	0	0	0	0	1	0	0	1	8
2013/12/29-15:27:07	93	1,146.682	41	0	0	1	0	0	0	0	1	0	0	1	8
2013/12/29-15:42:37	93	1,146.682	41	5	0	0	5	0	0	0	1	1	0	0	28
2013/12/29-15:43:15	93	1,146.682	41	1	0	0	0	0	0	0	1	1	0	0	5
2013/12/29-15:43:35	93	1,146.682	41	7	0	0	14	1	0	0	1	1	0	0	43
2013/12/29-15:44:36	93	1,146.682	41	1	0	0	3	1	0	0	1	1	0	0	13
2013/12/29-15:45:08	93	1,146.682	41	0	0	0	0	0	0	0	1	0	1	0	0
2013/12/29-16:59:47	93	1,146.682	41	0	0	1	0	0	0	0	1	0	0	1	5
2013/12/29-17:00:21	93	1,146.682	41	0	0	1	0	0	0	0	1	0	0	1	6
2013/12/29-21:02:16	92	1,160.999	43.788	0	0	1	0	0	0	0	1	0	0	1	8
2013/12/29-21:03:08	92	1,160.999	43.788	0	0	1	0	0	0	0	1	0	0	1	8
2013/12/29-21:04:27	90	1,159.404	44.252	0	0	1	0	0	0	0	1	0	0	1	8
2013/12/29-21:05:16	90	1,159.404	44.252	0	0	1	0	0	0	0	1	0	0	1	8
2013/12/29-21:06:34	90	1,159.404	44.252	0	0	1	0	0	0	0	1	0	0	1	8
2013/12/29-21:23:25	90	1,159.404	44.252	0	0	1	0	0	0	0	1	0	0	1	8
2013/12/29-21:23:55	90	1,159.404	44.252	0	0	1	0	0	0	0	1	0	0	1	8
2013/12/29-21:24:45	90	1,159.404	44.252	0	0	1	0	0	0	0	1	0	0	1	8
2013/12/29-21:26:04	90	1,159.404	44.252	0	0	1	0	0	0	0	1	0	0	1	8
2013/12/29-21:26:31	90	1,159.404	44.252	0	0	1	0	0	0	0	1	0	0	1	8
2013/12/29-21:38:21	90	1,159.404	44.252	0	0	1	0	0	0	0	1	0	0	1	8
2013/12/29-21:38:50	90	1,159.404	44.252	0	0	1	0	0	0	0	1	0	0	1	8
2013/12/29-21:39:17	90	1,159.404	44.252	0	0	1	0	0	0	0	1	0	0	1	8
2013/12/29-21:39:44	90	1,158.983	42.598	0	0	1	0	0	0	0	1	0	0	1	8
2013/12/29-21:40:11	90	1,158.983	42.598	0	0	0	0	0	0	0	1	1	0	0	14
2013/12/30-04:35:34	89	1,162.906	56.728	0	0	1	0	0	0	0	1	0	0	1	8
2013/12/30-04:36:01	89	1,162.906	56.728	0	0	1	0	0	0	0	1	0	0	1	8
2013/12/30-04:36:28	89	1,162.906	56.728	0	0	1	0	0	0	0	1	0	0	1	8
2013/12/30-04:36:55	89	1,162.906	56.728	0	0	1	0	0	0	0	1	0	0	1	8
2013/12/30-04:37:22	89	1,162.906	56.728	0	0	1	0	0	0	0	1	0	0	1	8
2013/12/30-04:52:06	90	1,157.354	54.285	0	0	1	0	0	0	0	1	1	0	0	8
2013/12/30-04:52:33	90	1,157.354	54.285	0	0	0	0	0	0	0	1	1	0	0	8
2013/12/30-04:53:00	90	1,157.354	54.285	0	0	1	0	0	0	0	1	0	0	1	8
2013/12/30-04:53:27	90	1,157.354	54.285	0	0	1	0	0	0	0	1	0	0	1	8
2013/12/30-04:53:54	90	1,157.354	54.285	0	0	1	0	0	0	0	1	0	0	1	8
2013/12/30-04:59:53	90	1,157.354	54.285	0	0	1	0	0	0	0	1	0	0	1	8
2013/12/30-05:00:20	90	1,157.354	54.285	0	0	1	0	0	0	0	1	0	0	1	8
2013/12/30-05:00:47	90	1,157.354	54.285	0	0	1	0	0	0	0	1	0	0	1	8
2013/12/30-05:01:14	90	1,157.354	54.285	0	0	1	0	0	0	0	1	0	0	1	8
2013/12/30-05:01:41	90	1,157.354	54.285	0	0	1	0	0	0	0	1	0	0	1	8
2013/12/30-09:13:39	89	1,162.201	58.292	0	0	1	0	0	0	0	1	0	0	1	8
2013/12/30-09:14:58	89	1,162.201	58.292	0	0	1	0	0	0	0	1	0	0	1	8
2013/12/30-09:16:17	89	1,162.201	58.292	0	0	1	0	0	0	0	1	0	0	1	8
2013/12/30-09:17:36	89	1,162.201	58.292	0	0	1	0	0	0	0	1	0	0	1	8
2013/12/30-09:18:54	89	1,162.201	58.292	0	0	1	0	0	0	0	1	0	0	1	8
2013/12/30-09:20:19	89	1,162.201	58.292	0	0	1	0	0	0	0	1	0	0	1	8
2013/12/30-09:21:07	89	1,162.201	58.292	0	0	1	0	0	0	0	1	0	0	1	8
2013/12/30-09:21:39	89	1,162.201	58.292	0	0	1	0	0	0	0	1	0	0	1	8
2013/12/30-09:22:13	89	1,162.201	58.292	0	0	1	0	0	0	0	1	0	0	1	8
2013/12/30-09:22:46	89	1,162.201	58.292	0	0	1	0	0	0	0	1	0	0	1	8
2013/12/30-09:36:50	90	1,152.711	55.144	0	0	1	0	0	0	0	1	0	0	1	8
2013/12/30-09:37:27	90	1,152.711	55.144	0	0	1	0	0	0	0	1	0	0	1	8
2013/12/30-09:38:04	90	1,152.711	55.144	0	0	1	0	0	0	0	1	0	0	1	8
2013/12/30-09:38:49	90	1,152.711	55.144	0	0	1	0	0	0	0	1	0	0	1	8
2013/12/30-09:39:36	90	1,152.711	55.144	0	0	1	0	0	0	0	1	0	0	1	8
2013/12/30-14:00:41	92	1,136.777	60.655	0	0	1	0	0	0	0	1	0	0	1	8
2013/12/30-14:01:21	92	1,136.777	60.655	0	0	1	0	0	0	0	1	0	0	1	8
2013/12/30-14:01:58	92	1,136.777	60.655	0	0	1	0	0	0	0	1	0	0	1	8
2013/12/30-14:03:03	92	1,136.777	60.655	0	0	1	0	0	0	0	1	0	0	1	8
2013/12/30-14:04:22	92	1,136.777	60.655	0	0	1	0	0	0	0	1	0	0	1	8
2013/12/30-14:16:23	92	1,126.538	59.615	0	0	1	0	0	0	0	1	0	0	1	8
2013/12/30-14:16:52	92	1,126.538	59.615	0	0	1	0	0	0	0	1	0	0	1	8
2013/12/30-14:17:19	92	1,126.538	59.615	0	0	1	0	0	0	0	1	0	0	1	8
2013/12/30-14:17:50	92	1,126.538	59.615	0	0	1	0	0	0	0	1	0	0	1	8
2013/12/30-14:18:19	92	1,126.538	59.615	0	0	1	0	0	0	0	1	0	0	1	8
2013/12/30-14:19:02	92	1,126.538	59.615	1	0	0	0	0	0	0	1	1	0	0	8
2013/12/30-14:31:44	92	1,126.538	59.615	0	0	1	0	0	0	0	1	0	0	1	8
2013/12/30-14:32:11	92	1,126.538	59.615	0	0	1	0	0	0	0	1	0	0	1	8
2013/12/30-14:32:38	92	1,126.538	59.615	0	0	1	0	0	0	0	1	0	0	1	8
2013/12/30-14:33:05	92	1,126.538	59.615	0	0	1	0	0	0	0	1	0	0	1	8
2013/12/30-14:33:32	92	1,126.538	59.615	0	0	1	0	0	0	0	1	0	0	1	8
2013/12/30-20:19:55	94	1,105.77	64.915	0	0	1	0	0	0	0	1	0	0	1	8
2013/12/30-20:20:22	94	1,105.77	64.915	0	0	1	0	0	0	0	1	0	0	1	8
2013/12/30-20:20:49	94	1,105.77	64.915	0	0	1	0	0	0	0	1	0	0	1	8
2013/12/30-20:21:16	94	1,105.77	64.915	0	0	1	0	0	0	0	1	0	0	1	8
2013/12/30-20:21:43	94	1,105.77	64.915	0	0	1	0	0	0	0	1	0	0	1	8
2013/12/30-20:37:33	93	1,112.121	61.452	0	0	1	0	0	0	0	1	0	0	1	8
2013/12/30-20:38:00	93	1,112.121	61.452	0	0	1	0	0	0	0	1	0	0	1	8
2013/12/30-20:38:27	93	1,112.121	61.452	0	0	1	0	0	0	0	1	0	0	1	8
2013/12/30-20:38:54	93	1,112.121	61.452	0	0	1	0	0	0	0	1	0	0	1	8
2013/12/30-20:39:21	93	1,112.121	61.452	0	0	0	0	0	0	0	1	1	0	0	8
2013/12/30-20:44:38	93	1,112.121	61.452	0	0	1	0	0	0	0	1	0	0	1	8
2013/12/30-20:45:05	93	1,112.121	61.452	0	0	0	0	0	0	0	1	1	0	0	8
2013/12/30-20:45:32	93	1,112.121	61.452	0	0	1	0	0	0	0	1	0	0	1	8
2013/12/30-20:45:59	93	1,112.121	61.452	0	0	1	0	0	0	0	1	0	0	1	8
2013/12/30-20:46:28	93	1,112.121	61.452	0	0	1	0	0	0	0	1	0	0	1	8
2013/12/30-23:34:53	89	1,147.692	57.973	0	0	1	0	0	0	0	1	0	0	1	3
2013/12/30-23:35:07	89	1,147.692	57.973	0	0	1	0	0	0	0	1	0	0	1	8
2013/12/30-23:35:42	89	1,147.692	57.973	0	0	1	0	0	0	0	1	0	0	1	8
2013/12/30-23:36:10	89	1,147.692	57.973	0	0	1	0	0	0	0	1	0	0	1	3
2013/12/30-23:38:35	89	1,147.692	57.973	0	0	1	0	0	0	0	1	0	0	1	4
2013/12/30-23:38:52	89	1,147.692	57.973	0	0	1	0	0	0	0	1	0	0	1	5
2013/12/30-23:39:25	89	1,147.692	57.973	0	0	1	0	0	0	0	1	0	0	1	3
2013/12/30-23:40:14	89	1,147.692	57.973	0	0	1	0	0	0	0	1	0	0	1	8
2013/12/30-23:40:45	89	1,147.692	57.973	0	0	1	0	0	0	0	1	0	0	1	8
2013/12/30-23:41:13	89	1,147.692	57.973	0	0	1	0	0	0	0	1	0	0	1	3
2013/12/30-23:41:35	89	1,147.692	57.973	0	0	1	0	0	0	0	1	0	0	1	6
2013/12/30-23:41:59	89	1,147.692	57.973	0	0	1	0	0	0	0	1	0	0	1	8
2013/12/30-23:43:16	89	1,147.692	57.973	0	0	1	0	0	0	0	1	0	0	1	8
2013/12/30-23:43:55	89	1,147.692	57.973	0	0	1	0	0	0	0	1	0	0	1	6
2013/12/31-00:21:38	87	1,172.242	55.307	0	0	1	0	0	0	0	1	0	0	1	3
2013/12/31-00:22:08	87	1,172.242	55.307	0	0	1	0	0	0	0	1	0	0	1	3
2013/12/31-00:22:55	87	1,172.242	55.307	1	0	1	0	0	0	0	1	0	0	1	23
2013/12/31-00:23:37	87	1,172.242	55.307	0	0	1	0	0	0	0	1	0	0	1	8
2013/12/31-00:24:11	87	1,172.242	55.307	0	0	1	0	0	0	0	1	0	0	1	4
2013/12/31-00:24:34	87	1,172.242	55.307	0	0	1	0	0	0	0	1	0	0	1	8
2013/12/31-00:25:15	87	1,172.242	55.307	0	0	1	0	0	0	0	1	0	0	1	8
2013/12/31-00:26:04	87	1,172.242	55.307	0	0	1	0	0	0	0	1	0	0	1	4
2013/12/31-00:26:28	87	1,172.242	55.307	0	0	1	0	0	0	0	1	0	0	1	3
2013/12/31-00:26:49	87	1,172.242	55.307	1	0	0	0	0	0	0	1	1	0	0	19
2013/12/31-00:27:26	87	1,172.242	55.307	0	0	1	0	0	0	0	1	0	0	1	5
2013/12/31-00:27:54	87	1,172.242	55.307	0	0	1	0	0	0	0	1	0	0	1	8
2013/12/31-00:29:01	85	1,196.376	53.374	0	0	1	0	0	0	0	1	0	0	1	8
2013/12/31-00:29:28	85	1,196.376	53.374	0	0	1	0	0	0	0	1	0	0	1	8
2013/12/31-01:10:12	85	1,196.376	53.374	0	0	1	0	0	0	0	1	0	0	1	3
2013/12/31-01:10:41	85	1,194.243	53.096	0	0	1	0	0	0	0	1	0	0	1	4
2013/12/31-01:11:04	85	1,194.243	53.096	0	0	1	0	0	0	0	1	0	0	1	8
2013/12/31-01:12:53	85	1,194.243	53.096	0	0	1	0	0	0	0	1	0	0	1	4
2013/12/31-01:13:45	85	1,194.243	53.096	0	0	1	0	0	0	0	1	0	0	1	4
2013/12/31-01:14:53	85	1,194.243	53.096	0	0	1	0	0	0	0	1	0	0	1	3
2013/12/31-01:15:21	85	1,194.243	53.096	0	0	1	0	0	0	0	1	0	0	1	8
2013/12/31-01:16:15	85	1,194.243	53.096	0	0	1	0	0	0	0	1	0	0	1	4
2013/12/31-01:16:37	85	1,194.243	53.096	0	0	1	0	0	0	0	1	0	0	1	8
2013/12/31-01:17:45	85	1,194.243	53.096	0	0	1	0	0	0	0	1	0	0	1	3
2013/12/31-01:18:33	85	1,194.243	53.096	0	0	1	0	0	0	0	1	0	0	1	3
2013/12/31-01:19:10	85	1,194.243	53.096	0	0	1	0	0	0	0	1	0	0	1	3
2013/12/31-01:19:31	85	1,194.243	53.096	0	0	1	0	0	0	0	1	0	0	1	8
2013/12/31-01:20:34	85	1,194.243	53.096	0	0	1	0	0	0	0	1	0	0	1	8
2013/12/31-02:01:35	85	1,199.837	51.967	0	0	1	0	0	0	0	1	0	0	1	3
2013/12/31-02:01:56	85	1,199.837	51.967	0	0	1	0	0	0	0	1	0	0	1	3
2013/12/31-02:03:15	85	1,199.837	51.967	0	0	1	0	0	0	0	1	0	0	1	8
2013/12/31-02:04:29	85	1,199.837	51.967	0	0	1	0	0	0	0	1	0	0	1	4
2013/12/31-02:05:14	85	1,199.837	51.967	0	0	1	0	0	0	0	1	0	0	1	8
2013/12/31-02:06:03	85	1,199.837	51.967	0	0	1	0	0	0	0	1	0	0	1	8
2013/12/31-02:06:44	85	1,199.837	51.967	0	0	1	0	0	0	0	1	0	0	1	5
2013/12/31-02:07:54	85	1,199.837	51.967	0	0	1	0	0	0	0	1	0	0	1	8
2013/12/31-02:08:24	85	1,199.837	51.967	0	0	0	0	0	0	0	1	1	0	0	8
2013/12/31-02:08:51	85	1,199.837	51.967	0	0	1	0	0	0	0	1	0	0	1	8
2013/12/31-02:09:59	85	1,199.837	51.967	4	0	0	0	0	0	0	1	1	0	0	90
2013/12/31-02:11:48	85	1,199.837	51.967	2	0	0	0	0	0	0	1	1	0	0	13
2013/12/31-02:12:19	85	1,199.837	51.967	0	0	1	0	0	0	0	1	0	0	1	8
2013/12/31-02:13:02	85	1,199.837	51.967	0	0	1	0	0	0	0	1	0	0	1	3
2013/12/31-02:52:05	85	1,245.389	49.989	0	0	1	0	0	0	0	1	0	0	1	3
2013/12/31-02:52:41	85	1,245.389	49.989	0	0	1	0	0	0	0	1	0	0	1	8
2013/12/31-02:53:09	85	1,245.389	49.989	0	0	1	0	0	0	0	1	0	0	1	5
2013/12/31-02:53:44	85	1,245.389	49.989	0	0	1	0	0	0	0	1	0	0	1	8
2013/12/31-02:54:24	85	1,245.389	49.989	0	0	1	0	0	0	0	1	0	0	1	8
2013/12/31-02:55:07	85	1,245.389	49.989	0	0	1	0	0	0	0	1	0	0	1	4
2013/12/31-02:55:48	85	1,245.389	49.989	0	0	0	0	0	0	0	1	1	0	0	3
2013/12/31-02:56:16	85	1,245.389	49.989	0	0	1	0	0	0	0	1	0	0	1	8
2013/12/31-02:57:03	85	1,245.389	49.989	0	0	1	0	0	0	0	1	0	0	1	8
2013/12/31-02:58:15	85	1,245.389	49.989	0	0	0	0	0	0	0	1	1	0	0	3
2013/12/31-02:58:38	85	1,245.389	49.989	0	0	1	0	0	0	0	1	0	0	1	3
2013/12/31-02:58:59	85	1,245.389	49.989	0	0	1	0	0	0	0	1	0	0	1	8
2013/12/31-02:59:40	85	1,245.389	49.989	0	0	1	0	0	0	0	1	0	0	1	8
2013/12/31-03:00:11	85	1,245.389	49.989	0	0	1	0	0	0	0	1	0	0	1	8
2013/12/31-03:40:46	84	1,257.742	47.73	0	0	1	0	0	0	0	1	0	0	1	3
2013/12/31-03:42:05	84	1,257.742	47.73	0	0	1	0	0	0	0	1	0	0	1	5
2013/12/31-03:42:29	84	1,257.742	47.73	0	0	1	0	0	0	0	1	0	0	1	5
2013/12/31-03:42:52	84	1,257.742	47.73	0	0	1	0	0	0	0	1	0	0	1	5
2013/12/31-03:43:26	84	1,257.742	47.73	0	0	1	0	0	0	0	1	0	0	1	8
2013/12/31-03:44:17	84	1,257.742	47.73	0	0	1	0	0	0	0	1	0	0	1	4
2013/12/31-03:45:07	84	1,257.742	47.73	0	0	1	0	0	0	0	1	0	0	1	8
2013/12/31-03:45:55	84	1,257.742	47.73	0	0	1	0	0	0	0	1	0	0	1	8
2013/12/31-03:46:21	84	1,257.742	47.73	0	0	1	0	0	0	0	1	0	0	1	8
2013/12/31-03:47:23	84	1,257.742	47.73	0	0	1	0	0	0	0	1	0	0	1	4
2013/12/31-03:47:46	84	1,257.742	47.73	0	0	1	0	0	0	0	1	0	0	1	3
2013/12/31-03:48:44	84	1,257.742	47.73	0	0	1	0	0	0	0	1	0	0	1	8
2013/12/31-03:49:35	84	1,257.742	47.73	0	0	1	0	0	0	0	1	0	0	1	3
2013/12/31-03:50:18	84	1,257.742	47.73	0	0	1	0	0	0	0	1	0	0	1	3
2013/12/31-04:27:08	85	1,244.135	45.994	0	0	1	0	0	0	0	1	0	0	1	4
2013/12/31-04:27:56	85	1,244.135	45.994	0	0	1	0	0	0	0	1	0	0	1	5
2013/12/31-04:29:38	85	1,244.135	45.994	0	0	0	0	0	0	0	1	1	0	0	3
2013/12/31-04:29:59	85	1,244.135	45.994	0	0	1	0	0	0	0	1	0	0	1	8
2013/12/31-04:30:29	85	1,244.135	45.994	0	0	1	0	0	0	0	1	0	0	1	8
2013/12/31-04:31:22	85	1,244.135	45.994	0	0	1	0	0	0	0	1	0	0	1	8
2013/12/31-04:32:27	85	1,244.135	45.994	0	0	1	0	0	0	0	1	0	0	1	3
2013/12/31-04:33:52	85	1,244.135	45.994	0	0	1	0	0	0	0	1	0	0	1	8
2013/12/31-04:34:23	85	1,244.135	45.994	0	0	1	0	0	0	0	1	0	0	1	8
2013/12/31-04:34:51	85	1,244.135	45.994	0	0	1	0	0	0	0	1	0	0	1	3
2013/12/31-04:35:12	85	1,244.135	45.994	0	0	1	0	0	0	0	1	0	0	1	8
2013/12/31-04:35:59	85	1,244.135	45.994	0	0	1	0	0	0	0	1	0	0	1	8
2013/12/31-04:37:14	85	1,244.135	45.994	0	0	1	0	0	0	0	1	0	0	1	8
2013/12/31-04:38:03	84	1,252.025	44.576	0	0	1	0	0	0	0	1	0	0	1	8
2013/12/31-05:15:03	84	1,252.025	44.576	0	0	1	0	0	0	0	1	0	0	1	3
2013/12/31-05:15:38	84	1,252.025	44.576	0	0	1	0	0	0	0	1	0	0	1	8
2013/12/31-05:16:07	84	1,252.025	44.576	0	0	1	0	0	0	0	1	0	0	1	8
2013/12/31-05:16:46	84	1,248.493	44.915	0	0	1	0	0	0	0	1	0	0	1	3
2013/12/31-05:17:07	84	1,248.493	44.915	0	0	1	0	0	0	0	1	0	0	1	5
2013/12/31-05:17:34	84	1,248.493	44.915	0	0	1	0	0	0	0	1	0	0	1	3
2013/12/31-05:19:11	84	1,248.493	44.915	0	0	1	0	0	0	0	1	0	0	1	4
2013/12/31-05:19:40	84	1,248.493	44.915	0	0	1	0	0	0	0	1	0	0	1	8
2013/12/31-05:20:55	84	1,248.493	44.915	0	0	1	0	0	0	0	1	0	0	1	10
2013/12/31-05:21:26	84	1,248.493	44.915	0	0	0	0	0	0	0	1	1	0	0	3
2013/12/31-05:21:48	84	1,248.493	44.915	0	0	1	0	0	0	0	1	0	0	1	8
2013/12/31-05:22:20	84	1,248.493	44.915	0	0	1	0	0	0	0	1	0	0	1	3
2013/12/31-05:22:48	84	1,248.493	44.915	0	0	1	0	0	0	0	1	0	0	1	5
2013/12/31-05:23:19	84	1,248.493	44.915	0	0	1	0	0	0	0	1	0	0	1	3
2013/12/31-06:09:05	84	1,250.989	43.75	0	0	1	0	0	0	0	1	0	0	1	8
2013/12/31-06:09:46	84	1,250.989	43.75	0	0	1	0	0	0	0	1	0	0	1	4
2013/12/31-06:10:09	84	1,250.989	43.75	0	0	1	0	0	0	0	1	0	0	1	6
2013/12/31-06:10:33	84	1,250.989	43.75	0	0	1	0	0	0	0	1	0	0	1	8
2013/12/31-06:11:10	84	1,250.989	43.75	0	0	1	0	0	0	0	1	0	0	1	4
2013/12/31-06:11:35	84	1,250.989	43.75	0	0	1	0	0	0	0	1	0	0	1	3
2013/12/31-06:11:57	84	1,250.989	43.75	0	0	1	0	0	0	0	1	0	0	1	7
2013/12/31-06:12:58	84	1,250.989	43.75	0	0	1	0	0	0	0	1	0	0	1	8
2013/12/31-06:13:32	84	1,250.989	43.75	0	0	1	0	0	0	0	1	0	0	1	8
2013/12/31-06:14:17	84	1,250.989	43.75	0	0	1	0	0	0	0	1	0	0	1	6
2013/12/31-06:14:43	84	1,250.989	43.75	0	0	1	0	0	0	0	1	0	0	1	8
2013/12/31-06:15:17	84	1,250.989	43.75	0	0	1	0	0	0	0	1	0	0	1	8
2013/12/31-06:16:07	84	1,250.989	43.75	0	0	1	0	0	0	0	1	0	0	1	8
2013/12/31-06:16:35	84	1,250.989	43.75	0	0	1	0	0	0	0	1	0	0	1	3
2013/12/31-06:52:09	85	1,245.789	42.345	0	0	1	0	0	0	0	1	0	0	1	3
2013/12/31-06:53:46	85	1,245.789	42.345	0	0	1	0	0	0	0	1	0	0	1	8
2013/12/31-06:54:23	85	1,245.789	42.345	0	0	1	0	0	0	0	1	0	0	1	4
2013/12/31-06:54:46	85	1,245.789	42.345	0	0	1	0	0	0	0	1	0	0	1	3
2013/12/31-06:55:12	85	1,245.789	42.345	0	0	1	0	0	0	0	1	0	0	1	5
2013/12/31-06:55:37	85	1,245.789	42.345	0	0	1	0	0	0	0	1	0	0	1	8
2013/12/31-06:56:19	85	1,245.789	42.345	0	0	1	0	0	0	0	1	0	0	1	8
2013/12/31-06:57:00	85	1,245.789	42.345	0	0	1	0	0	0	0	1	0	0	1	4
2013/12/31-06:57:46	85	1,245.789	42.345	0	0	1	0	0	0	0	1	0	0	1	3
2013/12/31-06:58:07	85	1,245.789	42.345	0	0	1	0	0	0	0	1	0	0	1	8
2013/12/31-06:58:35	85	1,245.789	42.345	0	0	1	0	0	0	0	1	0	0	1	3
2013/12/31-06:59:00	85	1,245.789	42.345	15	0	0	0	0	0	1	1	0	0	1	69
2013/12/31-07:00:28	85	1,245.789	42.345	0	0	1	0	0	0	0	1	0	0	1	8
2013/12/31-07:01:26	85	1,245.789	42.345	0	0	1	0	0	0	0	1	0	0	1	8
2013/12/31-07:41:20	85	1,241.005	41.293	0	0	1	0	0	0	0	1	0	0	1	3
2013/12/31-07:41:58	85	1,241.005	41.293	0	0	1	0	0	0	0	1	0	0	1	4
2013/12/31-07:42:21	85	1,241.005	41.293	0	0	1	0	0	0	0	1	0	0	1	3
2013/12/31-07:44:07	85	1,241.005	41.293	0	0	1	0	0	0	0	1	0	0	1	8
2013/12/31-07:44:40	85	1,241.005	41.293	0	0	1	0	0	0	0	1	0	0	1	6
2013/12/31-07:45:46	85	1,241.005	41.293	0	0	1	0	0	0	0	1	0	0	1	3
2013/12/31-07:46:07	85	1,241.005	41.293	0	0	1	0	0	0	0	1	0	0	1	8
2013/12/31-07:46:55	85	1,241.005	41.293	0	0	1	0	0	0	0	1	0	0	1	8
2013/12/31-07:48:09	85	1,241.005	41.293	0	0	0	0	0	0	0	1	1	0	0	3
2013/12/31-07:48:31	85	1,241.005	41.293	0	0	1	0	0	0	0	1	0	0	1	3
2013/12/31-07:48:52	85	1,241.005	41.293	0	0	1	0	0	0	0	1	0	0	1	8
2013/12/31-07:49:19	85	1,241.005	41.293	0	0	1	0	0	0	0	1	0	0	1	8
2013/12/31-07:49:59	85	1,241.005	41.293	0	0	1	0	0	0	0	1	0	0	1	5
2013/12/31-07:50:33	85	1,241.005	41.293	0	0	1	0	0	0	0	1	0	0	1	8
2014/01/02-15:41:34	89	1,243.136	134.876	0	0	1	0	0	0	0	1	0	0	1	4
2014/01/02-15:42:22	89	1,243.136	134.876	0	0	1	0	0	0	0	1	0	0	1	8
2014/01/02-15:43:41	89	1,243.136	134.876	0	0	1	0	0	0	0	1	0	0	1	4
2014/01/02-15:45:00	89	1,243.136	134.876	0	0	1	0	0	0	0	1	0	0	1	3
2014/01/02-15:45:29	89	1,243.136	134.876	0	0	1	0	0	0	0	1	0	0	1	6
2014/01/02-15:46:55	89	1,243.136	134.876	0	0	1	0	0	0	0	1	0	0	1	4
2014/01/02-15:48:14	89	1,243.136	134.876	0	0	1	0	0	0	0	1	0	0	1	8
2014/01/02-15:49:05	89	1,243.136	134.876	0	0	1	0	0	0	0	1	0	0	1	6
2014/01/02-15:49:31	89	1,243.136	134.876	0	0	1	0	0	0	0	1	0	0	1	3
2014/01/02-15:50:18	89	1,243.136	134.876	0	0	1	0	0	0	0	1	0	0	1	8
2014/01/02-16:03:16	89	1,243.136	134.876	0	0	1	0	0	0	0	1	0	0	1	7
2014/01/02-16:04:00	89	1,243.136	134.876	0	0	1	0	0	0	0	1	0	0	1	8
2014/01/02-16:05:07	89	1,243.136	134.876	0	0	1	0	0	0	0	1	0	0	1	6
2014/01/02-16:05:41	89	1,243.136	134.876	0	0	0	0	0	0	0	1	1	0	0	4
2014/01/02-16:06:04	89	1,243.136	134.876	0	0	1	0	0	0	0	1	0	0	1	8
2014/01/02-22:57:26	87	1,255.714	116.808	8	0	0	4	0	0	0	1	1	0	0	60
2014/01/02-22:58:46	87	1,255.714	116.808	2	0	0	0	0	0	0	1	1	0	0	8
2014/01/02-22:59:13	87	1,255.714	116.808	12	0	0	0	0	0	0	1	0	0	1	60
2014/01/02-23:00:32	87	1,255.714	116.808	4	0	1	0	1	0	0	1	0	0	1	15
2014/01/02-23:01:06	87	1,255.714	116.808	7	0	0	0	2	0	0	1	1	0	0	38
2014/01/02-23:15:56	87	1,255.714	116.808	6	0	0	0	0	0	0	1	1	0	0	12
2014/01/02-23:16:27	87	1,255.714	116.808	3	0	0	0	0	0	1	1	0	0	1	10
2014/01/02-23:17:13	87	1,255.714	116.808	0	0	1	0	0	0	0	1	0	0	1	3
2014/01/02-23:17:38	59	1,493.781	103.474	14	0	0	0	1	0	0	1	1	0	0	47
2014/01/02-23:18:44	59	1,493.781	103.474	3	0	0	0	2	0	0	1	1	0	0	9
2014/01/02-23:33:25	59	1,493.781	103.474	2	0	0	0	1	0	0	1	1	0	0	10
2014/01/02-23:33:53	59	1,493.781	103.474	14	0	0	0	2	0	0	1	1	0	0	40
2014/01/02-23:34:52	59	1,493.781	103.474	5	0	1	0	0	0	0	1	0	0	1	24
2014/01/02-23:35:35	59	1,493.781	103.474	26	0	0	3	0	0	0	1	1	0	0	60
2014/01/02-23:36:54	59	1,493.781	103.474	2	0	0	0	0	0	1	1	0	0	1	4
2014/01/03-04:02:33	35	1,648.544	99.146	1	0	0	0	0	0	0	1	1	0	0	14
2014/01/03-04:03:06	35	1,648.544	99.146	3	0	0	0	2	0	0	1	1	0	0	13
2014/01/03-04:03:38	35	1,648.544	99.146	5	0	0	0	0	0	0	1	1	0	0	15
2014/01/03-04:04:13	35	1,648.544	99.146	4	0	0	0	0	0	0	1	1	0	0	18
2014/01/03-04:04:50	35	1,648.544	99.146	3	0	0	1	1	0	0	1	1	0	0	56
2014/01/03-04:20:06	35	1,648.544	99.146	12	0	0	0	1	0	1	1	1	0	0	10
2014/01/03-04:20:35	35	1,648.544	99.146	8	0	0	1	1	0	0	1	1	0	0	32
2014/01/03-04:21:25	35	1,648.544	99.146	8	0	0	0	0	0	0	1	1	0	0	19
2014/01/03-04:22:03	35	1,648.544	99.146	12	0	0	1	0	0	0	1	1	0	0	40
2014/01/03-04:23:02	35	1,648.544	99.146	3	0	0	3	0	0	0	1	1	0	0	10
2014/01/03-04:37:28	4	1,799.152	85.02	8	0	0	0	1	0	0	1	1	0	0	11
2014/01/03-04:37:58	4	1,799.152	85.02	8	0	0	2	1	0	0	1	1	0	0	47
2014/01/03-04:39:04	4	1,799.152	85.02	10	0	0	0	0	0	0	1	1	0	0	30
2014/01/03-04:39:53	4	1,799.152	85.02	2	0	0	0	0	0	1	1	0	0	1	6
2014/01/03-04:41:13	4	1,799.152	85.02	5	0	0	17	0	0	0	1	1	0	0	60
2014/01/03-08:08:04	3	1,814.245	85.215	7	0	0	0	0	0	0	1	1	0	0	20
2014/01/03-08:08:54	3	1,814.245	85.215	1	0	0	0	0	0	0	1	1	0	0	16
2014/01/03-08:09:28	3	1,814.245	85.215	4	0	0	0	1	0	0	1	1	0	0	23
2014/01/03-08:10:10	3	1,814.245	85.215	15	0	0	3	0	0	0	1	1	0	0	54
2014/01/03-08:11:23	3	1,814.245	85.215	9	0	0	1	0	0	0	1	1	0	0	29
2014/01/03-08:33:05	3	1,814.245	85.215	7	0	0	0	1	0	0	1	1	0	0	23
2014/01/03-08:33:46	3	1,814.245	85.215	4	0	0	0	1	0	0	1	1	0	0	24
2014/01/03-08:34:30	3	1,814.245	85.215	8	0	0	0	0	0	0	1	1	0	0	28
2014/01/03-08:35:17	3	1,814.245	85.215	3	0	0	0	1	0	0	1	1	0	0	16
2014/01/03-08:35:52	1	1,879.844	76.882	11	0	0	5	0	0	0	1	1	0	0	42
2014/01/03-08:53:58	1	1,879.844	76.882	1	0	1	0	0	0	0	1	0	0	1	9
2014/01/03-08:54:52	1	1,879.844	76.882	6	0	0	1	1	0	0	1	1	0	0	28
2014/01/03-08:55:39	1	1,879.844	76.882	18	0	0	0	0	0	0	1	1	0	0	31
2014/01/03-08:56:29	1	1,879.844	76.882	11	0	0	0	0	0	0	1	1	0	0	48
2014/01/03-08:57:37	1	1,879.844	76.882	1	0	0	0	0	0	0	1	1	0	0	12
