2013/09/02-16:34:02	54	1,500	350.775	1	0	0	0	0	0	1	1	0	0	1	3
2013/09/02-16:35:03	54	1,500	350.775	5	0	0	0	1	0	1	1	0	0	1	6
2013/09/02-16:35:37	54	1,500	350.775	15	0	0	0	1	0	1	1	0	0	1	25
2013/09/02-16:36:25	54	1,500	350.775	23	0	0	5	1	0	0	1	1	0	0	46
2013/09/02-16:37:30	54	1,500	350.775	19	0	0	0	1	0	1	1	0	0	1	30
2013/09/02-17:07:44	54	1,500	350.775	12	0	0	0	2	0	0	1	1	0	0	38
2013/09/02-17:08:42	25	1,606.316	271.905	2	0	1	0	0	0	0	1	0	0	1	8
2013/09/02-17:09:47	25	1,606.316	271.905	1	0	0	0	0	0	1	1	0	0	1	3
2013/09/02-17:10:10	25	1,606.316	271.905	26	0	0	0	0	0	1	1	0	0	1	34
2013/09/02-17:11:03	25	1,606.316	271.905	3	0	0	1	0	0	1	1	0	0	1	13
2013/09/02-17:26:27	25	1,606.316	271.905	1	0	0	0	0	0	1	1	0	0	1	3
2013/09/02-17:27:44	25	1,606.316	271.905	2	0	1	0	1	0	0	1	0	0	1	10
2013/09/02-17:28:58	25	1,606.316	271.905	8	0	0	0	1	0	0	1	1	0	0	21
2013/09/02-17:29:38	25	1,606.316	271.905	11	0	0	0	1	0	1	1	0	0	1	9
2013/09/02-17:30:07	25	1,606.316	271.905	11	0	0	0	1	0	1	1	0	0	1	16
2013/09/02-22:58:33	49	1,464.216	213.653	8	0	0	0	0	0	1	1	0	0	1	11
2013/09/02-22:59:50	49	1,464.216	213.653	5	0	1	0	0	0	0	1	0	0	1	13
2013/09/02-23:00:22	49	1,464.216	213.653	17	0	0	1	0	0	0	1	1	0	0	60
2013/09/02-23:01:41	49	1,464.216	213.653	2	0	0	0	1	0	1	1	0	0	1	6
2013/09/02-23:02:05	49	1,464.216	213.653	5	0	0	0	0	0	1	1	0	0	1	8
2013/09/02-23:33:50	56	1,379.285	174.409	5	0	1	0	0	0	0	1	0	0	1	8
2013/09/02-23:34:25	56	1,379.285	174.409	2	0	1	0	0	0	0	1	0	0	1	8
2013/09/02-23:34:52	56	1,379.285	174.409	1	0	0	0	0	0	1	1	0	0	1	3
2013/09/02-23:35:15	56	1,379.285	174.409	4	0	1	0	0	0	0	1	0	0	1	5
2013/09/02-23:35:41	56	1,379.285	174.409	8	0	0	0	2	0	0	1	1	0	0	24
2013/09/02-23:43:24	54	1,394.94	147.273	3	0	1	0	0	0	0	1	0	0	1	7
2013/09/02-23:43:50	54	1,394.94	147.273	4	0	1	0	0	0	0	1	0	0	1	7
2013/09/02-23:44:20	54	1,394.94	147.273	3	0	0	0	1	0	0	1	1	0	0	9
2013/09/02-23:44:48	54	1,394.94	147.273	20	0	0	1	0	0	1	1	0	0	1	33
2013/09/02-23:46:05	54	1,394.94	147.273	7	0	0	0	1	0	1	1	0	0	1	6
2013/09/03-15:14:01	57	1,369.93	128.039	1	0	0	0	1	0	1	1	0	0	1	3
2013/09/03-15:14:23	57	1,369.93	128.039	2	0	0	0	0	0	1	1	0	0	1	6
2013/09/03-15:14:49	57	1,369.93	128.039	4	0	0	0	1	0	0	1	1	0	0	8
2013/09/03-15:15:16	57	1,369.93	128.039	5	0	1	0	0	0	0	1	0	0	1	9
2013/09/03-15:15:44	57	1,369.93	128.039	3	0	0	0	0	0	0	1	1	0	0	8
2013/09/03-15:38:36	54	1,405.133	111.868	6	0	0	0	0	0	1	1	0	0	1	9
2013/09/03-15:39:32	54	1,405.133	111.868	2	0	0	0	0	0	0	1	1	0	0	7
2013/09/03-15:39:58	54	1,405.133	111.868	1	0	0	0	0	0	0	1	1	0	0	3
2013/09/03-15:40:20	54	1,405.133	111.868	2	0	1	0	1	0	0	1	0	0	1	3
2013/09/03-15:40:52	54	1,405.133	111.868	3	0	0	0	1	0	1	1	0	0	1	3
2013/09/03-15:50:45	54	1,405.133	111.868	9	0	1	0	1	0	0	1	0	0	1	20
2013/09/03-15:51:24	54	1,405.133	111.868	1	0	1	0	1	0	0	1	1	0	0	6
2013/09/03-15:51:49	54	1,405.133	111.868	25	0	0	3	0	0	0	1	1	0	0	60
2013/09/03-15:53:08	50	1,448.805	95.851	3	0	1	0	0	0	0	1	0	0	1	18
2013/09/03-15:54:06	50	1,448.805	95.851	6	0	0	0	1	0	1	1	0	0	1	10
2013/09/03-16:32:08	51	1,437.796	91.949	1	0	0	0	0	0	1	1	0	0	1	3
2013/09/03-16:32:33	51	1,437.796	91.949	2	0	0	0	0	0	0	1	1	0	0	5
2013/09/03-16:32:58	51	1,437.796	91.949	2	0	0	0	1	0	0	1	1	0	0	7
2013/09/03-16:33:23	51	1,437.796	91.949	5	0	0	0	0	0	0	1	1	0	0	13
2013/09/03-16:33:54	51	1,437.796	91.949	10	0	1	0	0	0	0	1	0	0	1	17
2013/09/03-16:41:48	51	1,437.796	91.949	6	0	0	0	0	0	0	1	1	0	0	17
2013/09/03-16:42:24	51	1,437.796	91.949	1	0	1	0	0	0	0	1	0	0	1	6
2013/09/03-16:42:49	51	1,437.796	91.949	2	0	1	0	0	0	0	1	0	0	1	9
2013/09/03-16:43:17	51	1,437.796	91.949	4	0	0	0	1	0	1	1	0	0	1	13
2013/09/03-16:43:49	51	1,437.796	91.949	12	0	0	1	0	0	1	1	0	0	1	26
2013/09/03-16:48:52	51	1,437.796	91.949	4	0	0	0	2	0	0	1	1	0	0	15
2013/09/03-16:49:26	51	1,437.796	91.949	2	0	1	0	0	0	0	1	0	0	1	4
2013/09/03-16:49:49	51	1,437.796	91.949	6	0	0	0	1	0	1	1	0	0	1	8
2013/09/03-16:50:16	51	1,437.796	91.949	9	0	0	0	0	0	1	1	0	0	1	13
2013/09/03-16:50:48	51	1,437.796	91.949	1	0	0	0	0	0	0	1	1	0	0	3
2013/09/03-23:55:07	47	1,464.975	87.157	6	0	0	0	0	0	0	1	1	0	0	7
2013/09/03-23:55:33	47	1,464.975	87.157	18	0	0	0	1	0	1	1	0	0	1	31
2013/09/03-23:56:28	47	1,464.975	87.157	8	0	0	0	1	0	0	1	1	0	0	16
2013/09/03-23:57:02	47	1,464.975	87.157	2	0	0	0	3	0	0	1	1	0	0	7
2013/09/03-23:57:28	47	1,464.975	87.157	9	0	0	0	2	0	0	1	1	0	0	27
2013/09/04-11:09:33	47	1,464.975	87.157	4	0	0	0	3	0	0	1	1	0	0	12
2013/09/04-11:10:04	47	1,464.975	87.157	2	0	1	0	0	0	0	1	0	0	1	8
2013/09/04-11:10:31	47	1,464.975	87.157	3	0	0	0	0	0	1	1	0	0	1	4
2013/09/04-11:11:32	39	1,562.975	77.513	16	0	0	0	1	0	0	1	1	0	0	47
2013/09/04-11:12:38	39	1,562.975	77.513	6	0	0	0	0	0	1	1	0	0	1	6
2013/09/04-11:27:06	39	1,562.975	77.513	2	0	1	0	0	0	0	1	0	0	1	7
2013/09/04-11:27:32	39	1,562.975	77.513	3	0	1	0	0	0	0	1	0	0	1	17
2013/09/04-11:28:51	39	1,562.975	77.513	1	0	0	0	0	0	1	1	0	0	1	3
2013/09/04-15:26:57	39	1,562.975	77.513	2	0	0	0	0	0	1	1	0	0	1	3
2013/09/04-15:27:29	39	1,562.975	77.513	11	0	0	1	1	0	1	1	0	0	1	30
2013/09/04-19:14:23	38	1,549.453	75.676	20	0	0	0	0	0	0	1	1	0	0	60
2013/09/04-19:15:42	38	1,549.453	75.676	6	0	0	0	1	0	1	1	0	0	1	9
2013/09/04-19:16:18	38	1,549.453	75.676	3	0	1	0	0	0	0	1	0	0	1	11
2013/09/04-19:17:38	38	1,549.453	75.676	11	0	0	1	2	0	0	1	1	0	0	32
2013/09/04-19:18:29	38	1,549.453	75.676	3	0	0	0	1	0	1	1	0	0	1	9
2013/09/04-19:32:50	39	1,542.065	70.288	7	0	0	0	2	0	0	1	1	0	0	11
2013/09/04-19:33:19	39	1,542.065	70.288	7	0	0	1	2	0	0	1	1	0	0	21
2013/09/04-19:34:00	39	1,542.065	70.288	9	0	0	0	2	0	1	1	0	0	1	15
2013/09/04-19:34:34	39	1,542.065	70.288	2	0	0	0	0	0	0	1	1	0	0	5
2013/09/04-19:34:58	39	1,542.065	70.288	21	0	0	7	1	0	1	1	0	0	1	43
2013/09/04-19:53:09	39	1,542.065	70.288	8	0	0	0	1	0	1	1	0	0	1	9
2013/09/04-20:33:22	39	1,542.065	70.288	20	0	0	0	1	0	1	1	0	0	1	36
2013/09/04-20:34:23	39	1,542.065	70.288	10	0	0	0	0	0	0	1	1	0	0	35
2013/09/04-20:35:17	39	1,542.065	70.288	6	0	1	0	0	0	0	1	0	0	1	25
2013/09/04-20:36:01	39	1,542.065	70.288	4	0	1	0	0	0	0	1	0	0	1	13
2013/09/05-01:56:32	38	1,591.104	69.559	3	0	0	0	0	0	1	1	0	0	1	10
2013/09/05-01:57:01	38	1,591.104	69.559	3	0	1	0	0	0	0	1	0	0	1	7
2013/09/05-01:58:19	38	1,591.104	69.559	11	0	0	0	0	0	0	1	1	0	0	20
2013/09/05-01:58:58	38	1,591.104	69.559	8	0	0	0	1	0	0	1	1	0	0	11
2013/09/05-01:59:27	38	1,591.104	69.559	2	0	1	0	0	0	0	1	0	0	1	6
2013/09/05-02:28:25	37	1,601.455	65.165	1	0	0	0	0	0	1	1	0	0	1	3
2013/09/05-02:28:53	37	1,601.455	65.165	20	0	0	0	0	0	0	1	1	0	0	60
2013/09/05-02:30:12	37	1,601.455	65.165	11	0	1	2	0	0	0	1	0	0	1	23
2013/09/05-02:30:53	37	1,601.455	65.165	7	0	0	0	1	0	0	1	1	0	0	9
2013/09/05-02:31:21	37	1,601.455	65.165	1	0	1	0	1	0	0	1	0	0	1	4
2013/09/05-02:44:05	37	1,601.455	65.165	1	0	1	0	0	0	0	1	0	0	1	4
2013/09/05-02:45:06	37	1,601.455	65.165	4	0	0	0	0	0	0	1	1	0	0	16
2013/09/05-02:45:40	37	1,601.455	65.165	15	0	1	0	2	0	0	1	0	0	1	21
2013/09/05-02:46:20	37	1,601.455	65.165	11	0	0	2	1	0	1	1	0	0	1	24
2013/09/05-02:47:20	37	1,601.455	65.165	13	0	0	0	1	0	1	1	0	0	1	20
2013/09/07-10:24:16	36	1,617.452	74.598	12	0	0	2	1	0	1	1	0	0	1	19
2013/09/07-10:24:55	36	1,617.452	74.598	22	0	0	2	1	0	0	1	1	0	0	44
2013/09/07-10:25:57	36	1,617.452	74.598	13	0	0	1	0	0	1	1	0	0	1	26
2013/09/07-10:27:16	36	1,617.452	74.598	7	0	1	0	0	0	0	1	0	0	1	20
2013/09/07-10:28:46	36	1,617.452	74.598	10	0	0	1	0	0	1	1	0	0	1	16
2013/09/07-10:36:35	36	1,584.518	69.527	18	0	1	2	1	0	0	1	0	0	1	33
2013/09/07-10:37:27	36	1,584.518	69.527	34	0	0	0	0	0	0	1	0	0	1	60
2013/09/07-10:38:45	36	1,584.518	69.527	12	0	1	0	0	0	0	1	0	0	1	26
2013/09/07-10:40:02	36	1,584.518	69.527	8	0	0	1	0	0	1	1	0	0	1	14
2013/09/07-10:41:13	36	1,584.518	69.527	31	0	0	1	1	0	1	1	0	0	1	60
2013/09/07-10:53:43	36	1,584.518	69.527	4	0	0	0	0	0	1	1	0	0	1	7
2013/09/07-10:55:02	36	1,584.518	69.527	9	0	0	0	1	0	1	1	0	0	1	12
2013/09/07-10:55:34	36	1,584.518	69.527	37	0	0	2	1	0	0	1	1	0	0	60
2013/09/07-10:56:52	36	1,584.518	69.527	9	0	0	0	0	0	1	1	0	0	1	19
2013/09/07-10:57:33	36	1,584.518	69.527	32	0	0	2	1	0	0	1	1	0	0	60
2013/09/08-23:06:15	38	1,571.215	67.523	34	0	0	2	2	0	0	1	1	0	0	60
2013/09/08-23:07:34	38	1,571.215	67.523	12	0	0	0	1	0	1	1	0	0	1	20
2013/09/08-23:08:53	38	1,571.215	67.523	26	0	0	1	1	0	1	1	0	0	1	43
2013/09/08-23:09:55	38	1,571.215	67.523	3	0	0	0	0	0	1	1	0	0	1	5
2013/09/08-23:11:13	38	1,571.215	67.523	20	0	0	3	0	0	1	1	0	0	1	37
2013/09/09-00:15:16	38	1,571.215	67.523	21	0	0	2	1	0	1	1	0	0	1	37
2013/09/09-00:16:12	38	1,571.215	67.523	13	0	0	0	0	0	1	1	0	0	1	24
2013/09/09-00:16:55	41	1,557.345	62.248	3	0	0	1	0	0	1	1	0	0	1	8
2013/09/09-00:17:34	41	1,557.345	62.248	9	0	1	0	0	0	0	1	0	0	1	16
2013/09/09-00:18:09	41	1,557.345	62.248	19	0	0	0	1	0	1	1	0	0	1	28
2013/09/09-00:54:42	41	1,557.345	62.248	7	0	0	0	1	0	0	1	1	0	0	17
2013/09/09-00:55:19	41	1,557.345	62.248	32	0	0	5	0	0	1	1	0	0	1	53
2013/09/09-00:56:30	41	1,557.345	62.248	6	0	0	1	0	0	0	1	1	0	0	13
2013/09/09-00:57:02	41	1,557.345	62.248	7	0	0	3	2	0	0	1	1	0	0	15
2013/09/09-00:57:35	41	1,557.345	62.248	11	0	0	2	0	0	1	1	0	0	1	22
2013/09/10-19:10:42	39	1,560.558	64.582	7	0	1	1	0	0	0	1	0	0	1	14
2013/09/10-19:11:33	39	1,560.558	64.582	7	0	1	2	0	0	0	1	0	0	1	22
2013/09/10-19:12:17	39	1,560.558	64.582	20	0	0	1	0	0	1	1	0	0	1	33
2013/09/10-19:13:10	39	1,560.558	64.582	3	0	0	0	0	0	1	1	0	0	1	4
2013/09/10-19:14:29	39	1,560.558	64.582	13	0	0	1	1	0	1	1	0	0	1	28
2013/09/10-19:15:22	39	1,560.558	64.582	27	0	0	2	0	0	0	1	1	0	0	60
2013/09/10-19:16:41	39	1,560.558	64.582	22	0	0	1	0	0	1	1	0	0	1	40
2013/09/10-19:18:00	39	1,560.558	64.582	3	0	0	0	0	0	1	1	0	0	1	4
2013/09/10-19:19:06	39	1,560.558	64.582	9	0	1	0	0	0	0	1	0	0	1	21
2013/09/10-19:20:07	39	1,560.558	64.582	12	0	0	2	1	0	1	1	0	0	1	18
2013/09/10-19:38:36	42	1,520.952	58.535	1	0	0	0	0	0	1	1	0	0	1	3
2013/09/10-19:39:00	42	1,520.952	58.535	1	0	0	0	0	0	1	1	0	0	1	3
2013/09/10-19:39:25	42	1,520.952	58.535	0	0	0	0	0	0	0	1	1	0	0	14
2013/09/10-19:39:59	42	1,520.952	58.535	0	0	0	0	0	0	0	1	1	0	0	6
2013/09/10-19:40:24	42	1,520.952	58.535	0	0	1	0	0	0	0	1	0	0	1	6
2013/09/11-09:22:04	42	1,526.698	63.091	26	0	0	2	0	0	0	1	1	0	0	60
2013/09/11-09:23:23	42	1,526.698	63.091	43	0	0	6	2	0	0	1	1	0	0	60
2013/09/11-09:24:42	42	1,526.698	63.091	34	0	0	3	2	0	1	1	0	0	1	54
2013/09/11-09:25:55	42	1,526.698	63.091	8	0	0	0	0	0	1	1	0	0	1	16
2013/09/11-09:27:14	42	1,526.698	63.091	27	0	1	3	1	0	0	1	0	0	1	50
2013/09/11-09:40:01	42	1,526.698	63.091	14	0	0	1	0	0	1	1	0	0	1	32
2013/09/11-09:40:52	42	1,526.698	63.091	31	0	0	0	0	0	0	1	1	0	0	60
2013/09/11-09:42:11	42	1,526.698	63.091	3	0	0	0	0	0	1	1	0	0	1	8
2013/09/11-09:42:52	42	1,526.698	63.091	22	0	0	2	0	0	1	1	0	0	1	41
2013/09/11-09:43:51	42	1,526.698	63.091	8	0	0	0	1	0	1	1	0	0	1	16
2013/09/11-10:08:33	40	1,556.285	57.333	25	0	0	2	0	0	1	1	0	0	1	49
2013/09/11-10:09:52	40	1,556.285	57.333	3	0	1	0	0	0	0	1	0	0	1	7
2013/09/11-10:11:11	40	1,556.285	57.333	3	0	0	0	0	0	1	1	0	0	1	7
2013/09/11-10:12:30	40	1,556.285	57.333	5	0	0	0	0	0	1	1	0	0	1	14
2013/09/11-10:13:07	40	1,556.285	57.333	32	0	0	2	1	0	0	1	0	0	1	60
2013/09/11-22:52:11	43	1,533.948	61.301	5	0	0	0	0	0	1	1	0	0	1	8
2013/09/11-22:52:52	43	1,533.948	61.301	9	0	0	1	0	0	1	1	0	0	1	15
2013/09/11-22:54:10	43	1,533.948	61.301	23	0	0	0	1	0	0	1	1	0	0	44
2013/09/11-22:55:12	43	1,533.948	61.301	4	0	0	0	0	0	1	1	0	0	1	9
2013/09/11-22:55:40	43	1,533.948	61.301	29	0	0	0	0	0	1	1	0	0	1	52
2013/09/11-23:02:34	43	1,533.948	61.301	12	0	0	2	1	0	1	1	0	0	1	23
2013/09/11-23:03:17	43	1,533.948	61.301	17	0	0	3	0	0	1	1	0	0	1	30
2013/09/11-23:04:36	43	1,533.948	61.301	11	0	0	1	0	0	0	1	1	0	0	20
2013/09/11-23:05:14	43	1,533.948	61.301	10	0	0	0	0	0	0	1	0	0	1	16
2013/09/11-23:05:49	43	1,533.948	61.301	18	0	0	0	0	0	1	1	0	0	1	30
2013/09/11-23:54:29	43	1,540.865	55.902	34	0	0	2	0	0	0	1	1	0	0	60
2013/09/11-23:55:50	43	1,540.865	55.902	16	0	1	1	0	0	0	1	0	0	1	31
2013/09/11-23:56:39	43	1,540.865	55.902	11	0	0	1	0	0	1	1	0	0	1	20
2013/09/11-23:57:58	43	1,540.865	55.902	5	0	0	0	0	0	0	1	1	0	0	14
2013/09/12-00:10:56	43	1,540.865	55.902	9	0	0	0	0	0	1	1	0	0	1	13
2013/09/12-22:16:19	43	1,546.532	60.176	9	0	0	0	0	0	1	1	0	0	1	15
2013/09/12-22:17:38	43	1,546.532	60.176	34	0	0	2	0	0	0	1	1	0	0	60
2013/09/12-22:18:57	43	1,546.532	60.176	5	0	0	2	0	0	1	1	0	0	1	12
2013/09/12-22:19:35	43	1,546.532	60.176	10	0	0	1	0	0	1	1	0	0	1	22
2013/09/12-22:20:54	43	1,546.532	60.176	9	0	0	1	0	0	1	1	0	0	1	18
2013/09/12-22:26:38	43	1,546.532	60.176	3	0	0	0	0	0	1	1	0	0	1	5
2013/09/12-22:27:02	43	1,546.532	60.176	6	0	0	1	0	0	0	1	1	0	0	10
2013/09/12-22:27:30	43	1,546.532	60.176	24	0	0	2	0	0	1	1	0	0	1	39
2013/09/12-22:28:28	43	1,546.532	60.176	23	0	0	3	0	0	0	1	1	0	0	45
2013/09/12-22:29:42	43	1,546.532	60.176	2	0	0	0	0	0	0	1	1	0	0	5
2013/09/12-22:52:03	43	1,546.532	60.176	40	0	0	3	1	0	0	1	1	0	0	60
2013/09/12-22:53:22	43	1,546.532	60.176	4	0	0	0	0	0	1	1	0	0	1	8
2013/09/12-22:54:40	43	1,546.532	60.176	13	0	0	1	0	0	1	1	0	0	1	29
2013/09/12-23:16:35	43	1,546.532	60.176	15	0	0	3	0	0	1	1	0	0	1	36
2013/09/12-23:17:37	43	1,546.532	60.176	12	0	1	1	1	0	0	1	0	0	1	19
2013/09/13-15:24:34	38	1,577.141	60.855	3	0	0	0	0	0	1	1	0	0	1	4
2013/09/13-15:25:53	38	1,577.141	60.855	32	0	0	4	0	0	1	1	0	0	1	56
2013/09/13-15:27:12	38	1,577.141	60.855	17	0	0	2	0	0	1	1	0	0	1	34
2013/09/13-15:28:31	38	1,577.141	60.855	6	0	0	0	0	0	1	1	0	0	1	11
2013/09/13-15:29:49	38	1,577.141	60.855	16	0	0	2	0	0	1	1	0	0	1	25
2013/09/13-15:35:39	38	1,577.141	60.855	16	0	1	1	0	0	0	1	0	0	1	30
2013/09/13-15:36:27	38	1,577.141	60.855	8	0	0	1	0	0	1	1	0	0	1	14
2013/09/13-15:37:00	38	1,577.141	60.855	33	0	0	1	0	0	0	1	0	0	1	60
2013/09/13-15:38:19	38	1,577.141	60.855	5	0	0	1	0	0	1	1	0	0	1	10
2013/09/13-15:38:54	38	1,577.141	60.855	13	0	0	1	0	0	0	1	1	0	0	33
2013/09/13-15:55:56	38	1,577.141	60.855	6	0	1	0	0	0	0	1	0	0	1	17
2013/09/13-15:56:49	38	1,577.141	60.855	3	0	0	0	0	0	1	1	0	0	1	7
2013/09/13-15:57:23	44	1,535.167	56.468	12	0	0	0	0	0	1	1	0	0	1	22
2013/09/13-15:58:42	44	1,535.167	56.468	14	0	0	4	0	0	1	1	0	0	1	26
2013/09/13-16:00:01	44	1,535.167	56.468	11	0	0	0	0	0	1	1	0	0	1	21
2013/09/13-19:16:28	45	1,527.546	58.014	15	0	0	1	0	0	1	1	0	0	1	31
2013/09/13-19:17:19	45	1,527.546	58.014	5	0	0	1	1	0	1	1	0	0	1	11
2013/09/13-19:17:50	45	1,527.546	58.014	7	0	0	1	0	0	1	1	0	0	1	15
2013/09/13-19:18:42	45	1,527.546	58.014	28	0	0	3	1	0	0	1	1	0	0	45
2013/09/13-19:19:46	45	1,527.546	58.014	20	0	1	2	0	0	0	1	0	0	1	35
2013/09/13-19:26:25	45	1,527.546	58.014	33	0	0	0	1	0	0	1	1	0	0	60
2013/09/13-19:27:43	45	1,527.546	58.014	31	0	0	1	1	0	1	1	0	0	1	59
2013/09/13-19:29:01	45	1,527.546	58.014	12	0	1	0	1	0	0	1	0	0	1	19
2013/09/13-19:29:39	45	1,527.546	58.014	27	0	0	1	0	0	0	1	1	0	0	60
2013/09/13-19:30:58	45	1,527.546	58.014	26	0	0	4	1	0	0	1	1	0	0	60
2013/09/13-19:48:20	39	1,569.764	53.321	5	0	0	0	0	0	1	1	0	0	1	14
2013/09/13-19:49:21	39	1,569.764	53.321	5	0	1	0	0	0	0	1	0	0	1	11
2013/09/13-19:50:40	39	1,569.764	53.321	8	0	1	2	1	0	0	1	0	0	1	23
2013/09/13-19:51:24	39	1,569.764	53.321	10	0	0	1	0	0	1	1	0	0	1	17
2013/09/13-19:52:14	39	1,569.764	53.321	3	0	0	0	0	0	1	1	0	0	1	4
2013/09/14-03:13:44	45	1,539.492	58.754	13	0	1	2	0	0	0	1	0	0	1	25
2013/09/14-03:14:30	45	1,539.492	58.754	17	0	0	0	0	0	1	1	0	0	1	29
2013/09/14-03:15:18	45	1,539.492	58.754	10	0	0	0	0	0	1	1	0	0	1	19
2013/09/14-03:16:36	45	1,539.492	58.754	14	0	0	1	1	0	1	1	0	0	1	23
2013/09/14-03:17:18	45	1,539.492	58.754	16	0	1	1	0	0	0	1	0	0	1	34
2013/09/14-03:33:46	43	1,544.359	57.427	9	0	0	1	0	0	0	1	1	0	0	19
2013/09/14-03:34:24	43	1,544.359	57.427	6	0	0	0	0	0	0	1	1	0	0	12
2013/09/14-03:34:55	43	1,544.359	57.427	26	0	0	1	1	0	1	1	0	0	1	45
2013/09/14-03:35:58	43	1,544.359	57.427	3	0	0	0	0	0	1	1	0	0	1	5
2013/09/14-03:36:30	43	1,544.359	57.427	12	0	0	2	0	0	1	1	0	0	1	24
2013/09/14-03:57:02	44	1,536.533	55.697	5	0	0	1	1	0	1	1	0	0	1	12
2013/09/14-03:57:47	44	1,536.533	55.697	7	0	0	0	0	0	1	1	0	0	1	10
2013/09/14-03:59:05	44	1,536.533	55.697	19	0	1	1	0	0	0	1	0	0	1	31
2013/09/14-03:59:55	44	1,536.533	55.697	4	0	1	0	0	0	0	1	0	0	1	14
2013/09/14-04:00:42	44	1,536.533	55.697	6	0	0	0	0	0	1	1	0	0	1	13
2013/09/14-06:31:41	45	1,533.93	56.778	4	0	0	1	0	0	1	1	0	0	1	8
2013/09/14-06:32:07	45	1,533.93	56.778	5	0	0	0	1	0	0	1	1	0	0	10
2013/09/14-06:32:36	45	1,533.93	56.778	19	0	0	2	0	0	1	1	0	0	1	30
2013/09/14-06:33:25	45	1,533.93	56.778	13	0	1	0	0	0	0	1	0	0	1	24
2013/09/14-06:34:08	45	1,533.93	56.778	2	0	0	0	0	0	1	1	0	0	1	6
2013/09/14-06:39:57	45	1,533.93	56.778	18	0	0	1	0	0	1	1	0	0	1	38
2013/09/14-06:41:16	45	1,533.93	56.778	11	0	0	2	0	0	1	1	0	0	1	21
2013/09/14-06:42:34	45	1,533.93	56.778	9	0	0	0	0	0	1	1	0	0	1	18
2013/09/14-06:43:53	45	1,533.93	56.778	6	0	0	0	0	0	1	1	0	0	1	13
2013/09/14-06:45:12	45	1,533.93	56.778	15	0	0	0	0	0	1	1	0	0	1	25
2013/09/14-06:57:43	45	1,534.883	55.025	22	0	0	1	0	0	1	1	0	0	1	36
2013/09/14-06:58:38	45	1,534.883	55.025	21	0	0	3	0	0	1	1	0	0	1	36
2013/09/14-06:59:34	45	1,534.883	55.025	10	0	1	1	0	0	0	1	0	0	1	18
2013/09/14-07:00:44	45	1,534.883	55.025	14	0	0	1	1	0	1	1	0	0	1	24
2013/09/14-07:01:27	45	1,534.883	55.025	9	0	0	0	0	0	1	1	0	0	1	16
2013/09/14-12:24:10	47	1,526.706	57.732	13	0	0	3	0	0	1	1	0	0	1	26
2013/09/14-12:24:55	47	1,526.706	57.732	15	0	0	1	1	0	1	1	0	0	1	39
2013/09/14-12:25:52	47	1,526.706	57.732	27	0	0	3	0	0	1	1	0	0	1	46
2013/09/14-12:26:57	47	1,526.706	57.732	8	0	1	2	0	0	0	1	0	0	1	21
2013/09/14-12:28:07	47	1,526.706	57.732	3	0	0	0	0	0	1	1	0	0	1	5
2013/09/14-12:41:48	49	1,516.368	56.704	3	0	0	0	0	0	0	1	1	0	0	6
2013/09/14-12:42:13	49	1,516.368	56.704	7	0	0	1	1	0	0	1	1	0	0	15
2013/09/14-12:42:47	49	1,516.368	56.704	6	0	0	0	0	0	0	1	1	0	0	12
2013/09/14-12:43:18	49	1,516.368	56.704	9	0	0	2	0	0	1	1	0	0	1	28
2013/09/14-12:44:04	49	1,516.368	56.704	3	0	0	0	0	0	1	1	0	0	1	10
2013/09/14-13:03:29	49	1,516.368	56.704	11	0	0	0	0	0	1	1	0	0	1	17
2013/09/14-13:04:14	49	1,516.368	56.704	5	0	0	0	0	0	1	1	0	0	1	7
2013/09/14-13:05:28	49	1,516.368	56.704	8	0	0	0	0	0	0	1	1	0	0	13
2013/09/14-13:06:00	49	1,516.368	56.704	4	0	0	0	0	0	1	1	0	0	1	7
2013/09/14-13:06:29	49	1,516.368	56.704	3	0	0	1	0	0	0	1	1	0	0	14
2013/09/14-17:12:26	50	1,489.169	60.376	9	0	0	2	1	0	1	1	0	0	1	16
2013/09/14-17:13:29	50	1,489.169	60.376	4	0	0	0	0	0	1	1	0	0	1	8
2013/09/14-17:14:19	50	1,489.169	60.376	7	0	0	0	0	0	1	1	0	0	1	14
2013/09/14-17:15:00	50	1,489.169	60.376	8	0	1	1	0	0	0	1	0	0	1	15
2013/09/14-17:15:44	50	1,489.169	60.376	34	0	0	2	0	0	0	1	0	0	1	60
2013/09/14-17:34:26	50	1,484.02	58.213	21	0	0	3	1	0	0	1	1	0	0	36
2013/09/14-17:35:20	50	1,484.02	58.213	4	0	0	0	0	0	1	1	0	0	1	7
2013/09/14-17:36:01	50	1,484.02	58.213	18	0	0	1	1	0	1	1	0	0	1	34
2013/09/14-17:36:54	50	1,484.02	58.213	3	0	0	0	0	0	1	1	0	0	1	3
2013/09/14-17:37:43	50	1,484.02	58.213	6	0	0	1	1	0	0	1	1	0	0	13
2013/09/14-17:52:01	50	1,487.931	55.666	10	0	0	0	0	0	1	1	0	0	1	18
2013/09/14-17:52:38	50	1,487.931	55.666	25	0	0	2	2	0	0	1	1	0	0	34
2013/09/14-17:53:32	50	1,487.931	55.666	10	0	0	2	1	0	1	1	0	0	1	19
2013/09/14-17:54:09	50	1,487.931	55.666	6	0	0	0	1	0	1	1	0	0	1	13
2013/09/14-17:54:50	50	1,487.931	55.666	6	0	1	0	0	0	0	1	0	0	1	12
2013/09/14-21:37:15	51	1,487.64	57.673	3	0	0	1	0	0	0	1	1	0	0	7
2013/09/14-21:37:42	51	1,487.64	57.673	17	0	0	0	1	0	0	1	1	0	0	33
2013/09/14-21:38:34	51	1,487.64	57.673	6	0	0	0	0	0	1	1	0	0	1	11
2013/09/14-21:39:04	51	1,487.64	57.673	11	0	0	0	0	0	1	1	0	0	1	18
2013/09/14-21:39:41	51	1,487.64	57.673	10	0	0	0	0	0	0	1	1	0	0	21
2013/09/14-21:49:49	52	1,484.649	56.217	24	0	0	0	0	0	0	1	1	0	0	45
2013/09/14-21:50:52	52	1,484.649	56.217	17	0	0	2	0	0	1	1	0	0	1	35
2013/09/14-21:51:46	52	1,484.649	56.217	25	0	1	1	0	0	0	1	0	0	1	38
2013/09/14-21:52:46	52	1,484.649	56.217	30	0	0	2	2	0	0	1	1	0	0	60
2013/09/14-21:54:05	52	1,484.649	56.217	8	0	1	1	0	0	0	1	0	0	1	21
2013/09/14-22:08:39	52	1,484.649	56.217	16	0	0	0	0	0	0	1	1	0	0	30
2013/09/14-22:09:28	50	1,503.154	53.59	8	0	0	0	0	0	1	1	0	0	1	20
2013/09/14-22:10:11	50	1,503.154	53.59	31	0	0	1	1	0	0	1	1	0	0	60
2013/09/14-22:11:30	50	1,503.154	53.59	7	0	0	0	0	0	1	1	0	0	1	19
2013/09/14-22:12:29	50	1,503.154	53.59	39	0	0	2	0	0	0	1	0	0	1	60
2013/09/15-10:14:40	49	1,512.343	58.425	2	0	1	0	0	0	0	1	0	0	1	6
2013/09/15-10:15:59	49	1,512.343	58.425	7	0	0	0	0	0	1	1	0	0	1	13
2013/09/15-10:16:38	49	1,512.343	58.425	10	0	0	2	0	0	1	1	0	0	1	16
2013/09/15-10:17:15	49	1,512.343	58.425	27	0	0	3	1	0	1	1	0	0	1	40
2013/09/15-10:18:13	49	1,512.343	58.425	16	0	0	3	0	0	0	1	1	0	0	37
2013/09/15-10:27:46	49	1,512.343	58.425	19	0	0	2	1	0	0	1	1	0	0	33
2013/09/15-10:28:38	49	1,512.343	58.425	13	0	1	0	0	0	0	1	0	0	1	25
2013/09/15-10:29:34	49	1,512.343	58.425	14	0	0	1	1	0	0	1	1	0	0	24
2013/09/15-10:30:17	49	1,512.343	58.425	6	0	0	0	0	0	1	1	0	0	1	14
2013/09/15-10:30:50	49	1,512.343	58.425	17	0	0	2	0	0	1	1	0	0	1	26
2013/09/15-10:51:14	49	1,518.06	53.927	3	0	0	0	0	0	1	1	0	0	1	4
2013/09/15-10:51:45	49	1,518.06	53.927	25	0	0	1	1	0	1	1	0	0	1	43
2013/09/15-10:52:48	49	1,518.06	53.927	22	0	0	3	0	0	1	1	0	0	1	43
2013/09/15-10:53:50	49	1,518.06	53.927	3	0	0	0	0	0	1	1	0	0	1	10
2013/09/15-10:54:34	49	1,518.06	53.927	6	0	1	0	0	0	0	1	0	0	1	9
2013/09/15-13:11:43	50	1,506.309	52.994	11	0	0	0	1	0	1	1	0	0	1	22
2013/09/15-13:12:58	50	1,506.309	52.994	7	0	0	0	0	0	1	1	0	0	1	18
2013/09/15-13:13:49	50	1,506.309	52.994	6	0	0	0	1	0	1	1	0	0	1	14
2013/09/15-13:14:49	50	1,506.309	52.994	25	0	1	2	1	0	0	1	0	0	1	36
2013/09/15-13:15:45	50	1,506.309	52.994	18	0	0	0	1	0	1	1	0	0	1	32
2013/09/15-13:16:42	50	1,506.309	52.994	15	0	0	3	1	0	1	1	0	0	1	26
2013/09/15-13:17:27	50	1,506.309	52.994	20	0	0	1	0	0	1	1	0	0	1	36
2013/09/15-13:18:22	50	1,506.309	52.994	21	0	0	4	0	0	0	1	1	0	0	60
2013/09/15-13:19:41	50	1,506.309	52.994	9	0	0	2	1	0	1	1	0	0	1	18
2013/09/15-13:20:37	50	1,506.309	52.994	12	0	0	2	0	0	1	1	0	0	1	22
2013/09/15-13:43:36	49	1,527.326	49.362	18	0	0	2	0	0	0	1	1	0	0	37
2013/09/15-13:44:31	49	1,527.326	49.362	8	0	1	1	0	0	0	1	0	0	1	14
2013/09/15-13:45:46	49	1,527.326	49.362	11	0	0	0	0	0	1	1	0	0	1	16
2013/09/15-13:46:40	49	1,527.326	49.362	10	0	0	2	0	0	1	1	0	0	1	20
2013/09/15-13:47:20	49	1,527.326	49.362	13	0	0	3	0	0	1	1	0	0	1	28
2013/09/15-16:24:03	49	1,530.146	51.39	30	0	0	1	0	0	1	1	0	0	1	57
2013/09/15-16:25:19	49	1,530.146	51.39	8	0	0	2	1	0	1	1	1	0	0	20
2013/09/15-16:25:57	49	1,530.146	51.39	14	0	1	1	0	0	0	1	0	0	1	23
2013/09/15-16:26:39	49	1,530.146	51.39	5	0	0	0	0	0	1	1	0	0	1	11
2013/09/15-16:27:09	49	1,530.146	51.39	17	0	0	0	0	0	0	1	1	0	0	32
2013/09/15-16:39:34	49	1,530.146	51.39	9	0	0	0	0	0	1	1	0	0	1	23
2013/09/15-16:40:53	49	1,530.146	51.39	12	0	0	3	0	0	1	1	0	0	1	28
2013/09/15-16:41:40	49	1,530.146	51.39	16	0	0	2	0	0	1	1	0	0	1	30
2013/09/15-16:42:38	49	1,530.146	51.39	7	0	1	0	0	0	0	1	0	0	1	18
2013/09/15-16:43:15	49	1,530.146	51.39	5	0	0	0	0	0	1	1	0	0	1	10
2013/09/15-16:53:41	49	1,530.146	51.39	12	0	0	2	0	0	1	1	0	0	1	22
2013/09/15-16:54:22	49	1,530.146	51.39	8	0	1	2	0	0	0	1	0	0	1	15
2013/09/15-16:54:58	49	1,530.146	51.39	19	0	0	1	0	0	0	1	1	0	0	34
2013/09/15-16:55:50	49	1,530.146	51.39	23	0	0	3	1	0	0	1	1	0	0	40
2013/09/15-16:56:49	49	1,529.588	48.988	10	0	0	0	1	0	1	1	0	0	1	21
2013/09/15-19:30:21	49	1,527.788	51.428	6	0	0	1	0	0	1	1	0	0	1	14
2013/09/15-19:30:54	49	1,527.788	51.428	10	0	0	1	1	0	0	1	1	0	0	21
2013/09/15-19:31:34	49	1,527.788	51.428	25	0	1	3	0	0	0	1	0	0	1	49
2013/09/15-19:32:41	49	1,527.788	51.428	14	0	0	2	0	0	1	1	0	0	1	31
2013/09/15-19:33:31	49	1,527.788	51.428	7	0	0	1	1	0	0	1	1	0	0	16
2013/09/15-20:06:17	46	1,559.252	49.655	9	0	0	0	0	0	1	1	0	0	1	19
2013/09/15-20:07:21	46	1,559.252	49.655	6	0	0	0	0	0	1	1	0	0	1	11
2013/09/15-20:08:39	46	1,559.252	49.655	19	0	0	1	1	0	0	1	1	0	0	43
2013/09/15-20:09:41	46	1,559.252	49.655	17	0	0	2	0	0	1	1	0	0	1	27
2013/09/15-20:10:39	46	1,559.252	49.655	7	0	0	0	0	0	1	1	0	0	1	11
2013/09/15-20:23:16	46	1,559.252	49.655	21	0	1	0	0	0	0	1	0	0	1	39
2013/09/15-20:24:35	46	1,559.252	49.655	16	0	0	1	0	0	1	1	0	0	1	30
2013/09/15-20:25:24	46	1,559.252	49.655	19	0	0	2	1	0	1	1	0	0	1	36
2013/09/15-20:26:20	46	1,559.252	49.655	7	0	1	0	1	0	0	1	0	0	1	15
2013/09/15-20:26:54	48	1,558.571	46.785	15	0	0	2	1	0	0	1	1	0	0	33
2013/09/15-22:41:03	48	1,565.191	49.365	4	0	0	0	0	0	1	1	0	0	1	13
2013/09/15-22:41:34	48	1,565.191	49.365	8	0	1	1	0	0	0	1	0	0	1	19
2013/09/15-22:42:12	48	1,565.191	49.365	11	0	1	0	1	0	0	1	0	0	1	20
2013/09/15-22:42:50	48	1,565.191	49.365	8	0	1	1	0	0	0	1	0	0	1	16
2013/09/15-22:43:25	48	1,565.191	49.365	8	0	1	0	0	0	0	1	0	0	1	19
2013/09/15-22:46:44	48	1,565.191	49.365	3	0	0	2	0	0	0	1	1	0	0	6
2013/09/15-22:47:09	48	1,554.973	48.784	4	0	0	0	1	0	0	1	1	0	0	7
2013/09/15-22:47:35	48	1,554.973	48.784	3	0	0	0	0	0	0	1	1	0	0	9
2013/09/15-22:48:02	48	1,554.973	48.784	12	0	0	0	1	0	0	1	1	0	0	21
2013/09/15-22:48:42	48	1,554.973	48.784	3	0	0	0	0	0	0	1	1	0	0	15
2013/09/15-23:01:48	48	1,554.973	48.784	8	0	0	2	1	0	0	1	1	0	0	22
2013/09/15-23:02:29	48	1,554.973	48.784	12	0	0	0	1	0	1	1	1	0	0	21
2013/09/15-23:03:09	48	1,554.973	48.784	10	0	0	1	0	0	0	1	1	0	0	28
2013/09/15-23:03:56	48	1,554.973	48.784	14	0	0	1	0	0	0	1	1	0	0	20
2013/09/15-23:04:35	48	1,554.973	48.784	3	0	0	0	0	0	1	1	0	0	1	4
2013/09/16-01:41:28	48	1,557.563	51.105	3	0	0	0	0	0	1	1	0	0	1	3
2013/09/16-01:42:39	48	1,557.563	51.105	5	0	0	0	0	0	1	1	0	0	1	10
2013/09/16-01:43:57	48	1,557.563	51.105	3	0	0	0	0	0	1	1	0	0	1	6
2013/09/16-01:45:16	48	1,557.563	51.105	32	0	0	3	0	0	0	1	0	0	1	60
2013/09/16-01:46:35	48	1,557.563	51.105	9	0	0	1	1	0	1	1	0	0	1	22
2013/09/16-07:38:19	48	1,557.563	51.105	11	0	0	0	0	0	1	1	0	0	1	18
2013/09/16-07:39:38	48	1,557.563	51.105	28	0	0	3	0	0	0	1	1	0	0	60
2013/09/16-07:40:57	48	1,557.563	51.105	21	0	0	2	2	0	1	1	0	0	1	42
2013/09/16-07:41:58	48	1,557.563	51.105	28	0	0	1	0	0	1	1	0	0	1	45
2013/09/16-07:43:02	48	1,557.563	51.105	31	0	0	2	0	0	0	1	0	0	1	60
2013/09/16-20:13:44	48	1,554.659	47.691	18	0	0	0	1	0	0	1	1	0	0	31
2013/09/16-20:14:35	48	1,554.659	47.691	9	0	0	1	0	0	1	1	0	0	1	14
2013/09/16-20:15:32	48	1,554.659	47.691	5	0	0	1	0	0	1	1	0	0	1	13
2013/09/16-20:16:44	48	1,554.659	47.691	13	0	0	2	1	0	1	1	0	0	1	32
2013/09/16-20:17:35	48	1,554.659	47.691	9	0	1	1	0	0	0	1	0	0	1	17
2013/09/17-07:57:06	49	1,552.403	53.493	1	0	0	0	0	0	1	1	0	0	1	3
2013/09/17-07:57:35	49	1,552.403	53.493	5	0	0	0	0	0	0	1	1	0	0	10
2013/09/17-08:11:34	49	1,552.403	53.493	0	0	1	0	0	0	0	1	0	0	1	5
2013/09/17-08:11:58	48	1,558.268	52.219	5	0	1	0	0	0	0	1	0	0	1	21
2013/09/17-08:12:37	48	1,558.268	52.219	12	0	0	0	0	0	1	1	0	0	1	19
2013/09/17-08:22:39	48	1,558.268	52.219	2	0	1	0	0	0	0	1	0	0	1	9
2013/09/17-08:23:19	48	1,558.268	52.219	2	0	1	0	0	0	0	1	0	0	1	14
2013/09/17-08:23:52	48	1,558.268	52.219	6	0	0	0	0	0	1	1	0	0	1	7
2013/09/17-08:24:34	48	1,558.268	52.219	8	0	1	1	1	0	0	1	0	0	1	20
2013/09/17-08:25:20	48	1,558.268	52.219	4	0	1	0	0	0	0	1	0	0	1	10
2013/09/17-08:39:46	48	1,558.268	52.219	14	0	0	0	1	0	1	1	0	0	1	20
2013/09/17-08:40:24	48	1,558.268	52.219	10	0	0	1	0	0	1	1	0	0	1	17
2013/09/17-08:41:18	48	1,558.268	52.219	6	0	1	0	1	0	0	1	0	0	1	16
2013/09/17-08:41:55	48	1,558.268	52.219	1	0	1	0	1	0	0	1	0	0	1	4
2013/09/17-08:42:18	47	1,555.852	48.451	35	0	0	0	2	0	1	1	0	0	1	47
2013/09/17-23:24:36	47	1,559.345	54.249	17	0	1	1	0	0	0	1	0	0	1	36
2013/09/17-23:25:57	47	1,559.345	54.249	3	0	0	0	0	0	1	1	0	0	1	18
2013/09/17-23:27:15	47	1,559.345	54.249	7	0	0	0	0	0	1	1	0	0	1	21
2013/09/17-23:27:55	47	1,559.345	54.249	7	0	0	0	0	0	1	1	0	0	1	9
2013/09/17-23:32:15	47	1,559.345	54.249	9	0	1	0	1	0	0	1	0	0	1	20
2013/09/18-00:19:23	48	1,558.33	52.013	11	0	0	0	0	0	1	1	0	0	1	27
2013/09/18-00:20:41	48	1,558.33	52.013	3	0	1	0	0	0	0	1	0	0	1	15
2013/09/18-00:21:15	48	1,558.33	52.013	5	0	0	0	0	0	1	1	0	0	1	8
2013/09/18-00:22:00	48	1,558.33	52.013	17	0	0	0	0	0	1	1	0	0	1	26
2013/09/18-00:22:45	48	1,558.33	52.013	1	0	0	0	0	0	0	1	1	0	0	5
2013/09/18-00:31:43	48	1,558.33	52.013	11	0	0	0	3	0	0	1	1	0	0	21
2013/09/18-00:32:24	48	1,558.33	52.013	8	0	1	0	1	0	0	1	1	0	0	25
2013/09/18-00:33:07	48	1,558.33	52.013	4	0	1	0	0	0	0	1	0	0	1	14
2013/09/18-00:33:41	48	1,558.33	52.013	11	0	0	0	3	0	0	1	1	0	0	20
2013/09/18-00:34:19	48	1,558.33	52.013	4	0	0	0	1	0	0	1	1	0	0	15
2013/09/18-14:03:31	43	1,582.923	57.498	2	0	1	0	0	0	0	1	0	0	1	11
2013/09/18-14:04:17	43	1,582.923	57.498	25	0	0	1	0	0	1	1	0	0	1	53
2013/09/18-14:05:29	43	1,582.923	57.498	3	0	1	0	0	0	0	1	0	0	1	10
2013/09/18-14:05:57	43	1,582.923	57.498	21	0	1	0	1	0	0	1	0	0	1	39
2013/09/18-14:06:55	43	1,582.923	57.498	2	0	0	0	2	0	0	1	1	0	0	6
2013/09/18-14:22:16	43	1,582.923	57.498	5	0	1	0	0	0	0	1	0	0	1	20
2013/09/18-14:23:11	43	1,582.923	57.498	15	0	1	0	1	0	0	1	0	0	1	47
2013/09/18-14:24:30	43	1,582.923	57.498	7	0	0	0	3	0	0	1	1	0	0	11
2013/09/18-14:25:00	43	1,582.923	57.498	2	0	1	0	1	0	0	1	0	0	1	10
2013/09/18-14:25:29	43	1,582.923	57.498	25	0	0	2	0	0	1	1	0	0	1	42
2013/09/18-14:46:39	42	1,592.498	52.86	12	0	0	0	2	0	1	1	0	0	1	19
2013/09/18-14:47:17	42	1,592.498	52.86	5	0	0	0	0	0	0	1	1	0	0	12
2013/09/18-14:47:49	42	1,592.498	52.86	4	0	0	0	1	0	1	1	0	0	1	14
2013/09/18-14:48:23	42	1,592.498	52.86	32	0	0	4	1	0	1	1	0	0	1	57
2013/09/18-14:49:39	42	1,592.498	52.86	13	0	0	0	2	0	1	1	0	0	1	21
2013/09/18-16:27:27	42	1,600.951	54.215	20	0	0	0	0	0	0	1	0	0	1	60
2013/09/18-16:28:46	42	1,600.951	54.215	1	0	0	0	0	0	1	1	0	0	1	3
2013/09/18-16:29:10	42	1,600.951	54.215	2	0	1	0	0	0	0	1	0	0	1	11
2013/09/18-16:29:44	42	1,600.951	54.215	16	0	0	0	0	0	1	1	0	0	1	25
2013/09/18-16:30:31	42	1,600.951	54.215	12	0	0	0	0	0	1	1	0	0	1	15
2013/09/18-16:40:14	42	1,600.951	54.215	10	0	0	0	2	0	0	1	1	0	0	18
2013/09/18-16:40:51	42	1,600.951	54.215	12	0	0	0	1	0	0	1	1	0	0	35
2013/09/18-16:41:45	42	1,600.951	54.215	3	0	0	0	0	0	1	1	0	0	1	9
2013/09/18-16:42:13	42	1,600.951	54.215	14	0	0	0	1	0	0	1	1	0	0	25
2013/09/18-16:42:57	42	1,600.951	54.215	3	0	0	0	0	0	0	1	1	0	0	7
2013/09/18-16:59:42	42	1,600.951	54.215	22	0	0	0	2	0	0	1	1	0	0	60
2013/09/18-17:00:58	42	1,600.951	54.215	4	0	0	0	2	0	0	1	1	0	0	12
2013/09/18-17:01:29	42	1,600.951	54.215	4	0	0	0	1	0	1	1	0	0	1	6
2013/09/18-17:01:55	42	1,585.425	51.177	15	0	0	0	2	0	0	1	1	0	0	44
2013/09/18-17:02:57	42	1,585.425	51.177	35	0	0	1	1	0	0	1	1	0	0	60
2013/09/18-19:12:44	42	1,591.835	53.22	3	0	0	0	2	0	1	1	0	0	1	9
2013/09/18-19:13:13	42	1,591.835	53.22	10	0	0	13	2	0	0	1	1	0	0	21
2013/09/18-19:13:53	43	1,596.352	52.467	12	0	0	0	1	0	1	1	0	0	1	21
2013/09/18-19:14:33	43	1,596.352	52.467	9	0	0	2	1	0	1	1	0	0	1	25
2013/09/18-19:15:18	43	1,596.352	52.467	9	0	0	0	3	0	0	1	1	0	0	28
2013/09/19-21:23:05	42	1,602.364	76.597	7	0	0	0	1	0	1	1	0	0	1	12
2013/09/19-21:23:36	42	1,602.364	76.597	6	0	0	0	1	0	0	1	1	0	0	18
2013/09/19-21:24:13	42	1,602.364	76.597	3	0	1	0	0	0	0	1	0	0	1	6
2013/09/19-21:24:38	42	1,602.364	76.597	6	0	0	0	1	0	1	1	0	0	1	11
2013/09/19-21:25:08	42	1,602.364	76.597	7	0	0	0	1	0	0	1	1	0	0	20
2013/09/19-21:35:24	40	1,607.588	72.616	13	0	0	0	1	0	1	1	0	0	1	23
2013/09/19-21:36:06	40	1,607.588	72.616	30	0	0	1	1	0	1	1	0	0	1	53
2013/09/19-21:37:18	40	1,607.588	72.616	27	0	1	4	0	0	0	1	0	0	1	54
2013/09/19-21:38:31	40	1,607.588	72.616	1	0	1	0	0	0	0	1	0	0	1	3
2013/09/19-21:38:52	40	1,607.588	72.616	25	0	0	2	0	0	0	1	0	0	1	60
2013/09/19-21:51:22	40	1,607.588	72.616	1	0	0	0	0	0	0	1	1	0	0	3
2013/09/19-21:51:44	40	1,607.588	72.616	2	0	1	0	1	0	0	1	1	0	0	4
2013/09/19-21:52:09	40	1,607.588	72.616	7	0	1	1	0	0	0	1	0	0	1	22
2013/09/19-21:52:51	40	1,607.588	72.616	5	0	0	0	1	0	1	1	0	0	1	10
2013/09/19-21:53:24	40	1,607.588	72.616	24	0	0	3	0	0	1	1	0	0	1	44
2013/09/20-02:45:13	38	1,659.907	70.335	1	0	1	0	0	0	0	1	0	0	1	4
2013/09/20-02:45:39	38	1,659.907	70.335	3	0	0	0	0	0	0	1	1	0	0	9
2013/09/20-02:46:07	38	1,659.907	70.335	8	0	0	0	0	0	1	1	0	0	1	12
2013/09/20-02:46:39	38	1,659.907	70.335	4	0	0	0	1	0	1	1	0	0	1	12
2013/09/20-02:47:13	38	1,659.907	70.335	21	0	0	0	0	0	0	1	1	0	0	60
2013/09/20-03:09:56	38	1,643.055	67.744	4	0	0	0	0	0	1	1	0	0	1	13
2013/09/20-03:11:15	38	1,643.055	67.744	6	0	0	0	0	0	1	1	0	0	1	21
2013/09/20-03:11:55	38	1,643.055	67.744	17	0	1	0	1	0	0	1	0	0	1	34
2013/09/20-03:13:14	38	1,643.055	67.744	4	0	1	0	0	0	0	1	0	0	1	5
2013/09/20-03:14:13	38	1,643.055	67.744	3	0	0	2	0	0	1	1	0	0	1	9
2013/09/20-03:20:22	39	1,628.924	64.106	20	0	0	0	0	0	0	1	0	0	1	60
2013/09/20-03:21:41	39	1,628.924	64.106	7	0	0	0	2	0	0	1	1	0	0	20
2013/09/20-03:22:20	39	1,628.924	64.106	5	0	0	0	1	0	1	1	0	0	1	19
2013/09/20-03:22:58	39	1,628.924	64.106	9	0	0	0	0	0	1	1	0	0	1	29
2013/09/20-03:23:45	39	1,628.924	64.106	4	0	0	0	1	0	0	1	1	0	0	6
2013/09/20-07:53:28	38	1,629.731	69.013	32	0	0	0	0	0	0	1	1	0	0	60
2013/09/20-07:54:47	38	1,629.731	69.013	21	0	0	0	1	0	0	1	1	0	0	60
2013/09/20-07:56:06	38	1,629.731	69.013	4	0	1	0	1	0	0	1	0	0	1	11
2013/09/20-07:56:36	38	1,629.731	69.013	13	0	0	0	2	0	1	1	1	0	0	17
2013/09/20-07:57:12	38	1,629.731	69.013	14	0	0	0	1	0	1	1	0	0	1	20
2013/09/20-08:11:12	38	1,629.731	69.013	3	0	1	0	0	0	0	1	0	0	1	5
2013/09/20-08:12:02	38	1,629.731	69.013	8	0	0	0	0	0	0	1	1	0	0	29
2013/09/20-08:12:50	38	1,629.731	69.013	2	0	0	0	2	0	0	1	1	0	0	7
2013/09/20-08:13:16	38	1,629.731	69.013	8	0	0	0	0	0	1	1	0	0	1	15
2013/09/20-08:14:35	38	1,629.731	69.013	31	0	0	3	1	0	0	1	1	0	0	60
2013/09/20-08:27:20	37	1,633.594	62.894	17	0	0	1	0	0	1	1	0	0	1	30
2013/09/20-08:28:40	37	1,633.594	62.894	2	0	0	0	1	0	1	1	0	0	1	7
2013/09/20-08:29:06	37	1,633.594	62.894	1	0	0	0	1	0	1	1	0	0	1	3
2013/09/20-08:29:28	37	1,633.594	62.894	3	0	0	0	0	0	0	1	1	0	0	8
2013/09/20-08:29:55	37	1,633.594	62.894	2	0	0	0	0	0	1	1	0	0	1	6
2013/09/20-11:57:05	39	1,622.751	65.271	21	0	0	0	0	0	0	1	1	0	0	60
2013/09/20-11:58:24	39	1,622.751	65.271	3	0	0	0	0	0	0	1	1	0	0	12
2013/09/20-11:58:55	39	1,622.751	65.271	23	0	0	11	2	0	0	1	1	0	0	48
2013/09/20-12:00:02	39	1,622.751	65.271	12	0	0	0	0	0	1	1	0	0	1	21
2013/09/20-12:00:41	39	1,622.751	65.271	5	0	0	0	1	0	0	1	1	0	0	13
2013/09/20-12:23:57	34	1,654.609	61.794	1	0	0	0	0	0	1	1	0	1	0	3
2013/09/20-12:24:20	34	1,654.609	61.794	11	0	0	0	0	0	1	1	0	0	1	24
2013/09/20-12:25:10	34	1,654.609	61.794	7	0	0	0	0	0	0	1	1	0	0	20
2013/09/20-12:25:48	34	1,654.609	61.794	12	0	1	0	1	0	0	1	0	0	1	23
2013/09/20-12:26:30	34	1,654.609	61.794	4	0	0	0	1	0	1	1	0	0	1	13
2013/09/20-12:39:23	34	1,654.609	61.794	2	0	0	0	3	0	0	1	1	0	0	11
2013/09/20-12:40:01	34	1,654.609	61.794	3	0	0	0	0	0	1	1	0	0	1	4
2013/09/20-12:40:43	34	1,654.609	61.794	2	0	0	0	1	0	0	1	1	0	0	9
2013/09/20-12:41:15	34	1,654.609	61.794	1	0	0	0	0	0	1	1	0	0	1	3
2013/09/20-12:42:35	34	1,654.609	61.794	1	0	1	0	0	0	0	1	0	0	1	2
2013/09/20-18:09:29	34	1,658.755	62.428	7	0	0	0	0	0	0	1	1	0	0	12
2013/09/20-18:10:00	34	1,658.755	62.428	6	0	0	0	0	0	0	1	1	0	0	9
2013/09/20-18:10:28	34	1,658.755	62.428	7	0	0	1	0	0	1	1	0	0	1	24
2013/09/20-18:11:10	34	1,658.755	62.428	0	0	1	0	0	0	0	1	0	0	1	3
2013/09/20-18:11:33	34	1,658.755	62.428	9	0	1	10	0	0	0	1	0	0	1	23
2013/09/20-18:19:44	33	1,646.698	60.33	10	0	1	0	0	0	0	1	0	0	1	18
2013/09/20-18:21:03	33	1,646.698	60.33	5	0	1	0	0	0	0	1	0	0	1	10
2013/09/20-18:22:22	33	1,646.698	60.33	13	0	0	1	0	0	1	1	0	0	1	40
2013/09/20-18:23:21	33	1,646.698	60.33	2	0	0	0	2	0	0	1	1	0	0	6
2013/09/20-18:23:46	33	1,646.698	60.33	7	0	0	0	0	0	1	1	0	0	1	12
2013/09/20-18:35:46	33	1,646.698	60.33	2	0	0	0	1	0	1	1	0	0	1	7
2013/09/20-18:36:12	33	1,646.698	60.33	9	0	1	1	1	0	0	1	1	0	0	27
2013/09/20-18:36:59	33	1,646.698	60.33	14	0	0	0	1	0	1	1	0	0	1	22
2013/09/20-18:37:40	33	1,646.698	60.33	3	0	1	0	0	0	0	1	0	0	1	9
2013/09/20-18:39:00	33	1,646.698	60.33	2	0	0	0	0	0	0	1	1	0	0	7
2013/09/20-22:48:59	32	1,661.776	63.497	8	0	1	0	0	0	0	1	0	0	1	13
2013/09/20-22:49:57	32	1,661.776	63.497	5	0	1	0	0	0	0	1	0	0	1	14
2013/09/20-22:50:30	32	1,661.776	63.497	2	0	0	0	0	0	1	1	0	0	1	6
2013/09/20-22:51:40	32	1,661.776	63.497	35	0	0	16	0	0	0	1	1	0	0	60
2013/09/20-22:52:59	32	1,661.776	63.497	2	0	1	0	0	0	0	1	0	0	1	4
2013/12/27-11:49:48	33	1,665.106	74.281	2	0	0	0	0	0	1	1	0	0	1	7
2013/12/27-11:50:14	33	1,665.106	74.281	30	0	0	1	0	0	1	1	0	0	1	49
2013/12/27-11:51:21	33	1,665.106	74.281	43	0	0	0	0	0	0	1	1	0	0	60
2013/12/27-11:52:40	33	1,665.106	74.281	2	0	0	0	0	0	1	1	0	0	1	6
2013/12/27-11:53:07	33	1,665.106	74.281	2	0	0	0	0	0	1	1	0	0	1	6
2013/12/27-12:06:54	35	1,652.925	69.18	1	0	0	0	3	0	0	1	1	0	0	4
2013/12/27-12:07:17	35	1,652.925	69.18	3	0	0	0	0	0	1	1	0	0	1	11
2013/12/27-12:07:47	35	1,652.925	69.18	1	0	1	0	0	0	0	1	0	0	1	3
2013/12/27-12:08:09	35	1,652.925	69.18	15	0	0	1	2	0	0	1	1	0	0	49
2013/12/27-12:09:18	35	1,652.925	69.18	9	0	0	0	1	0	1	1	0	0	1	9
2013/12/27-12:28:37	35	1,652.925	69.18	6	0	0	0	0	0	1	1	0	0	1	12
2013/12/27-12:29:56	35	1,652.925	69.18	3	0	0	0	1	0	0	1	1	0	0	10
2013/12/27-12:30:25	35	1,652.925	69.18	4	0	0	0	0	0	1	1	0	0	1	15
2013/12/27-12:31:36	35	1,652.925	69.18	8	0	0	1	0	0	1	1	0	0	1	28
2013/12/27-12:32:24	35	1,652.925	69.18	6	0	0	0	0	0	1	1	0	0	1	8
2013/12/28-00:05:59	36	1,648.413	73.502	2	0	0	0	1	0	0	1	1	0	0	7
2013/12/28-00:06:26	36	1,648.413	73.502	1	0	1	0	0	0	0	1	0	0	1	6
2013/12/28-00:07:31	36	1,648.413	73.502	9	0	0	0	3	0	0	1	1	0	0	28
2013/12/28-00:08:18	36	1,648.413	73.502	9	0	0	0	1	0	1	1	0	0	1	16
2013/12/28-00:09:05	36	1,648.413	73.502	16	0	0	0	0	0	1	1	0	0	1	27
2013/12/28-00:25:48	32	1,672.38	68.678	4	0	1	0	1	0	0	1	0	0	1	8
2013/12/28-00:26:16	32	1,672.38	68.678	14	0	0	0	0	0	1	1	0	0	1	23
2013/12/28-00:27:02	32	1,672.38	68.678	0	0	0	0	0	0	0	1	1	0	0	3
2013/12/28-00:27:24	32	1,672.38	68.678	2	0	0	0	1	0	1	1	0	0	1	6
2013/12/28-00:27:50	32	1,672.38	68.678	1	0	0	0	0	0	1	1	0	0	1	3
2013/12/28-00:39:42	32	1,666.124	64.193	4	0	1	0	0	0	0	1	0	0	1	15
2013/12/28-00:40:36	32	1,666.124	64.193	6	0	1	1	0	0	0	1	0	0	1	17
2013/12/28-00:41:20	32	1,666.124	64.193	4	0	1	0	0	0	0	1	0	0	1	7
2013/12/28-00:41:46	32	1,666.124	64.193	4	0	0	0	1	0	1	1	0	0	1	13
2013/12/28-00:42:21	32	1,666.124	64.193	8	0	1	0	1	0	0	1	0	0	1	16
2013/12/28-15:22:23	30	1,654.833	80.615	26	0	0	4	1	0	1	1	0	0	1	57
2013/12/28-15:23:40	30	1,654.833	80.615	3	0	0	0	0	0	1	1	0	0	1	10
2013/12/28-15:24:20	30	1,654.833	80.615	3	0	1	0	0	0	0	1	0	0	1	5
2013/12/28-15:25:02	30	1,654.833	80.615	1	0	0	0	0	0	1	1	0	0	1	3
2013/12/28-15:25:23	30	1,654.833	80.615	5	0	1	0	0	0	0	1	0	0	1	10
2013/12/28-15:26:49	30	1,654.833	80.615	10	0	0	0	1	0	1	1	0	0	1	16
2013/12/28-15:27:24	30	1,654.833	80.615	5	0	0	0	0	0	1	1	0	0	1	18
2013/12/28-15:28:01	30	1,654.833	80.615	17	0	0	4	1	0	1	1	0	0	1	42
2013/12/28-15:29:03	30	1,654.833	80.615	4	0	0	2	0	0	1	1	0	0	1	9
2013/12/28-15:30:07	30	1,654.833	80.615	4	0	0	0	0	0	1	1	0	0	1	8
2013/12/28-15:45:37	30	1,654.833	80.615	14	0	1	0	0	0	0	1	0	0	1	21
2013/12/28-15:46:56	30	1,654.833	80.615	1	0	1	0	0	0	0	1	0	0	1	5
2013/12/28-15:47:25	30	1,654.833	80.615	22	0	0	1	1	0	1	1	0	0	1	35
2013/12/28-15:48:19	30	1,654.833	80.615	31	0	0	0	1	0	0	1	1	0	0	48
2013/12/28-15:49:27	30	1,654.833	80.615	8	0	1	1	0	0	0	1	0	0	1	24
2013/12/28-16:07:11	42	1,613.266	68.654	25	0	0	0	1	0	1	1	0	0	1	34
2013/12/28-16:08:05	42	1,613.266	68.654	5	0	1	0	1	0	0	1	0	0	1	9
2013/12/28-16:08:33	42	1,613.266	68.654	8	0	0	0	2	0	0	1	1	0	0	27
2013/12/28-16:09:19	42	1,613.266	68.654	9	0	0	1	0	0	0	1	1	0	0	19
2013/12/28-16:09:57	42	1,613.266	68.654	16	0	0	9	0	0	1	1	0	0	1	29
2013/12/28-16:26:34	37	1,634.052	64.255	9	0	0	0	2	0	0	1	1	0	0	29
2013/12/28-16:27:22	37	1,634.052	64.255	3	0	0	0	0	0	1	1	0	0	1	10
2013/12/28-16:27:51	37	1,634.052	64.255	7	0	0	0	0	0	1	1	0	0	1	7
2013/12/28-16:28:38	37	1,634.052	64.255	3	0	0	0	0	0	1	1	0	0	1	8
2013/12/28-16:29:06	37	1,634.052	64.255	18	0	0	2	0	0	1	1	0	0	1	54
2013/12/28-16:43:56	37	1,634.052	64.255	12	0	1	0	0	0	0	1	0	0	1	18
2013/12/28-16:45:15	37	1,634.052	64.255	4	0	0	2	0	0	1	1	0	0	1	9
2013/12/28-16:45:58	37	1,634.052	64.255	5	0	0	0	0	0	1	1	0	0	1	15
2013/12/28-16:46:33	37	1,634.052	64.255	3	0	1	0	0	0	0	1	0	0	1	7
2013/12/28-16:46:59	37	1,634.052	64.255	12	0	0	0	1	0	1	1	0	0	1	18
2013/12/29-00:22:45	44	1,604.901	69.243	2	0	1	0	0	0	0	1	0	0	1	6
2013/12/29-00:23:11	44	1,604.901	69.243	40	0	0	0	1	0	0	1	1	0	0	60
2013/12/29-00:24:30	44	1,604.901	69.243	8	0	1	0	0	0	0	1	0	0	1	15
2013/12/29-00:25:49	44	1,604.901	69.243	1	0	0	0	1	0	0	1	1	0	0	4
2013/12/29-00:26:11	44	1,604.901	69.243	6	0	0	0	0	0	1	1	0	0	1	18
2013/12/29-00:40:36	44	1,604.901	69.243	8	0	1	0	0	0	0	1	0	0	1	13
2013/12/29-00:41:08	44	1,604.901	69.243	2	0	1	0	0	0	0	1	0	0	1	3
2013/12/29-00:42:01	44	1,604.901	69.243	3	0	0	0	0	0	1	1	0	0	1	5
2013/12/29-00:42:48	44	1,604.901	69.243	2	0	0	0	0	0	1	1	0	0	1	3
2013/12/29-00:43:27	44	1,604.901	69.243	3	0	0	0	0	0	0	1	1	0	0	16
2013/12/29-00:54:18	44	1,597.782	62.083	7	0	0	0	2	0	0	1	1	0	0	14
2013/12/29-00:54:51	44	1,597.782	62.083	13	0	1	2	0	0	0	1	0	0	1	23
2013/12/29-00:55:34	44	1,597.782	62.083	1	0	0	0	0	0	1	1	0	0	1	3
2013/12/29-00:56:21	44	1,597.782	62.083	1	0	1	0	0	0	0	1	0	0	1	3
2013/12/29-00:56:43	44	1,597.782	62.083	4	0	1	0	0	0	0	1	0	0	1	12
2013/12/29-05:52:09	45	1,591.529	65.268	2	0	0	0	1	0	1	1	0	0	1	7
2013/12/29-05:52:35	45	1,591.529	65.268	2	0	0	0	0	0	1	1	0	0	1	6
2013/12/29-05:53:07	45	1,591.529	65.268	7	0	0	0	3	0	0	1	1	0	0	9
2013/12/29-05:53:35	45	1,591.529	65.268	6	0	1	0	0	0	0	1	0	0	1	11
2013/12/29-05:54:44	45	1,591.529	65.268	1	0	0	0	0	0	1	1	0	0	1	3
2013/12/29-06:05:00	48	1,582.717	61.422	7	0	0	0	0	0	1	1	0	0	1	10
2013/12/29-06:05:44	48	1,582.717	61.422	29	0	0	3	0	0	0	1	1	0	0	60
2013/12/29-06:07:03	48	1,582.717	61.422	5	0	0	2	0	0	1	1	0	0	1	10
2013/12/29-06:08:05	48	1,582.717	61.422	6	0	0	0	2	0	0	1	1	0	0	24
2013/12/29-06:08:48	48	1,582.717	61.422	17	0	0	0	2	0	1	1	0	0	1	22
2013/12/29-06:26:25	48	1,582.717	61.422	13	0	0	2	2	0	1	1	1	0	0	29
2013/12/29-06:27:13	48	1,582.717	61.422	19	0	0	2	0	0	1	1	0	0	1	37
2013/12/29-06:28:09	48	1,582.717	61.422	1	0	0	0	0	0	1	1	0	0	1	3
2013/12/29-06:28:32	48	1,582.717	61.422	2	0	1	0	2	0	0	1	0	0	1	11
2013/12/29-06:29:02	48	1,582.717	61.422	15	0	1	3	0	0	0	1	0	0	1	41
2013/12/29-11:17:13	44	1,600.957	63.715	7	0	0	0	0	0	1	1	0	0	1	16
2013/12/29-11:17:54	44	1,600.957	63.715	23	0	0	2	0	0	1	1	0	0	1	37
2013/12/29-11:18:50	44	1,600.957	63.715	4	0	1	0	0	0	0	1	0	0	1	9
2013/12/29-11:19:28	44	1,600.957	63.715	9	0	1	1	0	0	0	1	0	0	1	17
2013/12/29-11:20:42	44	1,600.957	63.715	5	0	1	0	0	0	0	1	0	0	1	11
2013/12/29-11:35:56	44	1,597.395	60.957	22	0	1	2	0	0	0	1	0	0	1	43
2013/12/29-11:36:58	44	1,597.395	60.957	12	0	0	2	0	0	1	1	0	0	1	33
2013/12/29-11:37:49	44	1,597.395	60.957	11	0	1	3	0	0	0	1	0	0	1	22
2013/12/29-11:38:30	44	1,597.395	60.957	14	0	0	0	0	0	1	1	0	0	1	34
2013/12/29-11:39:23	44	1,597.395	60.957	17	0	0	0	1	0	0	1	1	0	0	33
2013/12/29-11:57:31	44	1,597.395	60.957	4	0	1	0	0	0	0	1	0	0	1	9
2013/12/29-11:58:14	44	1,597.395	60.957	11	0	0	2	1	0	1	1	0	0	1	19
2013/12/29-11:58:51	44	1,597.395	60.957	19	0	0	3	0	0	0	1	1	0	0	60
2013/12/29-12:00:10	44	1,597.395	60.957	3	0	0	0	0	0	1	1	0	0	1	4
2013/12/29-12:01:06	44	1,597.395	60.957	7	0	0	0	0	0	1	1	0	0	1	18
2013/12/29-17:10:02	47	1,581.391	61.934	3	0	0	1	0	0	1	1	0	0	1	10
2013/12/29-17:11:04	47	1,581.391	61.934	10	0	0	0	0	0	1	1	0	0	1	18
2013/12/29-17:11:45	47	1,581.391	61.934	18	0	1	0	0	0	0	1	0	0	1	28
2013/12/29-17:12:32	47	1,581.391	61.934	16	0	1	1	1	0	0	1	0	0	1	33
2013/12/29-17:13:23	47	1,581.391	61.934	13	0	1	3	0	0	0	1	0	0	1	27
2013/12/29-17:25:34	47	1,581.391	61.934	10	0	0	0	0	0	0	1	1	0	0	20
2013/12/29-17:26:13	47	1,581.391	61.934	4	0	0	0	0	0	1	1	0	0	1	6
2013/12/29-17:26:40	47	1,581.391	61.934	3	0	0	0	0	0	1	1	0	0	1	5
2013/12/29-17:27:07	47	1,581.391	61.934	3	0	0	0	0	0	0	1	1	0	0	9
2013/12/29-17:27:35	47	1,581.391	61.934	2	0	0	0	0	0	0	1	1	0	0	14
2013/12/29-17:44:06	52	1,552.113	58.254	16	0	0	4	1	0	1	1	0	0	1	30
2013/12/29-17:44:56	52	1,552.113	58.254	7	0	0	3	0	0	1	1	0	0	1	18
2013/12/29-17:45:33	52	1,552.113	58.254	11	0	0	2	0	0	0	1	1	0	0	60
2013/12/29-17:46:52	52	1,552.113	58.254	19	0	0	4	1	0	0	1	1	0	0	34
2013/12/29-17:47:45	52	1,552.113	58.254	10	0	0	0	1	0	1	1	1	0	0	19
2013/12/30-01:35:35	48	1,572.424	62.83	11	0	1	1	0	0	0	1	0	0	1	18
2013/12/30-01:36:17	48	1,572.424	62.83	12	0	0	2	0	0	1	1	0	0	1	21
2013/12/30-01:37:36	48	1,572.424	62.83	17	0	0	0	0	0	1	1	0	0	1	32
2013/12/30-01:38:55	48	1,572.424	62.83	5	0	0	0	0	0	1	1	0	0	1	16
2013/12/30-01:40:14	48	1,572.424	62.83	16	0	0	2	1	0	1	1	0	0	1	25
2013/12/30-01:54:04	48	1,572.424	62.83	9	0	0	0	0	0	1	1	0	0	1	15
2013/12/30-01:54:39	48	1,572.424	62.83	5	0	0	1	0	0	1	1	0	0	1	11
2013/12/30-01:55:58	48	1,572.424	62.83	3	0	0	0	0	0	1	1	0	0	1	5
2013/12/30-01:56:31	48	1,572.424	62.83	7	0	1	0	0	0	0	1	0	0	1	13
2013/12/30-01:57:20	48	1,572.424	62.83	10	0	1	2	0	0	0	1	0	0	1	19
2013/12/30-02:10:46	48	1,572.424	62.83	3	0	0	0	0	0	1	1	0	0	1	5
2013/12/30-02:11:40	48	1,572.424	62.83	31	0	0	1	1	0	1	1	0	0	1	54
2013/12/30-02:12:53	48	1,572.424	62.83	37	0	0	4	1	0	0	1	1	0	0	60
2013/12/30-02:14:12	48	1,572.424	62.83	13	0	0	2	1	0	1	1	0	0	1	22
2013/12/30-02:15:31	48	1,572.424	62.83	9	0	0	0	0	0	1	1	0	0	1	20
2013/12/30-02:47:39	59	1,514.175	55.572	29	0	0	1	0	0	0	1	1	0	0	60
2013/12/30-02:48:58	59	1,514.175	55.572	11	0	0	0	0	0	1	1	0	0	1	22
2013/12/30-02:49:50	59	1,514.175	55.572	11	0	0	1	0	0	1	1	0	0	1	22
2013/12/30-02:50:33	59	1,514.175	55.572	21	0	0	2	1	0	0	1	1	0	0	35
2013/12/30-02:51:27	59	1,514.175	55.572	9	0	0	2	0	0	1	1	0	0	1	23
2013/12/30-03:11:28	60	1,522.657	53.145	17	0	0	2	2	0	0	1	1	0	0	34
2013/12/30-03:12:21	60	1,522.657	53.145	10	0	0	0	0	0	1	1	0	0	1	23
2013/12/30-03:13:08	60	1,522.657	53.145	15	0	0	0	1	0	0	1	1	0	0	33
2013/12/30-03:14:00	60	1,522.657	53.145	7	0	0	0	0	0	1	1	0	0	1	18
2013/12/30-03:14:38	60	1,522.657	53.145	39	0	0	5	0	0	0	1	1	0	0	60
2013/12/30-03:32:28	60	1,522.657	53.145	6	0	0	1	1	0	1	1	0	0	1	14
2013/12/30-03:33:15	60	1,522.657	53.145	3	0	0	0	0	0	1	1	0	0	1	9
2013/12/30-03:34:18	60	1,522.657	53.145	11	0	1	2	0	0	0	1	0	0	1	23
2013/12/30-03:35:00	60	1,522.657	53.145	7	0	0	0	0	0	1	1	0	0	1	18
2013/12/30-03:35:54	60	1,522.657	53.145	21	0	0	0	0	0	0	1	1	0	0	43
2013/12/30-11:16:23	55	1,536.858	61.244	3	0	0	0	0	0	1	1	0	0	1	7
2013/12/30-11:17:05	55	1,536.858	61.244	19	0	0	0	0	0	1	1	0	0	1	30
2013/12/30-11:17:54	55	1,536.858	61.244	8	0	1	0	0	0	0	1	0	0	1	19
2013/12/30-11:19:13	55	1,536.858	61.244	13	0	0	2	2	0	0	1	1	0	0	24
2013/12/30-11:19:56	55	1,536.858	61.244	17	0	1	0	0	0	0	1	0	0	1	33
2013/12/30-11:26:39	55	1,536.858	61.244	20	0	0	1	0	0	1	1	0	0	1	39
2013/12/30-11:27:37	55	1,536.858	61.244	27	0	1	1	0	0	0	1	0	0	1	58
2013/12/30-11:28:54	55	1,536.858	61.244	10	0	0	1	0	0	1	1	0	0	1	16
2013/12/30-11:29:28	55	1,536.858	61.244	2	0	0	1	0	0	1	1	0	0	1	8
2013/12/30-11:30:04	55	1,536.858	61.244	24	0	0	2	0	0	1	1	0	0	1	47
2013/12/30-11:45:55	56	1,525.023	57.418	4	0	0	0	0	0	1	1	0	0	1	10
2013/12/30-11:47:55	56	1,525.023	57.418	8	0	0	1	0	0	1	1	0	0	1	14
2013/12/30-11:48:52	56	1,525.023	57.418	12	0	0	0	0	0	1	1	0	0	1	21
2013/12/30-11:49:51	56	1,525.023	57.418	34	0	0	1	1	0	0	1	1	0	0	60
2013/12/30-11:51:10	56	1,525.023	57.418	6	0	0	0	0	0	1	1	0	0	1	15
2013/12/30-18:14:45	58	1,517.013	63.312	7	0	0	0	0	0	1	1	0	0	1	15
2013/12/30-18:15:47	58	1,517.013	63.312	13	0	0	1	1	0	0	1	1	0	0	34
2013/12/30-18:18:19	58	1,517.013	63.312	18	0	0	1	1	0	1	1	0	0	1	38
2013/12/30-18:19:15	58	1,517.013	63.312	9	0	0	0	2	0	0	1	1	0	0	18
2013/12/30-18:19:52	58	1,517.013	63.312	19	0	0	2	0	0	1	1	0	0	1	31
2013/12/30-18:49:42	55	1,536.028	59.83	28	0	0	0	0	0	1	1	0	0	1	48
2013/12/30-18:51:01	55	1,536.028	59.83	39	0	0	2	1	0	0	1	1	0	0	60
2013/12/30-18:52:20	55	1,536.028	59.83	22	0	0	2	1	0	1	1	0	0	1	35
2013/12/30-18:53:39	55	1,536.028	59.83	9	0	0	0	1	0	0	1	1	0	0	18
2013/12/30-18:54:16	55	1,536.028	59.83	38	0	0	1	0	0	0	1	0	0	1	60
2013/12/30-19:12:01	55	1,536.028	59.83	26	0	0	4	1	0	1	1	0	0	1	41
2013/12/30-19:12:58	55	1,536.028	59.83	5	0	0	1	0	0	1	1	0	0	1	9
2013/12/30-19:14:00	55	1,536.028	59.83	24	0	0	0	1	0	0	1	1	0	0	42
2013/12/30-19:15:02	55	1,536.028	59.83	9	0	0	0	0	0	1	1	0	0	1	21
2013/12/30-19:15:51	55	1,536.028	59.83	2	0	0	0	0	0	1	1	0	0	1	10
2013/12/31-09:36:14	56	1,534.435	72.43	1	0	0	0	0	0	1	1	0	0	1	3
2013/12/31-09:36:42	56	1,534.435	72.43	5	0	0	0	1	0	1	1	1	0	0	17
2013/12/31-09:37:18	56	1,534.435	72.43	8	0	0	0	0	0	1	1	0	0	1	15
2013/12/31-09:38:07	56	1,534.435	72.43	22	0	1	0	1	0	0	1	0	0	1	40
2013/12/31-09:39:05	56	1,534.435	72.43	1	0	0	0	1	0	1	1	0	0	1	3
2013/12/31-09:44:26	56	1,534.435	72.43	8	0	0	4	2	0	1	1	0	0	1	18
2013/12/31-09:45:03	56	1,534.435	72.43	7	0	1	0	0	0	0	1	0	0	1	21
2013/12/31-09:45:53	56	1,534.435	72.43	13	0	0	0	1	0	1	1	0	0	1	25
2013/12/31-09:46:37	56	1,534.435	72.43	2	0	0	0	1	0	1	1	0	0	1	6
2013/12/31-09:47:02	56	1,534.435	72.43	9	0	1	0	0	0	0	1	0	0	1	13
2013/12/31-10:01:27	59	1,511.989	65.937	1	0	0	0	0	0	1	1	0	0	1	3
2013/12/31-10:01:49	59	1,511.989	65.937	8	0	0	0	0	0	1	1	0	0	1	12
2013/12/31-10:02:46	59	1,511.989	65.937	11	0	1	2	0	0	0	1	0	0	1	19
2013/12/31-10:03:25	59	1,511.989	65.937	1	0	0	0	0	0	0	1	1	0	0	6
2013/12/31-10:03:50	59	1,511.989	65.937	1	0	0	0	0	0	0	1	1	0	0	4
2013/12/31-13:34:29	57	1,525.146	66.752	6	0	0	1	0	0	1	1	0	0	1	20
2013/12/31-13:35:08	57	1,525.146	66.752	11	0	0	0	1	0	1	1	0	0	1	16
2013/12/31-13:35:42	57	1,525.146	66.752	2	0	0	0	0	0	0	1	1	0	0	6
2013/12/31-13:36:08	57	1,525.146	66.752	26	0	0	0	0	0	1	1	0	0	1	45
2013/12/31-13:37:11	57	1,525.146	66.752	2	0	0	0	0	0	0	1	1	0	0	6
2013/12/31-13:52:57	55	1,543.749	64.417	2	0	1	0	0	0	0	1	1	0	0	6
2013/12/31-13:53:23	55	1,543.749	64.417	2	0	1	0	0	0	0	1	0	0	1	3
2013/12/31-13:54:11	55	1,543.749	64.417	13	0	0	0	0	0	1	1	0	0	1	22
2013/12/31-13:54:51	55	1,543.749	64.417	7	0	0	0	0	0	1	1	0	0	1	7
2013/12/31-13:55:17	55	1,543.749	64.417	5	0	0	3	0	0	1	1	0	0	1	17
2013/12/31-14:03:27	55	1,543.749	64.417	5	0	0	0	0	0	1	1	0	0	1	19
2013/12/31-14:04:04	55	1,543.749	64.417	10	0	1	0	0	0	0	1	0	0	1	14
2013/12/31-14:04:38	55	1,543.749	64.417	2	0	1	0	0	0	0	1	0	0	1	5
2013/12/31-14:05:02	55	1,543.749	64.417	4	0	1	0	0	0	0	1	0	0	1	8
2013/12/31-14:05:29	55	1,543.749	64.417	2	0	1	0	0	0	0	1	0	0	1	9
2013/12/31-17:43:08	45	1,580.476	63.858	5	0	1	1	1	0	0	1	0	0	1	13
2013/12/31-17:43:56	45	1,580.476	63.858	8	0	0	0	1	0	0	1	1	0	0	25
2013/12/31-17:44:40	45	1,580.476	63.858	6	0	1	0	0	0	0	1	0	0	1	8
2013/12/31-17:45:07	45	1,580.476	63.858	3	0	0	0	1	0	0	1	1	0	0	9
2013/12/31-17:45:34	45	1,580.476	63.858	5	0	0	0	0	0	0	1	1	0	0	8
2013/12/31-18:02:54	44	1,607.646	61.306	29	0	0	0	1	0	1	1	0	0	1	48
2013/12/31-18:04:13	44	1,607.646	61.306	11	0	0	0	1	0	1	1	0	0	1	16
2013/12/31-18:04:58	44	1,607.646	61.306	12	0	1	0	0	0	0	1	0	0	1	37
2013/12/31-18:06:50	44	1,607.646	61.306	2	0	0	0	2	0	1	1	1	0	0	6
2013/12/31-18:07:12	44	1,607.646	61.306	2	0	0	0	1	0	1	1	0	0	1	6
2013/12/31-18:17:35	44	1,607.646	61.306	9	0	1	1	0	0	0	1	0	0	1	18
2013/12/31-18:18:33	44	1,607.646	61.306	2	0	0	0	0	0	1	1	0	0	1	6
2013/12/31-18:18:58	44	1,607.646	61.306	4	0	1	0	0	0	0	1	0	0	1	10
2013/12/31-18:19:42	44	1,607.646	61.306	6	0	1	0	0	0	0	1	0	0	1	4
2013/12/31-18:20:08	44	1,607.646	61.306	19	0	0	1	0	0	0	1	1	0	0	60
2013/12/31-21:48:20	42	1,612.239	62.213	3	0	0	0	0	0	1	1	0	0	1	9
2013/12/31-21:48:48	42	1,612.239	62.213	2	0	1	0	0	0	0	1	1	0	0	7
2013/12/31-21:49:14	42	1,612.239	62.213	2	0	0	0	0	0	1	1	0	0	1	3
2013/12/31-21:49:41	42	1,612.239	62.213	36	0	0	0	1	0	0	1	1	0	0	60
2013/12/31-21:50:59	42	1,612.239	62.213	7	0	0	4	1	0	1	1	0	0	1	15
2013/12/31-22:08:39	42	1,612.239	62.213	3	0	0	0	0	0	1	1	0	0	1	9
2013/12/31-22:09:13	42	1,612.239	62.213	12	0	1	3	0	0	0	1	0	0	1	22
2013/12/31-22:10:32	42	1,612.239	62.213	5	0	1	0	0	0	0	1	0	0	1	5
2013/12/31-22:11:36	42	1,612.239	62.213	7	0	0	0	0	0	0	1	1	0	0	12
2013/12/31-22:12:06	42	1,612.239	62.213	8	0	1	0	2	0	0	1	0	0	1	23
2013/12/31-22:18:47	45	1,604.401	57.16	8	0	1	0	0	0	0	1	0	0	1	10
2013/12/31-22:20:06	45	1,604.401	57.16	1	0	1	0	0	0	0	1	0	0	1	6
2013/12/31-22:20:31	45	1,604.401	57.16	12	0	0	1	0	0	1	1	0	0	1	20
2013/12/31-22:21:50	45	1,604.401	57.16	1	0	1	0	0	0	0	1	0	0	1	3
2013/12/31-22:22:12	45	1,604.401	57.16	13	0	1	2	0	0	0	1	0	0	1	30
2014/01/01-02:52:24	47	1,597.697	60.849	21	0	0	0	2	0	0	1	1	0	0	60
2014/01/01-02:53:43	47	1,597.697	60.849	25	0	0	0	0	0	1	1	0	0	1	42
2014/01/01-02:54:43	47	1,597.697	60.849	3	0	0	0	0	0	1	1	0	0	1	3
2014/01/01-02:55:14	47	1,589.566	59.851	3	0	0	0	0	0	1	1	0	0	1	5
2014/01/01-02:56:09	47	1,589.566	59.851	7	0	0	0	3	0	0	1	1	0	0	23
2014/01/01-03:11:16	47	1,589.566	59.851	7	0	0	0	0	0	1	1	0	0	1	16
2014/01/01-03:12:35	47	1,589.566	59.851	4	0	0	0	1	0	1	1	0	0	1	13
2014/01/01-03:13:07	47	1,589.566	59.851	10	0	0	0	0	0	1	1	0	0	1	19
2014/01/01-03:14:26	47	1,589.566	59.851	19	0	0	3	0	0	1	1	0	0	1	52
2014/01/01-03:15:36	47	1,589.566	59.851	3	0	1	0	1	0	0	1	0	0	1	10
2014/01/01-03:22:35	47	1,589.566	59.851	2	0	0	0	0	0	1	1	0	0	1	6
2014/01/01-03:23:51	47	1,589.566	59.851	5	0	1	0	0	0	0	1	0	0	1	18
2014/01/01-03:24:29	47	1,589.566	59.851	4	0	0	7	0	0	1	1	0	0	1	11
2014/01/01-03:24:59	47	1,589.566	59.851	11	0	1	2	0	0	0	1	0	0	1	22
2014/01/01-03:25:50	48	1,581.957	54.989	10	0	1	0	0	0	0	1	0	0	1	29
2014/01/01-06:58:33	48	1,575.682	59.948	2	0	0	0	0	0	1	1	0	0	1	6
2014/01/01-06:59:00	48	1,575.682	59.948	17	0	1	4	0	0	0	1	0	0	1	45
2014/01/01-07:00:04	48	1,575.682	59.948	4	0	0	0	0	0	1	1	0	0	1	10
2014/01/01-07:00:33	48	1,575.682	59.948	30	0	1	1	0	0	0	1	0	0	1	56
2014/01/01-07:01:47	48	1,575.682	59.948	12	0	0	0	0	0	1	1	0	0	1	39
2014/01/01-07:09:11	48	1,575.682	59.948	5	0	1	0	0	0	0	1	0	0	1	7
2014/01/01-07:10:30	48	1,575.682	59.948	4	0	0	0	0	0	1	1	0	0	1	19
2014/01/01-07:11:08	48	1,575.682	59.948	14	0	0	0	1	0	1	1	0	0	1	44
2014/01/01-07:12:11	48	1,575.682	59.948	2	0	1	0	0	0	0	1	0	0	1	4
2014/01/01-07:13:23	48	1,575.682	59.948	5	0	1	0	0	0	0	1	0	0	1	7
2014/01/01-07:23:38	54	1,554.53	55.83	2	0	0	0	0	0	1	1	0	0	1	6
2014/01/01-07:24:57	54	1,554.53	55.83	8	0	0	0	1	0	1	1	0	0	1	12
2014/01/01-07:26:15	54	1,554.53	55.83	17	0	0	1	0	0	0	1	1	0	0	53
2014/01/01-07:27:27	54	1,554.53	55.83	20	0	0	0	0	0	0	1	1	0	0	60
2014/01/01-07:28:46	54	1,554.53	55.83	19	0	0	1	2	0	1	1	0	0	1	33
2014/01/01-10:58:02	50	1,568.59	58.704	20	0	0	0	0	0	1	1	0	0	1	27
2014/01/01-10:58:48	50	1,568.59	58.704	9	0	1	1	0	0	0	1	0	0	1	15
2014/01/01-10:59:22	50	1,568.59	58.704	2	0	0	0	1	0	0	1	1	0	0	9
2014/01/01-10:59:50	50	1,568.59	58.704	5	0	0	0	0	0	1	1	0	0	1	5
2014/01/01-11:00:21	50	1,568.59	58.704	2	0	0	0	0	0	0	1	1	0	0	5
2014/01/01-11:15:11	47	1,572.659	57.134	7	0	0	0	1	0	0	1	1	0	0	29
2014/01/01-11:15:59	47	1,572.659	57.134	26	0	0	1	0	0	1	1	0	0	1	49
2014/01/01-11:17:07	47	1,572.659	57.134	3	0	0	0	0	0	1	1	0	0	1	7
2014/01/01-11:18:23	47	1,572.659	57.134	12	0	0	2	0	0	1	1	0	0	1	36
2014/01/01-11:19:18	47	1,572.659	57.134	23	0	1	3	0	0	0	1	0	0	1	35
2014/01/01-11:30:46	47	1,572.659	57.134	1	0	0	0	0	0	1	1	0	0	1	3
2014/01/01-11:31:11	47	1,572.659	57.134	3	0	1	0	0	0	0	1	0	0	1	4
2014/01/01-11:31:45	47	1,572.659	57.134	16	0	0	2	0	0	1	1	0	0	1	25
2014/01/01-11:32:38	47	1,572.659	57.134	4	0	0	7	0	0	1	1	0	0	1	12
2014/01/01-11:33:40	47	1,572.659	57.134	8	0	0	0	1	0	1	1	0	0	1	12
2014/01/01-15:15:48	53	1,559.354	59.154	2	0	0	0	0	0	1	1	0	0	1	10
2014/01/01-18:32:25	53	1,559.354	59.154	10	0	0	0	0	0	1	1	0	0	1	24
2014/01/01-18:33:47	53	1,559.354	59.154	3	0	0	0	0	0	1	1	0	0	1	10
2014/01/01-18:34:16	53	1,559.354	59.154	11	0	0	17	2	0	1	1	0	0	1	27
2014/01/01-18:35:01	53	1,559.354	59.154	9	0	1	0	0	0	0	1	0	0	1	15
2014/01/01-18:36:20	53	1,559.354	59.154	2	0	1	0	0	0	0	1	0	0	1	6
2014/01/01-18:48:27	53	1,559.354	59.154	11	0	0	0	1	0	0	1	1	0	0	32
2014/01/01-18:49:17	53	1,559.354	59.154	3	0	0	0	0	0	1	1	0	0	1	8
2014/01/01-18:49:44	53	1,559.354	59.154	16	0	0	0	2	0	0	1	1	0	0	49
2014/01/01-18:50:52	53	1,559.354	59.154	7	0	0	0	1	0	0	1	1	0	0	17
2014/01/01-18:51:27	53	1,559.354	59.154	19	0	0	0	1	0	0	1	1	0	0	30
2014/01/01-19:04:55	52	1,559.164	55.232	21	0	0	1	1	0	0	1	1	0	0	60
2014/01/01-19:06:14	52	1,559.164	55.232	2	0	1	0	1	0	0	1	0	0	1	5
2014/01/01-19:06:45	52	1,559.164	55.232	4	0	1	0	0	0	0	1	0	0	1	8
2014/01/01-19:07:19	52	1,559.164	55.232	13	0	0	1	1	0	0	1	1	0	0	27
2014/01/01-19:08:05	52	1,559.164	55.232	2	0	1	0	0	0	0	1	0	0	1	7
2014/01/02-01:14:26	54	1,547.021	58.205	12	0	0	6	0	0	1	1	0	0	1	24
2014/01/02-01:15:10	54	1,547.021	58.205	4	0	0	0	0	0	1	1	0	0	1	12
2014/01/02-01:15:45	54	1,547.021	58.205	8	0	0	0	0	0	0	1	1	0	0	8
2014/01/02-01:16:11	54	1,547.021	58.205	4	0	0	0	0	0	1	1	0	0	1	11
2014/01/02-01:17:17	54	1,547.021	58.205	10	0	0	0	1	0	1	1	0	0	1	30
2014/01/02-01:32:21	54	1,547.021	58.205	16	0	0	1	0	0	0	1	1	0	0	34
2014/01/02-01:33:14	54	1,547.021	58.205	2	0	0	0	0	0	0	1	1	0	0	7
2014/01/02-01:33:40	54	1,547.021	58.205	21	0	0	0	1	0	0	1	1	0	0	60
2014/01/02-01:34:59	54	1,547.021	58.205	12	0	0	4	2	0	0	1	1	0	0	23
2014/01/02-01:35:41	54	1,547.021	58.205	11	0	0	0	2	0	0	1	1	0	0	31
2014/01/02-01:52:10	48	1,571.098	54.573	5	0	0	0	2	0	0	1	1	0	0	18
2014/01/02-01:52:47	48	1,571.098	54.573	2	0	1	0	0	0	0	1	0	0	1	4
2014/01/02-01:54:06	48	1,571.098	54.573	6	0	0	0	0	0	1	1	0	0	1	8
2014/01/02-01:55:20	48	1,571.098	54.573	11	0	0	0	1	0	1	1	0	0	1	18
2014/01/02-01:55:57	48	1,571.098	54.573	2	0	0	0	1	0	0	1	1	0	0	6
2014/01/02-05:29:49	46	1,572.303	57.684	19	0	0	0	1	0	0	1	1	0	0	60
2014/01/02-05:31:08	46	1,572.303	57.684	21	0	0	1	0	0	1	1	0	0	1	33
2014/01/02-05:32:27	46	1,572.303	57.684	11	0	1	2	0	0	0	1	0	0	1	19
2014/01/02-05:33:18	46	1,572.303	57.684	11	0	1	0	0	0	0	1	0	0	1	31
2014/01/02-05:34:37	46	1,572.303	57.684	10	0	1	0	0	0	0	1	0	0	1	14
2014/01/02-05:50:09	48	1,569.482	55.116	1	0	1	0	1	0	0	1	1	0	0	4
2014/01/02-05:50:31	48	1,569.482	55.116	2	0	0	0	0	0	1	1	0	0	1	3
2014/01/02-05:50:58	48	1,569.482	55.116	2	0	0	0	0	0	0	1	1	0	0	6
2014/01/02-05:51:23	48	1,569.482	55.116	7	0	0	0	0	0	1	1	0	0	1	12
2014/01/02-05:52:42	48	1,569.482	55.116	15	0	0	0	1	0	0	1	1	0	0	30
2014/01/02-06:09:44	48	1,569.482	55.116	18	0	0	0	0	0	0	1	1	0	0	60
2014/01/02-06:11:03	48	1,569.482	55.116	4	0	0	0	3	0	0	1	1	0	0	7
2014/01/02-06:11:28	48	1,569.482	55.116	13	0	0	2	0	0	1	1	0	0	1	28
2014/01/02-06:12:15	48	1,569.482	55.116	40	0	0	1	0	0	0	1	1	0	0	60
2014/01/02-06:13:34	48	1,569.482	55.116	12	0	1	0	1	0	0	1	0	0	1	19
2014/01/02-11:28:31	46	1,593.565	58.559	2	0	0	0	0	0	0	1	1	0	0	5
2014/01/02-11:28:55	46	1,593.565	58.559	5	0	1	0	0	0	0	1	0	0	1	9
2014/01/02-11:29:37	46	1,593.565	58.559	1	0	0	0	0	0	0	1	1	0	0	5
2014/01/02-11:30:01	46	1,593.565	58.559	1	0	1	0	0	0	0	1	0	0	1	4
2014/01/02-11:30:24	46	1,593.565	58.559	4	0	1	0	0	0	0	1	0	0	1	5
2014/01/02-11:48:37	47	1,586.769	56.591	1	0	0	0	0	0	1	1	0	0	1	3
2014/01/02-11:48:59	47	1,586.769	56.591	1	0	1	0	0	0	0	1	0	0	1	4
2014/01/02-11:50:18	47	1,586.769	56.591	25	0	0	4	1	0	1	1	0	0	1	54
2014/01/02-11:51:31	47	1,586.769	56.591	5	0	0	0	1	0	0	1	1	0	0	6
2014/01/02-11:51:56	47	1,586.769	56.591	11	0	0	0	1	0	1	1	0	0	1	23
2014/01/02-12:04:02	47	1,586.769	56.591	21	0	0	1	0	0	0	1	0	1	0	60
2014/01/02-12:05:21	47	1,586.769	56.591	6	0	0	0	0	0	1	1	0	0	1	18
2014/01/02-12:06:40	47	1,586.769	56.591	16	0	0	17	0	0	1	1	0	0	1	32
2014/01/02-12:07:31	47	1,586.769	56.591	34	0	0	1	0	0	1	1	0	0	1	52
2014/01/02-12:08:50	47	1,586.769	56.591	4	0	1	0	0	0	0	1	0	0	1	4
2014/01/02-15:37:38	44	1,590.247	58.635	5	0	1	0	0	0	0	1	0	0	1	9
2014/01/02-15:38:06	44	1,590.247	58.635	16	0	1	0	1	0	0	1	0	0	1	25
2014/01/02-15:38:50	44	1,590.247	58.635	16	0	0	8	1	0	0	1	1	0	0	32
2014/01/02-15:39:40	44	1,590.247	58.635	17	0	0	0	2	0	0	1	1	0	0	53
2014/01/02-15:40:53	44	1,590.247	58.635	1	0	0	0	0	0	1	1	0	0	1	3
2014/01/02-15:58:59	44	1,590.247	58.635	5	0	1	0	1	0	0	1	0	0	1	8
2014/01/02-15:59:35	44	1,590.247	58.635	23	0	0	0	1	0	1	1	0	0	1	33
2014/01/02-16:00:53	44	1,590.247	58.635	3	0	0	0	3	0	0	1	1	0	0	7
2014/01/02-16:01:19	44	1,590.247	58.635	4	0	0	0	1	0	1	1	0	0	1	12
2014/01/02-16:01:50	44	1,590.247	58.635	36	0	0	2	1	0	0	1	1	0	0	60
2014/01/02-16:15:36	41	1,607.214	54.328	28	0	0	7	1	0	0	1	1	0	0	43
2014/01/02-16:16:38	41	1,607.214	54.328	7	0	0	0	0	0	1	1	0	0	1	10
2014/01/02-16:17:20	41	1,607.214	54.328	1	0	1	0	0	0	0	1	0	0	1	4
2014/01/02-16:18:09	41	1,607.214	54.328	16	0	0	1	1	0	1	1	0	0	1	52
2014/01/02-16:19:21	41	1,607.214	54.328	6	0	1	0	0	0	0	1	0	0	1	11
2014/01/02-23:37:43	42	1,614.673	58.555	5	0	0	0	0	0	1	1	0	0	1	16
2014/01/02-23:39:02	42	1,614.673	58.555	4	0	0	0	0	0	1	1	0	0	1	7
2014/01/02-23:40:21	42	1,614.673	58.555	5	0	0	0	1	0	1	1	0	0	1	15
2014/01/02-23:40:54	42	1,614.673	58.555	7	0	1	0	0	0	0	1	0	0	1	10
2014/01/02-23:41:29	42	1,614.673	58.555	25	0	0	1	0	0	1	1	0	0	1	52
2014/01/02-23:57:11	48	1,584.848	56.473	3	0	0	0	1	0	0	1	1	0	0	8
2014/01/02-23:57:38	48	1,584.848	56.473	5	0	0	0	0	0	0	1	1	0	0	11
2014/01/02-23:58:07	48	1,584.848	56.473	6	0	0	0	0	0	1	1	0	0	1	10
2014/01/02-23:58:36	48	1,584.848	56.473	19	0	1	0	1	0	0	1	0	0	1	57
2014/01/02-23:59:52	48	1,584.848	56.473	13	0	0	1	0	0	1	1	0	0	1	23
2014/01/03-00:19:00	48	1,584.848	56.473	2	0	0	0	0	0	1	1	0	0	1	7
2014/01/03-00:19:26	48	1,584.848	56.473	6	0	0	0	1	0	1	1	0	0	1	14
2014/01/03-00:19:59	48	1,584.848	56.473	2	0	0	0	1	0	0	1	1	0	0	4
2014/01/03-00:20:22	48	1,584.848	56.473	4	0	0	0	1	0	0	1	1	0	0	14
2014/01/03-00:20:55	48	1,584.848	56.473	3	0	0	0	0	0	0	1	1	0	0	4
2014/01/03-03:47:46	47	1,610.68	58.278	2	0	0	0	0	0	1	1	0	0	1	3
2014/01/03-03:48:49	47	1,610.68	58.278	18	0	0	0	1	0	0	1	1	0	0	57
2014/01/03-03:50:04	47	1,610.68	58.278	14	0	0	0	0	0	1	1	0	0	1	30
2014/01/03-03:50:54	47	1,610.68	58.278	27	0	0	10	0	0	1	1	0	0	1	54
2014/01/03-03:52:13	47	1,610.68	58.278	31	0	0	0	0	0	1	1	0	0	1	44
2014/01/03-04:20:06	46	1,614.473	55.672	6	0	0	0	0	0	1	1	0	0	1	6
2014/01/03-04:20:35	46	1,614.473	55.672	2	0	1	0	0	0	0	1	0	0	1	6
2014/01/03-04:21:25	46	1,614.473	55.672	7	0	1	0	1	0	0	1	0	0	1	13
2014/01/03-04:22:03	46	1,614.473	55.672	11	0	1	0	1	0	0	1	0	0	1	37
2014/01/03-04:23:02	46	1,614.473	55.672	1	0	0	0	0	0	1	1	0	0	1	3
2014/01/03-04:32:53	49	1,581.366	53.284	8	0	1	1	0	0	0	1	0	0	1	22
2014/01/03-04:33:43	49	1,581.366	53.284	4	0	0	0	0	0	1	1	0	0	1	7
2014/01/03-04:34:29	49	1,581.366	53.284	6	0	1	0	0	0	0	1	0	0	1	7
2014/01/03-04:35:10	49	1,581.366	53.284	34	0	0	3	0	0	0	1	0	0	1	60
2014/01/03-04:36:29	49	1,581.366	53.284	2	0	0	0	0	0	1	1	0	0	1	11
