2013/08/29-10:10:38	52	1,500	350.775	24	0	0	0	2	0	1	1	0	0	1	18
2013/08/29-10:11:14	52	1,500	350.775	1	0	0	0	3	0	0	1	1	0	0	3
2013/08/29-10:11:36	52	1,500	350.775	1	0	0	0	0	0	1	1	0	0	1	3
2013/08/29-10:12:05	52	1,500	350.775	14	0	0	9	0	0	0	1	1	0	0	60
2013/08/29-10:13:24	52	1,500	350.775	10	0	0	0	0	0	1	1	0	0	1	10
2013/08/29-10:17:15	52	1,500	350.775	2	0	0	0	0	0	1	1	0	0	1	3
2013/08/29-10:18:31	52	1,500	350.775	22	0	0	0	0	0	0	1	1	0	0	25
2013/08/29-10:19:14	52	1,500	350.775	1	0	1	0	0	0	0	1	0	0	1	9
2013/08/29-10:19:44	52	1,500	350.775	38	0	0	0	1	0	1	1	0	0	1	42
2013/08/29-10:20:44	52	1,500	350.775	1	0	0	0	1	0	1	1	0	0	1	3
2013/08/29-10:30:06	59	1,406.75	262.22	14	0	0	16	1	0	0	1	1	0	0	51
2013/08/29-10:31:16	59	1,406.75	262.22	19	0	0	9	1	0	0	1	1	0	0	60
2013/08/29-10:32:35	59	1,406.75	262.22	2	0	1	0	0	0	0	1	0	0	1	9
2013/08/29-10:33:10	59	1,406.75	262.22	22	0	0	0	2	0	0	1	1	0	0	24
2013/08/29-10:33:53	59	1,406.75	262.22	1	0	0	0	1	0	1	1	0	0	1	3
