2013/12/25-21:09:40	61	1,500	350	10	0	0	12	1	0	0	1	1	0	0	40
2013/12/25-21:10:34	61	1,500	350	6	0	0	11	1	0	0	1	1	0	0	34
2013/12/25-21:11:24	61	1,500	350	2	0	0	0	1	0	0	1	1	0	0	11
2013/12/25-21:11:53	61	1,500	350	2	0	0	0	1	0	0	1	1	0	0	11
2013/12/25-21:12:22	61	1,500	350	7	0	0	0	1	0	0	1	1	0	0	23
2013/12/25-21:13:04	61	1,500	350	7	0	0	0	1	0	0	1	1	0	0	25
2013/12/25-21:13:47	61	1,500	350	4	0	0	1	0	0	1	1	0	0	1	23
2013/12/25-21:14:28	61	1,500	350	4	0	0	1	0	0	1	1	0	0	1	18
2013/12/25-21:15:05	61	1,500	350	3	0	0	0	1	0	0	1	1	0	0	14
2013/12/25-21:15:37	61	1,500	350	3	0	0	0	1	0	0	1	1	0	0	14
2013/12/25-21:16:09	61	1,500	350	5	0	0	0	1	0	0	1	1	0	0	27
2013/12/25-21:16:55	61	1,500	350	4	0	0	0	1	0	0	1	1	0	0	23
2013/12/25-21:17:36	61	1,500	350	5	0	0	0	1	0	0	1	1	0	0	27
2013/12/25-21:18:22	61	1,500	350	5	0	0	0	1	0	0	1	1	0	0	28
2013/12/25-21:19:08	61	1,500	350	1	0	0	0	1	0	0	1	1	0	0	4
2013/12/25-21:19:31	61	1,500	350	1	0	0	0	1	0	0	1	1	0	0	4
2013/12/25-21:20:42	61	1,500	350	9	0	0	16	1	0	0	1	1	0	0	47
2013/12/25-21:21:44	61	1,500	350	6	0	0	6	1	0	0	1	1	0	0	28
2013/12/25-21:22:31	61	1,500	350	5	0	0	0	1	0	0	1	1	0	0	17
2013/12/25-21:23:07	61	1,500	350	5	0	0	0	1	0	0	1	1	0	0	17
2013/12/25-21:23:42	61	1,500	350	5	0	0	0	1	0	0	1	1	0	0	22
2013/12/25-21:24:23	61	1,500	350	7	0	0	0	1	0	0	1	1	0	0	26
2013/12/25-21:25:07	61	1,500	350	7	0	0	1	1	0	0	1	1	0	0	32
2013/12/25-21:25:58	61	1,500	350	5	0	0	0	0	0	1	1	0	0	1	23
2013/12/25-21:26:39	61	1,500	350	4	0	0	0	1	0	0	1	1	0	0	16
2013/12/25-21:27:14	61	1,500	350	3	0	0	0	1	0	0	1	1	0	0	13
2013/12/25-21:27:51	61	1,500	350	4	0	0	0	1	0	0	1	1	0	0	22
2013/12/25-21:28:31	61	1,500	350	4	0	0	0	1	0	0	1	1	0	0	22
2013/12/25-21:29:12	61	1,500	350	6	0	0	1	0	0	0	1	0	1	0	30
2013/12/25-21:30:01	61	1,500	350	6	0	0	1	0	0	0	1	0	1	0	30
2013/12/25-21:30:49	61	1,500	350	3	0	0	1	1	0	0	1	1	0	0	12
2013/12/25-21:31:20	61	1,500	350	6	0	0	3	1	0	0	1	1	0	0	15
2013/12/25-21:33:46	61	1,500	350	11	0	0	15	1	0	0	1	1	0	0	45
2013/12/25-21:34:47	61	1,500	350	8	0	0	13	1	0	0	1	1	0	0	36
2013/12/25-21:35:41	61	1,500	350	13	0	0	0	0	0	0	1	0	1	0	30
2013/12/25-21:36:30	61	1,500	350	14	0	0	0	0	0	0	1	0	1	0	30
2013/12/25-21:37:18	61	1,500	350	10	0	0	0	0	0	0	1	0	1	0	30
2013/12/25-21:38:07	61	1,500	350	8	0	0	0	1	0	0	1	1	0	0	21
2013/12/25-21:38:46	61	1,500	350	8	0	0	0	1	0	0	1	1	0	0	34
2013/12/25-21:39:39	61	1,500	350	4	0	0	1	0	0	1	1	0	0	1	18
2013/12/25-21:40:15	61	1,500	350	16	0	0	0	0	0	0	1	0	1	0	60
2013/12/25-21:41:34	61	1,500	350	7	0	0	0	0	0	1	1	0	0	1	25
2013/12/25-21:42:18	61	1,500	350	5	0	0	0	1	0	0	1	1	0	0	27
2013/12/25-21:43:04	61	1,500	350	4	0	0	0	1	0	0	1	1	0	0	23
2013/12/25-21:43:45	61	1,500	350	6	0	0	1	0	0	0	1	0	1	0	30
2013/12/25-21:44:33	61	1,500	350	6	0	0	1	0	0	0	1	0	1	0	30
2013/12/25-21:45:22	61	1,500	350	8	0	0	4	0	0	0	1	0	1	0	30
2013/12/25-21:46:10	61	1,500	350	9	0	0	2	1	0	0	1	1	0	0	20
2013/12/25-21:47:33	61	1,500	350	10	0	0	13	0	0	0	1	1	0	0	36
2013/12/25-21:48:25	61	1,500	350	7	0	0	11	0	0	0	1	1	0	0	35
2013/12/25-21:49:18	61	1,500	350	2	0	0	8	1	0	1	1	0	1	0	13
2013/12/25-21:49:50	61	1,500	350	2	0	0	3	0	0	0	1	1	0	0	12
2013/12/25-21:50:20	61	1,500	350	8	0	0	0	0	0	0	1	0	1	0	30
2013/12/25-21:51:08	61	1,500	350	8	0	0	0	0	0	0	1	0	1	0	30
2013/12/25-21:51:57	1	1,899.233	350	1	0	0	0	0	0	0	1	1	0	0	4
2013/12/25-21:52:19	1	1,899.233	350	1	0	0	0	0	0	0	1	1	0	0	4
2013/12/25-21:52:41	1	1,899.233	350	15	0	0	0	0	0	0	1	0	1	0	60
2013/12/25-21:53:59	1	1,899.233	350	7	0	0	0	0	0	1	1	0	0	1	24
2013/12/25-21:54:41	1	1,899.233	350	0	0	0	0	0	0	0	1	1	0	0	5
2013/12/25-21:55:05	1	1,899.233	350	0	0	0	0	0	0	0	1	1	0	0	3
2013/12/25-21:55:26	1	1,899.233	350	0	0	0	0	0	0	0	1	1	0	0	3
2013/12/25-21:55:47	1	1,899.233	350	0	0	0	0	0	0	0	1	1	0	0	3
2013/12/25-21:56:08	1	1,899.233	350	2	0	0	0	0	0	1	1	0	0	1	4
2013/12/25-21:56:30	1	1,899.233	350	2	0	0	0	0	0	0	1	1	0	0	5
