2013/12/26-08:37:46	63	1,500	350.155	8	0	0	5	1	0	0	1	1	0	0	28
2013/12/26-08:38:34	63	1,500	350.155	5	0	0	4	0	0	0	1	0	1	0	60
2013/12/26-08:39:53	63	1,500	350.155	1	0	0	0	0	0	0	1	0	1	0	30
2013/12/26-08:40:42	63	1,500	350.155	1	0	0	0	0	0	0	1	0	1	0	30
2013/12/26-08:41:30	63	1,500	350.155	3	0	0	0	0	0	0	1	0	1	0	30
2013/12/26-08:42:19	63	1,500	350.155	3	0	0	0	0	0	0	1	0	1	0	30
2013/12/26-08:43:50	63	1,500	350.155	6	0	0	1	0	0	0	1	0	1	0	45
2013/12/26-08:57:24	63	1,500	350.155	5	0	0	4	1	0	0	1	1	0	0	23
2013/12/26-08:58:06	63	1,500	350.155	4	0	0	3	0	0	0	1	0	1	0	60
2013/12/26-08:59:22	63	1,500	350.155	1	0	0	0	0	0	0	1	0	1	0	30
2013/12/26-09:00:08	63	1,500	350.155	1	0	0	0	0	0	0	1	0	1	0	30
2013/12/26-09:00:55	63	1,500	350.155	3	0	0	0	0	0	0	1	0	1	0	30
2013/12/26-09:01:43	63	1,500	350.155	3	0	0	0	0	0	0	1	0	1	0	30
2013/12/26-09:02:32	63	1,500	350.155	6	0	0	1	0	0	0	1	0	1	0	45
2013/12/26-09:03:35	63	1,500	350.155	5	0	0	1	0	0	0	1	0	1	0	45
2013/12/26-09:04:39	63	1,500	350.155	2	0	0	0	0	0	0	1	0	1	0	60
2013/12/26-09:05:58	63	1,500	350.155	2	0	0	0	0	0	0	1	0	1	0	60
2013/12/26-09:07:16	63	1,500	350.155	5	0	0	0	1	0	0	1	1	0	0	25
2013/12/26-09:08:00	63	1,500	350.155	5	0	0	0	1	0	0	1	1	0	0	25
2013/12/26-09:08:43	63	1,500	350.155	5	0	0	0	1	0	0	1	1	0	0	24
2013/12/26-09:09:26	63	1,500	350.155	5	0	0	0	1	0	0	1	1	0	0	25
2013/12/26-09:10:10	63	1,500	350.155	1	0	0	0	1	0	0	1	1	0	0	4
2013/12/26-09:10:32	63	1,500	350.155	1	0	0	0	1	0	0	1	1	0	0	4
2013/12/26-12:54:21	62	1,500	350.31	6	0	0	4	1	0	0	1	1	0	0	30
2013/12/26-12:55:06	62	1,500	350.31	8	0	0	4	1	0	0	1	1	0	0	32
2013/12/26-12:55:56	62	1,500	350.31	2	0	0	0	1	0	0	1	1	0	0	15
2013/12/26-12:56:30	62	1,500	350.31	1	0	0	0	0	0	0	1	0	1	0	30
2013/12/26-12:57:18	62	1,500	350.31	6	0	0	0	0	0	0	1	0	1	0	30
2013/12/26-12:58:07	62	1,500	350.31	6	0	0	0	1	0	0	1	1	0	0	22
2013/12/26-12:58:48	62	1,500	350.31	7	0	0	0	1	0	0	1	1	0	0	30
2013/12/26-12:59:36	62	1,500	350.31	6	0	0	0	1	0	0	1	1	0	0	28
2013/12/26-13:00:23	62	1,500	350.31	4	0	0	0	1	0	0	1	1	0	0	25
2013/12/26-13:01:07	62	1,500	350.31	3	0	0	0	1	0	0	1	1	0	0	12
2013/12/26-13:01:38	62	1,500	350.31	5	0	0	0	1	0	0	1	1	0	0	26
2013/12/26-13:02:22	62	1,500	350.31	4	0	0	0	1	0	0	1	1	0	0	21
2013/12/26-13:03:01	62	1,500	350.31	5	0	0	0	1	0	0	1	1	0	0	25
2013/12/26-13:03:45	62	1,500	350.31	5	0	0	0	1	0	0	1	1	0	0	25
2013/12/26-13:04:28	62	1,500	350.31	3	0	0	0	1	0	0	1	1	0	0	11
2013/12/26-13:04:58	62	1,500	350.31	2	0	0	0	1	0	0	1	1	0	0	7
2013/12/26-13:07:22	62	1,500	350.31	10	0	0	7	0	0	1	1	0	0	1	44
2013/12/26-13:08:21	62	1,500	350.31	21	0	0	6	0	0	0	1	0	1	0	60
2013/12/26-13:09:40	62	1,500	350.31	1	0	0	0	0	0	0	1	0	1	0	30
2013/12/26-13:10:29	62	1,500	350.31	1	0	0	0	0	0	0	1	0	1	0	30
2013/12/26-13:11:17	62	1,500	350.31	7	0	0	0	0	0	0	1	0	1	0	30
2013/12/26-13:12:06	62	1,500	350.31	3	0	0	0	0	0	0	1	0	1	0	30
2013/12/26-13:12:54	62	1,500	350.31	6	0	0	0	0	0	0	1	0	1	0	45
2013/12/26-13:13:57	62	1,500	350.31	11	0	0	0	0	0	0	1	0	1	0	45
2013/12/26-13:15:01	62	1,500	350.31	15	0	0	0	0	0	0	1	0	1	0	60
2013/12/26-13:16:20	62	1,500	350.31	2	0	0	0	0	0	0	1	0	1	0	60
2013/12/26-13:17:38	62	1,500	350.31	5	0	0	0	1	0	0	1	1	0	0	29
2013/12/26-13:18:26	62	1,500	350.31	4	0	0	0	1	0	0	1	1	0	0	22
2013/12/26-13:19:06	62	1,500	350.31	5	0	0	0	1	0	0	1	1	0	0	25
2013/12/26-13:19:49	62	1,500	350.31	5	0	0	0	1	0	0	1	1	0	0	25
2013/12/26-13:20:33	62	1,500	350.31	11	0	0	3	0	0	0	1	0	1	0	30
2013/12/26-13:21:22	62	1,500	350.31	12	0	0	6	0	0	0	1	0	1	0	30
2013/12/26-13:25:50	62	1,500	350.31	4	0	1	3	0	0	0	1	0	1	0	19
2013/12/26-13:26:25	62	1,500	350.31	15	0	0	4	0	0	0	1	0	1	0	60
2013/12/26-13:27:43	62	1,500	350.31	2	0	0	0	0	0	0	1	1	0	0	12
2013/12/26-13:28:14	62	1,500	350.31	2	0	0	0	0	0	0	1	1	0	0	12
2013/12/26-13:28:45	62	1,500	350.31	4	0	0	0	0	0	0	1	1	0	0	19
2013/12/26-13:29:22	62	1,500	350.31	3	0	0	0	0	0	0	1	1	0	0	16
2013/12/26-13:29:56	62	1,500	350.31	1	0	0	0	0	0	0	1	1	0	0	4
2013/12/26-13:30:19	62	1,500	350.31	1	0	0	0	0	0	0	1	1	0	0	4
2013/12/26-13:30:41	62	1,500	350.31	16	0	0	0	0	0	0	1	0	1	0	60
2013/12/26-13:31:59	62	1,500	350.31	2	0	0	0	0	0	0	1	1	0	0	9
2013/12/26-13:32:27	62	1,500	350.31	0	0	0	0	0	0	0	1	1	0	0	5
2013/12/26-13:32:50	62	1,500	350.31	0	0	0	0	0	0	0	1	1	0	0	3
2013/12/26-13:33:11	62	1,500	350.31	1	0	0	0	0	0	0	1	1	0	0	7
2013/12/26-13:33:37	62	1,500	350.31	0	0	0	0	0	0	0	1	1	0	0	3
2013/12/26-13:33:58	62	1,500	350.31	3	0	0	1	0	0	0	1	1	0	0	15
2013/12/26-13:34:32	62	1,500	350.31	3	0	0	0	0	0	0	1	1	0	0	12
2013/12/26-16:04:17	40	1,629.679	54.996	2	0	1	0	0	0	0	1	0	0	1	10
2013/12/26-16:04:51	40	1,629.679	54.996	1	0	0	0	0	0	1	1	0	0	1	3
2013/12/26-16:05:15	40	1,629.679	54.996	0	0	1	0	0	0	0	1	0	0	1	4
2013/12/26-16:05:37	40	1,629.679	54.996	1	0	0	0	0	0	1	1	0	0	1	3
2013/12/26-16:06:05	40	1,629.679	54.996	5	0	0	0	1	0	0	1	1	0	0	15
2013/12/26-16:06:39	40	1,629.679	54.996	13	0	0	0	0	0	0	1	1	0	0	60
2013/12/26-16:07:54	40	1,629.679	54.996	12	0	1	2	0	0	0	1	0	0	1	42
2013/12/26-16:13:43	40	1,629.679	54.996	0	0	1	0	0	0	0	1	0	0	1	6
2013/12/26-16:14:11	40	1,629.679	54.996	1	0	1	1	0	0	0	1	0	0	1	3
2013/12/26-16:14:30	40	1,629.679	54.996	22	0	0	3	1	0	0	1	1	0	0	90
2013/12/26-16:16:17	40	1,629.679	54.996	17	0	0	7	0	0	1	1	0	0	1	72
2013/12/26-16:17:45	40	1,629.679	54.996	3	0	0	0	0	0	1	1	0	0	1	12
2013/12/26-16:18:12	40	1,629.679	54.996	4	0	0	0	1	0	1	1	0	0	1	12
2013/12/26-16:18:40	40	1,629.679	54.996	1	0	1	0	0	0	0	1	0	0	1	3
2013/12/26-21:52:06	34	1,683.19	52.622	16	0	0	0	0	0	0	1	1	0	0	49
2013/12/26-21:54:47	34	1,683.19	52.622	11	0	1	0	0	0	0	1	0	0	1	40
2013/12/26-21:55:43	34	1,683.19	52.622	3	0	0	1	1	0	0	1	1	0	0	10
2013/12/26-21:56:11	34	1,683.19	52.622	13	0	0	0	1	0	0	1	1	0	0	41
2013/12/26-21:59:18	34	1,683.19	52.622	2	0	0	0	0	0	0	1	1	0	0	10
2013/12/26-21:59:47	34	1,683.19	52.622	14	0	0	1	0	0	0	1	1	0	0	48
2013/12/26-22:00:56	34	1,683.19	52.622	0	0	1	0	0	0	0	1	0	0	1	6
2013/12/26-22:19:21	34	1,683.19	52.622	2	0	0	0	1	0	1	1	0	0	1	8
2013/12/26-22:19:53	34	1,683.19	52.622	1	0	0	1	0	0	1	1	0	0	1	3
2013/12/26-22:20:19	34	1,683.19	52.622	28	0	0	0	1	0	0	1	1	0	0	43
2013/12/26-22:21:21	34	1,683.19	52.622	14	0	0	0	1	0	0	1	1	0	0	58
2013/12/26-22:22:38	34	1,683.19	52.622	13	0	0	0	3	0	0	1	1	0	0	42
2013/12/26-22:23:39	34	1,683.19	52.622	15	0	0	1	0	0	0	1	1	0	0	47
2013/12/26-22:24:45	34	1,683.19	52.622	1	0	0	0	0	0	0	1	1	0	0	10
2013/12/26-22:40:22	35	1,684.38	51.282	12	0	0	0	0	0	1	1	0	0	1	31
2013/12/26-22:41:09	35	1,684.38	51.282	14	0	0	0	0	0	0	1	1	0	0	40
2013/12/26-22:42:08	35	1,684.38	51.282	6	0	0	0	0	0	0	1	1	0	0	20
2013/12/26-22:42:47	35	1,684.38	51.282	4	0	1	0	1	0	0	1	0	0	1	17
2013/12/26-22:43:23	35	1,684.38	51.282	14	0	0	0	1	0	0	1	1	0	0	61
2013/12/26-22:44:43	35	1,684.38	51.282	3	0	0	0	0	0	1	1	0	0	1	15
2013/12/26-22:48:19	35	1,684.38	51.282	11	0	0	0	2	0	0	1	1	0	0	40
2013/12/26-23:07:15	35	1,684.38	51.282	3	0	0	0	0	0	1	1	0	0	1	20
2013/12/26-23:07:54	35	1,684.38	51.282	4	0	0	0	0	0	1	1	0	0	1	8
2013/12/26-23:08:21	35	1,684.38	51.282	5	0	0	0	0	0	0	1	1	0	0	39
2013/12/26-23:09:19	35	1,684.38	51.282	0	0	1	1	0	0	0	1	0	0	1	7
2013/12/26-23:10:16	35	1,684.38	51.282	15	0	0	1	1	0	0	1	1	0	0	49
2013/12/26-23:11:23	35	1,684.38	51.282	6	0	0	0	0	0	0	1	1	0	0	18
2013/12/26-23:12:00	35	1,684.38	51.282	24	0	0	0	0	0	0	1	0	0	1	90
2013/12/26-23:29:12	35	1,684.38	51.282	6	0	0	2	0	0	1	1	0	0	1	24
2013/12/26-23:29:58	35	1,684.38	51.282	2	0	0	0	0	0	1	1	0	0	1	8
2013/12/26-23:30:26	35	1,684.38	51.282	1	0	0	1	0	0	1	1	0	0	1	3
2013/12/26-23:30:50	27	1,722.836	47.979	12	0	0	13	1	0	0	1	1	0	0	30
2013/12/26-23:31:39	27	1,722.836	47.979	6	0	0	0	1	0	1	1	0	0	1	8
2013/12/26-23:32:10	27	1,722.836	47.979	0	0	1	0	0	0	0	1	0	0	1	11
2013/12/26-23:32:39	27	1,722.836	47.979	18	0	0	1	1	0	0	1	1	0	0	68
2013/12/26-23:38:47	27	1,722.836	47.979	11	0	0	0	0	0	0	1	1	0	0	18
2013/12/26-23:39:24	27	1,722.836	47.979	23	0	0	0	2	0	0	1	1	0	0	83
2013/12/26-23:41:06	27	1,722.836	47.979	5	0	0	2	0	0	0	1	1	0	0	26
2013/12/26-23:41:49	27	1,722.836	47.979	2	0	1	0	0	0	0	1	0	0	1	10
2013/12/26-23:42:59	27	1,722.836	47.979	1	0	1	0	0	0	0	1	0	0	1	5
2013/12/26-23:43:24	27	1,722.836	47.979	3	0	0	0	0	0	1	1	0	0	1	10
2013/12/26-23:43:53	27	1,722.836	47.979	13	0	0	0	1	0	1	1	0	0	1	40
2013/12/27-00:01:37	27	1,722.836	47.979	0	0	0	0	0	0	0	1	1	0	0	8
2013/12/27-00:02:05	27	1,722.836	47.979	2	0	0	0	1	0	0	1	1	0	0	11
2013/12/27-00:02:34	27	1,722.836	47.979	0	0	0	2	0	0	0	1	1	0	0	4
2013/12/27-00:02:57	27	1,722.836	47.979	4	0	0	0	0	0	1	1	0	0	1	19
2013/12/27-00:03:35	27	1,722.836	47.979	13	0	0	1	0	0	1	1	0	0	1	46
2013/12/27-00:04:40	27	1,722.836	47.979	4	0	0	0	1	0	0	1	1	0	0	12
2013/12/27-00:05:10	27	1,722.836	47.979	17	0	1	4	0	0	0	1	0	0	1	50
2013/12/27-00:17:27	26	1,730.372	44.727	17	0	0	0	2	0	0	1	1	0	0	41
2013/12/27-00:18:26	26	1,730.372	44.727	0	0	0	0	0	0	0	1	1	0	0	60
2013/12/27-00:19:45	26	1,730.372	44.727	5	0	1	3	0	0	0	1	0	0	1	20
2013/12/27-00:20:37	26	1,730.372	44.727	12	0	0	3	0	0	1	1	0	0	1	55
2013/12/27-00:22:18	26	1,730.372	44.727	1	0	0	1	0	0	1	1	0	0	1	3
2013/12/27-00:22:40	26	1,730.372	44.727	3	0	0	0	0	0	1	1	0	0	1	4
2013/12/27-00:23:03	26	1,730.372	44.727	7	0	0	16	0	0	0	1	1	0	0	30
2013/12/27-00:23:59	26	1,730.372	44.727	4	0	0	0	1	0	1	1	0	0	1	6
2013/12/27-00:24:26	26	1,730.372	44.727	20	0	1	1	0	0	0	1	1	0	0	59
2013/12/27-00:25:43	26	1,730.372	44.727	2	0	0	0	0	0	1	1	0	0	1	10
2013/12/27-00:26:12	26	1,730.372	44.727	17	0	0	2	1	0	0	1	1	0	0	98
2013/12/27-00:28:28	26	1,730.372	44.727	8	0	1	3	1	0	0	1	1	0	0	65
2013/12/27-00:30:01	26	1,730.372	44.727	2	0	0	0	0	0	0	1	1	0	0	8
2013/12/27-00:30:29	26	1,730.372	44.727	5	0	1	0	0	0	0	1	0	0	1	12
2013/12/27-00:52:45	26	1,730.372	44.727	4	0	0	0	1	0	0	1	1	0	0	14
2013/12/27-00:53:17	26	1,730.372	44.727	14	0	0	3	0	0	0	1	1	0	0	39
2013/12/27-00:54:15	26	1,730.372	44.727	4	0	0	0	1	0	1	1	0	0	1	8
2013/12/27-00:54:41	26	1,730.372	44.727	0	0	0	0	0	0	0	1	1	0	0	3
2013/12/27-00:55:03	26	1,730.372	44.727	0	0	0	3	0	0	0	1	1	0	0	79
2013/12/27-00:56:40	26	1,730.372	44.727	5	0	0	0	0	0	0	1	1	0	0	24
2013/12/27-00:57:23	26	1,730.372	44.727	19	0	0	0	0	0	1	1	0	0	1	40
2013/12/27-01:08:14	27	1,719.277	42.152	9	0	0	0	0	0	0	1	1	0	0	38
2013/12/27-01:09:10	27	1,719.277	42.152	2	0	0	0	0	0	0	1	1	0	0	7
2013/12/27-01:09:36	27	1,719.277	42.152	14	0	0	4	1	0	0	1	1	0	0	39
2013/12/27-01:10:34	27	1,719.277	42.152	2	0	0	0	1	0	0	1	1	0	0	7
2013/12/27-01:11:02	27	1,719.277	42.152	3	0	0	3	0	0	1	1	0	0	1	32
2013/12/27-01:11:53	27	1,719.277	42.152	3	0	0	0	0	0	1	1	0	0	1	7
2013/12/27-01:12:31	27	1,719.277	42.152	9	0	0	2	0	0	0	1	1	0	0	20
2013/12/27-01:18:10	27	1,719.277	42.152	6	0	0	0	1	0	1	1	0	0	1	55
2013/12/27-01:20:11	27	1,719.277	42.152	3	0	0	0	1	0	0	1	1	0	0	10
2013/12/27-01:20:40	27	1,719.277	42.152	2	0	1	0	0	0	0	1	0	0	1	4
2013/12/27-01:21:17	27	1,719.277	42.152	0	0	1	0	0	0	0	1	0	1	0	2
2013/12/27-01:21:50	27	1,719.277	42.152	10	0	0	0	0	0	0	1	0	0	1	97
2013/12/27-01:24:30	27	1,719.277	42.152	20	0	0	5	0	0	0	1	1	0	0	64
2013/12/27-01:25:53	27	1,719.277	42.152	3	0	0	0	1	0	0	1	1	0	0	14
2013/12/27-01:42:26	23	1,745.808	39.741	12	0	0	0	2	0	0	1	1	0	0	38
2013/12/27-01:43:23	23	1,745.808	39.741	5	0	0	3	0	0	0	1	1	0	0	71
2013/12/27-01:44:52	23	1,745.808	39.741	12	0	1	4	0	0	0	1	0	0	1	50
2013/12/27-01:46:01	23	1,745.808	39.741	0	0	1	0	0	0	0	1	0	0	1	12
2013/12/27-01:46:32	23	1,745.808	39.741	8	0	0	0	0	0	1	1	0	0	1	42
2013/12/27-01:47:32	23	1,745.808	39.741	7	0	0	0	0	0	0	1	1	0	0	14
2013/12/27-01:48:05	23	1,745.808	39.741	24	0	0	0	2	0	0	1	1	0	0	88
2013/12/27-02:00:28	23	1,745.808	39.741	6	0	1	0	0	0	0	1	0	0	1	25
2013/12/27-02:01:47	23	1,745.808	39.741	4	0	0	0	0	0	0	1	1	0	0	15
2013/12/27-02:02:21	23	1,745.808	39.741	1	0	0	0	0	0	1	1	0	0	1	18
2013/12/27-02:03:04	23	1,745.808	39.741	14	0	1	0	0	0	0	1	0	0	1	47
2013/12/27-02:04:10	23	1,745.808	39.741	1	0	0	1	0	0	1	1	0	0	1	3
2013/12/27-02:04:36	23	1,745.808	39.741	3	0	0	0	0	0	1	1	0	0	1	3
2013/12/27-02:05:06	23	1,745.808	39.741	9	0	0	0	1	0	0	1	1	0	0	18
2013/12/27-02:05:49	23	1,745.808	39.741	13	0	0	0	2	0	0	1	1	0	0	30
2013/12/27-02:06:39	23	1,745.808	39.741	4	0	1	1	0	0	0	1	0	0	1	13
2013/12/27-02:07:14	23	1,745.808	39.741	12	0	1	0	2	0	0	1	1	0	0	86
2013/12/27-02:09:15	23	1,745.808	39.741	1	0	0	0	0	0	1	1	0	0	1	3
2013/12/27-02:09:44	23	1,745.808	39.741	2	0	0	0	0	0	0	1	1	0	0	6
2013/12/27-02:10:09	23	1,745.808	39.741	1	0	0	0	0	0	1	1	0	0	1	1
2013/12/27-02:10:39	23	1,745.808	39.741	1	0	1	1	0	0	0	1	0	0	1	2
2013/12/27-02:23:16	24	1,730.186	37.147	8	0	0	0	1	0	0	1	1	0	0	32
2013/12/27-02:24:07	24	1,730.186	37.147	2	0	0	0	0	0	0	1	1	0	0	8
2013/12/27-02:24:34	24	1,730.186	37.147	7	0	0	1	1	0	0	1	1	0	0	14
2013/12/27-02:25:06	24	1,730.186	37.147	1	0	0	0	0	0	1	1	0	0	1	3
2013/12/27-02:25:30	24	1,730.186	37.147	13	0	0	2	1	0	0	1	1	0	0	32
2013/12/27-02:26:21	24	1,730.186	37.147	0	0	0	2	0	0	0	1	1	0	0	4
2013/12/27-02:26:44	24	1,730.186	37.147	4	0	0	0	0	0	0	1	1	0	0	16
2013/12/27-02:49:43	24	1,730.186	37.147	3	0	0	1	0	0	1	1	0	0	1	7
2013/12/27-02:50:13	24	1,730.186	37.147	10	0	1	0	0	0	0	1	1	0	0	48
2013/12/27-02:51:21	24	1,730.186	37.147	7	0	0	0	0	0	0	1	1	0	0	32
2013/12/27-02:52:12	24	1,730.186	37.147	0	0	1	0	0	0	0	1	0	0	1	11
2013/12/27-02:52:42	24	1,730.186	37.147	7	0	0	0	0	0	0	1	1	0	0	20
2013/12/27-02:53:21	24	1,730.186	37.147	5	0	0	0	1	0	0	1	1	0	0	12
2013/12/27-02:53:52	24	1,730.186	37.147	5	0	1	0	0	0	0	1	0	0	1	20
2013/12/27-02:58:57	23	1,736.822	35.781	10	0	0	0	1	0	0	1	1	0	0	18
2013/12/27-02:59:34	23	1,736.822	35.781	2	0	0	0	2	0	0	1	1	0	0	8
2013/12/27-03:00:01	23	1,736.822	35.781	2	0	0	0	1	0	1	1	0	0	1	8
2013/12/27-03:00:34	23	1,736.822	35.781	1	0	0	0	0	0	1	1	0	0	1	2
2013/12/27-03:01:07	23	1,736.822	35.781	2	0	1	0	0	0	0	1	0	0	1	6
2013/12/27-03:01:36	23	1,736.822	35.781	8	0	0	2	0	0	1	1	0	0	1	27
2013/12/27-07:14:29	23	1,736.822	35.781	7	0	0	0	1	0	0	1	1	0	0	26
2013/12/27-07:21:11	23	1,736.822	35.781	1	0	0	16	0	0	0	1	1	0	0	51
2013/12/27-07:22:21	23	1,736.822	35.781	6	0	0	3	1	0	0	1	1	0	0	25
2013/12/27-07:23:05	23	1,736.822	35.781	5	0	0	0	2	0	0	1	1	0	0	18
2013/12/27-07:23:42	23	1,736.822	35.781	0	0	0	0	0	0	0	1	1	0	0	3
2013/12/27-07:24:03	23	1,736.822	35.781	9	0	0	0	0	0	1	1	0	0	1	31
2013/12/27-07:24:53	23	1,736.822	35.781	12	0	1	0	1	0	0	1	0	0	1	51
2013/12/27-07:26:03	23	1,736.822	35.781	3	0	0	0	1	0	0	1	1	0	0	7
2013/12/27-07:49:09	23	1,736.822	35.781	1	0	0	0	0	0	0	1	1	0	0	8
2013/12/27-07:49:36	23	1,736.822	35.781	17	0	1	0	0	0	0	1	0	0	1	63
2013/12/27-07:50:57	23	1,736.822	35.781	7	0	1	0	0	0	0	1	0	0	1	16
2013/12/27-07:51:33	23	1,736.822	35.781	1	0	0	1	0	0	1	1	0	0	1	3
2013/12/27-07:52:00	23	1,736.772	34.014	6	0	0	0	0	0	0	1	1	0	0	10
2013/12/27-07:52:29	23	1,736.772	34.014	7	0	0	8	1	0	0	1	1	0	0	28
2013/12/27-07:53:15	23	1,736.772	34.014	6	0	0	0	0	0	1	1	0	0	1	21
2013/12/27-07:59:26	23	1,736.772	34.014	3	0	0	1	0	0	1	1	0	0	1	12
2013/12/27-08:00:27	23	1,736.772	34.014	2	0	1	0	1	0	0	1	0	0	1	5
2013/12/27-08:00:51	23	1,736.772	34.014	7	0	0	1	1	0	0	1	1	0	0	31
2013/12/27-08:01:41	23	1,736.772	34.014	17	0	0	7	0	0	0	1	1	0	0	62
2013/12/27-08:03:02	23	1,736.772	34.014	23	0	0	0	0	0	0	1	1	0	0	90
2013/12/27-08:04:51	23	1,736.772	34.014	6	0	1	0	0	0	0	1	0	0	1	14
2013/12/27-08:05:23	23	1,736.772	34.014	6	0	0	0	0	0	0	1	1	0	0	18
2013/12/27-08:10:22	23	1,736.772	34.014	23	0	1	0	0	0	0	1	0	0	1	82
2013/12/27-08:12:07	23	1,736.772	34.014	0	0	0	2	0	0	0	1	1	0	0	4
2013/12/27-08:12:30	23	1,736.772	34.014	9	0	0	0	0	0	1	1	0	0	1	32
2013/12/27-08:13:21	23	1,736.772	34.014	9	0	1	1	0	0	0	1	0	0	1	40
2013/12/27-08:14:40	23	1,736.772	34.014	1	0	0	0	0	0	0	1	1	0	0	6
2013/12/27-08:15:04	23	1,736.772	34.014	11	0	0	0	1	0	0	1	1	0	0	32
2013/12/27-08:15:55	23	1,736.772	34.014	6	0	0	0	0	0	1	1	0	0	1	32
2013/12/27-08:40:25	23	1,735.525	32.708	3	0	0	0	0	0	0	1	1	0	0	10
2013/12/27-08:40:54	23	1,735.525	32.708	2	0	0	0	1	0	1	1	0	0	1	8
2013/12/27-08:41:21	23	1,735.525	32.708	1	0	0	1	1	0	1	1	0	0	1	3
2013/12/27-08:41:43	23	1,735.525	32.708	11	0	0	0	2	0	0	1	1	0	0	13
2013/12/27-08:42:16	23	1,735.525	32.708	14	0	1	3	2	0	0	1	0	0	1	62
2013/12/27-08:43:37	23	1,735.525	32.708	17	0	0	1	0	0	1	1	0	0	1	45
2013/12/27-08:44:40	23	1,735.525	32.708	1	0	0	0	1	0	0	1	1	0	0	41
2013/12/27-08:53:23	23	1,735.525	32.708	14	0	0	0	0	0	0	1	1	0	0	38
2013/12/27-08:54:19	23	1,735.525	32.708	3	0	0	0	0	0	1	1	0	0	1	5
2013/12/27-08:54:49	23	1,735.525	32.708	24	0	0	0	0	0	0	1	1	0	0	86
2013/12/27-08:56:34	23	1,735.525	32.708	4	0	0	0	1	0	0	1	1	0	0	13
2013/12/27-08:57:06	23	1,735.525	32.708	6	0	1	1	1	0	0	1	0	0	1	22
2013/12/27-08:57:47	23	1,735.525	32.708	9	0	0	0	1	0	0	1	1	0	0	30
2013/12/27-08:58:37	23	1,735.525	32.708	4	0	0	0	1	0	0	1	1	0	0	11
2013/12/27-09:03:51	23	1,735.525	32.708	0	0	0	2	0	0	0	1	1	0	0	21
2013/12/27-09:04:30	23	1,735.525	32.708	2	0	1	0	1	0	0	1	0	0	1	8
2013/12/27-09:04:57	23	1,735.525	32.708	23	0	0	0	0	0	0	1	1	0	0	83
2013/12/27-09:06:39	23	1,735.525	32.708	1	0	0	0	0	0	0	1	1	0	0	6
2013/12/27-09:07:03	23	1,735.525	32.708	16	0	0	2	0	0	0	1	1	0	0	53
2013/12/27-09:08:15	23	1,735.525	32.708	5	0	0	0	1	0	1	1	0	0	1	18
2013/12/27-09:08:51	23	1,735.525	32.708	7	0	0	0	0	0	0	1	1	0	0	40
2013/12/27-09:32:01	22	1,746.578	31.185	1	0	0	1	0	0	1	1	0	0	1	3
2013/12/27-09:32:23	22	1,746.578	31.185	15	0	0	3	0	0	1	1	0	0	1	61
2013/12/27-09:33:43	22	1,746.578	31.185	6	0	0	0	1	0	1	1	0	0	1	17
2013/12/27-09:34:20	22	1,746.578	31.185	6	0	0	0	0	0	0	1	1	0	0	20
2013/12/27-09:34:58	22	1,746.578	31.185	0	0	1	0	0	0	0	1	0	0	1	6
2013/12/27-09:35:23	22	1,746.578	31.185	32	0	0	4	0	0	0	1	1	0	0	64
2013/12/27-09:36:46	22	1,746.578	31.185	6	0	0	0	1	0	0	1	1	0	0	10
2013/12/27-09:42:40	22	1,746.578	31.185	7	0	0	1	1	0	0	1	1	0	0	27
2013/12/27-09:43:26	22	1,746.578	31.185	19	0	0	0	2	0	1	1	0	0	1	36
2013/12/27-09:44:21	22	1,746.578	31.185	8	0	0	0	2	0	0	1	1	0	0	26
2013/12/27-09:45:03	22	1,746.578	31.185	26	0	0	0	1	0	0	1	1	0	0	38
2013/12/27-09:45:59	22	1,746.578	31.185	6	0	0	0	1	0	0	1	1	0	0	22
2013/12/27-09:46:37	22	1,746.578	31.185	4	0	0	0	1	0	0	1	1	0	0	60
2013/12/27-09:47:53	22	1,746.578	31.185	25	0	0	0	0	0	0	1	0	0	1	90
2013/12/27-11:06:23	20	1,760.074	32.521	7	0	0	0	0	0	1	1	0	0	1	24
2013/12/27-11:07:11	20	1,760.074	32.521	0	0	1	0	0	0	0	1	0	0	1	7
2013/12/27-11:08:08	20	1,760.074	32.521	19	0	0	0	2	0	0	1	1	0	0	59
2013/12/27-11:09:26	20	1,760.074	32.521	31	0	0	0	2	0	0	1	1	0	0	49
2013/12/27-11:10:34	20	1,760.074	32.521	2	0	1	0	0	0	0	1	0	0	1	6
2013/12/27-11:19:55	19	1,760.111	32.466	17	0	0	0	0	0	0	1	1	0	0	60
2013/12/27-11:21:14	19	1,760.111	32.466	21	0	0	1	0	0	0	1	1	0	0	60
2013/12/27-11:22:33	19	1,760.111	32.466	1	0	0	0	1	0	1	1	1	0	0	16
2013/12/27-11:23:09	19	1,760.111	32.466	4	0	0	0	0	0	1	1	0	0	1	12
2013/12/27-11:23:54	19	1,760.111	32.466	7	0	1	0	0	0	0	1	0	0	1	11
2013/12/27-11:45:32	19	1,760.111	32.466	3	0	0	1	0	0	1	1	0	0	1	14
2013/12/27-11:46:06	19	1,760.111	32.466	6	0	0	0	0	0	1	1	0	0	1	20
2013/12/27-11:46:46	19	1,760.111	32.466	7	0	0	0	2	0	1	1	0	0	1	10
2013/12/27-11:47:16	19	1,760.111	32.466	7	0	0	0	0	0	0	1	0	0	1	60
2013/12/27-11:48:35	19	1,760.111	32.466	12	0	0	0	1	0	0	1	1	0	0	33
2013/12/27-19:44:56	17	1,760.116	44.018	1	0	0	0	1	0	0	1	1	0	0	8
2013/12/27-19:47:01	17	1,760.116	44.018	8	0	0	1	0	0	0	1	1	0	0	38
2013/12/27-19:47:58	17	1,760.116	44.018	10	0	0	0	0	0	1	1	0	0	1	19
2013/12/27-19:48:50	17	1,760.116	44.018	17	0	0	0	0	0	0	1	1	0	0	60
2013/12/27-19:50:08	17	1,760.116	44.018	8	0	0	0	0	0	0	1	1	0	0	29
2013/12/27-20:07:40	16	1,766.751	43.261	6	0	0	0	0	0	1	1	0	0	1	25
2013/12/27-20:08:49	16	1,766.751	43.261	6	0	0	0	1	0	0	1	1	0	0	20
2013/12/27-20:09:28	16	1,766.751	43.261	13	0	0	0	1	0	1	1	0	0	1	24
2013/12/27-20:10:10	16	1,766.751	43.261	9	0	0	0	0	0	0	1	1	0	0	31
2013/12/27-20:11:00	16	1,766.751	43.261	22	0	0	0	1	0	0	1	1	0	0	46
2013/12/27-20:25:14	16	1,766.751	43.261	9	0	0	0	0	0	0	1	1	0	0	16
2013/12/27-20:25:49	16	1,766.751	43.261	4	0	0	0	0	0	1	1	0	0	1	8
2013/12/27-20:26:17	16	1,766.751	43.261	13	0	0	2	0	0	0	1	1	0	0	60
2013/12/27-20:27:35	16	1,766.751	43.261	6	0	0	0	1	0	0	1	1	0	0	19
2013/12/27-20:28:14	16	1,766.751	43.261	0	0	0	0	0	0	0	1	1	0	0	4
2013/12/27-20:28:57	16	1,766.751	43.261	14	0	0	1	1	0	0	1	1	0	0	60
2013/12/27-20:30:17	16	1,766.751	43.261	3	0	0	0	1	0	0	1	1	0	0	18
2013/12/27-20:30:54	14	1,782.41	41.049	1	0	1	0	1	0	0	1	0	0	1	3
2013/12/27-20:31:24	14	1,782.41	41.049	4	0	0	0	0	0	0	1	1	0	0	15
2013/12/27-20:31:58	14	1,782.41	41.049	1	0	1	0	0	0	0	1	0	0	1	18
2013/12/27-20:49:26	14	1,782.41	41.049	4	0	0	0	0	0	1	1	0	0	1	10
2013/12/27-20:49:56	14	1,782.41	41.049	4	0	1	0	0	0	0	1	0	0	1	22
2013/12/27-20:50:37	14	1,782.41	41.049	6	0	0	5	0	0	0	1	1	0	0	19
2013/12/27-20:51:15	14	1,782.41	41.049	9	0	1	0	0	0	0	1	0	0	1	18
2013/12/27-20:51:52	14	1,782.41	41.049	9	0	0	0	1	0	0	1	1	0	0	36
2013/12/27-21:06:56	14	1,787.137	39.803	15	0	0	3	0	0	1	1	0	0	1	39
2013/12/27-21:07:54	14	1,787.137	39.803	3	0	1	0	0	0	0	1	0	0	1	18
2013/12/27-21:08:41	14	1,787.137	39.803	1	0	0	0	0	0	1	1	0	0	1	12
2013/12/27-21:10:00	14	1,787.137	39.803	20	0	0	0	2	0	0	1	1	0	0	42
2013/12/27-21:11:01	14	1,787.137	39.803	5	0	0	1	0	0	0	1	1	0	0	20
2013/12/27-21:12:01	14	1,787.137	39.803	6	0	0	0	0	0	0	1	1	0	0	20
2013/12/27-21:12:41	14	1,787.137	39.803	1	0	1	0	0	0	0	1	0	0	1	18
2013/12/27-21:13:18	14	1,787.137	39.803	5	0	0	0	2	0	0	1	1	0	0	18
2013/12/27-21:13:55	14	1,787.137	39.803	9	0	0	0	0	0	1	1	0	0	1	13
2013/12/27-21:14:26	14	1,787.137	39.803	7	0	0	0	0	0	0	1	1	0	0	17
2013/12/27-21:32:14	13	1,792.061	38.442	5	0	0	0	2	0	0	1	1	0	0	16
2013/12/27-21:32:50	13	1,792.061	38.442	3	0	1	0	0	0	0	1	0	0	1	20
2013/12/27-21:33:29	13	1,792.061	38.442	19	0	0	0	0	0	1	1	0	0	1	36
2013/12/27-21:34:24	13	1,792.061	38.442	10	0	0	2	1	0	0	1	1	0	0	28
2013/12/27-21:35:11	13	1,792.061	38.442	14	0	0	0	2	0	0	1	1	0	0	60
2013/12/27-22:04:00	13	1,792.061	38.442	13	0	0	0	0	0	1	1	0	0	1	32
2013/12/27-22:05:02	13	1,792.061	38.442	4	0	0	0	2	0	0	1	1	0	0	13
2013/12/27-22:05:34	13	1,792.061	38.442	7	0	0	0	0	0	0	1	1	0	0	24
2013/12/27-22:06:17	13	1,792.061	38.442	1	0	1	0	0	0	0	1	0	0	1	8
2013/12/27-22:07:36	13	1,792.061	38.442	3	0	0	0	1	0	0	1	1	0	0	17
2013/12/27-22:08:31	13	1,792.061	38.442	2	0	1	0	0	0	0	1	0	0	1	13
2013/12/27-22:09:04	13	1,792.061	38.442	2	0	0	0	1	0	0	1	1	0	0	7
2013/12/27-22:09:29	13	1,792.061	38.442	19	0	0	1	1	0	0	1	1	0	0	60
2013/12/27-22:10:48	13	1,792.061	38.442	6	0	0	0	3	0	0	1	1	0	0	18
2013/12/27-22:11:25	13	1,792.061	38.442	2	0	0	0	1	0	1	1	0	0	1	7
2013/12/27-22:51:55	10	1,806.506	36.542	8	0	0	0	0	0	0	1	1	0	0	24
2013/12/27-22:52:39	10	1,806.506	36.542	15	0	0	0	1	0	0	1	1	0	0	54
2013/12/27-22:53:52	10	1,806.506	36.542	10	0	0	0	1	0	1	1	0	0	1	24
2013/12/27-22:54:34	10	1,806.506	36.542	3	0	0	0	1	0	0	1	1	0	0	10
2013/12/27-22:55:03	10	1,806.506	36.542	19	0	0	0	0	0	0	1	0	0	1	60
2013/12/27-23:12:55	9	1,815.444	36.207	3	0	0	0	0	0	1	1	0	0	1	9
2013/12/27-23:13:26	9	1,815.444	36.207	4	0	0	0	1	0	1	1	0	0	1	14
2013/12/27-23:14:34	9	1,815.444	36.207	24	0	0	0	0	0	0	1	0	0	1	60
2013/12/27-23:15:52	9	1,815.444	36.207	8	0	0	0	0	0	1	1	0	0	1	25
2013/12/27-23:16:37	9	1,815.444	36.207	1	0	1	0	0	0	0	1	0	0	1	25
2013/12/27-23:19:07	9	1,815.444	36.207	13	0	0	0	1	0	0	1	1	0	0	26
2013/12/27-23:20:03	9	1,815.444	36.207	8	0	0	0	0	0	0	1	1	0	0	27
2013/12/27-23:20:49	9	1,815.444	36.207	7	0	0	0	1	0	0	1	1	0	0	10
2013/12/27-23:21:17	9	1,815.444	36.207	1	0	0	0	1	0	0	1	1	0	0	9
2013/12/27-23:21:45	9	1,815.444	36.207	15	0	0	1	1	0	1	1	0	0	1	44
2013/12/27-23:42:08	9	1,814.518	35.341	13	0	0	0	1	0	0	1	1	0	0	29
2013/12/27-23:42:56	9	1,814.518	35.341	0	0	0	0	0	0	0	1	1	0	0	4
2013/12/27-23:43:18	9	1,814.518	35.341	18	0	0	0	1	0	0	1	1	0	0	59
2013/12/27-23:44:36	9	1,814.518	35.341	17	0	0	0	0	0	1	1	0	0	1	60
2013/12/27-23:45:55	9	1,814.518	35.341	2	0	0	0	0	0	1	1	0	0	1	6
2013/12/28-00:00:33	9	1,814.518	35.341	20	0	0	0	0	0	0	1	1	0	0	60
2013/12/28-00:01:52	9	1,814.518	35.341	11	0	1	0	0	0	0	1	0	0	1	34
2013/12/28-00:02:45	9	1,814.518	35.341	7	0	0	0	3	0	0	1	1	0	0	25
2013/12/28-00:03:29	9	1,814.518	35.341	8	0	0	0	1	0	1	1	0	0	1	60
2013/12/28-00:04:48	9	1,814.518	35.341	8	0	0	1	1	0	0	1	1	0	0	31
2013/12/28-00:09:58	9	1,814.518	35.341	5	0	0	0	2	0	0	1	1	0	0	20
2013/12/28-00:10:36	9	1,814.518	35.341	4	0	1	0	0	0	0	1	0	0	1	19
2013/12/28-00:11:26	9	1,814.518	35.341	9	0	0	3	1	0	1	1	0	0	1	23
2013/12/28-00:12:08	6	1,824.325	34.065	2	0	0	0	0	0	0	1	1	0	0	10
2013/12/28-00:12:36	6	1,824.325	34.065	21	0	0	2	1	0	0	1	1	0	0	60
2013/12/28-00:28:33	6	1,824.325	34.065	6	0	0	0	1	0	0	1	1	0	0	14
2013/12/28-00:29:06	6	1,824.325	34.065	9	0	1	2	0	0	0	1	0	0	1	27
2013/12/28-00:30:25	6	1,824.325	34.065	11	0	0	0	0	0	0	1	1	0	0	45
2013/12/28-00:31:29	6	1,824.325	34.065	8	0	0	0	2	0	0	1	1	0	0	28
2013/12/28-00:32:16	6	1,824.325	34.065	12	0	0	5	0	0	1	1	0	0	1	53
2013/12/28-00:43:47	6	1,833.222	33.685	2	0	0	0	0	0	1	1	0	0	1	8
2013/12/28-00:44:18	6	1,833.222	33.685	5	0	0	0	0	0	1	1	0	0	1	15
2013/12/28-00:45:12	6	1,833.222	33.685	4	0	0	0	2	0	0	1	1	0	0	13
2013/12/28-00:45:44	6	1,833.222	33.685	0	0	1	0	0	0	0	1	0	0	1	15
2013/12/28-00:46:22	6	1,833.222	33.685	7	0	0	0	0	0	0	1	1	0	0	14
2013/12/28-00:47:15	6	1,833.222	33.685	2	0	0	0	0	0	0	1	1	0	0	7
2013/12/28-00:47:42	6	1,833.222	33.685	5	0	0	0	0	0	1	1	0	0	1	7
2013/12/28-00:48:29	6	1,833.222	33.685	7	0	0	0	1	0	0	1	1	0	0	38
2013/12/28-00:49:26	6	1,833.222	33.685	19	0	0	0	2	0	0	1	1	0	0	41
2013/12/28-00:50:27	6	1,833.222	33.685	0	0	0	0	0	0	0	1	1	0	0	5
2013/12/28-01:08:32	6	1,827.747	33.235	2	0	0	0	0	0	1	1	0	0	1	6
2013/12/28-01:09:24	6	1,827.747	33.235	16	0	0	0	1	0	0	1	1	0	0	20
2013/12/28-01:10:03	6	1,827.747	33.235	15	0	0	1	2	0	0	1	1	0	0	33
2013/12/28-01:10:55	6	1,827.747	33.235	0	0	1	0	0	0	0	1	0	0	1	18
2013/12/28-01:11:32	6	1,827.747	33.235	13	0	0	0	0	0	0	1	0	0	1	60
2013/12/28-01:29:14	6	1,827.747	33.235	2	0	1	0	0	0	0	1	0	0	1	25
2013/12/28-01:30:00	6	1,827.747	33.235	3	0	0	0	0	0	1	1	0	0	1	8
2013/12/28-01:30:52	6	1,827.747	33.235	17	0	0	0	2	0	0	1	1	0	0	60
2013/12/28-01:32:12	6	1,827.747	33.235	6	0	0	6	0	0	0	1	1	0	0	20
2013/12/28-01:32:51	6	1,827.747	33.235	18	0	0	0	1	0	0	1	1	0	0	60
2013/12/28-01:34:32	6	1,827.747	33.235	26	0	0	0	0	0	0	1	1	0	0	60
2013/12/28-01:35:51	6	1,827.747	33.235	14	0	0	1	0	0	0	1	1	0	0	39
2013/12/28-01:36:49	6	1,827.747	33.235	6	0	0	0	1	0	1	1	0	0	1	21
2013/12/28-01:37:29	6	1,827.747	33.235	18	0	0	6	0	0	0	1	0	0	1	60
2013/12/28-01:38:48	6	1,827.747	33.235	4	0	0	0	3	0	0	1	1	0	0	12
2013/12/28-01:59:43	6	1,830.487	32.318	4	0	0	0	2	0	0	1	1	0	0	19
2013/12/28-02:00:21	6	1,830.487	32.318	5	0	0	0	0	0	1	1	0	0	1	4
2013/12/28-02:00:53	6	1,830.487	32.318	1	0	1	0	0	0	0	1	0	0	1	7
2013/12/28-02:01:24	6	1,830.487	32.318	11	0	0	0	1	0	0	1	1	0	0	27
2013/12/28-02:02:10	6	1,830.487	32.318	1	0	0	0	0	0	0	1	1	0	0	5
2013/12/28-02:18:08	6	1,826.528	32.451	2	0	0	0	0	0	1	1	0	0	1	7
2013/12/28-02:19:16	6	1,826.528	32.451	13	0	0	2	1	0	0	1	1	0	0	38
2013/12/28-02:20:13	6	1,826.528	32.451	5	0	0	0	1	0	0	1	1	0	0	20
2013/12/28-02:20:52	6	1,826.528	32.451	0	0	1	0	0	0	0	1	0	0	1	22
2013/12/28-02:21:34	6	1,826.528	32.451	28	0	0	0	1	0	0	1	1	0	0	60
2013/12/28-02:23:14	6	1,826.528	32.451	2	0	0	0	0	0	0	1	1	0	0	11
2013/12/28-02:23:44	6	1,826.528	32.451	12	0	0	0	1	0	0	1	1	0	0	29
2013/12/28-02:24:32	6	1,826.528	32.451	2	0	0	0	1	0	0	1	1	0	0	7
2013/12/28-02:24:58	6	1,826.528	32.451	1	0	1	0	0	0	0	1	0	0	1	3
2013/12/28-02:25:22	6	1,826.528	32.451	0	0	0	0	0	0	0	1	1	0	0	4
2013/12/28-02:42:11	6	1,826.528	32.451	21	0	0	0	1	0	1	1	0	0	1	41
2013/12/28-02:43:11	6	1,826.528	32.451	4	0	0	0	1	0	0	1	1	0	0	13
2013/12/28-02:43:44	6	1,826.528	32.451	4	0	0	0	1	0	1	1	0	0	1	8
2013/12/28-02:45:03	6	1,828.355	31.814	8	0	0	1	1	0	1	1	0	0	1	28
2013/12/28-02:45:50	6	1,828.355	31.814	12	0	0	1	1	0	0	1	1	0	0	34
2013/12/28-02:59:28	6	1,828.355	31.814	1	0	1	0	0	0	0	1	0	0	1	12
2013/12/28-03:00:00	6	1,828.355	31.814	5	0	0	0	1	0	0	1	1	0	0	17
2013/12/28-03:00:37	6	1,828.355	31.814	14	0	0	0	0	0	1	1	0	0	1	41
2013/12/28-03:01:38	6	1,828.355	31.814	3	0	0	0	1	0	1	1	0	0	1	8
2013/12/28-03:02:08	6	1,828.355	31.814	4	0	0	1	0	0	1	1	0	0	1	17
2013/12/28-03:03:06	6	1,828.355	31.814	2	0	0	0	1	0	0	1	1	0	0	7
2013/12/28-03:03:32	6	1,828.355	31.814	10	0	0	0	0	0	0	1	1	0	0	39
2013/12/28-03:04:30	6	1,828.355	31.814	13	0	0	0	0	0	0	1	1	0	0	36
2013/12/28-03:05:25	6	1,828.355	31.814	10	0	0	0	1	0	0	1	1	0	0	22
2013/12/28-03:06:06	6	1,828.355	31.814	2	0	0	0	1	0	0	1	1	0	0	8
2013/12/28-03:20:38	6	1,835.028	31.353	9	0	0	5	0	0	1	1	0	0	1	36
2013/12/28-03:21:45	6	1,835.028	31.353	24	0	0	0	0	0	0	1	1	0	0	60
2013/12/28-03:23:04	6	1,835.028	31.353	4	0	1	0	0	0	0	1	0	0	1	7
2013/12/28-03:23:30	6	1,835.028	31.353	0	0	0	0	0	0	0	1	1	0	0	6
2013/12/28-03:23:56	6	1,835.028	31.353	15	0	0	0	0	0	0	1	0	0	1	60
2013/12/28-03:39:15	6	1,832.081	31.521	3	0	1	0	0	0	0	1	0	0	1	18
2013/12/28-03:39:59	6	1,832.081	31.521	4	0	0	0	0	0	0	1	1	0	0	21
2013/12/28-03:40:39	6	1,832.081	31.521	19	0	0	0	2	0	0	1	1	0	0	36
2013/12/28-03:41:35	6	1,832.081	31.521	1	0	0	0	0	0	0	1	1	0	0	13
2013/12/28-03:42:07	6	1,832.081	31.521	4	0	0	0	0	0	0	1	1	0	0	60
2013/12/28-03:43:48	6	1,832.081	31.521	16	0	0	3	0	0	1	1	0	0	1	49
2013/12/28-03:44:56	6	1,832.081	31.521	2	0	1	0	1	0	0	1	0	0	1	7
2013/12/28-03:45:22	6	1,832.081	31.521	0	0	0	0	0	0	0	1	1	0	0	5
2013/12/28-03:45:46	6	1,832.081	31.521	3	0	0	0	1	0	0	1	1	0	0	13
2013/12/28-03:46:18	6	1,832.081	31.521	9	0	1	0	1	0	0	1	1	0	0	13
2013/12/28-04:01:50	6	1,832.081	31.521	1	0	0	0	0	0	0	1	1	0	0	17
2013/12/28-04:02:26	6	1,832.081	31.521	6	0	0	0	0	0	1	1	0	0	1	19
2013/12/28-04:03:05	6	1,832.081	31.521	6	0	0	0	1	0	0	1	1	0	0	16
2013/12/28-04:03:39	6	1,832.081	31.521	2	0	0	0	1	0	1	1	0	0	1	6
2013/12/28-04:04:12	6	1,832.081	31.521	16	0	0	0	1	0	0	1	1	0	0	60
2013/12/28-04:17:56	6	1,842.708	30.758	7	0	0	0	2	0	0	1	1	0	0	18
2013/12/28-04:18:33	6	1,842.708	30.758	4	0	0	0	2	0	0	1	1	0	0	6
2013/12/28-04:18:59	6	1,842.708	30.758	3	0	0	1	1	0	1	1	0	0	1	7
2013/12/28-04:20:18	6	1,842.708	30.758	2	0	0	0	1	0	0	1	1	0	0	7
2013/12/28-04:20:45	6	1,842.708	30.758	2	0	0	0	1	0	1	1	0	0	1	6
2013/12/28-04:26:33	6	1,842.708	30.758	3	0	0	0	1	0	0	1	1	0	0	10
2013/12/28-04:27:02	6	1,842.708	30.758	7	0	0	0	1	0	0	1	1	0	0	26
2013/12/28-04:27:47	6	1,842.708	30.758	9	0	0	2	1	0	0	1	1	0	0	29
2013/12/28-04:28:35	6	1,842.708	30.758	3	0	0	0	0	0	0	1	1	0	0	16
2013/12/28-04:29:10	6	1,842.708	30.758	18	0	0	0	2	0	0	1	1	0	0	22
2013/12/28-04:46:13	5	1,849.058	30.53	1	0	1	0	0	0	0	1	0	0	1	5
2013/12/28-04:46:41	5	1,849.058	30.53	7	0	1	0	0	0	0	1	0	0	1	27
2013/12/28-04:47:27	5	1,849.058	30.53	15	0	0	0	0	0	0	1	0	0	1	60
2013/12/28-04:48:46	5	1,849.058	30.53	21	0	0	0	0	0	0	1	1	0	0	60
2013/12/28-04:50:05	5	1,849.058	30.53	18	0	0	0	0	0	1	1	0	0	1	34
2013/12/28-05:02:50	5	1,849.058	30.53	4	0	0	0	0	0	1	1	0	0	1	11
2013/12/28-05:03:36	5	1,849.058	30.53	13	0	1	0	1	0	0	1	0	0	1	53
2013/12/28-05:04:48	5	1,849.058	30.53	9	0	0	1	0	0	0	1	1	0	0	33
2013/12/28-05:05:41	5	1,845.29	30.372	2	0	0	0	2	0	1	1	0	0	1	6
2013/12/28-05:06:06	5	1,845.29	30.372	26	0	0	0	2	0	0	1	1	0	0	35
2013/12/28-05:11:26	5	1,845.29	30.372	14	0	0	1	0	0	0	1	1	0	0	60
2013/12/28-05:12:46	5	1,845.29	30.372	14	0	0	0	1	0	0	1	1	0	0	60
2013/12/28-05:14:05	5	1,845.29	30.372	15	0	0	7	0	0	0	1	1	0	0	47
2013/12/28-05:15:11	5	1,845.29	30.372	23	0	0	0	1	0	0	1	1	0	0	60
2013/12/28-05:16:30	5	1,845.29	30.372	8	0	0	0	0	0	0	1	1	0	0	15
2013/12/28-05:34:45	5	1,845.29	30.372	12	0	0	0	1	0	0	1	1	0	0	27
2013/12/28-05:35:32	5	1,845.29	30.372	4	0	0	0	0	0	0	1	1	0	0	24
2013/12/28-05:36:15	5	1,845.29	30.372	11	0	0	0	2	0	0	1	1	0	0	60
2013/12/28-05:37:34	5	1,845.29	30.372	5	0	0	0	3	0	0	1	1	0	0	19
2013/12/28-05:38:13	3	1,858.695	30.129	26	0	0	1	0	0	0	1	1	0	0	60
2013/12/28-05:49:15	3	1,858.695	30.129	1	0	0	0	0	0	1	1	0	0	1	3
2013/12/28-05:49:55	3	1,858.695	30.129	6	0	1	0	1	0	0	1	0	0	1	26
2013/12/28-05:50:40	3	1,858.695	30.129	17	0	0	2	0	0	0	1	1	0	0	60
2013/12/28-05:52:00	3	1,858.695	30.129	1	0	1	0	0	0	0	1	0	0	1	14
2013/12/28-05:52:33	3	1,858.695	30.129	3	0	0	0	0	0	1	1	0	0	1	5
2013/12/28-05:53:23	3	1,858.695	30.129	8	0	0	0	0	0	0	1	1	0	0	25
2013/12/28-05:54:07	3	1,858.695	30.129	5	0	0	0	0	0	0	1	1	0	0	16
2013/12/28-05:54:42	3	1,858.695	30.129	14	0	0	0	0	0	0	1	0	0	1	60
2013/12/28-05:56:02	3	1,858.695	30.129	5	0	0	0	0	0	1	1	0	0	1	6
2013/12/28-05:56:27	3	1,858.695	30.129	17	0	0	0	0	0	0	1	1	0	0	40
2013/12/28-06:18:06	4	1,853.077	30.064	28	0	0	0	1	0	0	1	1	0	0	60
2013/12/28-06:19:25	4	1,853.077	30.064	8	0	1	0	0	0	0	1	0	0	1	18
2013/12/28-06:20:03	4	1,853.077	30.064	5	0	0	0	0	0	1	1	0	0	1	16
2013/12/28-06:20:38	4	1,853.077	30.064	1	0	1	0	0	0	0	1	0	0	1	13
2013/12/28-06:21:10	4	1,853.077	30.064	7	0	0	0	0	0	0	1	1	0	0	32
2013/12/28-06:36:05	4	1,853.077	30.064	2	0	1	0	0	0	0	1	0	0	1	11
2013/12/28-06:36:48	4	1,853.077	30.064	4	0	0	0	2	0	0	1	1	0	0	13
2013/12/28-06:37:20	4	1,853.077	30.064	5	0	1	0	1	0	0	1	0	0	1	12
2013/12/28-06:37:56	4	1,853.077	30.064	23	0	0	0	1	0	0	1	1	0	0	60
2013/12/28-06:39:15	4	1,853.077	30.064	3	0	0	0	1	0	1	1	1	0	0	10
2013/12/28-06:40:09	4	1,853.077	30.064	0	0	0	0	0	0	0	1	1	0	0	9
2013/12/28-06:40:38	4	1,854.155	29.78	10	0	0	0	0	0	0	1	1	0	0	28
2013/12/28-06:41:25	4	1,854.155	29.78	6	0	0	0	0	0	0	1	1	0	0	31
2013/12/28-06:42:15	4	1,854.155	29.78	7	0	1	1	0	0	0	1	0	0	1	15
2013/12/28-06:43:00	4	1,854.155	29.78	3	0	0	0	0	0	0	1	1	0	0	12
2013/12/28-07:02:04	4	1,854.155	29.78	7	0	0	0	1	0	0	1	1	0	0	19
2013/12/28-07:02:40	4	1,854.155	29.78	1	0	1	0	0	0	0	1	0	0	1	3
2013/12/28-07:03:05	4	1,854.155	29.78	16	0	0	2	1	0	0	1	1	0	0	47
2013/12/28-07:04:11	4	1,854.155	29.78	13	0	0	8	3	0	0	1	1	0	0	53
2013/12/28-07:05:23	4	1,854.155	29.78	12	0	0	0	2	0	0	1	1	0	0	21
2013/12/28-07:20:33	4	1,853.28	29.901	1	0	1	0	0	0	0	1	0	0	1	8
2013/12/28-07:21:08	4	1,853.28	29.901	7	0	0	0	0	0	1	1	0	0	1	12
2013/12/28-07:21:43	4	1,853.28	29.901	26	0	0	0	2	0	0	1	1	0	0	48
2013/12/28-07:22:49	4	1,853.28	29.901	1	0	1	0	0	0	0	1	0	0	1	7
2013/12/28-07:23:23	4	1,853.28	29.901	2	0	0	0	0	0	0	1	1	0	0	16
2013/12/28-07:41:13	4	1,853.28	29.901	16	0	1	0	0	0	0	1	0	0	1	22
2013/12/28-07:41:54	4	1,853.28	29.901	15	0	0	0	0	0	0	1	1	0	0	60
2013/12/28-07:43:13	4	1,853.28	29.901	6	0	0	0	0	0	1	1	0	0	1	19
2013/12/28-07:43:52	4	1,853.28	29.901	8	0	0	0	0	0	1	1	0	0	1	27
2013/12/28-07:44:38	4	1,853.28	29.901	26	0	0	0	0	0	0	1	0	0	1	60
2013/12/28-07:56:28	2	1,849.024	29.68	2	0	0	0	0	0	1	1	0	0	1	8
2013/12/28-07:57:44	2	1,849.024	29.68	0	0	1	0	0	0	0	1	0	0	1	10
2013/12/28-07:58:13	2	1,849.024	29.68	5	0	0	0	0	0	1	1	0	0	1	8
2013/12/28-07:58:47	2	1,849.024	29.68	11	0	0	0	0	0	0	1	1	0	0	47
2013/12/28-07:59:53	2	1,849.024	29.68	7	0	0	4	0	0	0	1	1	0	0	22
2013/12/28-08:18:17	2	1,849.024	29.68	22	0	1	1	1	0	0	1	0	0	1	52
2013/12/28-08:19:25	2	1,849.024	29.68	2	0	0	0	1	0	0	1	1	0	0	11
2013/12/28-08:19:53	2	1,849.024	29.68	11	0	0	0	0	0	0	1	1	0	0	20
2013/12/28-08:20:32	2	1,849.024	29.68	1	0	0	0	0	0	1	1	0	0	1	10
2013/12/28-08:21:00	2	1,849.024	29.68	19	0	0	2	0	0	0	1	1	0	0	60
2013/12/28-14:19:18	3	1,856.726	45.83	9	0	0	1	1	0	1	1	0	0	1	28
2013/12/28-14:20:26	3	1,856.726	45.83	14	0	0	0	0	0	1	1	0	0	1	55
2013/12/28-14:21:45	3	1,856.726	45.83	1	0	0	0	0	0	0	1	1	0	0	8
2013/12/28-14:22:12	3	1,856.726	45.83	9	0	0	0	2	0	0	1	1	0	0	28
2013/12/28-14:22:59	3	1,856.726	45.83	13	0	1	0	0	0	0	1	0	0	1	33
2013/12/28-14:44:06	2	1,852.511	44.7	3	0	0	0	0	0	1	1	0	0	1	5
2013/12/28-14:44:29	2	1,852.511	44.7	2	0	0	0	0	0	1	1	0	0	1	8
2013/12/28-14:45:11	2	1,852.511	44.7	6	0	0	0	0	0	1	1	0	0	1	36
2013/12/28-14:46:17	2	1,852.511	44.7	2	0	0	0	0	0	1	1	0	0	1	7
2013/12/28-14:46:46	2	1,852.511	44.7	8	0	0	1	0	0	0	1	1	0	0	29
2013/12/28-14:57:00	2	1,852.511	44.7	2	0	0	0	1	0	1	1	0	0	1	6
2013/12/28-14:58:15	2	1,852.511	44.7	5	0	0	0	0	0	1	1	0	0	1	8
2013/12/28-14:59:34	2	1,852.511	44.7	6	0	0	2	0	0	0	1	1	0	0	17
2013/12/28-15:00:10	2	1,852.511	44.7	5	0	0	1	1	0	0	1	1	0	0	30
2013/12/28-15:00:59	2	1,852.511	44.7	21	0	0	0	1	0	1	1	0	0	1	45
2013/12/28-19:43:03	2	1,841.124	55.042	29	0	0	0	1	0	0	1	1	0	0	58
2013/12/28-19:44:21	2	1,841.124	55.042	17	0	0	1	2	0	0	1	1	0	0	57
2013/12/28-19:45:37	2	1,841.124	55.042	12	0	0	3	0	0	1	1	0	0	1	33
2013/12/28-19:46:29	2	1,841.124	55.042	3	0	0	0	1	0	1	1	0	0	1	4
2013/12/28-19:47:00	2	1,841.124	55.042	7	0	0	0	1	0	0	1	1	0	0	26
2013/12/28-20:13:07	1	1,854.614	52.769	21	0	0	3	1	0	0	1	1	0	0	60
2013/12/28-20:14:26	1	1,854.614	52.769	2	0	0	0	0	0	1	1	0	0	1	11
2013/12/28-20:14:57	1	1,854.614	52.769	18	0	0	0	1	0	0	1	1	0	0	60
2013/12/28-20:16:16	1	1,854.614	52.769	13	0	0	1	1	0	0	1	1	0	0	51
2013/12/28-20:17:26	1	1,854.614	52.769	7	0	1	0	0	0	0	1	0	0	1	20
2013/12/28-20:33:19	1	1,854.614	52.769	2	0	0	0	0	0	0	1	1	0	0	18
2013/12/28-20:33:57	1	1,854.614	52.769	8	0	0	0	2	0	0	1	1	0	0	13
2013/12/28-20:34:29	1	1,854.614	52.769	4	0	1	0	0	0	0	1	0	0	1	16
2013/12/28-20:35:08	1	1,854.614	52.769	4	0	0	2	1	0	1	1	0	0	1	16
2013/12/28-20:36:04	1	1,854.614	52.769	1	0	0	0	0	0	1	1	0	0	1	3
2013/12/28-22:00:53	1	1,865.069	50.603	0	0	1	0	0	0	0	1	0	0	1	3
2013/12/28-22:02:06	1	1,865.069	50.603	7	0	0	0	1	0	1	1	0	0	1	19
2013/12/28-22:02:44	1	1,865.069	50.603	4	0	0	0	0	0	0	1	1	0	0	22
2013/12/28-22:03:24	1	1,865.069	50.603	2	0	0	0	0	0	1	1	0	0	1	6
2013/12/28-22:04:22	1	1,865.069	50.603	7	0	0	3	0	0	0	1	1	0	0	26
2013/12/28-22:05:13	1	1,865.069	50.603	1	0	1	0	0	0	0	1	0	0	1	5
2013/12/28-22:05:57	1	1,865.069	50.603	2	0	0	0	0	0	1	1	0	0	1	6
2013/12/28-22:06:44	1	1,865.069	50.603	3	0	0	0	1	0	0	1	1	0	0	13
2013/12/28-22:07:15	1	1,865.069	50.603	3	0	0	0	2	0	1	1	0	0	1	11
2013/12/28-22:08:48	1	1,865.069	50.603	7	0	0	0	1	0	1	1	0	0	1	17
2013/12/28-22:16:17	1	1,865.069	50.603	12	0	0	0	3	0	0	1	1	0	0	46
2013/12/28-22:17:21	1	1,865.069	50.603	1	0	1	0	0	0	0	1	0	0	1	7
2013/12/28-22:17:49	1	1,865.069	50.603	2	0	1	0	0	0	0	1	0	0	1	11
2013/12/28-22:19:08	1	1,865.069	50.603	12	0	1	2	0	0	0	1	0	0	1	31
2013/12/28-22:19:58	1	1,851.117	46.691	1	0	0	0	1	0	1	1	0	0	1	3
2013/12/28-22:33:54	1	1,851.117	46.691	4	0	1	1	0	0	0	1	0	0	1	47
2013/12/28-22:35:03	1	1,851.117	46.691	7	0	0	0	2	0	1	1	0	0	1	24
2013/12/28-22:35:47	1	1,851.117	46.691	30	0	0	0	1	0	0	1	1	0	0	45
2013/12/28-22:36:50	1	1,851.117	46.691	14	0	1	0	0	0	0	1	0	0	1	38
2013/12/28-22:37:47	1	1,851.117	46.691	14	0	0	3	0	0	1	1	0	0	1	37
2013/12/28-22:58:01	1	1,849.981	45.132	1	0	0	0	0	0	1	1	0	0	1	3
2013/12/28-22:58:24	1	1,849.981	45.132	3	0	0	0	0	0	1	1	0	0	1	12
2013/12/28-22:58:56	1	1,849.981	45.132	12	0	0	0	0	0	1	1	0	0	1	30
2013/12/28-23:00:14	1	1,849.981	45.132	29	0	0	0	2	0	0	1	1	0	0	44
2013/12/28-23:01:18	1	1,849.981	45.132	1	0	0	0	0	0	0	1	1	0	0	6
2013/12/29-03:57:24	2	1,848.744	54.632	15	0	0	2	2	0	0	1	1	0	0	41
2013/12/29-03:58:25	2	1,848.744	54.632	4	0	1	0	0	0	0	1	0	0	1	8
2013/12/29-03:58:59	2	1,848.744	54.632	9	0	0	0	2	0	0	1	1	0	0	34
2013/12/29-03:59:52	2	1,853.22	53.321	7	0	0	0	0	0	1	1	0	0	1	5
2013/12/29-04:00:26	2	1,853.22	53.321	7	0	1	1	0	0	0	1	0	0	1	22
2013/12/29-04:22:19	2	1,853.22	53.321	5	0	0	0	0	0	1	1	0	0	1	16
2013/12/29-04:23:38	2	1,853.22	53.321	9	0	1	0	0	0	0	1	0	0	1	8
2013/12/29-04:24:07	2	1,853.22	53.321	6	0	0	1	0	0	1	1	0	0	1	26
2013/12/29-04:25:06	2	1,853.22	53.321	7	0	1	0	2	0	0	1	0	0	1	29
2013/12/29-04:25:54	2	1,853.22	53.321	5	0	0	7	0	0	1	1	0	0	1	21
2013/12/29-04:39:48	3	1,835.681	50.482	2	0	0	0	0	0	1	1	0	0	1	8
2013/12/29-04:40:41	3	1,835.681	50.482	13	0	0	0	0	0	0	1	1	0	0	41
2013/12/29-04:41:41	3	1,835.681	50.482	10	0	0	0	1	0	0	1	1	0	0	35
2013/12/29-04:42:36	3	1,835.681	50.482	1	0	1	0	0	0	0	1	0	0	1	9
2013/12/29-04:43:25	3	1,835.681	50.482	5	0	0	0	0	0	1	1	0	0	1	24
2013/12/29-09:41:31	3	1,837.044	58.547	5	0	1	0	1	0	0	1	0	0	1	14
2013/12/29-09:42:15	3	1,837.044	58.547	5	0	0	0	1	0	0	1	1	0	0	26
2013/12/29-09:42:59	3	1,837.044	58.547	17	0	0	2	2	0	0	1	1	0	0	43
2013/12/29-09:44:01	3	1,837.044	58.547	15	0	0	3	0	0	0	1	1	0	0	44
2013/12/29-09:45:03	3	1,837.044	58.547	1	0	0	0	0	0	1	1	0	0	1	6
2013/12/29-10:08:18	3	1,826.368	56.636	7	0	0	1	0	0	0	1	1	0	0	23
2013/12/29-10:09:00	3	1,826.368	56.636	8	0	0	4	0	0	1	1	0	0	1	23
2013/12/29-10:09:41	3	1,826.368	56.636	25	0	0	2	0	0	0	1	1	0	0	60
2013/12/29-10:11:00	3	1,826.368	56.636	10	0	0	0	1	0	1	1	0	0	1	27
2013/12/29-10:11:46	3	1,826.368	56.636	12	0	0	0	0	0	0	1	1	0	0	37
2013/12/29-10:24:39	2	1,839.744	54.332	18	0	0	4	1	0	1	1	0	0	1	49
2013/12/29-10:25:46	2	1,839.744	54.332	24	0	0	0	0	0	0	1	0	0	1	60
2013/12/29-10:27:05	2	1,839.744	54.332	16	0	0	2	1	0	1	1	0	0	1	40
2013/12/29-10:28:04	2	1,839.744	54.332	6	0	0	1	1	0	0	1	1	0	0	22
2013/12/29-10:28:45	2	1,839.744	54.332	20	0	0	0	1	0	0	1	1	0	0	48
2013/12/29-10:30:12	2	1,839.744	54.332	14	0	0	1	2	0	0	1	1	0	0	39
2013/12/29-10:31:10	2	1,839.744	54.332	5	0	0	1	1	0	1	1	0	0	1	19
2013/12/29-10:31:48	2	1,839.744	54.332	14	0	0	0	0	0	0	1	0	0	1	60
2013/12/29-10:33:07	2	1,839.744	54.332	11	0	0	1	2	0	0	1	1	0	0	23
2013/12/29-10:33:49	2	1,839.744	54.332	18	0	0	1	0	0	0	1	1	0	0	44
2013/12/29-10:52:35	2	1,839.744	54.332	7	0	0	3	1	0	0	1	1	0	0	23
2013/12/29-10:53:17	2	1,839.744	54.332	12	0	0	2	0	0	1	1	0	0	1	40
2013/12/29-10:54:16	2	1,839.744	54.332	12	0	0	2	0	0	0	1	1	0	0	34
2013/12/29-10:55:08	2	1,839.744	54.332	27	0	0	1	2	0	0	1	1	0	0	60
2013/12/29-10:56:27	1	1,862.211	50.272	23	0	0	3	0	0	0	1	0	0	1	60
2013/12/29-11:12:28	1	1,862.211	50.272	23	0	0	2	0	0	0	1	1	0	0	60
2013/12/29-11:13:47	1	1,862.211	50.272	6	0	0	2	0	0	1	1	0	0	1	16
2013/12/29-11:14:22	1	1,862.211	50.272	4	0	0	0	0	0	1	1	0	0	1	13
2013/12/29-11:15:01	1	1,862.211	50.272	7	0	0	1	1	0	1	1	0	0	1	21
2013/12/29-11:15:41	1	1,862.211	50.272	19	0	0	1	2	0	0	1	1	0	0	53
2013/12/29-12:11:43	1	1,859.561	50.248	6	0	0	0	0	0	1	1	0	0	1	19
2013/12/29-12:12:21	1	1,859.561	50.248	5	0	0	0	0	0	0	1	1	0	0	16
2013/12/29-12:12:56	1	1,859.561	50.248	8	0	1	1	1	0	0	1	0	0	1	24
2013/12/29-12:13:39	1	1,859.561	50.248	12	0	0	1	0	0	1	1	0	0	1	33
2013/12/29-12:14:31	1	1,859.561	50.248	7	0	0	2	0	0	0	1	1	0	0	31
2013/12/29-12:37:32	1	1,859.561	50.248	21	0	0	1	1	0	0	1	1	0	0	60
2013/12/29-12:38:51	1	1,859.561	50.248	17	0	0	2	0	0	0	1	1	0	0	55
2013/12/29-12:40:05	1	1,859.561	50.248	8	0	0	2	1	0	0	1	1	0	0	24
2013/12/29-12:40:47	1	1,859.561	50.248	13	0	0	0	1	0	0	1	1	0	0	39
2013/12/29-12:41:46	1	1,859.561	50.248	23	0	0	2	0	0	0	1	1	0	0	60
2013/12/29-12:59:09	1	1,861.558	48.568	17	0	0	3	0	0	1	1	0	0	1	40
2013/12/29-13:00:08	1	1,861.558	48.568	11	0	0	2	1	0	0	1	1	0	0	27
2013/12/29-13:00:54	1	1,861.558	48.568	17	0	0	0	0	0	1	1	0	0	1	47
2013/12/29-13:02:01	1	1,861.558	48.568	17	0	0	1	2	0	1	1	0	0	1	46
2013/12/29-13:03:06	1	1,861.558	48.568	18	0	0	0	0	0	0	1	0	0	1	60
2013/12/29-15:54:26	1	1,859.399	51.977	9	0	1	3	0	0	0	1	0	0	1	33
2013/12/29-17:01:07	1	1,859.399	51.977	11	0	0	9	1	0	0	1	1	0	0	43
2013/12/29-17:59:37	1	1,870.068	53.297	5	0	0	1	1	0	1	1	0	0	1	12
2013/12/29-18:00:56	1	1,870.068	53.297	6	0	0	1	3	0	0	1	1	0	0	19
2013/12/29-18:01:34	1	1,870.068	53.297	12	0	0	1	0	0	0	1	1	0	0	39
2013/12/29-18:02:31	1	1,870.068	53.297	9	0	0	0	0	0	0	1	1	0	0	23
2013/12/29-18:03:13	1	1,870.068	53.297	7	0	0	1	0	0	0	1	1	0	0	25
2013/12/29-18:26:13	1	1,864.017	53.101	7	0	0	0	2	0	0	1	1	0	0	21
2013/12/29-18:26:52	1	1,864.017	53.101	16	0	0	1	0	0	1	1	0	0	1	45
2013/12/29-18:28:03	1	1,864.017	53.101	13	0	0	6	1	0	1	1	0	0	1	37
2013/12/29-18:28:59	1	1,864.017	53.101	15	0	0	3	1	0	0	1	1	0	0	44
2013/12/29-18:30:01	1	1,864.017	53.101	8	0	0	1	0	0	1	1	0	0	1	31
2013/12/29-20:56:40	1	1,864.017	53.101	9	0	0	1	0	0	0	1	1	0	0	33
2013/12/29-20:57:32	1	1,864.017	53.101	24	0	0	1	0	0	0	1	0	0	1	60
2013/12/29-20:58:50	1	1,864.017	53.101	8	0	0	3	0	0	1	1	0	0	1	17
2013/12/29-20:59:58	1	1,864.017	53.101	5	0	0	0	0	0	0	1	1	0	0	20
2013/12/29-21:00:37	1	1,864.017	53.101	20	0	0	1	0	0	0	1	0	0	1	60
