2013/09/02-16:43:23	59	1,500	350.775	2	0	0	0	0	0	1	1	0	0	1	16
2013/09/02-16:44:43	59	1,500	350.775	0	0	1	0	0	0	0	1	0	0	1	3
2013/09/02-16:45:14	59	1,500	350.775	3	0	1	11	0	0	0	1	0	0	1	32
2013/09/02-16:46:05	59	1,500	350.775	1	0	1	0	0	0	0	1	0	0	1	6
2013/09/02-16:47:24	59	1,500	350.775	1	0	1	0	0	0	0	1	0	0	1	3
2013/09/02-16:57:01	59	1,500	350.775	1	0	1	0	0	0	0	1	0	0	1	4
2013/09/02-16:57:26	59	1,500	350.775	0	0	0	1	0	0	0	1	1	0	0	60
2013/09/02-16:58:45	59	1,500	350.775	2	0	0	0	0	0	0	1	1	0	0	60
2013/09/02-17:00:04	59	1,500	350.775	1	0	0	0	0	0	1	1	0	0	1	10
2013/09/02-17:01:23	59	1,500	350.775	0	0	0	0	0	0	0	1	1	0	0	60
2013/09/02-17:14:23	72	1,156.74	263.177	1	0	0	0	1	0	1	1	0	0	1	3
2013/09/02-17:15:02	72	1,156.74	263.177	1	0	1	0	0	0	0	1	0	0	1	6
2013/09/02-17:16:32	72	1,156.74	263.177	1	0	0	0	0	0	1	1	0	0	1	4
2013/09/02-17:17:09	72	1,156.74	263.177	2	0	0	0	1	0	1	1	0	0	1	3
2013/09/02-17:17:39	72	1,156.74	263.177	2	0	0	0	0	0	1	1	0	0	1	30
2013/09/02-17:43:28	72	1,156.74	263.177	1	0	0	0	0	0	0	1	1	0	0	6
2013/09/02-17:43:53	72	1,156.74	263.177	0	0	1	0	0	0	0	1	0	0	1	3
2013/09/02-17:44:18	71	1,233.48	215.567	3	0	1	0	0	0	0	1	0	0	1	37
2013/09/02-17:45:13	71	1,233.48	215.567	1	0	1	0	0	0	0	1	0	0	1	9
2013/09/02-17:45:42	71	1,233.48	215.567	1	0	1	0	1	0	0	1	0	0	1	9
2013/09/02-17:59:26	71	1,233.48	215.567	0	0	1	0	0	0	0	1	0	0	1	3
2013/09/02-17:59:49	71	1,233.48	215.567	2	0	1	5	1	0	0	1	0	0	1	57
2013/09/02-18:01:08	71	1,233.48	215.567	0	0	1	0	0	0	0	1	0	0	1	3
2013/09/02-18:01:33	71	1,233.48	215.567	1	0	1	0	2	0	0	1	0	0	1	3
2013/09/02-18:01:56	71	1,233.48	215.567	1	0	1	0	0	0	0	1	0	0	1	21
2013/09/02-18:07:33	75	1,068.258	173.902	1	0	1	0	0	0	0	1	0	0	1	3
2013/09/02-18:07:56	75	1,068.258	173.902	1	0	1	0	0	0	0	1	0	0	1	3
2013/09/02-18:08:21	75	1,068.258	173.902	0	0	1	0	0	0	0	1	0	0	1	3
2013/09/02-18:08:46	75	1,068.258	173.902	1	0	1	0	0	0	0	1	0	0	1	6
2013/09/02-18:09:11	75	1,068.258	173.902	2	0	1	0	0	0	0	1	0	0	1	22
2013/09/03-00:17:26	71	1,053.4	149.7	1	0	0	0	0	0	0	1	1	0	0	11
2013/09/03-00:17:57	71	1,053.4	149.7	4	0	0	0	0	0	1	1	0	0	1	7
2013/09/03-00:18:23	71	1,053.4	149.7	0	0	1	0	0	0	0	1	0	0	1	6
2013/09/03-00:18:48	71	1,053.4	149.7	0	0	0	0	0	0	0	1	1	0	0	6
2013/09/03-00:19:13	71	1,053.4	149.7	1	0	0	0	1	0	0	1	1	0	0	6
2013/09/03-00:26:20	69	1,093.053	129.986	1	0	0	0	0	0	1	1	0	0	1	22
2013/09/03-00:27:39	69	1,093.053	129.986	0	0	0	0	0	0	0	1	1	0	0	7
2013/09/03-00:28:04	69	1,093.053	129.986	2	0	0	0	0	0	1	1	0	0	1	37
2013/09/03-00:29:00	69	1,093.053	129.986	2	0	0	0	0	0	1	1	0	0	1	7
2013/09/03-00:30:19	69	1,093.053	129.986	1	0	0	0	1	0	1	1	0	0	1	7
2013/09/03-00:37:33	69	1,093.053	129.986	2	0	0	0	0	0	1	1	0	0	1	3
2013/09/03-00:37:59	69	1,093.053	129.986	3	0	0	0	0	0	1	1	0	0	1	5
2013/09/03-00:38:26	70	1,076.168	111.349	0	0	1	0	0	0	0	1	0	0	1	3
2013/09/03-00:38:49	70	1,076.168	111.349	1	0	1	0	1	0	0	1	0	0	1	8
2013/09/03-00:39:16	70	1,076.168	111.349	2	0	0	0	1	0	1	1	0	0	1	15
2013/09/03-15:54:55	70	1,115.828	106.864	3	0	0	0	0	0	1	1	0	0	1	6
2013/09/03-15:55:21	70	1,115.828	106.864	1	0	0	0	1	0	0	1	1	0	0	6
2013/09/03-15:55:46	70	1,115.828	106.864	1	0	0	0	1	0	0	1	1	0	0	7
2013/09/03-15:56:11	70	1,115.828	106.864	1	0	0	0	0	0	1	1	0	0	1	3
2013/09/03-15:56:36	70	1,115.828	106.864	2	0	0	0	0	0	0	1	1	0	0	6
2013/09/03-16:10:34	68	1,121.25	96.178	0	0	0	0	0	0	0	1	1	0	0	6
2013/09/03-16:10:59	68	1,121.25	96.178	1	0	0	0	1	0	0	1	1	0	0	3
2013/09/03-16:11:21	68	1,121.25	96.178	1	0	0	0	0	0	0	1	1	0	0	9
2013/09/03-16:11:49	68	1,121.25	96.178	3	0	1	0	0	0	0	1	0	0	1	6
2013/09/03-16:12:14	68	1,121.25	96.178	3	0	0	0	0	0	0	1	1	0	0	60
2013/09/03-16:20:16	68	1,121.25	96.178	3	0	0	0	0	0	1	1	0	0	1	12
2013/09/03-16:20:47	68	1,121.25	96.178	2	0	1	1	0	0	0	1	0	0	1	26
2013/09/03-16:21:32	68	1,121.25	96.178	0	0	0	0	0	0	0	1	1	0	0	9
2013/09/03-16:22:00	68	1,121.25	96.178	2	0	1	0	0	0	0	1	0	0	1	8
2013/09/03-16:22:27	68	1,121.25	96.178	1	0	0	0	1	0	1	1	0	0	1	5
2013/09/03-16:28:50	65	1,224.375	83.087	1	0	0	0	0	0	0	1	1	0	0	6
2013/09/03-16:29:15	65	1,224.375	83.087	2	0	0	0	0	0	0	1	1	0	0	37
2013/09/03-16:30:11	65	1,224.375	83.087	1	0	0	0	0	0	1	1	0	0	1	10
2013/09/03-16:30:40	65	1,224.375	83.087	2	0	0	11	0	0	0	1	1	0	0	31
2013/09/03-16:31:29	65	1,224.375	83.087	3	0	0	0	0	0	1	1	0	0	1	14
2013/09/03-16:38:53	65	1,224.375	83.087	1	0	1	0	0	0	0	1	0	0	1	4
2013/09/03-16:39:36	65	1,224.375	83.087	4	0	1	0	0	0	0	1	0	0	1	4
2013/09/03-16:40:05	65	1,224.375	83.087	3	0	0	0	0	0	1	1	0	0	1	4
2013/09/03-16:40:39	65	1,224.375	83.087	2	0	0	0	0	0	1	1	0	0	1	3
2013/09/03-16:41:17	65	1,224.375	83.087	1	0	1	0	0	0	0	1	0	0	1	3
2013/09/03-16:48:52	65	1,224.375	83.087	1	0	1	0	0	0	0	1	0	0	1	15
2013/09/03-16:49:26	65	1,224.375	83.087	1	0	1	0	0	0	0	1	0	0	1	4
2013/09/03-16:49:49	65	1,224.375	83.087	0	0	1	0	0	0	0	1	0	0	1	6
2013/09/03-16:50:16	65	1,224.375	83.087	3	0	0	0	0	0	0	1	1	0	0	13
2013/09/03-16:50:48	65	1,224.375	83.087	1	0	0	0	2	0	1	1	0	0	1	3
2013/09/03-20:12:15	63	1,240.082	75.893	0	0	1	0	0	0	0	1	0	0	1	3
2013/09/03-20:12:37	63	1,240.082	75.893	1	0	1	0	0	0	0	1	0	0	1	5
2013/09/03-20:13:03	63	1,240.082	75.893	0	0	1	0	0	0	0	1	0	0	1	4
2013/09/03-20:13:26	63	1,240.082	75.893	1	0	0	0	0	0	1	1	0	0	1	3
2013/09/03-20:13:48	63	1,240.082	75.893	1	0	0	6	0	0	0	1	1	0	0	60
2013/09/03-20:15:14	63	1,240.082	75.893	1	0	0	0	0	0	1	1	0	0	1	3
2013/09/03-20:15:45	63	1,240.082	75.893	1	0	0	0	0	0	1	1	0	0	1	3
2013/09/03-20:16:10	63	1,240.082	75.893	0	0	1	0	0	0	0	1	0	0	1	6
2013/09/03-20:16:44	63	1,240.082	75.893	2	0	1	0	0	0	0	1	0	0	1	9
2013/09/03-20:17:12	63	1,240.082	75.893	1	0	1	0	0	0	0	1	0	0	1	7
2013/09/03-20:29:58	64	1,210.094	68.191	1	0	0	0	1	0	1	1	0	0	1	3
2013/09/03-20:30:24	64	1,210.094	68.191	0	0	1	0	0	0	0	1	0	0	1	3
2013/09/03-20:30:49	64	1,210.094	68.191	0	0	1	0	0	0	0	1	0	0	1	19
2013/09/03-20:31:47	64	1,210.094	68.191	1	0	0	0	0	0	1	1	0	0	1	4
2013/09/03-20:32:38	64	1,210.094	68.191	0	0	1	0	0	0	0	1	0	0	1	3
2013/09/04-16:18:00	67	1,162.287	71.695	1	0	0	0	0	0	0	1	1	0	0	6
2013/09/04-16:18:25	67	1,162.287	71.695	2	0	0	0	0	0	0	1	1	0	0	6
2013/09/04-16:18:50	67	1,162.287	71.695	1	0	0	0	0	0	0	1	1	0	0	6
2013/09/04-16:19:15	67	1,162.287	71.695	1	0	0	0	1	0	1	1	0	0	1	4
2013/09/04-16:19:40	67	1,162.287	71.695	0	0	0	0	0	0	0	1	1	0	0	6
2013/09/04-16:26:44	66	1,175.916	67.683	1	0	0	0	0	0	0	1	1	0	0	6
2013/09/04-16:27:09	66	1,175.916	67.683	1	0	0	0	0	0	0	1	1	0	0	6
2013/09/04-16:27:34	66	1,175.916	67.683	1	0	0	0	0	0	0	1	1	0	0	6
2013/09/04-16:27:58	66	1,175.916	67.683	0	0	0	0	0	0	0	1	1	0	0	25
2013/09/04-16:28:42	66	1,175.916	67.683	1	0	0	1	0	0	0	1	1	0	0	60
2013/09/04-16:40:03	66	1,175.916	67.683	1	0	0	0	0	0	1	1	0	0	1	6
2013/09/04-16:41:22	66	1,175.916	67.683	1	0	1	0	0	0	0	1	0	0	1	3
2013/09/04-16:41:46	66	1,175.916	67.683	2	0	1	0	0	0	0	1	0	0	1	13
2013/09/04-16:42:18	66	1,175.916	67.683	2	0	0	0	0	0	1	1	0	0	1	6
2013/09/04-16:42:43	66	1,175.916	67.683	1	0	1	0	1	0	0	1	0	0	1	4
2013/09/04-22:57:48	68	1,150.483	68.486	1	0	0	0	0	0	0	1	1	0	0	6
2013/09/04-22:58:14	68	1,150.483	68.486	1	0	0	0	0	0	0	1	1	0	0	6
2013/09/04-22:58:39	68	1,150.483	68.486	3	0	0	0	0	0	0	1	1	0	0	55
2013/09/04-22:59:52	68	1,150.483	68.486	0	0	0	0	0	0	0	1	1	0	0	34
2013/09/04-23:00:45	68	1,150.483	68.486	0	0	0	0	0	0	0	1	1	0	0	6
2013/09/04-23:08:07	68	1,150.483	68.486	1	0	1	0	0	0	0	1	0	0	1	3
2013/09/04-23:08:29	68	1,150.483	68.486	2	0	1	0	0	0	0	1	0	0	1	21
2013/09/04-23:09:09	68	1,150.483	68.486	3	0	0	0	0	0	1	1	0	0	1	5
2013/09/04-23:09:34	68	1,150.483	68.486	0	0	1	2	0	0	0	1	0	0	1	15
2013/09/04-23:10:12	68	1,150.483	68.486	2	0	0	3	0	0	0	1	0	0	1	60
2013/09/04-23:15:59	68	1,174.906	62.108	1	0	0	0	0	0	0	1	1	0	0	8
2013/09/04-23:16:26	68	1,174.906	62.108	2	0	0	0	0	0	1	1	0	0	1	14
2013/09/04-23:16:59	68	1,174.906	62.108	2	0	0	0	0	0	0	1	1	0	0	60
2013/09/04-23:18:18	68	1,174.906	62.108	1	0	0	0	0	0	0	1	1	0	0	6
2013/09/04-23:18:42	68	1,174.906	62.108	1	0	0	0	0	0	0	1	1	0	0	6
2013/09/05-03:31:24	65	1,194.122	65.497	1	0	0	0	1	0	1	1	0	0	1	5
2013/09/05-03:31:49	65	1,194.122	65.497	1	0	0	0	0	0	0	1	1	0	0	11
2013/09/05-03:32:18	65	1,194.122	65.497	0	0	0	0	0	0	0	1	1	0	0	6
2013/09/05-03:32:43	65	1,194.122	65.497	0	0	0	0	0	0	0	1	1	0	0	6
2013/09/05-03:33:08	65	1,194.122	65.497	2	0	0	0	0	0	0	1	1	0	0	60
2013/09/05-03:47:25	65	1,200.865	62.348	1	0	0	0	0	0	0	1	1	0	0	6
2013/09/05-03:47:50	65	1,200.865	62.348	1	0	0	0	1	0	1	1	0	0	1	5
2013/09/05-03:48:15	65	1,200.865	62.348	0	0	1	0	0	0	0	1	0	0	1	37
2013/09/05-03:49:11	65	1,200.865	62.348	1	0	0	0	0	0	1	1	0	0	1	3
2013/09/05-03:49:36	65	1,200.865	62.348	0	0	0	0	0	0	0	1	1	0	0	6
2013/09/05-03:59:03	66	1,189.492	59.429	1	0	0	0	0	0	1	1	0	0	1	3
2013/09/05-03:59:33	66	1,189.492	59.429	1	0	0	0	0	0	0	1	1	0	0	58
2013/09/05-04:00:50	66	1,189.492	59.429	1	0	0	0	1	0	1	1	1	0	0	25
2013/09/05-04:01:34	66	1,189.492	59.429	1	0	0	6	0	0	0	1	1	0	0	15
2013/09/05-04:02:08	66	1,189.492	59.429	1	0	0	0	1	0	1	1	0	0	1	3
2013/09/06-00:19:01	64	1,206.16	61.147	3	0	1	0	0	0	0	1	0	0	1	7
2013/09/06-00:20:01	64	1,206.16	61.147	1	0	0	0	0	0	1	1	0	0	1	15
2013/09/06-00:21:19	64	1,206.16	61.147	2	0	0	0	0	0	1	1	0	0	1	9
2013/09/06-00:22:32	64	1,206.16	61.147	0	0	1	0	0	0	0	1	0	0	1	26
2013/09/06-00:23:26	64	1,206.16	61.147	0	0	0	0	0	0	0	1	1	0	0	60
2013/09/06-00:33:17	64	1,206.16	61.147	1	0	0	0	0	0	1	1	0	0	1	3
2013/09/06-00:34:03	64	1,206.16	61.147	0	0	0	0	0	0	0	1	0	0	1	60
2013/09/06-00:35:22	64	1,206.16	61.147	0	0	0	0	0	0	0	1	0	0	1	60
2013/09/06-00:36:41	64	1,206.16	61.147	2	0	0	0	0	0	1	1	0	0	1	3
2013/09/06-00:37:23	64	1,206.16	61.147	1	0	1	0	0	0	0	1	0	0	1	14
2013/09/06-00:48:49	64	1,206.16	61.147	0	0	0	0	0	0	0	1	1	0	0	12
2013/09/06-00:49:20	64	1,206.16	61.147	2	0	0	1	0	0	1	1	0	0	1	6
2013/09/06-00:49:48	63	1,199.534	55.632	0	0	0	0	0	0	0	1	1	0	0	60
2013/09/06-00:51:07	63	1,199.534	55.632	2	0	0	0	0	0	0	1	1	0	0	9
2013/09/06-00:51:35	63	1,199.534	55.632	1	0	0	0	0	0	1	1	0	0	1	3
2013/09/07-11:28:10	64	1,208.476	63.551	1	0	0	0	0	0	0	1	0	0	1	60
2013/09/07-11:29:29	64	1,208.476	63.551	2	0	0	0	0	0	1	1	0	0	1	4
2013/09/07-11:30:05	64	1,208.476	63.551	2	0	0	0	0	0	1	1	0	0	1	20
2013/09/07-11:30:44	64	1,208.476	63.551	2	0	0	0	0	0	1	1	0	0	1	41
2013/09/07-11:31:51	64	1,208.476	63.551	2	0	0	0	0	0	1	1	0	0	1	10
2013/09/07-12:49:32	64	1,208.476	63.551	1	0	0	0	0	0	0	1	0	0	1	60
2013/09/07-12:50:51	64	1,208.476	63.551	0	0	0	0	0	0	0	1	1	0	0	20
2013/09/07-12:51:30	64	1,208.476	63.551	1	0	0	0	0	0	1	1	0	0	1	44
2013/09/07-12:52:33	64	1,208.476	63.551	1	0	0	0	0	0	0	1	1	0	0	9
2013/09/07-12:53:01	64	1,208.476	63.551	1	0	0	0	0	0	1	1	0	0	1	10
2013/09/07-13:13:35	61	1,245.215	58.132	1	0	0	0	0	0	1	1	0	0	1	3
2013/09/07-13:14:54	61	1,245.215	58.132	1	0	0	0	0	0	1	1	0	0	1	6
2013/09/07-13:15:44	61	1,245.215	58.132	3	0	0	1	0	0	1	1	0	0	1	31
2013/09/07-13:16:34	61	1,245.215	58.132	1	0	0	0	0	0	1	1	0	0	1	25
2013/09/07-13:17:49	61	1,245.215	58.132	1	0	0	0	0	0	1	1	0	0	1	8
2013/09/07-13:38:57	61	1,245.215	58.132	0	0	1	0	0	0	0	1	0	0	1	27
2013/09/08-11:35:26	61	1,245.215	58.132	2	0	0	0	0	0	1	1	0	0	1	3
2013/09/08-11:36:46	61	1,245.215	58.132	2	0	0	0	0	0	1	1	0	0	1	11
2013/09/08-11:37:16	61	1,245.215	58.132	2	0	0	0	0	0	1	1	0	0	1	8
2013/09/08-11:38:30	61	1,245.215	58.132	0	0	1	0	0	0	0	1	0	0	1	13
2013/09/08-16:59:22	63	1,239.778	55	2	0	0	0	0	0	1	1	0	0	1	22
2013/09/08-17:11:54	63	1,239.778	55	2	0	1	0	0	0	0	1	0	0	1	37
2013/09/08-17:12:51	63	1,239.778	55	1	0	0	0	0	0	0	1	0	0	1	60
2013/09/08-17:14:10	63	1,239.778	55	1	0	0	0	0	0	1	1	0	0	1	13
2013/09/08-17:14:41	63	1,239.778	55	1	0	0	0	0	0	1	1	0	0	1	3
2013/09/08-17:37:47	63	1,239.778	55	1	0	0	0	0	0	1	1	0	0	1	10
2013/09/08-17:39:03	63	1,239.778	55	1	0	0	0	0	0	1	1	0	0	1	12
2013/09/08-17:40:22	63	1,239.778	55	1	0	0	0	0	0	1	1	0	0	1	21
2013/09/08-17:41:40	61	1,257.446	53.525	1	0	0	0	0	0	1	1	0	0	1	3
2013/09/08-17:42:55	61	1,257.446	53.525	1	0	0	1	0	0	0	1	0	0	1	60
2013/09/09-01:22:03	61	1,266.794	57.7	1	0	0	0	0	0	0	1	0	0	1	60
2013/09/09-01:23:22	61	1,266.794	57.7	1	0	0	0	0	0	1	1	0	0	1	3
2013/09/09-01:23:51	61	1,266.794	57.7	0	0	0	0	0	0	0	1	1	0	0	60
2013/09/09-01:25:10	61	1,266.794	57.7	0	0	0	0	0	0	0	1	0	0	1	60
2013/09/09-01:26:29	61	1,266.794	57.7	2	0	0	0	0	0	0	1	1	0	0	60
2013/09/09-07:31:16	61	1,266.794	57.7	1	0	0	0	0	0	1	1	0	0	1	3
2013/09/09-07:32:02	61	1,266.794	57.7	2	0	0	0	0	0	1	1	0	0	1	3
2013/09/09-07:33:21	61	1,266.794	57.7	2	0	0	0	0	0	1	1	0	0	1	3
2013/09/09-07:34:40	61	1,266.794	57.7	2	0	1	0	1	0	0	1	0	0	1	49
2013/09/09-07:35:47	61	1,276.545	53.639	3	0	0	0	0	0	0	1	0	0	1	60
2013/09/09-07:49:55	61	1,276.545	53.639	1	0	0	1	0	0	1	1	0	0	1	14
2013/09/09-07:50:35	61	1,276.545	53.639	1	0	0	0	0	0	1	1	0	0	1	3
2013/09/09-07:51:09	61	1,276.545	53.639	4	0	0	1	0	0	0	1	1	0	0	59
2013/09/09-07:52:27	61	1,276.545	53.639	2	0	0	0	0	0	1	1	0	0	1	5
2013/09/09-07:53:15	61	1,276.545	53.639	0	0	1	0	0	0	0	1	0	0	1	9
2013/09/09-22:05:12	61	1,274.039	52.256	2	0	0	0	0	0	1	1	0	0	1	24
2013/09/09-22:05:55	61	1,274.039	52.256	2	0	0	1	0	0	0	1	1	0	0	48
2013/09/09-22:07:01	61	1,274.039	52.256	1	0	0	0	0	0	1	1	0	0	1	9
2013/09/09-22:07:29	61	1,274.039	52.256	1	0	0	0	0	0	1	1	0	0	1	7
2013/09/09-22:07:55	61	1,274.039	52.256	1	0	0	0	0	0	1	1	0	0	1	7
2013/09/09-22:18:32	61	1,274.039	52.256	0	0	1	0	0	0	0	1	0	0	1	41
2013/09/09-22:19:52	61	1,274.039	52.256	2	0	0	0	0	0	1	1	0	0	1	4
2013/09/09-22:20:43	61	1,276.215	51.062	2	0	0	0	0	0	1	1	0	0	1	25
2013/09/09-22:21:27	61	1,276.215	51.062	1	0	1	0	0	0	0	1	0	0	1	20
2013/09/09-22:22:26	61	1,276.215	51.062	1	0	0	0	0	0	1	1	0	0	1	4
2013/09/09-22:32:51	61	1,276.215	51.062	2	0	0	1	0	0	1	1	0	0	1	26
2013/09/09-22:33:36	61	1,276.215	51.062	2	0	1	0	0	0	0	1	0	0	1	30
2013/09/09-22:34:25	61	1,276.215	51.062	1	0	1	1	0	0	0	1	0	0	1	13
2013/09/09-22:35:08	61	1,276.215	51.062	2	0	0	0	0	0	1	1	0	0	1	14
2013/09/09-22:35:41	61	1,276.215	51.062	2	0	0	0	0	0	1	1	0	0	1	20
2013/09/10-20:11:43	61	1,282.627	52.846	0	0	0	0	0	0	0	1	0	1	0	325
2013/09/10-20:18:00	61	1,282.627	52.846	1	0	0	0	0	0	0	1	0	0	1	60
2013/09/10-20:22:39	61	1,282.627	52.846	1	0	0	0	0	0	1	1	0	0	1	3
2013/09/10-20:24:43	61	1,282.627	52.846	0	0	0	0	0	0	0	1	0	0	1	60
2013/09/10-20:26:02	61	1,282.627	52.846	3	0	0	2	1	0	1	1	0	0	1	21
2013/09/10-20:44:05	61	1,283.845	50.891	1	0	0	0	0	0	1	1	0	0	1	5
2013/09/10-20:44:33	61	1,283.845	50.891	0	0	0	0	0	0	0	1	1	0	0	24
2013/09/10-20:45:16	61	1,283.845	50.891	2	0	0	0	0	0	1	1	0	0	1	3
2013/09/10-20:45:45	61	1,283.845	50.891	0	0	0	0	0	0	0	1	1	0	0	14
2013/09/10-20:46:18	61	1,283.845	50.891	2	0	0	0	0	0	1	1	0	0	1	3
2013/09/10-21:18:26	61	1,283.845	50.891	1	0	0	0	0	0	1	1	0	0	1	3
2013/09/10-21:18:53	61	1,283.845	50.891	2	0	0	0	0	0	0	1	1	0	0	24
2013/09/10-21:19:35	61	1,283.845	50.891	2	0	0	0	0	0	1	1	0	0	1	7
2013/09/10-21:20:01	60	1,288.854	48.146	1	0	0	0	0	0	1	1	0	0	1	3
2013/09/10-21:20:48	60	1,288.854	48.146	0	0	0	0	0	0	0	1	1	0	0	60
2013/09/11-00:05:17	60	1,288.579	48.841	2	0	0	0	0	0	1	1	0	0	1	22
2013/09/11-00:05:57	60	1,288.579	48.841	2	0	0	0	0	0	1	1	0	0	1	14
2013/09/11-00:06:30	60	1,288.579	48.841	0	0	0	0	0	0	0	1	1	0	0	7
2013/09/11-00:06:56	60	1,288.579	48.841	1	0	0	0	0	0	1	1	0	0	1	12
2013/09/11-00:07:26	60	1,288.579	48.841	1	0	0	0	0	0	1	1	0	0	1	19
2013/09/11-00:28:41	60	1,288.579	48.841	1	0	0	0	0	0	1	1	0	0	1	16
2013/09/11-00:29:41	60	1,288.579	48.841	1	0	0	0	0	0	1	1	0	0	1	3
2013/09/11-00:30:38	60	1,288.579	48.841	0	0	0	0	0	0	0	1	1	0	0	22
2013/09/11-00:31:20	60	1,288.579	48.841	1	0	1	0	0	0	0	1	0	0	1	23
2013/09/11-00:32:16	60	1,288.579	48.841	2	0	0	0	0	0	1	1	0	0	1	17
2013/09/11-00:42:22	61	1,292.719	47.221	2	0	0	0	0	0	1	1	0	0	1	12
2013/09/11-00:43:41	61	1,292.719	47.221	2	0	0	0	0	0	1	1	0	0	1	25
2013/09/11-00:44:43	61	1,292.719	47.221	0	0	1	0	0	0	0	1	0	0	1	18
2013/09/11-00:45:42	61	1,292.719	47.221	1	0	1	1	0	0	0	1	0	0	1	28
2013/09/11-00:47:01	61	1,292.719	47.221	3	0	1	0	0	0	0	1	0	0	1	29
2013/09/11-10:20:48	61	1,284.889	50.851	1	0	0	0	0	0	1	1	0	0	1	38
2013/09/11-10:21:45	61	1,284.889	50.851	2	0	0	0	0	0	1	1	0	0	1	3
2013/09/11-10:22:28	61	1,284.889	50.851	2	0	0	0	0	0	1	1	0	0	1	3
2013/09/11-10:23:15	61	1,284.889	50.851	2	0	1	0	0	0	0	1	0	0	1	21
2013/09/11-10:23:55	61	1,284.889	50.851	2	0	0	0	0	0	1	1	0	0	1	37
2013/09/11-11:45:42	60	1,287.981	49.118	4	0	0	2	0	0	0	1	1	0	0	60
2013/09/11-11:47:01	60	1,287.981	49.118	1	0	0	0	0	0	1	1	0	0	1	40
2013/09/11-11:48:00	60	1,287.981	49.118	1	0	0	2	0	0	0	1	1	0	0	60
2013/09/11-11:49:18	60	1,287.981	49.118	1	0	0	2	0	0	0	1	1	0	0	60
2013/09/11-11:50:37	60	1,287.981	49.118	1	0	0	0	0	0	1	1	0	0	1	24
2013/09/11-14:20:18	60	1,287.981	49.118	4	0	0	0	0	0	1	1	0	0	1	8
2013/09/11-14:21:02	60	1,287.981	49.118	2	0	0	0	0	0	1	1	0	0	1	27
2013/09/11-14:22:21	60	1,287.981	49.118	1	0	0	0	0	0	1	1	0	0	1	3
2013/09/11-14:23:08	60	1,287.981	49.118	0	0	1	0	0	0	0	1	0	0	1	11
2013/09/11-14:24:02	60	1,287.981	49.118	1	0	0	0	0	0	1	1	0	0	1	12
2013/09/12-07:32:49	61	1,301.302	54.818	1	0	0	0	0	0	1	1	0	0	1	3
2013/09/12-07:34:06	61	1,301.302	54.818	3	0	0	0	1	0	0	1	1	0	0	39
2013/09/12-07:35:03	61	1,301.302	54.818	2	0	0	0	0	0	1	1	0	0	1	14
2013/09/12-07:35:37	61	1,301.302	54.818	2	0	0	0	0	0	1	1	0	0	1	13
2013/09/12-07:36:47	61	1,301.302	54.818	1	0	1	0	0	0	0	1	0	0	1	7
2013/09/12-07:42:58	61	1,301.302	54.818	1	0	0	0	0	0	1	1	0	0	1	5
2013/09/12-07:43:27	61	1,301.302	54.818	2	0	0	0	0	0	1	1	0	0	1	30
2013/09/12-07:44:15	61	1,301.302	54.818	2	0	0	0	0	0	1	1	0	0	1	11
2013/09/12-07:45:34	61	1,301.302	54.818	2	0	0	0	0	0	1	1	0	0	1	22
2013/09/12-07:46:15	61	1,301.302	54.818	1	0	0	0	0	0	1	1	0	0	1	49
2013/09/12-07:56:20	61	1,300.025	50.786	0	0	0	0	0	0	0	1	1	0	0	8
2013/09/12-07:56:47	61	1,300.025	50.786	1	0	0	0	0	0	1	1	0	0	1	3
2013/09/12-07:57:27	61	1,300.025	50.786	2	0	0	3	0	0	1	1	0	0	1	28
2013/09/12-07:58:14	61	1,300.025	50.786	1	0	1	0	0	0	0	1	0	0	1	8
2013/09/12-07:58:40	61	1,300.025	50.786	2	0	0	0	0	0	1	1	0	0	1	3
2013/09/13-20:04:52	62	1,290.788	66.665	2	0	0	0	0	0	1	1	0	0	1	7
2013/09/13-20:05:31	62	1,290.788	66.665	0	0	0	0	0	0	0	1	1	0	0	60
2013/09/13-20:06:50	62	1,290.788	66.665	3	0	0	0	0	0	0	1	0	0	1	60
2013/09/13-20:08:09	62	1,290.788	66.665	2	0	0	0	0	0	1	1	0	0	1	6
2013/09/13-20:09:28	62	1,290.788	66.665	2	0	0	0	0	0	1	1	0	0	1	3
2013/09/13-20:22:47	63	1,285.098	62.901	1	0	0	1	0	0	0	1	0	0	1	60
2013/09/13-20:24:06	63	1,285.098	62.901	2	0	0	0	0	0	1	1	0	0	1	4
2013/09/13-20:24:40	63	1,285.098	62.901	2	0	0	0	0	0	1	1	0	0	1	4
2013/09/13-20:25:59	63	1,285.098	62.901	0	0	0	0	0	0	0	1	0	0	1	60
2013/09/13-20:27:18	63	1,285.098	62.901	1	0	0	0	0	0	1	1	0	0	1	5
2013/09/13-20:42:31	63	1,285.098	62.901	1	0	0	0	0	0	0	1	1	0	0	60
2013/09/13-20:43:50	63	1,285.098	62.901	1	0	0	0	0	0	1	1	0	0	1	11
2013/09/13-20:44:24	63	1,285.098	62.901	2	0	0	1	0	0	0	1	1	0	0	60
2013/09/13-20:45:43	63	1,285.098	62.901	2	0	0	0	1	0	1	1	0	0	1	11
2013/09/13-20:46:45	63	1,285.098	62.901	3	0	0	0	0	0	1	1	0	0	1	9
2013/09/14-21:32:41	66	1,258.841	82.579	0	0	1	0	0	0	0	1	0	0	1	24
2013/09/14-21:33:25	66	1,258.841	82.579	0	0	0	0	0	0	0	1	1	0	0	19
2013/09/14-21:34:03	66	1,258.841	82.579	0	0	0	0	0	0	0	1	0	0	1	60
2013/09/14-21:35:22	66	1,258.841	82.579	1	0	0	0	0	0	1	1	0	0	1	25
2013/09/14-21:36:05	66	1,258.841	82.579	1	0	1	0	0	0	0	1	0	0	1	45
2013/09/14-21:49:49	62	1,328.465	76.969	1	0	0	0	0	0	1	1	0	0	1	3
2013/09/14-21:50:52	62	1,328.465	76.969	2	0	0	0	0	0	1	1	0	0	1	23
2013/09/14-21:51:46	62	1,328.465	76.969	1	0	0	1	0	0	1	1	0	0	1	22
2013/09/14-21:52:46	62	1,328.465	76.969	0	0	0	0	0	0	0	1	0	0	1	60
2013/09/14-21:54:05	62	1,328.465	76.969	2	0	0	0	0	0	1	1	0	0	1	25
2013/09/14-22:05:44	62	1,328.465	76.969	2	0	0	2	1	0	0	1	1	0	0	14
2013/09/14-22:06:17	62	1,328.465	76.969	2	0	0	0	0	0	1	1	0	0	1	3
2013/09/14-22:06:43	62	1,328.465	76.969	2	0	0	0	0	0	0	1	1	0	0	23
2013/09/14-22:07:25	62	1,328.465	76.969	2	0	0	0	0	0	1	1	0	0	1	3
2013/09/14-22:07:59	62	1,328.465	76.969	3	0	0	0	0	0	1	1	0	0	1	11
2013/09/15-10:14:40	65	1,329.68	74.003	2	0	0	0	0	0	1	1	0	0	1	37
2013/09/15-10:15:59	65	1,329.68	74.003	2	0	0	0	0	0	1	1	0	0	1	20
2013/09/15-10:16:38	65	1,329.68	74.003	1	0	1	0	0	0	0	1	0	0	1	18
2013/09/15-10:17:15	65	1,329.68	74.003	2	0	0	0	0	0	1	1	0	0	1	26
2013/09/15-10:18:13	65	1,329.68	74.003	0	0	1	1	0	0	0	1	0	0	1	21
2013/09/15-10:23:46	65	1,329.68	74.003	2	0	0	0	0	0	1	1	0	0	1	3
2013/09/15-10:24:17	65	1,329.68	74.003	2	0	0	0	0	0	1	1	0	0	1	18
2013/09/15-10:24:53	65	1,329.68	74.003	1	0	0	0	1	0	1	1	0	0	1	19
2013/09/15-10:25:54	65	1,329.68	74.003	1	0	1	0	0	0	0	1	0	0	1	44
2013/09/15-10:26:56	65	1,329.68	74.003	1	0	1	0	0	0	0	1	0	0	1	16
2013/09/15-10:36:25	65	1,329.68	74.003	1	0	0	0	0	0	1	1	0	0	1	31
2013/09/15-10:37:14	65	1,329.68	74.003	0	0	0	0	0	0	0	1	0	0	1	60
2013/09/15-10:38:33	65	1,329.68	74.003	0	0	0	0	0	0	0	1	0	0	1	60
2013/09/15-10:39:52	65	1,329.68	74.003	0	0	0	0	0	0	0	1	0	0	1	60
2013/09/15-10:41:11	63	1,339.987	64.833	1	0	0	0	0	0	1	1	0	0	1	5
2013/09/15-14:03:24	64	1,335.809	65.822	1	0	1	0	0	0	0	1	0	0	1	15
2013/09/15-14:04:45	64	1,335.809	65.822	0	0	0	0	0	0	0	1	0	0	1	60
2013/09/15-14:06:03	64	1,335.809	65.822	1	0	1	0	0	0	0	1	0	0	1	6
2013/09/15-14:06:52	64	1,335.809	65.822	1	0	1	0	0	0	0	1	0	0	1	37
2013/09/15-14:07:49	64	1,335.809	65.822	2	0	0	0	0	0	1	1	0	0	1	8
2013/09/15-14:20:09	65	1,315.022	62.019	1	0	0	0	0	0	1	1	0	0	1	27
2013/09/15-14:21:02	65	1,315.022	62.019	0	0	0	0	0	0	0	1	0	0	1	60
2013/09/15-14:22:21	65	1,315.022	62.019	1	0	1	0	0	0	0	1	0	0	1	10
2013/09/15-14:22:57	65	1,315.022	62.019	1	0	0	0	0	0	1	1	0	0	1	3
2013/09/15-14:23:32	65	1,315.022	62.019	2	0	0	0	0	0	1	1	0	0	1	3
2013/09/15-15:30:14	65	1,315.022	62.019	0	0	0	0	0	0	0	1	1	0	0	33
2013/09/15-15:31:06	65	1,315.022	62.019	2	0	0	1	0	0	1	1	0	0	1	21
2013/09/15-15:31:45	65	1,315.022	62.019	1	0	0	0	0	0	1	1	0	0	1	3
2013/09/15-15:33:04	65	1,315.022	62.019	2	0	0	0	0	0	1	1	0	0	1	3
2013/09/15-15:33:36	65	1,315.022	62.019	1	0	0	0	0	0	1	1	0	0	1	3
2013/09/15-20:34:28	65	1,277.354	63.791	2	0	0	0	0	0	0	1	1	0	0	50
2013/09/15-20:35:37	65	1,277.354	63.791	1	0	0	1	0	0	1	1	0	0	1	13
2013/09/15-20:36:26	65	1,277.354	63.791	1	0	0	0	0	0	1	1	0	0	1	41
2013/09/15-20:37:26	65	1,277.354	63.791	1	0	0	0	0	0	1	1	0	0	1	7
2013/09/15-20:38:02	65	1,277.354	63.791	1	0	0	0	0	0	1	1	0	0	1	3
2013/09/15-20:52:42	65	1,277.354	63.791	1	0	0	0	0	0	1	1	0	0	1	3
2013/09/15-20:53:24	65	1,277.354	63.791	1	0	1	2	0	0	0	1	0	0	1	12
2013/09/15-20:53:54	65	1,277.354	63.791	1	0	0	0	0	0	1	1	0	0	1	3
2013/09/15-20:54:24	65	1,277.354	63.791	1	0	0	0	0	0	1	1	0	0	1	5
2013/09/15-20:55:03	65	1,277.354	63.791	0	0	1	0	0	0	0	1	0	0	1	9
2013/09/15-21:11:36	67	1,237.797	58.103	2	0	0	1	0	0	0	1	1	0	0	19
2013/09/15-21:12:14	67	1,237.797	58.103	1	0	1	1	0	0	0	1	0	0	1	9
2013/09/15-21:12:49	67	1,237.797	58.103	0	0	0	0	0	0	0	1	1	0	0	40
2013/09/15-21:13:48	67	1,237.797	58.103	0	0	0	0	0	0	0	1	0	0	1	60
2013/09/15-21:15:07	67	1,237.797	58.103	0	0	0	0	0	0	0	1	1	0	0	60
2013/09/16-20:29:34	65	1,258.325	62.062	2	0	0	0	0	0	1	1	0	0	1	3
2013/09/16-20:30:53	65	1,258.325	62.062	1	0	0	0	0	0	0	1	1	0	0	60
2013/09/16-20:32:12	65	1,258.325	62.062	0	0	0	0	0	0	0	1	0	0	1	60
2013/09/16-20:33:30	65	1,258.325	62.062	1	0	0	0	0	0	0	1	0	0	1	60
2013/09/16-20:34:49	65	1,258.325	62.062	3	0	0	1	0	0	0	1	0	0	1	60
2013/09/16-20:50:06	65	1,282.276	59.183	1	0	0	0	0	0	1	1	0	0	1	14
2013/09/16-20:50:53	65	1,282.276	59.183	2	0	1	0	0	0	0	1	0	0	1	31
2013/09/16-20:51:42	65	1,282.276	59.183	1	0	0	0	0	0	1	1	0	0	1	3
2013/09/16-20:52:31	65	1,282.276	59.183	1	0	0	0	0	0	1	1	0	0	1	9
2013/09/16-20:52:59	65	1,282.276	59.183	3	0	1	0	0	0	0	1	0	0	1	17
2013/09/16-21:08:56	65	1,282.276	59.183	2	0	0	0	0	0	1	1	0	0	1	8
2013/09/16-21:09:30	65	1,282.276	59.183	2	0	0	0	0	0	1	1	0	0	1	24
2013/09/16-21:10:13	65	1,282.276	59.183	0	0	0	0	0	0	0	1	1	0	0	55
2013/09/16-21:11:27	65	1,282.276	59.183	0	0	0	0	0	0	0	1	1	0	0	60
2013/09/16-21:12:45	65	1,294.07	54.679	2	0	0	2	0	0	1	1	0	0	1	26
2013/09/18-00:50:41	65	1,290.969	67.4	1	0	0	0	0	0	1	1	0	0	1	3
2013/09/18-00:51:07	65	1,290.969	67.4	1	0	0	0	0	0	0	1	1	0	0	36
2013/09/18-00:52:02	65	1,290.969	67.4	2	0	1	1	0	0	0	1	0	0	1	28
2013/09/18-00:52:59	65	1,290.969	67.4	0	0	1	0	0	0	0	1	0	0	1	3
2013/09/18-00:53:31	65	1,290.969	67.4	2	0	1	0	0	0	0	1	0	0	1	3
2013/09/18-08:19:50	65	1,290.969	67.4	1	0	0	0	0	0	1	1	0	0	1	3
2013/09/18-08:20:23	65	1,290.969	67.4	0	0	1	0	0	0	0	1	0	0	1	13
2013/09/18-08:21:09	65	1,290.969	67.4	1	0	0	0	1	0	0	1	1	0	0	13
2013/09/18-08:39:22	65	1,290.969	67.4	0	0	0	0	0	0	0	1	1	0	0	16
2013/09/18-08:39:57	65	1,290.969	67.4	1	0	0	1	1	0	0	1	1	0	0	41
2013/09/18-08:53:22	66	1,301.5	60.885	3	0	0	0	0	0	1	1	0	0	1	3
2013/09/18-08:53:57	66	1,301.5	60.885	2	0	0	0	0	0	1	1	0	0	1	43
2013/09/18-08:54:59	66	1,301.5	60.885	1	0	0	0	1	0	1	1	1	0	0	7
2013/09/18-08:55:24	66	1,301.5	60.885	2	0	0	0	0	0	0	1	1	0	0	60
2013/09/18-08:56:43	66	1,301.5	60.885	0	0	1	0	0	0	0	1	0	0	1	3
2013/09/18-15:24:43	64	1,303.001	65.06	2	0	1	0	0	0	0	1	0	0	1	19
2013/09/18-15:25:21	64	1,303.001	65.06	1	0	1	0	1	0	0	1	0	0	1	3
2013/09/18-15:25:43	64	1,303.001	65.06	2	0	1	1	0	0	0	1	0	0	1	26
2013/09/18-15:26:28	64	1,303.001	65.06	1	0	0	1	1	0	0	1	1	0	0	14
2013/09/18-15:27:00	64	1,303.001	65.06	1	0	0	0	2	0	0	1	1	0	0	60
2013/09/18-15:36:23	64	1,303.001	65.06	1	0	1	0	0	0	0	1	0	0	1	6
2013/09/18-15:36:59	64	1,303.001	65.06	2	0	1	0	1	0	0	1	0	0	1	6
2013/09/18-15:38:02	64	1,303.001	65.06	1	0	1	0	1	0	0	1	0	0	1	3
2013/09/18-15:39:21	64	1,303.001	65.06	1	0	1	0	0	0	0	1	0	0	1	9
2013/09/18-15:40:02	64	1,303.001	65.06	0	0	1	0	0	0	0	1	0	0	1	4
2013/09/18-15:46:59	64	1,313.315	59.089	2	0	1	0	1	0	0	1	0	0	1	9
2013/09/18-15:47:34	64	1,313.315	59.089	1	0	0	0	0	0	1	1	0	0	1	3
2013/09/18-15:48:02	64	1,313.315	59.089	3	0	0	0	0	0	0	1	1	0	0	60
2013/09/18-15:49:21	64	1,313.315	59.089	1	0	1	0	0	0	0	1	0	0	1	9
2013/09/18-15:49:49	64	1,313.315	59.089	3	0	0	0	0	0	1	1	0	0	1	4
2013/09/18-19:19:50	64	1,312.744	62.047	0	0	0	0	0	0	0	1	1	0	0	60
2013/09/18-19:21:10	64	1,312.744	62.047	1	0	0	0	1	0	1	1	0	0	1	5
2013/09/18-19:21:34	64	1,312.744	62.047	4	0	0	0	0	0	0	1	1	0	0	60
2013/09/18-19:22:53	64	1,312.744	62.047	3	0	1	0	1	0	0	1	0	0	1	58
2013/09/18-19:24:10	64	1,312.744	62.047	1	0	0	0	0	0	1	1	0	0	1	7
2013/09/18-19:39:10	64	1,312.744	62.047	1	0	0	0	1	0	1	1	0	0	1	7
2013/09/18-19:39:36	64	1,312.744	62.047	0	0	1	0	0	0	0	1	0	0	1	3
2013/09/18-19:40:08	64	1,312.744	62.047	3	0	0	1	0	0	0	1	1	0	0	60
2013/09/18-19:41:27	64	1,325.335	58.783	2	0	1	0	0	0	0	1	0	0	1	6
2013/09/18-19:42:12	64	1,325.335	58.783	2	0	0	0	0	0	0	1	1	0	0	6
2013/09/18-20:30:56	64	1,325.335	58.783	2	0	1	0	0	0	0	1	0	0	1	6
2013/09/18-20:31:22	64	1,325.335	58.783	2	0	0	0	1	0	1	1	0	0	1	15
2013/09/18-20:31:56	64	1,325.335	58.783	0	0	1	0	0	0	0	1	0	0	1	12
2013/09/18-20:33:15	64	1,325.335	58.783	0	0	1	0	0	0	0	1	0	0	1	6
2013/09/18-20:33:52	64	1,325.335	58.783	2	0	1	0	0	0	0	1	0	0	1	6
2013/09/19-07:41:22	65	1,318.426	56.798	1	0	1	7	0	0	0	1	0	0	1	14
2013/09/19-07:41:55	65	1,318.426	56.798	1	0	0	0	0	0	0	1	1	0	0	60
2013/09/19-07:43:14	65	1,318.426	56.798	2	0	0	0	0	0	0	1	1	0	0	60
2013/09/19-07:44:33	65	1,318.426	56.798	2	0	0	0	1	0	1	1	0	0	1	7
2013/09/19-07:44:58	65	1,318.426	56.798	1	0	0	0	0	0	0	1	1	0	0	60
2013/09/19-07:52:56	64	1,335.843	54.68	1	0	1	0	0	0	0	1	0	0	1	3
2013/09/19-07:53:28	64	1,335.843	54.68	1	0	0	0	0	0	1	1	0	0	1	9
2013/09/19-07:54:14	64	1,335.843	54.68	2	0	1	0	0	0	0	1	0	0	1	9
2013/09/19-07:55:16	64	1,335.843	54.68	1	0	0	0	1	0	0	1	1	0	0	24
2013/09/19-07:55:58	64	1,335.843	54.68	2	0	0	0	0	0	1	1	0	0	1	18
2013/09/19-08:09:59	64	1,335.843	54.68	3	0	0	0	1	0	1	1	0	0	1	4
2013/09/19-08:11:18	64	1,335.843	54.68	1	0	0	0	0	0	1	1	0	0	1	3
2013/09/19-08:12:00	64	1,335.843	54.68	1	0	1	0	0	0	0	1	0	0	1	3
2013/09/19-08:12:22	64	1,335.843	54.68	1	0	0	1	0	0	0	1	1	0	0	60
2013/09/19-08:13:41	64	1,335.843	54.68	1	0	1	0	2	0	0	1	0	0	1	3
2013/09/19-10:46:54	63	1,337.21	56.418	1	0	1	0	0	0	0	1	0	0	1	32
2013/09/19-10:47:45	63	1,337.21	56.418	2	0	0	0	0	0	1	1	0	0	1	11
2013/09/19-10:48:50	63	1,337.21	56.418	1	0	0	0	0	0	1	1	0	0	1	3
2013/09/19-10:50:09	63	1,337.21	56.418	1	0	0	0	0	0	1	1	0	0	1	12
2013/09/19-10:50:39	63	1,337.21	56.418	1	0	0	0	0	0	1	1	0	0	1	9
2013/09/19-10:57:12	63	1,337.21	56.418	2	0	0	0	0	0	1	1	0	0	1	29
2013/09/19-10:58:00	63	1,337.21	56.418	1	0	0	0	1	0	1	1	0	0	1	3
2013/09/19-10:58:22	63	1,337.21	56.418	2	0	0	0	0	0	0	1	1	0	0	60
2013/09/19-10:59:41	63	1,337.21	56.418	2	0	1	0	1	0	0	1	1	0	0	6
2013/09/19-11:00:06	63	1,337.21	56.418	1	0	1	0	2	0	0	1	0	0	1	6
2013/09/19-11:11:17	62	1,341.939	53.528	4	0	0	8	0	0	0	1	0	0	1	60
2013/09/19-11:12:36	62	1,341.939	53.528	0	0	1	0	0	0	0	1	0	0	1	3
2013/09/19-11:13:01	62	1,341.939	53.528	2	0	0	0	0	0	1	1	0	0	1	3
2013/09/19-11:14:20	62	1,341.939	53.528	1	0	0	0	0	0	0	1	0	1	0	60
2013/09/19-11:15:39	62	1,341.939	53.528	1	0	0	0	0	0	1	1	0	0	1	3
2013/09/19-15:33:31	62	1,335.584	56.682	1	0	1	0	1	0	0	1	0	0	1	3
2013/09/19-15:33:54	62	1,335.584	56.682	1	0	0	11	0	0	0	1	1	0	0	60
2013/09/19-15:35:13	62	1,335.584	56.682	2	0	0	1	0	0	0	1	1	0	0	23
2013/09/19-15:35:55	62	1,335.584	56.682	1	0	0	0	1	0	0	1	1	0	0	54
2013/09/19-15:37:08	62	1,335.584	56.682	3	0	0	0	0	0	1	1	0	0	1	3
2013/09/19-15:47:28	62	1,335.584	56.682	3	0	0	0	1	0	0	1	1	0	0	31
2013/09/19-15:48:18	62	1,335.584	56.682	1	0	1	0	0	0	0	1	0	0	1	5
2013/09/19-15:49:29	62	1,335.584	56.682	2	0	0	0	0	0	1	1	0	0	1	4
2013/09/19-15:50:48	62	1,335.584	56.682	2	0	0	0	0	0	0	1	1	0	0	60
2013/09/19-15:52:07	62	1,335.584	56.682	1	0	0	0	0	0	1	1	0	0	1	22
2013/09/19-15:59:38	63	1,339.895	52.659	2	0	0	0	0	0	1	1	0	0	1	6
2013/09/19-16:00:05	63	1,339.895	52.659	1	0	0	0	0	0	1	1	0	0	1	6
2013/09/19-16:00:30	63	1,339.895	52.659	1	0	0	0	0	0	1	1	0	0	1	4
2013/09/19-16:00:58	63	1,339.895	52.659	1	0	0	0	0	0	1	1	0	0	1	3
2013/09/19-16:02:17	63	1,339.895	52.659	5	0	0	0	0	0	1	1	0	0	1	54
2013/09/19-19:49:02	63	1,337.34	56.619	0	0	1	0	0	0	0	1	0	0	1	3
2013/09/19-19:49:42	63	1,337.34	56.619	3	0	0	0	0	0	1	1	0	0	1	39
2013/09/19-19:50:41	63	1,337.34	56.619	1	0	0	0	0	0	0	1	1	0	0	60
2013/09/19-19:52:00	63	1,337.34	56.619	1	0	0	0	0	0	0	1	1	0	0	60
2013/09/19-19:53:19	63	1,337.34	56.619	2	0	0	0	0	0	0	1	1	0	0	60
2013/09/19-20:07:28	62	1,348.818	54.666	0	0	1	0	0	0	0	1	0	0	1	4
2013/09/19-20:08:47	62	1,348.818	54.666	1	0	0	0	0	0	1	1	0	0	1	3
2013/09/19-20:09:12	62	1,348.818	54.666	0	0	0	1	0	0	0	1	0	0	1	60
2013/09/19-20:10:31	62	1,348.818	54.666	0	0	1	0	0	0	0	1	0	0	1	6
2013/09/19-20:11:18	62	1,348.818	54.666	1	0	0	0	0	0	1	1	0	0	1	4
2013/09/19-20:17:14	62	1,348.818	54.666	3	0	0	0	0	0	1	1	0	0	1	9
2013/09/19-20:17:43	62	1,348.818	54.666	1	0	0	0	1	0	1	1	0	0	1	3
2013/09/19-20:18:05	62	1,348.818	54.666	3	0	1	0	0	0	0	1	0	0	1	40
2013/09/19-20:19:05	62	1,348.818	54.666	1	0	0	0	0	0	1	1	0	0	1	3
2013/09/19-20:19:27	62	1,348.818	54.666	0	0	0	0	0	0	0	1	1	0	0	6
2013/09/20-01:19:32	63	1,350.342	56.898	2	0	1	0	0	0	0	1	0	0	1	9
2013/09/20-01:20:25	63	1,350.342	56.898	1	0	1	0	0	0	0	1	0	0	1	4
2013/09/20-01:20:51	63	1,350.342	56.898	1	0	0	0	0	0	1	1	0	0	1	3
2013/09/20-01:21:18	63	1,350.342	56.898	2	0	1	0	0	0	0	1	0	0	1	8
2013/09/20-01:21:45	63	1,350.342	56.898	1	0	1	0	0	0	0	1	0	0	1	3
2013/09/20-01:35:03	64	1,331.646	54.876	1	0	0	1	0	0	0	1	1	0	0	27
2013/09/20-01:35:49	64	1,331.646	54.876	0	0	0	0	0	0	0	1	1	0	0	21
2013/09/20-01:36:29	64	1,331.646	54.876	1	0	0	0	0	0	1	1	0	0	1	4
2013/09/20-01:37:08	64	1,331.646	54.876	1	0	0	0	0	0	0	1	1	0	0	6
2013/09/20-01:37:33	64	1,331.646	54.876	1	0	0	0	0	0	1	1	0	0	1	3
2013/09/20-01:46:44	64	1,331.646	54.876	1	0	1	0	1	0	0	1	0	0	1	3
2013/09/20-01:47:18	64	1,331.646	54.876	1	0	1	0	0	0	0	1	0	0	1	3
2013/09/20-01:47:40	64	1,331.646	54.876	1	0	1	0	0	0	0	1	0	0	1	3
2013/09/20-01:48:02	64	1,331.646	54.876	0	0	1	0	0	0	0	1	0	0	1	10
2013/09/20-01:48:54	64	1,331.646	54.876	1	0	1	0	0	0	0	1	0	0	1	3
2013/09/20-05:53:37	67	1,316.555	58.975	2	0	0	0	0	0	1	1	0	0	1	9
2013/09/20-05:54:57	67	1,316.555	58.975	3	0	1	0	1	0	0	1	0	0	1	10
2013/09/20-05:55:31	67	1,316.555	58.975	1	0	1	0	0	0	0	1	0	0	1	6
2013/09/20-05:56:50	67	1,316.555	58.975	2	0	0	0	0	0	1	1	0	0	1	8
2013/09/20-05:58:09	67	1,316.555	58.975	1	0	1	0	0	0	0	1	0	0	1	3
2013/09/20-06:15:31	67	1,320.615	58.025	3	0	0	0	1	0	0	1	1	0	0	37
2013/09/20-06:16:27	67	1,320.615	58.025	1	0	1	0	1	0	0	1	0	0	1	3
2013/09/20-06:16:49	67	1,320.615	58.025	1	0	0	0	0	0	0	1	1	0	0	60
2013/09/20-06:18:08	67	1,320.615	58.025	1	0	1	0	0	0	0	1	0	0	1	9
2013/09/20-06:18:35	67	1,320.615	58.025	3	0	0	0	0	0	1	1	0	0	1	10
2013/09/20-06:33:15	67	1,320.615	58.025	2	0	1	0	0	0	0	1	0	0	1	35
2013/09/20-06:34:09	67	1,320.615	58.025	2	0	1	0	0	0	0	1	0	0	1	10
2013/09/20-06:34:38	67	1,320.615	58.025	3	0	0	0	0	0	1	1	0	0	1	3
2013/09/20-06:35:57	67	1,320.615	58.025	1	0	1	0	0	0	0	1	0	0	1	3
2013/09/20-06:36:51	67	1,320.615	58.025	2	0	0	0	0	0	1	1	0	0	1	16
2013/09/20-10:17:54	68	1,320.486	60.423	0	0	1	0	0	0	0	1	0	0	1	8
2013/09/20-10:19:13	68	1,320.486	60.423	2	0	0	0	0	0	1	1	0	0	1	4
2013/09/20-10:19:48	68	1,320.486	60.423	1	0	0	0	1	0	0	1	1	0	0	60
2013/09/20-10:21:07	68	1,320.486	60.423	1	0	1	0	0	0	0	1	0	0	1	3
2013/09/20-10:21:42	68	1,320.486	60.423	1	0	0	0	1	0	1	1	0	0	1	3
2013/09/20-10:29:40	68	1,320.486	60.423	2	0	0	0	0	0	1	1	0	0	1	4
2013/09/20-10:30:23	68	1,320.486	60.423	1	0	1	0	0	0	0	1	0	0	1	3
2013/09/20-10:30:45	68	1,320.486	60.423	0	0	0	0	0	0	0	1	1	0	0	60
2013/09/20-10:32:04	68	1,320.486	60.423	1	0	0	0	0	0	1	1	0	0	1	3
2013/09/20-10:32:29	68	1,320.486	60.423	1	0	0	0	0	0	1	1	0	0	1	3
2013/09/20-10:41:51	68	1,320.486	60.423	2	0	0	0	0	0	0	1	1	0	0	9
2013/09/20-10:42:19	68	1,320.486	60.423	1	0	1	0	0	0	0	1	0	0	1	3
2013/09/20-10:42:45	68	1,320.486	60.423	2	0	0	0	0	0	0	1	1	0	0	41
2013/09/20-10:43:46	68	1,320.486	60.423	1	0	0	0	1	0	1	1	0	0	1	3
2013/09/20-10:44:08	68	1,320.486	60.423	1	0	0	0	0	0	1	1	0	0	1	3
2013/09/20-16:27:51	67	1,320.601	60.629	2	0	0	0	0	0	1	1	0	0	1	54
2013/09/20-16:29:11	67	1,320.601	60.629	1	0	1	0	0	0	0	1	0	0	1	18
2013/09/20-16:30:25	67	1,320.601	60.629	1	0	0	1	0	0	0	1	0	0	1	60
2013/09/20-16:31:44	67	1,320.601	60.629	3	0	1	0	1	0	0	1	1	0	0	27
2013/09/20-16:32:30	67	1,320.601	60.629	2	0	0	0	1	0	1	1	0	0	1	7
2013/09/20-16:39:39	67	1,320.601	60.629	1	0	1	0	0	0	0	1	0	0	1	3
2013/09/20-16:40:15	67	1,320.601	60.629	1	0	1	0	1	0	0	1	0	0	1	6
2013/09/20-16:40:42	67	1,320.601	60.629	1	0	1	0	0	0	0	1	0	0	1	13
2013/09/20-16:41:22	68	1,330.216	57.117	1	0	1	0	0	0	0	1	0	0	1	4
2013/09/20-16:42:12	68	1,330.216	57.117	1	0	1	0	0	0	0	1	0	0	1	3
2013/09/20-16:53:04	68	1,330.216	57.117	1	0	1	0	0	0	0	1	0	0	1	3
2013/09/20-16:53:28	68	1,330.216	57.117	1	0	1	0	0	0	0	1	0	0	1	6
2013/09/20-16:53:53	68	1,330.216	57.117	2	0	1	1	0	0	0	1	0	0	1	47
2013/09/20-16:55:12	68	1,330.216	57.117	3	0	0	0	0	0	1	1	0	0	1	4
2013/09/20-16:56:05	68	1,330.216	57.117	4	0	0	0	0	0	1	1	0	0	1	10
2013/09/20-20:21:18	68	1,315.832	60.053	1	0	0	0	1	0	0	1	1	0	0	14
2013/09/20-20:21:52	68	1,315.832	60.053	1	0	0	0	0	0	0	1	1	0	0	6
2013/09/20-20:22:16	68	1,315.832	60.053	0	0	1	0	0	0	0	1	0	0	1	3
2013/09/20-20:22:38	68	1,315.832	60.053	1	0	0	0	0	0	0	1	1	0	0	9
2013/09/20-20:23:06	68	1,315.832	60.053	1	0	0	0	1	0	0	1	1	0	0	6
2013/09/20-20:35:35	68	1,333.354	57.344	0	0	1	0	0	0	0	1	0	0	1	4
2013/09/20-20:36:05	68	1,333.354	57.344	2	0	0	0	0	0	0	1	1	0	0	60
2013/09/20-20:37:24	68	1,333.354	57.344	0	0	0	0	0	0	0	1	1	0	0	57
2013/09/20-20:38:40	68	1,333.354	57.344	1	0	0	0	0	0	0	1	1	0	0	60
2013/09/20-20:40:00	68	1,333.354	57.344	2	0	0	0	0	0	1	1	0	0	1	7
2013/09/20-20:49:58	68	1,333.354	57.344	2	0	1	0	2	0	0	1	0	0	1	9
2013/09/20-20:50:25	68	1,333.354	57.344	1	0	0	0	0	0	1	1	0	0	1	9
2013/09/20-20:50:54	67	1,339.445	53.911	2	0	1	0	0	0	0	1	0	0	1	8
2013/09/20-20:51:24	67	1,339.445	53.911	1	0	0	0	0	0	0	1	1	0	0	15
2013/09/20-20:51:59	67	1,339.445	53.911	1	0	0	0	0	0	1	1	0	0	1	4
2013/12/27-13:33:00	77	1,344.823	71.428	2	0	0	0	0	0	1	1	0	0	1	18
2013/12/27-13:33:37	77	1,344.823	71.428	1	0	0	1	0	0	1	1	0	0	1	35
2013/12/27-13:34:34	77	1,344.823	71.428	1	0	0	0	0	0	1	1	0	0	1	3
2013/12/27-13:35:04	77	1,344.823	71.428	1	0	0	0	0	0	1	1	0	0	1	3
2013/12/27-13:35:29	77	1,344.823	71.428	1	0	1	0	0	0	0	1	0	0	1	3
2013/12/27-13:46:14	80	1,317.663	66.696	1	0	1	0	0	0	0	1	0	0	1	3
2013/12/27-13:46:56	80	1,317.663	66.696	0	0	0	0	0	0	0	1	0	0	1	60
2013/12/27-13:48:15	80	1,317.663	66.696	1	0	0	0	0	0	0	1	1	0	0	7
2013/12/27-13:48:41	80	1,317.663	66.696	1	0	0	0	0	0	1	1	0	0	1	3
2013/12/27-13:49:04	80	1,317.663	66.696	1	0	1	0	0	0	0	1	0	0	1	3
2013/12/27-14:04:09	80	1,317.663	66.696	1	0	1	0	2	0	0	1	1	0	0	6
2013/12/27-14:04:34	80	1,317.663	66.696	2	0	0	0	1	0	0	1	1	0	0	60
2013/12/27-14:05:53	80	1,317.663	66.696	0	0	0	0	0	0	0	1	1	0	0	60
2013/12/27-14:07:12	80	1,317.663	66.696	2	0	0	0	0	0	0	1	1	0	0	60
2013/12/27-14:08:31	80	1,317.663	66.696	1	0	1	0	0	0	0	1	0	0	1	6
