2013/09/02-16:38:25	61	1,500	350.775	0	0	1	0	0	0	0	1	0	0	1	6
2013/09/02-16:39:05	61	1,500	350.775	0	0	1	0	0	0	0	1	0	0	1	6
2013/09/02-16:39:30	61	1,500	350.775	0	0	1	0	0	0	0	1	0	0	1	6
2013/09/02-16:40:05	61	1,500	350.775	0	0	1	0	0	0	0	1	0	0	1	6
2013/09/02-16:40:38	61	1,500	350.775	0	0	1	0	0	0	0	1	0	0	1	6
2013/09/02-16:41:49	61	1,500	350.775	0	0	1	0	0	0	0	1	0	1	0	6
2013/09/02-16:42:20	61	1,500	350.775	0	0	1	0	0	0	0	1	0	1	0	6
2013/09/02-16:42:52	61	1,500	350.775	0	0	1	0	0	0	0	1	0	0	1	6
2013/09/02-16:53:26	61	1,500	350.775	0	0	1	0	0	0	0	1	0	0	1	4
2013/09/02-16:53:51	61	1,500	350.775	0	0	1	0	0	0	0	1	0	0	1	6
2013/09/02-16:54:32	61	1,500	350.775	0	0	1	0	0	0	0	1	0	0	1	6
2013/09/02-16:55:42	61	1,500	350.775	0	0	1	0	0	0	0	1	0	0	1	6
2013/09/02-16:56:22	61	1,500	350.775	0	0	1	0	0	0	0	1	0	0	1	6
2013/09/02-17:12:09	84	667.151	247.115	0	0	1	0	0	0	0	1	0	0	1	6
2013/09/02-17:12:34	84	667.151	247.115	0	0	1	0	0	0	0	1	0	0	1	6
2013/09/02-17:12:59	84	667.151	247.115	0	0	1	0	0	0	0	1	0	0	1	4
2013/09/02-17:13:25	84	667.151	247.115	0	0	1	0	0	0	0	1	0	0	1	6
2013/09/02-17:13:50	84	667.151	247.115	0	0	1	0	0	0	0	1	0	0	1	8
2013/09/02-18:35:06	83	705.662	203.695	0	0	1	0	0	0	0	1	0	0	1	6
2013/09/02-18:35:32	83	705.662	203.695	0	0	1	0	0	0	0	1	0	0	1	6
2013/09/02-18:36:38	83	705.662	203.695	0	0	1	0	0	0	0	1	0	0	1	3
2013/09/02-18:37:22	83	705.662	203.695	0	0	1	0	0	0	0	1	0	0	1	3
2013/09/02-18:37:50	83	705.662	203.695	0	0	1	0	0	0	0	1	0	0	1	6
2013/09/02-18:43:20	83	705.662	203.695	0	0	0	0	0	0	0	1	1	0	0	6
2013/09/02-18:43:45	83	705.662	203.695	0	0	1	0	0	0	0	1	0	0	1	6
2013/09/02-18:44:09	83	705.662	203.695	0	0	1	0	0	0	0	1	0	0	1	6
2013/09/02-18:44:34	83	705.662	203.695	0	0	1	0	0	0	0	1	0	0	1	6
2013/09/02-18:44:56	83	705.662	203.695	0	0	1	0	0	0	0	1	0	1	0	6
2013/09/02-18:45:27	83	705.662	203.695	0	0	0	0	0	0	0	1	1	0	0	6
2013/09/02-18:59:37	84	695.523	162.869	0	0	1	0	0	0	0	1	0	0	1	6
2013/09/02-19:00:02	84	695.523	162.869	0	0	1	0	0	0	0	1	0	0	1	6
2013/09/02-19:00:27	84	695.523	162.869	0	0	1	0	0	0	0	1	0	0	1	6
2013/09/02-19:00:52	84	695.523	162.869	0	0	1	0	0	0	0	1	0	0	1	6
2013/09/02-19:01:17	84	695.523	162.869	0	0	1	0	0	0	0	1	0	0	1	6
2013/09/03-16:32:08	84	686.968	149.106	0	0	1	0	0	0	0	1	0	0	1	6
2013/09/03-16:32:33	84	686.968	149.106	0	0	1	0	0	0	0	1	0	0	1	5
2013/09/03-16:32:58	84	686.968	149.106	0	0	1	0	0	0	0	1	0	0	1	3
2013/09/03-16:33:23	84	686.968	149.106	0	0	1	0	0	0	0	1	0	0	1	6
2013/09/03-16:33:54	84	686.968	149.106	0	0	1	0	0	0	0	1	0	0	1	6
2013/09/03-16:36:48	84	686.968	149.106	0	0	0	0	0	0	0	1	1	0	0	3
2013/09/03-16:37:10	84	686.968	149.106	0	0	1	0	0	0	0	1	0	0	1	6
2013/09/03-16:37:35	84	686.968	149.106	0	0	0	0	0	0	0	1	1	0	0	3
2013/09/03-16:37:57	84	686.968	149.106	0	0	1	0	0	0	0	1	0	0	1	6
2013/09/03-16:38:22	84	686.968	149.106	0	0	0	0	0	0	0	1	1	0	0	6
2013/09/03-16:46:40	84	686.968	149.106	0	0	1	0	0	0	0	1	0	0	1	6
2013/09/03-16:47:05	84	686.968	149.106	0	0	1	0	0	0	0	1	0	0	1	6
2013/09/03-16:47:30	84	686.968	149.106	0	0	1	0	0	0	0	1	0	0	1	6
2013/09/03-16:47:55	84	686.968	149.106	0	0	0	0	0	0	0	1	1	0	0	6
2013/09/03-16:48:20	84	686.968	149.106	0	0	1	0	0	0	0	1	0	0	1	6
2013/09/03-21:18:19	83	783.317	117.055	0	0	1	0	0	0	0	1	0	0	1	6
2013/09/03-21:18:44	83	783.317	117.055	0	0	0	0	0	0	0	1	1	0	0	6
2013/09/03-21:19:08	83	783.317	117.055	0	0	1	0	0	0	0	1	0	0	1	3
2013/09/03-21:19:33	83	783.317	117.055	0	0	0	0	0	0	0	1	1	0	0	6
2013/09/03-21:19:58	83	783.317	117.055	0	0	1	0	0	0	0	1	0	0	1	6
2013/09/03-21:29:11	81	866.414	104.846	0	0	1	0	0	0	0	1	0	0	1	6
2013/09/03-21:29:36	81	866.414	104.846	0	0	1	0	0	0	0	1	0	0	1	6
2013/09/03-21:30:10	81	866.414	104.846	0	0	1	0	0	0	0	1	1	0	0	5
2013/09/03-21:30:34	81	866.414	104.846	0	0	1	0	0	0	0	1	0	0	1	6
2013/09/03-21:30:59	81	866.414	104.846	0	0	1	0	0	0	0	1	0	0	1	5
2013/09/03-21:35:41	81	866.414	104.846	0	0	1	0	0	0	0	1	0	0	1	6
2013/09/03-21:36:06	81	866.414	104.846	0	0	1	0	0	0	0	1	0	0	1	3
2013/09/03-21:36:31	81	866.414	104.846	0	0	1	0	0	0	0	1	0	0	1	3
2013/09/03-21:36:57	81	866.414	104.846	0	0	1	0	0	0	0	1	0	0	1	6
2013/09/03-21:37:22	81	866.414	104.846	0	0	1	0	0	0	0	1	0	0	1	6
2013/09/04-16:18:00	80	910.387	94.075	0	0	1	0	0	0	0	1	0	0	1	6
2013/09/04-16:18:25	80	910.387	94.075	0	0	1	0	0	0	0	1	0	0	1	6
2013/09/04-16:18:50	80	910.387	94.075	0	0	1	0	0	0	0	1	0	0	1	6
2013/09/04-16:19:15	80	910.387	94.075	0	0	1	0	0	0	0	1	0	0	1	4
2013/09/04-16:19:40	80	910.387	94.075	0	0	1	0	0	0	0	1	0	0	1	6
2013/09/04-16:24:32	80	910.387	94.075	0	0	1	0	0	0	0	1	0	0	1	6
2013/09/04-16:24:57	80	924.597	84.843	0	0	0	0	0	0	0	1	1	0	0	6
2013/09/04-16:25:22	80	924.597	84.843	0	0	1	0	0	0	0	1	0	0	1	6
2013/09/04-16:25:47	80	924.597	84.843	0	0	1	0	0	0	0	1	0	0	1	6
2013/09/04-16:26:12	80	924.597	84.843	0	0	1	0	0	0	0	1	0	0	1	6
2013/09/04-16:32:16	80	924.597	84.843	0	0	0	0	0	0	0	1	1	0	0	6
2013/09/04-16:32:41	80	924.597	84.843	0	0	1	0	0	0	0	1	0	0	1	6
2013/09/04-16:33:06	80	924.597	84.843	0	0	1	0	0	0	0	1	0	0	1	6
2013/09/04-16:33:31	80	924.597	84.843	0	0	1	0	0	0	0	1	0	0	1	6
2013/09/04-16:33:56	80	924.597	84.843	0	0	1	0	0	0	0	1	0	0	1	6
2013/09/04-22:55:07	80	930.583	80.269	0	0	1	0	0	0	0	1	0	0	1	4
2013/09/04-22:56:02	80	930.583	80.269	0	0	1	0	0	0	0	1	0	0	1	3
2013/09/04-22:56:27	80	930.583	80.269	0	0	1	0	0	0	0	1	0	0	1	6
2013/09/04-22:56:52	80	930.583	80.269	0	0	1	0	0	0	0	1	0	0	1	6
2013/09/04-22:57:17	80	930.583	80.269	0	0	1	0	0	0	0	1	0	0	1	6
2013/09/04-23:03:28	80	930.583	80.269	0	0	1	0	0	0	0	1	0	0	1	6
2013/09/04-23:03:53	80	930.583	80.269	0	0	1	0	0	0	0	1	0	0	1	6
2013/09/04-23:04:18	80	930.583	80.269	0	0	0	0	0	0	0	1	1	0	0	6
2013/09/04-23:04:42	80	930.583	80.269	0	0	1	0	0	0	0	1	0	0	1	3
2013/09/04-23:05:07	80	930.583	80.269	0	0	1	0	0	0	0	1	0	0	1	6
2013/09/04-23:11:37	80	899.835	70.873	0	0	1	0	0	0	0	1	0	0	1	6
2013/09/04-23:12:02	80	899.835	70.873	0	0	1	0	0	0	0	1	0	0	1	6
2013/09/04-23:12:27	80	899.835	70.873	0	0	1	0	0	0	0	1	0	0	1	6
2013/09/04-23:12:52	80	899.835	70.873	0	0	1	0	0	0	0	1	0	0	1	6
2013/09/04-23:13:17	80	899.835	70.873	0	0	1	0	0	0	0	1	0	0	1	6
2013/09/05-04:04:55	82	900.281	73.118	0	0	1	0	0	0	0	1	0	0	1	3
2013/09/05-04:05:27	82	900.281	73.118	0	0	1	0	0	0	0	1	0	0	1	6
2013/09/05-04:05:59	82	900.281	73.118	0	0	1	0	0	0	0	1	0	0	1	6
2013/09/05-04:06:41	82	900.281	73.118	0	0	1	0	0	0	0	1	0	0	1	5
2013/09/05-04:07:06	82	900.281	73.118	0	0	1	0	0	0	0	1	0	0	1	6
2013/09/05-04:14:09	82	900.281	73.118	0	0	1	0	0	0	0	1	0	0	1	6
2013/09/05-04:14:34	82	900.281	73.118	0	0	1	0	0	0	0	1	0	0	1	6
2013/09/05-04:14:59	82	900.281	73.118	0	0	0	0	0	0	0	1	1	0	0	6
2013/09/05-04:15:23	82	900.281	73.118	0	0	1	0	0	0	0	1	0	0	1	6
2013/09/05-04:15:48	82	900.281	73.118	0	0	1	0	0	0	0	1	0	0	1	6
2013/09/05-04:27:10	84	907.457	67.728	0	0	1	0	0	0	0	1	0	1	0	3
2013/09/05-04:27:32	84	907.457	67.728	0	0	0	0	0	0	0	1	1	0	0	4
2013/09/05-04:27:55	84	907.457	67.728	0	0	0	0	0	0	0	1	1	0	0	3
2013/09/05-04:28:17	84	907.457	67.728	0	0	0	0	0	0	0	1	1	0	0	3
2013/09/05-04:28:38	84	907.457	67.728	0	0	1	0	0	0	0	1	0	0	1	6
2013/09/06-01:47:10	85	890.709	70.815	0	0	1	0	0	0	0	1	0	0	1	6
2013/09/06-01:47:35	85	890.709	70.815	0	0	1	0	0	0	0	1	0	0	1	6
2013/09/06-01:48:11	85	890.709	70.815	0	0	1	0	0	0	0	1	0	0	1	6
2013/09/06-01:49:07	85	890.709	70.815	0	0	1	0	0	0	0	1	0	0	1	6
2013/09/06-01:49:32	85	890.709	70.815	0	0	1	0	0	0	0	1	0	0	1	6
2013/09/06-01:58:03	85	890.709	70.815	0	0	1	0	0	0	0	1	0	0	1	6
2013/09/06-01:58:28	85	890.709	70.815	0	0	1	0	0	0	0	1	0	0	1	6
2013/09/06-01:58:53	85	890.709	70.815	0	0	1	0	0	0	0	1	0	0	1	6
2013/09/06-01:59:18	85	890.709	70.815	0	0	1	0	0	0	0	1	0	0	1	6
2013/09/06-01:59:42	85	890.709	70.815	0	0	1	0	0	0	0	1	0	0	1	6
2013/09/08-11:43:13	85	922.573	73.562	0	0	1	0	0	0	0	1	0	0	1	7
2013/09/08-11:43:58	85	922.573	73.562	0	0	1	0	0	0	0	1	0	0	1	0
2013/09/08-12:11:53	85	922.573	73.562	0	0	1	0	0	0	0	1	0	0	1	6
2013/09/08-14:20:04	83	930.445	71.926	0	0	1	0	0	0	0	1	0	0	1	7
2013/09/08-14:29:45	83	930.445	71.926	0	0	1	0	0	0	0	1	0	0	1	7
2013/09/08-15:25:01	83	930.445	71.926	0	0	1	0	0	0	0	1	0	0	1	7
2013/09/08-15:25:26	83	930.445	71.926	0	0	1	0	0	0	0	1	0	0	1	6
2013/09/08-15:25:52	83	930.445	71.926	0	0	1	0	0	0	0	1	0	0	1	6
2013/09/08-15:26:17	83	930.445	71.926	0	0	1	0	0	0	0	1	0	0	1	7
2013/09/08-15:26:43	83	930.445	71.926	0	0	1	0	0	0	0	1	0	0	1	8
2013/09/08-17:17:56	83	930.445	71.926	0	0	1	0	0	0	0	1	0	0	1	6
2013/09/08-17:27:40	83	930.445	71.926	0	0	1	0	0	0	0	1	0	0	1	8
2013/09/08-17:28:07	83	930.445	71.926	0	0	1	0	0	0	0	1	0	0	1	7
2013/09/08-17:28:57	83	930.445	71.926	0	0	1	0	0	0	0	1	0	0	1	7
2013/09/08-17:29:55	83	930.445	71.926	0	0	1	0	0	0	0	1	0	0	1	8
2013/09/09-22:08:27	83	902.341	69.718	0	0	1	0	0	0	0	1	0	0	1	10
2013/09/09-22:08:58	83	902.341	69.718	0	0	1	0	0	0	0	1	0	0	1	7
2013/09/09-22:09:43	83	902.341	69.718	0	0	1	0	0	0	0	1	0	0	1	9
2013/09/09-22:10:13	83	902.341	69.718	0	0	1	0	0	0	0	1	0	0	1	6
2013/09/09-22:10:44	83	902.341	69.718	0	0	1	0	0	0	0	1	0	0	1	7
2013/09/09-22:14:10	83	902.341	69.718	0	0	0	0	0	0	0	1	1	0	0	6
2013/09/09-22:14:35	83	902.341	69.718	0	0	0	0	0	0	0	1	1	0	0	6
2013/09/09-22:15:00	83	902.341	69.718	0	0	1	0	0	0	0	1	0	0	1	6
2013/09/09-22:15:25	83	902.341	69.718	0	0	0	0	0	0	0	1	1	0	0	6
2013/09/09-22:15:50	83	902.341	69.718	0	0	0	0	0	0	0	1	1	0	0	6
2013/09/09-22:30:40	83	909.737	63.895	0	0	1	0	0	0	0	1	0	0	1	6
2013/09/09-22:31:05	83	909.737	63.895	0	0	0	0	0	0	0	1	1	0	0	6
2013/09/09-22:31:30	83	909.737	63.895	0	0	0	0	0	0	0	1	1	0	0	6
2013/09/09-22:31:55	83	909.737	63.895	0	0	0	0	0	0	0	1	1	0	0	6
2013/09/09-22:32:20	83	909.737	63.895	0	0	0	0	0	0	0	1	1	0	0	6
2013/09/11-14:34:00	79	946.813	73.583	0	0	1	0	0	0	0	1	0	0	1	10
2013/09/11-14:34:29	79	946.813	73.583	0	0	1	0	0	0	0	1	0	0	1	7
2013/09/11-14:34:54	79	946.813	73.583	0	0	1	0	0	0	0	1	0	0	1	7
2013/09/11-14:35:20	79	946.813	73.583	0	0	1	0	0	0	0	1	0	0	1	6
2013/09/11-14:35:48	79	946.813	73.583	0	0	0	0	0	0	0	1	1	0	0	7
2013/09/11-14:41:43	79	946.813	73.583	0	0	1	0	0	0	0	1	0	0	1	8
2013/09/11-14:42:26	79	946.813	73.583	0	0	1	0	0	0	0	1	0	0	1	6
2013/09/11-14:43:03	79	946.813	73.583	0	0	1	0	0	0	0	1	0	0	1	6
2013/09/11-14:43:32	79	946.813	73.583	0	0	1	0	0	0	0	1	0	0	1	6
2013/09/11-14:44:04	79	946.813	73.583	0	0	1	0	0	0	0	1	0	0	1	7
2013/09/11-14:55:44	78	957.081	66.276	0	0	1	0	0	0	0	1	0	0	1	7
2013/09/11-14:56:39	78	957.081	66.276	0	0	1	0	0	0	0	1	0	0	1	7
2013/09/11-14:57:08	78	957.081	66.276	0	0	1	0	0	0	0	1	0	0	1	7
2013/09/11-14:57:57	78	957.081	66.276	0	0	1	0	0	0	0	1	0	0	1	6
2013/09/11-14:58:27	78	957.081	66.276	0	0	1	0	0	0	0	1	0	0	1	6
2013/09/12-08:31:16	78	941.793	68.347	0	0	1	0	0	0	0	1	0	0	1	6
2013/09/12-08:31:58	78	941.793	68.347	0	0	1	0	0	0	0	1	0	0	1	10
2013/09/12-08:32:34	78	941.793	68.347	0	0	1	0	0	0	0	1	0	0	1	7
2013/09/12-08:32:59	78	941.793	68.347	0	0	1	0	0	0	0	1	0	0	1	7
2013/09/12-08:33:26	78	941.793	68.347	0	0	1	0	0	0	0	1	0	0	1	8
2013/09/12-08:44:49	77	955.843	64.682	0	0	0	0	0	0	0	1	1	0	0	6
2013/09/12-08:45:14	77	955.843	64.682	0	0	0	0	0	0	0	1	1	0	0	6
2013/09/12-08:45:39	77	955.843	64.682	0	0	0	0	0	0	0	1	1	0	0	6
2013/09/12-08:46:04	77	955.843	64.682	0	0	0	0	0	0	0	1	1	0	0	6
2013/09/12-08:46:29	77	955.843	64.682	0	0	0	0	0	0	0	1	1	0	0	6
2013/09/12-09:00:14	77	955.843	64.682	0	0	1	0	0	0	0	1	0	0	1	9
2013/09/12-09:00:42	77	955.843	64.682	0	0	1	0	0	0	0	1	0	0	1	6
2013/09/12-09:01:07	77	955.843	64.682	0	0	0	0	0	0	0	1	1	0	0	6
2013/09/12-09:01:32	77	955.843	64.682	0	0	0	0	0	0	0	1	1	0	0	6
2013/09/12-09:01:57	77	955.843	64.682	0	0	1	0	0	0	0	1	0	0	1	7
2013/09/13-21:06:29	74	1,040.034	75.848	0	0	1	0	0	0	0	1	0	0	1	7
2013/09/13-21:06:55	74	1,040.034	75.848	0	0	1	0	0	0	0	1	0	0	1	7
2013/09/13-21:07:21	74	1,040.034	75.848	0	0	1	0	0	0	0	1	0	0	1	7
2013/09/13-21:07:46	74	1,040.034	75.848	0	0	1	0	0	0	0	1	0	0	1	6
2013/09/13-21:08:11	74	1,040.034	75.848	0	0	1	0	0	0	0	1	0	0	1	7
2013/09/13-21:19:51	74	1,040.034	75.848	0	0	1	0	0	0	0	1	0	0	1	8
2013/09/13-21:20:20	74	1,040.034	75.848	0	0	1	0	0	0	0	1	0	0	1	6
2013/09/13-21:20:46	74	1,075.87	69.272	0	0	1	0	0	0	0	1	0	0	1	7
2013/09/13-21:21:15	74	1,075.87	69.272	0	0	1	0	0	0	0	1	0	0	1	7
2013/09/13-21:21:41	74	1,075.87	69.272	0	0	1	0	0	0	0	1	0	0	1	8
2013/09/13-21:30:32	74	1,075.87	69.272	0	0	1	0	0	0	0	1	0	0	1	7
2013/09/13-21:31:00	74	1,075.87	69.272	0	0	1	0	0	0	0	1	0	0	1	6
2013/09/13-21:31:32	74	1,075.87	69.272	0	0	1	0	0	0	0	1	0	0	1	6
2013/09/13-21:32:05	74	1,075.87	69.272	0	0	1	0	0	0	0	1	0	0	1	6
2013/09/13-21:32:33	74	1,075.87	69.272	0	0	1	0	0	0	0	1	0	0	1	7
2013/09/13-22:52:44	74	1,075.87	69.272	0	0	1	0	0	0	0	1	0	0	1	8
2013/09/13-22:54:03	74	1,075.87	69.272	0	0	1	0	0	0	0	1	0	0	1	7
2013/09/13-22:55:14	74	1,075.87	69.272	0	0	1	0	0	0	0	1	0	0	1	6
2013/09/13-22:56:33	74	1,056.245	62.993	0	0	1	0	0	0	0	1	0	0	1	8
2013/09/13-22:57:52	74	1,056.245	62.993	0	0	1	0	0	0	0	1	0	0	1	10
2013/09/13-23:11:26	74	1,056.245	62.993	0	0	1	0	0	0	0	1	0	0	1	6
2013/09/13-23:11:54	74	1,056.245	62.993	0	0	1	0	0	0	0	1	0	0	1	7
2013/09/13-23:13:13	74	1,056.245	62.993	0	0	1	0	0	0	0	1	0	0	1	8
2013/09/13-23:14:04	74	1,056.245	62.993	0	0	1	0	0	0	0	1	0	0	1	11
2013/09/13-23:15:23	74	1,056.245	62.993	0	0	1	0	0	0	0	1	0	0	1	6
2013/09/13-23:33:57	74	1,056.245	62.993	0	0	0	0	0	0	0	1	1	0	0	6
2013/09/13-23:34:22	74	1,056.245	62.993	0	0	0	0	0	0	0	1	1	0	0	6
2013/09/13-23:34:47	74	1,056.245	62.993	0	0	1	0	0	0	0	1	0	0	1	7
2013/09/13-23:35:12	74	1,056.245	62.993	0	0	0	0	0	0	0	1	1	0	0	6
2013/09/13-23:35:37	74	1,074.416	58.911	0	0	0	0	0	0	0	1	1	0	0	6
2013/09/14-01:13:27	74	1,074.416	58.911	0	0	1	0	0	0	0	1	0	0	1	6
2013/09/14-01:14:45	74	1,074.416	58.911	0	0	1	0	0	0	0	1	0	0	1	10
2013/09/14-01:15:35	74	1,074.416	58.911	0	0	1	0	0	0	0	1	0	0	1	6
2013/09/14-01:16:19	74	1,074.416	58.911	0	0	1	0	0	0	0	1	0	0	1	6
2013/09/14-01:17:08	74	1,074.416	58.911	0	0	1	0	0	0	0	1	0	0	1	6
2013/09/14-01:28:54	74	1,086.201	57.866	0	0	1	0	0	0	0	1	0	0	1	8
2013/09/14-01:29:45	74	1,086.201	57.866	0	0	1	0	0	0	0	1	0	0	1	10
2013/09/14-01:30:28	74	1,086.201	57.866	0	0	1	0	0	0	0	1	0	0	1	9
2013/09/14-01:31:21	74	1,086.201	57.866	0	0	1	0	0	0	0	1	0	0	1	7
2013/09/14-01:31:50	74	1,086.201	57.866	0	0	1	0	0	0	0	1	0	0	1	7
2013/09/14-01:45:36	74	1,086.201	57.866	0	0	1	0	0	0	0	1	0	0	1	7
2013/09/14-01:46:02	74	1,086.201	57.866	0	0	1	0	0	0	0	1	0	0	1	7
2013/09/14-01:46:30	74	1,086.201	57.866	0	0	1	0	0	0	0	1	0	0	1	7
2013/09/14-01:47:05	74	1,086.201	57.866	0	0	1	0	0	0	0	1	0	0	1	7
2013/09/14-01:47:33	74	1,086.201	57.866	0	0	1	0	0	0	0	1	0	0	1	7
2013/09/14-03:29:13	74	1,060.415	56.29	0	0	1	0	0	0	0	1	0	0	1	6
2013/09/14-03:30:03	74	1,060.415	56.29	0	0	1	0	0	0	0	1	0	0	1	6
2013/09/14-03:31:22	74	1,060.415	56.29	0	0	1	0	0	0	0	1	0	0	1	7
2013/09/14-03:32:00	74	1,060.415	56.29	0	0	1	0	0	0	0	1	0	0	1	7
2013/09/14-03:32:55	74	1,060.415	56.29	0	0	1	0	0	0	0	1	0	0	1	14
2013/09/14-03:33:46	74	1,060.415	56.29	0	0	1	0	0	0	0	1	0	0	1	6
2013/09/14-03:34:24	74	1,060.415	56.29	0	0	1	0	0	0	0	1	0	0	1	6
2013/09/14-03:34:55	74	1,060.415	56.29	0	0	1	0	0	0	0	1	0	0	1	7
2013/09/14-03:35:58	74	1,060.415	56.29	0	0	1	0	0	0	0	1	0	0	1	8
2013/09/14-03:36:30	74	1,060.415	56.29	0	0	1	0	0	0	0	1	0	0	1	7
2013/09/14-03:54:25	74	1,060.415	56.29	0	0	1	0	0	0	0	1	0	0	1	7
2013/09/14-03:54:50	74	1,060.415	56.29	0	0	1	0	0	0	0	1	0	0	1	6
2013/09/14-03:55:31	74	1,060.415	56.29	0	0	1	0	0	0	0	1	0	0	1	6
2013/09/14-03:56:01	74	1,060.415	56.29	0	0	1	0	0	0	0	1	0	0	1	7
2013/09/14-03:56:27	74	1,065.581	53.043	0	0	1	0	0	0	0	1	0	0	1	7
2013/09/14-06:31:41	74	1,064.055	56.123	0	0	1	0	0	0	0	1	0	0	1	6
2013/09/14-06:32:07	74	1,064.055	56.123	0	0	1	0	0	0	0	1	0	0	1	6
2013/09/14-06:32:36	74	1,064.055	56.123	0	0	1	0	0	0	0	1	0	0	1	6
2013/09/14-06:33:25	74	1,064.055	56.123	0	0	1	0	0	0	0	1	0	0	1	6
2013/09/14-06:34:08	74	1,064.055	56.123	0	0	1	0	0	0	0	1	0	0	1	9
2013/09/14-06:37:32	74	1,064.055	56.123	0	0	1	0	0	0	0	1	0	0	1	9
2013/09/14-06:37:59	74	1,064.055	56.123	0	0	1	0	0	0	0	1	0	0	1	8
2013/09/14-06:38:28	74	1,064.055	56.123	0	0	1	0	0	0	0	1	0	0	1	6
2013/09/14-06:38:53	74	1,064.055	56.123	0	0	1	0	0	0	0	1	0	0	1	9
2013/09/14-06:39:21	74	1,064.055	56.123	0	0	0	0	0	0	0	1	1	0	0	11
2013/09/14-06:54:19	74	1,073.583	53.472	0	0	1	0	0	0	0	1	0	0	1	6
2013/09/14-06:54:58	74	1,073.583	53.472	0	0	1	0	0	0	0	1	0	0	1	6
2013/09/14-06:55:39	74	1,073.583	53.472	0	0	1	0	0	0	0	1	0	0	1	7
2013/09/14-06:56:25	74	1,073.583	53.472	0	0	1	0	0	0	0	1	0	0	1	7
2013/09/14-06:57:05	74	1,073.583	53.472	0	0	1	0	0	0	0	1	0	0	1	8
2013/09/14-12:29:00	74	1,063.968	56.877	0	0	1	0	0	0	0	1	0	0	1	6
2013/09/14-12:29:53	74	1,063.968	56.877	0	0	1	0	0	0	0	1	0	0	1	6
2013/09/14-12:30:30	74	1,063.968	56.877	0	0	1	0	0	0	0	1	0	0	1	6
2013/09/14-12:31:49	74	1,063.968	56.877	0	0	1	0	0	0	0	1	0	0	1	10
2013/09/14-12:32:40	74	1,063.968	56.877	0	0	1	0	0	0	0	1	0	0	1	7
2013/09/14-12:41:48	74	1,061.99	56.148	0	0	1	0	0	0	0	1	0	0	1	6
2013/09/14-12:42:13	74	1,061.99	56.148	0	0	1	0	0	0	0	1	0	0	1	7
2013/09/14-12:42:47	74	1,061.99	56.148	0	0	1	0	0	0	0	1	0	0	1	6
2013/09/14-12:43:18	74	1,061.99	56.148	0	0	1	0	0	0	0	1	0	0	1	13
2013/09/14-12:44:04	74	1,061.99	56.148	0	0	1	0	0	0	0	1	0	0	1	7
2013/09/14-13:00:46	74	1,061.99	56.148	0	0	0	0	0	0	0	1	1	0	0	6
2013/09/14-13:01:10	74	1,061.99	56.148	0	0	1	0	0	0	0	1	0	0	1	7
2013/09/14-13:01:36	74	1,061.99	56.148	0	0	1	0	0	0	0	1	0	0	1	6
2013/09/14-13:02:01	74	1,061.99	56.148	0	0	1	0	0	0	0	1	0	0	1	7
2013/09/14-13:02:26	74	1,061.99	56.148	0	0	0	0	0	0	0	1	1	0	0	6
2013/09/14-16:37:32	74	1,081.181	57.621	0	0	1	0	0	0	0	1	0	0	1	6
2013/09/14-16:38:01	74	1,081.181	57.621	0	0	1	0	0	0	0	1	0	0	1	8
2013/09/14-16:38:27	74	1,081.181	57.621	0	0	1	0	0	0	0	1	0	0	1	6
2013/09/14-16:38:52	74	1,081.181	57.621	0	0	0	0	0	0	0	1	1	0	0	12
2013/09/14-16:39:23	74	1,081.181	57.621	0	0	1	0	0	0	0	1	0	0	1	6
2013/09/14-16:43:11	74	1,081.181	57.621	0	0	1	0	0	0	0	1	0	0	1	8
2013/09/14-16:43:37	74	1,081.181	57.621	0	0	0	0	0	0	0	1	1	0	0	6
2013/09/14-16:44:02	74	1,081.181	57.621	0	0	0	0	0	0	0	1	1	0	0	6
2013/09/14-16:44:27	74	1,081.181	57.621	0	0	1	0	0	0	0	1	0	0	1	7
2013/09/14-16:44:53	74	1,081.181	57.621	0	0	1	0	0	0	0	1	0	0	1	6
2013/09/14-16:56:56	73	1,116.62	54.386	0	0	1	0	0	0	0	1	0	0	1	7
2013/09/14-16:57:22	73	1,116.62	54.386	0	0	1	0	0	0	0	1	0	0	1	7
2013/09/14-16:57:55	73	1,116.62	54.386	0	0	1	0	0	0	0	1	0	0	1	7
2013/09/14-16:58:23	73	1,116.62	54.386	0	0	1	0	0	0	0	1	0	0	1	7
2013/09/14-16:59:02	73	1,116.62	54.386	0	0	1	0	0	0	0	1	0	0	1	8
2013/09/14-20:41:01	73	1,111.495	57.712	0	0	1	0	0	0	0	1	0	0	1	6
2013/09/14-20:41:39	73	1,111.495	57.712	0	0	1	0	0	0	0	1	0	0	1	7
2013/09/14-20:42:58	73	1,111.495	57.712	0	0	1	0	0	0	0	1	0	0	1	8
2013/09/14-20:44:13	73	1,111.495	57.712	0	0	1	0	0	0	0	1	0	0	1	7
2013/09/14-20:45:31	73	1,111.495	57.712	0	0	1	0	0	0	0	1	0	0	1	7
2013/09/14-20:50:55	73	1,111.495	57.712	0	0	1	0	0	0	0	1	0	0	1	9
2013/09/14-20:51:23	73	1,111.495	57.712	0	0	1	0	0	0	0	1	0	0	1	7
2013/09/14-20:51:48	73	1,111.495	57.712	0	0	1	0	0	0	0	1	0	0	1	7
2013/09/14-20:52:14	73	1,111.495	57.712	0	0	1	0	0	0	0	1	0	0	1	6
2013/09/14-20:52:39	73	1,111.495	57.712	0	0	0	0	0	0	0	1	1	0	0	7
2013/09/14-21:08:39	73	1,107.068	55.544	0	0	1	0	0	0	0	1	0	0	1	6
2013/09/14-21:09:33	73	1,107.068	55.544	0	0	1	0	0	0	0	1	0	0	1	7
2013/09/14-21:09:59	73	1,107.068	55.544	0	0	1	0	0	0	0	1	0	0	1	6
2013/09/14-21:11:17	73	1,107.068	55.544	0	0	1	0	0	0	0	1	0	0	1	11
2013/09/14-21:12:36	73	1,107.068	55.544	0	0	1	0	0	0	0	1	0	0	1	6
2013/09/15-09:22:34	73	1,108.574	60.309	0	0	1	0	0	0	0	1	0	0	1	12
2013/09/15-09:23:05	73	1,108.574	60.309	0	0	1	0	0	0	0	1	0	0	1	6
2013/09/15-09:23:45	73	1,108.574	60.309	0	0	1	0	0	0	0	1	0	0	1	7
2013/09/15-09:24:16	73	1,108.574	60.309	0	0	1	0	0	0	0	1	0	0	1	6
2013/09/15-09:24:51	73	1,108.574	60.309	0	0	1	0	0	0	0	1	0	0	1	10
2013/09/15-09:30:27	73	1,108.574	60.309	0	0	0	0	0	0	0	1	1	0	0	6
2013/09/15-09:30:52	73	1,108.574	60.309	0	0	1	0	0	0	0	1	0	0	1	6
2013/09/15-09:31:17	73	1,108.574	60.309	0	0	1	0	0	0	0	1	0	0	1	7
2013/09/15-09:31:43	73	1,108.574	60.309	0	0	1	0	0	0	0	1	0	0	1	6
2013/09/15-09:32:08	73	1,108.574	60.309	0	0	1	0	0	0	0	1	0	0	1	3
2013/09/15-09:49:06	73	1,105.474	56.569	0	0	1	0	0	0	0	1	0	0	1	8
2013/09/15-09:49:32	73	1,105.474	56.569	0	0	1	0	0	0	0	1	0	0	1	7
2013/09/15-09:49:58	73	1,105.474	56.569	0	0	1	0	0	0	0	1	0	0	1	10
2013/09/15-09:50:27	73	1,105.474	56.569	0	0	1	0	0	0	0	1	0	0	1	7
2013/09/15-09:50:53	73	1,105.474	56.569	0	0	1	0	0	0	0	1	0	0	1	6
