2013/09/02-16:34:02	62	1,500	350.775	8	0	0	0	1	0	1	1	0	0	1	42
2013/09/02-16:35:03	62	1,500	350.775	0	0	1	0	0	0	0	1	0	0	1	5
2013/09/02-16:35:37	62	1,500	350.775	0	0	1	1	0	0	0	1	0	0	1	29
2013/09/02-16:36:25	62	1,500	350.775	5	0	1	1	0	0	0	1	0	0	1	46
2013/09/02-16:37:30	62	1,500	350.775	1	0	1	0	0	0	0	1	0	0	1	20
2013/09/02-16:53:26	62	1,500	350.775	0	0	1	0	0	0	0	1	0	0	1	6
2013/09/02-16:53:51	62	1,500	350.775	5	0	1	0	0	0	0	1	0	0	1	22
2013/09/02-16:54:32	62	1,500	350.775	2	0	1	1	0	0	0	1	0	0	1	50
2013/09/02-16:55:42	62	1,500	350.775	4	0	1	0	0	0	0	1	0	0	1	21
2013/09/02-16:56:22	62	1,500	350.775	1	0	1	0	0	0	0	1	0	0	1	14
2013/09/02-17:14:23	34	1,544.817	264.394	2	0	1	0	0	0	0	1	0	0	1	19
2013/09/02-17:15:02	34	1,544.817	264.394	17	0	0	1	1	0	0	1	1	0	0	60
2013/09/02-17:16:32	34	1,544.817	264.394	1	0	1	0	0	0	0	1	0	0	1	19
2013/09/02-17:17:09	34	1,544.817	264.394	0	0	1	0	0	0	0	1	0	0	1	3
2013/09/02-17:17:39	34	1,544.817	264.394	1	0	1	1	0	0	0	1	0	0	1	18
2013/09/02-20:52:37	29	1,587.105	220.873	1	0	0	0	0	0	0	1	0	1	0	60
2013/09/02-20:53:56	29	1,587.105	220.873	3	0	0	0	0	0	0	1	1	0	0	44
2013/09/02-20:54:59	29	1,587.105	220.873	0	0	1	0	0	0	0	1	0	0	1	7
2013/09/02-20:56:17	29	1,587.105	220.873	7	0	1	5	0	0	0	1	0	0	1	53
2013/09/02-20:57:30	29	1,587.105	220.873	0	0	1	0	0	0	0	1	0	0	1	10
2013/09/02-21:09:22	25	1,633.654	179.862	0	0	1	0	0	0	0	1	0	0	1	3
2013/09/02-21:09:44	25	1,633.654	179.862	1	0	1	0	0	0	0	1	0	0	1	13
2013/09/02-21:10:29	25	1,633.654	179.862	1	0	0	0	0	0	0	1	1	0	0	60
2013/09/02-21:11:48	25	1,633.654	179.862	1	0	0	0	0	0	0	1	1	0	0	7
2013/09/02-21:12:14	25	1,633.654	179.862	1	0	0	0	0	0	0	1	1	0	0	13
2013/09/02-21:27:22	25	1,633.654	179.862	1	0	1	0	0	0	0	1	0	0	1	26
2013/09/02-21:28:07	25	1,633.654	179.862	1	0	1	0	0	0	0	1	0	0	1	32
2013/09/02-21:28:58	25	1,633.654	179.862	3	0	0	0	0	0	0	1	1	0	0	32
2013/09/02-21:29:49	25	1,633.654	179.862	1	0	1	0	0	0	0	1	0	0	1	16
2013/09/02-21:30:25	25	1,633.654	179.862	0	0	1	0	0	0	0	1	0	0	1	7
2013/09/03-10:37:28	33	1,615.086	146.554	1	0	0	0	0	0	0	1	0	1	0	60
2013/09/03-10:38:47	33	1,615.086	146.554	1	0	1	0	0	0	0	1	0	0	1	15
2013/09/03-10:39:20	33	1,615.086	146.554	4	0	0	0	0	0	0	1	1	0	0	60
2013/09/03-10:40:39	33	1,615.086	146.554	0	0	1	0	0	0	0	1	0	0	1	5
2013/09/03-10:41:46	33	1,615.086	146.554	1	0	1	0	0	0	0	1	0	0	1	7
2013/09/03-10:53:24	39	1,543.265	128.421	6	0	1	1	0	0	0	1	0	0	1	37
2013/09/03-10:54:20	39	1,543.265	128.421	1	0	0	0	0	0	1	1	0	0	1	5
2013/09/03-10:55:10	39	1,543.265	128.421	2	0	0	0	2	0	1	1	1	0	0	7
2013/09/03-10:55:35	39	1,543.265	128.421	0	0	0	0	0	0	0	1	1	0	0	27
2013/09/03-10:56:22	39	1,543.265	128.421	1	0	0	0	0	0	0	1	1	0	0	60
2013/09/03-15:02:08	39	1,543.265	128.421	1	0	1	0	0	0	0	1	0	0	1	5
2013/09/03-15:02:34	40	1,541.57	110.601	2	0	0	0	1	0	1	1	0	0	1	6
2013/09/03-15:03:53	40	1,541.57	110.601	4	0	1	0	0	0	0	1	0	0	1	34
2013/09/03-15:04:45	40	1,541.57	110.601	1	0	1	0	0	0	0	1	0	0	1	23
2013/09/03-15:05:27	40	1,541.57	110.601	0	0	1	0	0	0	0	1	0	0	1	4
2013/09/03-19:04:28	40	1,531.747	104.544	2	0	1	0	0	0	0	1	0	0	1	10
2013/09/03-19:05:05	40	1,531.747	104.544	2	0	1	0	0	0	0	1	0	0	1	15
2013/09/03-19:05:41	40	1,531.747	104.544	9	0	1	3	0	0	0	1	0	0	1	40
2013/09/03-19:06:59	40	1,531.747	104.544	0	0	0	0	0	0	0	1	1	0	0	7
2013/09/03-19:07:25	40	1,531.747	104.544	2	0	0	0	2	0	0	1	1	0	0	9
2013/09/03-19:24:22	41	1,552.525	93.354	3	0	0	0	0	0	1	1	0	0	1	37
2013/09/03-19:25:18	41	1,552.525	93.354	0	0	1	0	0	0	0	1	0	0	1	6
2013/09/03-19:25:49	41	1,552.525	93.354	0	0	1	0	0	0	0	1	0	0	1	6
2013/09/03-19:26:26	41	1,552.525	93.354	0	0	1	3	0	0	0	1	0	0	1	56
2013/09/03-19:27:45	41	1,552.525	93.354	1	0	1	0	0	0	0	1	0	0	1	12
2013/09/03-19:37:06	41	1,552.525	93.354	13	0	0	1	1	0	0	1	1	0	0	60
2013/09/03-19:38:25	41	1,552.525	93.354	7	0	0	0	0	0	0	1	1	0	0	60
2013/09/03-19:39:44	41	1,552.525	93.354	2	0	0	1	0	0	1	1	0	0	1	10
2013/09/03-19:41:03	41	1,552.525	93.354	12	0	0	0	1	0	0	1	1	0	0	60
2013/09/03-19:42:22	41	1,552.525	93.354	1	0	1	0	0	0	0	1	0	0	1	9
2013/09/03-23:55:07	40	1,548.69	85.621	0	0	1	0	0	0	0	1	0	0	1	7
2013/09/03-23:55:33	40	1,548.69	85.621	2	0	0	1	0	0	0	1	1	0	0	36
2013/09/03-23:56:28	40	1,548.69	85.621	1	0	1	0	0	0	0	1	0	0	1	16
2013/09/03-23:57:02	40	1,548.69	85.621	0	0	1	0	0	0	0	1	0	0	1	7
2013/09/03-23:57:28	40	1,548.69	85.621	0	0	1	0	0	0	0	1	0	0	1	9
2013/09/04-11:04:19	40	1,548.69	85.621	1	0	1	0	0	0	0	1	0	0	1	13
2013/09/04-11:05:02	40	1,548.69	85.621	0	0	1	0	0	0	0	1	0	0	1	5
2013/09/04-11:05:30	40	1,548.69	85.621	6	0	0	1	0	0	0	1	1	0	0	60
2013/09/04-11:06:49	40	1,548.69	85.621	7	0	0	1	0	0	0	1	1	0	0	60
2013/09/04-11:08:08	40	1,548.69	85.621	3	0	0	2	0	0	0	1	1	0	0	60
2013/09/04-11:22:20	38	1,572.704	74.909	1	0	0	0	0	0	0	1	1	0	0	60
2013/09/04-11:23:39	38	1,572.704	74.909	1	0	1	0	0	0	0	1	0	0	1	24
2013/09/04-11:24:40	38	1,572.704	74.909	0	0	1	0	0	0	0	1	0	0	1	17
2013/09/04-11:25:16	38	1,572.704	74.909	0	0	0	0	0	0	0	1	1	0	0	60
2013/09/04-11:26:35	38	1,572.704	74.909	0	0	0	0	0	0	0	1	1	0	0	5
2013/09/04-16:50:56	38	1,579.532	71.796	1	0	0	1	0	0	0	1	1	0	0	9
2013/09/04-16:51:24	38	1,579.532	71.796	1	0	1	0	0	0	0	1	0	0	1	24
2013/09/04-16:52:07	38	1,579.532	71.796	1	0	0	0	0	0	0	1	1	0	0	8
2013/09/04-16:52:33	38	1,579.532	71.796	1	0	0	0	0	0	1	1	0	0	1	3
2013/09/04-16:52:58	38	1,579.532	71.796	2	0	0	0	1	0	0	1	1	0	0	14
2013/09/04-17:01:03	38	1,579.532	71.796	0	0	1	0	0	0	0	1	0	0	1	6
2013/09/04-17:01:28	38	1,579.532	71.796	0	0	0	0	0	0	0	1	1	0	0	28
2013/09/04-17:02:15	38	1,579.532	71.796	1	0	1	0	0	0	0	1	0	0	1	12
2013/09/04-17:02:48	38	1,579.532	71.796	0	0	1	0	0	0	0	1	0	0	1	6
2013/09/04-17:03:13	38	1,579.532	71.796	0	0	1	0	0	0	0	1	0	0	1	10
2013/09/04-17:07:58	38	1,579.532	71.796	1	0	1	0	0	0	0	1	0	0	1	14
2013/09/04-17:08:30	38	1,579.532	71.796	1	0	0	0	0	0	0	1	1	0	0	7
2013/09/04-17:08:56	42	1,526.607	66.372	0	0	0	0	0	0	0	1	1	0	0	6
2013/09/04-17:09:21	42	1,526.607	66.372	3	0	0	0	2	0	0	1	1	0	0	26
2013/09/04-17:10:06	42	1,526.607	66.372	0	0	0	0	0	0	0	1	1	0	0	17
2013/09/04-19:27:28	39	1,547.833	66.724	6	0	1	2	0	0	0	1	0	0	1	43
2013/09/04-19:28:47	38	1,543.32	65.915	1	0	0	0	1	0	1	1	0	0	1	6
2013/09/04-19:30:06	38	1,543.32	65.915	0	0	1	0	0	0	0	1	0	0	1	7
2013/09/04-19:30:37	38	1,543.32	65.915	4	0	1	0	1	0	0	1	0	0	1	29
2013/09/04-19:31:24	38	1,543.32	65.915	2	0	1	0	0	0	0	1	0	0	1	11
2013/09/04-19:32:50	38	1,543.32	65.915	0	0	1	0	0	0	0	1	0	0	1	5
2013/09/04-19:33:19	38	1,543.32	65.915	1	0	1	0	0	0	0	1	0	0	1	19
2013/09/04-19:34:00	38	1,543.32	65.915	1	0	1	0	0	0	0	1	0	0	1	14
2013/09/04-19:34:34	38	1,543.32	65.915	0	0	1	0	0	0	0	1	0	0	1	5
2013/09/04-19:34:58	38	1,543.32	65.915	5	0	0	0	0	0	0	1	1	0	0	43
2013/09/04-19:49:03	38	1,543.32	65.915	1	0	1	0	0	0	0	1	0	0	1	12
2013/09/04-19:49:34	38	1,543.32	65.915	2	0	0	1	0	0	0	1	1	0	0	60
2013/09/04-19:50:53	38	1,543.32	65.915	8	0	0	0	0	0	0	1	1	0	0	60
2013/09/04-19:52:12	38	1,543.32	65.915	1	0	0	0	1	0	1	1	0	0	1	6
2013/09/04-19:52:37	38	1,543.32	65.915	0	0	1	0	0	0	0	1	0	0	1	7
2013/09/05-02:04:40	43	1,518.077	65.242	11	0	0	0	0	0	0	1	1	0	0	60
2013/09/05-02:05:59	43	1,518.077	65.242	12	0	1	0	0	0	0	1	0	0	1	54
2013/09/05-02:07:13	43	1,518.077	65.242	1	0	1	0	0	0	0	1	0	0	1	15
2013/09/05-02:07:51	43	1,518.077	65.242	0	0	1	0	0	0	0	1	0	0	1	6
2013/09/05-02:08:17	43	1,518.077	65.242	2	0	1	1	0	0	0	1	0	0	1	56
2013/09/05-02:18:42	43	1,518.077	65.242	0	0	0	0	0	0	0	1	1	0	0	60
2013/09/05-02:20:01	43	1,518.077	65.242	0	0	0	0	0	0	0	1	1	0	0	35
2013/09/05-02:20:55	43	1,518.077	65.242	1	0	1	1	0	0	0	1	0	0	1	33
2013/09/05-02:21:46	43	1,518.077	65.242	5	0	0	0	0	0	0	1	1	0	0	38
2013/09/05-02:22:44	43	1,518.077	65.242	1	0	0	0	0	0	1	1	0	0	1	10
2013/09/05-02:36:42	39	1,535.871	59.042	5	0	0	0	0	0	0	1	1	0	0	28
2013/09/05-02:37:29	39	1,535.871	59.042	1	0	0	0	0	0	0	1	0	1	0	60
2013/09/05-02:38:48	39	1,535.871	59.042	0	0	1	0	0	0	0	1	0	0	1	10
2013/09/05-02:39:38	39	1,535.871	59.042	0	0	0	0	0	0	0	1	1	0	0	39
2013/09/05-02:40:35	39	1,535.871	59.042	3	0	0	0	1	0	0	1	1	0	0	18
2013/09/07-10:24:16	39	1,558.489	72.281	0	0	1	0	0	0	0	1	0	0	1	19
2013/09/07-10:24:55	39	1,558.489	72.281	2	0	1	1	0	0	0	1	0	0	1	44
2013/09/07-10:25:57	39	1,558.489	72.281	0	0	0	2	0	0	0	1	0	0	1	60
2013/09/07-10:27:16	39	1,558.489	72.281	0	0	0	1	0	0	0	1	0	0	1	60
2013/09/07-10:28:46	39	1,558.489	72.281	0	0	0	1	0	0	0	1	0	0	1	60
2013/09/07-10:42:38	38	1,566.423	67.397	2	0	0	0	1	0	0	1	1	0	0	24
2013/09/07-10:43:20	38	1,566.423	67.397	0	0	0	0	0	0	0	1	0	0	1	60
2013/09/07-10:44:39	38	1,566.423	67.397	7	0	0	2	0	0	0	1	0	0	1	60
2013/09/07-10:45:58	38	1,566.423	67.397	3	0	0	0	0	0	1	1	0	0	1	37
2013/09/07-10:46:54	38	1,566.423	67.397	0	0	1	1	0	0	0	1	0	0	1	35
2013/09/07-11:09:41	38	1,566.423	67.397	3	0	1	1	0	0	0	1	0	0	1	41
2013/09/07-11:10:41	36	1,593.699	62.707	2	0	1	1	0	0	0	1	0	0	1	26
2013/09/07-11:12:00	36	1,593.699	62.707	1	0	0	1	0	0	0	1	0	0	1	60
2013/09/07-11:13:19	36	1,593.699	62.707	2	0	1	1	0	0	0	1	0	0	1	39
2013/09/07-11:15:55	36	1,593.699	62.707	2	0	0	1	0	0	0	1	0	0	1	60
2013/09/09-00:06:21	39	1,570.915	64.337	2	0	1	2	0	0	0	1	0	0	1	47
2013/09/09-00:10:39	39	1,570.915	64.337	1	0	1	1	0	0	0	1	0	0	1	26
2013/09/09-00:12:37	39	1,570.915	64.337	2	0	0	2	0	0	1	1	0	0	1	59
2013/09/09-00:13:52	39	1,570.915	64.337	2	0	0	0	0	0	0	1	1	0	0	25
2013/09/09-00:14:36	39	1,570.915	64.337	1	0	0	0	0	0	0	1	1	0	0	15
2013/09/09-00:34:31	36	1,587.884	60.739	2	0	1	1	0	0	0	1	0	0	1	46
2013/09/09-00:49:16	36	1,587.884	60.739	1	0	1	1	0	0	0	1	0	0	1	40
2013/09/09-00:50:42	36	1,587.884	60.739	0	0	1	1	0	0	0	1	0	0	1	52
2013/09/09-00:51:58	36	1,587.884	60.739	1	0	1	2	0	0	0	1	0	0	1	53
2013/09/09-00:53:17	36	1,587.884	60.739	1	0	1	1	0	0	0	1	0	0	1	42
2013/09/09-01:03:59	36	1,587.884	60.739	1	0	1	0	0	0	0	1	0	0	1	28
2013/09/09-01:04:45	36	1,587.884	60.739	0	0	1	1	0	0	0	1	0	0	1	27
2013/09/09-01:06:04	36	1,587.884	60.739	1	0	0	1	0	0	0	1	0	0	1	60
2013/09/09-01:07:23	36	1,587.884	60.739	1	0	1	1	0	0	0	1	0	0	1	21
2013/09/09-01:08:30	36	1,587.884	60.739	1	0	0	1	0	0	0	1	0	0	1	60
2013/09/10-18:17:40	42	1,544.068	63.098	0	0	1	0	0	0	0	1	0	0	1	16
2013/09/10-18:18:36	42	1,544.068	63.098	1	0	1	2	0	0	0	1	0	0	1	40
2013/09/10-18:19:54	42	1,544.068	63.098	3	0	1	1	0	0	0	1	0	0	1	44
2013/09/10-18:20:57	42	1,544.068	63.098	5	0	0	1	0	0	0	1	0	0	1	60
2013/09/10-18:22:16	42	1,544.068	63.098	0	0	1	0	0	0	0	1	0	0	1	42
2013/09/10-19:15:22	42	1,544.068	63.098	0	0	0	2	0	0	0	1	0	0	1	60
2013/09/10-19:16:41	42	1,544.068	63.098	3	0	0	4	0	0	0	1	1	0	0	60
2013/09/10-19:18:00	42	1,544.068	63.098	4	0	0	1	0	0	1	1	0	0	1	47
2013/09/10-19:19:06	42	1,544.068	63.098	0	0	1	1	0	0	0	1	0	0	1	42
2013/09/10-19:20:07	42	1,544.068	63.098	5	0	0	2	0	0	0	1	1	0	0	60
2013/09/10-19:40:56	40	1,553.112	57.33	0	0	1	0	0	0	0	1	0	0	1	11
2013/09/10-19:42:16	40	1,553.112	57.33	0	0	1	0	0	0	0	1	0	0	1	6
2013/09/10-19:43:35	40	1,553.112	57.33	0	0	1	0	0	0	0	1	0	0	1	6
2013/09/10-19:44:04	40	1,553.112	57.33	0	0	1	0	0	0	0	1	0	0	1	6
2013/09/10-19:45:24	40	1,553.112	57.33	0	0	1	0	0	0	0	1	0	0	1	6
2013/09/11-09:09:31	45	1,515.962	61.606	4	0	0	1	0	0	0	1	0	0	1	60
2013/09/11-09:10:51	45	1,515.962	61.606	3	0	0	1	0	0	0	1	0	0	1	60
2013/09/11-09:12:09	45	1,515.962	61.606	2	0	0	1	0	0	1	1	0	0	1	47
2013/09/11-09:13:28	45	1,515.962	61.606	4	0	0	2	0	0	0	1	1	0	0	60
2013/09/11-09:14:47	45	1,515.962	61.606	3	0	1	2	0	0	0	1	0	0	1	33
2013/09/11-09:35:08	43	1,520.853	58.38	0	0	1	0	0	0	0	1	0	0	1	16
2013/09/11-09:35:53	43	1,520.853	58.38	7	0	0	2	0	0	1	1	0	0	1	56
2013/09/11-09:37:09	43	1,520.853	58.38	4	0	0	3	0	0	1	1	0	0	1	42
2013/09/11-09:38:09	43	1,520.853	58.38	2	0	1	1	0	0	0	1	0	0	1	32
2013/09/11-09:39:01	43	1,520.853	58.38	6	0	1	1	0	0	0	1	0	0	1	35
2013/09/11-09:51:10	43	1,520.853	58.38	1	0	0	1	0	0	0	1	1	0	0	50
2013/09/11-09:52:19	43	1,520.853	58.38	1	0	1	1	0	0	0	1	0	0	1	45
2013/09/11-09:53:38	43	1,520.853	58.38	1	0	0	1	0	0	0	1	1	0	0	60
2013/09/11-09:54:57	43	1,520.853	58.38	1	0	0	0	0	0	0	1	0	0	1	60
2013/09/11-09:56:16	43	1,520.853	58.38	2	0	0	1	0	0	0	1	1	0	0	60
2013/09/11-22:40:23	41	1,547.806	61.636	2	0	1	2	0	0	0	1	0	0	1	53
2013/09/11-22:41:36	41	1,547.806	61.636	1	0	0	2	0	0	0	1	1	0	0	52
2013/09/11-22:42:46	41	1,547.806	61.636	0	0	0	0	0	0	0	1	0	0	1	60
2013/09/11-22:44:05	41	1,547.806	61.636	0	0	1	0	0	0	0	1	0	0	1	16
2013/09/11-22:45:10	41	1,547.806	61.636	0	0	0	0	0	0	0	1	0	0	1	60
2013/09/11-23:17:59	41	1,560.34	58.345	3	0	1	1	0	0	0	1	0	0	1	19
2013/09/11-23:18:37	41	1,560.34	58.345	6	0	0	2	0	0	0	1	0	0	1	60
2013/09/11-23:19:56	41	1,560.34	58.345	0	0	1	0	0	0	0	1	0	0	1	32
2013/09/11-23:21:03	41	1,560.34	58.345	2	0	1	2	0	0	0	1	0	0	1	36
2013/09/11-23:52:58	41	1,560.34	58.345	4	0	0	1	0	0	0	1	0	0	1	60
2013/09/12-00:18:15	41	1,560.34	58.345	0	0	0	0	0	0	0	1	0	0	1	60
2013/09/12-00:19:35	41	1,560.34	58.345	2	0	1	3	0	0	0	1	0	0	1	38
2013/09/12-00:20:41	41	1,560.34	58.345	1	0	1	0	0	0	0	1	0	0	1	15
2013/09/12-00:21:23	41	1,560.34	58.345	3	0	1	5	0	0	0	1	0	0	1	47
2013/09/12-00:22:28	41	1,560.34	58.345	4	0	1	0	1	0	0	1	0	0	1	35
2013/09/13-18:59:02	41	1,553.461	71.086	1	0	0	0	0	0	0	1	0	0	1	60
2013/09/13-19:00:27	41	1,553.461	71.086	0	0	0	0	0	0	0	1	1	0	0	33
2013/09/13-19:01:18	41	1,553.461	71.086	1	0	1	0	0	0	0	1	0	0	1	52
2013/09/13-19:02:29	41	1,553.461	71.086	2	0	0	0	0	0	0	1	1	0	0	16
2013/09/13-19:03:04	41	1,553.461	71.086	2	0	1	1	0	0	0	1	0	0	1	47
2013/09/13-19:37:34	38	1,579.556	66.352	0	0	1	0	0	0	0	1	0	0	1	23
2013/09/13-19:38:30	38	1,579.556	66.352	0	0	0	1	0	0	0	1	1	0	0	39
2013/09/13-19:39:28	38	1,579.556	66.352	1	0	1	2	0	0	0	1	0	0	1	29
2013/09/13-19:40:35	38	1,579.556	66.352	0	0	1	2	0	0	0	1	0	0	1	36
2013/09/13-19:41:54	38	1,579.556	66.352	0	0	1	0	0	0	0	1	0	0	1	20
2013/09/13-19:53:40	40	1,563.717	62.365	2	0	0	1	0	0	0	1	1	0	0	47
2013/09/13-19:54:46	40	1,563.717	62.365	1	0	1	2	0	0	0	1	0	0	1	37
2013/09/13-19:55:47	40	1,563.717	62.365	1	0	1	2	0	0	0	1	0	0	1	25
2013/09/13-19:56:56	40	1,563.717	62.365	2	0	1	1	0	0	0	1	0	0	1	29
2013/09/13-19:57:52	40	1,563.717	62.365	1	0	0	0	0	0	0	1	0	0	1	60
2013/09/14-02:05:24	41	1,555.032	64.53	1	0	0	1	0	0	1	1	0	0	1	30
2013/09/14-02:06:13	41	1,555.032	64.53	1	0	1	1	0	0	0	1	0	0	1	11
2013/09/14-02:07:31	41	1,555.032	64.53	0	0	1	1	0	0	0	1	0	0	1	29
2013/09/14-02:08:43	41	1,555.032	64.53	2	0	0	0	0	0	0	1	0	0	1	60
2013/09/14-02:10:02	41	1,555.032	64.53	1	0	1	1	0	0	0	1	0	0	1	10
2013/09/14-02:27:24	41	1,555.032	64.53	1	0	0	1	0	0	0	1	1	0	0	60
2013/09/14-02:28:43	41	1,555.032	64.53	8	0	0	1	0	0	1	1	0	0	1	43
2013/09/14-02:29:45	41	1,555.032	64.53	0	0	0	0	0	0	0	1	1	0	0	19
2013/09/14-02:30:22	41	1,555.032	64.53	2	0	0	1	0	0	0	1	1	0	0	60
2013/09/14-02:31:41	41	1,555.032	64.53	1	0	0	0	0	0	0	1	0	0	1	60
2013/09/14-02:55:23	40	1,559.395	60.32	0	0	0	0	0	0	0	1	0	0	1	60
2013/09/14-02:56:42	40	1,559.395	60.32	0	0	0	0	0	0	0	1	0	0	1	60
2013/09/14-02:58:01	40	1,559.395	60.32	0	0	0	0	0	0	0	1	1	0	0	60
2013/09/14-02:59:20	40	1,559.395	60.32	4	0	1	3	0	0	0	1	0	0	1	52
2013/09/14-03:00:39	40	1,559.395	60.32	0	0	0	0	0	0	0	1	0	0	1	60
2013/09/14-04:27:43	40	1,551.76	58.249	2	0	1	1	0	0	0	1	0	0	1	28
2013/09/14-04:28:30	40	1,551.76	58.249	2	0	1	1	0	0	0	1	0	0	1	40
2013/09/14-04:29:28	40	1,551.76	58.249	0	0	1	2	0	0	0	1	0	0	1	31
2013/09/14-04:30:44	40	1,551.76	58.249	0	0	1	0	0	0	0	1	0	0	1	25
2013/09/14-04:31:42	40	1,551.76	58.249	0	0	1	0	0	0	0	1	0	0	1	6
2013/09/14-04:33:00	43	1,542.539	56.91	4	0	0	3	0	0	0	1	0	0	1	60
2013/09/14-04:34:19	43	1,542.539	56.91	0	0	1	1	0	0	0	1	0	0	1	58
2013/09/14-04:35:38	43	1,542.539	56.91	1	0	0	0	0	0	0	1	0	0	1	60
2013/09/14-04:36:56	43	1,542.539	56.91	2	0	1	2	0	0	0	1	0	0	1	60
2013/09/14-04:38:15	43	1,542.539	56.91	2	0	0	1	0	0	0	1	0	0	1	60
2013/09/14-05:00:40	43	1,542.539	56.91	3	0	1	0	0	0	0	1	0	0	1	39
2013/09/14-05:01:37	43	1,542.539	56.91	2	0	1	1	0	0	0	1	0	0	1	33
2013/09/14-05:02:29	43	1,542.539	56.91	3	0	1	2	0	0	0	1	0	0	1	41
2013/09/14-05:03:29	43	1,542.539	56.91	2	0	1	0	0	0	0	1	0	0	1	27
2013/09/14-05:04:22	43	1,542.539	56.91	1	0	1	0	0	0	0	1	0	0	1	19
2013/09/14-10:16:49	41	1,593.439	59.874	2	0	0	3	0	0	1	1	0	0	1	28
2013/09/14-10:18:08	41	1,593.439	59.874	1	0	1	2	0	0	0	1	0	0	1	37
2013/09/14-10:19:10	41	1,593.439	59.874	3	0	1	2	0	0	0	1	0	0	1	47
2013/09/14-10:20:16	41	1,593.439	59.874	1	0	1	1	0	0	0	1	0	0	1	25
2013/09/14-10:21:14	41	1,593.439	59.874	0	0	1	0	0	0	0	1	0	0	1	14
2013/09/14-10:37:12	41	1,593.439	59.874	5	0	0	0	0	0	0	1	0	0	1	60
2013/09/14-10:38:31	41	1,593.439	59.874	9	0	0	2	0	0	0	1	1	0	0	60
2013/09/14-10:39:50	41	1,593.439	59.874	0	0	0	0	0	0	0	1	0	0	1	60
2013/09/14-10:41:08	41	1,593.439	59.874	6	0	1	1	0	0	0	1	0	0	1	38
2013/09/14-10:42:05	41	1,593.439	59.874	0	0	0	0	0	0	0	1	0	0	1	60
2013/09/14-10:59:05	41	1,584.979	57.351	8	0	0	2	0	0	1	1	0	0	1	57
2013/09/14-11:00:24	41	1,584.979	57.351	3	0	1	1	0	0	0	1	0	0	1	26
2013/09/14-11:01:43	41	1,584.979	57.351	9	0	0	1	0	0	0	1	1	0	0	60
2013/09/14-11:03:02	41	1,584.979	57.351	6	0	0	3	0	0	0	1	1	0	0	60
2013/09/14-11:05:44	41	1,584.979	57.351	1	0	1	2	0	0	0	1	0	0	1	34
2013/09/14-14:22:19	42	1,582.69	59.369	1	0	1	1	0	0	0	1	0	0	1	30
2013/09/14-14:23:38	42	1,582.69	59.369	1	0	1	0	0	0	0	1	0	0	1	18
2013/09/14-14:24:56	42	1,582.69	59.369	1	0	1	1	0	0	0	1	0	0	1	27
2013/09/14-14:25:55	42	1,582.69	59.369	1	0	1	4	0	0	0	1	0	0	1	44
2013/09/14-14:27:13	42	1,582.69	59.369	4	0	0	0	0	0	0	1	0	0	1	60
2013/09/14-14:44:00	41	1,574.234	58.462	1	0	1	3	0	0	0	1	0	0	1	34
2013/09/14-14:44:53	41	1,574.234	58.462	3	0	0	0	0	0	0	1	1	0	0	60
2013/09/14-14:46:12	41	1,574.234	58.462	2	0	1	1	0	0	0	1	0	0	1	30
2013/09/14-14:47:01	41	1,574.234	58.462	4	0	0	0	0	0	0	1	1	0	0	37
2013/09/14-14:47:57	41	1,574.234	58.462	2	0	0	0	0	0	0	1	1	0	0	53
2013/09/14-15:09:47	41	1,579.858	56.953	1	0	0	0	0	0	0	1	0	0	1	60
2013/09/14-15:11:06	41	1,579.858	56.953	3	0	1	1	0	0	0	1	0	0	1	35
2013/09/14-15:12:01	41	1,579.858	56.953	7	0	0	0	0	0	0	1	0	0	1	60
2013/09/14-15:13:20	41	1,579.858	56.953	2	0	0	2	0	0	0	1	1	0	0	60
2013/09/14-15:14:39	41	1,579.858	56.953	1	0	0	2	0	0	0	1	1	0	0	60
2013/09/14-18:16:36	43	1,590.947	58.751	1	0	1	1	0	0	0	1	0	0	1	19
2013/09/14-18:17:49	43	1,590.947	58.751	1	0	1	1	0	0	0	1	0	0	1	47
2013/09/14-18:18:55	43	1,590.947	58.751	2	0	1	1	0	0	0	1	0	0	1	50
2013/09/14-18:20:04	43	1,590.947	58.751	0	0	1	0	0	0	0	1	0	0	1	30
2013/09/14-18:21:12	43	1,590.947	58.751	0	0	1	3	0	0	0	1	0	0	1	52
2013/09/14-18:34:51	42	1,595.195	56.72	1	0	0	1	0	0	1	1	0	0	1	37
2013/09/14-18:35:47	42	1,595.195	56.72	2	0	1	3	0	0	0	1	0	0	1	29
2013/09/14-18:36:43	42	1,595.195	56.72	0	0	1	0	0	0	0	1	0	0	1	19
2013/09/14-18:37:23	42	1,595.195	56.72	0	0	1	0	0	0	0	1	0	0	1	34
2013/09/14-18:38:22	42	1,595.195	56.72	0	0	1	2	0	0	0	1	0	0	1	39
2013/09/14-18:51:26	42	1,595.195	56.72	3	0	0	2	0	0	0	1	1	0	0	60
2013/09/14-18:52:45	42	1,595.195	56.72	1	0	1	0	0	0	0	1	0	0	1	32
2013/09/14-18:53:58	42	1,595.195	56.72	1	0	1	1	0	0	0	1	0	0	1	22
2013/09/14-18:54:54	42	1,595.195	56.72	2	0	0	1	0	0	1	1	0	0	1	16
2013/09/14-18:56:12	42	1,595.195	56.72	1	0	1	1	0	0	0	1	0	0	1	27
2013/09/14-23:29:10	43	1,595.339	60.337	1	0	1	1	0	0	0	1	0	0	1	23
2013/09/14-23:30:08	43	1,595.339	60.337	0	0	1	0	0	0	0	1	0	0	1	19
2013/09/14-23:30:49	43	1,595.339	60.337	2	0	0	4	1	0	1	1	1	0	0	45
2013/09/14-23:31:52	43	1,595.339	60.337	2	0	1	1	0	0	0	1	0	0	1	16
2013/09/14-23:33:11	43	1,595.339	60.337	1	0	0	1	0	0	0	1	1	0	0	22
2013/09/14-23:54:59	43	1,595.339	60.337	0	0	1	3	0	0	0	1	0	0	1	43
2013/09/14-23:56:02	43	1,595.339	60.337	1	0	1	1	0	0	0	1	0	0	1	31
2013/09/14-23:57:20	43	1,595.339	60.337	1	0	1	0	0	0	0	1	0	0	1	17
2013/09/14-23:58:39	43	1,595.339	60.337	0	0	1	0	0	0	0	1	0	0	1	54
2013/09/14-23:59:58	43	1,595.339	60.337	1	0	1	1	0	0	0	1	0	0	1	26
2013/09/15-00:09:02	40	1,627.334	58.214	0	0	1	1	0	0	0	1	0	0	1	23
2013/09/15-00:10:10	40	1,627.334	58.214	0	0	1	0	0	0	0	1	0	0	1	31
2013/09/15-00:11:09	40	1,627.334	58.214	0	0	1	1	0	0	0	1	0	0	1	28
2013/09/15-00:12:28	40	1,627.334	58.214	0	0	1	0	0	0	0	1	0	0	1	16
2013/09/15-00:13:20	40	1,627.334	58.214	0	0	1	1	0	0	0	1	0	0	1	27
2013/09/15-11:12:30	40	1,629.826	60.8	1	0	1	0	0	0	0	1	0	0	1	10
2013/09/15-11:13:25	40	1,629.826	60.8	6	0	0	0	0	0	1	1	0	0	1	55
2013/09/15-11:14:39	40	1,629.826	60.8	1	0	1	0	0	0	0	1	0	0	1	11
2013/09/15-11:15:43	40	1,629.826	60.8	2	0	1	0	0	0	0	1	0	0	1	50
2013/09/15-11:16:51	40	1,629.826	60.8	3	0	1	0	0	0	0	1	0	0	1	47
2013/09/15-11:23:09	39	1,637.947	58.546	3	0	1	1	0	0	0	1	0	0	1	43
2013/09/15-11:24:28	39	1,637.947	58.546	0	0	1	2	0	0	0	1	0	0	1	30
2013/09/15-11:25:18	39	1,637.947	58.546	1	0	0	1	0	0	0	1	1	0	0	35
2013/09/15-11:26:11	39	1,637.947	58.546	1	0	1	1	0	0	0	1	0	0	1	21
2013/09/15-11:27:19	39	1,637.947	58.546	0	0	1	0	0	0	0	1	0	0	1	21
2013/09/15-11:40:28	39	1,637.947	58.546	0	0	1	0	0	0	0	1	0	0	1	11
2013/09/15-11:41:44	39	1,637.947	58.546	1	0	1	2	0	0	0	1	0	0	1	25
2013/09/15-11:42:59	39	1,637.947	58.546	1	0	1	1	0	0	0	1	0	0	1	21
2013/09/15-11:43:51	39	1,637.947	58.546	2	0	1	1	0	0	0	1	0	0	1	34
2013/09/15-11:44:43	39	1,637.947	58.546	1	0	0	2	0	0	1	1	0	0	1	52
2013/09/15-12:59:48	39	1,636.638	53.973	1	0	0	3	0	0	1	1	0	0	1	39
2013/09/15-13:00:47	39	1,636.638	53.973	0	0	1	1	0	0	0	1	0	0	1	38
2013/09/15-13:01:43	39	1,636.638	53.973	0	0	0	1	0	0	0	1	0	0	1	60
2013/09/15-13:03:02	39	1,636.638	53.973	3	0	0	1	0	0	0	1	0	0	1	60
2013/09/15-13:04:21	39	1,636.638	53.973	1	0	1	2	0	0	0	1	0	0	1	36
2013/09/15-13:26:04	39	1,636.638	53.973	2	0	1	2	0	0	0	1	0	0	1	39
2013/09/15-13:27:23	39	1,636.638	53.973	7	0	0	3	1	0	0	1	1	0	0	60
2013/09/15-13:28:42	39	1,636.638	53.973	4	0	0	1	0	0	0	1	0	0	1	60
2013/09/15-13:30:01	39	1,636.638	53.973	3	0	0	1	0	0	1	1	0	0	1	57
2013/09/15-13:31:16	39	1,636.638	53.973	4	0	0	2	0	0	0	1	0	0	1	60
2013/09/15-13:54:16	39	1,641.971	50.014	2	0	0	1	0	0	0	1	1	0	0	32
2013/09/15-13:55:06	39	1,641.971	50.014	0	0	1	0	0	0	0	1	0	0	1	18
2013/09/15-13:55:46	39	1,641.971	50.014	0	0	1	0	0	0	0	1	0	0	1	21
2013/09/15-13:57:05	39	1,641.971	50.014	4	0	1	0	0	0	0	1	0	0	1	31
2013/09/15-13:57:55	39	1,641.971	50.014	0	0	0	0	0	0	0	1	0	0	1	60
2013/09/15-19:34:12	39	1,639.239	56.329	4	0	0	3	0	0	1	1	0	0	1	49
2013/09/15-19:35:20	39	1,639.239	56.329	1	0	1	1	0	0	0	1	0	0	1	33
2013/09/15-19:36:25	39	1,639.239	56.329	2	0	1	1	0	0	0	1	0	0	1	50
2013/09/15-19:37:34	39	1,639.239	56.329	1	0	1	4	0	0	0	1	0	0	1	29
2013/09/15-19:38:22	39	1,639.239	56.329	2	0	1	2	0	0	0	1	0	0	1	20
2013/09/15-20:00:48	38	1,643.037	53.82	3	0	0	1	0	0	1	1	0	0	1	44
2013/09/15-20:01:51	38	1,643.037	53.82	2	0	0	1	0	0	0	1	0	0	1	60
2013/09/15-20:03:10	38	1,643.037	53.82	1	0	1	0	0	0	0	1	0	0	1	47
2013/09/15-20:04:16	38	1,643.037	53.82	1	0	0	0	0	0	1	1	0	0	1	14
2013/09/15-20:05:08	38	1,643.037	53.82	1	0	1	0	0	0	0	1	0	0	1	34
2013/09/15-20:27:53	38	1,639.523	51.575	1	0	1	1	0	0	0	1	0	0	1	39
2013/09/15-20:29:12	38	1,639.523	51.575	1	0	1	0	0	0	0	1	0	0	1	10
2013/09/15-20:30:31	38	1,639.523	51.575	2	0	1	4	0	0	0	1	0	0	1	47
2013/09/15-20:31:37	38	1,639.523	51.575	3	0	0	2	0	0	1	1	0	0	1	52
2013/09/15-20:32:48	38	1,639.523	51.575	0	0	1	1	0	0	0	1	0	0	1	39
2013/09/16-07:26:54	38	1,628.259	57.482	0	0	1	0	0	0	0	1	0	0	1	17
2013/09/16-07:27:48	38	1,628.259	57.482	5	0	0	1	0	0	0	1	1	0	0	60
2013/09/16-07:29:08	38	1,628.259	57.482	8	0	1	1	0	0	0	1	0	0	1	53
2013/09/16-07:30:19	38	1,628.259	57.482	1	0	1	0	0	0	0	1	0	0	1	11
2013/09/16-07:31:05	38	1,628.259	57.482	3	0	1	1	0	0	0	1	0	0	1	21
2013/09/16-07:38:19	38	1,628.259	57.482	1	0	1	1	0	0	0	1	0	0	1	37
2013/09/16-07:39:38	38	1,628.259	57.482	2	0	1	1	0	0	0	1	0	0	1	27
2013/09/16-07:40:57	38	1,628.259	57.482	2	0	1	0	0	0	0	1	0	0	1	19
2013/09/16-07:41:58	38	1,628.259	57.482	1	0	1	1	0	0	0	1	0	0	1	33
2013/09/16-07:43:02	38	1,628.259	57.482	1	0	0	3	0	0	0	1	1	0	0	60
2013/09/16-20:07:37	46	1,591.021	52.865	6	0	1	2	0	0	0	1	0	0	1	55
2013/09/16-20:08:53	46	1,591.021	52.865	1	0	0	0	0	0	0	1	0	0	1	60
2013/09/16-20:10:12	46	1,591.021	52.865	1	0	0	0	0	0	0	1	1	0	0	60
2013/09/16-20:11:31	46	1,591.021	52.865	0	0	1	2	0	0	0	1	0	0	1	47
2013/09/16-20:12:49	46	1,591.021	52.865	1	0	1	0	0	0	0	1	0	0	1	21
2013/09/17-07:44:05	44	1,587.196	57.515	6	0	0	0	0	0	0	1	0	0	1	60
2013/09/17-07:45:25	44	1,587.196	57.515	0	0	1	0	0	0	0	1	0	0	1	4
2013/09/17-07:46:10	44	1,587.196	57.515	4	0	0	5	0	0	1	1	0	0	1	25
2013/09/17-07:47:07	44	1,587.196	57.515	3	0	1	0	0	0	0	1	0	0	1	14
2013/09/17-07:48:06	44	1,587.196	57.515	3	0	1	0	1	0	0	1	0	0	1	32
2013/09/17-08:18:32	45	1,578.294	54.802	2	0	0	0	0	0	1	1	0	0	1	21
2013/09/17-08:19:27	45	1,578.294	54.802	7	0	0	0	1	0	0	1	1	0	0	39
2013/09/17-08:20:29	45	1,578.294	54.802	4	0	0	0	1	0	0	1	1	0	0	19
2013/09/17-08:21:11	45	1,578.294	54.802	0	0	0	0	0	0	0	1	1	0	0	6
2013/09/17-08:21:37	45	1,578.294	54.802	8	0	0	0	0	0	0	1	1	0	0	37
2013/09/17-08:34:40	45	1,578.294	54.802	1	0	0	0	0	0	0	1	1	0	0	14
2013/09/17-08:35:20	45	1,578.294	54.802	0	0	1	0	0	0	0	1	0	0	1	14
2013/09/17-08:36:25	45	1,578.294	54.802	1	0	1	0	0	0	0	1	0	0	1	12
2013/09/17-08:37:28	45	1,578.294	54.802	5	0	1	0	0	0	0	1	1	0	0	50
2013/09/17-08:38:37	45	1,578.294	54.802	0	0	1	0	0	0	0	1	0	0	1	19
2013/09/17-23:33:23	42	1,599.233	57.465	10	0	0	1	2	0	0	1	1	0	0	60
2013/09/17-23:34:43	42	1,599.233	57.465	9	0	0	0	0	0	0	1	1	0	0	60
2013/09/17-23:36:02	42	1,599.233	57.465	12	0	0	0	0	0	0	1	1	0	0	52
2013/09/18-00:05:36	42	1,599.233	57.465	12	0	0	0	0	0	0	1	1	0	0	60
2013/09/18-00:06:55	42	1,599.233	57.465	2	0	1	0	0	0	0	1	0	0	1	33
2013/09/18-00:23:16	39	1,612.294	54.861	6	0	0	0	0	0	0	1	1	0	0	51
2013/09/18-00:24:26	39	1,612.294	54.861	1	0	0	0	0	0	1	1	0	0	1	3
2013/09/18-00:24:59	39	1,612.294	54.861	0	0	1	0	0	0	0	1	0	0	1	10
2013/09/18-00:25:51	39	1,612.294	54.861	0	0	1	0	0	0	0	1	0	0	1	6
2013/09/18-00:26:46	39	1,612.294	54.861	0	0	1	0	0	0	0	1	0	0	1	5
2013/09/18-00:41:20	39	1,612.294	54.861	1	0	1	0	0	0	0	1	0	0	1	15
2013/09/18-00:41:54	39	1,612.294	54.861	1	0	0	0	0	0	1	1	0	0	1	2
2013/09/18-00:42:22	39	1,612.294	54.861	0	0	1	0	0	0	0	1	0	0	1	6
2013/09/18-00:42:54	39	1,612.294	54.861	6	0	0	0	0	0	1	1	0	0	1	45
2013/09/18-00:43:59	39	1,612.294	54.861	2	0	1	0	0	0	0	1	0	0	1	12
2013/09/18-14:07:27	44	1,576.519	59.789	1	0	0	0	1	0	1	1	0	0	1	5
2013/09/18-14:07:52	44	1,576.519	59.789	4	0	1	0	0	0	0	1	0	0	1	35
2013/09/18-14:08:46	44	1,576.519	59.789	1	0	1	0	0	0	0	1	0	0	1	14
2013/09/18-14:09:33	44	1,576.519	59.789	3	0	0	3	0	0	1	1	0	0	1	15
2013/09/18-14:10:07	44	1,576.519	59.789	4	0	1	0	1	0	0	1	0	0	1	31
2013/09/18-14:22:16	44	1,576.519	59.789	1	0	1	0	0	0	0	1	0	0	1	12
2013/09/18-14:23:11	44	1,576.519	59.789	5	0	0	0	0	0	0	1	0	0	1	60
2013/09/18-14:24:30	44	1,576.519	59.789	0	0	1	0	0	0	0	1	0	0	1	11
2013/09/18-14:25:00	44	1,576.519	59.789	2	0	0	0	1	0	0	1	1	0	0	10
2013/09/18-14:25:29	44	1,576.519	59.789	1	0	1	1	0	0	0	1	0	0	1	13
2013/09/18-14:40:48	46	1,560.034	54.683	0	0	1	0	0	0	0	1	0	0	1	4
2013/09/18-14:41:14	46	1,560.034	54.683	10	0	0	1	1	0	0	1	1	0	0	60
2013/09/18-14:42:34	46	1,560.034	54.683	6	0	0	1	1	0	0	1	1	0	0	67
2013/09/18-14:44:32	46	1,560.034	54.683	15	0	0	0	0	0	0	1	1	0	0	60
2013/09/18-14:45:52	46	1,560.034	54.683	5	0	1	0	0	0	0	1	0	0	1	22
2013/09/18-19:09:13	44	1,579.413	60.199	0	0	1	0	0	0	0	1	0	0	1	3
2013/09/18-19:09:38	44	1,579.413	60.199	1	0	1	0	0	0	0	1	0	0	1	7
2013/09/18-19:10:04	44	1,579.413	60.199	0	0	1	0	0	0	0	1	0	0	1	3
2013/09/18-19:10:35	44	1,579.413	60.199	6	0	1	2	0	0	0	1	0	0	1	56
2013/09/18-19:11:50	44	1,579.413	60.199	0	0	1	0	0	0	0	1	0	0	1	7
2013/09/19-09:18:39	44	1,562.619	64.473	0	0	1	0	0	0	0	1	0	0	1	7
2013/09/19-09:19:16	44	1,562.619	64.473	0	0	1	0	0	0	0	1	0	0	1	3
2013/09/19-09:19:40	44	1,562.619	64.473	6	0	1	0	0	0	0	1	0	0	1	30
2013/09/19-09:20:29	44	1,562.619	64.473	1	0	1	1	0	0	0	1	0	0	1	24
2013/09/19-09:21:20	44	1,562.619	64.473	1	0	1	0	0	0	0	1	0	0	1	16
2013/09/19-09:25:57	44	1,562.619	64.473	2	0	0	1	0	0	1	1	0	0	1	44
2013/09/19-09:27:00	44	1,562.619	64.473	1	0	1	9	0	0	0	1	0	0	1	30
2013/09/19-09:27:49	44	1,562.619	64.473	1	0	1	0	0	0	0	1	0	0	1	22
2013/09/19-09:28:30	44	1,562.619	64.473	2	0	0	0	0	0	0	1	1	0	0	22
2013/09/19-09:29:12	44	1,562.619	64.473	0	0	1	0	0	0	0	1	0	0	1	6
2013/09/19-09:41:43	44	1,568.358	61.122	0	0	1	0	0	0	0	1	0	0	1	10
2013/09/19-09:42:12	44	1,568.358	61.122	1	0	0	0	0	0	0	1	0	0	1	60
2013/09/19-09:43:31	44	1,568.358	61.122	1	0	1	0	0	0	0	1	0	0	1	24
2013/09/19-09:44:14	44	1,568.358	61.122	13	0	0	0	0	0	0	1	0	0	1	60
2013/09/19-09:45:34	44	1,568.358	61.122	4	0	0	0	1	0	0	1	1	0	0	21
2013/09/19-12:08:09	42	1,599.637	62.951	1	0	1	0	0	0	0	1	0	0	1	33
2013/09/19-12:09:28	42	1,599.637	62.951	4	0	0	0	0	0	1	1	0	0	1	27
2013/09/19-12:10:46	42	1,599.637	62.951	1	0	1	0	0	0	0	1	0	0	1	13
2013/09/19-12:12:05	42	1,599.637	62.951	0	0	1	0	0	0	0	1	0	0	1	4
2013/09/19-12:12:37	42	1,599.637	62.951	0	0	1	0	0	0	0	1	0	0	1	7
2013/09/19-13:59:51	43	1,573.891	61.152	1	0	0	0	0	0	0	1	1	0	0	22
2013/09/19-14:00:32	43	1,573.891	61.152	0	0	0	0	0	0	0	1	1	0	0	6
2013/09/19-14:00:57	43	1,573.891	61.152	4	0	0	0	0	0	0	1	1	0	0	17
2013/09/19-14:01:33	43	1,573.891	61.152	0	0	1	0	0	0	0	1	0	0	1	8
2013/09/19-14:02:00	43	1,573.891	61.152	0	0	0	0	0	0	0	1	1	0	0	12
2013/09/19-14:14:45	43	1,573.891	61.152	4	0	0	0	0	0	0	1	1	0	0	60
2013/09/19-14:16:04	43	1,573.891	61.152	0	0	1	0	0	0	0	1	0	0	1	15
2013/09/19-14:16:39	43	1,573.891	61.152	3	0	1	2	0	0	0	1	0	0	1	42
2013/09/19-14:17:40	43	1,573.891	61.152	2	0	1	0	0	0	0	1	0	0	1	13
2013/09/19-14:18:59	43	1,573.891	61.152	0	0	1	0	0	0	0	1	0	0	1	6
2013/09/19-17:56:49	42	1,581.5	63.002	0	0	1	0	0	0	0	1	0	0	1	17
2013/09/19-17:57:25	42	1,581.5	63.002	1	0	1	0	0	0	0	1	0	0	1	17
2013/09/19-17:58:09	42	1,581.5	63.002	0	0	1	0	0	0	0	1	0	0	1	4
2013/09/19-17:58:58	42	1,581.5	63.002	7	0	0	2	0	0	0	1	0	0	1	60
2013/09/19-18:00:17	43	1,579.166	61.147	2	0	0	0	0	0	0	1	0	0	1	60
2013/09/19-18:15:23	43	1,579.166	61.147	9	0	0	0	0	0	0	1	1	0	0	60
2013/09/19-18:16:42	43	1,579.166	61.147	4	0	1	0	0	0	0	1	0	0	1	23
2013/09/19-18:17:24	43	1,579.166	61.147	2	0	0	0	0	0	1	1	0	0	1	40
2013/09/19-18:18:23	43	1,579.166	61.147	3	0	0	0	1	0	0	1	1	0	0	13
2013/09/19-18:18:55	43	1,579.166	61.147	0	0	1	0	0	0	0	1	0	0	1	12
2013/09/19-18:33:22	43	1,576.843	59.196	2	0	1	0	0	0	0	1	0	0	1	13
2013/09/19-18:34:16	43	1,576.843	59.196	8	0	0	0	0	0	0	1	1	0	0	60
2013/09/19-18:35:36	43	1,576.843	59.196	1	0	0	0	0	0	1	1	0	0	1	9
2013/09/19-18:36:13	43	1,576.843	59.196	6	0	0	0	0	0	0	1	0	0	1	60
2013/09/19-18:37:32	43	1,576.843	59.196	10	0	0	2	0	0	0	1	1	0	0	55
2013/09/19-22:02:25	43	1,573.906	62.88	1	0	1	0	0	0	0	1	0	0	1	44
2013/09/19-22:03:29	43	1,573.906	62.88	3	0	0	0	0	0	1	1	0	0	1	22
2013/09/19-22:04:47	43	1,573.906	62.88	0	0	1	0	0	0	0	1	0	0	1	11
2013/09/19-22:05:40	43	1,573.906	62.88	3	0	1	2	0	0	0	1	0	0	1	37
2013/09/19-22:06:59	43	1,573.906	62.88	1	0	1	0	0	0	0	1	0	0	1	11
2013/09/19-23:53:34	43	1,573.906	62.88	0	0	0	0	0	0	0	1	1	0	0	6
2013/09/19-23:53:59	43	1,573.906	62.88	6	0	0	0	0	0	0	1	0	0	1	60
2013/09/19-23:55:18	43	1,573.906	62.88	0	0	1	0	0	0	0	1	0	0	1	3
2013/09/19-23:55:43	43	1,573.906	62.88	1	0	1	0	0	0	0	1	0	0	1	15
2013/09/19-23:56:17	43	1,573.906	62.88	0	0	0	0	0	0	0	1	1	0	0	13
2013/09/20-00:09:29	43	1,555.264	59.182	0	0	1	0	0	0	0	1	0	0	1	4
2013/09/20-00:10:05	43	1,555.264	59.182	2	0	1	0	0	0	0	1	0	0	1	8
2013/09/20-00:10:49	43	1,555.264	59.182	0	0	1	0	0	0	0	1	0	0	1	5
2013/09/20-00:11:13	43	1,555.264	59.182	6	0	1	3	0	0	0	1	0	0	1	31
2013/09/20-00:12:03	43	1,555.264	59.182	9	0	0	0	0	0	0	1	0	0	1	60
2013/09/20-03:29:47	47	1,546.358	62.794	0	0	1	0	0	0	0	1	0	0	1	4
2013/09/20-03:30:27	47	1,546.358	62.794	7	0	1	1	0	0	0	1	0	0	1	35
2013/09/20-03:31:21	47	1,546.358	62.794	10	0	1	0	0	0	0	1	0	0	1	44
2013/09/20-03:32:24	47	1,546.358	62.794	1	0	1	0	0	0	0	1	0	0	1	3
2013/09/20-03:32:46	47	1,546.358	62.794	3	0	1	0	0	0	0	1	0	0	1	17
2013/09/20-03:50:06	48	1,537.502	60.033	3	0	1	0	0	0	0	1	0	0	1	28
2013/09/20-03:50:53	48	1,537.502	60.033	5	0	1	0	0	0	0	1	0	0	1	47
2013/09/20-03:51:59	48	1,537.502	60.033	8	0	1	2	0	0	0	1	0	0	1	56
2013/09/20-03:53:13	48	1,537.502	60.033	0	0	1	0	0	0	0	1	0	0	1	4
2013/09/20-03:53:38	48	1,537.502	60.033	1	0	1	2	0	0	0	1	0	0	1	17
2013/09/20-04:04:06	48	1,537.502	60.033	5	0	0	0	0	0	1	1	0	0	1	31
2013/09/20-04:04:56	48	1,537.502	60.033	0	0	0	0	0	0	0	1	1	0	0	6
2013/09/20-04:05:22	48	1,537.502	60.033	1	0	0	0	0	0	0	1	1	0	0	5
2013/09/20-04:05:45	48	1,537.502	60.033	18	0	0	3	0	0	0	1	1	0	0	60
2013/09/20-04:07:04	48	1,537.502	60.033	14	0	0	0	1	0	1	1	0	0	1	53
2013/09/20-07:48:59	48	1,530.057	63.908	15	0	0	0	1	0	0	1	1	0	0	60
2013/09/20-07:50:18	48	1,530.057	63.908	4	0	0	0	0	0	0	1	1	0	0	29
2013/09/20-07:51:06	48	1,530.057	63.908	1	0	0	0	0	0	1	1	0	0	1	5
2013/09/20-07:51:31	48	1,530.057	63.908	10	0	0	5	0	0	1	1	0	0	1	57
2013/09/20-07:52:48	48	1,530.057	63.908	1	0	1	0	0	0	0	1	0	0	1	15
2013/09/20-08:11:12	48	1,530.057	63.908	0	0	1	0	0	0	0	1	0	0	1	9
2013/09/20-08:12:02	48	1,530.057	63.908	1	0	1	0	0	0	0	1	0	0	1	16
2013/09/20-08:12:50	48	1,530.057	63.908	0	0	1	0	0	0	0	1	0	0	1	3
2013/09/20-08:13:16	48	1,530.057	63.908	1	0	1	0	0	0	0	1	0	0	1	15
2013/09/20-08:14:35	48	1,530.057	63.908	0	0	1	0	0	0	0	1	0	0	1	21
2013/09/20-08:21:49	49	1,526.357	58.682	1	0	0	0	0	0	0	1	1	0	0	60
2013/09/20-08:23:09	49	1,526.357	58.682	5	0	0	0	1	0	0	1	1	0	0	40
2013/09/20-08:24:08	49	1,526.357	58.682	0	0	0	0	0	0	0	1	1	0	0	30
2013/09/20-08:24:57	49	1,526.357	58.682	0	0	1	0	0	0	0	1	0	0	1	5
2013/09/20-08:26:16	49	1,526.357	58.682	2	0	1	0	0	0	0	1	0	0	1	38
2013/09/20-11:57:05	46	1,552.734	62.451	6	0	0	0	0	0	0	1	1	0	0	60
2013/09/20-11:58:24	46	1,552.734	62.451	0	0	1	0	0	0	0	1	0	0	1	12
2013/09/20-11:58:55	46	1,552.734	62.451	3	0	1	2	0	0	0	1	0	0	1	48
2013/09/20-12:00:02	46	1,552.734	62.451	1	0	1	0	0	0	0	1	0	0	1	11
2013/09/20-12:00:41	46	1,552.734	62.451	0	0	1	0	0	0	0	1	0	0	1	6
2013/09/20-12:14:43	46	1,552.734	62.451	12	0	0	1	2	0	0	1	1	0	0	45
2013/09/20-12:15:46	46	1,552.734	62.451	13	0	1	5	0	0	0	1	0	0	1	54
2013/09/20-12:16:59	46	1,552.734	62.451	10	0	1	2	0	0	0	1	0	0	1	48
2013/09/20-12:18:06	46	1,552.734	62.451	4	0	0	0	0	0	0	1	1	0	0	31
2013/09/20-12:18:57	46	1,552.734	62.451	1	0	0	0	0	0	0	1	1	0	0	60
2013/09/20-12:29:25	46	1,545.973	58.014	1	0	0	1	0	0	0	1	1	0	0	28
2013/09/20-12:30:13	46	1,545.973	58.014	14	0	0	0	0	0	0	1	1	0	0	60
2013/09/20-12:31:32	46	1,545.973	58.014	0	0	1	0	0	0	0	1	0	0	1	11
2013/09/20-12:32:02	46	1,545.973	58.014	2	0	0	0	0	0	1	1	0	0	1	18
2013/09/20-12:32:40	46	1,545.973	58.014	1	0	0	0	0	0	1	1	0	0	1	3
2013/09/20-18:43:00	45	1,555.872	63.873	6	0	1	0	0	0	0	1	0	0	1	39
2013/09/20-18:43:58	45	1,555.872	63.873	0	0	1	0	0	0	0	1	0	0	1	13
2013/09/20-18:44:43	45	1,555.872	63.873	1	0	0	0	2	0	1	1	1	0	0	14
2013/09/20-18:45:16	45	1,555.872	63.873	0	0	0	1	0	0	0	1	1	0	0	28
2013/09/20-18:46:02	45	1,555.872	63.873	1	0	1	0	0	0	0	1	0	0	1	16
2013/09/20-19:10:20	44	1,568.431	61.156	1	0	0	0	0	0	1	1	0	0	1	3
2013/09/20-19:11:33	44	1,568.431	61.156	6	0	0	1	0	0	1	1	0	0	1	51
2013/09/20-19:12:43	44	1,568.431	61.156	2	0	1	2	0	0	0	1	0	0	1	55
2013/09/20-19:14:02	44	1,568.431	61.156	0	0	1	0	0	0	0	1	0	0	1	3
2013/09/20-19:14:27	44	1,568.431	61.156	0	0	1	0	0	0	0	1	0	0	1	4
2013/09/20-19:26:27	44	1,568.431	61.156	2	0	0	0	0	0	0	1	1	0	0	11
2013/09/20-19:26:58	44	1,568.431	61.156	0	0	1	0	0	0	0	1	0	0	1	10
2013/09/20-19:27:36	44	1,568.431	61.156	1	0	0	0	0	0	1	1	0	0	1	3
2013/09/20-19:28:14	44	1,568.431	61.156	2	0	1	0	0	0	0	1	0	0	1	13
2013/09/20-19:28:46	44	1,568.431	61.156	3	0	0	2	0	0	1	1	0	0	1	31
2013/09/20-21:03:07	46	1,577.532	59.511	10	0	0	3	0	0	0	1	1	0	0	60
2013/09/20-21:04:26	46	1,577.532	59.511	5	0	1	1	0	0	0	1	0	0	1	44
2013/09/20-21:05:29	46	1,577.532	59.511	0	0	1	0	0	0	0	1	0	0	1	4
2013/09/20-21:05:53	46	1,577.532	59.511	7	0	0	0	0	0	0	1	1	0	0	60
2013/09/20-21:07:12	46	1,577.532	59.511	8	0	0	1	1	0	0	1	1	0	0	60
2013/09/20-21:12:57	46	1,577.532	59.511	1	0	0	0	0	0	1	1	0	0	1	3
2013/09/20-21:13:54	46	1,577.532	59.511	0	0	1	0	0	0	0	1	0	0	1	4
2013/09/20-21:15:13	46	1,577.532	59.511	0	0	1	0	0	0	0	1	0	0	1	9
2013/09/20-21:16:24	46	1,577.532	59.511	0	0	1	0	0	0	0	1	0	0	1	6
2013/09/20-21:17:12	46	1,577.532	59.511	0	0	1	0	0	0	0	1	0	0	1	47
2013/09/20-21:28:47	46	1,582.026	56.233	0	0	1	0	0	0	0	1	0	0	1	4
2013/09/20-21:29:14	46	1,582.026	56.233	1	0	1	0	0	0	0	1	0	0	1	11
2013/09/20-21:29:52	46	1,582.026	56.233	5	0	0	0	1	0	0	1	1	0	0	16
2013/09/20-21:30:34	46	1,582.026	56.233	0	0	1	0	0	0	0	1	0	0	1	32
2013/09/20-21:31:29	46	1,582.026	56.233	0	0	1	0	0	0	0	1	0	0	1	4
2013/12/27-23:22:54	50	1,580.01	83.564	1	0	1	0	0	0	0	1	0	0	1	12
2013/12/27-23:23:50	50	1,580.01	83.564	0	0	1	0	0	0	0	1	0	0	1	9
2013/12/27-23:24:18	50	1,580.01	83.564	0	0	1	0	0	0	0	1	0	0	1	3
2013/12/27-23:24:59	50	1,580.01	83.564	6	0	0	1	0	0	0	1	0	0	1	60
2013/12/27-23:26:18	50	1,580.01	83.564	2	0	1	0	0	0	0	1	0	0	1	12
2013/12/27-23:34:14	50	1,580.01	83.564	0	0	1	0	0	0	0	1	0	0	1	3
2013/12/27-23:34:44	50	1,580.01	83.564	1	0	1	0	0	0	0	1	0	0	1	16
2013/12/27-23:35:22	50	1,580.01	83.564	1	0	1	0	0	0	0	1	0	0	1	20
2013/12/27-23:36:01	50	1,580.01	83.564	2	0	1	0	0	0	0	1	0	0	1	8
2013/12/27-23:36:55	50	1,580.01	83.564	3	0	1	0	0	0	0	1	0	0	1	12
2013/12/27-23:50:23	56	1,534.916	73.355	0	0	0	0	0	0	0	1	1	0	0	9
2013/12/27-23:50:51	56	1,534.916	73.355	7	0	0	0	1	0	0	1	1	0	0	60
2013/12/27-23:52:10	56	1,534.916	73.355	1	0	1	0	0	0	0	1	0	0	1	17
2013/12/27-23:52:46	56	1,534.916	73.355	0	0	1	0	0	0	0	1	0	0	1	6
2013/12/27-23:53:11	56	1,534.916	73.355	8	0	0	0	1	0	0	1	1	0	0	37
2013/12/28-11:02:39	53	1,560.202	83.685	0	0	1	0	0	0	0	1	1	0	0	5
2013/12/28-11:03:04	53	1,560.202	83.685	7	0	0	0	0	0	1	1	0	0	1	25
2013/12/28-11:04:15	51	1,563.338	80.235	7	0	1	4	0	0	0	1	0	0	1	51
2013/12/28-11:05:24	51	1,563.338	80.235	4	0	0	0	0	0	1	1	0	0	1	16
2013/12/28-11:05:59	51	1,563.338	80.235	0	0	0	0	0	0	0	1	1	0	0	4
2013/12/28-11:31:18	51	1,563.338	80.235	3	0	0	0	1	0	0	1	1	0	0	12
2013/12/28-11:31:50	51	1,563.338	80.235	2	0	0	2	1	0	0	1	1	0	0	20
2013/12/28-11:32:28	51	1,563.338	80.235	2	0	0	0	1	0	1	1	0	0	1	12
2013/12/28-11:32:59	51	1,563.338	80.235	2	0	1	0	0	0	0	1	0	0	1	8
2013/12/28-11:33:31	51	1,563.338	80.235	0	0	1	0	0	0	0	1	0	0	1	7
2013/12/28-11:49:37	45	1,584.371	71.784	2	0	1	0	0	0	0	1	0	0	1	28
2013/12/28-11:50:30	45	1,584.371	71.784	3	0	0	0	0	0	1	1	0	0	1	32
2013/12/28-11:51:40	45	1,584.371	71.784	0	0	1	0	0	0	0	1	0	0	1	4
2013/12/28-11:52:19	45	1,584.371	71.784	1	0	1	0	0	0	0	1	0	0	1	16
2013/12/28-11:52:54	45	1,584.371	71.784	14	0	0	0	0	0	0	1	1	0	0	60
2013/12/28-16:50:47	49	1,570.21	73.172	8	0	0	0	0	0	0	1	0	0	1	60
2013/12/28-16:52:07	49	1,570.21	73.172	0	0	1	0	0	0	0	1	0	0	1	6
2013/12/28-16:53:26	49	1,570.21	73.172	1	0	0	0	1	0	0	1	1	0	0	6
2013/12/28-16:53:51	49	1,570.21	73.172	4	0	1	0	0	0	0	1	0	0	1	16
2013/12/28-16:55:09	49	1,570.21	73.172	7	0	0	9	1	0	1	1	0	0	1	32
2013/12/28-17:20:02	52	1,549.529	68.135	1	0	1	0	0	0	0	1	0	0	1	14
2013/12/28-17:20:37	52	1,549.529	68.135	0	0	1	0	0	0	0	1	0	0	1	4
2013/12/28-17:21:36	52	1,549.529	68.135	2	0	1	0	0	0	0	1	0	0	1	13
2013/12/28-17:22:08	52	1,549.529	68.135	0	0	1	0	0	0	0	1	0	0	1	3
2013/12/28-17:22:30	52	1,549.529	68.135	0	0	1	0	0	0	0	1	0	0	1	8
2013/12/28-17:29:30	52	1,549.529	68.135	0	0	1	0	0	0	0	1	0	0	1	5
2013/12/28-17:29:56	52	1,549.529	68.135	2	0	1	0	0	0	0	1	0	0	1	9
2013/12/28-17:30:45	58	1,502.106	62.64	11	0	0	1	0	0	0	1	1	0	0	60
2013/12/28-17:32:04	58	1,502.106	62.64	5	0	1	3	0	0	0	1	0	0	1	25
2013/12/28-17:33:17	58	1,502.106	62.64	11	0	0	0	0	0	0	1	1	0	0	60
2013/12/29-01:00:51	57	1,508.038	71.133	0	0	1	0	0	0	0	1	0	0	1	4
2013/12/29-01:01:32	57	1,508.038	71.133	3	0	1	0	0	0	0	1	0	0	1	12
2013/12/29-01:02:08	57	1,508.038	71.133	7	0	0	2	0	0	1	1	0	0	1	39
2013/12/29-01:03:05	57	1,508.038	71.133	1	0	1	0	0	0	0	1	0	0	1	15
2013/12/29-01:03:47	57	1,508.038	71.133	8	0	0	0	0	0	0	1	1	0	0	60
2013/12/29-01:22:11	57	1,508.038	71.133	0	0	1	0	0	0	0	1	0	0	1	3
2013/12/29-01:22:33	57	1,508.038	71.133	1	0	0	1	0	0	0	1	1	0	0	60
2013/12/29-01:23:52	57	1,508.038	71.133	4	0	0	0	0	0	0	1	1	0	0	60
2013/12/29-01:25:11	57	1,508.038	71.133	9	0	0	1	0	0	0	1	1	0	0	60
2013/12/29-01:26:30	59	1,498.498	64.104	0	0	1	0	0	0	0	1	0	0	1	6
2013/12/29-01:33:14	59	1,498.498	64.104	4	0	0	0	0	0	1	1	0	0	1	17
2013/12/29-01:34:01	59	1,498.498	64.104	12	0	0	0	2	0	1	1	0	0	1	56
2013/12/29-01:35:17	59	1,498.498	64.104	2	0	1	0	0	0	0	1	0	0	1	20
2013/12/29-01:36:36	59	1,498.498	64.104	3	0	1	0	1	0	0	1	0	0	1	10
2013/12/29-01:37:06	59	1,498.498	64.104	1	0	0	0	0	0	1	1	0	0	1	11
2013/12/29-03:19:36	61	1,457.333	62.171	0	0	1	0	0	0	0	1	0	0	1	4
2013/12/29-03:20:26	64	1,445.022	61.955	4	0	1	1	0	0	0	1	0	0	1	40
2013/12/29-03:21:25	64	1,445.022	61.955	2	0	0	0	0	0	1	1	0	0	1	14
2013/12/29-03:21:59	64	1,445.022	61.955	1	0	0	0	0	0	0	1	1	0	0	8
2013/12/29-03:22:25	64	1,445.022	61.955	1	0	0	0	0	0	1	1	0	0	1	3
2013/12/29-03:28:16	64	1,445.022	61.955	0	0	1	0	0	0	0	1	0	0	1	4
2013/12/29-03:29:35	64	1,445.022	61.955	8	0	0	2	0	0	0	1	1	0	0	60
2013/12/29-03:30:55	64	1,445.022	61.955	2	0	1	0	0	0	0	1	0	0	1	13
2013/12/29-03:31:27	64	1,445.022	61.955	2	0	1	0	0	0	0	1	0	0	1	12
2013/12/29-03:32:46	64	1,445.022	61.955	2	0	1	0	0	0	0	1	0	0	1	7
2013/12/29-03:42:44	64	1,445.022	61.955	12	0	0	0	0	0	0	1	0	0	1	60
2013/12/29-03:44:03	64	1,445.022	61.955	7	0	0	1	0	0	1	1	0	0	1	49
2013/12/29-03:45:11	64	1,445.022	61.955	1	0	0	0	1	0	1	1	0	0	1	3
2013/12/29-03:45:34	64	1,445.022	61.955	7	0	0	0	2	0	0	1	1	0	0	35
2013/12/29-03:46:27	64	1,445.022	61.955	1	0	0	0	0	0	1	1	0	0	1	5
2013/12/29-06:43:09	61	1,483.526	60.554	3	0	1	0	0	0	0	1	0	0	1	38
2013/12/29-06:44:06	61	1,483.526	60.554	0	0	1	0	0	0	0	1	0	0	1	14
2013/12/29-06:44:59	61	1,483.526	60.554	0	0	1	0	0	0	0	1	0	0	1	11
2013/12/29-06:45:35	61	1,483.526	60.554	0	0	0	1	0	0	0	1	1	0	0	60
2013/12/29-06:46:54	61	1,483.526	60.554	1	0	1	0	0	0	0	1	0	0	1	14
2013/12/29-07:01:27	61	1,483.526	60.554	2	0	1	0	0	0	0	1	0	0	1	11
2013/12/29-07:02:46	61	1,483.526	60.554	11	0	0	0	1	0	0	1	1	0	0	44
2013/12/29-07:03:50	61	1,483.526	60.554	2	0	0	0	0	0	1	1	0	0	1	11
2013/12/29-07:05:09	61	1,483.526	60.554	9	0	0	1	0	0	0	1	0	0	1	60
2013/12/29-07:06:28	61	1,483.526	60.554	0	0	1	0	0	0	0	1	0	0	1	8
2013/12/29-07:22:08	60	1,484.392	55.305	1	0	1	0	0	0	0	1	0	0	1	14
2013/12/29-07:22:49	60	1,484.392	55.305	0	0	1	0	0	0	0	1	0	0	1	4
2013/12/29-07:23:17	60	1,484.392	55.305	2	0	0	0	0	0	0	1	1	0	0	11
2013/12/29-07:23:47	60	1,484.392	55.305	0	0	0	0	0	0	0	1	1	0	0	6
2013/12/29-07:24:12	60	1,484.392	55.305	5	0	0	0	1	0	0	1	1	0	0	35
2013/12/29-14:54:19	58	1,505.866	66.257	1	0	1	1	0	0	0	1	0	0	1	14
2013/12/29-14:55:19	58	1,505.866	66.257	0	0	1	0	0	0	0	1	0	0	1	8
2013/12/29-14:56:00	58	1,505.866	66.257	0	0	1	0	0	0	0	1	0	0	1	15
2013/12/29-14:57:05	58	1,505.866	66.257	1	0	1	0	0	0	0	1	0	0	1	9
2013/12/29-14:58:01	58	1,505.866	66.257	0	0	1	0	0	0	0	1	0	0	1	13
2013/12/29-15:06:46	58	1,505.866	66.257	5	0	0	1	0	0	1	1	0	0	1	18
2013/12/29-15:07:23	61	1,481.14	62.144	9	0	1	0	0	0	0	1	0	0	1	44
2013/12/29-15:08:26	61	1,481.14	62.144	3	0	1	1	0	0	0	1	0	0	1	32
2013/12/29-15:09:32	61	1,481.14	62.144	5	0	1	1	0	0	0	1	0	0	1	34
2013/12/29-15:10:25	61	1,481.14	62.144	4	0	1	2	0	0	0	1	0	0	1	30
2013/12/29-15:25:12	61	1,481.14	62.144	2	0	0	0	0	0	0	1	1	0	0	8
2013/12/29-15:25:39	61	1,481.14	62.144	4	0	0	1	0	0	0	1	1	0	0	16
2013/12/29-15:26:14	61	1,481.14	62.144	2	0	0	0	0	0	0	1	1	0	0	8
2013/12/29-15:26:41	61	1,481.14	62.144	2	0	0	0	0	0	0	1	1	0	0	8
2013/12/29-15:27:07	61	1,481.14	62.144	2	0	0	2	0	0	0	1	1	0	0	16
2013/12/29-22:03:39	60	1,502.469	62.518	2	0	1	0	0	0	0	1	0	0	1	14
2013/12/29-22:04:52	60	1,502.469	62.518	3	0	0	1	0	0	1	1	0	0	1	32
2013/12/29-22:06:11	60	1,502.469	62.518	0	0	1	0	0	0	0	1	0	0	1	19
2013/12/29-22:07:18	60	1,502.469	62.518	1	0	1	0	0	0	0	1	0	0	1	19
2013/12/29-22:08:37	60	1,502.469	62.518	4	0	1	3	0	0	0	1	0	0	1	50
2013/12/29-22:20:11	60	1,502.469	62.518	3	0	0	1	0	0	0	1	0	0	1	60
2013/12/29-22:21:30	60	1,502.469	62.518	2	0	0	0	0	0	0	1	0	0	1	60
2013/12/29-22:22:49	60	1,502.469	62.518	2	0	0	1	0	0	1	1	0	0	1	37
2013/12/29-22:23:45	60	1,502.469	62.518	1	0	0	1	0	0	0	1	0	0	1	60
2013/12/29-22:25:04	60	1,509.719	57.718	4	0	1	1	0	0	0	1	0	0	1	20
2013/12/29-22:46:22	60	1,509.719	57.718	0	0	1	0	0	0	0	1	0	0	1	14
2013/12/29-22:47:10	60	1,509.719	57.718	0	0	1	1	0	0	0	1	0	0	1	22
2013/12/29-22:50:10	60	1,509.719	57.718	0	0	1	0	0	0	0	1	0	0	1	31
2013/12/29-22:51:29	60	1,509.719	57.718	0	0	1	3	0	0	0	1	0	0	1	44
2013/12/29-22:52:32	60	1,509.719	57.718	2	0	1	0	0	0	0	1	0	0	1	12
2013/12/30-02:52:37	60	1,507.211	59.476	1	0	0	0	0	0	0	1	1	0	0	8
2013/12/30-02:53:04	60	1,507.211	59.476	4	0	0	1	1	0	0	1	1	0	0	32
2013/12/30-02:53:56	60	1,507.211	59.476	4	0	0	2	0	0	1	1	0	0	1	35
2013/12/30-02:54:49	60	1,507.211	59.476	3	0	1	2	0	0	0	1	0	0	1	30
2013/12/30-02:55:38	60	1,507.211	59.476	1	0	0	1	0	0	1	1	0	0	1	41
2013/12/30-03:11:28	58	1,536.315	56.519	1	0	1	1	0	0	0	1	0	0	1	34
2013/12/30-03:12:21	58	1,536.315	56.519	0	0	0	0	0	0	0	1	1	0	0	28
2013/12/30-03:13:08	58	1,536.315	56.519	0	0	1	0	0	0	0	1	0	0	1	22
2013/12/30-03:14:00	58	1,536.315	56.519	1	0	0	0	0	0	0	1	1	0	0	19
2013/12/30-03:14:38	58	1,536.315	56.519	1	0	1	1	0	0	0	1	0	0	1	13
2013/12/30-03:32:28	58	1,536.315	56.519	2	0	1	1	0	0	0	1	0	0	1	28
2013/12/30-03:33:15	58	1,536.315	56.519	3	0	0	1	0	0	0	1	1	0	0	44
2013/12/30-03:34:18	58	1,536.315	56.519	1	0	1	0	0	0	0	1	0	0	1	18
2013/12/30-03:35:00	58	1,536.315	56.519	0	0	1	0	0	0	0	1	0	0	1	7
2013/12/30-03:35:54	58	1,536.315	56.519	1	0	1	2	0	0	0	1	0	0	1	43
2013/12/30-10:00:33	55	1,543.067	62.505	2	0	1	3	0	0	0	1	0	0	1	34
2013/12/30-10:01:34	55	1,543.067	62.505	2	0	1	1	0	0	0	1	0	0	1	49
2013/12/30-10:02:42	55	1,543.067	62.505	2	0	1	1	0	0	0	1	0	0	1	27
2013/12/30-10:03:28	55	1,543.067	62.505	1	0	1	0	0	0	0	1	0	0	1	12
2013/12/30-10:04:14	55	1,543.067	62.505	5	0	0	2	0	0	1	1	0	0	1	36
2013/12/30-10:21:39	52	1,545.067	59.295	2	0	1	0	0	0	0	1	0	0	1	22
2013/12/30-10:22:58	52	1,545.067	59.295	6	0	1	0	0	0	0	1	0	0	1	30
2013/12/30-10:24:17	52	1,545.067	59.295	4	0	1	0	0	0	0	1	0	0	1	27
2013/12/30-10:25:03	52	1,545.067	59.295	4	0	1	1	0	0	0	1	0	0	1	31
2013/12/30-10:25:53	52	1,545.067	59.295	9	0	1	4	0	0	0	1	0	0	1	57
2013/12/30-10:40:43	52	1,545.067	59.295	3	0	1	0	0	0	0	1	0	0	1	23
2013/12/30-10:41:25	52	1,545.067	59.295	3	0	0	1	0	0	1	1	0	0	1	27
2013/12/30-10:42:12	52	1,545.067	59.295	5	0	1	2	0	0	0	1	0	0	1	36
2013/12/30-10:43:07	52	1,545.067	59.295	5	0	1	3	0	0	0	1	0	0	1	48
2013/12/30-10:44:14	52	1,545.067	59.295	1	0	1	1	0	0	0	1	0	0	1	8
2013/12/30-18:09:31	54	1,531.483	65.687	5	0	0	1	0	0	1	1	0	0	1	30
2013/12/30-18:10:21	54	1,531.483	65.687	1	0	1	1	0	0	0	1	0	0	1	24
2013/12/30-18:11:20	54	1,531.483	65.687	2	0	0	2	0	0	0	1	1	0	0	35
2013/12/30-18:12:14	54	1,531.483	65.687	1	0	1	1	0	0	0	1	0	0	1	52
2013/12/30-18:13:33	54	1,531.483	65.687	4	0	0	3	0	0	1	1	0	0	1	47
2013/12/30-18:49:42	56	1,534.618	61.787	2	0	1	2	0	0	0	1	0	0	1	49
2013/12/30-18:51:01	56	1,534.618	61.787	1	0	0	0	0	0	0	1	0	0	1	60
2013/12/30-18:52:20	56	1,534.618	61.787	5	0	0	1	0	0	0	1	1	0	0	60
2013/12/30-18:53:39	56	1,534.618	61.787	2	0	1	1	0	0	0	1	0	0	1	18
2013/12/30-18:54:16	56	1,534.618	61.787	1	0	1	1	0	0	0	1	0	0	1	46
2013/12/30-19:05:50	56	1,534.618	61.787	2	0	1	0	0	0	0	1	0	0	1	24
2013/12/30-19:07:06	56	1,534.618	61.787	10	0	0	1	0	0	0	1	1	0	0	60
2013/12/30-19:08:26	56	1,534.618	61.787	0	0	1	0	0	0	0	1	0	0	1	16
2013/12/30-19:09:22	56	1,534.618	61.787	2	0	1	0	0	0	0	1	0	0	1	14
2013/12/30-19:10:24	56	1,534.618	61.787	2	0	1	0	0	0	0	1	0	0	1	14
2013/12/31-09:28:13	58	1,530.005	75.126	5	0	0	0	1	0	1	1	0	0	1	31
2013/12/31-09:29:04	58	1,530.005	75.126	2	0	1	0	0	0	0	1	0	0	1	17
2013/12/31-09:30:23	58	1,530.005	75.126	3	0	1	0	0	0	0	1	0	0	1	35
2013/12/31-09:31:17	58	1,530.005	75.126	0	0	1	0	0	0	0	1	0	0	1	4
2013/12/31-09:31:43	58	1,530.005	75.126	2	0	1	0	0	0	0	1	0	0	1	31
2013/12/31-09:44:26	58	1,530.005	75.126	1	0	1	0	0	0	0	1	0	0	1	18
2013/12/31-09:45:03	58	1,530.005	75.126	3	0	1	0	0	0	0	1	0	0	1	31
2013/12/31-09:45:53	58	1,530.005	75.126	0	0	1	0	0	0	0	1	0	0	1	10
2013/12/31-09:46:37	58	1,530.005	75.126	0	0	1	0	0	0	0	1	0	0	1	3
2013/12/31-09:47:02	58	1,530.005	75.126	1	0	1	0	0	0	0	1	0	0	1	16
2013/12/31-09:57:12	58	1,530.005	75.126	2	0	0	0	0	0	0	1	1	0	0	8
2013/12/31-09:57:39	58	1,530.005	75.126	2	0	0	0	2	0	1	1	0	0	1	6
2013/12/31-09:58:04	58	1,530.005	75.126	16	0	0	4	0	0	0	1	1	0	0	60
2013/12/31-09:59:23	57	1,516.696	66.821	6	0	0	0	0	0	1	1	0	0	1	20
2013/12/31-10:00:01	57	1,516.696	66.821	18	0	0	10	1	0	0	1	1	0	0	60
2013/12/31-12:36:43	59	1,517.586	68.655	0	0	1	0	0	0	0	1	0	0	1	4
2013/12/31-12:37:35	59	1,517.586	68.655	1	0	0	0	0	0	1	1	0	0	1	6
2013/12/31-12:38:01	59	1,517.586	68.655	2	0	1	0	0	0	0	1	0	0	1	14
2013/12/31-12:38:44	61	1,501.245	66.138	5	0	1	1	0	0	0	1	0	0	1	35
2013/12/31-12:39:37	61	1,501.245	66.138	6	0	0	3	0	0	0	1	1	0	0	60
2013/12/31-12:50:20	61	1,501.245	66.138	7	0	0	1	0	0	0	1	1	0	0	60
2013/12/31-12:51:39	61	1,501.245	66.138	3	0	0	1	0	0	0	1	0	0	1	60
2013/12/31-12:52:58	61	1,501.245	66.138	2	0	1	0	0	0	0	1	0	0	1	11
2013/12/31-12:54:16	61	1,501.245	66.138	1	0	1	0	0	0	0	1	0	0	1	12
2013/12/31-12:55:02	61	1,501.245	66.138	10	0	0	0	0	0	0	1	1	0	0	60
2013/12/31-13:09:52	61	1,501.245	66.138	8	0	0	2	1	0	0	1	1	0	0	49
2013/12/31-13:11:01	61	1,501.245	66.138	2	0	1	0	0	0	0	1	0	0	1	9
2013/12/31-13:12:14	61	1,501.245	66.138	3	0	0	0	1	0	0	1	1	0	0	19
2013/12/31-13:12:52	61	1,501.245	66.138	0	0	1	0	0	0	0	1	0	0	1	3
2013/12/31-13:14:11	61	1,501.245	66.138	1	0	0	0	0	0	0	1	1	0	0	6
2013/12/31-16:52:28	54	1,554.658	65.697	4	0	1	0	0	0	0	1	0	0	1	20
2013/12/31-16:53:40	54	1,554.658	65.697	2	0	0	0	0	0	1	1	0	0	1	6
2013/12/31-16:54:16	54	1,554.658	65.697	3	0	0	0	0	0	1	1	0	0	1	11
2013/12/31-16:54:57	54	1,554.658	65.697	0	0	1	0	0	0	0	1	0	0	1	6
2013/12/31-16:56:08	54	1,554.658	65.697	1	0	0	0	0	0	1	1	0	0	1	3
2013/12/31-17:11:13	54	1,554.658	65.697	0	0	1	0	0	0	0	1	0	0	1	6
2013/12/31-17:11:42	54	1,554.658	65.697	2	0	1	0	0	0	0	1	0	0	1	12
2013/12/31-17:12:16	54	1,554.658	65.697	1	0	1	0	0	0	0	1	1	0	0	6
2013/12/31-17:12:41	54	1,554.658	65.697	1	0	1	0	0	0	0	1	0	0	1	3
2013/12/31-17:13:03	54	1,554.658	65.697	1	0	1	0	0	0	0	1	0	0	1	4
2013/12/31-17:24:15	59	1,507.14	60.059	8	0	0	4	0	0	0	1	1	0	0	29
2013/12/31-17:25:03	59	1,507.14	60.059	0	0	1	0	0	0	0	1	0	0	1	4
2013/12/31-17:25:26	59	1,507.14	60.059	13	0	0	0	1	0	0	1	1	0	0	45
2013/12/31-17:26:30	59	1,507.14	60.059	11	0	0	0	0	0	0	1	1	0	0	37
2013/12/31-17:27:26	59	1,507.14	60.059	3	0	0	1	0	0	0	1	1	0	0	18
2013/12/31-20:56:47	58	1,514.238	63.498	6	0	1	4	0	0	0	1	0	0	1	43
2013/12/31-20:58:00	58	1,514.238	63.498	3	0	0	0	0	0	1	1	0	0	1	15
2013/12/31-20:59:19	58	1,514.238	63.498	1	0	1	0	0	0	0	1	0	0	1	9
2013/12/31-20:59:47	58	1,514.238	63.498	0	0	1	0	0	0	0	1	0	0	1	5
2013/12/31-21:01:04	58	1,514.238	63.498	0	0	1	0	0	0	0	1	0	0	1	6
2013/12/31-21:10:32	58	1,514.238	63.498	1	0	1	0	0	0	0	1	0	0	1	6
2013/12/31-21:10:57	58	1,514.238	63.498	2	0	1	2	0	0	0	1	0	0	1	49
2013/12/31-21:12:05	58	1,514.238	63.498	1	0	1	0	0	0	0	1	0	0	1	15
2013/12/31-21:12:38	62	1,498.187	58.938	0	0	1	0	0	0	0	1	0	0	1	6
2013/12/31-21:13:05	62	1,498.187	58.938	1	0	1	0	0	0	0	1	1	0	0	6
2013/12/31-21:25:32	62	1,498.187	58.938	10	0	0	0	0	0	0	1	1	0	0	46
2013/12/31-21:26:37	62	1,498.187	58.938	0	0	0	0	0	0	0	1	1	0	0	8
2013/12/31-21:27:04	62	1,498.187	58.938	1	0	0	0	0	0	0	1	1	0	0	8
2013/12/31-21:27:31	62	1,498.187	58.938	5	0	0	0	0	0	0	1	1	0	0	27
2013/12/31-21:28:17	62	1,498.187	58.938	2	0	0	0	0	0	0	1	1	0	0	8
2014/01/01-01:50:27	62	1,507.965	64.305	1	0	0	0	0	0	1	1	0	0	1	6
2014/01/01-01:51:28	62	1,507.965	64.305	7	0	0	3	0	0	0	1	0	0	1	60
2014/01/01-01:52:47	62	1,507.965	64.305	0	0	1	0	0	0	0	1	0	0	1	4
2014/01/01-01:54:06	62	1,507.965	64.305	8	0	1	0	0	0	0	1	0	0	1	43
2014/01/01-01:55:08	62	1,507.965	64.305	1	0	1	0	0	0	0	1	0	0	1	14
2014/01/01-02:03:43	62	1,507.965	64.305	0	0	1	0	0	0	0	1	0	0	1	3
2014/01/01-02:05:01	62	1,507.965	64.305	2	0	1	0	1	0	0	1	0	0	1	41
2014/01/01-02:06:02	62	1,507.965	64.305	1	0	1	0	0	0	0	1	0	0	1	6
2014/01/01-02:07:21	62	1,507.965	64.305	11	0	0	2	0	0	0	1	1	0	0	60
2014/01/01-02:08:40	62	1,507.965	64.305	12	0	0	0	0	0	0	1	1	0	0	60
2014/01/01-02:23:10	60	1,514.259	58.721	3	0	0	0	0	0	1	1	0	0	1	11
2014/01/01-02:23:40	60	1,514.259	58.721	0	0	1	0	0	0	0	1	0	0	1	4
2014/01/01-02:24:06	60	1,514.259	58.721	2	0	0	0	0	0	1	1	0	0	1	7
2014/01/01-02:24:40	60	1,514.259	58.721	7	0	1	1	0	0	0	1	0	0	1	42
2014/01/01-02:25:41	60	1,514.259	58.721	3	0	0	0	0	0	0	1	1	0	0	23
2014/01/01-06:07:35	60	1,499.176	62.178	4	0	1	0	0	0	0	1	0	0	1	23
2014/01/01-06:08:30	60	1,499.176	62.178	1	0	1	0	0	0	0	1	0	0	1	12
2014/01/01-06:09:10	60	1,499.176	62.178	1	0	0	0	0	0	1	1	0	0	1	5
2014/01/01-06:09:36	60	1,499.176	62.178	0	0	1	0	0	0	0	1	0	0	1	5
2014/01/01-06:10:06	60	1,488.283	59.686	2	0	1	0	0	0	0	1	0	0	1	14
2014/01/01-06:10:56	60	1,488.283	59.686	1	0	1	0	0	0	0	1	0	0	1	9
2014/01/01-06:12:10	60	1,488.283	59.686	1	0	1	0	0	0	0	1	0	0	1	14
2014/01/01-06:12:42	60	1,488.283	59.686	0	0	1	0	0	0	0	1	0	0	1	6
2014/01/01-06:13:08	60	1,488.283	59.686	1	0	0	0	0	0	1	1	0	0	1	5
2014/01/01-06:13:32	60	1,488.283	59.686	2	0	0	0	0	0	0	1	1	0	0	25
2014/01/01-06:28:27	60	1,488.283	59.686	2	0	0	0	0	0	0	1	1	0	0	13
2014/01/01-06:28:59	60	1,488.283	59.686	1	0	1	0	0	0	0	1	0	0	1	13
2014/01/01-06:29:40	60	1,488.283	59.686	1	0	0	0	0	0	1	1	0	0	1	6
2014/01/01-06:30:06	60	1,488.283	59.686	10	0	0	0	1	0	0	1	1	0	0	60
2014/01/01-06:31:25	60	1,488.283	59.686	0	0	1	0	0	0	0	1	0	0	1	6
2014/01/01-10:05:42	59	1,487.61	61.576	5	0	0	0	0	0	0	1	0	0	1	60
2014/01/01-10:07:01	59	1,487.61	61.576	4	0	1	0	0	0	0	1	0	0	1	22
2014/01/01-10:07:42	59	1,487.61	61.576	1	0	0	0	0	0	1	1	0	0	1	3
2014/01/01-10:08:07	59	1,487.61	61.576	3	0	0	1	0	0	0	1	1	0	0	60
2014/01/01-10:09:26	59	1,487.61	61.576	0	0	1	0	0	0	0	1	0	0	1	5
2014/01/01-10:15:25	59	1,487.61	61.576	4	0	0	1	0	0	0	1	1	0	0	60
2014/01/01-10:16:44	59	1,487.61	61.576	10	0	0	2	0	0	0	1	0	0	1	60
2014/01/01-10:18:03	59	1,487.61	61.576	2	0	1	0	0	0	0	1	0	0	1	8
2014/01/01-10:19:08	59	1,487.61	61.576	0	0	1	0	0	0	0	1	0	0	1	7
2014/01/01-10:19:52	59	1,487.61	61.576	5	0	0	0	0	0	0	1	1	0	0	34
2014/01/01-10:35:19	59	1,487.61	61.576	1	0	1	0	0	0	0	1	0	0	1	14
2014/01/01-10:36:38	59	1,487.61	61.576	1	0	1	0	0	0	0	1	0	0	1	19
2014/01/01-10:37:16	58	1,530.69	55.999	1	0	0	0	0	0	1	1	0	0	1	3
2014/01/01-10:38:34	58	1,530.69	55.999	3	0	0	1	0	0	1	1	0	0	1	31
2014/01/01-10:39:54	58	1,530.69	55.999	1	0	1	0	0	0	0	1	0	0	1	15
2014/01/01-14:19:07	58	1,524.047	60.543	2	0	0	0	0	0	1	1	0	0	1	10
2014/01/01-14:19:58	58	1,524.047	60.543	7	0	0	1	0	0	1	1	0	0	1	31
2014/01/01-14:20:48	58	1,524.047	60.543	0	0	1	0	0	0	0	1	0	0	1	6
2014/01/01-14:21:13	58	1,524.047	60.543	13	0	0	1	0	0	0	1	1	0	0	60
2014/01/01-14:22:32	58	1,524.047	60.543	2	0	1	0	0	0	0	1	0	0	1	15
2014/01/01-14:42:40	58	1,528.157	58.315	1	0	1	0	0	0	0	1	0	0	1	13
2014/01/01-14:43:25	58	1,528.157	58.315	3	0	1	3	0	0	0	1	0	0	1	37
2014/01/01-14:44:21	58	1,528.157	58.315	0	0	1	0	0	0	0	1	0	0	1	5
2014/01/01-14:44:46	58	1,528.157	58.315	8	0	1	0	0	0	0	1	0	0	1	31
2014/01/01-14:45:36	58	1,528.157	58.315	0	0	1	0	0	0	0	1	0	0	1	7
2014/01/01-14:55:54	58	1,528.157	58.315	1	0	1	0	0	0	0	1	0	0	1	3
2014/01/01-14:56:24	58	1,528.157	58.315	6	0	1	0	0	0	0	1	0	0	1	33
2014/01/01-14:57:43	58	1,528.157	58.315	1	0	0	0	0	0	0	1	1	0	0	8
2014/01/01-14:58:09	58	1,528.157	58.315	2	0	0	0	0	0	1	1	0	0	1	9
2014/01/01-14:58:37	58	1,528.157	58.315	0	0	1	0	0	0	0	1	0	0	1	4
2014/01/02-01:18:39	56	1,535.127	61.951	6	0	0	1	0	0	0	1	0	0	1	60
2014/01/02-01:19:58	56	1,535.127	61.951	1	0	0	0	0	0	1	1	0	0	1	3
2014/01/02-01:20:32	56	1,535.127	61.951	1	0	1	0	0	0	0	1	0	0	1	13
2014/01/02-01:21:09	56	1,535.127	61.951	1	0	1	0	0	0	0	1	0	0	1	16
2014/01/02-01:21:44	56	1,535.127	61.951	0	0	1	0	0	0	0	1	0	0	1	5
2014/01/02-01:36:37	56	1,535.127	61.951	5	0	0	0	0	0	1	1	0	0	1	17
2014/01/02-01:37:12	56	1,535.127	61.951	17	0	0	1	0	0	0	1	1	0	0	60
2014/01/02-01:38:31	58	1,508.262	58.617	2	0	1	0	0	0	0	1	1	0	0	9
2014/01/02-01:38:59	58	1,508.262	58.617	0	0	0	0	0	0	0	1	1	0	0	3
2014/01/02-01:39:22	58	1,508.262	58.617	0	0	0	0	0	0	0	1	1	0	0	60
2014/01/02-01:52:10	58	1,508.262	58.617	1	0	0	0	0	0	1	1	0	0	1	3
2014/01/02-01:52:47	58	1,508.262	58.617	8	0	0	6	0	0	0	1	1	0	0	60
2014/01/02-01:54:06	58	1,508.262	58.617	0	0	1	0	0	0	0	1	0	0	1	5
2014/01/02-01:55:20	58	1,508.262	58.617	2	0	1	0	0	0	0	1	0	0	1	16
2014/01/02-01:55:57	58	1,508.262	58.617	0	0	1	0	0	0	0	1	0	0	1	3
2014/01/02-05:29:49	59	1,496.304	60.88	3	0	0	0	0	0	1	1	0	0	1	56
2014/01/02-05:31:08	59	1,496.304	60.88	0	0	0	1	0	0	0	1	1	0	0	60
2014/01/02-05:32:27	59	1,496.304	60.88	4	0	1	4	0	0	0	1	0	0	1	32
2014/01/02-05:33:18	59	1,496.304	60.88	0	0	1	0	0	0	0	1	0	0	1	21
2014/01/02-05:34:37	59	1,496.304	60.88	1	0	1	0	0	0	0	1	0	0	1	15
2014/01/02-05:53:37	57	1,508.81	58.172	2	0	1	0	0	0	0	1	0	0	1	13
2014/01/02-05:54:15	57	1,508.81	58.172	1	0	0	0	0	0	0	1	1	0	0	28
2014/01/02-05:55:02	57	1,508.81	58.172	1	0	1	0	0	0	0	1	0	0	1	22
2014/01/02-05:55:43	57	1,508.81	58.172	12	0	1	4	1	0	0	1	0	0	1	58
2014/01/02-05:57:00	57	1,508.81	58.172	0	0	0	0	0	0	0	1	1	0	0	37
2014/01/02-06:09:44	57	1,508.81	58.172	4	0	0	0	0	0	0	1	1	0	0	60
2014/01/02-06:11:03	57	1,508.81	58.172	0	0	1	0	0	0	0	1	0	0	1	6
2014/01/02-06:11:28	57	1,508.81	58.172	0	0	1	0	0	0	0	1	0	0	1	27
2014/01/02-06:12:15	57	1,508.81	58.172	1	0	1	1	0	0	0	1	0	0	1	43
2014/01/02-06:13:34	57	1,508.81	58.172	1	0	1	0	0	0	0	1	0	0	1	15
2014/01/02-10:33:47	58	1,521.714	60.963	1	0	0	0	0	0	1	1	0	0	1	6
2014/01/02-10:34:18	58	1,521.714	60.963	10	0	0	0	1	0	0	1	1	0	0	60
2014/01/02-10:35:37	58	1,521.714	60.963	2	0	1	0	0	0	0	1	0	0	1	59
2014/01/02-10:36:55	58	1,521.714	60.963	1	0	0	0	0	0	0	1	1	0	0	6
2014/01/02-10:37:19	58	1,521.714	60.963	4	0	1	2	0	0	0	1	0	0	1	57
2014/01/02-10:57:12	58	1,521.714	60.963	1	0	1	0	0	0	0	1	0	0	1	15
2014/01/02-10:57:46	58	1,521.714	60.963	1	0	1	0	0	0	0	1	0	0	1	3
2014/01/02-10:58:15	58	1,521.714	60.963	3	0	1	0	0	0	0	1	0	0	1	44
2014/01/02-10:59:18	58	1,521.714	60.963	1	0	1	0	0	0	0	1	0	0	1	19
2014/01/02-11:00:12	58	1,521.714	60.963	2	0	0	0	1	0	1	1	0	0	1	11
2014/01/02-11:09:19	56	1,537.726	56.221	4	0	0	3	0	0	1	1	0	0	1	20
2014/01/02-11:10:28	56	1,537.726	56.221	3	0	0	0	2	0	0	1	1	0	0	15
2014/01/02-11:11:02	56	1,537.726	56.221	2	0	1	0	0	0	0	1	0	0	1	13
2014/01/02-11:11:51	56	1,537.726	56.221	1	0	1	0	0	0	0	1	0	0	1	13
2014/01/02-11:12:27	56	1,537.726	56.221	3	0	1	0	0	0	0	1	0	0	1	13
2014/01/02-15:37:38	56	1,530.563	61.874	0	0	1	0	0	0	0	1	0	0	1	4
2014/01/02-15:38:06	56	1,530.563	61.874	1	0	1	0	0	0	0	1	0	0	1	14
2014/01/02-15:38:50	56	1,530.563	61.874	2	0	1	0	0	0	0	1	0	0	1	22
2014/01/02-15:39:40	56	1,530.563	61.874	0	0	1	0	0	0	0	1	0	0	1	12
2014/01/02-15:40:53	56	1,530.563	61.874	3	0	0	0	0	0	1	1	0	0	1	16
2014/01/02-15:46:55	56	1,530.563	61.874	11	0	0	1	0	0	0	1	1	0	0	60
2014/01/02-15:48:14	56	1,530.563	61.874	5	0	1	1	0	0	0	1	0	0	1	33
2014/01/02-15:49:05	56	1,530.563	61.874	1	0	0	0	0	0	1	1	0	0	1	3
2014/01/02-15:49:31	56	1,530.563	61.874	1	0	1	0	0	0	0	1	0	0	1	13
2014/01/02-15:50:18	56	1,530.563	61.874	1	0	1	0	0	0	0	1	0	0	1	13
2014/01/02-16:03:16	56	1,530.563	61.874	7	0	0	0	1	0	1	1	0	0	1	25
2014/01/02-16:04:00	56	1,530.563	61.874	9	0	0	1	0	0	1	1	0	0	1	48
2014/01/02-16:05:07	56	1,530.563	61.874	3	0	0	0	0	0	0	1	1	0	0	15
2014/01/02-16:05:41	56	1,530.563	61.874	0	0	1	0	0	0	0	1	0	0	1	4
2014/01/02-16:06:04	56	1,530.563	61.874	0	0	1	0	0	0	0	1	0	0	1	4
2014/01/02-22:54:44	59	1,484.279	63.15	2	0	1	0	0	0	0	1	0	0	1	14
2014/01/02-22:55:21	59	1,484.279	63.15	0	0	1	0	0	0	0	1	0	0	1	3
2014/01/02-22:55:44	59	1,484.279	63.15	0	0	0	0	0	0	0	1	1	0	0	13
2014/01/02-22:56:16	59	1,484.279	63.15	2	0	0	0	0	0	0	1	1	0	0	22
2014/01/02-22:56:57	59	1,484.279	63.15	1	0	1	0	0	0	0	1	0	0	1	3
2014/01/02-23:15:56	59	1,484.279	63.15	0	0	1	0	0	0	0	1	0	0	1	8
2014/01/02-23:16:27	59	1,484.279	63.15	1	0	1	1	0	0	0	1	0	0	1	27
2014/01/02-23:17:13	59	1,484.279	63.15	1	0	0	0	0	0	1	1	0	0	1	6
2014/01/02-23:17:38	61	1,488.714	59.087	1	0	1	0	0	0	0	1	0	0	1	13
2014/01/02-23:18:44	61	1,488.714	59.087	0	0	1	0	0	0	0	1	0	0	1	6
2014/01/02-23:28:53	61	1,488.714	59.087	3	0	1	0	0	0	0	1	0	0	1	17
2014/01/02-23:30:12	61	1,488.714	59.087	0	0	0	0	0	0	0	1	1	0	0	4
2014/01/02-23:30:35	61	1,488.714	59.087	1	0	0	0	0	0	1	1	0	0	1	3
2014/01/02-23:31:32	61	1,488.714	59.087	1	0	0	0	0	0	1	1	0	0	1	7
2014/01/02-23:32:01	61	1,488.714	59.087	1	0	1	0	0	0	0	1	0	0	1	20
2014/01/03-03:47:46	64	1,471.35	62.464	0	0	1	0	0	0	0	1	0	0	1	8
2014/01/03-03:48:49	64	1,471.35	62.464	6	0	1	0	0	0	0	1	0	0	1	57
2014/01/03-03:50:04	64	1,471.35	62.464	0	0	1	0	0	0	0	1	0	0	1	20
2014/01/03-03:50:54	64	1,471.35	62.464	1	0	1	0	0	0	0	1	0	0	1	30
2014/01/03-03:52:13	64	1,471.35	62.464	1	0	1	0	0	0	0	1	0	0	1	10
2014/01/03-04:10:22	64	1,475.672	59.789	12	0	0	0	0	0	0	1	1	0	0	60
2014/01/03-04:11:41	64	1,475.672	59.789	5	0	0	1	0	0	1	1	0	0	1	43
2014/01/03-04:12:54	64	1,475.672	59.789	10	0	0	0	0	0	0	1	1	0	0	60
2014/01/03-04:14:13	64	1,475.672	59.789	6	0	0	0	0	0	0	1	1	0	0	60
2014/01/03-04:15:32	64	1,475.672	59.789	2	0	1	0	0	0	0	1	0	0	1	14
2014/01/03-04:26:19	64	1,475.672	59.789	1	0	1	0	0	0	0	1	0	0	1	19
2014/01/03-04:27:37	64	1,475.672	59.789	1	0	0	0	0	0	0	1	1	0	0	60
2014/01/03-04:28:57	61	1,494.443	56.772	0	0	1	0	0	0	0	1	0	0	1	6
2014/01/03-04:30:09	61	1,494.443	56.772	0	0	1	0	0	0	0	1	0	0	1	5
2014/01/03-04:31:28	61	1,494.443	56.772	0	0	1	0	0	0	0	1	0	0	1	21
2014/01/03-08:12:18	62	1,485.092	61.245	2	0	1	0	0	0	0	1	0	0	1	13
2014/01/03-08:12:50	62	1,485.092	61.245	0	0	1	0	0	0	0	1	0	0	1	4
2014/01/03-08:13:24	62	1,485.092	61.245	5	0	1	2	0	0	0	1	0	0	1	20
2014/01/03-08:14:03	62	1,485.092	61.245	2	0	1	0	0	0	0	1	0	0	1	10
2014/01/03-08:14:41	62	1,485.092	61.245	3	0	1	1	0	0	0	1	0	0	1	33
2014/01/03-08:24:05	62	1,485.092	61.245	4	0	0	0	1	0	1	1	0	0	1	29
2014/01/03-08:25:01	62	1,485.092	61.245	3	0	1	0	0	0	0	1	0	0	1	28
2014/01/03-08:25:49	62	1,485.092	61.245	1	0	1	0	0	0	0	1	0	0	1	31
2014/01/03-08:27:05	62	1,485.092	61.245	12	0	1	8	1	0	0	1	0	0	1	51
2014/01/03-08:28:14	62	1,485.092	61.245	2	0	1	0	0	0	0	1	0	0	1	16
2014/01/03-08:42:21	61	1,483.185	56.119	13	0	0	2	0	0	1	1	0	0	1	58
2014/01/03-08:43:38	61	1,483.185	56.119	1	0	1	0	0	0	0	1	0	0	1	3
2014/01/03-08:44:18	61	1,483.185	56.119	3	0	0	0	0	0	1	1	0	0	1	21
2014/01/03-08:44:58	61	1,483.185	56.119	9	0	0	0	0	0	0	1	1	0	0	31
2014/01/03-08:45:48	61	1,483.185	56.119	4	0	0	0	2	0	0	1	1	0	0	17
2014/01/04-13:38:27	59	1,488.18	62.135	10	0	1	2	0	0	0	1	0	0	1	58
2014/01/04-13:39:47	59	1,488.18	62.135	5	0	0	0	0	0	0	1	1	0	0	60
2014/01/04-13:41:06	59	1,488.18	62.135	0	0	1	0	0	0	0	1	0	0	1	4
2014/01/04-13:42:25	59	1,488.18	62.135	15	0	0	0	0	0	0	1	0	0	1	60
2014/01/04-13:43:44	59	1,488.18	62.135	9	0	0	2	0	0	1	1	0	0	1	54
2014/01/04-13:51:55	59	1,488.18	62.135	11	0	0	2	0	0	0	1	1	0	0	60
2014/01/04-13:53:14	59	1,488.18	62.135	1	0	1	1	0	0	0	1	0	0	1	55
2014/01/04-13:54:33	59	1,488.18	62.135	9	0	0	3	1	0	0	1	1	0	0	60
2014/01/04-13:55:52	59	1,488.18	62.135	0	0	1	0	0	0	0	1	0	0	1	4
2014/01/04-13:57:11	59	1,488.18	62.135	2	0	1	0	0	0	0	1	0	0	1	13
2014/01/04-14:12:45	59	1,488.18	62.135	0	0	1	0	0	0	0	1	0	0	1	4
2014/01/04-14:13:10	60	1,471.932	56.184	0	0	1	0	0	0	0	1	0	0	1	16
2014/01/04-14:13:44	60	1,471.932	56.184	0	0	1	0	0	0	0	1	0	0	1	3
2014/01/04-14:14:06	60	1,471.932	56.184	0	0	0	1	0	0	0	1	1	0	0	33
2014/01/04-14:14:58	60	1,471.932	56.184	1	0	1	0	0	0	0	1	0	0	1	16
2014/01/04-19:52:08	60	1,479.095	63.294	5	0	1	1	0	0	0	1	0	0	1	48
2014/01/04-19:53:16	60	1,479.095	63.294	0	0	1	0	0	0	0	1	0	0	1	3
2014/01/04-19:53:38	60	1,479.095	63.294	0	0	1	0	0	0	0	1	0	0	1	5
2014/01/04-19:54:03	60	1,479.095	63.294	2	0	1	6	0	0	0	1	0	0	1	21
2014/01/04-19:54:43	60	1,479.095	63.294	4	0	0	0	1	0	1	1	1	0	0	33
2014/01/04-20:06:15	60	1,479.095	63.294	5	0	0	1	0	0	0	1	1	0	0	60
2014/01/04-20:07:34	60	1,479.095	63.294	4	0	0	0	0	0	1	1	0	0	1	52
2014/01/04-20:08:48	60	1,479.095	63.294	1	0	1	0	0	0	0	1	0	0	1	12
2014/01/04-20:09:23	60	1,479.095	63.294	1	0	1	0	0	0	0	1	0	0	1	8
2014/01/04-20:10:42	60	1,479.095	63.294	0	0	1	0	0	0	0	1	0	0	1	3
2014/01/04-20:25:12	61	1,486.643	57.532	2	0	1	0	0	0	0	1	0	0	1	12
2014/01/04-20:26:04	61	1,486.643	57.532	2	0	0	0	0	0	0	1	1	0	0	15
2014/01/04-20:26:38	61	1,486.643	57.532	4	0	1	1	0	0	0	1	0	0	1	53
2014/01/04-20:27:58	61	1,486.643	57.532	10	0	1	5	0	0	0	1	0	0	1	45
2014/01/04-20:29:17	61	1,486.643	57.532	4	0	0	0	0	0	0	1	1	0	0	23
2014/01/05-09:03:52	56	1,498.054	62.775	1	0	1	1	0	0	0	1	0	0	1	26
2014/01/05-09:04:39	56	1,498.054	62.775	6	0	1	0	0	0	0	1	0	0	1	23
2014/01/05-09:05:28	56	1,498.054	62.775	1	0	1	0	1	0	0	1	0	0	1	12
2014/01/05-09:06:46	56	1,498.054	62.775	0	0	1	0	0	0	0	1	0	0	1	5
2014/01/05-09:07:14	56	1,498.054	62.775	3	0	1	0	0	0	0	1	0	0	1	16
2014/01/05-09:24:51	58	1,491.392	59.795	3	0	1	0	0	0	0	1	0	0	1	42
2014/01/05-09:25:52	58	1,491.392	59.795	1	0	0	0	0	0	0	1	1	0	0	10
2014/01/05-09:26:21	58	1,491.392	59.795	1	0	1	0	0	0	0	1	0	0	1	3
2014/01/05-09:26:53	58	1,491.392	59.795	3	0	0	0	1	0	0	1	1	0	0	16
2014/01/05-09:27:28	58	1,491.392	59.795	2	0	0	0	1	0	0	1	1	0	0	14
2014/01/05-09:39:33	58	1,491.392	59.795	2	0	1	0	0	0	0	1	0	0	1	9
2014/01/05-09:40:04	58	1,491.392	59.795	7	0	1	2	0	0	0	1	0	0	1	38
2014/01/05-09:41:14	58	1,491.392	59.795	1	0	1	0	1	0	0	1	0	0	1	3
2014/01/05-09:41:37	58	1,498.031	56.085	3	0	1	0	0	0	0	1	0	0	1	49
2014/01/05-09:42:56	58	1,498.031	56.085	1	0	0	0	0	0	1	1	0	0	1	6
2014/01/05-16:40:34	59	1,486.982	60.897	5	0	1	2	0	0	0	1	0	0	1	36
2014/01/05-16:41:30	59	1,486.982	60.897	1	0	1	0	0	0	0	1	0	0	1	25
2014/01/05-16:42:14	59	1,486.982	60.897	4	0	0	2	0	0	1	1	0	0	1	35
2014/01/05-16:43:09	59	1,486.982	60.897	1	0	1	1	0	0	0	1	0	0	1	16
2014/01/05-16:44:07	59	1,486.982	60.897	2	0	1	0	0	0	0	1	0	0	1	27
2014/01/05-16:51:59	59	1,486.982	60.897	0	0	0	0	0	0	0	1	1	0	0	28
2014/01/05-16:52:42	59	1,486.982	60.897	8	0	1	3	0	0	0	1	0	0	1	46
2014/01/05-16:53:47	57	1,502.408	57.548	9	0	0	1	0	0	1	1	0	0	1	54
2014/01/05-16:55:00	57	1,502.408	57.548	7	0	0	1	1	0	0	1	1	0	0	34
2014/01/05-16:55:53	57	1,502.408	57.548	3	0	0	1	1	0	1	1	0	0	1	14
2014/01/05-17:11:39	57	1,502.408	57.548	10	0	0	2	1	0	1	1	0	0	1	52
2014/01/05-17:12:50	57	1,502.408	57.548	4	0	0	2	0	0	1	1	0	0	1	44
2014/01/05-17:14:11	57	1,502.408	57.548	4	0	0	3	0	0	0	1	1	0	0	60
2014/01/05-17:15:32	57	1,502.408	57.548	7	0	0	2	0	0	0	1	1	0	0	60
2014/01/05-17:16:52	57	1,502.408	57.548	7	0	0	1	0	0	1	1	0	0	1	54
2014/01/05-22:35:21	51	1,535.909	59.777	3	0	1	1	0	0	0	1	0	0	1	39
2014/01/05-22:36:30	51	1,535.909	59.777	0	0	1	0	0	0	0	1	0	0	1	24
2014/01/05-22:37:12	51	1,535.909	59.777	5	0	1	1	0	0	0	1	0	0	1	46
2014/01/05-22:38:17	51	1,535.909	59.777	4	0	0	1	0	0	1	1	0	0	1	46
2014/01/05-22:39:22	51	1,544.201	58.134	1	0	0	0	0	0	0	1	1	0	0	23
