196
45
69;1713.6539532964553;45.246064349204815;0.07584812789394935;3
70;1620.6118351265677;44.753860523463146;0.06434804358826725;0
2;1628.4335017513827;78.4175661230364;0.07060227291222117;0
71;1716.8401407428585;44.112069433749085;0.0601657738091152;0
3;1393.4956743870925;65.87402467339254;0.06250449763573537;0
4;1868.8873815959223;66.08193591356823;0.06814944702702093;5
5;1605.8973468390673;57.12510881882801;0.05869736256653171;0
65;1697.8535564523404;48.00078035831103;0.06654887105052831;3
6;1487.0227810376418;62.685735241071626;0.06295641528639681;0
7;1050.9180818920502;89.14075871159694;0.061206621246839316;0
76;1639.8954543473822;48.426646292578255;0.061362573245562095;5
8;1593.0973920870147;52.327116808761716;0.07194365426608024;0
77;1651.626875501201;50.32353668962031;0.06693846366262313;3
9;1621.9284194901975;63.67430776761154;0.05909028989305961;0
10;1610.6686210711403;66.82784500377593;0.05943448617806348;0
11;1288.2958028350683;66.25608302493733;0.06242489496183469;0
72;1638.920680357283;53.093162614056254;0.06457197356414575;0
12;1488.9093190698793;67.30883057574948;0.06450195837731354;0
73;1541.3162151439967;57.62232783037119;0.06120341911120655;3
13;1618.1247769418042;65.78684037970142;0.06038999503311513;0
74;1490.2242349348235;58.251060893079796;0.06300076085858654;5
14;1584.0218730614204;58.088006179417675;0.06778792290087997;0
75;1615.0171144390745;51.81123552332814;0.06321715256436755;0
15;1643.5596372251086;60.730891100369426;0.06149562241158294;0
17;1529.38091928848;63.14517924775648;0.06312370746538372;0
16;1417.4254518922205;76.02456723328947;0.061510532051113634;0
18;1601.5894959349735;42.81340680053851;0.06789690347144292;0
27;1609.6565888223126;53.07742961126565;0.06030661370072219;0
88;1800.7709655120277;47.13612963996781;0.06698100628215238;10
91;1556.7613907077398;44.702663065903195;0.062267352727560454;0
90;1715.438816112493;49.12617403698857;0.0667576590753724;10
32;1211.9346657464619;76.27089455173353;0.06826195193800136;0
51;1708.6879129428705;53.08662918980823;0.06249973364856654;0
55;1709.2888581084753;55.21336248606586;0.06321422278081064;0
54;1644.6744377498305;50.11885478347455;0.0608901421069237;0
53;1951.4782355957796;73.4821327714976;0.062496797093107154;0
52;1723.1992814627308;72.69872611723991;0.06381924885861089;0
59;1859.5005368997358;55.59054574876878;0.06760104531507832;5
58;1862.3055919845979;46.48829666333914;0.07665579608939418;0
57;1713.841903258792;42.03368315775869;0.06695915905513798;0
56;1569.335561200136;65.6748708051537;0.07153425706322089;0
63;1548.8262483835215;75.60579475624577;0.06625337707584353;0
62;1406.5815504527613;54.92271967384412;0.06112267051738519;0
61;1601.425486687628;73.13918511945292;0.06351569009699068;0
60;1744.184136100699;55.63711704730117;0.06605845862516382;0
45
69
3;9
65;0.0
77;0.0
73;1.0
65;0.0
77;0.0
73;1.0
65;1.0
77;0.0
73;1.0
70
0;0
2
0;0
71
0;0
3
0;0
4
5;15
59;0.0
88;1.0
90;0.0
59;1.0
88;0.0
90;0.0
59;1.0
88;0.0
90;0.0
59;0.0
88;0.0
90;0.0
59;0.0
88;0.0
90;0.0
5
0;0
65
3;9
69;1.0
77;0.0
73;1.0
69;1.0
77;0.5
73;1.0
69;0.0
77;0.0
73;1.0
6
0;0
7
0;0
76
5;15
88;1.0
74;0.0
90;0.0
88;1.0
74;0.0
90;0.0
88;0.0
74;1.0
90;1.0
88;0.0
74;1.0
90;1.0
88;0.0
74;1.0
90;1.0
8
0;0
77
3;9
69;1.0
65;1.0
73;1.0
69;1.0
65;0.5
73;1.0
69;1.0
65;1.0
73;1.0
9
0;0
10
0;0
11
0;0
72
0;0
12
0;0
73
3;9
69;0.0
65;0.0
77;0.0
69;0.0
65;0.0
77;0.0
69;0.0
65;0.0
77;0.0
13
0;0
74
5;15
76;1.0
88;1.0
90;0.0
76;1.0
88;1.0
90;0.0
76;0.0
88;0.0
90;0.0
76;0.0
88;0.0
90;0.5
76;0.0
88;0.0
90;0.0
14
0;0
75
0;0
15
0;0
17
0;0
16
0;0
18
0;0
27
0;0
88
10;30
76;0.0
74;0.0
90;0.0
76;0.0
74;0.0
90;0.0
76;1.0
74;1.0
90;1.0
76;1.0
74;1.0
90;1.0
76;1.0
74;1.0
90;1.0
4;0.0
59;0.0
90;0.0
4;1.0
59;1.0
90;0.5
4;1.0
59;1.0
90;0.0
4;1.0
59;1.0
90;0.5
4;1.0
59;0.0
90;1.0
91
0;0
90
10;30
76;1.0
88;1.0
74;1.0
76;1.0
88;1.0
74;1.0
76;0.0
88;0.0
74;1.0
76;0.0
88;0.0
74;0.5
76;0.0
88;0.0
74;1.0
4;1.0
59;0.0
88;1.0
4;1.0
59;1.0
88;0.5
4;1.0
59;1.0
88;1.0
4;1.0
59;1.0
88;0.5
4;1.0
59;0.0
88;0.0
32
0;0
51
0;0
55
0;0
54
0;0
53
0;0
52
0;0
59
5;15
4;1.0
88;1.0
90;1.0
4;0.0
88;0.0
90;0.0
4;0.0
88;0.0
90;0.0
4;1.0
88;0.0
90;0.0
4;1.0
88;1.0
90;1.0
58
0;0
57
0;0
56
0;0
63
0;0
62
0;0
61
0;0
60
0;0
