position:453.4618757672262,679.0 (11,6) -> 453.4618757672262,678.5390625 (11,6) [UP]
PotentialObstacle:512.0,620.0
position:453.0009382672262,679.0 (11,6) -> 453.0009382672262,678.5390625 (11,6) [UP]
position:453.0009382672262,678.5390625 (11,6) -> 453.0009382672262,678.078125 (11,6) [UP]
position:453.0009382672262,678.078125 (11,6) -> 453.0009382672262,677.6171875 (11,6) [UP]
position:453.0009382672262,677.6171875 (11,6) -> 453.0009382672262,677.15625 (11,6) [UP]
position:453.0009382672262,677.15625 (11,6) -> 453.0009382672262,676.6953125 (11,6) [UP]
position:453.0009382672262,676.6953125 (11,6) -> 453.0009382672262,676.234375 (11,6) [UP]
position:453.0009382672262,676.234375 (11,6) -> 453.32359451722624,675.91171875 (11,6) [UPRIGHT]
PotentialObstacle:512.0,620.0




453.0000209459596 679.0
453.0000068792634 620.0
456.6875068792634 620.0