2013/09/02-13:33:51	10	1,500	350	3	0	0	1	1	0	0	1	1	0	0	8
2013/09/02-13:34:17	10	1,500	350	3	0	0	0	0	0	0	1	1	0	0	13
2013/09/02-13:34:49	10	1,500	350	1	0	0	0	1	0	1	1	0	0	1	3
2013/09/02-13:35:14	10	1,500	350	4	0	0	0	2	0	1	1	0	0	1	9
2013/09/02-13:35:41	10	1,500	350	8	0	0	0	2	0	0	1	1	0	0	6
2013/09/02-14:11:24	10	1,500	350	4	0	0	4	0	0	0	1	1	0	0	18
2013/09/02-14:12:01	3	2,021.816	271.847	8	0	0	0	0	0	1	1	0	0	1	6
2013/09/02-14:13:20	3	2,021.816	271.847	6	0	0	1	0	0	1	1	0	0	1	13
2013/09/02-14:14:21	3	2,021.816	271.847	2	0	1	0	1	0	0	1	0	0	1	3
2013/09/02-14:14:51	3	2,021.816	271.847	4	0	0	0	0	0	1	1	0	0	1	8
2013/09/02-14:22:23	3	2,021.816	271.847	1	0	0	0	1	0	1	1	0	0	1	3
2013/09/02-14:22:48	3	2,021.816	271.847	11	0	0	0	2	0	0	1	1	0	0	5
2013/09/02-14:23:12	3	2,021.816	271.847	3	0	0	4	1	0	0	1	1	0	0	9
2013/09/02-14:23:40	3	2,021.816	271.847	13	0	0	0	2	0	0	1	1	0	0	41
2013/09/02-14:24:40	3	2,021.816	271.847	2	0	0	0	2	0	0	1	1	0	0	6
2013/09/02-17:43:28	67	1,255.165	222.012	2	0	1	0	0	0	0	1	0	0	1	4
2013/09/02-17:43:53	67	1,255.165	222.012	3	0	0	0	2	0	0	1	1	0	0	6
2013/09/02-17:44:18	66	1,241.661	197.418	12	0	0	0	1	0	0	1	1	0	0	37
2013/09/02-17:45:13	66	1,241.661	197.418	3	0	0	0	2	0	0	1	1	0	0	9
2013/09/02-17:45:42	66	1,241.661	197.418	3	0	0	0	1	0	0	1	1	0	0	9
2013/09/02-17:54:36	66	1,241.661	197.418	1	0	0	0	0	0	1	1	0	0	1	3
2013/09/02-17:55:08	66	1,241.661	197.418	10	0	0	0	2	0	1	1	0	0	1	5
2013/09/02-17:55:32	66	1,241.661	197.418	1	0	0	0	1	0	1	1	0	0	1	3
2013/09/02-17:55:54	66	1,241.661	197.418	10	0	0	0	1	0	1	1	0	0	1	25
2013/09/02-17:56:38	66	1,241.661	197.418	10	0	0	2	2	0	0	1	1	0	0	29
2013/09/02-18:07:33	65	1,337.834	158.175	6	0	0	0	2	0	0	1	1	0	0	5
2013/09/02-18:07:56	65	1,337.834	158.175	1	0	0	0	1	0	1	1	0	0	1	3
2013/09/02-18:08:21	65	1,337.834	158.175	1	0	0	0	1	0	1	1	0	0	1	3
2013/09/02-18:08:46	65	1,337.834	158.175	2	0	0	2	1	0	0	1	1	0	0	6
2013/09/02-18:09:11	65	1,337.834	158.175	7	0	0	0	1	0	0	1	1	0	0	22
2013/09/02-18:35:06	65	1,337.834	158.175	1	0	0	0	0	0	1	1	0	0	1	3
2013/09/02-18:35:32	65	1,337.834	158.175	8	0	0	3	0	0	0	1	1	0	0	48
2013/09/02-18:36:38	65	1,337.834	158.175	9	0	0	2	0	0	0	1	1	0	0	25
2013/09/02-18:37:22	65	1,337.834	158.175	3	0	0	0	2	0	0	1	1	0	0	10
2013/09/02-18:37:50	65	1,337.834	158.175	8	0	0	1	1	0	0	1	1	0	0	21
2013/09/02-18:48:09	61	1,377.322	128.238	18	0	0	0	2	0	0	1	1	0	0	37
2013/09/02-18:49:05	61	1,377.322	128.238	10	0	0	3	1	0	0	1	1	0	0	51
2013/09/02-18:50:15	61	1,377.322	128.238	12	0	0	0	1	0	0	1	1	0	0	43
2013/09/02-18:51:17	61	1,377.322	128.238	1	0	0	0	2	0	1	1	0	0	1	3
2013/09/02-18:51:39	61	1,377.322	128.238	20	0	1	0	1	0	0	1	0	0	1	31
2013/09/02-19:05:00	61	1,377.322	128.238	26	0	0	0	1	0	0	1	1	0	0	60
2013/09/02-19:06:19	61	1,377.322	128.238	25	0	0	0	2	0	0	1	1	0	0	51
2013/09/02-19:07:29	61	1,377.322	128.238	1	0	0	0	0	0	1	1	0	0	1	3
2013/09/02-19:07:58	61	1,377.322	128.238	7	0	1	1	0	0	0	1	0	0	1	21
2013/09/02-19:09:11	61	1,377.322	128.238	8	0	0	4	0	0	1	1	0	0	1	36
2013/09/02-20:58:05	32	1,553.548	113.702	6	0	0	0	0	0	1	1	0	0	1	15
2013/09/02-20:58:39	32	1,553.548	113.702	2	0	1	0	0	0	0	1	0	0	1	6
2013/09/02-20:59:42	32	1,553.548	113.702	18	0	0	0	2	0	0	1	1	0	0	33
2013/09/02-21:00:33	32	1,553.548	113.702	4	0	1	0	0	0	0	1	0	0	1	14
2013/09/02-21:01:07	32	1,553.548	113.702	1	0	0	0	0	0	1	1	0	0	1	3
2013/09/02-21:05:49	32	1,553.548	113.702	1	0	0	0	0	0	1	1	0	0	1	3
2013/09/02-21:07:08	29	1,518.567	101.074	6	0	0	1	1	0	0	1	1	0	0	19
2013/09/02-21:07:46	29	1,518.567	101.074	4	0	0	0	2	0	0	1	1	0	0	9
2013/09/02-21:08:14	29	1,518.567	101.074	3	0	0	0	2	0	1	1	0	0	1	6
2013/09/02-21:08:39	29	1,518.567	101.074	8	0	0	0	2	0	0	1	1	0	0	18
2013/09/02-21:27:22	29	1,518.567	101.074	11	0	0	3	2	0	0	1	1	0	0	26
2013/09/02-21:28:07	29	1,518.567	101.074	7	0	0	2	1	0	0	1	1	0	0	32
2013/09/02-21:28:58	29	1,518.567	101.074	1	0	0	0	1	0	1	1	0	0	1	3
2013/09/02-21:29:49	29	1,518.567	101.074	3	0	1	0	0	0	0	1	0	0	1	13
2013/09/02-21:30:25	29	1,518.567	101.074	7	0	0	0	2	0	0	1	1	0	0	17
2013/09/03-00:48:21	35	1,637.478	91.174	2	0	0	0	0	0	0	1	1	0	0	6
2013/09/03-00:48:46	35	1,637.478	91.174	2	0	0	0	1	0	0	1	1	0	0	6
2013/09/03-00:49:11	35	1,637.478	91.174	2	0	0	0	0	0	0	1	1	0	0	6
2013/09/03-00:49:35	35	1,637.478	91.174	3	0	0	0	1	0	0	1	1	0	0	6
2013/09/03-00:50:00	35	1,637.478	91.174	1	0	0	0	1	0	1	1	0	0	1	3
2013/09/03-00:58:10	35	1,637.478	91.174	1	0	0	0	0	0	1	1	0	0	1	3
2013/09/03-00:58:35	35	1,637.478	91.174	3	0	0	0	1	0	1	1	0	0	1	10
2013/09/03-00:59:54	35	1,637.478	91.174	14	0	0	3	2	0	0	1	1	0	0	57
2013/09/03-01:01:09	35	1,637.478	91.174	8	0	0	0	2	0	0	1	1	0	0	22
2013/09/03-01:01:51	35	1,637.478	91.174	2	0	0	0	1	0	1	1	0	0	1	3
2013/09/03-01:10:18	35	1,583.108	86.314	3	0	0	0	0	0	1	1	0	0	1	12
2013/09/03-01:11:21	35	1,583.108	86.314	2	0	1	0	0	0	0	1	0	0	1	6
2013/09/03-01:12:01	35	1,583.108	86.314	23	0	0	0	3	0	0	1	1	0	0	52
2013/09/03-01:13:12	35	1,583.108	86.314	1	0	0	0	0	0	1	1	0	0	1	3
2013/09/03-01:13:35	35	1,583.108	86.314	1	0	1	0	0	0	0	1	0	0	1	3
2013/09/03-10:45:59	37	1,581.23	83.792	2	0	0	0	1	0	0	1	1	0	0	6
2013/09/03-10:46:24	37	1,581.23	83.792	8	0	0	2	0	0	0	1	1	0	0	28
2013/09/03-10:47:11	37	1,581.23	83.792	6	0	0	2	1	0	0	1	1	0	0	23
2013/09/03-10:47:53	37	1,581.23	83.792	16	0	0	0	1	0	0	1	1	0	0	37
2013/09/03-10:48:48	37	1,581.23	83.792	10	0	0	0	2	0	0	1	1	0	0	13
2013/09/03-11:01:50	37	1,581.23	83.792	1	0	0	0	1	0	1	1	0	0	1	3
2013/09/03-11:02:12	37	1,581.23	83.792	21	0	0	0	0	0	0	1	0	0	1	60
2013/09/03-11:03:30	37	1,581.23	83.792	14	0	0	3	3	0	0	1	1	0	0	32
2013/09/03-11:04:21	37	1,581.23	83.792	15	0	0	2	1	0	0	1	1	0	0	60
2013/09/03-11:05:40	37	1,581.23	83.792	21	0	0	3	2	0	0	1	1	0	0	60
2013/09/03-15:09:29	31	1,681.851	74.702	10	0	0	0	2	0	1	1	0	0	1	18
2013/09/03-15:10:06	31	1,681.851	74.702	10	0	0	3	2	0	0	1	1	0	0	27
2013/09/03-15:10:52	31	1,681.851	74.702	17	0	0	2	1	0	0	1	1	0	0	48
2013/09/03-15:11:59	31	1,681.851	74.702	35	0	0	0	1	0	0	1	1	0	0	60
2013/09/03-15:13:18	31	1,681.851	74.702	1	0	0	0	1	0	1	1	0	0	1	3
2013/09/03-16:25:37	28	1,733.832	73.018	4	0	0	1	0	0	0	1	1	0	0	12
2013/09/03-16:26:08	28	1,733.832	73.018	15	0	0	2	1	0	0	1	1	0	0	43
2013/09/03-16:27:10	28	1,733.832	73.018	1	0	0	0	2	0	1	1	1	0	0	3
2013/09/03-16:27:32	28	1,733.832	73.018	5	0	0	0	2	0	0	1	1	0	0	17
2013/09/03-16:28:07	28	1,733.832	73.018	6	0	0	2	0	0	0	1	1	0	0	18
2013/09/03-16:41:48	28	1,735.965	72.08	8	0	0	0	0	0	1	1	0	0	1	17
2013/09/03-16:42:24	28	1,735.965	72.08	2	0	0	2	0	0	0	1	1	0	0	6
2013/09/03-16:42:49	28	1,735.965	72.08	1	0	1	0	0	0	0	1	0	0	1	9
2013/09/03-16:43:17	28	1,735.965	72.08	1	0	1	0	0	0	0	1	0	0	1	3
2013/09/03-16:43:49	28	1,735.965	72.08	7	0	0	1	1	0	0	1	1	0	0	26
2013/09/03-16:51:16	28	1,735.965	72.08	1	0	1	0	0	0	0	1	0	0	1	3
2013/09/03-16:52:04	28	1,735.965	72.08	1	0	1	0	0	0	0	1	0	0	1	3
2013/09/03-16:52:27	28	1,735.965	72.08	4	0	1	0	0	0	0	1	0	0	1	12
2013/09/03-16:53:31	28	1,735.965	72.08	29	0	0	1	0	0	0	1	1	0	0	59
2013/09/03-16:54:49	28	1,735.965	72.08	3	0	0	0	0	0	1	1	0	0	1	8
2013/09/03-18:01:33	29	1,686.244	67.387	21	0	0	0	2	0	0	1	1	0	0	53
2013/09/03-18:02:45	29	1,686.244	67.387	1	0	0	0	0	0	1	1	0	0	1	3
2013/09/03-18:03:26	29	1,686.244	67.387	15	0	1	0	0	0	0	1	1	0	0	44
2013/09/03-18:04:29	29	1,686.244	67.387	6	0	0	5	1	0	0	1	1	0	0	27
2013/09/03-18:05:15	29	1,686.244	67.387	5	0	1	0	0	0	0	1	0	0	1	25
2013/09/03-18:30:35	29	1,712.199	63.988	17	0	0	2	0	0	0	1	0	0	1	60
2013/09/03-18:31:54	29	1,712.199	63.988	23	0	0	5	1	0	0	1	1	0	0	60
2013/09/03-18:33:13	29	1,712.199	63.988	19	0	0	0	1	0	0	1	1	0	0	28
2013/09/03-18:34:00	29	1,712.199	63.988	20	0	0	1	0	0	0	1	1	0	0	60
2013/09/03-18:35:19	29	1,712.199	63.988	11	0	0	0	0	0	1	1	0	0	1	15
2013/09/03-18:50:46	28	1,737.61	60.925	10	0	0	0	0	0	1	1	0	0	1	9
2013/09/03-18:51:14	28	1,737.61	60.925	1	0	0	0	0	0	1	1	0	0	1	3
2013/09/03-18:51:38	28	1,737.61	60.925	6	0	0	0	1	0	1	1	0	0	1	16
2013/09/03-18:52:13	28	1,737.61	60.925	11	0	1	1	0	0	0	1	0	0	1	29
2013/09/03-18:53:02	28	1,737.61	60.925	9	0	0	3	1	0	0	1	1	0	0	33
2013/09/03-22:47:58	26	1,760.797	65.362	14	0	0	2	1	0	1	1	0	0	1	50
2013/09/03-22:49:17	26	1,760.797	65.362	16	0	0	0	1	0	0	1	1	0	0	60
2013/09/03-22:50:36	26	1,760.797	65.362	1	0	0	0	0	0	1	1	0	0	1	3
2013/09/03-22:50:59	26	1,760.797	65.362	18	0	0	0	1	0	1	1	0	0	1	15
2013/09/03-22:51:33	26	1,760.797	65.362	6	0	1	1	0	0	0	1	0	0	1	13
2013/09/03-23:13:49	25	1,759.682	61.667	15	0	0	5	0	0	0	1	1	0	0	60
2013/09/03-23:15:09	25	1,759.682	61.667	6	0	0	0	0	0	0	1	1	0	0	21
2013/09/03-23:15:49	25	1,759.682	61.667	7	0	0	1	0	0	1	1	0	0	1	21
2013/09/03-23:17:08	25	1,759.682	61.667	1	0	0	0	0	0	1	1	0	0	1	3
2013/09/03-23:17:59	25	1,759.682	61.667	4	0	0	0	0	0	1	1	0	0	1	10
2013/09/03-23:37:33	25	1,759.682	61.667	5	0	0	0	0	0	1	1	0	0	1	18
2013/09/03-23:38:26	25	1,759.682	61.667	23	0	0	3	1	0	1	1	0	0	1	54
2013/09/03-23:39:39	25	1,759.682	61.667	1	0	0	0	0	0	1	1	0	0	1	3
2013/09/03-23:40:18	25	1,759.682	61.667	6	0	1	0	1	0	0	1	0	0	1	13
2013/09/03-23:41:37	25	1,759.682	61.667	2	0	0	0	1	0	1	1	0	0	1	6
2013/09/04-18:22:03	24	1,753.543	64.42	6	0	0	0	1	0	1	1	0	0	1	14
2013/09/04-18:22:37	24	1,753.543	64.42	1	0	0	0	0	0	1	1	0	0	1	3
2013/09/04-18:23:15	24	1,753.543	64.42	9	0	0	2	0	0	0	1	1	0	0	37
2013/09/04-18:24:11	24	1,753.543	64.42	6	0	1	0	2	0	0	1	0	0	1	13
2013/09/04-18:24:43	24	1,753.543	64.42	30	0	0	0	1	0	0	1	1	0	0	60
2013/09/04-18:41:32	24	1,753.543	64.42	11	0	1	0	1	0	0	1	0	0	1	19
2013/09/04-18:42:51	24	1,753.543	64.42	11	0	0	0	0	0	0	1	1	0	0	45
2013/09/04-18:43:55	24	1,753.543	64.42	2	0	0	0	0	0	1	1	0	0	1	6
2013/09/04-18:45:02	24	1,753.543	64.42	29	0	0	0	1	0	0	1	1	0	0	60
2013/09/04-18:46:21	24	1,753.543	64.42	13	0	0	0	0	0	0	1	0	1	0	60
2013/09/04-19:10:10	22	1,779.186	58.506	7	0	0	4	1	0	0	1	1	0	0	30
2013/09/04-19:11:00	22	1,779.186	58.506	16	0	0	4	1	0	0	1	1	0	0	60
2013/09/04-19:12:18	22	1,779.186	58.506	4	0	1	0	0	0	0	1	0	0	1	10
2013/09/04-19:12:58	22	1,779.186	58.506	13	0	0	0	1	0	1	1	0	0	1	22
2013/09/04-19:13:39	22	1,779.186	58.506	1	0	0	0	0	0	1	1	0	0	1	3
2013/09/05-00:55:45	22	1,783.518	62.891	2	0	0	2	1	0	0	1	1	0	0	12
2013/09/05-00:56:17	22	1,783.518	62.891	4	0	1	0	0	0	0	1	0	0	1	8
2013/09/05-00:57:26	22	1,783.518	62.891	22	0	0	1	0	0	0	1	1	0	0	60
2013/09/05-00:58:45	22	1,783.518	62.891	1	0	0	0	0	0	1	1	0	0	1	3
2013/09/05-00:59:21	22	1,783.518	62.891	18	0	1	3	0	0	0	1	0	0	1	33
2013/09/05-01:32:21	23	1,781.809	59.492	1	0	0	0	0	0	1	1	0	0	1	3
2013/09/05-01:32:49	23	1,781.809	59.492	2	0	1	0	0	0	0	1	0	0	1	10
2013/09/05-01:33:18	23	1,781.809	59.492	1	0	1	0	0	0	0	1	0	0	1	6
2013/09/05-01:34:37	23	1,781.809	59.492	30	0	0	0	2	0	0	1	1	0	0	60
2013/09/05-01:35:56	23	1,781.809	59.492	17	0	0	0	0	0	1	1	0	0	1	17
2013/09/05-01:46:58	23	1,781.809	59.492	10	0	0	0	2	0	1	1	0	0	1	30
2013/09/05-01:47:47	23	1,781.809	59.492	1	0	1	0	0	0	0	1	0	0	1	3
2013/09/05-01:48:46	23	1,781.809	59.492	7	0	0	0	0	0	1	1	0	0	1	4
2013/09/05-01:49:22	23	1,781.809	59.492	1	0	0	0	0	0	1	1	0	0	1	3
2013/09/05-01:49:51	27	1,745.694	54.8	11	0	0	0	1	0	0	1	1	0	0	44
2013/09/05-11:21:03	23	1,754.482	61.957	7	0	0	0	0	0	1	1	0	0	1	14
2013/09/05-11:22:22	23	1,754.482	61.957	10	0	0	2	0	0	0	1	1	0	0	46
2013/09/05-11:23:26	23	1,754.482	61.957	25	0	0	3	1	0	1	1	0	0	1	56
2013/09/05-11:24:41	23	1,754.482	61.957	5	0	0	1	1	0	0	1	1	0	0	27
2013/09/05-11:25:26	23	1,754.482	61.957	8	0	1	1	0	0	0	1	0	0	1	36
2013/09/05-21:51:15	23	1,754.482	61.957	5	0	1	0	0	0	0	1	0	0	1	18
2013/09/07-00:50:22	22	1,772.956	68.011	20	0	0	4	0	0	0	1	1	0	0	60
2013/09/07-00:51:41	22	1,772.956	68.011	2	0	0	0	0	0	1	1	0	0	1	17
2013/09/07-00:52:59	22	1,772.956	68.011	22	0	0	1	1	0	0	1	1	0	0	60
2013/09/07-00:54:18	22	1,772.956	68.011	20	0	0	3	0	0	0	1	0	0	1	60
2013/09/07-00:55:37	22	1,772.956	68.011	18	0	0	1	0	0	0	1	0	0	1	60
2013/09/07-09:26:51	21	1,795.044	63.84	19	0	1	6	0	0	0	1	0	0	1	34
2013/09/07-09:28:12	21	1,795.044	63.84	21	0	0	0	0	0	1	1	0	0	1	48
2013/09/07-09:29:30	21	1,795.044	63.84	7	0	0	2	1	0	1	1	0	0	1	10
2013/09/07-09:30:18	21	1,795.044	63.84	16	0	0	1	0	0	1	1	0	0	1	44
2013/09/07-09:31:37	21	1,795.044	63.84	16	0	0	3	0	0	0	1	0	0	1	60
2013/09/07-09:53:04	24	1,767.392	60.236	4	0	0	0	0	0	1	1	0	0	1	11
2013/09/07-09:53:55	24	1,767.392	60.236	9	0	0	2	0	0	1	1	0	0	1	29
2013/09/07-09:55:14	24	1,767.392	60.236	19	0	0	1	1	0	0	1	1	0	0	60
2013/09/07-09:56:33	24	1,767.392	60.236	5	0	0	2	0	0	1	1	0	0	1	13
2013/09/07-09:57:28	24	1,767.392	60.236	17	0	0	1	1	0	0	1	1	0	0	60
2013/09/08-22:11:55	22	1,774.234	63.365	14	0	0	2	0	0	1	1	0	0	1	30
2013/09/08-22:12:45	22	1,774.234	63.365	4	0	0	1	0	0	1	1	0	0	1	11
2013/09/08-22:14:03	22	1,774.234	63.365	4	0	1	1	0	0	0	1	0	0	1	14
2013/09/08-22:14:49	22	1,774.234	63.365	21	0	0	3	0	0	0	1	1	0	0	44
2013/09/08-22:15:51	22	1,774.234	63.365	7	0	1	1	1	0	0	1	0	0	1	18
2013/09/08-22:24:46	22	1,774.234	63.365	4	0	0	1	0	0	1	1	0	0	1	17
2013/09/08-22:25:43	22	1,774.234	63.365	22	0	0	4	2	0	0	1	1	0	0	53
2013/09/08-22:26:55	22	1,774.234	63.365	12	0	0	2	0	0	1	1	0	0	1	33
2013/09/08-22:28:14	22	1,774.234	63.365	13	0	0	4	1	0	0	1	1	0	0	52
2013/09/08-22:29:25	22	1,774.234	63.365	4	0	0	1	0	0	1	1	0	0	1	15
2013/09/08-22:47:48	22	1,774.234	63.365	18	0	0	2	0	0	1	1	0	0	1	52
2013/09/08-22:48:59	25	1,748.093	57.135	17	0	0	1	0	0	0	1	0	0	1	60
2013/09/08-22:50:18	25	1,748.093	57.135	6	0	1	1	0	0	0	1	0	0	1	22
2013/09/08-22:51:36	25	1,748.093	57.135	19	0	0	2	1	0	0	1	1	0	0	60
2013/09/08-22:52:55	25	1,748.093	57.135	2	0	0	0	0	0	1	1	0	0	1	3
2013/09/10-01:37:43	25	1,736.645	62.405	14	0	0	1	1	0	0	1	1	0	0	60
2013/09/10-01:39:02	25	1,736.645	62.405	14	0	0	1	0	0	1	1	0	0	1	36
2013/09/10-01:40:19	25	1,736.645	62.405	10	0	0	1	0	0	0	1	0	0	1	60
2013/09/10-01:41:38	25	1,736.645	62.405	26	0	0	1	1	0	0	1	1	0	0	60
2013/09/10-01:42:57	25	1,736.645	62.405	17	0	0	2	0	0	0	1	0	0	1	60
2013/09/10-09:10:03	22	1,768.109	59.205	20	0	0	2	0	0	0	1	0	0	1	60
2013/09/10-09:11:22	22	1,768.109	59.205	11	0	1	1	2	0	0	1	0	0	1	37
2013/09/10-09:12:18	22	1,768.109	59.205	23	0	0	2	0	0	0	1	1	0	0	60
2013/09/10-09:13:36	22	1,768.109	59.205	16	0	1	1	0	0	0	1	0	0	1	45
2013/09/10-09:14:41	22	1,768.109	59.205	5	0	0	2	0	0	1	1	0	0	1	17
2013/09/10-18:06:26	22	1,768.109	59.205	20	0	0	1	1	0	0	1	1	0	0	60
2013/09/10-18:07:45	22	1,768.109	59.205	13	0	0	1	0	0	1	1	0	0	1	33
2013/09/10-18:08:37	22	1,768.109	59.205	12	0	0	1	0	0	1	1	0	0	1	33
2013/09/10-18:09:56	22	1,768.109	59.205	12	0	0	1	0	0	1	1	0	0	1	28
2013/09/10-18:10:43	22	1,768.109	59.205	14	0	1	2	1	0	0	1	0	0	1	46
2013/09/11-01:55:39	22	1,783.305	62.045	17	0	0	4	0	0	0	1	1	0	0	60
2013/09/11-01:56:59	22	1,783.305	62.045	22	0	0	2	1	0	0	1	1	0	0	60
2013/09/11-01:58:17	22	1,805.281	60.751	7	0	0	1	1	0	0	1	1	0	0	25
2013/09/11-01:59:01	22	1,805.281	60.751	20	0	0	1	1	0	0	1	1	0	0	60
2013/09/11-02:00:20	22	1,805.281	60.751	22	0	0	1	1	0	0	1	1	0	0	60
2013/09/11-08:21:16	22	1,805.281	60.751	11	0	1	1	0	0	0	1	0	0	1	21
2013/09/11-08:22:33	22	1,805.281	60.751	9	0	0	1	0	0	1	1	0	0	1	32
2013/09/11-08:23:52	22	1,805.281	60.751	25	0	0	4	0	0	0	1	1	0	0	60
2013/09/11-08:25:11	22	1,805.281	60.751	16	0	1	1	0	0	0	1	0	0	1	57
2013/09/11-08:26:29	22	1,805.281	60.751	11	0	0	3	2	0	1	1	0	0	1	23
2013/09/11-08:51:33	21	1,818.769	56.281	23	0	0	1	1	0	0	1	1	0	0	60
2013/09/11-08:52:52	21	1,818.769	56.281	20	0	0	2	0	0	0	1	1	0	0	60
2013/09/11-08:54:11	21	1,818.769	56.281	9	0	1	1	0	0	0	1	0	0	1	26
2013/09/11-08:55:06	21	1,818.769	56.281	10	0	0	1	0	0	1	1	0	0	1	21
2013/09/11-08:56:25	21	1,818.769	56.281	16	0	0	1	0	0	1	1	0	0	1	35
2013/09/11-18:11:29	22	1,813.249	61.537	15	0	0	2	0	0	0	1	0	0	1	60
2013/09/11-18:12:48	22	1,813.249	61.537	19	0	0	3	0	0	1	1	0	0	1	56
2013/09/11-18:14:03	22	1,813.249	61.537	6	0	1	1	0	0	0	1	0	0	1	16
2013/09/11-18:14:37	22	1,813.249	61.537	15	0	0	2	0	0	0	1	0	0	1	60
2013/09/11-18:15:56	22	1,813.249	61.537	15	0	0	1	0	0	0	1	0	0	1	60
2013/09/11-22:06:47	21	1,814.649	58.413	23	0	0	1	0	0	0	1	0	0	1	60
2013/09/11-22:08:06	21	1,814.649	58.413	6	0	0	1	0	0	1	1	0	0	1	31
2013/09/11-22:08:56	21	1,814.649	58.413	22	0	0	1	0	0	0	1	1	0	0	60
2013/09/11-22:10:15	21	1,814.649	58.413	22	0	0	0	0	0	0	1	0	0	1	60
2013/09/11-22:11:34	21	1,814.649	58.413	9	0	1	1	0	0	0	1	0	0	1	32
2013/09/11-22:33:29	21	1,821.499	55.644	11	0	0	1	0	0	1	1	0	0	1	32
2013/09/11-22:34:48	21	1,821.499	55.644	4	0	0	1	0	0	1	1	0	0	1	13
2013/09/11-22:36:06	21	1,821.499	55.644	15	0	0	1	0	0	0	1	0	0	1	60
2013/09/11-22:37:25	21	1,821.499	55.644	30	0	0	3	0	0	0	1	0	0	1	60
2013/09/11-22:38:44	21	1,821.499	55.644	7	0	0	1	0	0	1	1	0	0	1	18
2013/09/12-12:59:01	22	1,808.899	61.101	9	0	0	1	1	0	1	1	0	0	1	27
2013/09/12-12:59:47	22	1,808.899	61.101	21	0	1	3	2	0	0	1	0	0	1	49
2013/09/12-13:00:55	22	1,808.899	61.101	11	0	0	3	1	0	0	1	1	0	0	37
2013/09/12-13:01:50	22	1,808.899	61.101	9	0	0	2	0	0	1	1	0	0	1	23
2013/09/12-13:03:09	22	1,808.899	61.101	17	0	0	3	0	0	0	1	1	0	0	56
2013/09/13-08:48:02	22	1,814.34	59.299	27	0	0	1	0	0	0	1	0	0	1	60
2013/09/13-08:49:21	22	1,814.34	59.299	11	0	0	3	0	0	1	1	0	0	1	28
2013/09/13-08:50:40	22	1,814.34	59.299	21	0	0	2	0	0	0	1	0	0	1	60
2013/09/13-08:51:58	22	1,814.34	59.299	3	0	1	1	0	0	0	1	0	0	1	11
2013/09/13-08:52:28	22	1,814.34	59.299	9	0	0	2	2	0	1	1	1	0	0	25
2013/09/13-09:38:00	22	1,823.404	57.246	14	0	0	3	0	0	0	1	1	0	0	60
2013/09/13-09:39:16	22	1,823.404	57.246	11	0	0	0	0	0	1	1	0	0	1	28
2013/09/13-09:40:35	22	1,823.404	57.246	25	0	0	2	1	0	1	1	0	0	1	57
2013/09/13-09:41:51	22	1,823.404	57.246	4	0	0	2	0	0	0	1	1	0	0	23
2013/09/13-09:42:33	22	1,823.404	57.246	6	0	0	1	0	0	1	1	0	0	1	18
2013/09/13-10:01:08	22	1,823.404	57.246	5	0	0	1	0	0	1	1	0	0	1	19
2013/09/13-10:01:58	22	1,823.404	57.246	24	0	0	2	2	0	0	1	1	0	0	60
2013/09/13-10:03:16	22	1,823.404	57.246	3	0	0	0	0	0	1	1	0	0	1	4
2013/09/13-10:04:35	22	1,823.404	57.246	15	0	0	3	0	0	1	1	0	0	1	33
2013/09/13-10:05:43	22	1,823.404	57.246	5	0	0	0	1	0	1	1	0	0	1	18
2013/09/14-16:37:32	21	1,833.083	87.325	4	0	0	0	0	0	0	1	1	0	0	10
2013/09/14-16:38:01	21	1,833.083	87.325	3	0	0	0	0	0	0	1	1	0	0	8
2013/09/14-16:38:27	21	1,833.083	87.325	3	0	0	0	0	0	1	1	0	0	1	6
2013/09/14-16:38:52	21	1,833.083	87.325	4	0	0	0	1	0	1	1	0	0	1	8
2013/09/14-16:39:23	21	1,833.083	87.325	16	0	0	3	0	0	1	1	0	0	1	43
2013/09/14-16:45:25	21	1,833.083	87.325	20	0	0	4	2	0	0	1	1	0	0	60
2013/09/14-16:46:44	21	1,833.083	87.325	17	0	1	2	1	0	0	1	0	0	1	32
2013/09/14-16:48:03	23	1,793.425	82.821	6	0	0	1	1	0	1	1	0	0	1	11
2013/09/14-16:48:32	23	1,793.425	82.821	4	0	0	1	0	0	1	1	0	0	1	16
2013/09/14-16:49:19	23	1,793.425	82.821	22	0	0	3	0	0	0	1	0	0	1	60
2013/09/14-17:06:08	23	1,793.425	82.821	14	0	0	1	0	0	0	1	0	0	1	60
2013/09/14-17:07:28	23	1,793.425	82.821	9	0	0	1	0	0	1	1	0	0	1	24
2013/09/14-17:08:47	23	1,793.425	82.821	16	0	0	2	1	0	1	1	0	0	1	38
2013/09/14-17:10:00	23	1,793.425	82.821	10	0	1	3	0	0	0	1	0	0	1	39
2013/09/14-17:11:13	23	1,793.425	82.821	6	0	0	1	0	0	1	1	0	0	1	12
2013/09/14-19:58:10	25	1,774.943	78.422	14	0	0	3	1	0	0	1	0	0	1	60
2013/09/14-19:59:29	25	1,774.943	78.422	15	0	0	3	1	0	0	1	1	0	0	60
2013/09/14-20:00:48	25	1,774.943	78.422	7	0	1	1	1	0	0	1	0	0	1	30
2013/09/14-20:01:37	25	1,774.943	78.422	9	0	0	2	1	0	0	1	1	0	0	26
2013/09/14-20:02:22	25	1,774.943	78.422	7	0	0	2	1	0	0	1	1	0	0	33
2013/09/14-20:53:11	21	1,804.059	75.857	14	0	0	1	0	0	1	1	0	0	1	37
2013/09/14-20:54:30	21	1,804.059	75.857	9	0	0	2	0	0	1	1	0	0	1	33
2013/09/14-20:55:48	21	1,804.059	75.857	13	0	0	3	0	0	1	1	0	0	1	45
2013/09/14-20:57:06	21	1,804.059	75.857	9	0	0	0	0	0	1	1	0	0	1	18
2013/09/14-20:58:25	21	1,804.059	75.857	21	0	0	5	0	0	0	1	1	0	0	60
2013/09/14-21:13:57	25	1,771.353	70.446	20	0	0	2	2	0	0	1	1	0	0	54
2013/09/14-21:15:10	25	1,771.353	70.446	26	0	0	2	1	0	0	1	1	0	0	60
2013/09/14-21:16:29	25	1,771.353	70.446	17	0	0	1	1	0	0	1	1	0	0	47
2013/09/14-21:17:35	25	1,771.353	70.446	15	0	0	2	0	0	0	1	0	0	1	60
2013/09/14-21:18:53	25	1,771.353	70.446	17	0	0	2	0	0	0	1	0	0	1	60
2013/09/15-09:16:46	22	1,808.754	71.479	15	0	0	1	0	0	0	1	1	0	0	51
2013/09/15-09:17:56	22	1,808.754	71.479	13	0	0	3	1	0	0	1	1	0	0	46
2013/09/15-09:19:01	22	1,808.754	71.479	21	0	0	6	1	0	1	1	0	0	1	53
2013/09/15-09:20:13	22	1,808.754	71.479	11	0	0	3	1	0	0	1	1	0	0	60
2013/09/15-09:21:31	22	1,808.754	71.479	15	0	0	2	0	0	1	1	0	0	1	37
2013/09/15-09:42:00	21	1,820.907	69.336	11	0	0	5	1	0	0	1	1	0	0	47
2013/09/15-09:43:06	21	1,820.907	69.336	18	0	0	2	2	0	0	1	1	0	0	38
2013/09/15-09:44:02	21	1,820.907	69.336	23	0	0	4	1	0	0	1	1	0	0	60
2013/09/15-09:45:21	21	1,820.907	69.336	12	0	0	3	1	0	0	1	1	0	0	40
2013/09/15-09:46:20	21	1,820.907	69.336	0	0	0	1	0	0	0	1	1	0	0	11
2013/09/15-09:55:49	21	1,820.907	69.336	20	0	0	2	0	0	0	1	0	0	1	60
2013/09/15-09:57:07	21	1,820.907	69.336	15	0	0	2	0	0	1	1	0	0	1	34
2013/09/15-09:58:00	21	1,820.907	69.336	3	0	1	0	0	0	0	1	0	0	1	11
2013/09/15-09:59:07	21	1,820.907	69.336	14	0	0	2	2	0	0	1	1	0	0	29
2013/09/15-09:59:56	21	1,820.907	69.336	25	0	0	5	1	0	0	1	1	0	0	60
2013/09/15-18:32:53	18	1,846.739	75.221	16	0	0	1	0	0	0	1	0	0	1	60
2013/09/15-18:34:12	18	1,846.739	75.221	11	0	0	4	1	0	0	1	1	0	0	60
2013/09/15-18:35:31	18	1,846.739	75.221	5	0	0	1	0	0	1	1	0	0	1	13
2013/09/15-18:36:32	18	1,846.739	75.221	7	0	0	3	2	0	0	1	1	0	0	28
2013/09/15-18:37:19	18	1,846.739	75.221	17	0	0	1	0	0	0	1	0	0	1	60
2013/09/15-19:00:54	18	1,846.739	75.221	26	0	0	4	0	0	0	1	1	0	0	60
2013/09/15-19:02:13	18	1,846.739	75.221	19	0	0	2	1	0	0	1	1	0	0	60
2013/09/15-19:03:32	18	1,846.739	75.221	24	0	0	3	0	0	0	1	0	0	1	60
2013/09/15-19:04:51	18	1,846.739	75.221	16	0	0	1	1	0	1	1	0	0	1	38
2013/09/15-19:05:55	18	1,846.739	75.221	22	0	0	2	0	0	0	1	0	0	1	60
2013/09/15-19:25:06	18	1,865.888	67.01	19	0	0	2	1	0	1	1	0	0	1	48
2013/09/15-19:26:13	18	1,865.888	67.01	21	0	0	4	1	0	0	1	1	0	0	60
2013/09/15-19:27:32	18	1,865.888	67.01	8	0	0	3	0	0	1	1	0	0	1	25
2013/09/15-19:28:16	18	1,865.888	67.01	20	0	0	2	2	0	1	1	0	0	1	45
2013/09/15-19:29:20	18	1,865.888	67.01	6	0	0	0	0	0	1	1	0	0	1	16
2013/09/15-23:28:20	15	1,873.348	68.827	32	0	0	2	0	0	0	1	0	0	1	60
2013/09/15-23:29:39	15	1,873.348	68.827	16	0	1	1	1	0	0	1	0	0	1	36
2013/09/15-23:30:34	15	1,873.348	68.827	8	0	1	1	1	0	0	1	0	0	1	15
2013/09/15-23:31:53	15	1,873.348	68.827	30	0	0	3	0	0	0	1	0	0	1	60
2013/09/15-23:33:11	15	1,873.348	68.827	18	0	0	1	2	0	1	1	0	0	1	40
2013/09/15-23:40:45	15	1,873.348	68.827	3	0	0	0	0	0	1	1	0	0	1	16
2013/09/15-23:42:04	15	1,873.348	68.827	11	0	0	2	0	0	1	1	0	0	1	29
2013/09/15-23:43:23	15	1,873.348	68.827	25	0	0	2	1	0	0	1	0	0	1	60
2013/09/15-23:44:41	15	1,873.348	68.827	6	0	1	1	0	0	0	1	0	0	1	16
2013/09/15-23:45:29	15	1,873.348	68.827	24	0	0	4	0	0	0	1	1	0	0	60
2013/09/16-00:06:54	15	1,873.348	68.827	5	0	0	1	0	0	1	1	0	0	1	10
2013/09/16-00:08:13	15	1,873.348	68.827	18	0	0	1	0	0	1	1	0	0	1	45
2013/09/16-00:09:27	15	1,873.348	68.827	16	0	1	1	1	0	0	1	0	0	1	36
2013/09/16-00:10:22	15	1,873.348	68.827	24	0	0	1	0	0	0	1	0	0	1	60
2013/09/16-00:11:41	15	1,873.161	60.661	12	0	0	2	2	0	0	1	1	0	0	30
2013/09/16-23:53:14	15	1,884.556	66.236	1	0	1	0	0	0	0	1	1	0	0	3
2013/09/16-23:53:36	15	1,884.556	66.236	1	0	0	0	0	0	1	1	0	0	1	3
2013/09/16-23:54:55	15	1,884.556	66.236	19	0	0	3	2	0	0	1	1	0	0	44
2013/09/16-23:55:57	15	1,884.556	66.236	15	0	0	0	2	0	0	1	1	0	0	47
2013/09/16-23:57:03	15	1,884.556	66.236	1	0	0	0	0	0	1	1	0	0	1	3
2013/09/17-00:15:00	12	1,909.618	62.402	4	0	0	0	1	0	0	1	1	0	0	13
2013/09/17-00:15:32	12	1,909.618	62.402	2	0	1	1	0	0	0	1	0	0	1	8
2013/09/17-00:16:12	12	1,909.618	62.402	9	0	0	1	0	0	0	1	1	0	0	55
2013/09/17-00:17:26	12	1,909.618	62.402	8	0	0	0	1	0	1	1	0	0	1	4
2013/09/17-00:17:51	12	1,909.618	62.402	8	0	0	0	1	0	1	1	0	0	1	16
2013/09/17-00:34:55	12	1,909.618	62.402	15	0	0	0	0	0	0	1	1	0	0	39
2013/09/17-00:35:52	12	1,909.618	62.402	21	0	0	2	0	0	0	1	1	0	0	60
2013/09/17-00:37:11	12	1,909.618	62.402	1	0	0	0	0	0	1	1	0	0	1	3
2013/09/17-00:37:39	12	1,909.618	62.402	5	0	0	0	1	0	0	1	1	0	0	29
2013/09/17-00:38:28	12	1,909.618	62.402	1	0	1	0	0	0	0	1	0	0	1	3
2013/09/17-20:50:56	11	1,923.541	62.182	2	0	1	0	0	0	0	1	1	0	0	10
2013/09/17-20:51:25	11	1,923.541	62.182	16	0	0	0	1	0	0	1	1	0	0	38
2013/09/17-20:52:21	11	1,923.541	62.182	2	0	1	0	1	0	0	1	0	0	1	4
2013/09/17-20:52:44	11	1,923.541	62.182	14	0	0	7	0	0	1	1	0	0	1	43
2013/09/17-20:53:46	11	1,923.541	62.182	2	0	0	0	0	0	0	1	1	0	0	5
2013/09/17-21:04:21	11	1,923.541	62.182	9	0	1	2	1	0	0	1	0	0	1	20
2013/09/17-21:05:09	11	1,923.541	62.182	18	0	0	0	0	0	1	1	0	0	1	17
2013/09/17-21:06:28	11	1,923.541	62.182	1	0	0	0	0	0	1	1	0	0	1	3
2013/09/17-21:06:51	11	1,923.541	62.182	6	0	0	3	1	0	1	1	0	0	1	23
2013/09/17-21:07:33	11	1,923.541	62.182	29	0	0	0	0	0	0	1	0	0	1	60
2013/09/17-21:13:46	11	1,923.541	62.182	7	0	0	7	0	0	1	1	0	0	1	20
2013/09/17-21:14:25	11	1,923.541	62.182	7	0	1	0	0	0	0	1	0	0	1	8
2013/09/17-21:15:44	11	1,923.541	62.182	1	0	0	0	0	0	1	1	0	0	1	3
2013/09/17-21:16:07	11	1,923.541	62.182	15	0	0	2	2	0	0	1	1	0	0	57
2013/09/17-21:17:24	11	1,923.541	62.182	4	0	1	0	0	0	0	1	0	0	1	8
2013/09/17-22:28:36	17	1,874.091	56.547	25	0	0	2	1	0	1	1	0	0	1	52
2013/09/17-22:29:48	17	1,874.091	56.547	22	0	0	0	0	0	0	1	1	0	0	60
2013/09/17-22:31:06	17	1,874.091	56.547	4	0	1	1	0	0	0	1	0	0	1	16
2013/09/17-22:31:45	17	1,874.091	56.547	3	0	0	0	1	0	1	1	0	0	1	9
2013/09/17-22:32:14	17	1,874.091	56.547	1	0	1	0	0	0	0	1	0	0	1	3
2013/09/17-22:45:11	18	1,850.225	54.194	6	0	0	0	3	0	0	1	1	0	0	14
2013/09/17-22:45:43	18	1,850.225	54.194	8	0	0	2	0	0	1	1	0	0	1	27
2013/09/17-22:47:02	18	1,850.225	54.194	12	0	0	2	0	0	0	1	0	0	1	60
2013/09/17-22:48:21	18	1,850.225	54.194	24	0	0	2	2	0	0	1	1	0	0	60
2013/09/17-22:49:40	18	1,850.225	54.194	15	0	0	0	2	0	1	1	0	0	1	16
2013/09/17-23:08:09	17	1,856.895	52.112	1	0	0	0	0	0	1	1	0	0	1	3
2013/09/17-23:09:28	17	1,856.895	52.112	10	0	0	1	0	0	1	1	0	0	1	32
2013/09/17-23:10:42	17	1,856.895	52.112	1	0	0	0	0	0	1	1	0	0	1	3
2013/09/17-23:11:21	17	1,856.895	52.112	13	0	0	0	1	0	1	1	0	0	1	25
2013/09/17-23:12:05	17	1,856.895	52.112	1	0	1	0	0	0	0	1	0	0	1	7
2013/09/18-13:11:41	18	1,826.985	59.186	13	0	0	0	3	0	0	1	1	0	0	28
2013/09/18-13:12:28	18	1,826.985	59.186	18	0	0	2	2	0	0	1	1	0	0	51
2013/09/18-13:13:38	18	1,826.985	59.186	20	0	0	3	1	0	0	1	1	0	0	60
2013/09/18-13:14:57	18	1,826.985	59.186	17	0	0	3	1	0	0	1	1	0	0	60
2013/09/18-13:16:16	18	1,826.985	59.186	26	0	0	0	0	0	0	1	0	0	1	60
2013/09/18-13:39:47	17	1,857.427	56.343	5	0	0	0	0	0	1	1	0	0	1	20
2013/09/18-13:40:32	17	1,857.427	56.343	1	0	0	0	0	0	1	1	0	0	1	3
2013/09/18-13:41:42	17	1,857.427	56.343	16	0	0	1	0	0	0	1	1	0	0	60
2013/09/18-13:43:01	17	1,857.427	56.343	8	0	0	0	1	0	0	1	1	0	0	21
2013/09/18-13:43:40	17	1,857.427	56.343	4	0	0	0	2	0	1	1	0	0	1	11
2013/09/18-13:58:37	17	1,857.427	56.343	4	0	1	0	0	0	0	1	0	0	1	8
2013/09/18-13:59:38	17	1,857.427	56.343	6	0	0	2	0	0	1	1	0	0	1	13
2013/09/18-14:00:32	17	1,857.427	56.343	14	0	0	0	3	0	0	1	1	0	0	31
2013/09/18-14:01:22	18	1,836.049	52.744	5	0	0	1	0	0	1	1	0	0	1	20
2013/09/18-14:02:09	18	1,836.049	52.744	1	0	0	0	0	0	1	1	0	0	1	3
2013/09/18-18:15:40	18	1,819.906	60.976	6	0	0	0	2	0	1	1	1	0	0	19
2013/09/18-18:16:18	18	1,819.906	60.976	14	0	0	0	2	0	0	1	1	0	0	7
2013/09/18-18:16:44	18	1,819.906	60.976	25	0	0	0	0	0	0	1	0	0	1	60
2013/09/18-18:18:03	18	1,819.906	60.976	1	0	1	0	0	0	0	1	0	0	1	3
2013/09/18-18:18:24	18	1,819.906	60.976	10	0	0	2	0	0	0	1	0	0	1	60
2013/09/18-18:41:44	18	1,819.906	60.976	1	0	0	1	0	0	0	1	1	0	0	33
2013/09/18-18:42:35	18	1,837.467	57.399	7	0	0	2	0	0	0	1	0	0	1	60
2013/09/18-18:43:54	18	1,837.467	57.399	9	0	1	0	0	0	0	1	0	0	1	32
2013/09/18-18:44:45	18	1,837.467	57.399	11	0	0	0	0	0	1	1	0	0	1	33
2013/09/18-18:45:41	18	1,837.467	57.399	1	0	0	0	0	0	1	1	0	0	1	3
2013/09/18-18:55:03	18	1,837.467	57.399	2	0	1	0	0	0	0	1	0	0	1	16
2013/09/18-18:55:40	18	1,837.467	57.399	5	0	0	1	0	0	1	1	0	0	1	13
2013/09/18-18:56:40	18	1,837.467	57.399	3	0	1	0	0	0	0	1	0	0	1	8
2013/09/18-18:57:17	18	1,837.467	57.399	10	0	0	0	0	0	0	1	1	0	0	25
2013/09/18-18:58:00	18	1,837.467	57.399	4	0	0	2	0	0	1	1	0	0	1	14
2013/09/19-09:18:39	19	1,806.393	62.111	5	0	1	0	1	0	0	1	0	0	1	17
2013/09/19-09:19:16	19	1,806.393	62.111	3	0	0	0	1	0	0	1	1	0	0	5
2013/09/19-09:19:40	19	1,806.393	62.111	1	0	0	0	0	0	1	1	0	0	1	3
2013/09/19-09:20:29	19	1,806.393	62.111	8	0	0	1	1	0	0	1	1	0	0	32
2013/09/19-09:21:20	19	1,806.393	62.111	11	0	0	3	0	0	0	1	1	0	0	35
2013/09/19-09:35:17	19	1,806.393	62.111	18	0	0	3	1	0	0	1	1	0	0	60
2013/09/19-09:36:36	19	1,806.393	62.111	10	0	0	0	2	0	1	1	0	0	1	15
2013/09/19-09:37:10	19	1,806.393	62.111	10	0	0	0	0	0	1	1	0	0	1	17
2013/09/19-09:38:29	19	1,806.393	62.111	1	0	0	0	0	0	1	1	0	0	1	3
2013/09/19-09:38:53	19	1,806.393	62.111	3	0	0	0	0	0	0	1	1	0	0	13
2013/09/19-09:51:01	18	1,824.435	57.93	11	0	0	3	1	0	0	1	1	0	0	62
2013/09/19-09:52:25	18	1,824.435	57.93	4	0	0	1	0	0	1	1	0	0	1	27
2013/09/19-09:53:26	18	1,824.435	57.93	5	0	1	2	2	0	0	1	0	0	1	17
2013/09/19-09:54:03	18	1,824.435	57.93	4	0	1	0	0	0	0	1	0	0	1	21
2013/09/19-09:54:44	18	1,824.435	57.93	7	0	0	0	0	0	1	1	0	0	1	17
2013/09/19-14:28:56	15	1,843.139	63.176	1	0	0	0	0	0	1	1	0	0	1	3
2013/09/19-14:30:16	15	1,843.139	63.176	20	0	0	0	0	0	0	1	1	0	0	60
2013/09/19-14:31:35	15	1,843.139	63.176	2	0	0	2	2	0	0	1	1	0	0	6
2013/09/19-14:31:59	15	1,843.139	63.176	12	0	1	1	0	0	0	1	1	0	0	37
2013/09/19-14:32:56	15	1,843.139	63.176	4	0	0	0	1	0	0	1	1	0	0	12
2013/09/19-14:56:19	15	1,843.139	63.176	17	0	0	3	0	0	0	1	1	0	0	60
2013/09/19-14:57:38	15	1,843.139	63.176	20	0	0	0	1	0	0	1	1	0	0	60
2013/09/19-14:58:57	15	1,843.139	63.176	5	0	0	3	0	0	0	1	1	0	0	20
2013/09/19-14:59:36	10	1,884.316	59.185	20	0	0	0	2	0	1	1	0	0	1	33
2013/09/19-15:00:28	10	1,884.316	59.185	2	0	1	0	2	0	0	1	0	0	1	6
2013/09/19-15:17:49	10	1,884.316	59.185	3	0	0	0	0	0	0	1	1	0	0	15
2013/09/19-15:18:24	10	1,884.316	59.185	4	0	0	0	1	0	1	1	0	0	1	13
2013/09/19-15:19:44	10	1,884.316	59.185	2	0	0	0	0	0	1	1	0	0	1	7
2013/09/19-15:21:03	10	1,884.316	59.185	3	0	0	3	2	0	1	1	0	0	1	10
2013/09/19-15:21:38	10	1,884.316	59.185	1	0	0	0	0	0	1	1	0	0	1	2
2013/09/19-18:58:02	10	1,872.245	63.17	10	0	1	0	0	0	0	1	0	0	1	20
2013/09/19-18:58:41	10	1,872.245	63.17	6	0	0	0	2	0	0	1	1	0	0	20
2013/09/19-18:59:20	10	1,872.245	63.17	18	0	0	2	2	0	0	1	1	0	0	60
2013/09/19-19:00:39	10	1,872.245	63.17	14	0	0	0	0	0	0	1	1	0	0	60
2013/09/19-19:01:58	10	1,872.245	63.17	1	0	0	0	0	0	1	1	0	0	1	3
2013/09/19-19:20:16	12	1,857.627	61.513	4	0	1	0	0	0	0	1	0	0	1	17
2013/09/19-19:20:52	12	1,857.627	61.513	2	0	0	0	0	0	1	1	0	0	1	6
2013/09/19-19:21:54	12	1,857.627	61.513	17	0	0	3	0	0	0	1	1	0	0	60
2013/09/19-19:23:13	12	1,857.627	61.513	7	0	0	2	0	0	1	1	0	0	1	24
2013/09/19-19:24:32	12	1,857.627	61.513	3	0	1	0	0	0	0	1	0	0	1	18
2013/09/19-19:36:39	12	1,857.627	61.513	5	0	0	0	0	0	1	1	0	0	1	4
2013/09/19-19:37:29	12	1,857.627	61.513	8	0	0	1	0	0	0	1	0	1	0	75
2013/09/19-19:39:38	12	1,854.793	57.315	1	0	0	0	0	0	1	1	0	0	1	3
2013/09/19-19:40:32	12	1,854.793	57.315	2	0	0	0	0	0	1	1	0	0	1	5
2013/09/19-19:41:06	12	1,854.793	57.315	3	0	1	0	1	0	0	1	0	0	1	7
2013/09/20-00:39:20	11	1,832.133	63.548	7	0	0	2	2	0	0	1	1	0	0	40
2013/09/20-00:40:19	11	1,832.133	63.548	5	0	0	0	1	0	1	1	0	0	1	12
2013/09/20-00:41:03	11	1,832.133	63.548	20	0	0	0	2	0	0	1	1	0	0	34
2013/09/20-00:41:56	11	1,832.133	63.548	1	0	0	0	0	0	1	1	0	0	1	3
2013/09/20-00:42:31	11	1,832.133	63.548	13	0	0	1	2	0	0	1	1	0	0	59
2013/09/20-00:56:24	11	1,832.133	63.548	13	0	0	8	2	0	0	1	1	0	0	33
2013/09/20-00:57:17	11	1,832.133	63.548	13	0	0	0	1	0	1	1	0	0	1	17
2013/09/20-00:57:58	11	1,832.133	63.548	23	0	0	0	1	0	0	1	1	0	0	60
2013/09/20-00:59:17	11	1,832.133	63.548	10	0	1	1	0	0	0	1	0	0	1	27
2013/09/20-01:00:36	11	1,832.133	63.548	11	0	0	3	0	0	1	1	0	0	1	40
2013/09/20-01:14:53	16	1,805.3	58.829	1	0	0	0	0	0	1	1	0	0	1	2
2013/09/20-01:15:19	16	1,805.3	58.829	5	0	0	0	1	0	1	1	0	0	1	5
2013/09/20-01:16:07	16	1,805.3	58.829	28	0	0	3	0	0	0	1	1	0	0	60
2013/09/20-01:17:27	16	1,805.3	58.829	5	0	0	4	1	0	1	1	0	0	1	16
2013/09/20-01:18:01	16	1,805.3	58.829	15	0	0	3	2	0	0	1	1	0	0	50
2013/09/20-04:18:18	13	1,814.659	63.929	13	0	0	2	0	0	0	1	0	0	1	60
2013/09/20-04:19:37	13	1,814.659	63.929	1	0	0	0	0	0	1	1	0	0	1	3
2013/09/20-04:20:02	13	1,814.659	63.929	4	0	0	0	0	0	1	1	0	0	1	8
2013/09/20-04:20:39	13	1,814.659	63.929	14	0	0	2	0	0	1	1	0	0	1	37
2013/09/20-04:21:35	13	1,814.659	63.929	7	0	0	2	2	0	0	1	1	0	0	26
2013/09/20-04:51:57	15	1,808.56	61.403	16	0	0	3	1	0	0	1	1	0	0	60
2013/09/20-04:53:16	15	1,808.56	61.403	9	0	0	0	0	0	1	1	0	0	1	7
2013/09/20-04:54:35	15	1,808.56	61.403	1	0	0	0	1	0	1	1	0	0	1	3
2013/09/20-04:54:58	15	1,808.56	61.403	7	0	0	10	0	0	0	1	1	0	0	25
2013/09/20-04:55:42	15	1,808.56	61.403	8	0	0	0	0	0	1	1	0	0	1	27
2013/09/20-05:09:43	15	1,808.56	61.403	2	0	0	0	1	0	1	1	0	0	1	4
2013/09/20-05:10:23	15	1,808.56	61.403	2	0	1	0	0	0	0	1	0	0	1	5
2013/09/20-05:11:04	15	1,808.56	61.403	3	0	1	0	0	0	0	1	0	0	1	14
2013/09/20-05:11:46	15	1,808.56	61.403	1	0	0	0	0	0	1	1	0	0	1	1
2013/09/20-05:12:46	15	1,808.56	61.403	2	0	1	7	1	0	0	1	0	0	1	10
2013/09/20-08:46:29	15	1,798.622	64.073	1	0	0	0	0	0	1	1	0	0	1	3
2013/09/20-08:46:52	15	1,798.622	64.073	19	0	0	0	0	0	1	1	0	0	1	26
2013/09/20-08:47:36	15	1,798.622	64.073	3	0	1	0	0	0	0	1	0	0	1	10
2013/09/20-08:48:22	15	1,798.622	64.073	15	0	0	3	2	0	0	1	1	0	0	58
2013/09/20-08:49:39	15	1,798.622	64.073	25	0	0	0	0	0	1	1	0	0	1	58
2013/09/20-08:55:52	18	1,786.247	61.371	2	0	1	0	1	0	0	1	0	0	1	7
2013/09/20-08:56:35	18	1,786.247	61.371	3	0	0	0	0	0	1	1	0	0	1	10
2013/09/20-08:57:23	18	1,786.247	61.371	20	0	0	3	0	0	1	1	0	0	1	50
2013/09/20-08:58:33	18	1,786.247	61.371	4	0	0	0	0	0	1	1	0	0	1	22
2013/09/20-08:59:14	18	1,786.247	61.371	1	0	0	0	0	0	1	1	0	0	1	3
2013/09/20-09:10:02	18	1,786.247	61.371	2	0	0	0	1	0	0	1	1	0	0	3
2013/09/20-09:10:25	18	1,786.247	61.371	4	0	0	1	1	0	0	1	1	0	0	12
2013/09/20-09:10:56	18	1,786.247	61.371	9	0	0	3	2	0	0	1	1	0	0	41
2013/09/20-09:11:55	18	1,786.247	61.371	14	0	0	0	2	0	0	1	1	0	0	45
2013/09/20-09:12:59	18	1,786.247	61.371	9	0	0	3	1	0	1	1	0	0	1	18
2013/09/20-15:35:29	19	1,771.052	67.61	10	0	0	0	1	0	0	1	1	0	0	30
2013/09/20-15:36:18	19	1,771.052	67.61	2	0	1	0	0	0	0	1	0	0	1	5
2013/09/20-15:37:15	19	1,771.052	67.61	13	0	0	4	1	0	0	1	1	0	0	45
2013/09/20-15:38:18	19	1,771.052	67.61	1	0	0	0	1	0	1	1	0	0	1	3
2013/09/20-15:38:41	19	1,771.052	67.61	8	0	0	0	1	0	0	1	1	0	0	29
2013/09/20-15:54:37	21	1,761.355	65.045	2	0	1	0	0	0	0	1	0	0	1	8
2013/09/20-15:55:04	21	1,761.355	65.045	27	0	0	0	0	0	0	1	0	0	1	60
2013/09/20-15:56:23	21	1,761.355	65.045	1	0	0	0	0	0	1	1	0	0	1	3
2013/09/20-15:56:45	21	1,761.355	65.045	20	0	0	1	1	0	0	1	1	0	0	60
2013/09/20-15:58:05	21	1,761.355	65.045	23	0	0	0	0	0	0	1	0	0	1	60
2013/09/20-16:15:26	21	1,761.355	65.045	1	0	0	0	0	0	1	1	0	0	1	3
2013/09/20-16:15:50	21	1,761.355	65.045	8	0	0	0	0	0	0	1	1	0	0	27
2013/09/20-16:16:35	18	1,780.071	60.334	2	0	1	0	1	0	0	1	0	0	1	8
2013/09/20-16:17:02	18	1,780.071	60.334	7	0	1	0	0	0	0	1	0	0	1	21
2013/09/20-16:17:43	18	1,780.071	60.334	2	0	0	0	1	0	0	1	1	0	0	6
2013/09/20-21:42:03	13	1,788.352	70.295	17	0	0	2	0	0	0	1	1	0	0	60
2013/09/20-21:43:22	13	1,788.352	70.295	13	0	0	0	2	0	0	1	1	0	0	58
2013/09/20-21:44:39	13	1,788.352	70.295	17	0	0	6	1	0	0	1	1	0	0	40
2013/09/20-21:45:38	13	1,788.352	70.295	3	0	0	0	0	0	1	1	0	0	1	9
2013/09/20-21:46:42	13	1,788.352	70.295	23	0	0	0	1	0	0	1	1	0	0	60
2013/09/20-22:14:38	9	1,821.919	66.102	3	0	0	0	1	0	0	1	1	0	0	10
2013/09/20-22:15:07	9	1,821.919	66.102	9	0	1	0	0	0	0	1	0	0	1	5
2013/09/20-22:16:20	9	1,821.919	66.102	10	0	0	2	1	0	1	1	0	0	1	35
2013/09/20-22:17:39	9	1,821.919	66.102	18	0	0	3	0	0	0	1	1	0	0	60
2013/09/20-22:18:58	9	1,821.919	66.102	13	0	1	0	1	0	0	1	0	0	1	29
2013/09/20-22:29:59	9	1,821.919	66.102	20	0	0	3	0	0	0	1	1	0	0	50
2013/09/20-22:31:09	9	1,821.919	66.102	17	0	0	1	1	0	0	1	1	0	0	60
2013/09/20-22:32:28	9	1,821.919	66.102	9	0	0	4	2	0	0	1	1	0	0	32
2013/09/20-22:33:19	9	1,821.919	66.102	4	0	0	0	0	0	1	1	0	0	1	12
2013/09/20-22:33:50	9	1,821.919	66.102	1	0	0	0	0	0	1	1	0	0	1	3
2013/12/27-09:51:12	6	1,848.166	75.718	1	0	0	0	0	0	1	1	0	0	1	3
2013/12/27-09:52:34	6	1,848.166	75.718	8	0	0	0	1	0	0	1	1	0	0	60
2013/12/27-09:53:53	6	1,848.166	75.718	28	0	0	1	1	0	0	1	1	0	0	60
2013/12/27-09:55:11	6	1,848.166	75.718	22	0	0	0	1	0	0	1	1	0	0	52
2013/12/27-09:56:22	6	1,848.166	75.718	1	0	1	0	0	0	0	1	0	0	1	3
2013/12/27-10:22:44	5	1,860.069	70.184	29	0	0	0	1	0	0	1	1	0	0	60
2013/12/27-10:24:03	5	1,860.069	70.184	1	0	0	0	0	0	1	1	0	0	1	3
2013/12/27-10:24:25	5	1,860.069	70.184	7	0	0	0	1	0	0	1	1	0	0	24
2013/12/27-10:25:08	5	1,860.069	70.184	9	0	0	2	0	0	1	1	0	0	1	16
2013/12/27-10:26:26	5	1,860.069	70.184	14	0	1	0	0	0	0	1	0	0	1	36
2013/12/27-10:47:44	7	1,854.865	65.659	4	0	1	0	1	0	0	1	0	0	1	14
2013/12/27-10:48:19	7	1,854.865	65.659	14	0	0	0	0	0	1	1	0	0	1	15
2013/12/27-10:49:06	7	1,854.865	65.659	1	0	0	0	0	0	1	1	0	0	1	3
2013/12/27-10:49:37	7	1,854.865	65.659	9	0	1	0	0	0	0	1	0	0	1	28
2013/12/27-10:50:24	7	1,854.865	65.659	8	0	0	0	2	0	1	1	0	0	1	15
2013/12/27-17:45:03	10	1,831.552	69.951	3	0	0	0	0	0	0	1	1	0	0	14
2013/12/27-17:45:32	10	1,831.552	69.951	1	0	0	0	0	0	1	1	0	0	1	3
2013/12/27-17:45:57	10	1,831.552	69.951	0	0	0	0	0	0	0	1	1	0	0	6
2013/12/27-17:46:22	10	1,831.552	69.951	11	0	0	0	0	0	0	1	1	0	0	60
2013/12/27-17:47:41	10	1,831.552	69.951	4	0	0	0	1	0	0	1	1	0	0	10
2013/12/27-17:56:46	10	1,831.552	69.951	22	0	0	1	0	0	0	1	0	0	1	60
2013/12/27-17:58:05	9	1,814.644	66.809	21	0	0	0	2	0	0	1	1	0	0	52
2013/12/27-17:59:16	9	1,814.644	66.809	5	0	1	0	0	0	0	1	0	0	1	11
2013/12/27-17:59:46	9	1,814.644	66.809	9	0	0	0	1	0	0	1	1	0	0	43
2013/12/27-18:00:49	9	1,814.644	66.809	2	0	0	0	1	0	1	1	0	0	1	6
2013/12/27-18:08:41	9	1,814.644	66.809	1	0	0	0	0	0	1	1	0	0	1	3
2013/12/27-18:09:06	9	1,814.644	66.809	8	0	0	1	0	0	0	1	1	0	0	28
2013/12/27-18:09:53	9	1,814.644	66.809	3	0	1	0	0	0	0	1	0	0	1	11
2013/12/27-18:10:53	9	1,814.644	66.809	3	0	1	0	0	0	0	1	0	0	1	9
2013/12/27-18:11:55	9	1,814.644	66.809	27	0	0	1	1	0	0	1	1	0	0	60
2013/12/28-07:25:44	6	1,809.108	83.284	3	0	0	0	0	0	1	1	0	0	1	10
2013/12/28-07:26:10	6	1,809.108	83.284	5	0	0	0	0	0	1	1	0	0	1	16
2013/12/28-07:27:29	6	1,809.108	83.284	15	0	0	1	1	0	0	1	1	0	0	44
2013/12/28-07:28:32	6	1,809.108	83.284	6	0	1	0	0	0	0	1	0	0	1	12
2013/12/28-07:29:51	6	1,809.108	83.284	7	0	0	0	2	0	0	1	1	0	0	21
2013/12/28-07:56:28	6	1,816.022	76.504	17	0	0	0	0	0	0	1	0	0	1	60
2013/12/28-07:57:44	6	1,816.022	76.504	1	0	0	0	0	0	1	1	0	0	1	3
2013/12/28-07:58:13	6	1,816.022	76.504	12	0	0	0	0	0	0	1	1	0	0	15
2013/12/28-07:58:47	6	1,816.022	76.504	8	0	1	0	0	0	0	1	0	0	1	26
2013/12/28-07:59:53	6	1,816.022	76.504	1	0	1	0	0	0	0	1	0	0	1	3
2013/12/28-08:12:20	6	1,816.022	76.504	10	0	0	0	1	0	1	1	0	0	1	4
2013/12/28-08:12:55	6	1,816.022	76.504	2	0	1	0	2	0	0	1	0	0	1	4
2013/12/28-08:13:18	6	1,816.022	76.504	5	0	1	1	0	0	0	1	0	0	1	21
2013/12/28-08:13:57	6	1,816.022	76.504	1	0	0	0	0	0	1	1	0	0	1	3
2013/12/28-08:14:30	6	1,816.022	76.504	14	0	0	2	1	0	0	1	1	0	0	47
2013/12/28-14:14:54	10	1,781.419	76.041	23	0	0	0	0	0	0	1	1	0	0	22
2013/12/28-14:15:36	10	1,781.419	76.041	5	0	1	0	1	0	0	1	0	0	1	14
2013/12/28-14:16:09	10	1,781.419	76.041	9	0	1	4	0	0	0	1	0	0	1	24
2013/12/28-14:16:55	10	1,781.419	76.041	5	0	1	0	0	0	0	1	0	0	1	15
2013/12/28-14:17:52	10	1,781.419	76.041	18	0	0	2	0	0	0	1	0	0	1	60
2013/12/28-14:35:13	10	1,781.419	76.041	6	0	1	0	1	0	0	1	0	0	1	13
2013/12/28-14:35:45	10	1,781.419	76.041	4	0	0	0	0	0	1	1	0	0	1	3
2013/12/28-14:36:36	11	1,775.974	69.087	16	0	0	2	2	0	0	1	1	0	0	60
2013/12/28-14:37:55	11	1,775.974	69.087	5	0	1	0	1	0	0	1	0	0	1	14
2013/12/28-14:38:28	11	1,775.974	69.087	11	0	0	2	0	0	0	1	1	0	0	60
2013/12/28-14:51:59	11	1,775.974	69.087	24	0	0	0	2	0	0	1	1	0	0	60
2013/12/28-14:53:18	11	1,775.974	69.087	15	0	0	3	1	0	0	1	1	0	0	60
2013/12/28-14:54:37	11	1,775.974	69.087	1	0	1	0	0	0	0	1	0	0	1	4
2013/12/28-14:55:00	11	1,775.974	69.087	1	0	0	0	0	0	1	1	0	0	1	3
2013/12/28-14:56:19	11	1,775.974	69.087	5	0	0	0	1	0	0	1	1	0	0	16
2013/12/28-19:52:58	4	1,827.918	72.161	14	0	0	0	3	0	0	1	1	0	0	14
2013/12/28-19:53:31	4	1,827.918	72.161	1	0	0	0	0	0	1	1	0	0	1	3
2013/12/28-19:54:50	4	1,827.918	72.161	2	0	0	0	1	0	1	1	0	0	1	7
2013/12/28-19:56:09	4	1,827.918	72.161	7	0	0	0	0	0	1	1	0	0	1	12
2013/12/28-19:56:44	4	1,827.918	72.161	12	0	0	2	1	0	1	1	0	0	1	19
2013/12/28-20:03:22	4	1,827.918	72.161	2	0	1	0	0	0	0	1	0	0	1	3
2013/12/28-20:04:41	4	1,827.918	72.161	5	0	1	3	0	0	0	1	0	0	1	13
2013/12/28-20:05:13	4	1,827.918	72.161	12	0	0	0	0	0	1	1	0	0	1	42
2013/12/28-20:06:15	4	1,827.918	72.161	22	0	0	2	1	0	0	1	1	0	0	60
2013/12/28-20:07:34	4	1,827.918	72.161	7	0	0	0	1	0	1	1	0	0	1	17
2013/12/28-20:18:28	12	1,786.169	64.402	13	0	0	4	1	0	0	1	1	0	0	33
2013/12/28-20:19:21	12	1,786.169	64.402	15	0	0	5	1	0	0	1	1	0	0	60
2013/12/28-20:20:40	12	1,786.169	64.402	4	0	0	0	0	0	1	1	0	0	1	9
2013/12/28-20:21:08	12	1,786.169	64.402	27	0	0	0	0	0	1	1	0	0	1	58
2013/12/28-20:22:27	12	1,786.169	64.402	5	0	0	0	2	0	1	1	0	0	1	3
2013/12/28-22:16:17	9	1,796.313	61.985	13	0	1	0	0	0	0	1	0	0	1	46
2013/12/28-22:17:21	9	1,796.313	61.985	1	0	0	0	0	0	1	1	0	0	1	3
2013/12/28-22:17:49	9	1,796.313	61.985	35	0	0	0	0	0	1	1	0	0	1	59
2013/12/28-22:19:08	9	1,796.313	61.985	12	0	0	3	0	0	1	1	0	0	1	26
2013/12/28-22:19:58	10	1,784.938	59.272	1	0	1	0	0	0	0	1	0	0	1	3
2013/12/28-22:38:49	10	1,784.938	59.272	15	0	0	0	0	0	1	1	0	0	1	28
2013/12/28-22:39:36	10	1,784.938	59.272	11	0	0	0	0	0	1	1	0	0	1	10
2013/12/28-22:40:15	10	1,784.938	59.272	12	0	0	2	0	0	1	1	0	0	1	28
2013/12/28-22:41:34	10	1,784.938	59.272	3	0	1	0	0	0	0	1	0	0	1	11
2013/12/28-22:42:04	10	1,784.938	59.272	1	0	0	0	0	0	1	1	0	0	1	3
2013/12/28-22:53:28	10	1,784.938	59.272	1	0	0	0	0	0	1	1	0	0	1	3
2013/12/28-22:54:00	10	1,784.938	59.272	9	0	0	0	1	0	1	1	0	0	1	17
2013/12/28-22:54:36	10	1,784.938	59.272	27	0	0	0	0	0	0	1	1	0	0	52
2013/12/28-22:55:47	10	1,784.938	59.272	2	0	0	0	0	0	1	1	0	0	1	6
2013/12/28-22:57:06	10	1,784.938	59.272	10	0	0	0	2	0	0	1	1	0	0	30
2013/12/29-04:07:03	12	1,780.897	65.524	7	0	0	0	0	0	1	1	0	0	1	6
2013/12/29-04:07:28	12	1,780.897	65.524	5	0	1	0	1	0	0	1	0	0	1	18
2013/12/29-04:08:35	12	1,780.897	65.524	4	0	0	0	1	0	0	1	1	0	0	10
2013/12/29-04:09:04	12	1,780.897	65.524	4	0	0	2	0	0	1	1	0	0	1	11
2013/12/29-04:10:23	12	1,780.897	65.524	27	0	0	0	1	0	1	1	0	0	1	54
2013/12/29-04:16:47	12	1,780.897	65.524	20	0	0	2	0	0	0	1	0	1	0	60
2013/12/29-04:18:07	12	1,780.897	65.524	29	0	0	4	0	0	0	1	1	0	0	60
2013/12/29-04:19:26	12	1,780.897	65.524	6	0	0	0	1	0	1	1	0	0	1	16
2013/12/29-04:20:01	12	1,780.897	65.524	10	0	1	0	0	0	0	1	0	0	1	24
2013/12/29-04:20:54	12	1,780.897	65.524	18	0	0	2	0	0	0	1	1	0	0	60
2013/12/29-04:34:44	12	1,780.897	65.524	10	0	0	1	0	0	1	1	0	0	1	26
2013/12/29-04:36:03	12	1,780.897	65.524	3	0	1	0	0	0	0	1	0	0	1	12
2013/12/29-04:37:17	12	1,780.897	65.524	7	0	0	7	0	0	1	1	0	0	1	19
2013/12/29-04:37:55	12	1,780.897	65.524	28	0	0	0	0	0	0	1	1	0	0	60
2013/12/29-04:39:14	13	1,780.001	57.807	1	0	0	0	0	0	1	1	0	0	1	3
2013/12/29-08:56:43	14	1,771.38	64.93	7	0	0	0	1	0	1	1	0	0	1	10
2013/12/29-08:57:12	14	1,771.38	64.93	9	0	0	10	1	0	0	1	1	0	0	19
2013/12/29-08:57:50	14	1,771.38	64.93	7	0	0	0	2	0	0	1	1	0	0	29
2013/12/29-08:58:38	14	1,771.38	64.93	9	0	0	2	0	0	0	1	1	0	0	60
2013/12/29-08:59:57	14	1,771.38	64.93	2	0	1	0	2	0	0	1	0	0	1	7
2013/12/29-09:15:53	14	1,771.717	63.166	5	0	0	1	0	0	1	1	0	0	1	14
2013/12/29-09:16:52	14	1,771.717	63.166	5	0	1	0	0	0	0	1	0	0	1	3
2013/12/29-09:17:38	14	1,771.717	63.166	4	0	1	0	0	0	0	1	0	0	1	16
2013/12/29-09:18:55	14	1,771.717	63.166	1	0	0	0	1	0	1	1	0	0	1	3
2013/12/29-09:19:32	14	1,771.717	63.166	13	0	0	0	0	0	1	1	0	0	1	19
2013/12/29-09:26:48	14	1,771.717	63.166	4	0	1	0	1	0	0	1	0	0	1	13
2013/12/29-09:27:18	14	1,771.717	63.166	2	0	0	0	0	0	1	1	0	0	1	6
2013/12/29-09:28:02	14	1,771.717	63.166	27	0	0	0	0	0	0	1	1	0	0	60
2013/12/29-09:29:21	14	1,771.717	63.166	1	0	0	0	0	0	1	1	0	0	1	3
2013/12/29-09:29:46	14	1,771.717	63.166	12	0	0	1	0	0	0	1	1	0	0	33
2013/12/30-00:27:13	19	1,715.992	77.451	19	0	0	3	1	0	0	1	1	0	0	60
2013/12/30-00:28:32	19	1,715.992	77.451	17	0	0	2	1	0	0	1	1	0	0	60
2013/12/30-00:29:51	19	1,715.992	77.451	11	0	0	1	0	0	0	1	1	0	0	36
2013/12/30-00:30:46	19	1,715.992	77.451	22	0	0	1	1	0	0	1	1	0	0	60
2013/12/30-00:32:05	19	1,715.992	77.451	28	0	0	1	2	0	0	1	1	0	0	60
2013/12/30-00:50:40	9	1,780.465	71.561	7	0	1	1	0	0	0	1	0	0	1	17
2013/12/30-00:51:15	9	1,780.465	71.561	5	0	0	1	0	0	1	1	0	0	1	16
2013/12/30-00:52:01	9	1,780.465	71.561	20	0	0	2	0	0	0	1	1	0	0	60
2013/12/30-00:53:20	9	1,780.465	71.561	15	0	0	2	0	0	0	1	0	0	1	60
2013/12/30-00:54:39	9	1,780.465	71.561	16	0	0	4	0	0	0	1	1	0	0	60
2013/12/30-01:19:09	9	1,780.465	71.561	4	0	0	1	0	0	1	1	0	0	1	11
2013/12/30-01:20:28	9	1,780.465	71.561	14	0	0	4	0	0	0	1	1	0	0	60
2013/12/30-01:21:47	9	1,780.465	71.561	7	0	0	1	0	0	1	1	0	0	1	26
2013/12/30-01:23:06	9	1,780.465	71.561	3	0	0	0	0	0	1	1	0	0	1	13
2013/12/30-01:23:38	9	1,780.465	71.561	16	0	1	2	0	0	0	1	0	0	1	42
2013/12/30-06:05:14	13	1,760.09	71.202	9	0	0	1	0	0	0	1	1	0	0	39
2013/12/30-06:06:13	13	1,760.09	71.202	22	0	0	2	0	0	0	1	0	0	1	60
2013/12/30-06:07:32	13	1,760.09	71.202	7	0	0	0	0	0	1	1	0	0	1	18
2013/12/30-06:08:51	13	1,760.09	71.202	12	0	1	1	0	0	0	1	0	0	1	59
2013/12/30-06:10:08	11	1,787.898	67.361	25	0	0	2	0	0	0	1	0	0	1	60
2013/12/30-06:33:40	11	1,787.898	67.361	12	0	0	2	1	0	1	1	0	0	1	25
2013/12/30-06:34:59	11	1,787.898	67.361	24	0	0	2	1	0	0	1	1	0	0	58
2013/12/30-06:36:16	11	1,787.898	67.361	15	0	0	3	0	0	1	1	0	0	1	35
2013/12/30-06:37:24	11	1,787.898	67.361	4	0	0	0	0	0	1	1	0	0	1	9
2013/12/30-06:38:43	11	1,787.898	67.361	25	0	0	1	0	0	0	1	0	0	1	60
2013/12/30-06:58:35	9	1,795.931	62.751	11	0	0	2	0	0	1	1	0	0	1	29
2013/12/30-06:59:55	9	1,795.931	62.751	20	0	0	1	0	0	1	1	0	0	1	47
2013/12/30-07:01:01	9	1,795.931	62.751	21	0	0	3	1	0	0	1	1	0	0	60
2013/12/30-07:02:20	9	1,795.931	62.751	7	0	0	1	0	0	1	1	0	0	1	16
2013/12/30-07:03:30	9	1,795.931	62.751	10	0	1	1	0	0	0	1	0	0	1	32
2013/12/30-12:08:53	9	1,792.916	67.042	15	0	0	1	0	0	1	1	0	0	1	58
2013/12/30-12:10:10	9	1,792.916	67.042	8	0	0	1	3	0	0	1	1	0	0	31
2013/12/30-12:11:00	9	1,792.916	67.042	9	0	0	2	0	0	0	1	0	0	1	60
2013/12/30-12:12:19	9	1,792.916	67.042	10	0	0	2	1	0	0	1	1	0	0	30
2013/12/30-12:13:08	9	1,792.916	67.042	12	0	0	1	1	0	0	1	1	0	0	31
2013/12/30-12:38:52	9	1,801.28	64.33	6	0	0	0	0	0	1	1	0	0	1	14
2013/12/30-12:39:41	9	1,801.28	64.33	26	0	0	4	0	0	1	1	0	0	1	57
2013/12/30-12:40:56	9	1,801.28	64.33	19	0	0	2	1	0	0	1	1	0	0	60
2013/12/30-12:42:15	9	1,801.28	64.33	16	0	0	1	0	0	1	1	0	0	1	57
2013/12/30-12:43:31	9	1,801.28	64.33	14	0	0	1	0	0	0	1	1	0	0	45
2013/12/30-12:59:15	9	1,801.28	64.33	18	0	0	2	0	0	0	1	0	0	1	60
2013/12/30-13:00:34	9	1,801.28	64.33	14	0	0	1	0	0	1	1	0	0	1	38
2013/12/30-13:01:49	9	1,801.28	64.33	17	0	0	2	0	0	1	1	0	0	1	51
2013/12/30-13:03:00	9	1,801.28	64.33	9	0	0	2	0	0	0	1	0	0	1	60
2013/12/30-13:04:19	10	1,797.779	58.987	22	0	0	1	0	0	0	1	0	0	1	60
2013/12/30-21:55:33	10	1,800.418	72.103	7	0	0	1	0	0	1	1	0	0	1	27
2013/12/30-21:56:18	10	1,806.128	71.071	14	0	0	4	0	0	0	1	1	0	0	60
2013/12/30-21:57:38	10	1,806.128	71.071	26	0	0	4	1	0	0	1	1	0	0	60
2013/12/30-21:58:57	10	1,806.128	71.071	8	0	0	0	1	0	1	1	0	0	1	18
2013/12/30-21:59:34	10	1,806.128	71.071	27	0	0	2	0	0	0	1	1	0	0	60
2013/12/31-08:40:30	4	1,850.817	80.484	1	0	0	0	1	0	1	1	0	0	1	3
2013/12/31-08:41:10	4	1,850.817	80.484	15	0	0	0	2	0	0	1	1	0	0	17
2013/12/31-08:41:45	4	1,850.817	80.484	20	0	0	3	0	0	1	1	0	0	1	55
2013/12/31-08:42:59	4	1,850.817	80.484	20	0	0	2	0	0	0	1	1	0	0	60
2013/12/31-08:44:18	4	1,850.817	80.484	6	0	0	0	2	0	1	1	0	0	1	13
2013/12/31-08:53:51	6	1,832.929	76.222	21	0	0	3	0	0	0	1	0	0	1	60
2013/12/31-08:55:10	6	1,832.929	76.222	8	0	0	0	2	0	0	1	1	0	0	28
2013/12/31-08:55:57	6	1,832.929	76.222	7	0	0	0	1	0	1	1	0	0	1	8
2013/12/31-08:56:24	6	1,832.929	76.222	1	0	0	0	0	0	1	1	0	0	1	3
2013/12/31-08:56:59	6	1,832.929	76.222	12	0	0	0	0	0	0	1	1	0	0	31
2013/12/31-09:17:46	6	1,832.929	76.222	24	0	0	0	0	0	0	1	1	0	0	60
2013/12/31-09:19:05	6	1,832.929	76.222	20	0	0	3	1	0	0	1	1	0	0	46
2013/12/31-09:20:10	6	1,832.929	76.222	1	0	0	0	0	0	1	1	0	0	1	3
2013/12/31-09:21:28	6	1,832.929	76.222	9	0	1	0	2	0	0	1	0	0	1	5
2013/12/31-09:21:52	6	1,832.929	76.222	15	0	1	2	0	0	0	1	0	0	1	35
2013/12/31-11:48:26	1	1,854.316	72.286	5	0	0	2	2	0	0	1	1	0	0	27
2013/12/31-11:49:55	1	1,854.316	72.286	17	0	0	0	1	0	0	1	1	0	0	31
2013/12/31-11:50:42	1	1,854.316	72.286	1	0	0	0	1	0	1	1	0	0	1	3
2013/12/31-11:51:03	1	1,854.316	72.286	10	0	0	1	0	0	0	1	1	0	0	30
2013/12/31-11:51:52	1	1,854.316	72.286	9	0	0	3	1	0	0	1	1	0	0	26
2013/12/31-12:11:12	1	1,863.557	69.463	19	0	0	0	0	0	1	1	0	0	1	35
2013/12/31-12:12:08	1	1,863.557	69.463	6	0	0	0	1	0	0	1	1	0	0	16
2013/12/31-12:12:43	1	1,863.557	69.463	1	0	0	0	0	0	1	1	0	0	1	3
2013/12/31-12:13:29	1	1,863.557	69.463	10	0	0	3	1	0	0	1	1	0	0	60
2013/12/31-12:14:48	1	1,863.557	69.463	9	0	0	2	2	0	0	1	1	0	0	21
2013/12/31-12:29:18	1	1,863.557	69.463	5	0	0	0	1	0	1	1	0	0	1	11
2013/12/31-12:29:48	1	1,863.557	69.463	1	0	0	0	0	0	1	1	0	0	1	3
2013/12/31-12:31:07	1	1,863.557	69.463	21	0	0	2	1	0	0	1	1	0	0	60
2013/12/31-12:32:26	1	1,863.557	69.463	7	0	0	0	1	0	1	1	0	0	1	4
2013/12/31-12:32:53	1	1,863.557	69.463	3	0	1	0	0	0	0	1	0	0	1	12
2013/12/31-16:04:39	4	1,818.194	69.601	9	0	1	0	0	0	0	1	0	0	1	19
2013/12/31-16:05:17	4	1,818.194	69.601	7	0	0	2	1	0	1	1	0	0	1	25
2013/12/31-16:06:01	4	1,818.194	69.601	12	0	0	2	2	0	0	1	1	0	0	39
2013/12/31-16:06:59	4	1,818.194	69.601	3	0	1	0	0	0	0	1	0	0	1	11
2013/12/31-16:07:28	4	1,818.194	69.601	1	0	0	0	0	0	1	1	0	0	1	3
2013/12/31-16:22:31	9	1,787.515	66.4	8	0	0	0	2	0	0	1	1	0	0	21
2013/12/31-16:23:10	9	1,787.515	66.4	4	0	0	0	3	0	0	1	1	0	0	6
2013/12/31-16:23:35	9	1,787.515	66.4	11	0	0	3	1	0	0	1	1	0	0	34
2013/12/31-16:24:27	9	1,787.515	66.4	7	0	0	2	1	0	0	1	1	0	0	15
2013/12/31-16:25:01	9	1,787.515	66.4	5	0	0	3	1	0	0	1	1	0	0	16
2013/12/31-16:39:46	9	1,787.515	66.4	12	0	0	0	1	0	0	1	1	0	0	30
2013/12/31-16:40:35	9	1,787.515	66.4	8	0	0	7	0	0	1	1	0	0	1	26
2013/12/31-16:41:19	9	1,787.515	66.4	4	0	0	0	3	0	0	1	1	0	0	13
2013/12/31-16:41:51	9	1,787.515	66.4	7	0	1	1	1	0	0	1	0	0	1	11
2013/12/31-16:42:47	9	1,787.515	66.4	18	0	0	0	2	0	0	1	1	0	0	26
2013/12/31-20:00:54	4	1,809.881	69.663	5	0	1	0	2	0	0	1	0	0	1	14
2013/12/31-20:01:29	4	1,809.881	69.663	17	0	0	2	1	0	0	1	1	0	0	60
2013/12/31-20:02:48	4	1,809.881	69.663	1	0	0	0	1	0	1	1	0	0	1	3
2013/12/31-20:03:15	4	1,809.881	69.663	7	0	0	0	3	0	0	1	1	0	0	5
2013/12/31-20:03:39	4	1,809.881	69.663	8	0	0	0	1	0	0	1	1	0	0	29
2013/12/31-20:27:26	4	1,809.881	69.663	1	0	1	0	0	0	0	1	0	0	1	3
2013/12/31-20:27:48	4	1,809.881	69.663	12	0	0	0	1	0	1	1	0	0	1	49
2013/12/31-20:28:56	4	1,809.881	69.663	11	0	0	3	0	0	0	1	1	0	0	35
2013/12/31-20:29:50	4	1,809.881	69.663	7	0	1	1	0	0	0	1	0	0	1	21
2013/12/31-20:30:30	4	1,809.881	69.663	38	0	0	0	0	0	0	1	0	0	1	60
2013/12/31-20:41:51	5	1,803.809	63.078	5	0	0	0	1	0	1	1	0	0	1	12
2013/12/31-20:42:22	5	1,803.809	63.078	1	0	0	0	0	0	1	1	0	0	1	3
2013/12/31-20:42:54	5	1,803.809	63.078	23	0	0	1	1	0	0	1	1	0	0	60
2013/12/31-20:44:13	5	1,803.809	63.078	26	0	0	5	1	0	0	1	1	0	0	60
2013/12/31-20:45:32	5	1,803.809	63.078	20	0	0	3	0	0	0	1	1	0	0	60
2014/01/01-00:09:31	5	1,806.503	66.51	16	0	0	3	1	0	0	1	1	0	0	60
2014/01/01-00:10:50	5	1,806.503	66.51	12	0	0	0	1	0	0	1	1	0	0	15
2014/01/01-00:11:24	5	1,806.503	66.51	24	0	0	2	1	0	0	1	1	0	0	60
2014/01/01-00:12:43	5	1,806.503	66.51	1	0	0	0	1	0	1	1	0	0	1	3
2014/01/01-00:13:09	5	1,806.503	66.51	11	0	0	0	1	0	1	1	0	0	1	31
2014/01/01-00:30:15	5	1,802.694	64.067	1	0	0	0	0	0	1	1	0	0	1	3
2014/01/01-00:30:38	5	1,802.694	64.067	27	0	0	0	1	0	0	1	1	0	0	60
2014/01/01-00:31:57	5	1,802.694	64.067	11	0	1	0	0	0	0	1	0	0	1	8
2014/01/01-00:32:24	5	1,802.694	64.067	10	0	1	1	0	0	0	1	0	0	1	29
2014/01/01-00:33:43	5	1,802.694	64.067	13	0	1	2	2	0	0	1	0	0	1	36
2014/01/01-00:48:38	5	1,802.694	64.067	15	0	0	2	0	0	0	1	0	0	1	60
2014/01/01-00:49:57	5	1,802.694	64.067	3	0	1	0	0	0	0	1	0	0	1	12
2014/01/01-00:51:16	5	1,802.694	64.067	15	0	0	3	0	0	0	1	1	0	0	60
2014/01/01-00:52:35	5	1,802.694	64.067	1	0	0	0	0	0	1	1	0	0	1	3
2014/01/01-00:53:33	5	1,802.694	64.067	8	0	0	0	2	0	1	1	0	0	1	8
2014/01/01-04:23:19	10	1,766.558	65.041	11	0	0	1	1	0	0	1	1	0	0	37
2014/01/01-04:24:15	10	1,772.43	64.725	9	0	0	2	1	0	0	1	1	0	0	39
2014/01/01-04:25:13	10	1,772.43	64.725	25	0	0	0	1	0	0	1	1	0	0	60
2014/01/01-04:26:31	10	1,772.43	64.725	5	0	1	0	0	0	0	1	0	0	1	13
2014/01/01-04:27:04	10	1,772.43	64.725	1	0	0	0	0	0	1	1	0	0	1	3
2014/01/01-04:36:52	10	1,772.43	64.725	19	0	0	9	1	0	0	1	1	0	0	45
2014/01/01-04:37:56	10	1,772.43	64.725	6	0	0	0	0	0	1	1	0	0	1	12
2014/01/01-04:38:30	10	1,772.43	64.725	14	0	0	0	1	0	1	1	0	0	1	10
2014/01/01-04:38:58	10	1,772.43	64.725	7	0	0	2	2	0	0	1	1	0	0	20
2014/01/01-04:39:37	10	1,772.43	64.725	3	0	1	0	0	0	0	1	0	0	1	10
2014/01/01-05:00:09	10	1,772.43	64.725	18	0	1	0	0	0	0	1	0	0	1	30
2014/01/01-05:01:24	10	1,772.43	64.725	5	0	1	0	0	0	0	1	0	0	1	13
2014/01/01-05:02:43	12	1,751.101	58.728	27	0	0	5	1	0	0	1	1	0	0	60
2014/01/01-05:04:02	12	1,751.101	58.728	1	0	0	0	0	0	1	1	0	0	1	3
2014/01/01-05:05:20	12	1,751.101	58.728	9	0	0	4	0	0	1	1	0	0	1	36
2014/01/01-09:15:16	10	1,754.736	65.2	12	0	1	0	0	0	0	1	0	0	1	17
2014/01/01-09:16:14	10	1,754.736	65.2	3	0	0	1	1	0	0	1	1	0	0	9
2014/01/01-09:16:42	10	1,754.736	65.2	6	0	0	0	2	0	1	1	0	0	1	16
2014/01/01-09:17:17	10	1,754.736	65.2	20	0	0	0	2	0	0	1	1	0	0	47
2014/01/01-09:18:23	10	1,754.736	65.2	22	0	0	3	0	0	0	1	1	0	0	60
2014/01/01-09:35:16	12	1,752.719	62.902	15	0	0	0	2	0	1	1	0	0	1	11
2014/01/01-09:35:46	12	1,752.719	62.902	1	0	0	0	1	0	1	1	0	0	1	3
2014/01/01-09:36:08	12	1,752.719	62.902	9	0	1	1	0	0	0	1	0	0	1	34
2014/01/01-09:37:09	12	1,752.719	62.902	3	0	0	0	0	0	1	1	0	0	1	8
2014/01/01-09:37:58	12	1,752.719	62.902	17	0	0	0	2	0	0	1	1	0	0	60
2014/01/01-09:49:14	12	1,752.719	62.902	6	0	0	1	1	0	1	1	0	0	1	16
2014/01/01-09:50:01	12	1,752.719	62.902	19	0	0	2	0	0	1	1	0	0	1	40
2014/01/01-09:51:01	12	1,752.719	62.902	7	0	0	0	1	0	0	1	1	0	0	22
2014/01/01-09:51:42	12	1,752.719	62.902	20	0	0	0	1	0	1	1	0	0	1	46
2014/01/01-09:52:46	12	1,752.719	62.902	6	0	0	0	0	0	1	1	0	0	1	4
2014/01/01-13:23:11	19	1,723.013	64.397	22	0	0	3	0	0	0	1	1	0	0	60
2014/01/01-13:24:30	19	1,723.013	64.397	16	0	0	1	0	0	0	1	1	0	0	60
2014/01/01-13:25:49	15	1,728.207	63.536	11	0	0	0	0	0	0	1	1	0	0	44
2014/01/01-13:26:52	15	1,728.207	63.536	1	0	0	0	0	0	1	1	0	0	1	3
2014/01/01-13:27:13	15	1,728.207	63.536	8	0	0	0	1	0	0	1	1	0	0	10
2014/01/01-13:41:36	15	1,728.207	63.536	11	0	1	2	0	0	0	1	0	0	1	32
2014/01/01-13:42:27	15	1,728.207	63.536	4	0	0	0	1	0	1	1	0	0	1	11
2014/01/01-13:43:20	15	1,728.207	63.536	16	0	0	1	0	0	0	1	1	0	0	60
2014/01/01-13:44:39	15	1,728.207	63.536	19	0	0	0	1	0	0	1	1	0	0	30
2014/01/01-13:45:28	15	1,728.207	63.536	1	0	0	0	0	0	1	1	0	0	1	3
2014/01/01-13:59:19	15	1,728.207	63.536	5	0	0	0	1	0	0	1	1	0	0	20
2014/01/01-13:59:58	15	1,728.207	63.536	22	0	0	0	0	0	0	1	0	0	1	60
2014/01/01-14:01:17	15	1,728.207	63.536	23	0	0	1	1	0	0	1	1	0	0	60
2014/01/01-14:02:37	15	1,734.036	58.037	14	0	0	3	1	0	0	1	1	0	0	60
2014/01/01-14:03:56	15	1,734.036	58.037	9	0	0	0	1	0	1	1	0	0	1	9
2014/01/01-23:41:24	18	1,734.046	63.958	8	0	0	1	2	0	0	1	1	0	0	26
2014/01/01-23:42:09	18	1,734.046	63.958	6	0	0	0	1	0	0	1	1	0	0	10
2014/01/01-23:42:38	18	1,734.046	63.958	12	0	0	7	1	0	0	1	1	0	0	18
2014/01/01-23:43:16	18	1,734.046	63.958	11	0	0	0	2	0	0	1	1	0	0	38
2014/01/01-23:44:12	18	1,734.046	63.958	16	0	0	0	1	0	0	1	1	0	0	38
2014/01/01-23:58:37	7	1,763.844	61.583	1	0	0	0	0	0	1	1	0	0	1	3
2014/01/01-23:59:09	7	1,763.844	61.583	5	0	0	0	0	0	1	1	0	0	1	13
2014/01/01-23:59:53	7	1,763.844	61.583	2	0	0	0	0	0	1	1	0	0	1	6
2014/01/02-00:00:18	7	1,763.844	61.583	22	0	0	0	1	0	0	1	1	0	0	60
2014/01/02-00:01:37	7	1,763.844	61.583	1	0	1	0	1	0	0	1	0	0	1	4
2014/01/02-00:22:30	7	1,763.844	61.583	12	0	1	0	0	0	0	1	0	0	1	16
2014/01/02-00:23:05	7	1,763.844	61.583	6	0	1	0	0	0	0	1	0	0	1	19
2014/01/02-00:23:48	7	1,763.844	61.583	1	0	0	0	0	0	1	1	0	0	1	3
2014/01/02-00:25:07	7	1,763.844	61.583	1	0	0	0	0	0	1	1	0	0	1	3
2014/01/02-00:25:29	7	1,763.844	61.583	1	0	1	0	0	0	0	1	0	0	1	3
2014/01/02-03:49:15	12	1,728.814	63.435	10	0	0	2	1	0	1	1	0	0	1	14
2014/01/02-03:49:49	12	1,728.814	63.435	6	0	0	0	2	0	1	1	0	0	1	4
2014/01/02-03:50:11	12	1,728.814	63.435	19	0	0	1	0	0	0	1	1	0	0	60
2014/01/02-03:51:30	12	1,728.814	63.435	2	0	0	1	1	0	0	1	1	0	0	9
2014/01/02-03:51:58	12	1,728.814	63.435	5	0	0	0	0	0	1	1	0	0	1	13
2014/01/02-04:11:29	14	1,724.317	60.45	13	0	0	3	0	0	0	1	0	0	1	60
2014/01/02-04:12:48	14	1,724.317	60.45	10	0	1	0	0	0	0	1	0	0	1	22
2014/01/02-04:13:29	14	1,724.317	60.45	4	0	0	0	0	0	1	1	0	0	1	10
2014/01/02-04:14:23	14	1,724.317	60.45	5	0	0	0	0	0	0	1	1	0	0	13
2014/01/02-04:14:55	14	1,724.317	60.45	1	0	0	0	0	0	1	1	0	0	1	3
2014/01/02-04:29:05	14	1,724.317	60.45	24	0	0	3	1	0	0	1	1	0	0	60
2014/01/02-04:30:24	14	1,724.317	60.45	38	0	0	0	0	0	0	1	0	0	1	60
2014/01/02-04:31:43	14	1,737.059	56.526	1	0	0	0	0	0	1	1	0	0	1	3
2014/01/02-04:32:07	14	1,737.059	56.526	3	0	1	0	1	0	0	1	0	0	1	7
2014/01/02-04:32:47	14	1,737.059	56.526	21	0	0	6	1	0	1	1	0	0	1	39
2014/01/02-09:37:16	18	1,723.27	63.685	24	0	0	3	1	0	1	1	0	0	1	54
2014/01/02-09:38:29	18	1,723.27	63.685	1	0	0	0	1	0	1	1	0	0	1	3
2014/01/02-09:38:51	18	1,723.27	63.685	11	0	0	0	1	0	0	1	1	0	0	21
2014/01/02-09:39:30	18	1,723.27	63.685	3	0	0	0	3	0	0	1	1	0	0	10
2014/01/02-09:39:59	18	1,723.27	63.685	21	0	0	3	0	0	0	1	1	0	0	60
2014/01/02-10:02:37	14	1,732.406	61.292	1	0	1	0	0	0	0	1	0	0	1	3
2014/01/02-10:02:59	14	1,732.406	61.292	2	0	0	0	1	0	1	1	0	0	1	6
2014/01/02-10:03:45	14	1,732.406	61.292	3	0	1	0	0	0	0	1	0	0	1	11
2014/01/02-10:04:42	14	1,732.406	61.292	2	0	0	0	0	0	0	1	1	0	0	9
2014/01/02-10:05:10	14	1,732.406	61.292	18	0	0	0	1	0	1	1	0	0	1	8
2014/01/02-10:18:05	14	1,732.406	61.292	16	0	0	0	0	0	1	1	0	0	1	10
2014/01/02-10:19:24	14	1,732.406	61.292	1	0	0	0	0	0	1	1	0	0	1	3
2014/01/02-10:19:47	14	1,732.406	61.292	14	0	1	3	0	0	0	1	0	0	1	35
2014/01/02-10:20:41	14	1,732.406	61.292	1	0	1	0	0	0	0	1	0	0	1	3
2014/01/02-10:21:04	14	1,732.406	61.292	8	0	0	3	3	0	1	1	1	0	0	31
2014/01/02-13:45:28	20	1,711.495	63.194	19	0	0	0	2	0	0	1	1	0	0	60
2014/01/02-13:46:47	20	1,711.495	63.194	1	0	0	0	0	0	1	1	0	0	1	3
2014/01/02-13:47:14	20	1,711.495	63.194	7	0	0	2	0	0	0	1	1	0	0	40
2014/01/02-13:48:13	20	1,711.495	63.194	7	0	0	0	0	0	1	1	0	0	1	3
2014/01/02-13:48:52	20	1,711.495	63.194	1	0	0	0	0	0	1	1	0	0	1	3
2014/01/02-14:03:31	23	1,695.498	60.314	1	0	0	0	0	0	1	1	0	0	1	3
2014/01/02-14:04:13	23	1,695.498	60.314	10	0	0	2	1	0	1	1	0	0	1	31
2014/01/02-14:05:02	23	1,695.498	60.314	12	0	0	4	1	0	0	1	1	0	0	43
2014/01/02-14:06:04	23	1,695.498	60.314	8	0	0	0	1	0	0	1	1	0	0	8
2014/01/02-14:06:31	23	1,695.498	60.314	15	0	0	0	0	0	1	1	0	0	1	33
2014/01/02-14:25:47	23	1,695.498	60.314	12	0	0	0	2	0	0	1	1	0	0	28
2014/01/02-14:26:34	23	1,695.498	60.314	21	0	1	4	1	0	0	1	0	0	1	49
2014/01/02-14:27:42	23	1,695.498	60.314	18	0	0	0	2	0	1	1	1	0	0	40
2014/01/02-14:28:40	20	1,707.052	56.792	19	0	0	5	1	0	0	1	1	0	0	60
2014/01/02-14:29:59	20	1,707.052	56.792	12	0	1	1	0	0	0	1	0	0	1	34
2014/01/02-18:58:59	17	1,708.232	64.446	9	0	0	2	2	0	0	1	1	0	0	19
2014/01/02-18:59:38	17	1,712.506	64.29	17	0	0	0	1	0	0	1	1	0	0	60
2014/01/02-19:00:57	17	1,712.506	64.29	18	0	0	3	1	0	0	1	1	0	0	60
2014/01/02-19:02:16	17	1,712.506	64.29	7	0	0	0	2	0	0	1	1	0	0	18
2014/01/02-19:02:53	17	1,712.506	64.29	24	0	0	5	0	0	0	1	1	0	0	60
2014/01/02-22:25:27	17	1,712.506	64.29	17	0	0	0	0	0	0	1	1	0	0	60
2014/01/02-22:26:46	17	1,712.506	64.29	15	0	0	1	0	0	0	1	1	0	0	60
2014/01/02-22:28:05	17	1,712.506	64.29	15	0	0	0	0	0	1	1	0	0	1	32
2014/01/02-22:29:15	17	1,712.506	64.29	1	0	0	0	0	0	1	1	0	0	1	3
2014/01/02-22:30:05	17	1,712.506	64.29	24	0	0	6	0	0	0	1	1	0	0	60
2014/01/02-22:42:31	17	1,712.506	64.29	9	0	0	3	1	0	0	1	1	0	0	32
2014/01/02-22:43:19	17	1,712.506	64.29	8	0	0	0	1	0	1	1	0	0	1	9
2014/01/02-22:43:56	15	1,726.748	58.736	1	0	0	0	0	0	1	1	0	0	1	3
2014/01/02-22:45:15	15	1,726.748	58.736	14	0	1	1	0	0	0	1	0	0	1	30
2014/01/02-22:46:34	15	1,726.748	58.736	11	0	0	1	2	0	1	1	0	0	1	20
2014/01/03-02:05:13	16	1,712.14	62.743	18	0	0	2	1	0	0	1	1	0	0	60
2014/01/03-02:06:32	16	1,712.14	62.743	3	0	0	0	0	0	1	1	0	0	1	11
2014/01/03-02:07:19	16	1,712.14	62.743	22	0	0	0	0	0	0	1	0	0	1	60
2014/01/03-02:08:37	18	1,705.399	61.106	2	0	1	0	0	0	0	1	0	0	1	5
2014/01/03-02:09:20	18	1,705.399	61.106	11	0	0	3	3	0	0	1	1	0	0	39
2014/01/03-02:39:34	18	1,705.399	61.106	5	0	0	2	0	0	1	1	0	0	1	13
2014/01/03-02:40:32	18	1,705.399	61.106	2	0	0	0	0	0	1	1	0	0	1	6
2014/01/03-02:41:04	18	1,705.399	61.106	16	0	0	3	0	0	0	1	1	0	0	60
2014/01/03-02:42:23	18	1,705.399	61.106	1	0	0	0	0	0	1	1	0	0	1	3
2014/01/03-02:42:56	18	1,705.399	61.106	9	0	0	0	1	0	0	1	1	0	0	11
2014/01/03-02:51:25	20	1,693.339	57.223	8	0	0	0	0	0	1	1	0	0	1	4
2014/01/03-02:51:57	20	1,693.339	57.223	16	0	0	0	1	0	1	1	0	0	1	36
2014/01/03-02:52:52	20	1,693.339	57.223	1	0	0	0	0	0	1	1	0	0	1	3
2014/01/03-02:53:21	20	1,693.339	57.223	6	0	0	6	0	0	0	1	1	0	0	39
2014/01/03-02:54:19	20	1,693.339	57.223	4	0	0	0	1	0	1	1	0	0	1	13
2014/01/03-07:21:39	22	1,694.95	63.156	12	0	0	0	2	0	1	1	0	0	1	6
2014/01/03-07:22:04	22	1,694.95	63.156	1	0	0	0	1	0	1	1	0	0	1	3
2014/01/03-07:22:26	22	1,694.95	63.156	18	0	0	0	1	0	0	1	1	0	0	46
2014/01/03-07:23:31	22	1,694.95	63.156	11	0	0	2	1	0	1	1	0	0	1	32
2014/01/03-07:24:41	22	1,694.95	63.156	9	0	0	3	2	0	0	1	1	0	0	25
2014/01/03-07:40:30	24	1,685.037	60.557	7	0	0	4	1	0	0	1	1	0	0	32
2014/01/03-07:41:21	24	1,685.037	60.557	1	0	0	0	1	0	1	1	0	0	1	3
2014/01/03-07:41:52	24	1,685.037	60.557	25	0	0	0	0	0	0	1	0	0	1	60
2014/01/03-07:43:11	24	1,685.037	60.557	18	0	1	1	0	0	0	1	0	0	1	48
2014/01/03-07:44:30	24	1,685.037	60.557	11	0	0	3	0	0	0	1	1	0	0	39
2014/01/03-07:59:20	21	1,699.05	57.56	11	0	0	0	2	0	1	1	0	0	1	38
2014/01/03-08:00:18	21	1,699.05	57.56	3	0	1	0	0	0	0	1	0	0	1	11
2014/01/03-08:00:48	21	1,699.05	57.56	7	0	0	0	1	0	0	1	1	0	0	14
2014/01/03-08:01:16	21	1,699.05	57.56	17	0	0	2	0	0	0	1	0	0	1	60
2014/01/03-08:02:28	21	1,699.05	57.56	1	0	0	0	0	0	1	1	0	0	1	3
2014/01/03-14:01:49	22	1,702.189	56.404	8	0	0	0	0	0	1	1	0	0	1	20
2014/01/03-14:02:44	22	1,702.189	56.404	9	0	1	0	0	0	0	1	0	0	1	20
2014/01/03-14:03:29	22	1,702.189	56.404	6	0	1	0	0	0	0	1	0	0	1	13
2014/01/03-14:04:06	22	1,702.189	56.404	5	0	0	0	0	0	1	1	0	0	1	11
2014/01/03-14:04:53	22	1,702.189	56.404	6	0	0	0	0	0	1	1	0	0	1	18
2014/01/03-21:58:33	23	1,693.934	55.521	0	0	0	0	0	0	0	1	0	1	0	0
2014/01/04-11:32:47	23	1,693.004	57.716	1	0	0	0	0	0	1	1	0	0	1	3
2014/01/04-11:33:10	23	1,693.004	57.716	3	0	0	0	0	0	1	1	0	0	1	9
2014/01/04-11:33:57	23	1,693.004	57.716	19	0	0	4	0	0	0	1	0	0	1	60
2014/01/04-11:35:16	23	1,693.004	57.716	7	0	0	0	1	0	1	1	0	0	1	17
2014/01/04-11:35:52	23	1,693.004	57.716	1	0	0	0	0	0	1	1	0	0	1	3
2014/01/04-11:41:06	23	1,693.004	57.716	8	0	0	5	0	0	1	1	0	0	1	19
2014/01/04-11:41:44	23	1,693.004	57.716	17	0	0	3	0	0	0	1	0	0	1	60
2014/01/04-11:43:03	23	1,693.004	57.716	5	0	0	0	1	0	0	1	1	0	0	18
2014/01/04-11:43:41	23	1,693.004	57.716	17	0	0	0	0	0	0	1	1	0	0	29
2014/01/04-11:44:28	23	1,693.004	57.716	8	0	1	0	0	0	0	1	0	0	1	5
2014/01/04-12:00:38	23	1,689.36	53.041	5	0	1	0	0	0	0	1	0	0	1	16
2014/01/04-12:01:19	23	1,689.36	53.041	16	0	0	2	0	0	0	1	1	0	0	42
2014/01/04-12:02:20	23	1,689.36	53.041	1	0	0	0	0	0	1	1	0	0	1	3
2014/01/04-12:02:56	23	1,689.36	53.041	14	0	0	2	0	0	1	1	0	0	1	40
2014/01/04-12:03:55	23	1,689.36	53.041	5	0	0	0	1	0	1	1	0	0	1	19
2014/01/04-17:29:48	25	1,686.244	61.107	6	0	0	0	1	0	1	1	0	0	1	4
2014/01/04-17:30:13	25	1,686.244	61.107	2	0	0	0	1	0	1	1	0	0	1	6
2014/01/04-17:30:39	25	1,686.244	61.107	8	0	1	0	0	0	0	1	0	0	1	16
2014/01/04-17:31:14	25	1,686.244	61.107	5	0	0	0	0	0	1	1	0	0	1	11
2014/01/04-17:32:03	25	1,686.244	61.107	4	0	1	0	0	0	0	1	0	0	1	10
2014/01/04-17:55:32	29	1,668.85	57.959	26	0	0	1	0	0	0	1	1	0	0	60
2014/01/04-17:56:51	29	1,668.85	57.959	2	0	1	0	0	0	0	1	0	0	1	6
2014/01/04-17:57:33	29	1,668.85	57.959	39	0	0	0	2	0	0	1	1	0	0	60
2014/01/04-17:58:52	29	1,668.85	57.959	1	0	1	0	0	0	0	1	0	0	1	4
2014/01/04-18:00:11	29	1,668.85	57.959	1	0	0	0	0	0	1	1	0	0	1	3
2014/01/04-18:09:27	29	1,668.85	57.959	5	0	0	0	1	0	0	1	1	0	0	16
2014/01/04-18:10:01	29	1,668.85	57.959	1	0	0	0	0	0	1	1	0	0	1	3
2014/01/04-18:11:09	29	1,668.85	57.959	13	0	0	0	0	0	1	1	0	0	1	23
2014/01/04-18:11:51	29	1,668.85	57.959	18	0	0	4	0	0	0	1	1	0	0	60
2014/01/04-18:13:10	29	1,668.85	57.959	6	0	1	4	0	0	0	1	0	0	1	17
2014/01/05-12:42:48	29	1,670.685	70.182	10	0	0	0	3	0	0	1	1	0	0	31
2014/01/05-12:43:39	29	1,670.685	70.182	3	0	0	0	2	0	0	1	1	0	0	7
2014/01/05-12:44:05	29	1,670.685	70.182	16	0	0	2	1	0	0	1	1	0	0	52
2014/01/05-12:45:16	29	1,670.685	70.182	1	0	0	0	0	0	1	1	0	0	1	3
2014/01/05-12:45:53	29	1,670.685	70.182	11	0	0	2	2	0	0	1	1	0	0	36
2014/01/05-12:59:39	30	1,677.965	66.872	15	0	0	3	1	0	0	1	1	0	0	46
2014/01/05-13:00:44	30	1,677.965	66.872	3	0	1	1	0	0	0	1	0	0	1	10
2014/01/05-13:02:03	30	1,677.965	66.872	1	0	0	0	0	0	1	1	0	0	1	3
2014/01/05-13:02:27	30	1,677.965	66.872	20	0	0	0	2	0	0	1	1	0	0	19
2014/01/05-13:03:05	30	1,677.965	66.872	1	0	0	0	0	0	1	1	0	0	1	3
2014/01/05-13:18:43	30	1,677.965	66.872	3	0	1	0	0	0	0	1	0	0	1	7
2014/01/05-13:19:39	30	1,677.965	66.872	1	0	0	0	1	0	1	1	0	0	1	5
2014/01/05-13:20:39	30	1,677.965	66.872	6	0	0	0	0	0	1	1	0	0	1	4
2014/01/05-13:21:16	30	1,677.965	66.872	2	0	1	0	0	0	0	1	0	0	1	3
2014/01/05-13:21:52	30	1,677.965	66.872	16	0	0	1	0	0	0	1	0	0	1	60
2014/01/05-17:29:57	38	1,639.639	66.701	3	0	1	0	0	0	0	1	0	0	1	8
2014/01/05-17:30:36	38	1,639.639	66.701	9	0	0	1	0	0	1	1	0	0	1	32
2014/01/05-17:31:27	38	1,639.639	66.701	21	0	0	2	1	0	1	1	0	0	1	41
2014/01/05-17:32:34	38	1,639.639	66.701	24	0	0	2	1	0	1	1	0	0	1	56
2014/01/05-17:33:49	38	1,639.639	66.701	17	0	0	1	0	0	0	1	1	0	0	57
2014/01/05-17:54:45	34	1,647.27	63.042	12	0	0	1	1	0	0	1	1	0	0	42
2014/01/05-17:55:46	34	1,647.27	63.042	4	0	1	1	0	0	0	1	0	0	1	17
2014/01/05-17:56:23	34	1,647.27	63.042	13	0	0	1	2	0	0	1	1	0	0	36
2014/01/05-17:57:17	34	1,647.27	63.042	16	0	0	1	0	0	0	1	1	0	0	60
2014/01/05-17:58:36	34	1,647.27	63.042	11	0	0	1	0	0	1	1	0	0	1	30
2014/01/05-18:22:53	34	1,647.27	63.042	21	0	0	2	1	0	0	1	1	0	0	60
2014/01/05-18:24:12	34	1,647.27	63.042	21	0	0	1	1	0	0	1	1	0	0	60
2014/01/05-18:25:31	34	1,647.27	63.042	22	0	0	3	2	0	0	1	1	0	0	60
2014/01/05-18:26:50	34	1,647.27	63.042	22	0	0	5	1	0	1	1	0	0	1	57
2014/01/05-18:28:09	31	1,666.592	58.195	22	0	0	3	1	0	0	1	1	0	0	60
2014/01/05-22:40:11	31	1,672.243	63.3	6	0	0	1	1	0	0	1	1	0	0	34
2014/01/05-22:41:04	31	1,672.243	63.3	18	0	0	2	0	0	0	1	1	0	0	60
2014/01/05-22:42:23	31	1,672.243	63.3	16	0	0	3	0	0	0	1	1	0	0	46
2014/01/05-22:43:28	31	1,672.243	63.3	19	0	0	8	0	0	0	1	1	0	0	60
2014/01/05-22:44:47	31	1,672.243	63.3	10	0	0	2	1	0	0	1	1	0	0	31
