2013/09/02-13:39:28	12	1,500	350	3	0	1	0	0	0	0	1	0	0	1	9
2013/09/02-14:00:21	12	1,500	350	0	0	1	0	0	0	0	1	0	0	1	3
2013/09/02-14:00:43	12	1,500	350	2	0	1	0	0	0	0	1	0	0	1	14
2013/09/02-14:01:16	12	1,500	350	1	0	1	0	0	0	0	1	0	0	1	3
2013/09/02-14:01:38	12	1,500	350	0	0	1	0	0	0	0	1	0	0	1	25
2013/09/02-14:04:54	12	1,500	350	0	0	1	0	0	0	0	1	0	0	1	5
2013/09/02-14:05:18	12	1,500	350	4	0	0	0	0	0	0	1	1	0	0	19
2013/09/02-14:05:57	12	1,500	350	1	0	1	0	0	0	0	1	0	0	1	3
2013/09/02-14:06:22	12	1,500	350	5	0	0	0	1	0	1	1	0	0	1	32
2013/09/02-14:07:12	12	1,500	350	2	0	0	0	0	0	0	1	1	0	0	6
2013/09/02-14:18:00	79	1,455.316	263.837	4	0	1	11	0	0	0	1	0	0	1	30
2013/09/02-14:19:19	79	1,455.316	263.837	0	0	0	0	0	0	0	1	1	0	0	60
2013/09/02-14:20:38	79	1,455.316	263.837	1	0	0	0	0	0	0	1	1	0	0	6
2013/09/02-14:21:03	79	1,455.316	263.837	1	0	1	0	1	0	0	1	0	0	1	13
2013/09/02-14:21:35	79	1,455.316	263.837	5	0	0	0	0	0	1	1	0	0	1	22
2013/09/02-18:38:37	31	1,575.392	213.978	0	0	1	0	0	0	0	1	0	0	1	25
2013/09/02-18:39:34	31	1,575.392	213.978	0	0	1	0	0	0	0	1	0	0	1	21
2013/09/02-18:40:10	31	1,575.392	213.978	7	0	0	0	0	0	0	1	1	0	0	60
2013/09/02-18:41:30	31	1,575.392	213.978	1	0	0	0	0	0	0	1	1	0	0	60
2013/09/02-18:42:49	31	1,575.392	213.978	0	0	1	0	0	0	0	1	0	0	1	3
2013/09/02-18:48:09	64	1,340.817	178.698	0	0	1	0	0	0	0	1	0	0	1	22
2013/09/02-18:49:05	64	1,340.817	178.698	3	0	0	0	0	0	1	1	0	0	1	11
2013/09/02-18:50:15	64	1,340.817	178.698	1	0	0	0	0	0	1	1	0	0	1	6
2013/09/02-18:51:17	64	1,340.817	178.698	0	0	1	0	0	0	0	1	0	0	1	3
2013/09/02-18:51:39	64	1,340.817	178.698	1	0	1	0	1	0	0	1	0	0	1	22
2013/09/02-19:01:48	64	1,340.817	178.698	0	0	1	0	0	0	0	1	0	0	1	6
2013/09/02-19:02:14	64	1,340.817	178.698	10	0	0	3	0	0	0	1	1	0	0	60
2013/09/02-19:03:33	64	1,340.817	178.698	0	0	1	0	0	0	0	1	1	0	0	7
2013/09/02-19:03:58	64	1,340.817	178.698	1	0	0	0	0	0	1	1	0	0	1	11
2013/09/02-19:04:29	64	1,340.817	178.698	2	0	0	0	0	0	1	1	0	0	1	3
2013/09/02-22:58:33	62	1,298.871	153.532	0	0	1	0	0	0	0	1	0	0	1	3
2013/09/02-22:59:50	62	1,298.871	153.532	0	0	1	0	0	0	0	1	0	0	1	3
2013/09/02-23:00:22	62	1,298.871	153.532	1	0	0	0	0	0	1	1	0	0	1	3
2013/09/02-23:01:41	62	1,298.871	153.532	0	0	1	0	0	0	0	1	0	0	1	3
2013/09/02-23:02:05	62	1,298.871	153.532	0	0	1	0	0	0	0	1	0	0	1	19
2013/09/02-23:24:48	66	1,233.346	132.238	1	0	1	0	0	0	0	1	0	0	1	15
2013/09/02-23:25:22	66	1,233.346	132.238	0	0	1	0	0	0	0	1	1	0	0	4
2013/09/02-23:25:45	66	1,233.346	132.238	2	0	0	0	0	0	0	1	1	0	0	14
2013/09/02-23:27:26	66	1,233.346	132.238	0	0	1	0	0	0	0	1	0	0	1	4
2013/09/02-23:27:57	66	1,233.346	132.238	0	0	1	0	0	0	0	1	0	0	1	3
2013/09/02-23:39:57	60	1,289.104	115.12	0	0	1	0	0	0	0	1	0	0	1	3
2013/09/02-23:40:22	60	1,289.104	115.12	0	0	1	0	0	0	0	1	0	0	1	41
2013/09/02-23:41:21	60	1,289.104	115.12	1	0	0	0	0	0	1	1	0	0	1	3
2013/09/02-23:42:02	60	1,289.104	115.12	1	0	1	0	0	0	0	1	0	0	1	35
2013/09/02-23:42:55	60	1,289.104	115.12	0	0	1	0	0	0	0	1	0	0	1	3
2013/09/03-15:19:38	64	1,250.678	105.723	1	0	1	0	0	0	0	1	0	0	1	17
2013/09/03-15:20:58	64	1,250.678	105.723	1	0	1	0	0	0	0	1	0	0	1	3
2013/09/03-15:21:22	64	1,250.678	105.723	0	0	1	0	0	0	0	1	0	0	1	3
2013/09/03-15:21:52	64	1,250.678	105.723	0	0	1	0	0	0	0	1	0	0	1	4
2013/09/03-15:22:35	64	1,250.678	105.723	0	0	1	0	0	0	0	1	0	0	1	3
2013/09/03-15:30:59	67	1,213.636	95.527	1	0	1	0	0	0	0	1	0	0	1	4
2013/09/03-15:31:26	67	1,213.636	95.527	0	0	0	0	0	0	0	1	1	0	0	60
2013/09/03-15:32:45	67	1,213.636	95.527	0	0	0	0	0	0	0	1	1	0	0	60
2013/09/03-15:34:03	67	1,213.636	95.527	5	0	0	0	0	0	0	1	1	0	0	19
2013/09/03-15:34:42	67	1,213.636	95.527	1	0	1	0	1	0	0	1	0	0	1	4
2013/09/03-15:43:48	67	1,213.636	95.527	6	0	1	3	0	0	0	1	0	0	1	43
2013/09/03-15:44:50	67	1,213.636	95.527	2	0	0	0	0	0	0	1	1	0	0	46
2013/09/03-15:45:55	67	1,213.636	95.527	1	0	1	0	0	0	0	1	0	0	1	16
2013/09/03-15:46:29	67	1,213.636	95.527	0	0	1	0	0	0	0	1	0	0	1	16
2013/09/03-15:47:21	67	1,213.636	95.527	1	0	0	0	0	0	1	1	0	0	1	9
2013/09/03-20:04:59	61	1,309.605	87.835	1	0	0	0	0	0	1	1	0	0	1	3
2013/09/03-20:05:24	61	1,309.605	87.835	2	0	0	0	1	0	1	1	1	0	0	11
2013/09/03-20:05:53	61	1,309.605	87.835	1	0	1	0	0	0	0	1	0	0	1	13
2013/09/03-20:06:25	61	1,309.605	87.835	0	0	1	0	0	0	0	1	0	0	1	3
2013/09/03-20:06:47	61	1,309.605	87.835	0	0	0	0	0	0	0	1	1	0	0	60
2013/09/03-20:21:14	61	1,309.605	87.835	1	0	0	0	0	0	1	1	0	0	1	3
2013/09/03-20:21:36	61	1,309.605	87.835	0	0	1	0	0	0	0	1	0	0	1	4
2013/09/03-20:22:05	61	1,309.605	87.835	7	0	0	0	0	0	0	1	1	0	0	60
2013/09/03-20:23:23	61	1,309.605	87.835	1	0	0	0	0	0	1	1	0	0	1	6
2013/09/03-20:23:49	61	1,309.605	87.835	0	0	0	0	0	0	0	1	1	0	0	60
2013/09/03-20:37:05	58	1,349.747	76.861	1	0	1	0	0	0	0	1	0	0	1	4
2013/09/03-20:37:31	58	1,349.747	76.861	0	0	0	0	0	0	0	1	1	0	0	60
2013/09/03-20:38:49	58	1,349.747	76.861	0	0	1	0	0	0	0	1	0	0	1	4
2013/09/03-20:39:17	58	1,349.747	76.861	0	0	1	0	0	0	0	1	0	0	1	7
2013/09/03-20:39:43	58	1,349.747	76.861	0	0	1	0	0	0	0	1	0	0	1	3
2013/09/04-15:35:08	59	1,327.406	76.281	0	0	1	0	0	0	0	1	0	0	1	3
2013/09/04-15:35:43	59	1,327.406	76.281	0	0	1	0	0	0	0	1	0	0	1	3
2013/09/04-15:36:05	59	1,327.406	76.281	0	0	1	0	0	0	0	1	0	0	1	3
2013/09/04-15:36:27	59	1,327.406	76.281	3	0	0	0	0	0	1	1	0	0	1	9
2013/09/04-15:37:02	60	1,300.802	71.715	0	0	1	0	0	0	0	1	0	0	1	22
2013/09/04-15:44:58	60	1,300.802	71.715	1	0	0	0	0	0	0	1	1	0	0	60
2013/09/04-15:46:17	60	1,300.802	71.715	1	0	1	0	0	0	0	1	0	0	1	56
2013/09/04-15:47:32	60	1,300.802	71.715	0	0	1	0	0	0	0	1	0	0	1	9
2013/09/04-15:48:09	60	1,300.802	71.715	0	0	1	0	0	0	0	1	0	0	1	6
2013/09/04-15:48:34	60	1,300.802	71.715	0	0	0	0	0	0	0	1	1	0	0	60
2013/09/04-15:57:42	60	1,300.802	71.715	1	0	1	0	0	0	0	1	0	0	1	7
2013/09/04-15:58:11	60	1,300.802	71.715	0	0	0	0	0	0	0	1	1	0	0	60
2013/09/04-15:59:30	60	1,300.802	71.715	0	0	0	0	0	0	0	1	1	0	0	60
2013/09/04-16:00:48	60	1,300.802	71.715	1	0	0	0	0	0	1	1	0	0	1	3
2013/09/04-16:01:10	60	1,300.802	71.715	1	0	0	0	1	0	0	1	1	0	0	7
2013/09/04-20:55:38	60	1,311.332	70.265	0	0	1	0	0	0	0	1	0	0	1	8
2013/09/04-20:56:08	60	1,311.332	70.265	1	0	1	0	0	0	0	1	0	0	1	10
2013/09/04-20:56:37	60	1,311.332	70.265	0	0	0	0	0	0	0	1	0	1	0	60
2013/09/04-20:57:56	60	1,311.332	70.265	4	0	0	1	0	0	0	1	1	0	0	60
2013/09/04-20:59:15	60	1,311.332	70.265	0	0	1	0	0	0	0	1	0	0	1	13
2013/09/04-21:06:34	61	1,328.579	65.773	2	0	0	0	0	0	0	1	1	0	0	60
2013/09/04-21:07:54	61	1,328.579	65.773	1	0	0	0	0	0	1	1	0	0	1	4
2013/09/04-21:09:12	61	1,328.579	65.773	4	0	0	6	0	0	0	1	0	0	1	60
2013/09/04-21:10:31	61	1,328.579	65.773	1	0	1	1	1	0	0	1	0	0	1	8
2013/09/04-21:10:58	61	1,328.579	65.773	0	0	1	0	0	0	0	1	0	0	1	15
2013/09/04-21:21:34	61	1,328.579	65.773	0	0	1	0	0	0	0	1	0	0	1	3
2013/09/04-21:22:08	61	1,328.579	65.773	6	0	0	3	0	0	0	1	1	0	0	60
2013/09/04-21:23:27	61	1,328.579	65.773	5	0	0	0	2	0	0	1	1	0	0	36
2013/09/04-21:24:22	61	1,328.579	65.773	0	0	1	0	0	0	0	1	0	0	1	4
2013/09/04-21:24:51	61	1,328.579	65.773	3	0	1	8	0	0	0	1	0	0	1	37
2013/09/05-02:48:19	57	1,348.021	65.582	1	0	1	0	0	0	0	1	0	0	1	14
2013/09/05-02:48:52	57	1,348.021	65.582	0	0	1	0	0	0	0	1	0	0	1	4
2013/09/05-02:49:18	57	1,348.021	65.582	0	0	1	0	0	0	0	1	0	0	1	4
2013/09/05-02:50:37	57	1,348.021	65.582	1	0	1	0	0	0	0	1	1	0	0	14
2013/09/05-02:51:10	57	1,348.021	65.582	0	0	1	0	0	0	0	1	0	0	1	6
2013/09/05-03:03:14	57	1,351.902	61.745	0	0	0	0	0	0	0	1	1	0	0	60
2013/09/05-03:04:33	57	1,351.902	61.745	5	0	0	1	0	0	0	1	1	0	0	60
2013/09/05-03:05:52	57	1,351.902	61.745	1	0	0	0	1	0	0	1	1	0	0	4
2013/09/05-03:06:15	57	1,351.902	61.745	1	0	0	0	0	0	1	1	0	0	1	3
2013/09/05-03:06:36	57	1,351.902	61.745	2	0	0	0	0	0	1	1	0	0	1	6
2013/09/05-03:20:55	55	1,355.602	58.508	0	0	0	0	0	0	0	1	1	0	0	60
2013/09/05-03:22:14	55	1,355.602	58.508	3	0	0	1	0	0	1	1	0	0	1	11
2013/09/05-03:22:44	55	1,355.602	58.508	0	0	1	0	0	0	0	1	0	0	1	3
2013/09/05-03:23:06	55	1,355.602	58.508	4	0	1	3	0	0	0	1	0	0	1	22
2013/09/05-03:23:47	55	1,355.602	58.508	0	0	1	0	0	0	0	1	0	0	1	3
2013/09/06-00:24:51	54	1,363.15	62.039	6	0	0	0	0	0	0	1	0	0	1	60
2013/09/06-00:26:11	54	1,363.15	62.039	2	0	0	0	0	0	1	1	0	0	1	3
2013/09/06-00:26:37	54	1,363.15	62.039	2	0	0	0	0	0	1	1	0	0	1	5
2013/09/06-00:27:13	54	1,363.15	62.039	4	0	0	0	0	0	0	1	1	0	0	60
2013/09/06-00:28:32	54	1,363.15	62.039	8	0	0	1	0	0	0	1	0	0	1	60
2013/09/06-00:33:17	54	1,363.15	62.039	6	0	0	0	0	0	0	1	1	0	0	27
2013/09/06-00:34:03	54	1,363.15	62.039	7	0	0	1	0	0	0	1	1	0	0	60
2013/09/06-00:35:22	54	1,363.15	62.039	6	0	0	2	0	0	0	1	1	0	0	60
2013/09/06-00:36:41	54	1,363.15	62.039	6	0	0	0	0	0	0	1	1	0	0	23
2013/09/06-00:37:23	54	1,363.15	62.039	6	0	0	0	1	0	0	1	1	0	0	60
2013/09/06-00:52:17	54	1,391.447	56.695	6	0	1	1	1	0	0	1	1	0	0	47
2013/09/06-00:53:23	54	1,391.447	56.695	6	0	0	1	1	0	0	1	1	0	0	27
2013/09/06-00:54:09	54	1,391.447	56.695	3	0	0	1	0	0	0	1	1	0	0	60
2013/09/06-00:55:28	54	1,391.447	56.695	5	0	0	1	1	0	0	1	1	0	0	60
2013/09/06-00:56:46	54	1,391.447	56.695	5	0	0	2	0	0	0	1	1	0	0	60
2013/09/07-11:23:30	50	1,425.356	63.576	2	0	0	0	0	0	1	1	0	0	1	4
2013/09/07-11:24:26	50	1,425.356	63.576	3	0	0	1	0	0	1	1	0	0	1	10
2013/09/07-11:25:19	50	1,425.356	63.576	2	0	0	1	0	0	0	1	0	0	1	60
2013/09/07-11:26:38	50	1,425.356	63.576	5	0	0	0	0	0	0	1	1	0	0	18
2013/09/07-11:27:14	50	1,425.356	63.576	2	0	0	0	0	0	1	1	0	0	1	4
2013/09/07-12:49:32	50	1,425.356	63.576	2	0	0	0	0	0	1	1	0	0	1	4
2013/09/07-12:50:51	50	1,425.356	63.576	1	0	0	0	0	0	1	1	0	0	1	4
2013/09/07-12:51:30	50	1,425.356	63.576	5	0	0	1	0	0	0	1	1	0	0	44
2013/09/07-12:52:33	50	1,425.356	63.576	2	0	0	0	0	0	1	1	0	0	1	4
2013/09/07-12:53:01	50	1,425.356	63.576	4	0	0	0	0	0	0	1	1	0	0	10
2013/09/07-13:13:35	55	1,378.313	58.248	9	0	0	2	0	0	0	1	0	0	1	60
2013/09/07-13:14:54	55	1,378.313	58.248	2	0	0	0	0	0	1	1	0	0	1	5
2013/09/07-13:15:44	55	1,378.313	58.248	5	0	0	2	0	0	0	1	1	0	0	31
2013/09/07-13:16:34	55	1,378.313	58.248	9	0	0	0	0	0	0	1	1	0	0	56
2013/09/07-13:17:49	55	1,378.313	58.248	2	0	0	0	0	0	1	1	0	0	1	3
2013/09/09-01:27:54	56	1,376.667	61.301	7	0	0	0	0	0	1	1	0	0	1	50
2013/09/09-01:29:08	56	1,376.667	61.301	2	0	0	0	0	0	1	1	0	0	1	3
2013/09/09-01:30:27	56	1,376.667	61.301	4	0	0	0	0	0	0	1	0	0	1	60
2013/09/09-01:31:45	56	1,376.667	61.301	4	0	0	1	0	0	0	1	0	0	1	60
2013/09/09-01:33:04	56	1,376.667	61.301	3	0	0	0	0	0	1	1	0	0	1	19
2013/09/09-07:23:37	56	1,376.667	61.301	6	0	0	1	0	0	0	1	1	0	0	60
2013/09/09-07:24:55	56	1,376.667	61.301	4	0	0	0	0	0	0	1	1	0	0	9
2013/09/09-07:25:23	56	1,376.667	61.301	1	0	0	0	0	0	1	1	0	0	1	3
2013/09/09-07:25:49	56	1,376.667	61.301	3	0	0	0	0	0	0	1	1	0	0	23
2013/09/09-07:26:31	56	1,376.667	61.301	3	0	0	0	1	0	0	1	1	0	0	6
2013/09/09-07:46:32	55	1,378.741	55.998	1	0	1	0	0	0	0	1	0	0	1	9
2013/09/09-07:47:00	55	1,378.741	55.998	9	0	1	0	0	0	0	1	0	0	1	27
2013/09/09-07:47:46	55	1,378.741	55.998	2	0	0	0	0	0	1	1	0	0	1	3
2013/09/09-07:48:29	55	1,378.741	55.998	3	0	0	0	0	0	1	1	0	0	1	8
2013/09/09-07:48:57	55	1,378.741	55.998	5	0	0	2	0	0	0	1	1	0	0	32
2013/09/10-20:26:50	56	1,368.713	60.451	2	0	0	0	0	0	1	1	0	0	1	6
2013/09/10-20:27:25	56	1,368.713	60.451	7	0	0	1	0	0	0	1	1	0	0	51
2013/09/10-20:28:46	58	1,366.045	59.221	4	0	0	2	0	0	1	1	0	0	1	31
2013/09/10-20:29:59	58	1,366.045	59.221	6	0	1	1	0	0	0	1	0	0	1	36
2013/09/10-20:30:54	58	1,366.045	59.221	1	0	1	0	0	0	0	1	0	0	1	8
2013/09/10-20:56:06	58	1,366.045	59.221	3	0	0	1	0	0	0	1	0	0	1	60
2013/09/10-20:57:25	58	1,366.045	59.221	8	0	0	0	0	0	0	1	0	0	1	60
2013/09/10-20:58:44	58	1,366.045	59.221	2	0	0	0	0	0	1	1	0	0	1	3
2013/09/10-20:59:35	58	1,366.045	59.221	2	0	0	0	0	0	1	1	0	0	1	4
2013/09/10-21:00:25	58	1,366.045	59.221	5	0	1	0	0	0	0	1	0	0	1	42
2013/09/10-21:22:13	59	1,349.088	54.962	2	0	0	0	0	0	1	1	0	0	1	3
2013/09/10-21:23:01	59	1,349.088	54.962	3	0	1	1	0	0	0	1	0	0	1	13
2013/09/10-21:23:34	59	1,349.088	54.962	4	0	0	0	0	0	0	1	1	0	0	11
2013/09/10-21:24:03	59	1,349.088	54.962	2	0	0	0	0	0	1	1	0	0	1	3
2013/09/10-21:25:22	59	1,349.088	54.962	1	0	1	0	0	0	0	1	0	0	1	13
2013/09/11-10:14:46	57	1,356.845	59.531	8	0	0	2	0	0	0	1	0	0	1	60
2013/09/11-10:16:05	57	1,356.845	59.531	4	0	0	0	0	0	1	1	0	0	1	14
2013/09/11-10:16:46	57	1,356.845	59.531	7	0	0	1	0	0	0	1	0	0	1	60
2013/09/11-10:18:04	57	1,356.845	59.531	3	0	1	0	0	0	0	1	0	0	1	14
2013/09/11-10:19:23	57	1,356.845	59.531	4	0	0	3	0	0	0	1	1	0	0	60
2013/09/11-11:35:31	57	1,356.845	59.531	3	0	1	0	0	0	0	1	0	0	1	18
2013/09/11-11:36:09	57	1,356.845	59.531	1	0	0	1	0	0	0	1	1	0	0	60
2013/09/11-11:37:27	57	1,356.845	59.531	1	0	1	0	0	0	0	1	0	0	1	20
2013/09/11-11:38:46	57	1,356.845	59.531	5	0	1	0	0	0	0	1	0	0	1	53
2013/09/11-11:39:58	57	1,356.845	59.531	6	0	0	2	0	0	0	1	1	0	0	60
2013/09/11-13:36:22	55	1,383.085	54.484	3	0	1	0	0	0	0	1	0	0	1	14
2013/09/11-13:37:04	55	1,383.085	54.484	1	0	0	0	0	0	1	1	0	0	1	5
2013/09/11-14:14:03	55	1,383.085	54.484	6	0	1	2	0	0	0	1	0	0	1	22
2013/09/11-14:15:06	55	1,383.085	54.484	2	0	0	0	0	0	0	1	1	0	0	16
2013/09/11-14:15:40	55	1,383.085	54.484	2	0	0	0	0	0	1	1	0	0	1	4
2013/09/12-00:29:15	57	1,361.631	59.3	3	0	1	0	0	0	0	1	0	0	1	26
2013/09/12-00:30:00	57	1,361.631	59.3	4	0	1	1	0	0	0	1	0	0	1	20
2013/09/12-00:30:47	57	1,361.631	59.3	1	0	1	0	0	0	0	1	0	0	1	33
2013/09/12-00:31:39	57	1,361.631	59.3	7	0	1	3	0	0	0	1	0	0	1	37
2013/09/12-00:32:34	56	1,369.158	56.905	2	0	1	1	0	0	0	1	0	0	1	20
2013/09/12-07:52:05	56	1,369.158	56.905	4	0	1	0	0	0	0	1	0	0	1	34
2013/09/12-07:52:57	56	1,369.158	56.905	2	0	0	0	0	0	1	1	0	0	1	3
2013/09/12-07:53:50	56	1,369.158	56.905	2	0	1	0	0	0	0	1	0	0	1	12
2013/09/12-07:54:58	56	1,369.158	56.905	1	0	1	0	0	0	0	1	0	0	1	13
2013/09/12-07:55:34	56	1,369.158	56.905	3	0	1	0	0	0	0	1	0	0	1	20
2013/09/12-08:04:31	59	1,344.891	53.947	5	0	0	0	1	0	0	1	1	0	0	55
2013/09/12-08:05:45	59	1,344.891	53.947	2	0	1	0	0	0	0	1	0	0	1	17
2013/09/12-08:06:47	59	1,344.891	53.947	3	0	0	1	0	0	0	1	1	0	0	60
2013/09/12-08:08:06	59	1,344.891	53.947	2	0	0	0	0	0	1	1	0	0	1	4
2013/09/12-08:08:29	59	1,344.891	53.947	4	0	0	1	1	0	0	1	1	0	0	60
2013/09/13-20:13:35	56	1,359.349	69.691	3	0	1	2	0	0	0	1	0	0	1	21
2013/09/13-20:14:40	56	1,359.349	69.691	6	0	0	0	0	0	1	1	0	0	1	19
2013/09/13-20:15:24	56	1,359.349	69.691	0	0	1	0	0	0	0	1	0	0	1	12
2013/09/13-20:16:17	56	1,359.349	69.691	3	0	0	0	0	0	1	1	0	0	1	6
2013/09/13-20:17:36	56	1,359.349	69.691	2	0	0	0	0	0	1	1	0	0	1	4
2013/09/13-20:28:43	62	1,303.29	65.263	3	0	0	1	0	0	0	1	1	0	0	22
2013/09/13-20:29:24	62	1,303.29	65.263	4	0	0	0	0	0	0	1	1	0	0	18
2013/09/13-20:30:01	62	1,303.29	65.263	2	0	0	0	0	0	0	1	1	0	0	29
2013/09/13-20:30:48	62	1,303.29	65.263	2	0	0	0	0	0	0	1	1	0	0	42
2013/09/13-20:31:50	62	1,303.29	65.263	4	0	0	0	0	0	0	1	1	0	0	20
2013/09/13-20:47:31	62	1,303.29	65.263	5	0	0	1	0	0	0	1	0	0	1	60
2013/09/13-20:48:49	62	1,303.29	65.263	3	0	0	0	0	0	1	1	0	0	1	12
2013/09/13-20:50:09	62	1,303.29	65.263	2	0	0	0	0	0	1	1	0	0	1	3
2013/09/13-20:51:18	62	1,303.29	65.263	7	0	1	1	1	0	0	1	0	0	1	50
2013/09/13-20:52:27	62	1,303.29	65.263	5	0	0	2	0	0	0	1	1	0	0	60
2013/09/14-03:24:09	56	1,357.618	65.756	1	0	1	2	0	0	0	1	0	0	1	29
2013/09/14-03:25:01	56	1,357.618	65.756	6	0	1	2	0	0	0	1	0	0	1	43
2013/09/14-03:26:02	56	1,357.618	65.756	6	0	0	2	0	0	0	1	1	0	0	60
2013/09/14-03:27:20	56	1,357.618	65.756	5	0	1	0	0	0	0	1	0	0	1	53
2013/09/14-03:28:33	56	1,357.618	65.756	3	0	1	0	0	0	0	1	0	0	1	15
2013/09/14-03:48:44	56	1,357.618	65.756	4	0	0	0	0	0	1	1	0	0	1	29
2013/09/14-03:49:31	56	1,357.618	65.756	5	0	1	5	0	0	0	1	0	0	1	54
2013/09/14-03:50:44	56	1,357.618	65.756	2	0	1	0	0	0	0	1	0	0	1	13
2013/09/14-03:52:03	56	1,357.618	65.756	2	0	0	0	0	0	1	1	0	0	1	4
2013/09/14-03:53:22	56	1,357.618	65.756	2	0	0	0	0	0	1	1	0	0	1	3
2013/09/14-04:01:20	54	1,406.801	62.801	3	0	1	0	0	0	0	1	0	0	1	32
2013/09/14-04:02:15	54	1,406.801	62.801	4	0	1	0	0	0	0	1	0	0	1	21
2013/09/14-04:03:23	54	1,406.801	62.801	1	0	1	0	0	0	0	1	0	0	1	17
2013/09/14-04:04:13	54	1,406.801	62.801	5	0	1	0	0	0	0	1	0	0	1	24
2013/09/14-04:05:06	54	1,406.801	62.801	2	0	1	1	0	0	0	1	0	0	1	32
2013/09/14-07:14:23	55	1,404.24	64.162	2	0	0	0	0	0	1	1	0	0	1	3
2013/09/14-07:15:03	55	1,404.24	64.162	5	0	1	0	0	0	0	1	0	0	1	60
2013/09/14-07:16:21	55	1,404.24	64.162	8	0	1	3	0	0	0	1	0	0	1	55
2013/09/14-07:17:34	55	1,404.24	64.162	4	0	1	0	0	0	0	1	0	0	1	26
2013/09/14-07:18:19	55	1,404.24	64.162	3	0	1	0	0	0	0	1	0	0	1	14
2013/09/14-07:29:08	54	1,423.973	62.427	7	0	0	0	0	0	0	1	1	0	0	60
2013/09/14-07:30:26	54	1,423.973	62.427	5	0	1	1	0	0	0	1	0	0	1	33
2013/09/14-09:33:17	54	1,423.973	62.427	6	0	0	1	0	0	0	1	0	0	1	60
2013/09/14-09:34:37	54	1,423.973	62.427	1	0	1	0	0	0	0	1	0	0	1	20
2013/09/14-09:35:54	54	1,423.973	62.427	2	0	1	2	0	0	0	1	0	0	1	53
2013/09/14-10:01:17	54	1,423.973	62.427	10	0	1	1	0	0	0	1	0	0	1	56
2013/09/14-10:02:36	54	1,423.973	62.427	6	0	1	0	0	0	0	1	0	0	1	25
2013/09/14-10:03:55	54	1,423.973	62.427	9	0	0	3	0	0	1	1	0	0	1	46
2013/09/14-10:05:02	54	1,423.973	62.427	5	0	1	1	1	0	0	1	0	0	1	25
2013/09/14-10:05:52	54	1,423.973	62.427	2	0	1	0	0	0	0	1	0	0	1	9
2013/09/14-13:27:26	53	1,421.072	62.289	4	0	0	1	0	0	1	1	0	0	1	20
2013/09/14-13:28:42	53	1,421.072	62.289	2	0	1	0	0	0	0	1	0	0	1	10
2013/09/14-13:29:16	53	1,421.072	62.289	2	0	0	0	0	0	1	1	0	0	1	3
2013/09/14-13:30:02	53	1,421.072	62.289	2	0	1	0	0	0	0	1	0	0	1	19
2013/09/14-13:30:46	53	1,421.072	62.289	1	0	1	1	0	0	0	1	0	0	1	9
2013/09/14-13:41:50	53	1,421.072	62.289	3	0	1	0	0	0	0	1	0	0	1	21
2013/09/14-13:42:44	53	1,421.072	62.289	4	0	1	1	0	0	0	1	0	0	1	17
2013/09/14-13:44:03	53	1,421.072	62.289	12	0	0	2	1	0	0	1	1	0	0	60
2013/09/14-13:45:22	53	1,421.072	62.289	5	0	1	0	0	0	0	1	0	0	1	17
2013/09/14-13:46:30	53	1,421.072	62.289	6	0	0	0	0	0	1	1	0	0	1	21
2013/09/14-14:02:03	53	1,423.629	58.627	3	0	0	1	0	0	0	1	1	0	0	48
2013/09/14-14:03:10	53	1,423.629	58.627	3	0	1	0	0	0	0	1	0	0	1	32
2013/09/14-14:04:01	53	1,423.629	58.627	2	0	1	0	0	0	0	1	0	0	1	8
2013/09/14-14:05:20	53	1,423.629	58.627	2	0	0	0	0	0	1	1	0	0	1	3
2013/09/14-14:05:56	53	1,423.629	58.627	2	0	0	0	0	0	0	1	0	0	1	60
2013/09/14-17:21:14	54	1,430.715	61.245	2	0	0	0	0	0	1	1	0	0	1	3
2013/09/14-17:22:02	54	1,430.715	61.245	2	0	1	0	0	0	0	1	0	0	1	37
2013/09/14-17:23:04	54	1,430.715	61.245	7	0	0	1	0	0	1	1	0	0	1	26
2013/09/14-17:23:59	54	1,430.715	61.245	7	0	0	4	0	0	1	1	0	0	1	32
2013/09/14-17:24:57	54	1,430.715	61.245	2	0	0	0	0	0	1	1	0	0	1	3
2013/09/14-17:34:26	54	1,430.715	61.245	3	0	0	4	0	0	1	1	0	0	1	36
2013/09/14-17:35:20	54	1,430.715	61.245	2	0	0	0	0	0	0	1	1	0	0	22
2013/09/14-17:36:01	54	1,430.715	61.245	2	0	1	0	0	0	0	1	0	0	1	21
2013/09/14-17:36:54	54	1,430.715	61.245	3	0	1	0	0	0	0	1	0	0	1	11
2013/09/14-17:37:43	54	1,430.715	61.245	1	0	1	0	0	0	0	1	0	0	1	5
2013/09/14-17:47:29	54	1,430.715	61.245	2	0	0	0	0	0	1	1	0	0	1	4
2013/09/14-17:48:48	54	1,430.715	61.245	2	0	1	1	0	0	0	1	0	0	1	27
2013/09/14-17:49:37	54	1,430.715	61.245	3	0	0	1	0	0	1	1	0	0	1	10
2013/09/14-17:50:06	54	1,430.715	61.245	4	0	0	2	0	0	0	1	0	0	1	60
2013/09/14-17:51:25	57	1,403.114	55.536	2	0	0	0	0	0	1	1	0	0	1	5
2013/09/14-22:30:17	56	1,398.779	61.701	2	0	0	0	0	0	1	1	0	0	1	3
2013/09/14-22:31:36	56	1,398.779	61.701	2	0	0	0	0	0	1	1	0	0	1	5
2013/09/14-22:32:34	56	1,398.779	61.701	4	0	1	0	0	0	0	1	0	0	1	22
2013/09/14-22:33:45	56	1,398.779	61.701	9	0	1	0	1	0	0	1	0	0	1	58
2013/09/14-22:35:02	56	1,398.779	61.701	1	0	0	0	0	0	1	1	0	0	1	4
2013/09/14-22:35:51	56	1,398.779	61.701	3	0	1	0	0	0	0	1	0	0	1	10
2013/09/14-22:36:39	56	1,398.779	61.701	1	0	1	0	0	0	0	1	0	0	1	12
2013/09/14-22:37:21	56	1,398.779	61.701	3	0	1	0	0	0	0	1	0	0	1	8
2013/09/14-22:38:22	56	1,398.779	61.701	5	0	1	1	0	0	0	1	0	0	1	21
2013/09/14-22:39:07	56	1,398.779	61.701	3	0	0	1	0	0	0	1	1	0	0	48
2013/09/14-22:54:38	56	1,411.625	57.827	6	0	0	0	1	0	0	1	1	0	0	60
2013/09/14-22:55:57	56	1,411.625	57.827	2	0	0	0	0	0	1	1	0	0	1	3
2013/09/14-22:57:15	56	1,411.625	57.827	8	0	0	1	0	0	0	1	0	0	1	60
2013/09/14-22:58:34	56	1,411.625	57.827	4	0	0	0	0	0	0	1	0	0	1	60
2013/09/14-22:59:53	56	1,411.625	57.827	7	0	0	0	0	0	0	1	1	0	0	60
2013/09/15-10:14:40	58	1,419.23	60.519	8	0	0	4	0	0	0	1	0	0	1	60
2013/09/15-10:15:59	58	1,419.23	60.519	3	0	0	0	0	0	1	1	0	0	1	5
2013/09/15-10:16:38	58	1,419.23	60.519	2	0	0	0	0	0	1	1	0	0	1	5
2013/09/15-10:17:15	58	1,419.23	60.519	3	0	1	0	0	0	0	1	0	0	1	18
2013/09/15-10:18:13	58	1,419.23	60.519	2	0	0	0	0	0	1	1	0	0	1	3
2013/09/15-10:19:15	58	1,419.23	60.519	2	0	0	0	0	0	1	1	0	0	1	3
2013/09/15-10:19:57	58	1,419.23	60.519	6	0	0	1	0	0	1	1	0	0	1	22
2013/09/15-10:20:38	58	1,419.23	60.519	6	0	0	3	0	0	0	1	1	0	0	60
2013/09/15-10:21:57	58	1,419.23	60.519	2	0	1	0	0	0	0	1	0	0	1	13
2013/09/15-10:22:31	58	1,419.23	60.519	6	0	1	2	0	0	0	1	0	0	1	50
2013/09/15-10:42:01	57	1,407.404	55.705	3	0	0	0	0	0	1	1	0	0	1	6
2013/09/15-10:42:37	57	1,407.404	55.705	3	0	1	0	0	0	0	1	0	0	1	22
2013/09/15-10:43:17	57	1,407.404	55.705	6	0	1	1	0	0	0	1	0	0	1	21
2013/09/15-10:44:03	57	1,407.404	55.705	2	0	1	0	0	0	0	1	0	0	1	7
2013/09/15-10:44:57	57	1,407.404	55.705	3	0	1	0	0	0	0	1	0	0	1	9
2013/09/15-13:59:34	57	1,392.076	55.861	1	0	0	0	0	0	1	1	0	0	1	4
2013/09/15-14:00:11	57	1,392.076	55.861	5	0	0	0	2	0	0	1	1	0	0	15
2013/09/15-14:00:45	57	1,392.076	55.861	2	0	0	0	0	0	1	1	0	0	1	8
2013/09/15-14:01:47	57	1,392.076	55.861	5	0	1	0	0	0	0	1	0	0	1	13
2013/09/15-14:02:25	57	1,392.076	55.861	6	0	0	0	0	0	0	1	1	0	0	34
2013/09/15-15:23:42	59	1,389.225	53.404	6	0	0	3	0	0	0	1	1	0	0	60
2013/09/15-15:25:02	59	1,389.225	53.404	3	0	0	1	0	0	1	1	0	0	1	12
2013/09/15-15:26:11	59	1,389.225	53.404	4	0	0	0	0	0	0	1	0	0	1	60
2013/09/15-15:27:30	59	1,389.225	53.404	2	0	0	0	0	0	1	1	0	0	1	4
2013/09/15-15:28:48	59	1,389.225	53.404	10	0	0	3	1	0	0	1	1	0	0	60
2013/09/15-15:44:24	59	1,394.516	51.236	5	0	0	0	0	0	0	1	0	0	1	60
2013/09/15-15:45:42	59	1,394.516	51.236	3	0	0	0	0	0	1	1	0	0	1	6
2013/09/15-15:46:36	59	1,394.516	51.236	7	0	0	1	0	0	0	1	0	0	1	60
2013/09/15-15:47:55	59	1,394.516	51.236	2	0	0	0	0	0	1	1	0	0	1	5
2013/09/15-15:48:24	59	1,394.516	51.236	0	0	1	0	0	0	0	1	0	0	1	9
2013/09/15-20:34:28	60	1,382.795	57.448	3	0	1	0	0	0	0	1	0	0	1	23
2013/09/15-20:35:37	60	1,382.795	57.448	3	0	1	1	0	0	0	1	0	0	1	31
2013/09/15-20:36:26	60	1,382.795	57.448	3	0	1	0	0	0	0	1	0	0	1	22
2013/09/15-20:37:26	60	1,382.795	57.448	3	0	1	0	0	0	0	1	0	0	1	15
2013/09/15-20:38:02	60	1,382.795	57.448	3	0	1	0	0	0	0	1	0	0	1	20
2013/09/15-20:56:14	60	1,382.795	57.448	5	0	0	0	0	0	0	1	0	0	1	60
2013/09/15-20:57:33	60	1,382.795	57.448	3	0	1	0	0	0	0	1	0	0	1	16
2013/09/15-20:58:18	60	1,382.795	57.448	4	0	0	1	0	0	0	1	1	0	0	31
2013/09/15-20:59:08	60	1,382.795	57.448	3	0	0	1	0	0	0	1	1	0	0	60
2013/09/15-21:00:27	60	1,382.795	57.448	4	0	0	2	0	0	0	1	1	0	0	22
2013/09/15-21:16:32	59	1,402.252	52.853	2	0	0	0	0	0	1	1	0	0	1	4
2013/09/15-21:17:13	59	1,402.252	52.853	4	0	0	0	0	0	1	1	0	0	1	16
2013/09/15-21:17:48	59	1,402.252	52.853	6	0	0	1	0	0	0	1	1	0	0	28
2013/09/15-21:18:35	59	1,402.252	52.853	7	0	0	3	1	0	0	1	1	0	0	48
2013/09/15-21:19:42	59	1,402.252	52.853	4	0	0	1	0	0	0	1	0	0	1	60
2013/09/16-20:45:45	57	1,408.72	59.741	2	0	0	0	0	0	1	1	0	0	1	4
2013/09/16-20:46:38	57	1,408.72	59.741	3	0	0	0	0	0	0	1	0	0	1	60
2013/09/16-20:47:57	57	1,408.72	59.741	1	0	0	0	0	0	1	1	0	0	1	4
2013/09/16-20:48:31	57	1,408.72	59.741	8	0	0	3	0	0	0	1	1	0	0	30
2013/09/16-20:49:20	57	1,408.72	59.741	3	0	0	0	0	0	0	1	1	0	0	21
2013/09/16-21:04:46	57	1,408.72	59.741	2	0	0	0	0	0	1	1	0	0	1	3
2013/09/16-21:05:15	57	1,408.72	59.741	8	0	0	1	0	0	0	1	0	0	1	60
2013/09/16-21:06:33	57	1,408.72	59.741	2	0	0	0	0	0	1	1	0	0	1	4
2013/09/16-21:06:56	57	1,408.72	59.741	4	0	0	0	0	0	0	1	0	0	1	60
2013/09/16-21:08:15	57	1,408.72	59.741	3	0	0	1	0	0	0	1	1	0	0	15
2013/09/16-21:23:31	57	1,404.202	54.777	8	0	0	1	0	0	0	1	1	0	0	49
2013/09/16-21:24:39	57	1,404.202	54.777	7	0	0	1	0	0	0	1	0	0	1	60
2013/09/16-21:25:58	57	1,404.202	54.777	2	0	0	0	0	0	1	1	0	0	1	5
2013/09/16-21:26:39	57	1,404.202	54.777	2	0	0	0	0	0	1	1	0	0	1	3
2013/09/16-21:27:32	57	1,404.202	54.777	2	0	0	0	0	0	0	1	1	0	0	20
2013/09/17-20:41:28	57	1,403.666	60.015	1	0	1	0	1	0	0	1	0	0	1	0
2013/09/17-20:43:38	57	1,410.062	60.208	0	0	1	0	0	0	0	1	0	0	1	15
2013/09/17-20:44:12	57	1,410.062	60.208	0	0	1	0	0	0	0	1	0	0	1	6
2013/09/17-20:44:47	57	1,410.062	60.208	1	0	1	0	0	0	0	1	0	0	1	22
2013/09/17-20:45:28	57	1,410.062	60.208	1	0	0	0	0	0	1	1	0	0	1	9
2013/09/17-20:57:17	57	1,410.062	60.208	2	0	0	0	0	0	0	1	1	0	0	6
2013/09/17-20:57:41	57	1,410.062	60.208	0	0	0	0	0	0	0	1	1	0	0	3
2013/09/17-20:58:03	57	1,410.062	60.208	0	0	1	0	0	0	0	1	0	0	1	3
2013/09/17-20:58:25	57	1,410.062	60.208	2	0	0	0	0	0	0	1	1	0	0	6
2013/09/17-20:58:50	57	1,410.062	60.208	0	0	0	0	0	0	0	1	1	0	0	6
2013/09/17-21:10:57	57	1,410.062	60.208	4	0	1	0	0	0	0	1	0	0	1	13
2013/09/17-21:11:34	57	1,410.062	60.208	0	0	1	0	0	0	0	1	0	0	1	5
2013/09/17-21:12:00	57	1,410.062	60.208	0	0	1	0	0	0	0	1	0	0	1	3
2013/09/17-21:12:22	57	1,410.062	60.208	1	0	1	0	0	0	0	1	0	0	1	3
2013/09/17-21:13:05	57	1,410.062	60.208	0	0	1	0	0	0	0	1	0	0	1	16
2013/09/18-07:25:56	58	1,376.658	62.711	0	0	0	0	0	0	0	1	1	0	0	60
2013/09/18-07:32:32	58	1,376.658	62.711	1	0	0	1	0	0	0	1	1	0	0	0
2013/09/18-07:34:08	58	1,376.658	62.711	1	0	1	0	0	0	0	1	0	0	1	4
2013/09/18-07:36:17	58	1,376.658	62.711	0	0	0	0	0	0	0	1	1	0	0	1
2013/09/18-07:47:18	58	1,376.658	62.711	0	0	1	0	0	0	0	1	0	0	1	3
2013/09/18-08:44:59	57	1,386.013	59.368	0	0	1	0	0	0	0	1	0	0	1	6
2013/09/18-08:45:27	57	1,386.013	59.368	0	0	1	0	0	0	0	1	0	0	1	49
2013/09/18-08:46:34	57	1,386.013	59.368	3	0	0	1	0	0	0	1	1	0	0	34
2013/09/18-08:47:26	57	1,386.013	59.368	2	0	0	10	1	0	0	1	1	0	0	60
2013/09/18-08:48:45	57	1,386.013	59.368	0	0	0	0	0	0	0	1	1	0	0	60
2013/09/18-09:00:44	57	1,386.013	59.368	1	0	0	0	0	0	1	1	0	0	1	16
2013/09/18-09:01:19	57	1,386.013	59.368	3	0	1	0	0	0	0	1	0	0	1	22
2013/09/18-09:02:09	57	1,386.013	59.368	2	0	1	0	0	0	0	1	0	0	1	16
2013/09/18-09:02:54	57	1,386.013	59.368	1	0	1	0	0	0	0	1	0	0	1	3
2013/09/18-09:03:46	57	1,386.013	59.368	4	0	1	1	0	0	0	1	0	0	1	35
2013/09/18-15:24:43	58	1,397.981	62.766	0	0	1	0	0	0	0	1	0	0	1	16
2013/09/18-15:25:21	58	1,397.981	62.766	0	0	1	0	0	0	0	1	0	0	1	3
2013/09/18-15:25:43	58	1,397.981	62.766	2	0	0	1	0	0	0	1	1	0	0	26
2013/09/18-15:26:28	58	1,397.981	62.766	1	0	1	0	0	0	0	1	0	0	1	6
2013/09/18-15:27:00	58	1,397.981	62.766	0	0	1	0	0	0	0	1	0	0	1	5
2013/09/18-15:31:04	58	1,397.981	62.766	2	0	1	0	0	0	0	1	0	0	1	9
2013/09/18-15:31:32	58	1,397.981	62.766	0	0	1	0	0	0	0	1	0	0	1	3
2013/09/18-15:31:54	58	1,397.981	62.766	0	0	0	0	0	0	0	1	1	0	0	13
2013/09/18-15:32:25	58	1,397.981	62.766	0	0	1	0	0	0	0	1	0	0	1	6
2013/09/18-15:32:54	58	1,397.981	62.766	3	0	0	0	0	0	1	1	0	0	1	15
2013/09/18-15:40:43	58	1,397.981	62.766	0	0	1	0	0	0	0	1	0	0	1	3
2013/09/18-15:41:13	58	1,397.981	62.766	3	0	0	0	1	0	0	1	1	0	0	10
2013/09/18-15:41:42	58	1,397.981	62.766	2	0	1	0	0	0	0	1	0	0	1	11
2013/09/18-15:42:12	58	1,397.981	62.766	0	0	1	0	0	0	0	1	0	0	1	7
2013/09/18-15:42:43	58	1,397.981	62.766	2	0	1	0	0	0	0	1	0	0	1	13
2013/09/19-07:31:54	59	1,369.904	65.748	0	0	1	0	0	0	0	1	0	0	1	4
2013/09/19-07:32:19	59	1,369.904	65.748	1	0	0	0	1	0	1	1	0	0	1	6
2013/09/19-07:32:43	59	1,369.904	65.748	0	0	1	0	0	0	0	1	0	0	1	3
2013/09/19-07:33:05	59	1,369.904	65.748	3	0	0	0	0	0	1	1	0	0	1	18
2013/09/19-07:33:42	59	1,369.904	65.748	0	0	1	0	0	0	0	1	0	0	1	14
2013/09/19-07:56:42	56	1,386.868	63.331	1	0	0	0	0	0	1	1	0	0	1	3
2013/09/19-07:57:05	56	1,386.868	63.331	0	0	0	0	0	0	0	1	1	0	0	60
2013/09/19-07:58:23	56	1,386.868	63.331	0	0	1	0	0	0	0	1	0	0	1	18
2013/09/19-07:59:42	56	1,386.868	63.331	3	0	0	0	0	0	1	1	0	0	1	10
2013/09/19-08:00:23	56	1,386.868	63.331	1	0	1	0	0	0	0	1	0	0	1	6
2013/09/19-08:09:59	56	1,386.868	63.331	0	0	0	0	0	0	0	1	1	0	0	60
2013/09/19-08:11:18	56	1,386.868	63.331	6	0	0	2	0	0	1	1	0	0	1	23
2013/09/19-08:12:00	56	1,386.868	63.331	1	0	0	0	1	0	1	1	0	0	1	3
2013/09/19-08:12:22	56	1,386.868	63.331	8	0	0	1	0	0	0	1	1	0	0	60
2013/09/19-08:13:41	56	1,386.868	63.331	0	0	1	0	0	0	0	1	0	0	1	3
2013/09/19-10:39:53	56	1,405.064	63.298	0	0	1	0	0	0	0	1	0	0	1	6
2013/09/19-10:40:52	56	1,405.064	63.298	0	0	1	0	0	0	0	1	0	0	1	12
2013/09/19-10:41:29	56	1,405.064	63.298	0	0	1	0	0	0	0	1	0	0	1	13
2013/09/19-10:42:01	56	1,405.064	63.298	6	0	1	0	0	0	0	1	1	0	0	22
2013/09/19-10:42:42	56	1,405.064	63.298	2	0	0	0	0	0	1	1	0	0	1	10
2013/09/19-10:57:12	56	1,405.064	63.298	0	0	0	0	0	0	0	1	1	0	0	29
2013/09/19-10:58:00	56	1,405.064	63.298	0	0	0	0	0	0	0	1	1	0	0	3
2013/09/19-10:58:22	56	1,405.064	63.298	1	0	0	0	0	0	1	1	0	0	1	4
2013/09/19-10:59:41	56	1,405.064	63.298	1	0	0	0	2	0	1	1	1	0	0	6
2013/09/19-11:00:06	56	1,405.064	63.298	0	0	1	0	0	0	0	1	0	0	1	3
2013/09/19-11:11:17	56	1,403.671	58.964	3	0	0	8	2	0	0	1	1	0	0	60
2013/09/19-11:12:36	56	1,403.671	58.964	0	0	1	0	0	0	0	1	0	0	1	3
2013/09/19-11:13:01	56	1,403.671	58.964	12	0	0	3	0	0	0	1	1	0	0	60
2013/09/19-11:14:20	56	1,403.671	58.964	0	0	0	0	0	0	0	1	0	1	0	60
2013/09/19-11:15:39	56	1,403.671	58.964	3	0	0	0	2	0	0	1	1	0	0	10
2013/09/19-15:30:38	55	1,428.369	61.499	1	0	0	0	0	0	1	1	0	0	1	3
2013/09/19-15:31:15	55	1,428.369	61.499	1	0	0	0	1	0	0	1	1	0	0	25
2013/09/19-15:31:59	55	1,428.369	61.499	0	0	1	0	0	0	0	1	0	0	1	3
2013/09/19-15:32:24	55	1,428.369	61.499	0	0	0	0	0	0	0	1	1	0	0	13
2013/09/19-15:32:56	55	1,428.369	61.499	2	0	0	0	0	0	1	1	0	0	1	4
2013/09/19-15:47:28	55	1,428.369	61.499	1	0	0	0	0	0	1	1	0	0	1	9
2013/09/19-15:48:18	55	1,428.369	61.499	3	0	0	0	0	0	1	1	0	0	1	52
2013/09/19-15:49:29	55	1,428.369	61.499	0	0	0	0	0	0	0	1	1	0	0	60
2013/09/19-15:50:48	55	1,428.369	61.499	3	0	0	0	0	0	1	1	0	0	1	24
2013/09/19-15:52:07	55	1,428.369	61.499	3	0	0	1	1	0	0	1	1	0	0	60
2013/09/19-16:03:37	56	1,411.457	56.777	1	0	1	0	0	0	0	1	0	0	1	16
2013/09/19-16:04:27	56	1,411.457	56.777	0	0	1	0	0	0	0	1	0	0	1	4
2013/09/19-16:05:16	56	1,411.457	56.777	2	0	1	0	0	0	0	1	0	0	1	27
2013/09/19-16:06:09	56	1,411.457	56.777	4	0	1	1	0	0	0	1	0	0	1	19
2013/09/19-16:06:52	56	1,411.457	56.777	0	0	1	0	0	0	0	1	0	0	1	3
2013/09/19-19:46:12	59	1,404.1	61.235	0	0	1	0	0	0	0	1	0	0	1	15
2013/09/19-19:46:46	59	1,404.1	61.235	0	0	0	0	0	0	0	1	1	0	0	7
2013/09/19-19:47:12	59	1,404.1	61.235	2	0	0	0	0	0	1	1	0	0	1	14
2013/09/19-19:47:45	59	1,404.1	61.235	0	0	1	0	0	0	0	1	0	0	1	29
2013/09/19-19:48:33	59	1,404.1	61.235	0	0	1	0	0	0	0	1	0	0	1	4
2013/09/19-20:03:40	59	1,404.1	61.235	7	0	1	1	0	0	0	1	0	0	1	22
2013/09/19-20:04:21	59	1,404.1	61.235	0	0	1	0	0	0	0	1	0	0	1	9
2013/09/19-20:04:58	59	1,404.1	61.235	1	0	0	0	0	0	1	1	0	0	1	4
2013/09/19-20:05:21	56	1,429.518	57.636	4	0	1	2	0	0	0	1	0	0	1	31
2013/09/19-20:06:40	56	1,429.518	57.636	1	0	1	0	0	0	0	1	0	0	1	12
2013/09/19-20:17:14	56	1,429.518	57.636	0	0	1	0	0	0	0	1	0	0	1	4
2013/09/19-20:17:43	56	1,429.518	57.636	1	0	1	0	0	0	0	1	0	0	1	3
2013/09/19-20:18:05	56	1,429.518	57.636	0	0	1	0	0	0	0	1	0	0	1	4
2013/09/19-20:19:05	56	1,429.518	57.636	1	0	0	0	0	0	0	1	1	0	0	3
2013/09/19-20:19:27	56	1,429.518	57.636	2	0	0	0	0	0	1	1	0	0	1	4
2013/09/20-01:28:56	60	1,389.594	61.19	1	0	1	0	0	0	0	1	0	0	1	6
2013/09/20-01:29:30	60	1,389.594	61.19	0	0	1	0	0	0	0	1	0	0	1	51
2013/09/20-01:30:40	60	1,389.594	61.19	4	0	0	0	0	0	0	1	1	0	0	28
2013/09/20-01:31:27	60	1,389.594	61.19	0	0	1	0	0	0	0	1	0	0	1	7
2013/09/20-01:32:15	60	1,389.594	61.19	1	0	1	0	0	0	0	1	0	0	1	3
2013/09/20-01:38:05	60	1,374.272	58.48	2	0	1	0	0	0	0	1	0	0	1	9
2013/09/20-01:38:34	60	1,374.272	58.48	0	0	1	0	0	0	0	1	0	0	1	8
2013/09/20-01:39:01	60	1,374.272	58.48	0	0	0	0	0	0	0	1	1	0	0	13
2013/09/20-01:39:32	60	1,374.272	58.48	1	0	1	0	0	0	0	1	0	0	1	3
2013/09/20-01:39:54	60	1,374.272	58.48	1	0	0	0	0	0	0	1	0	0	1	60
2013/09/20-01:52:46	60	1,374.272	58.48	1	0	1	0	0	0	0	1	0	0	1	4
2013/09/20-01:53:29	60	1,374.272	58.48	1	0	0	0	0	0	1	1	0	0	1	3
2013/09/20-01:53:58	61	1,359.614	54.864	1	0	1	0	0	0	0	1	0	0	1	6
2013/09/20-01:54:23	61	1,359.614	54.864	0	0	1	0	0	0	0	1	0	0	1	31
2013/09/20-01:55:27	61	1,359.614	54.864	1	0	0	0	0	0	1	1	0	0	1	6
2013/09/20-06:02:37	60	1,365.656	61.583	1	0	1	0	0	0	0	1	0	0	1	3
2013/09/20-06:03:02	60	1,365.656	61.583	1	0	1	0	0	0	0	1	0	0	1	6
2013/09/20-06:04:19	60	1,365.656	61.583	1	0	1	0	1	0	0	1	0	0	1	7
2013/09/20-06:04:45	60	1,365.656	61.583	1	0	1	0	0	0	0	1	0	0	1	7
2013/09/20-06:05:11	60	1,365.656	61.583	0	0	1	0	0	0	0	1	0	0	1	4
2013/09/20-06:09:43	60	1,365.656	61.583	0	0	0	0	0	0	0	1	1	0	0	6
2013/09/20-06:10:08	63	1,361.256	59.494	2	0	0	0	0	0	0	1	1	0	0	60
2013/09/20-06:11:27	63	1,361.256	59.494	5	0	0	16	1	0	0	1	1	0	0	60
2013/09/20-06:12:46	63	1,361.256	59.494	2	0	0	0	0	0	0	1	1	0	0	60
2013/09/20-06:14:05	63	1,361.256	59.494	0	0	0	0	0	0	0	1	1	0	0	60
2013/09/20-06:33:15	63	1,361.256	59.494	5	0	0	0	1	0	1	1	0	0	1	35
2013/09/20-06:34:09	63	1,361.256	59.494	1	0	0	0	2	0	1	1	0	0	1	10
2013/09/20-06:34:38	63	1,361.256	59.494	0	0	0	0	0	0	0	1	1	0	0	60
2013/09/20-06:35:57	63	1,361.256	59.494	1	0	1	0	0	0	0	1	0	0	1	3
2013/09/20-06:36:51	63	1,361.256	59.494	9	0	0	2	0	0	1	1	0	0	1	45
2013/09/20-10:14:01	59	1,399.843	62.009	3	0	1	1	0	0	0	1	0	0	1	16
2013/09/20-10:14:44	59	1,399.843	62.009	1	0	1	0	0	0	0	1	0	0	1	4
2013/09/20-10:16:03	59	1,399.843	62.009	2	0	0	0	0	0	0	1	1	0	0	9
2013/09/20-10:16:31	59	1,399.843	62.009	0	0	1	0	0	0	0	1	0	0	1	3
2013/09/20-10:17:13	59	1,405.104	60.305	0	0	1	0	0	0	0	1	0	0	1	16
2013/09/20-10:29:40	59	1,405.104	60.305	0	0	1	0	0	0	0	1	0	0	1	24
2013/09/20-10:30:23	59	1,405.104	60.305	1	0	1	0	0	0	0	1	0	0	1	3
2013/09/20-10:30:45	59	1,405.104	60.305	2	0	0	0	0	0	1	1	0	0	1	4
2013/09/20-10:32:04	59	1,405.104	60.305	0	0	0	0	0	0	0	1	1	0	0	6
2013/09/20-10:32:29	59	1,405.104	60.305	1	0	0	0	0	0	1	1	0	0	1	3
2013/09/20-10:44:37	60	1,412.833	56.97	0	0	1	0	0	0	0	1	0	0	1	3
2013/09/20-10:45:08	60	1,412.833	56.97	1	0	0	0	0	0	1	1	0	0	1	3
2013/09/20-10:45:56	60	1,412.833	56.97	1	0	0	0	0	0	1	1	0	0	1	6
2013/09/20-10:46:21	60	1,412.833	56.97	0	0	1	0	0	0	0	1	0	0	1	15
2013/09/20-10:46:54	60	1,412.833	56.97	2	0	0	0	0	0	1	1	0	0	1	10
2013/09/20-16:24:19	60	1,410.664	61.186	1	0	1	0	0	0	0	1	0	0	1	6
2013/09/20-16:25:04	60	1,410.664	61.186	1	0	0	0	0	0	1	1	0	0	1	19
2013/09/20-16:25:41	60	1,410.664	61.186	0	0	1	0	0	0	0	1	0	0	1	3
2013/09/20-16:26:33	60	1,410.664	61.186	2	0	0	0	0	0	1	1	0	0	1	5
2013/09/20-16:27:08	60	1,410.664	61.186	2	0	0	0	0	0	1	1	0	0	1	17
2013/09/20-16:42:50	58	1,398.298	58.558	0	0	1	0	0	0	0	1	0	0	1	3
2013/09/20-16:43:23	58	1,398.298	58.558	0	0	1	0	0	0	0	1	0	0	1	17
2013/09/20-16:44:42	58	1,398.298	58.558	2	0	1	0	0	0	0	1	0	0	1	27
2013/09/20-16:45:31	58	1,398.298	58.558	1	0	0	0	0	0	0	1	1	0	0	60
2013/09/20-16:46:50	58	1,398.298	58.558	2	0	0	0	0	0	1	1	0	0	1	3
2013/09/20-16:53:04	58	1,398.298	58.558	1	0	0	0	2	0	1	1	0	0	1	3
2013/09/20-16:53:28	58	1,398.298	58.558	0	0	1	0	0	0	0	1	0	0	1	6
2013/09/20-16:53:53	58	1,398.298	58.558	7	0	0	0	0	0	0	1	0	0	1	60
2013/09/20-16:55:12	58	1,398.298	58.558	0	0	1	0	0	0	0	1	0	0	1	26
2013/09/20-16:56:05	58	1,398.298	58.558	0	0	0	0	0	0	0	1	1	0	0	18
2013/09/20-19:34:08	57	1,411.658	59.133	1	0	1	0	0	0	0	1	0	0	1	3
2013/09/20-19:34:56	57	1,411.658	59.133	0	0	1	0	0	0	0	1	0	0	1	3
2013/09/20-19:35:18	57	1,411.658	59.133	5	0	1	1	0	0	0	1	1	0	0	33
2013/09/20-19:36:10	57	1,411.658	59.133	0	0	1	0	0	0	0	1	0	0	1	3
2013/09/20-19:36:45	57	1,411.658	59.133	5	0	0	0	0	0	0	1	1	0	0	27
2013/09/20-19:48:32	57	1,412.06	56.247	0	0	0	0	0	0	0	1	1	0	0	60
2013/09/20-19:49:51	57	1,412.06	56.247	1	0	1	0	1	0	0	1	0	0	1	11
2013/09/20-19:50:28	57	1,412.06	56.247	0	0	1	0	0	0	0	1	0	0	1	29
2013/09/20-19:51:47	57	1,412.06	56.247	0	0	0	0	0	0	0	1	1	0	0	60
2013/09/20-19:53:06	57	1,412.06	56.247	3	0	1	0	0	0	0	1	0	0	1	15
2013/09/20-20:04:55	57	1,412.06	56.247	0	0	0	0	0	0	0	1	1	0	0	60
2013/09/20-20:06:14	57	1,412.06	56.247	1	0	0	0	0	0	0	1	1	0	0	22
2013/09/20-20:06:55	57	1,412.06	56.247	1	0	1	0	0	0	0	1	0	0	1	14
2013/09/20-20:07:28	57	1,412.06	56.247	1	0	1	0	0	0	0	1	0	0	1	6
2013/09/20-20:07:54	57	1,412.06	56.247	2	0	0	0	0	0	1	1	0	0	1	5
2013/12/27-13:42:06	69	1,405.825	77.724	7	0	0	2	0	0	0	1	1	0	0	60
2013/12/27-13:43:26	69	1,405.825	77.724	0	0	1	0	0	0	0	1	0	0	1	9
2013/12/27-13:43:54	69	1,405.825	77.724	1	0	1	0	0	0	0	1	0	0	1	6
2013/12/27-13:44:19	69	1,405.825	77.724	0	0	0	0	0	0	0	1	1	0	0	60
2013/12/27-13:45:38	69	1,405.825	77.724	1	0	0	0	0	0	1	1	0	0	1	11
2013/12/27-13:59:22	69	1,405.825	77.724	0	0	1	0	0	0	0	1	0	0	1	18
2013/12/27-14:00:24	69	1,405.825	77.724	1	0	1	0	0	0	0	1	0	0	1	3
2013/12/27-14:01:43	69	1,405.825	77.724	1	0	0	0	0	0	1	1	0	0	1	12
2013/12/27-14:02:17	69	1,405.825	77.724	5	0	1	0	0	0	0	1	0	0	1	36
2013/12/27-14:03:36	69	1,405.825	77.724	0	0	0	0	0	0	0	1	1	0	0	7
2013/12/27-14:12:27	69	1,405.825	77.724	0	0	1	0	0	0	0	1	0	0	1	3
2013/12/27-14:13:46	69	1,405.825	77.724	1	0	0	0	1	0	0	1	1	0	0	21
2013/12/27-14:14:27	69	1,405.825	77.724	2	0	0	12	0	0	0	1	1	0	0	60
2013/12/27-14:15:46	69	1,405.825	77.724	0	0	0	0	0	0	0	1	1	0	0	60
2013/12/27-14:17:06	69	1,405.825	77.724	1	0	1	0	0	0	0	1	0	0	1	3
2013/12/28-03:53:30	68	1,414.009	82.123	2	0	1	0	1	0	0	1	0	0	1	9
2013/12/28-03:54:14	68	1,414.009	82.123	0	0	1	0	0	0	0	1	0	0	1	3
2013/12/28-03:54:39	68	1,414.009	82.123	0	0	1	0	0	0	0	1	0	0	1	12
2013/12/28-03:55:10	68	1,414.009	82.123	0	0	1	0	0	0	0	1	0	0	1	7
2013/12/28-03:55:36	68	1,414.009	82.123	0	0	1	0	0	0	0	1	0	0	1	36
2013/12/28-03:56:38	68	1,414.009	82.123	0	0	0	0	0	0	0	1	1	0	0	9
2013/12/28-03:57:06	68	1,414.009	82.123	0	0	1	0	0	0	0	1	0	0	1	3
2013/12/28-03:57:29	68	1,414.009	82.123	1	0	0	0	0	0	1	1	0	0	1	4
2013/12/28-03:57:52	68	1,414.009	82.123	0	0	1	0	0	0	0	1	0	0	1	4
2013/12/28-03:58:29	68	1,414.009	82.123	1	0	0	0	0	0	0	1	1	0	0	6
2013/12/28-04:12:05	63	1,456.084	72.728	0	0	1	0	0	0	0	1	0	0	1	4
2013/12/28-04:12:41	63	1,456.084	72.728	1	0	0	0	0	0	1	1	0	0	1	6
2013/12/28-04:13:07	63	1,456.084	72.728	1	0	0	0	1	0	0	1	1	0	0	11
2013/12/28-04:13:37	63	1,456.084	72.728	2	0	0	0	0	0	1	1	0	0	1	7
2013/12/28-04:14:09	63	1,456.084	72.728	2	0	1	0	1	0	0	1	0	0	1	6
2013/12/28-11:13:09	63	1,459.235	76.896	1	0	1	0	0	0	0	1	0	0	1	4
2013/12/28-11:13:34	63	1,459.235	76.896	0	0	0	0	0	0	0	1	0	0	1	60
2013/12/28-11:14:53	63	1,459.235	76.896	8	0	0	0	0	0	0	1	1	0	0	32
2013/12/28-11:15:43	63	1,459.235	76.896	0	0	0	0	0	0	0	1	1	0	0	25
2013/12/28-11:16:27	63	1,459.235	76.896	3	0	0	0	0	0	0	1	1	0	0	14
2013/12/28-11:31:18	63	1,459.235	76.896	0	0	1	0	0	0	0	1	0	0	1	12
2013/12/28-11:31:50	63	1,459.235	76.896	1	0	1	0	0	0	0	1	0	0	1	3
2013/12/28-11:32:28	63	1,459.235	76.896	0	0	1	0	0	0	0	1	0	0	1	6
2013/12/28-11:32:59	63	1,459.235	76.896	1	0	0	0	0	0	1	1	0	0	1	12
2013/12/28-11:33:31	63	1,459.235	76.896	0	0	1	0	0	0	0	1	0	0	1	49
2013/12/28-11:44:14	58	1,518.43	68.223	2	0	0	0	0	0	0	1	1	0	0	60
2013/12/28-11:45:33	58	1,518.43	68.223	3	0	0	17	0	0	1	1	0	0	1	51
2013/12/28-11:46:45	58	1,518.43	68.223	0	0	1	0	0	0	0	1	0	0	1	4
2013/12/28-11:47:12	58	1,518.43	68.223	0	0	1	0	0	0	0	1	0	0	1	7
2013/12/28-11:48:30	58	1,518.43	68.223	10	0	0	5	1	0	1	1	0	0	1	41
2013/12/28-16:50:47	57	1,504.316	70.729	7	0	0	3	0	0	0	1	0	0	1	60
2013/12/28-16:52:07	57	1,504.316	70.729	0	0	0	0	0	0	0	1	0	0	1	60
2013/12/28-16:53:26	57	1,504.316	70.729	0	0	1	0	0	0	0	1	0	0	1	3
2013/12/28-16:53:51	57	1,504.316	70.729	0	0	0	0	0	0	0	1	0	0	1	60
2013/12/28-16:55:09	57	1,504.316	70.729	1	0	1	0	0	0	0	1	0	0	1	3
2013/12/28-17:07:49	58	1,495.703	66.038	0	0	0	0	0	0	0	1	1	0	0	5
2013/12/28-17:08:13	58	1,495.703	66.038	0	0	0	0	0	0	0	1	1	0	0	17
2013/12/28-17:08:49	58	1,495.703	66.038	1	0	0	0	0	0	1	1	0	0	1	3
2013/12/28-17:09:21	58	1,495.703	66.038	0	0	1	0	0	0	0	1	0	0	1	3
2013/12/28-17:10:14	58	1,495.703	66.038	5	0	1	1	0	0	0	1	0	0	1	39
2013/12/28-17:26:49	58	1,495.703	66.038	1	0	0	0	0	0	1	1	0	0	1	17
2013/12/28-17:27:25	58	1,495.703	66.038	0	0	1	0	0	0	0	1	0	0	1	3
2013/12/28-17:27:58	58	1,495.703	66.038	2	0	0	0	0	0	1	1	0	0	1	6
2013/12/28-17:28:24	58	1,495.703	66.038	1	0	0	0	0	0	1	1	0	0	1	7
2013/12/28-17:28:51	58	1,495.703	66.038	1	0	0	0	0	0	1	1	0	0	1	12
2013/12/29-01:05:12	58	1,491.681	71.308	0	0	1	0	0	0	0	1	0	0	1	3
2013/12/29-01:05:58	58	1,491.681	71.308	1	0	1	6	0	0	0	1	0	0	1	28
2013/12/29-01:06:45	58	1,491.681	71.308	4	0	1	0	0	0	0	1	0	0	1	30
2013/12/29-01:08:04	58	1,491.681	71.308	0	0	1	0	0	0	0	1	0	0	1	6
2013/12/29-01:09:23	58	1,491.681	71.308	0	0	1	0	0	0	0	1	0	0	1	3
2013/12/29-01:18:08	58	1,491.681	71.308	1	0	1	0	0	0	0	1	0	0	1	3
2013/12/29-01:18:56	58	1,491.681	71.308	2	0	1	0	0	0	0	1	0	0	1	47
2013/12/29-01:20:15	58	1,491.681	71.308	0	0	1	0	0	0	0	1	0	0	1	31
2013/12/29-01:21:05	58	1,491.681	71.308	2	0	0	0	0	0	1	1	0	0	1	3
2013/12/29-01:21:42	58	1,491.681	71.308	1	0	1	0	0	0	0	1	0	0	1	3
2013/12/29-01:33:14	63	1,449.828	63.773	2	0	1	8	0	0	0	1	0	0	1	28
2013/12/29-01:34:01	63	1,449.828	63.773	0	0	1	0	0	0	0	1	0	0	1	7
2013/12/29-01:35:17	63	1,449.828	63.773	5	0	0	1	0	0	0	1	1	0	0	60
2013/12/29-01:36:36	63	1,449.828	63.773	1	0	0	0	0	0	1	1	0	0	1	11
2013/12/29-01:37:06	63	1,449.828	63.773	1	0	1	0	0	0	0	1	0	0	1	42
2013/12/29-06:51:00	63	1,455.193	68.184	0	0	0	0	0	0	0	1	1	0	0	60
2013/12/29-06:52:19	63	1,455.193	68.184	2	0	0	0	0	0	1	1	0	0	1	14
2013/12/29-06:52:55	63	1,455.193	68.184	5	0	0	0	0	0	0	1	1	0	0	60
2013/12/29-06:54:14	63	1,455.193	68.184	0	0	1	0	0	0	0	1	0	0	1	3
2013/12/29-06:55:33	63	1,455.193	68.184	0	0	0	0	0	0	0	1	0	1	0	60
2013/12/29-06:56:59	63	1,455.193	68.184	0	0	0	0	0	0	0	1	1	0	0	12
2013/12/29-06:57:30	63	1,455.193	68.184	2	0	1	0	0	0	0	1	0	0	1	3
2013/12/29-06:58:49	63	1,455.193	68.184	1	0	1	0	0	0	0	1	0	0	1	3
2013/12/29-07:00:08	63	1,455.193	68.184	0	0	1	0	0	0	0	1	0	0	1	3
2013/12/29-07:00:31	63	1,455.193	68.184	0	0	1	0	0	0	0	1	0	0	1	3
2013/12/29-07:16:00	66	1,434.933	61.442	1	0	1	0	0	0	0	1	0	0	1	5
2013/12/29-07:17:19	66	1,434.933	61.442	5	0	0	0	1	0	0	1	1	0	0	28
2013/12/29-07:18:06	66	1,434.933	61.442	1	0	0	0	0	0	1	1	0	0	1	8
2013/12/29-07:19:26	66	1,434.933	61.442	0	0	0	0	0	0	0	1	1	0	0	60
2013/12/29-07:20:45	66	1,434.933	61.442	2	0	1	0	0	0	0	1	0	0	1	57
2013/12/29-07:37:04	66	1,434.933	61.442	1	0	0	0	1	0	1	1	0	0	1	6
2013/12/29-07:37:36	66	1,434.933	61.442	0	0	0	0	0	0	0	1	1	0	0	60
2013/12/29-07:38:55	66	1,434.933	61.442	0	0	1	0	0	0	0	1	0	0	1	3
2013/12/29-07:39:17	66	1,434.933	61.442	0	0	0	0	0	0	0	1	1	0	0	60
2013/12/29-07:40:36	66	1,434.933	61.442	0	0	1	0	0	0	0	1	0	0	1	17
2013/12/29-07:56:23	66	1,438.83	56.041	0	0	1	0	0	0	0	1	0	0	1	6
2013/12/29-07:56:51	66	1,438.83	56.041	11	0	0	5	0	0	1	1	0	0	1	52
2013/12/29-07:58:02	66	1,438.83	56.041	0	0	1	0	0	0	0	1	0	0	1	25
2013/12/29-07:59:05	66	1,438.83	56.041	0	0	0	0	0	0	0	1	1	0	0	3
2013/12/29-07:59:28	66	1,438.83	56.041	1	0	0	0	0	0	0	1	1	0	0	60
2013/12/29-08:14:40	66	1,438.83	56.041	0	0	0	0	0	0	0	1	0	0	1	60
2013/12/29-08:16:00	66	1,438.83	56.041	0	0	0	0	0	0	0	1	1	0	0	3
2013/12/29-08:16:22	66	1,438.83	56.041	1	0	0	0	0	0	0	1	1	0	0	6
2013/12/29-08:16:47	66	1,438.83	56.041	0	0	0	0	0	0	0	1	1	0	0	28
2013/12/29-08:17:35	66	1,438.83	56.041	5	0	0	0	0	0	0	1	1	0	0	22
2013/12/29-18:04:04	64	1,468.52	66.861	3	0	0	1	0	0	0	1	0	0	1	60
2013/12/29-18:05:23	64	1,468.52	66.861	5	0	0	0	1	0	0	1	1	0	0	32
2013/12/29-18:06:13	64	1,468.52	66.861	8	0	0	1	1	0	0	1	1	0	0	60
2013/12/29-18:07:32	64	1,468.52	66.861	6	0	0	0	0	0	0	1	0	0	1	60
2013/12/29-18:08:50	64	1,468.52	66.861	5	0	0	1	0	0	0	1	0	0	1	60
2013/12/29-18:26:13	61	1,499.964	63.608	1	0	1	0	0	0	0	1	0	0	1	15
2013/12/29-18:26:52	61	1,499.964	63.608	6	0	1	2	0	0	0	1	0	0	1	51
2013/12/29-18:28:03	61	1,499.964	63.608	4	0	1	0	0	0	0	1	0	0	1	29
2013/12/29-18:28:59	61	1,499.964	63.608	4	0	1	1	0	0	0	1	0	0	1	44
2013/12/29-18:30:01	61	1,499.964	63.608	2	0	0	0	0	0	1	1	0	0	1	3
2013/12/29-20:50:24	61	1,499.964	63.608	3	0	0	0	0	0	0	1	0	0	1	60
2013/12/29-20:51:43	61	1,499.964	63.608	7	0	1	1	0	0	0	1	0	0	1	37
2013/12/29-20:53:02	61	1,499.964	63.608	10	0	0	1	1	0	0	1	1	0	0	60
2013/12/29-20:54:20	61	1,499.964	63.608	8	0	0	2	0	0	0	1	1	0	0	60
2013/12/29-20:55:39	61	1,499.964	63.608	1	0	1	0	0	0	0	1	0	0	1	11
2013/12/30-02:41:34	61	1,493.584	65.505	5	0	1	0	0	0	0	1	0	0	1	27
2013/12/30-02:42:54	61	1,493.584	65.505	6	0	1	0	0	0	0	1	0	0	1	44
2013/12/30-02:44:12	61	1,493.584	65.505	2	0	0	0	0	0	1	1	0	0	1	3
2013/12/30-02:45:32	61	1,493.584	65.505	1	0	0	0	0	0	1	1	0	0	1	4
2013/12/30-02:46:21	61	1,493.584	65.505	7	0	1	0	0	0	0	1	0	0	1	52
2013/12/30-02:56:45	61	1,493.584	65.505	3	0	0	0	0	0	1	1	0	0	1	15
2013/12/30-02:57:24	61	1,493.584	65.505	2	0	1	0	0	0	0	1	0	0	1	40
2013/12/30-02:58:23	61	1,493.584	65.505	2	0	1	1	0	0	0	1	0	0	1	15
2013/12/30-02:58:57	61	1,493.584	65.505	2	0	1	0	0	0	0	1	0	0	1	10
2013/12/30-02:59:52	61	1,493.584	65.505	2	0	1	1	0	0	0	1	0	0	1	53
2013/12/30-03:16:04	65	1,455.686	59.222	6	0	0	2	0	0	0	1	0	0	1	60
2013/12/30-03:17:23	65	1,455.686	59.222	5	0	0	4	0	0	0	1	1	0	0	60
2013/12/30-03:18:42	65	1,455.686	59.222	3	0	0	0	0	0	1	1	0	0	1	8
2013/12/30-03:19:26	65	1,455.686	59.222	2	0	0	0	1	0	0	1	1	0	0	9
2013/12/30-03:19:55	65	1,455.686	59.222	4	0	0	0	0	0	0	1	0	0	1	60
2013/12/30-03:37:17	65	1,455.686	59.222	5	0	0	3	0	0	0	1	0	0	1	60
2013/12/30-03:38:36	65	1,455.686	59.222	2	0	0	0	0	0	0	1	1	0	0	42
2013/12/30-03:39:37	65	1,455.686	59.222	4	0	0	0	0	0	1	1	0	0	1	17
2013/12/30-03:40:20	65	1,455.686	59.222	2	0	0	1	0	0	0	1	0	0	1	60
2013/12/30-03:41:39	65	1,455.686	59.222	3	0	0	1	0	0	0	1	1	0	0	27
2013/12/30-04:11:57	62	1,468.978	54.309	7	0	1	1	0	0	0	1	0	0	1	30
2013/12/30-04:12:47	62	1,468.978	54.309	3	0	1	0	0	0	0	1	0	0	1	9
2013/12/30-04:13:28	62	1,468.978	54.309	1	0	0	0	0	0	1	1	0	0	1	4
2013/12/30-04:14:13	62	1,468.978	54.309	2	0	0	0	0	0	1	1	0	0	1	4
2013/12/30-04:14:37	62	1,468.978	54.309	2	0	1	1	0	0	0	1	0	0	1	17
2013/12/30-04:24:45	62	1,468.978	54.309	4	0	0	2	0	0	0	1	0	0	1	60
2013/12/30-04:26:04	62	1,468.978	54.309	4	0	1	0	0	0	0	1	0	0	1	47
2013/12/30-04:27:10	67	1,447.104	51.525	3	0	1	2	0	0	0	1	0	0	1	39
2013/12/30-04:28:08	67	1,447.104	51.525	0	0	0	1	0	0	0	1	1	0	0	60
2013/12/30-04:29:27	67	1,447.104	51.525	4	0	0	1	0	0	0	1	1	0	0	60
2013/12/30-13:48:42	66	1,459.171	65.318	7	0	0	0	0	0	0	1	0	0	1	60
2013/12/30-13:50:01	66	1,459.171	65.318	4	0	1	1	0	0	0	1	0	0	1	19
2013/12/30-13:51:20	66	1,459.171	65.318	6	0	1	0	0	0	0	1	0	0	1	17
2013/12/30-13:52:34	66	1,459.171	65.318	7	0	0	1	0	0	1	1	0	0	1	29
2013/12/30-13:53:53	66	1,459.171	65.318	1	0	1	0	0	0	0	1	0	0	1	13
2013/12/30-14:11:18	66	1,459.171	65.318	11	0	0	2	0	0	0	1	1	0	0	60
2013/12/30-14:12:37	65	1,466.88	62.479	6	0	0	1	0	0	0	1	1	0	0	60
2013/12/30-14:13:56	65	1,466.88	62.479	2	0	0	1	0	0	0	1	1	0	0	60
2013/12/30-14:15:15	65	1,466.88	62.479	4	0	0	0	1	0	0	1	1	0	0	15
2013/12/30-14:15:48	65	1,466.88	62.479	2	0	0	0	0	0	0	1	1	0	0	9
2013/12/30-14:34:05	65	1,466.88	62.479	6	0	0	5	0	0	0	1	1	0	0	60
2013/12/30-14:35:24	65	1,466.88	62.479	1	0	1	1	0	0	0	1	0	0	1	23
2013/12/30-14:36:43	65	1,466.88	62.479	1	0	0	0	0	0	1	1	0	0	1	5
2013/12/30-14:37:36	65	1,466.88	62.479	3	0	0	0	0	0	0	1	1	0	0	60
2013/12/30-14:38:55	65	1,466.88	62.479	5	0	0	1	1	0	0	1	1	0	0	60
2013/12/30-18:27:44	63	1,492.087	62.03	10	0	0	1	0	0	0	1	1	0	0	46
2013/12/30-18:28:50	63	1,492.087	62.03	1	0	1	0	0	0	0	1	0	0	1	19
2013/12/30-18:29:40	63	1,492.087	62.03	2	0	0	0	0	0	1	1	0	0	1	4
2013/12/30-18:30:59	63	1,492.087	62.03	10	0	0	2	0	0	0	1	1	0	0	60
2013/12/30-18:32:18	63	1,492.087	62.03	2	0	1	0	0	0	0	1	0	0	1	8
2013/12/30-18:44:00	62	1,486.883	58.702	6	0	0	1	0	0	0	1	0	0	1	60
2013/12/30-18:45:19	62	1,486.883	58.702	4	0	1	4	0	0	0	1	0	0	1	36
2013/12/30-18:46:13	62	1,486.883	58.702	3	0	0	0	0	0	1	1	0	0	1	11
2013/12/30-18:47:09	62	1,486.883	58.702	8	0	0	0	0	0	0	1	0	0	1	60
2013/12/30-18:48:28	62	1,486.883	58.702	9	0	1	3	0	0	0	1	0	0	1	49
2013/12/30-19:12:01	62	1,486.883	58.702	1	0	0	1	0	0	0	1	1	0	0	41
2013/12/30-19:12:58	62	1,486.883	58.702	7	0	1	1	0	0	0	1	0	0	1	43
2013/12/30-19:14:00	62	1,486.883	58.702	2	0	0	0	0	0	1	1	0	0	1	3
2013/12/30-19:15:02	62	1,486.883	58.702	2	0	0	0	0	0	1	1	0	0	1	4
2013/12/30-19:15:51	62	1,486.883	58.702	6	0	0	0	0	0	0	1	0	0	1	60
2013/12/31-11:06:37	62	1,498.022	76.005	0	0	1	0	0	0	0	1	0	0	1	14
2013/12/31-11:07:56	62	1,498.022	76.005	4	0	1	0	0	0	0	1	0	0	1	16
2013/12/31-11:08:31	62	1,498.022	76.005	1	0	0	0	0	0	1	1	0	0	1	3
2013/12/31-11:08:58	62	1,498.022	76.005	1	0	1	0	0	0	0	1	0	0	1	9
2013/12/31-11:09:26	62	1,498.022	76.005	1	0	1	0	0	0	0	1	0	0	1	13
2013/12/31-11:17:55	62	1,498.022	76.005	2	0	1	0	0	0	0	1	0	0	1	14
2013/12/31-11:18:38	62	1,498.022	76.005	1	0	1	0	0	0	0	1	0	0	1	10
2013/12/31-11:19:30	62	1,498.022	76.005	0	0	1	0	0	0	0	1	0	0	1	4
2013/12/31-11:20:05	62	1,498.022	76.005	4	0	0	3	2	0	1	1	0	0	1	18
2013/12/31-11:20:42	62	1,498.022	76.005	0	0	1	0	0	0	0	1	0	0	1	16
2013/12/31-11:30:34	62	1,498.022	76.005	0	0	0	0	0	0	0	1	1	0	0	60
2013/12/31-11:31:53	62	1,498.022	76.005	0	0	0	0	0	0	0	1	1	0	0	60
2013/12/31-11:33:12	62	1,498.022	76.005	2	0	1	0	0	0	0	1	0	0	1	6
2013/12/31-11:33:52	62	1,498.022	76.005	1	0	0	0	0	0	1	1	0	0	1	9
2013/12/31-11:34:20	62	1,498.022	76.005	3	0	0	0	0	0	0	1	1	0	0	29
2013/12/31-15:25:22	73	1,406.373	72.66	0	0	1	0	0	0	0	1	0	0	1	3
2013/12/31-15:25:54	73	1,406.373	72.66	2	0	0	0	0	0	1	1	0	0	1	10
2013/12/31-15:26:55	73	1,406.373	72.66	1	0	1	0	0	0	0	1	0	0	1	6
2013/12/31-15:27:26	73	1,406.373	72.66	0	0	1	0	0	0	0	1	0	0	1	16
2013/12/31-15:28:05	73	1,406.373	72.66	1	0	0	0	0	0	1	1	0	0	1	4
2013/12/31-15:28:34	73	1,406.373	72.66	1	0	0	4	0	0	0	1	0	0	1	60
2013/12/31-15:29:52	73	1,406.373	72.66	0	0	0	0	0	0	0	1	1	0	0	60
2013/12/31-15:31:11	73	1,406.373	72.66	0	0	0	0	0	0	0	1	1	0	0	60
2013/12/31-15:32:30	73	1,406.373	72.66	0	0	0	0	0	0	0	1	1	0	0	3
2013/12/31-15:32:52	73	1,406.373	72.66	0	0	0	0	0	0	0	1	0	0	1	60
2013/12/31-15:48:40	71	1,408.183	65.124	0	0	0	0	0	0	0	1	1	0	0	3
2013/12/31-15:49:02	71	1,408.183	65.124	3	0	1	0	0	0	0	1	0	0	1	18
2013/12/31-15:49:39	71	1,408.183	65.124	0	0	1	0	0	0	0	1	0	0	1	14
2013/12/31-15:50:14	71	1,408.183	65.124	0	0	1	0	0	0	0	1	0	0	1	9
2013/12/31-15:50:41	71	1,408.183	65.124	3	0	0	0	0	0	0	1	1	0	0	15
2013/12/31-19:16:45	70	1,425.912	66.63	0	0	1	0	0	0	0	1	0	0	1	3
2013/12/31-19:17:07	70	1,425.912	66.63	1	0	1	0	0	0	0	1	0	0	1	3
2013/12/31-19:17:37	70	1,425.912	66.63	0	0	0	0	0	0	0	1	1	0	0	25
2013/12/31-19:18:21	70	1,425.912	66.63	0	0	1	0	0	0	0	1	0	0	1	10
2013/12/31-19:18:50	70	1,425.912	66.63	2	0	1	0	0	0	0	1	0	0	1	10
2013/12/31-19:38:31	69	1,425.638	63.164	0	0	1	0	0	0	0	1	0	0	1	9
2013/12/31-19:39:20	69	1,425.638	63.164	0	0	1	0	0	0	0	1	0	0	1	7
2013/12/31-19:39:46	69	1,425.638	63.164	1	0	1	0	0	0	0	1	0	0	1	12
2013/12/31-19:40:17	69	1,425.638	63.164	2	0	0	7	0	0	0	1	0	0	1	60
2013/12/31-19:41:36	69	1,425.638	63.164	3	0	0	0	0	0	0	1	1	0	0	53
2013/12/31-19:53:20	69	1,425.638	63.164	0	0	1	0	0	0	0	1	0	0	1	17
2013/12/31-19:54:11	69	1,425.638	63.164	1	0	0	0	0	0	1	1	0	0	1	3
2013/12/31-19:54:36	69	1,425.638	63.164	3	0	1	1	0	0	0	1	0	0	1	26
2013/12/31-19:55:20	69	1,425.638	63.164	0	0	1	0	0	0	0	1	0	0	1	3
2013/12/31-19:55:42	69	1,425.638	63.164	0	0	1	0	0	0	0	1	0	0	1	6
2013/12/31-23:19:38	68	1,428.122	63.556	5	0	0	0	0	0	0	1	1	0	0	15
2013/12/31-23:20:12	68	1,428.122	63.556	0	0	0	0	0	0	0	1	1	0	0	60
2013/12/31-23:21:31	68	1,428.122	63.556	2	0	0	0	0	0	1	1	0	0	1	8
2013/12/31-23:22:05	68	1,428.122	63.556	1	0	0	0	0	0	0	1	1	0	0	4
2013/12/31-23:22:27	68	1,428.122	63.556	0	0	1	0	0	0	0	1	0	0	1	6
2013/12/31-23:37:50	69	1,427.602	60.305	6	0	0	0	0	0	0	1	1	0	0	49
2013/12/31-23:38:58	69	1,427.602	60.305	0	0	1	0	0	0	0	1	0	0	1	41
2013/12/31-23:40:17	69	1,427.602	60.305	2	0	0	0	1	0	0	1	1	0	0	21
2013/12/31-23:40:56	69	1,427.602	60.305	1	0	1	0	0	0	0	1	0	0	1	10
2013/12/31-23:42:15	69	1,427.602	60.305	0	0	1	0	0	0	0	1	0	0	1	14
2013/12/31-23:54:08	67	1,429.084	57.248	0	0	1	0	0	0	0	1	0	0	1	8
2013/12/31-23:54:35	67	1,429.084	57.248	5	0	0	10	1	0	0	1	1	0	0	60
2013/12/31-23:55:54	67	1,429.084	57.248	0	0	1	0	0	0	0	1	0	0	1	3
2013/12/31-23:56:26	67	1,429.084	57.248	0	0	1	0	0	0	0	1	0	0	1	5
2013/12/31-23:57:26	67	1,429.084	57.248	10	0	0	4	0	0	0	1	1	0	0	33
2014/01/01-04:15:32	66	1,428.992	61.345	0	0	1	0	0	0	0	1	0	0	1	4
2014/01/01-04:16:29	66	1,428.992	61.345	1	0	1	0	0	0	0	1	0	0	1	6
2014/01/01-04:17:04	66	1,428.992	61.345	0	0	1	0	0	0	0	1	0	0	1	11
2014/01/01-04:17:37	66	1,428.992	61.345	2	0	1	0	0	0	0	1	0	0	1	16
2014/01/01-04:18:12	66	1,428.992	61.345	0	0	1	0	0	0	0	1	0	0	1	4
2014/01/01-04:27:36	64	1,438.133	59.433	2	0	0	0	0	0	1	1	0	0	1	7
2014/01/01-04:28:54	64	1,438.133	59.433	0	0	1	0	0	0	0	1	0	0	1	19
2014/01/01-04:29:57	64	1,438.133	59.433	2	0	1	0	0	0	0	1	0	0	1	11
2014/01/01-04:31:16	64	1,438.133	59.433	2	0	0	0	0	0	1	1	0	0	1	3
2014/01/01-04:32:35	64	1,438.133	59.433	0	0	1	0	0	0	0	1	0	0	1	6
2014/01/01-04:47:24	64	1,438.133	59.433	1	0	1	0	0	0	0	1	0	0	1	11
2014/01/01-04:47:54	64	1,438.133	59.433	0	0	1	0	0	0	0	1	0	0	1	25
2014/01/01-04:48:38	64	1,438.133	59.433	0	0	0	0	0	0	0	1	1	0	0	28
2014/01/01-04:49:25	64	1,438.133	59.433	6	0	1	0	0	0	0	1	0	0	1	28
2014/01/01-04:50:13	64	1,438.133	59.433	0	0	1	0	0	0	0	1	0	0	1	30
2014/01/01-08:24:15	66	1,438.815	61.66	1	0	1	0	0	0	0	1	0	0	1	26
2014/01/01-08:25:17	66	1,438.815	61.66	0	0	1	0	0	0	0	1	0	0	1	6
2014/01/01-08:25:42	66	1,438.815	61.66	0	0	1	0	0	0	0	1	0	0	1	6
2014/01/01-08:26:07	66	1,438.815	61.66	0	0	1	0	0	0	0	1	0	0	1	3
2014/01/01-08:26:29	66	1,438.815	61.66	6	0	1	1	0	0	0	1	0	0	1	29
2014/01/01-08:35:45	66	1,438.815	61.66	1	0	0	0	0	0	1	1	0	0	1	3
2014/01/01-08:36:18	66	1,438.815	61.66	1	0	1	0	0	0	0	1	0	0	1	16
2014/01/01-08:37:07	66	1,438.815	61.66	1	0	0	0	0	0	1	1	0	0	1	11
2014/01/01-08:37:36	66	1,438.815	61.66	0	0	0	0	0	0	0	1	1	0	0	3
2014/01/01-08:37:58	66	1,438.815	61.66	2	0	0	0	0	0	1	1	0	0	1	3
2014/01/01-08:53:38	66	1,438.815	61.66	4	0	1	1	0	0	0	1	0	0	1	39
2014/01/01-08:54:57	66	1,438.815	61.66	0	0	1	0	0	0	0	1	0	0	1	38
2014/01/01-08:55:54	66	1,438.815	61.66	4	0	0	0	1	0	0	1	1	0	0	17
2014/01/01-08:56:30	66	1,438.815	61.66	1	0	0	0	0	0	0	1	1	0	0	16
2014/01/01-08:57:06	66	1,452.045	55.417	4	0	0	0	0	0	0	1	1	0	0	60
2014/01/01-12:28:17	65	1,456.377	60.699	0	0	1	0	0	0	0	1	0	0	1	3
2014/01/01-12:28:39	65	1,456.377	60.699	0	0	1	0	0	0	0	1	0	0	1	3
2014/01/01-12:29:01	65	1,456.377	60.699	1	0	1	0	0	0	0	1	0	0	1	6
2014/01/01-12:30:03	65	1,456.377	60.699	1	0	1	0	0	0	0	1	0	0	1	23
2014/01/01-12:30:44	65	1,456.377	60.699	1	0	1	0	0	0	0	1	0	0	1	3
2014/01/01-12:40:25	65	1,456.377	60.699	0	0	1	0	0	0	0	1	0	0	1	22
2014/01/01-12:41:34	65	1,456.377	60.699	1	0	0	0	0	0	1	1	0	0	1	27
2014/01/01-12:42:20	65	1,456.377	60.699	3	0	0	2	0	0	0	1	1	0	0	60
2014/01/01-12:43:39	65	1,456.377	60.699	14	0	1	2	2	0	0	1	0	0	1	52
2014/01/01-12:44:50	65	1,456.377	60.699	0	0	1	0	0	0	0	1	0	0	1	3
2014/01/01-12:57:39	68	1,433.664	55.76	2	0	0	0	1	0	1	1	0	0	1	8
2014/01/01-12:58:06	68	1,433.664	55.76	0	0	1	0	0	0	0	1	0	0	1	21
2014/01/01-12:58:46	68	1,433.664	55.76	0	0	1	0	0	0	0	1	0	0	1	13
2014/01/01-12:59:18	68	1,433.664	55.76	0	0	1	0	0	0	0	1	0	0	1	3
2014/01/01-12:59:46	68	1,433.664	55.76	7	0	0	2	0	0	0	1	1	0	0	60
2014/01/01-22:50:13	68	1,425.856	60.213	3	0	0	0	0	0	1	1	0	0	1	21
2014/01/01-22:50:53	68	1,425.856	60.213	1	0	1	0	0	0	0	1	0	0	1	12
2014/01/01-22:51:54	68	1,425.856	60.213	3	0	1	0	0	0	0	1	0	0	1	20
2014/01/01-22:52:46	68	1,425.856	60.213	1	0	0	0	0	0	1	1	0	0	1	20
2014/01/01-22:53:25	68	1,425.856	60.213	0	0	1	0	0	0	0	1	0	0	1	3
2014/01/01-23:04:55	68	1,425.856	60.213	0	0	0	0	0	0	0	1	1	0	0	60
2014/01/01-23:06:14	68	1,425.856	60.213	0	0	1	0	0	0	0	1	0	0	1	6
2014/01/01-23:06:39	68	1,425.856	60.213	0	0	1	0	0	0	0	1	0	0	1	6
2014/01/01-23:07:04	68	1,425.856	60.213	2	0	1	0	0	0	0	1	0	0	1	7
2014/01/01-23:07:30	68	1,425.856	60.213	0	0	1	0	0	0	0	1	0	0	1	47
2014/01/01-23:18:45	69	1,413.6	55.655	1	0	0	0	0	0	1	1	0	0	1	3
2014/01/01-23:19:54	69	1,413.6	55.655	0	0	0	0	0	0	0	1	1	0	0	6
2014/01/01-23:20:19	69	1,413.6	55.655	0	0	0	0	0	0	0	1	1	0	0	60
2014/01/01-23:21:38	69	1,413.6	55.655	1	0	1	0	1	0	0	1	0	0	1	3
2014/01/01-23:22:00	69	1,413.6	55.655	6	0	1	1	0	0	0	1	0	0	1	40
2014/01/02-03:44:49	71	1,401.795	60.034	0	0	1	0	0	0	0	1	0	0	1	6
2014/01/02-03:45:42	71	1,401.795	60.034	1	0	1	0	0	0	0	1	0	0	1	3
2014/01/02-03:47:01	71	1,401.795	60.034	2	0	0	0	0	0	1	1	0	0	1	6
2014/01/02-03:48:19	71	1,401.795	60.034	0	0	1	0	0	0	0	1	0	0	1	6
2014/01/02-03:48:44	71	1,401.795	60.034	1	0	1	0	0	0	0	1	0	0	1	3
2014/01/02-04:06:24	70	1,401.986	58.612	0	0	1	0	0	0	0	1	0	0	1	9
2014/01/02-04:07:31	70	1,401.986	58.612	0	0	1	0	0	0	0	1	0	0	1	5
2014/01/02-04:08:50	70	1,401.986	58.612	0	0	1	0	0	0	0	1	0	0	1	13
2014/01/02-04:09:21	70	1,401.986	58.612	12	0	0	3	0	0	0	1	1	0	0	60
2014/01/02-04:10:40	70	1,401.986	58.612	0	0	1	0	0	0	0	1	0	0	1	15
2014/01/02-04:19:39	70	1,401.986	58.612	9	0	0	1	0	0	0	1	1	0	0	60
2014/01/02-04:20:58	70	1,401.986	58.612	0	0	1	0	0	0	0	1	0	0	1	3
2014/01/02-04:21:23	70	1,401.986	58.612	1	0	1	0	2	0	0	1	0	0	1	6
2014/01/02-04:21:47	70	1,401.986	58.612	0	0	0	0	0	0	0	1	1	0	0	60
2014/01/02-04:23:06	70	1,401.986	58.612	0	0	1	0	0	0	0	1	0	0	1	31
2014/01/02-08:41:24	74	1,386.884	60.973	1	0	0	0	0	0	1	1	0	0	1	4
2014/01/02-08:42:22	74	1,386.884	60.973	1	0	1	0	0	0	0	1	0	0	1	3
2014/01/02-08:43:01	74	1,386.884	60.973	0	0	1	0	0	0	0	1	0	0	1	3
2014/01/02-08:43:50	74	1,386.884	60.973	0	0	1	0	0	0	0	1	0	0	1	19
2014/01/02-08:44:32	74	1,386.884	60.973	1	0	1	0	0	0	0	1	0	0	1	6
2014/01/02-09:03:20	74	1,386.884	60.973	0	0	1	0	0	0	0	1	0	0	1	42
2014/01/02-09:04:21	74	1,386.884	60.973	2	0	1	0	0	0	0	1	0	0	1	25
2014/01/02-09:05:05	74	1,386.884	60.973	0	0	1	0	0	0	0	1	0	0	1	4
2014/01/02-09:05:32	74	1,386.884	60.973	1	0	0	0	0	0	0	1	1	0	0	8
2014/01/02-09:05:58	74	1,386.884	60.973	1	0	1	5	1	0	0	1	0	0	1	31
2014/01/02-09:21:41	74	1,384.755	56.471	1	0	1	0	0	0	0	1	1	0	0	11
2014/01/02-09:22:10	74	1,384.755	56.471	0	0	1	0	0	0	0	1	0	0	1	13
2014/01/02-09:23:29	74	1,384.755	56.471	0	0	1	0	0	0	0	1	0	0	1	7
2014/01/02-09:23:55	74	1,384.755	56.471	0	0	1	0	0	0	0	1	0	0	1	29
2014/01/02-09:25:14	74	1,384.755	56.471	3	0	0	2	0	0	1	1	0	0	1	37
2014/01/02-13:04:21	73	1,396.234	59.821	0	0	0	0	0	0	0	1	0	0	1	60
2014/01/02-13:05:40	73	1,396.234	59.821	0	0	0	0	0	0	0	1	0	0	1	60
2014/01/02-13:06:59	73	1,396.234	59.821	7	0	0	2	0	0	0	1	1	0	0	60
2014/01/02-13:08:18	73	1,396.234	59.821	1	0	0	0	0	0	1	1	0	0	1	3
2014/01/02-13:08:57	73	1,396.234	59.821	1	0	0	0	0	0	1	1	0	0	1	9
2014/01/02-13:13:00	73	1,396.234	59.821	2	0	0	0	0	0	1	1	0	0	1	5
2014/01/02-13:13:35	73	1,396.234	59.821	1	0	0	0	1	0	1	1	0	0	1	3
2014/01/02-13:13:57	73	1,396.234	59.821	0	0	0	0	0	0	0	1	1	0	0	4
2014/01/02-13:14:20	73	1,396.234	59.821	1	0	0	0	0	0	1	1	0	0	1	3
2014/01/02-13:15:19	73	1,396.234	59.821	0	0	1	0	0	0	0	1	0	0	1	60
2014/01/02-13:31:59	74	1,396.704	54.902	0	0	0	0	0	0	0	1	1	0	0	60
2014/01/02-13:33:18	74	1,396.704	54.902	8	0	0	2	0	0	0	1	1	0	0	31
2014/01/02-13:34:08	74	1,396.704	54.902	8	0	0	3	0	0	0	1	1	0	0	60
2014/01/02-13:35:28	74	1,396.704	54.902	1	0	0	0	0	0	0	1	0	0	1	60
2014/01/02-13:36:47	74	1,396.704	54.902	0	0	0	2	0	0	0	1	1	0	0	60
2014/01/02-17:59:09	69	1,420.598	60.452	0	0	1	0	0	0	0	1	0	0	1	18
2014/01/02-17:59:46	69	1,420.598	60.452	3	0	1	1	0	0	0	1	0	0	1	30
2014/01/02-18:01:03	69	1,420.598	60.452	2	0	1	0	0	0	0	1	0	0	1	6
2014/01/02-18:01:27	69	1,420.598	60.452	0	0	1	0	0	0	0	1	0	0	1	6
2014/01/02-18:02:06	69	1,420.598	60.452	1	0	1	0	0	0	0	1	0	0	1	3
2014/01/02-18:08:16	69	1,420.598	60.452	1	0	0	0	1	0	1	1	0	0	1	4
2014/01/02-18:08:39	69	1,420.598	60.452	1	0	1	0	1	0	0	1	0	0	1	6
2014/01/02-18:09:05	69	1,420.598	60.452	0	0	1	0	0	0	0	1	0	0	1	21
2014/01/02-18:09:53	69	1,420.598	60.452	0	0	1	0	0	0	0	1	0	0	1	3
2014/01/02-18:10:15	69	1,420.598	60.452	1	0	0	0	0	0	1	1	0	0	1	3
2014/01/02-18:26:26	70	1,416.33	56.31	0	0	0	0	0	0	0	1	1	0	0	60
2014/01/02-18:27:45	70	1,416.33	56.31	3	0	0	0	0	0	0	1	1	0	0	60
2014/01/02-18:29:04	70	1,416.33	56.31	2	0	0	0	1	0	0	1	1	0	0	8
2014/01/02-18:29:31	70	1,416.33	56.31	0	0	1	0	0	0	0	1	0	0	1	15
2014/01/02-18:30:05	70	1,416.33	56.31	1	0	0	9	1	0	0	1	1	0	0	60
2014/01/03-01:28:08	71	1,431.274	59.62	2	0	1	0	0	0	0	1	0	0	1	6
2014/01/03-01:28:33	71	1,431.274	59.62	2	0	1	0	0	0	0	1	0	0	1	13
2014/01/03-01:29:04	71	1,431.274	59.62	1	0	0	0	0	0	0	1	1	0	0	7
2014/01/03-01:29:30	71	1,431.274	59.62	6	0	0	0	0	0	1	1	0	0	1	35
2014/01/03-01:30:24	71	1,431.274	59.62	0	0	1	0	0	0	0	1	0	0	1	6
2014/01/03-01:45:47	69	1,447.651	57.123	1	0	1	0	0	0	0	1	0	0	1	3
2014/01/03-01:46:26	69	1,447.651	57.123	0	0	1	0	0	0	0	1	0	0	1	16
2014/01/03-01:47:45	69	1,447.651	57.123	0	0	1	0	0	0	0	1	0	0	1	4
2014/01/03-01:48:15	69	1,447.651	57.123	1	0	0	0	0	0	1	1	0	0	1	3
2014/01/03-01:48:52	69	1,447.651	57.123	2	0	0	0	0	0	1	1	0	0	1	6
2014/01/03-01:56:36	69	1,447.651	57.123	0	0	1	0	0	0	0	1	0	0	1	19
2014/01/03-01:57:17	69	1,447.651	57.123	0	0	1	0	0	0	0	1	0	0	1	7
2014/01/03-01:57:43	69	1,447.651	57.123	2	0	0	0	0	0	1	1	0	0	1	3
2014/01/03-01:58:33	69	1,447.651	57.123	2	0	0	1	0	0	0	1	1	0	0	13
2014/01/03-01:59:05	69	1,447.651	57.123	1	0	0	6	0	0	0	1	1	0	0	25
2014/01/03-06:33:35	71	1,433.886	60.714	1	0	1	0	0	0	0	1	0	0	1	7
2014/01/03-06:34:21	71	1,433.886	60.714	1	0	0	0	0	0	1	1	0	0	1	24
2014/01/03-06:35:40	71	1,433.886	60.714	1	0	1	0	1	0	0	1	0	0	1	8
2014/01/03-06:36:42	71	1,433.886	60.714	3	0	0	4	0	0	0	1	0	0	1	60
2014/01/03-06:38:02	71	1,433.886	60.714	0	0	1	0	0	0	0	1	0	0	1	4
2014/01/03-06:39:26	71	1,433.886	60.714	0	0	1	0	0	0	0	1	0	0	1	10
2014/01/03-06:39:56	71	1,433.886	60.714	0	0	1	0	0	0	0	1	0	0	1	4
2014/01/03-06:41:15	71	1,433.886	60.714	1	0	1	0	0	0	0	1	0	0	1	3
2014/01/03-06:42:14	71	1,433.886	60.714	2	0	0	0	0	0	1	1	0	0	1	14
2014/01/03-06:43:22	71	1,433.886	60.714	0	0	1	0	0	0	0	1	0	0	1	16
2014/01/03-06:56:05	73	1,409.857	56.335	4	0	0	0	1	0	0	1	1	0	0	60
2014/01/03-06:57:24	73	1,409.857	56.335	2	0	0	0	0	0	0	1	1	0	0	8
2014/01/03-06:57:51	73	1,409.857	56.335	0	0	1	0	0	0	0	1	0	0	1	32
2014/01/03-06:58:42	73	1,409.857	56.335	0	0	0	0	0	0	0	1	1	0	0	60
2014/01/03-07:00:01	73	1,409.857	56.335	0	0	0	0	0	0	0	1	1	0	0	60
2014/01/04-14:25:03	70	1,425.966	65.834	0	0	1	0	0	0	0	1	0	0	1	6
2014/01/04-14:25:29	70	1,425.966	65.834	3	0	0	0	0	0	1	1	0	0	1	4
2014/01/04-14:25:57	70	1,425.966	65.834	1	0	1	0	1	0	0	1	0	0	1	19
2014/01/04-14:26:35	70	1,425.966	65.834	3	0	0	0	1	0	1	1	0	0	1	11
2014/01/04-14:27:16	70	1,425.966	65.834	0	0	1	0	0	0	0	1	0	0	1	3
2014/01/04-14:47:28	70	1,425.966	65.834	0	0	0	0	0	0	0	1	1	0	0	60
2014/01/04-14:48:47	70	1,425.966	65.834	2	0	0	0	0	0	1	1	0	0	1	4
2014/01/04-14:49:33	71	1,398.705	60.829	1	0	1	0	1	0	0	1	0	0	1	3
2014/01/04-14:49:57	71	1,398.705	60.829	0	0	1	0	0	0	0	1	0	0	1	4
2014/01/04-14:50:25	71	1,398.705	60.829	0	0	0	0	0	0	0	1	1	0	0	60
2014/01/04-15:00:58	71	1,398.705	60.829	4	0	0	1	0	0	0	1	1	0	0	60
2014/01/04-15:02:17	71	1,398.705	60.829	0	0	1	0	0	0	0	1	0	0	1	8
2014/01/04-15:02:50	71	1,398.705	60.829	1	0	0	0	0	0	0	1	1	0	0	6
2014/01/04-15:03:15	71	1,398.705	60.829	2	0	0	0	0	0	1	1	0	0	1	4
2014/01/04-15:03:46	71	1,398.705	60.829	1	0	1	0	0	0	0	1	0	0	1	3
2014/01/04-20:34:20	78	1,375.597	64.815	0	0	1	0	0	0	0	1	0	0	1	7
2014/01/04-20:34:46	78	1,375.597	64.815	0	0	0	0	0	0	0	1	1	0	0	60
2014/01/04-20:36:05	78	1,375.597	64.815	2	0	0	0	0	0	1	1	0	0	1	10
2014/01/04-20:36:40	78	1,375.597	64.815	12	0	0	2	1	0	0	1	1	0	0	60
2014/01/04-20:37:59	78	1,375.597	64.815	0	0	1	0	0	0	0	1	0	0	1	21
2014/01/04-21:00:20	77	1,380.183	61.119	0	0	0	0	0	0	0	1	1	0	0	60
2014/01/04-21:01:39	77	1,380.183	61.119	0	0	1	0	0	0	0	1	0	0	1	43
2014/01/04-21:02:41	77	1,380.183	61.119	6	0	0	3	0	0	0	1	1	0	0	60
2014/01/04-21:04:01	77	1,380.183	61.119	4	0	0	1	0	0	0	1	1	0	0	31
2014/01/04-21:04:51	77	1,380.183	61.119	1	0	1	0	0	0	0	1	1	0	0	23
2014/01/04-21:17:00	77	1,380.183	61.119	6	0	0	2	0	0	0	1	1	0	0	60
2014/01/04-21:18:19	77	1,380.183	61.119	1	0	1	0	0	0	0	1	0	0	1	4
2014/01/04-21:18:58	77	1,380.183	61.119	2	0	1	0	0	0	0	1	0	0	1	58
2014/01/04-21:20:17	77	1,380.183	61.119	1	0	1	0	0	0	0	1	0	0	1	3
2014/01/04-21:20:52	77	1,380.183	61.119	0	0	0	0	0	0	0	1	1	0	0	6
2014/01/04-22:05:49	70	1,430.896	57	0	0	0	0	0	0	0	1	1	0	0	60
2014/01/04-22:07:09	70	1,430.896	57	3	0	0	11	0	0	0	1	1	0	0	60
2014/01/04-22:08:28	70	1,430.896	57	0	0	1	0	0	0	0	1	0	0	1	10
2014/01/04-22:08:57	70	1,430.896	57	0	0	0	0	0	0	0	1	1	0	0	60
2014/01/04-22:10:16	70	1,430.896	57	12	0	0	4	0	0	1	1	0	0	1	59
2014/01/04-22:16:04	70	1,430.896	57	2	0	0	0	0	0	0	1	1	0	0	19
2014/01/04-22:16:42	70	1,430.896	57	2	0	1	0	0	0	0	1	0	0	1	27
2014/01/04-22:17:57	70	1,430.896	57	1	0	1	0	0	0	0	1	0	0	1	21
2014/01/04-22:18:45	70	1,430.896	57	2	0	1	0	0	0	0	1	0	0	1	6
2014/01/04-22:19:29	70	1,430.896	57	0	0	1	0	0	0	0	1	0	0	1	13
2014/01/04-22:28:49	63	1,467.194	53.939	0	0	1	0	0	0	0	1	0	0	1	3
2014/01/04-22:29:12	63	1,467.194	53.939	0	0	1	0	0	0	0	1	0	0	1	4
2014/01/04-22:29:36	63	1,467.194	53.939	2	0	0	0	0	0	0	1	1	0	0	60
2014/01/04-22:30:55	63	1,467.194	53.939	3	0	1	0	0	0	0	1	0	0	1	13
2014/01/04-22:32:14	63	1,467.194	53.939	1	0	1	0	0	0	0	1	0	0	1	3
2014/01/05-14:15:43	63	1,462.314	61.791	10	0	0	5	0	0	0	1	1	0	0	90
2014/01/05-14:17:32	63	1,462.314	61.791	0	0	1	0	0	0	0	1	0	0	1	3
2014/01/05-14:17:54	63	1,462.314	61.791	2	0	1	0	0	0	0	1	0	0	1	23
2014/01/05-14:18:36	63	1,462.314	61.791	0	0	1	1	0	0	0	1	0	0	1	8
2014/01/05-14:19:03	63	1,462.314	61.791	1	0	0	1	0	0	1	1	0	0	1	10
2014/01/05-14:19:32	63	1,462.314	61.791	2	0	0	0	0	0	1	1	0	0	1	3
2014/01/05-14:19:54	63	1,462.314	61.791	2	0	1	0	0	0	0	1	0	0	1	6
2014/01/05-14:24:15	63	1,462.314	61.791	5	0	1	3	0	0	0	1	0	0	1	51
2014/01/05-14:25:25	63	1,462.314	61.791	0	0	1	0	0	0	0	1	0	0	1	3
2014/01/05-14:25:46	63	1,462.314	61.791	1	0	1	0	0	0	0	1	0	0	1	6
2014/01/05-14:26:11	63	1,462.314	61.791	0	0	1	0	0	0	0	1	0	0	1	6
2014/01/05-14:26:37	63	1,462.314	61.791	2	0	0	0	0	0	1	1	0	0	1	7
2014/01/05-14:27:30	63	1,462.314	61.791	3	0	1	0	0	0	0	1	0	0	1	41
2014/01/05-14:28:30	63	1,462.314	61.791	0	0	1	0	0	0	0	1	0	0	1	4
2014/01/05-19:40:54	75	1,410.087	60.768	2	0	0	0	0	0	1	1	0	0	1	6
2014/01/05-19:41:22	75	1,410.087	60.768	10	0	0	2	0	0	0	1	0	0	1	60
2014/01/05-19:42:40	75	1,410.087	60.768	4	0	0	0	0	0	1	1	0	0	1	18
2014/01/05-19:43:59	75	1,410.087	60.768	2	0	0	0	0	0	1	1	0	0	1	4
2014/01/05-19:45:18	75	1,410.087	60.768	7	0	1	1	0	0	0	1	0	0	1	51
2014/01/05-19:51:14	75	1,410.087	60.768	2	0	0	0	0	0	1	1	0	0	1	3
2014/01/05-19:51:52	75	1,410.087	60.768	2	0	0	0	0	0	1	1	0	0	1	3
2014/01/05-19:52:26	75	1,410.087	60.768	2	0	0	0	0	0	1	1	0	0	1	3
2014/01/05-19:52:52	75	1,410.087	60.768	3	0	0	0	0	0	1	1	0	0	1	7
2014/01/05-19:53:19	75	1,410.087	60.768	8	0	1	0	0	0	0	1	0	0	1	42
2014/01/05-20:08:11	78	1,362.782	56.193	2	0	0	1	0	0	0	1	1	0	0	7
2014/01/05-20:08:37	78	1,362.782	56.193	1	0	0	0	0	0	0	1	1	0	0	12
2014/01/05-20:09:08	78	1,362.782	56.193	1	0	0	0	0	0	0	1	1	0	0	7
2014/01/05-20:09:34	78	1,362.782	56.193	2	0	0	0	0	0	1	1	0	0	1	4
2014/01/05-20:10:00	78	1,362.782	56.193	6	0	0	3	0	0	0	1	1	0	0	60
