2013/09/02-14:29:35	17	1,500	350.155	4	0	0	0	1	0	1	1	1	0	0	21
2013/09/02-14:30:15	17	1,500	350.155	2	0	1	0	0	0	0	1	0	0	1	10
2013/09/02-14:31:23	17	1,500	350.155	2	0	1	0	0	0	0	1	0	0	1	11
2013/09/02-14:31:53	17	1,500	350.155	8	0	0	0	0	0	0	1	1	0	0	60
2013/09/02-14:33:12	17	1,500	350.155	1	0	1	0	0	0	0	1	0	0	1	3
2013/09/02-14:56:22	9	1,694.393	275.186	12	0	1	12	2	0	0	1	0	0	1	41
2013/09/02-14:57:22	9	1,694.393	275.186	2	0	1	0	0	0	0	1	0	0	1	8
2013/09/02-14:58:25	9	1,694.393	275.186	12	0	0	0	0	0	0	1	1	0	0	60
2013/09/02-14:59:43	9	1,694.393	275.186	9	0	0	0	0	0	0	1	1	0	0	60
2013/09/02-15:01:02	9	1,694.393	275.186	7	0	0	0	1	0	0	1	1	0	0	33
2013/09/02-15:11:25	8	1,905.325	225.381	8	0	1	0	0	0	0	1	0	0	1	29
2013/09/02-15:12:28	8	1,905.325	225.381	4	0	0	0	2	0	1	1	0	0	1	21
2013/09/02-15:13:07	8	1,905.325	225.381	9	0	0	1	0	0	0	1	1	0	0	60
2013/09/02-15:14:26	8	1,905.325	225.381	3	0	0	0	0	0	0	1	1	0	0	60
2013/09/02-15:15:45	8	1,905.325	225.381	7	0	0	1	0	0	1	1	0	0	1	37
2013/09/02-19:22:25	5	2,024.609	185.908	3	0	1	0	0	0	0	1	0	0	1	20
2013/09/02-19:23:08	5	2,024.609	185.908	1	0	1	0	0	0	0	1	0	0	1	6
2013/09/02-19:23:38	5	2,024.609	185.908	3	0	0	0	0	0	0	1	0	0	1	74
2013/09/02-19:26:12	5	2,024.609	185.908	5	0	0	0	0	0	0	1	0	1	0	73
2013/09/02-19:28:16	5	2,024.609	185.908	7	0	1	0	0	0	0	1	0	0	1	28
2013/09/02-19:33:48	5	2,024.609	185.908	11	0	1	0	1	0	0	1	0	0	1	44
2013/09/02-19:34:52	5	2,024.609	185.908	1	0	0	0	2	0	1	1	0	0	1	4
2013/09/02-19:35:25	5	2,024.609	185.908	7	0	0	0	2	0	0	1	1	0	0	65
2013/09/02-19:37:17	5	2,024.609	185.908	7	0	1	0	0	0	0	1	0	0	1	53
2013/09/02-19:38:31	5	2,024.609	185.908	1	0	1	0	0	0	0	1	0	0	1	4
2013/09/02-20:33:46	13	1,850.974	149.075	2	0	1	0	0	0	0	1	0	0	1	12
2013/09/02-20:34:31	13	1,850.974	149.075	4	0	1	1	0	0	0	1	0	0	1	37
2013/09/02-20:35:27	13	1,850.974	149.075	2	0	0	0	0	0	1	1	0	0	1	6
2013/09/02-20:35:57	13	1,850.974	149.075	8	0	1	0	0	0	0	1	0	0	1	35
2013/09/02-20:37:06	13	1,850.974	149.075	1	0	0	0	1	0	1	1	0	0	1	7
2013/09/03-08:01:10	18	1,903.865	134.732	1	0	1	0	0	0	0	1	0	0	1	4
2013/09/03-08:01:33	18	1,903.865	134.732	1	0	0	0	0	0	1	1	0	0	1	5
2013/09/03-08:01:59	18	1,903.865	134.732	4	0	0	1	1	0	0	1	1	0	0	29
2013/09/03-08:02:47	18	1,903.865	134.732	11	0	0	0	1	0	1	1	0	0	1	43
2013/09/03-08:03:48	18	1,903.865	134.732	10	0	0	18	1	0	1	1	1	0	0	50
2013/09/03-08:21:50	18	1,903.865	134.732	1	0	1	0	0	0	0	1	0	0	1	8
2013/09/03-08:23:09	18	1,903.865	134.732	4	0	0	0	0	0	1	1	0	0	1	17
2013/09/03-08:24:28	18	1,903.865	134.732	4	0	1	0	1	0	0	1	0	0	1	24
2013/09/03-08:25:11	18	1,903.865	134.732	4	0	1	1	0	0	0	1	0	0	1	14
2013/09/03-08:26:30	27	1,723.525	113.225	0	0	1	0	0	0	0	1	0	0	1	10
2013/09/03-10:26:59	27	1,723.525	113.225	19	0	0	0	1	0	0	1	1	0	0	60
2013/09/03-10:28:18	27	1,723.525	113.225	6	0	0	3	0	0	0	1	1	0	0	21
2013/09/03-10:28:58	27	1,723.525	113.225	7	0	1	0	1	0	0	1	0	0	1	36
2013/09/03-10:30:09	27	1,723.525	113.225	4	0	1	0	0	0	0	1	0	0	1	12
2013/09/03-10:30:40	27	1,723.525	113.225	1	0	1	0	0	0	0	1	0	0	1	13
2013/09/03-17:55:37	22	1,799.487	103.877	3	0	1	1	0	0	0	1	0	0	1	32
2013/09/03-17:56:29	22	1,799.487	103.877	2	0	0	1	0	0	1	1	0	0	1	10
2013/09/03-17:57:48	22	1,799.487	103.877	16	0	0	0	2	0	0	1	1	0	0	60
2013/09/03-17:59:06	22	1,799.487	103.877	0	0	1	0	0	0	0	1	0	0	1	3
2013/09/03-18:00:08	22	1,799.487	103.877	25	0	0	0	0	0	0	1	1	0	0	60
2013/09/03-18:26:11	21	1,804.954	93.542	13	0	0	2	0	0	0	1	0	0	1	60
2013/09/03-18:27:30	21	1,804.954	93.542	14	0	0	0	2	0	1	1	1	0	0	14
2013/09/03-18:28:03	21	1,804.954	93.542	14	0	0	2	0	0	0	1	0	0	1	60
2013/09/03-18:29:22	21	1,804.954	93.542	3	0	0	1	1	0	0	1	1	0	0	9
2013/09/03-18:29:50	21	1,804.954	93.542	3	0	1	0	0	0	0	1	0	0	1	19
2013/09/03-18:50:46	19	1,844.623	84.605	4	0	0	0	1	0	1	1	0	0	1	7
2013/09/03-18:51:14	19	1,844.623	84.605	0	0	1	0	0	0	0	1	0	0	1	3
2013/09/03-18:51:38	19	1,844.623	84.605	5	0	1	0	0	0	0	1	0	0	1	16
2013/09/03-18:52:13	19	1,844.623	84.605	7	0	0	1	0	0	0	1	1	0	0	29
2013/09/03-18:53:02	19	1,844.623	84.605	1	0	1	0	0	0	0	1	0	0	1	11
2013/09/03-22:43:02	17	1,827.989	82.778	12	0	0	0	0	0	0	1	1	0	0	60
2013/09/03-22:44:21	17	1,827.989	82.778	0	0	1	0	0	0	0	1	0	0	1	4
2013/09/03-22:44:52	17	1,827.989	82.778	8	0	0	0	1	0	0	1	1	0	0	36
2013/09/03-22:45:47	17	1,827.989	82.778	5	0	0	3	0	0	0	1	1	0	0	60
2013/09/03-22:47:06	17	1,827.989	82.778	4	0	0	0	2	0	0	1	1	0	0	27
2013/09/03-23:13:49	18	1,849.702	76.099	8	0	0	17	0	0	0	1	1	0	0	60
2013/09/03-23:15:09	18	1,849.702	76.099	4	0	1	0	0	0	0	1	0	0	1	14
2013/09/03-23:15:49	18	1,849.702	76.099	18	0	0	2	0	0	0	1	1	0	0	60
2013/09/03-23:17:08	18	1,849.702	76.099	6	0	0	0	0	0	0	1	1	0	0	32
2013/09/03-23:17:59	18	1,849.702	76.099	2	0	1	0	0	0	0	1	0	0	1	7
2013/09/03-23:37:33	18	1,849.702	76.099	5	0	0	1	0	0	0	1	1	0	0	34
2013/09/03-23:38:26	18	1,849.702	76.099	8	0	1	2	0	0	0	1	0	0	1	27
2013/09/03-23:39:39	18	1,849.702	76.099	2	0	0	0	1	0	0	1	1	0	0	19
2013/09/03-23:40:18	18	1,849.702	76.099	4	0	0	0	0	0	0	1	1	0	0	60
2013/09/03-23:41:37	18	1,849.702	76.099	6	0	0	11	0	0	0	1	1	0	0	60
2013/09/04-18:11:37	17	1,875.202	72.949	5	0	1	2	0	0	0	1	0	0	1	20
2013/09/04-18:12:56	17	1,875.202	72.949	6	0	1	0	0	0	0	1	0	0	1	23
2013/09/04-18:14:15	17	1,875.202	72.949	6	0	0	0	2	0	1	1	0	0	1	12
2013/09/04-18:14:46	17	1,875.202	72.949	1	0	0	0	1	0	1	1	0	0	1	5
2013/09/04-18:15:10	18	1,835.843	68.998	16	0	0	0	0	0	0	1	1	0	0	60
2013/09/04-18:31:15	18	1,835.843	68.998	4	0	1	0	0	0	0	1	0	0	1	21
2013/09/04-18:32:10	18	1,835.843	68.998	12	0	0	2	1	0	0	1	1	0	0	60
2013/09/04-18:33:29	18	1,835.843	68.998	10	0	0	0	0	0	0	1	1	0	0	60
2013/09/04-18:34:48	18	1,835.843	68.998	13	0	0	6	1	0	0	1	1	0	0	60
2013/09/04-18:36:07	18	1,835.843	68.998	6	0	0	0	1	0	1	1	1	0	0	42
2013/09/04-18:57:52	17	1,858.198	64.025	1	0	0	0	1	0	1	1	0	0	1	3
2013/09/04-18:59:12	17	1,858.198	64.025	5	0	1	0	0	0	0	1	0	0	1	23
2013/09/04-19:00:30	17	1,858.198	64.025	7	0	1	0	0	0	0	1	1	0	0	40
2013/09/04-19:01:29	17	1,858.198	64.025	0	0	1	0	0	0	0	1	0	0	1	6
2013/09/04-19:02:48	17	1,858.198	64.025	1	0	1	0	0	0	0	1	0	0	1	5
2013/09/04-23:28:20	19	1,826.335	64.222	1	0	0	0	0	0	0	1	1	0	0	6
2013/09/04-23:28:45	19	1,826.335	64.222	1	0	0	0	0	0	0	1	1	0	0	6
2013/09/04-23:29:10	19	1,826.335	64.222	1	0	0	0	1	0	0	1	1	0	0	4
2013/09/04-23:29:32	19	1,826.335	64.222	0	0	0	0	0	0	0	1	1	0	0	6
2013/09/04-23:29:57	19	1,826.335	64.222	3	0	0	0	1	0	0	1	1	0	0	15
2013/09/04-23:37:38	18	1,829.651	64.071	7	0	0	0	0	0	1	1	0	0	1	29
2013/09/04-23:38:26	18	1,829.651	64.071	2	0	1	0	1	0	0	1	0	0	1	10
2013/09/04-23:38:55	18	1,829.651	64.071	5	0	1	4	0	0	0	1	0	0	1	50
2013/09/04-23:40:04	18	1,829.651	64.071	6	0	0	0	2	0	0	1	1	0	0	19
2013/09/04-23:40:41	18	1,829.651	64.071	1	0	0	0	0	0	1	1	0	0	1	5
2013/09/04-23:55:02	18	1,829.651	64.071	0	0	1	0	0	0	0	1	0	0	1	6
2013/09/04-23:55:40	18	1,829.651	64.071	6	0	1	0	0	0	0	1	0	0	1	41
2013/09/04-23:56:40	18	1,829.651	64.071	11	0	1	0	0	0	0	1	0	0	1	51
2013/09/04-23:57:50	18	1,829.651	64.071	0	0	1	0	0	0	0	1	0	0	1	3
2013/09/04-23:58:20	18	1,829.651	64.071	1	0	1	0	0	0	0	1	0	0	1	4
2013/09/05-01:00:19	18	1,831.723	61.407	3	0	1	0	0	0	0	1	0	0	1	18
2013/09/05-01:01:38	18	1,831.723	61.407	4	0	1	1	0	0	0	1	0	0	1	32
2013/09/05-01:02:29	18	1,831.723	61.407	1	0	0	0	2	0	0	1	1	0	0	3
2013/09/05-01:02:51	18	1,831.723	61.407	6	0	0	1	0	0	1	1	0	0	1	30
2013/09/05-01:03:39	18	1,831.723	61.407	15	0	0	0	0	0	0	1	1	0	0	60
2013/09/05-01:32:21	18	1,834.378	58.273	2	0	1	0	0	0	0	1	0	0	1	9
2013/09/05-01:32:49	18	1,834.378	58.273	2	0	0	0	1	0	0	1	1	0	0	10
2013/09/05-01:33:18	18	1,834.378	58.273	16	0	1	2	0	0	0	1	0	0	1	48
2013/09/05-01:34:37	18	1,834.378	58.273	6	0	1	0	0	0	0	1	0	0	1	52
2013/09/05-01:35:56	18	1,834.378	58.273	6	0	0	0	0	0	0	1	1	0	0	22
2013/09/05-01:51:01	19	1,837.246	55.486	3	0	1	0	0	0	0	1	0	0	1	18
2013/09/05-01:51:38	19	1,837.246	55.486	9	0	1	0	0	0	0	1	1	0	0	49
2013/09/05-01:52:46	19	1,837.246	55.486	2	0	1	0	0	0	0	1	0	0	1	11
2013/09/05-01:54:05	19	1,837.246	55.486	20	0	0	1	0	0	0	1	1	0	0	60
2013/09/05-01:55:24	19	1,837.246	55.486	8	0	0	0	0	0	0	1	1	0	0	28
2013/09/05-11:09:36	18	1,845.776	59.825	8	0	0	0	0	0	0	1	0	0	1	60
2013/09/05-11:10:55	18	1,845.776	59.825	14	0	0	2	1	0	1	1	0	0	1	60
2013/09/05-11:12:14	18	1,845.776	59.825	10	0	0	0	0	0	0	1	0	0	1	60
2013/09/05-11:13:33	18	1,845.776	59.825	3	0	1	0	0	0	0	1	0	0	1	33
2013/09/05-11:14:26	18	1,845.776	59.825	6	0	0	1	0	0	0	1	0	0	1	60
2013/09/05-11:31:54	18	1,845.776	59.825	11	0	0	2	1	0	0	1	1	0	0	51
2013/09/05-21:30:30	18	1,845.776	59.825	0	0	1	1	0	0	0	1	0	0	1	35
2013/09/05-21:31:25	18	1,845.776	59.825	8	0	0	3	0	0	1	1	0	0	1	25
2013/09/05-21:32:09	18	1,845.776	59.825	9	0	0	0	0	0	0	1	1	0	0	54
2013/09/05-21:33:22	18	1,845.776	59.825	10	0	0	0	0	0	0	1	0	0	1	60
2013/09/05-22:22:01	18	1,845.776	59.825	16	0	0	1	0	0	1	1	0	0	1	46
2013/09/05-22:23:06	18	1,845.776	59.825	12	0	1	0	0	0	0	1	0	0	1	46
2013/09/05-22:24:22	20	1,821.463	54.383	1	0	0	0	1	0	1	1	0	0	1	5
2013/09/05-22:25:17	20	1,821.463	54.383	7	0	0	0	0	0	1	1	0	0	1	27
2013/09/05-22:26:12	20	1,821.463	54.383	1	0	0	0	1	0	1	1	0	0	1	4
2013/09/05-22:26:38	20	1,821.463	54.383	14	0	1	8	1	0	0	1	0	0	1	62
2013/09/05-22:27:59	20	1,821.463	54.383	4	0	0	0	0	0	1	1	0	0	1	8
2013/09/05-22:28:26	20	1,821.463	54.383	2	0	1	0	0	0	0	1	0	0	1	9
2013/09/05-22:28:54	20	1,821.463	54.383	5	0	0	0	0	0	1	1	0	0	1	18
2013/09/05-22:30:18	20	1,821.463	54.383	1	0	0	0	0	0	0	1	1	0	0	18
2013/09/05-22:30:57	20	1,821.463	54.383	2	0	1	0	0	0	0	1	0	0	1	9
2013/09/05-22:31:38	20	1,821.463	54.383	9	0	0	2	0	0	0	1	1	0	0	48
2013/09/05-22:32:44	20	1,821.463	54.383	9	0	1	1	0	0	0	1	0	0	1	42
2013/09/05-22:33:45	20	1,821.463	54.383	11	0	1	0	0	0	0	1	0	0	1	61
2013/09/05-22:35:04	20	1,821.463	54.383	5	0	1	0	0	0	0	1	0	0	1	40
2013/09/05-22:36:03	20	1,821.463	54.383	1	0	1	0	0	0	0	1	0	0	1	11
2013/09/05-22:36:33	20	1,821.463	54.383	1	0	0	0	1	0	1	1	0	0	1	3
2013/09/05-22:36:57	20	1,821.463	54.383	15	0	0	9	0	0	0	1	1	0	0	59
2013/09/05-22:38:15	20	1,821.463	54.383	1	0	0	0	1	0	0	1	1	0	0	9
2013/09/05-22:38:43	20	1,821.463	54.383	2	0	0	1	0	0	1	1	0	0	1	11
2013/09/05-22:39:12	20	1,821.463	54.383	3	0	0	1	0	0	1	1	0	0	1	12
2013/09/05-22:40:32	20	1,821.463	54.383	8	0	0	0	1	0	0	1	1	0	0	51
2013/09/05-22:47:23	20	1,821.463	54.383	15	0	1	2	0	0	0	1	0	0	1	48
2013/09/05-22:48:32	20	1,821.463	54.383	4	0	0	0	0	0	0	1	1	0	0	30
2013/09/05-22:49:21	20	1,821.463	54.383	1	0	0	0	1	0	1	1	0	0	1	5
2013/09/05-22:50:15	20	1,821.463	54.383	3	0	0	1	0	0	0	1	1	0	0	19
2013/09/05-22:50:59	20	1,821.463	54.383	1	0	0	0	1	0	1	1	0	0	1	3
2013/09/05-22:51:20	20	1,821.463	54.383	21	0	0	3	1	0	0	1	0	1	0	90
2013/09/05-22:53:09	20	1,821.463	54.383	0	0	1	0	0	0	0	1	0	0	1	4
2013/09/05-22:53:32	20	1,821.463	54.383	1	0	1	0	1	0	0	1	0	0	1	14
2013/09/05-22:54:05	20	1,821.463	54.383	1	0	1	0	0	0	0	1	0	0	1	13
2013/09/05-22:55:31	20	1,821.463	54.383	13	0	0	0	1	0	0	1	1	0	0	54
2013/09/05-23:39:07	25	1,767.704	46.982	6	0	0	2	0	0	0	1	1	0	0	28
2013/09/05-23:39:54	25	1,767.704	46.982	16	0	0	0	2	0	0	1	1	0	0	61
2013/09/05-23:41:14	25	1,767.704	46.982	2	0	0	0	1	0	1	1	0	0	1	10
2013/09/05-23:41:42	25	1,767.704	46.982	6	0	0	0	1	0	0	1	1	0	0	52
2013/09/05-23:42:53	25	1,767.704	46.982	1	0	0	0	1	0	1	1	0	0	1	3
2013/09/05-23:43:17	25	1,767.704	46.982	3	0	0	19	0	0	0	1	1	0	0	22
2013/09/05-23:43:58	25	1,767.704	46.982	1	0	0	0	1	0	1	1	0	0	1	4
2013/09/05-23:44:20	25	1,767.704	46.982	16	0	0	2	1	0	0	1	1	0	0	81
2013/09/05-23:46:00	25	1,767.704	46.982	1	0	1	0	0	0	0	1	0	0	1	6
2013/09/05-23:47:11	25	1,767.704	46.982	2	0	1	0	0	0	0	1	0	0	1	22
2013/09/05-23:48:06	25	1,767.704	46.982	1	0	1	0	0	0	0	1	0	1	0	6
2013/09/05-23:49:54	25	1,767.704	46.982	4	0	1	2	0	0	0	1	0	0	1	48
2013/09/05-23:51:01	25	1,767.704	46.982	6	0	1	3	0	0	0	1	0	1	0	52
2013/09/05-23:52:50	25	1,767.704	46.982	12	0	0	0	0	0	1	1	0	0	1	35
2013/09/05-23:54:07	25	1,767.704	46.982	0	0	1	0	0	0	0	1	0	0	1	4
2013/09/05-23:54:30	25	1,767.704	46.982	8	0	1	2	0	0	0	1	0	0	1	72
2013/09/05-23:56:00	25	1,767.704	46.982	1	0	0	0	1	0	1	1	0	0	1	3
2013/09/05-23:56:24	25	1,767.704	46.982	8	0	0	0	2	0	0	1	1	0	0	33
2013/09/05-23:57:15	25	1,767.704	46.982	0	0	1	0	0	0	0	1	0	0	1	4
2013/09/05-23:57:39	25	1,767.704	46.982	2	0	0	1	0	0	1	1	0	0	1	11
2013/09/05-23:58:12	25	1,767.704	46.982	1	0	0	0	0	0	1	1	0	0	1	5
2013/09/05-23:59:29	25	1,767.704	46.982	5	0	0	0	1	0	0	1	1	0	0	43
2013/09/06-00:00:34	25	1,767.704	46.982	2	0	1	0	0	0	0	1	0	0	1	6
2013/09/06-00:00:58	25	1,767.704	46.982	6	0	1	0	0	0	0	1	1	0	0	48
2013/09/06-00:02:06	25	1,767.704	46.982	4	0	1	0	0	0	0	1	0	0	1	38
2013/09/06-00:03:05	25	1,767.704	46.982	10	0	0	0	1	0	1	1	0	0	1	41
2013/09/06-00:04:05	25	1,767.704	46.982	3	0	0	0	0	0	0	1	1	0	0	40
2013/09/06-00:05:03	25	1,767.704	46.982	3	0	1	0	1	0	0	1	0	0	1	12
2013/09/06-00:05:33	25	1,767.704	46.982	1	0	0	0	1	0	1	1	0	0	1	3
2013/09/06-00:05:57	25	1,767.704	46.982	16	0	0	4	0	0	1	1	0	0	1	75
2013/09/06-07:59:14	26	1,757.925	45.055	5	0	1	2	0	0	0	1	0	0	1	28
2013/09/06-08:00:06	26	1,757.925	45.055	7	0	1	0	1	0	0	1	0	0	1	57
2013/09/06-08:01:21	26	1,757.925	45.055	1	0	0	0	2	0	1	1	0	0	1	5
2013/09/06-08:01:45	26	1,757.925	45.055	22	0	0	0	0	0	0	1	0	1	0	90
2013/09/06-08:03:34	26	1,757.925	45.055	1	0	0	0	1	0	1	1	0	0	1	3
2013/09/06-08:03:58	26	1,757.925	45.055	2	0	0	0	1	0	1	1	0	0	1	6
2013/09/06-08:04:23	26	1,753.019	43.54	1	0	0	0	1	0	0	1	1	0	0	3
2013/09/06-08:04:45	26	1,753.019	43.54	10	0	0	4	1	0	0	1	1	0	0	56
2013/09/06-08:06:00	26	1,753.019	43.54	1	0	0	0	0	0	1	1	0	1	0	12
2013/09/06-08:07:48	26	1,753.019	43.54	0	0	1	0	0	0	0	1	0	0	1	8
2013/09/06-08:08:28	26	1,753.019	43.54	2	0	0	0	1	0	0	1	1	0	0	10
2013/09/06-08:08:56	26	1,753.019	43.54	10	0	1	0	0	0	0	1	0	0	1	39
2013/09/06-08:09:58	26	1,753.019	43.54	9	0	1	2	0	0	0	1	0	0	1	62
2013/09/06-08:11:18	26	1,753.019	43.54	3	0	1	0	0	0	0	1	0	0	1	11
2013/09/06-08:12:30	26	1,753.019	43.54	5	0	1	0	0	0	0	1	0	0	1	35
2013/09/06-08:13:24	26	1,753.019	43.54	13	0	0	0	1	0	0	1	1	0	0	67
2013/09/06-08:14:50	26	1,753.019	43.54	1	0	0	0	1	0	1	1	0	0	1	3
2013/09/06-08:15:13	26	1,753.019	43.54	2	0	0	0	0	0	0	1	1	0	0	4
2013/09/06-08:15:35	26	1,753.019	43.54	0	0	1	0	0	0	0	1	0	0	1	4
2013/09/06-08:15:58	26	1,753.019	43.54	3	0	0	1	0	0	1	1	0	0	1	13
2013/09/06-08:16:44	26	1,753.019	43.54	1	0	0	0	0	0	1	1	0	0	1	5
2013/09/06-21:18:22	26	1,753.019	43.54	6	0	1	5	0	0	0	1	0	0	1	37
2013/09/06-21:19:19	26	1,753.019	43.54	3	0	1	0	0	0	0	1	0	0	1	23
2013/09/06-21:20:35	26	1,753.019	43.54	1	0	0	0	0	0	1	1	0	0	1	5
2013/09/06-21:21:01	26	1,753.019	43.54	4	0	0	0	1	0	1	1	0	0	1	17
2013/09/06-21:21:37	26	1,753.019	43.54	1	0	0	0	1	0	1	1	0	0	1	3
2013/09/06-21:22:00	26	1,753.019	43.54	9	0	0	10	0	0	0	1	1	0	0	34
2013/09/06-21:22:54	26	1,753.019	43.54	1	0	1	0	0	0	0	1	0	0	1	3
2013/09/06-21:23:16	26	1,753.019	43.54	14	0	0	5	0	0	0	1	1	0	0	74
2013/09/06-21:24:48	26	1,753.019	43.54	0	0	1	0	0	0	0	1	0	0	1	6
2013/09/06-21:26:14	26	1,753.019	43.54	7	0	0	0	1	0	1	1	0	0	1	33
2013/09/06-21:27:06	26	1,753.019	43.54	2	0	0	0	0	0	1	1	0	0	1	7
2013/09/06-21:27:32	26	1,753.019	43.54	6	0	1	1	0	0	0	1	0	0	1	32
2013/09/06-21:28:31	26	1,753.019	43.54	4	0	0	2	0	0	0	1	1	0	0	27
2013/09/06-21:29:17	26	1,753.019	43.54	15	0	0	0	2	0	0	1	1	0	0	48
2013/09/06-21:30:24	26	1,753.019	43.54	1	0	0	0	0	0	0	1	1	0	0	5
2013/09/06-21:30:47	26	1,753.019	43.54	11	0	0	1	0	0	0	1	1	0	0	45
2013/09/06-21:31:51	26	1,753.019	43.54	1	0	0	0	1	0	0	1	1	0	0	14
2013/09/06-21:32:23	26	1,753.019	43.54	32	0	0	12	0	0	0	1	0	1	0	90
2013/09/06-21:34:11	26	1,753.019	43.54	1	0	0	0	1	0	1	1	1	0	0	4
2013/09/06-21:34:34	26	1,753.019	43.54	12	0	1	3	0	0	0	1	0	0	1	82
2013/09/06-21:36:15	26	1,753.019	43.54	0	0	1	0	0	0	0	1	0	0	1	9
2013/09/06-22:16:01	25	1,763.353	38.089	6	0	0	2	0	0	1	1	0	0	1	29
2013/09/06-22:17:17	25	1,763.353	38.089	12	0	0	0	2	0	1	1	0	0	1	17
2013/09/06-22:17:53	25	1,763.353	38.089	1	0	0	0	0	0	1	1	0	0	1	7
2013/09/06-22:18:18	25	1,763.353	38.089	4	0	0	0	0	0	1	1	0	0	1	17
2013/09/06-22:18:55	25	1,763.353	38.089	1	0	0	0	1	0	1	1	0	0	1	3
2013/09/06-22:19:19	25	1,763.353	38.089	2	0	0	0	1	0	1	1	0	0	1	6
2013/09/06-22:19:44	25	1,763.353	38.089	1	0	0	0	0	0	0	1	1	0	0	4
2013/09/06-22:20:15	25	1,763.353	38.089	14	0	0	4	0	0	0	1	0	1	0	90
2013/09/06-22:22:04	25	1,763.353	38.089	7	0	0	0	0	0	1	1	0	0	1	41
2013/09/06-22:23:04	25	1,763.353	38.089	2	0	0	0	1	0	1	1	0	0	1	11
2013/09/06-22:23:34	25	1,763.353	38.089	8	0	0	0	1	0	1	1	0	0	1	15
2013/09/06-22:24:08	25	1,763.353	38.089	1	0	0	0	1	0	1	1	0	0	1	3
2013/09/06-22:24:32	25	1,763.353	38.089	7	0	0	5	2	0	0	1	1	0	0	27
2013/09/06-22:25:18	25	1,763.353	38.089	1	0	0	0	1	0	0	1	1	0	0	3
2013/09/06-22:25:40	25	1,763.353	38.089	12	0	1	0	0	0	0	1	0	0	1	79
2013/09/06-22:27:18	25	1,763.353	38.089	0	0	1	0	0	0	0	1	0	0	1	15
2013/09/06-22:28:49	25	1,763.353	38.089	8	0	0	0	1	0	1	1	0	0	1	24
2013/09/06-22:29:42	25	1,763.353	38.089	2	0	1	0	2	0	0	1	0	0	1	10
2013/09/06-22:30:04	25	1,763.353	38.089	12	0	1	0	0	0	0	1	0	0	1	50
2013/09/06-22:31:10	25	1,763.353	38.089	11	0	0	4	0	0	1	1	0	1	0	71
2013/09/06-22:32:59	25	1,763.353	38.089	19	0	0	0	1	0	0	1	1	0	0	48
2013/09/06-22:34:05	25	1,763.353	38.089	1	0	0	0	0	0	1	1	0	0	1	6
2013/09/06-22:35:24	25	1,763.353	38.089	6	0	1	1	0	0	0	1	0	0	1	32
2013/09/06-22:36:15	25	1,763.353	38.089	1	0	0	0	1	0	1	1	0	0	1	3
2013/09/06-22:36:39	25	1,763.353	38.089	8	0	1	0	0	0	0	1	0	1	0	39
2013/09/06-22:38:28	25	1,763.353	38.089	1	0	1	0	0	0	0	1	0	0	1	11
2013/09/06-22:38:57	25	1,763.353	38.089	13	0	1	1	0	0	0	1	0	0	1	86
2013/09/06-22:40:42	25	1,763.353	38.089	0	0	1	0	0	0	0	1	0	0	1	6
2013/09/06-22:41:57	25	1,763.353	38.089	1	0	0	0	0	0	1	1	0	0	1	5
2013/09/06-22:42:38	25	1,763.353	38.089	1	0	1	0	0	0	0	1	0	0	1	6
2013/09/06-22:43:07	25	1,763.353	38.089	7	0	1	0	0	0	0	1	0	0	1	43
2013/09/06-22:44:14	25	1,763.353	38.089	6	0	1	3	0	0	0	1	0	0	1	29
2013/09/06-22:45:03	25	1,763.353	38.089	5	0	0	0	1	0	0	1	1	0	0	18
2013/09/06-22:45:40	25	1,763.353	38.089	1	0	0	0	0	0	1	1	0	0	1	5
2013/09/06-22:46:05	25	1,763.353	38.089	5	0	0	2	1	0	0	1	1	0	0	27
2013/09/06-22:46:51	25	1,763.353	38.089	1	0	0	0	1	0	1	1	0	0	1	3
2013/09/06-22:47:15	27	1,747.825	33.986	14	0	0	14	1	0	0	1	1	0	0	62
2013/09/06-22:49:05	27	1,747.825	33.986	10	0	1	2	0	0	0	1	0	0	1	55
2013/09/06-22:50:40	27	1,747.825	33.986	11	0	1	0	0	0	0	1	0	0	1	48
2013/09/06-22:51:55	27	1,747.825	33.986	1	0	0	0	1	0	1	1	0	0	1	5
2013/09/06-22:52:49	27	1,747.825	33.986	5	0	1	0	0	0	0	1	0	0	1	31
2013/09/06-22:54:16	27	1,747.825	33.986	1	0	0	0	1	0	1	1	0	0	1	3
2013/09/06-22:54:40	27	1,747.825	33.986	1	0	0	0	2	0	1	1	0	0	1	4
2013/09/06-22:55:02	27	1,747.825	33.986	1	0	1	1	0	0	0	1	0	0	1	3
2013/09/06-22:55:26	27	1,747.825	33.986	5	0	1	0	1	0	0	1	0	0	1	80
2013/09/06-22:57:05	27	1,747.825	33.986	7	0	1	0	0	0	0	1	0	0	1	49
2013/09/06-23:08:26	27	1,747.825	33.986	5	0	0	2	0	0	1	1	0	0	1	26
2013/09/06-23:09:44	27	1,747.825	33.986	3	0	0	0	1	0	1	1	0	0	1	18
2013/09/06-23:10:21	27	1,747.825	33.986	1	0	0	0	0	0	1	1	0	0	1	6
2013/09/06-23:11:40	27	1,747.825	33.986	5	0	1	0	0	0	0	1	0	0	1	19
2013/09/06-23:12:30	27	1,747.825	33.986	1	0	0	0	1	0	1	1	0	0	1	3
2013/09/06-23:12:54	27	1,747.825	33.986	8	0	0	11	1	0	1	1	0	0	1	39
2013/09/06-23:14:15	27	1,747.825	33.986	1	0	1	0	0	0	0	1	0	1	0	3
2013/09/06-23:14:37	27	1,747.825	33.986	5	0	0	0	1	0	1	1	0	0	1	20
2013/09/06-23:15:46	27	1,747.825	33.986	1	0	1	0	0	0	0	1	0	0	1	13
2013/09/06-23:17:06	27	1,747.825	33.986	1	0	0	0	0	0	0	1	1	0	0	18
2013/09/06-23:17:51	27	1,747.825	33.986	3	0	0	0	1	0	0	1	1	0	0	10
2013/09/06-23:18:19	27	1,747.825	33.986	8	0	0	0	0	0	1	1	0	0	1	41
2013/09/06-23:19:43	27	1,747.825	33.986	2	0	0	1	0	0	1	1	0	0	1	11
2013/09/06-23:21:02	27	1,747.825	33.986	11	0	0	0	2	0	0	1	1	0	0	38
2013/09/06-23:21:58	27	1,747.825	33.986	2	0	0	0	1	0	1	1	0	0	1	9
2013/09/06-23:22:26	27	1,747.825	33.986	12	0	0	3	1	0	0	1	1	0	0	64
2013/09/06-23:23:48	27	1,747.825	33.986	1	0	0	0	1	0	1	1	0	0	1	3
2013/09/06-23:24:12	27	1,747.825	33.986	9	0	1	0	1	0	0	1	0	0	1	29
2013/09/06-23:26:00	27	1,747.825	33.986	0	0	1	0	0	0	0	1	1	0	0	4
2013/09/06-23:26:23	27	1,747.825	33.986	2	0	0	0	1	0	1	1	0	0	1	7
2013/09/06-23:28:03	27	1,747.825	33.986	1	0	1	1	0	0	0	1	0	0	1	12
2013/09/06-23:29:28	27	1,747.825	33.986	1	0	0	0	0	0	0	1	1	0	0	9
2013/09/06-23:29:56	27	1,747.825	33.986	1	0	0	0	0	0	1	1	0	0	1	5
2013/09/06-23:30:23	27	1,747.825	33.986	4	0	0	0	0	0	0	1	1	0	0	47
2013/09/06-23:31:28	27	1,747.825	33.986	18	0	1	2	0	0	0	1	0	1	0	61
2013/09/06-23:33:17	27	1,747.825	33.986	2	0	0	0	0	0	1	1	0	0	1	10
2013/09/06-23:34:11	29	1,722.55	30.827	6	0	1	0	0	0	0	1	0	0	1	35
2013/09/06-23:35:05	29	1,722.55	30.827	2	0	1	0	1	0	0	1	0	0	1	4
2013/09/06-23:35:39	29	1,722.55	30.827	1	0	0	0	1	0	1	1	0	0	1	3
2013/09/06-23:36:03	29	1,722.55	30.827	9	0	0	0	1	0	1	1	0	0	1	32
2013/09/07-00:57:02	29	1,719.257	30.901	9	0	1	2	1	0	0	1	0	0	1	39
2013/09/07-00:58:00	29	1,719.257	30.901	5	0	1	1	0	0	0	1	0	0	1	31
2013/09/07-00:58:49	29	1,719.257	30.901	7	0	0	3	0	0	0	1	0	0	1	60
2013/09/07-01:00:08	29	1,721.802	31.129	7	0	0	0	0	0	0	1	0	0	1	60
2013/09/07-01:01:27	29	1,721.802	31.129	9	0	0	3	0	0	0	1	0	0	1	60
2013/09/07-01:21:33	29	1,721.802	31.129	8	0	0	1	0	0	0	1	0	0	1	60
2013/09/07-01:22:51	29	1,721.802	31.129	15	0	0	2	0	0	0	1	0	0	1	60
2013/09/07-01:24:10	29	1,721.802	31.129	9	0	0	2	0	0	0	1	1	0	0	60
2013/09/07-09:24:01	29	1,721.802	31.129	18	0	0	0	0	0	0	1	1	0	0	60
2013/09/07-09:25:26	29	1,721.802	31.129	27	0	0	2	0	0	0	1	1	0	0	60
2013/09/07-09:46:24	28	1,730.789	30.863	8	0	0	1	0	0	0	1	0	0	1	60
2013/09/07-09:47:43	28	1,730.789	30.863	12	0	0	3	0	0	0	1	0	0	1	60
2013/09/07-09:49:02	28	1,730.789	30.863	5	0	0	2	0	0	1	1	0	0	1	21
2013/09/07-09:50:20	28	1,730.789	30.863	10	0	0	2	0	0	0	1	1	0	0	60
2013/09/07-09:51:39	28	1,730.789	30.863	6	0	0	0	0	0	0	1	0	0	1	60
2013/09/08-22:11:55	27	1,736.138	40.743	4	0	1	1	0	0	0	1	0	0	1	30
2013/09/08-22:12:45	27	1,736.138	40.743	5	0	0	2	0	0	0	1	0	0	1	60
2013/09/08-22:14:03	27	1,736.138	40.743	1	0	0	0	0	0	0	1	1	0	0	27
2013/09/08-22:14:49	27	1,736.138	40.743	5	0	1	0	0	0	0	1	0	0	1	27
2013/09/08-22:15:51	27	1,736.138	40.743	4	0	0	2	1	0	0	1	1	0	0	18
2013/09/08-22:30:50	27	1,736.138	40.743	6	0	0	1	0	0	1	1	0	0	1	32
2013/09/08-22:32:09	27	1,736.138	40.743	2	0	0	0	0	0	1	1	0	0	1	5
2013/09/08-22:33:28	27	1,736.138	40.743	10	0	0	2	0	0	0	1	0	0	1	60
2013/09/08-22:34:47	27	1,736.138	40.743	5	0	1	0	0	0	0	1	0	0	1	29
2013/09/08-22:35:35	27	1,736.138	40.743	8	0	1	0	0	0	0	1	0	0	1	60
2013/09/08-22:54:21	26	1,742.244	39.029	3	0	1	0	0	0	0	1	0	0	1	20
2013/09/08-22:55:40	26	1,742.244	39.029	10	0	1	2	0	0	0	1	0	0	1	56
2013/09/08-22:56:55	26	1,742.244	39.029	4	0	1	1	0	0	0	1	0	0	1	36
2013/09/08-22:57:49	26	1,742.244	39.029	4	0	1	0	0	0	0	1	0	0	1	32
2013/09/08-22:58:40	26	1,742.244	39.029	4	0	1	1	0	0	0	1	0	0	1	17
2013/09/09-22:05:12	25	1,740.529	44.071	3	0	0	0	0	0	0	1	1	0	0	24
2013/09/09-22:05:55	25	1,740.529	44.071	11	0	0	2	0	0	1	1	0	0	1	48
2013/09/09-22:07:01	25	1,740.529	44.071	1	0	0	0	0	0	0	1	1	0	0	9
2013/09/09-22:07:29	25	1,740.529	44.071	2	0	0	0	0	0	0	1	1	0	0	7
2013/09/09-22:07:55	25	1,740.529	44.071	1	0	0	0	0	0	0	1	1	0	0	7
2013/09/09-22:23:04	25	1,738.346	44.315	8	0	0	1	0	0	0	1	1	0	0	41
2013/09/09-22:24:03	25	1,738.346	44.315	8	0	1	1	0	0	0	1	0	0	1	48
2013/09/09-22:25:11	25	1,738.346	44.315	5	0	0	1	0	0	0	1	0	0	1	60
2013/09/09-22:26:30	25	1,738.346	44.315	3	0	1	1	0	0	0	1	0	0	1	27
2013/09/09-22:27:15	25	1,738.346	44.315	10	0	0	0	0	0	0	1	0	0	1	60
2013/09/09-22:36:27	25	1,738.346	44.315	4	0	1	0	0	0	0	1	0	0	1	39
2013/09/09-23:59:43	25	1,738.346	44.315	10	0	0	1	0	0	0	1	0	0	1	60
2013/09/10-00:01:07	25	1,738.346	44.315	9	0	0	1	0	0	0	1	0	0	1	60
2013/09/10-00:02:26	25	1,738.346	44.315	6	0	0	2	0	0	1	1	0	0	1	54
2013/09/10-00:03:44	25	1,738.346	44.315	8	0	0	3	1	0	0	1	1	0	0	40
2013/09/10-08:39:42	27	1,724.373	45.247	4	0	1	1	0	0	0	1	0	0	1	33
2013/09/10-08:40:35	27	1,724.373	45.247	3	0	1	1	0	0	0	1	0	0	1	16
2013/09/10-08:41:10	27	1,724.373	45.247	2	0	1	0	0	0	0	1	0	0	1	10
2013/09/10-08:41:50	27	1,724.373	45.247	7	0	1	2	0	0	0	1	0	0	1	52
2013/09/10-08:43:01	27	1,724.373	45.247	5	0	0	1	0	0	1	1	0	0	1	21
2013/09/10-08:50:35	27	1,724.373	45.247	12	0	0	2	0	0	0	1	0	0	1	60
2013/09/10-08:51:54	27	1,724.373	45.247	14	0	0	2	0	0	0	1	0	0	1	60
2013/09/10-08:53:12	27	1,724.373	45.247	7	0	0	1	0	0	1	1	0	0	1	31
2013/09/10-08:54:31	27	1,724.373	45.247	5	0	1	1	0	0	0	1	0	0	1	25
2013/09/10-08:55:50	28	1,724.648	43.026	12	0	0	1	0	0	0	1	0	0	1	60
2013/09/10-17:54:43	28	1,724.648	43.026	2	0	1	1	0	0	0	1	0	0	1	22
2013/09/10-17:56:19	28	1,724.648	43.026	2	0	0	0	0	0	1	1	0	0	1	11
2013/09/10-17:57:20	28	1,724.648	43.026	1	0	0	0	0	0	1	1	0	0	1	10
2013/09/10-17:58:38	28	1,724.648	43.026	13	0	0	0	2	0	0	1	1	0	0	57
2013/09/10-17:59:54	28	1,724.648	43.026	5	0	1	1	0	0	0	1	0	0	1	27
2013/09/11-07:09:28	28	1,721.004	51.788	10	0	0	0	0	0	0	1	0	0	1	60
2013/09/11-07:10:48	28	1,721.004	51.788	12	0	1	0	1	0	0	1	0	0	1	58
2013/09/11-07:12:05	28	1,721.004	51.788	4	0	1	1	0	0	0	1	0	0	1	14
2013/09/11-07:15:35	28	1,721.004	51.788	11	0	0	1	0	0	0	1	0	0	1	60
2013/09/11-07:17:00	28	1,721.004	51.788	12	0	0	1	1	0	0	1	1	0	0	60
2013/09/11-08:15:22	28	1,721.004	51.788	6	0	0	1	0	0	0	1	0	0	1	60
2013/09/11-08:16:42	28	1,721.004	51.788	12	0	0	4	0	0	0	1	1	0	0	60
2013/09/11-08:18:01	28	1,721.004	51.788	0	0	1	0	0	0	0	1	0	0	1	9
2013/09/11-08:18:45	28	1,721.004	51.788	14	0	0	1	1	0	0	1	1	0	0	60
2013/09/11-08:20:04	28	1,721.004	51.788	7	0	1	0	0	0	0	1	0	0	1	47
2013/09/11-08:44:52	27	1,733.451	48.265	13	0	0	2	0	0	0	1	0	0	1	60
2013/09/11-08:46:11	27	1,733.451	48.265	15	0	0	2	1	0	0	1	1	0	0	60
2013/09/11-08:47:30	27	1,733.451	48.265	18	0	0	0	0	0	0	1	0	0	1	60
2013/09/11-08:48:49	27	1,733.451	48.265	3	0	1	1	0	0	0	1	0	0	1	22
2013/09/11-08:50:07	27	1,733.451	48.265	11	0	0	2	0	0	0	1	0	0	1	60
2013/09/11-18:17:21	26	1,739.851	54.842	9	0	0	2	0	0	0	1	0	0	1	60
2013/09/11-18:18:40	26	1,739.851	54.842	5	0	1	0	0	0	0	1	0	0	1	18
2013/09/11-18:19:47	26	1,739.851	54.842	5	0	0	2	0	0	0	1	0	0	1	60
2013/09/11-18:21:06	26	1,739.851	54.842	12	0	1	1	0	0	0	1	0	0	1	50
2013/09/11-18:22:15	26	1,739.851	54.842	5	0	0	0	1	0	1	1	0	0	1	15
2013/09/11-20:43:01	26	1,734.461	52.636	11	0	0	0	0	0	0	1	0	0	1	60
2013/09/11-20:44:20	26	1,734.461	52.636	5	0	1	0	0	0	0	1	0	0	1	34
2013/09/11-21:37:36	26	1,734.461	52.636	9	0	0	2	0	0	0	1	1	0	0	41
2013/09/11-21:50:45	26	1,734.461	52.636	2	0	0	0	0	0	1	1	0	0	1	10
2013/09/11-21:51:50	26	1,734.461	52.636	10	0	0	4	0	0	0	1	1	0	0	60
2013/09/11-22:20:38	26	1,734.461	52.636	3	0	0	1	0	0	1	1	0	0	1	18
2013/09/11-22:21:57	26	1,734.461	52.636	10	0	1	0	0	0	0	1	0	0	1	39
2013/09/11-22:23:16	26	1,734.461	52.636	3	0	1	0	0	0	0	1	0	0	1	13
2013/09/11-22:24:11	26	1,734.461	52.636	12	0	0	1	0	0	0	1	0	0	1	60
2013/09/11-22:25:29	26	1,734.461	52.636	8	0	1	1	0	0	0	1	0	0	1	30
2013/09/12-14:36:28	28	1,723.009	57.617	4	0	0	0	0	0	0	1	1	0	0	24
2013/09/12-14:37:11	28	1,723.009	57.617	15	0	0	1	0	0	0	1	0	0	1	60
2013/09/12-14:38:29	28	1,723.009	57.617	1	0	1	1	0	0	0	1	0	0	1	55
2013/09/12-14:39:48	28	1,723.009	57.617	9	0	0	0	0	0	0	1	0	0	1	60
2013/09/12-14:41:07	28	1,723.009	57.617	9	0	0	0	0	0	0	1	0	0	1	60
2013/09/12-22:21:37	26	1,728.004	54.991	13	0	0	1	0	0	0	1	0	0	1	60
2013/09/12-22:22:56	26	1,728.004	54.991	3	0	0	1	0	0	0	1	1	0	0	14
2013/09/12-22:23:29	26	1,728.004	54.991	6	0	0	3	0	0	1	1	0	0	1	52
2013/09/12-22:24:40	26	1,728.004	54.991	9	0	1	0	0	0	0	1	0	0	1	40
2013/09/12-22:25:58	26	1,728.004	54.991	1	0	0	0	0	0	1	1	0	0	1	6
2013/09/12-22:30:13	26	1,728.004	54.991	12	0	0	1	0	0	0	1	1	0	0	55
2013/09/12-22:31:26	26	1,728.004	54.991	9	0	0	1	0	0	0	1	0	0	1	60
2013/09/12-22:32:45	26	1,728.004	54.991	5	0	1	1	0	0	0	1	0	0	1	29
2013/09/12-22:33:32	26	1,728.004	54.991	7	0	0	0	0	0	0	1	1	0	0	35
2013/09/12-22:34:25	26	1,728.004	54.991	3	0	0	1	0	0	0	1	0	0	1	60
2013/09/12-22:52:03	26	1,728.004	54.991	5	0	0	1	0	0	1	1	0	0	1	26
2013/09/12-22:53:22	26	1,728.004	54.991	8	0	0	1	0	0	0	1	0	0	1	60
2013/09/12-22:54:40	26	1,728.004	54.991	5	0	0	0	0	0	1	1	0	0	1	25
2013/09/12-23:16:35	26	1,728.004	54.991	2	0	0	1	0	0	0	1	1	0	0	37
2013/09/12-23:17:37	26	1,728.004	54.991	2	0	1	1	0	0	0	1	0	0	1	14
2013/09/13-08:53:17	29	1,694.764	50.247	3	0	0	1	0	0	0	1	0	0	1	60
2013/09/13-08:54:36	29	1,694.764	50.247	6	0	0	0	0	0	0	1	0	0	1	60
2013/09/13-08:55:55	29	1,694.764	50.247	11	0	0	1	0	0	0	1	0	0	1	60
2013/09/13-08:57:21	29	1,694.764	50.247	6	0	0	1	0	0	1	1	0	0	1	29
2013/09/13-09:00:07	29	1,694.764	50.247	7	0	0	2	0	0	0	1	0	0	1	60
2013/09/13-09:18:37	29	1,694.764	50.247	15	0	0	1	0	0	0	1	0	0	1	60
2013/09/13-09:19:56	29	1,694.764	50.247	15	0	0	4	0	0	0	1	0	0	1	60
2013/09/13-09:21:15	29	1,694.764	50.247	7	0	0	1	0	0	0	1	0	0	1	60
2013/09/13-09:22:33	29	1,694.764	50.247	5	0	0	1	0	0	1	1	0	0	1	36
2013/09/13-09:23:52	29	1,694.764	50.247	9	0	0	0	0	0	0	1	0	0	1	60
2013/09/13-09:43:21	28	1,712.617	47.65	3	0	1	0	0	0	0	1	0	0	1	11
2013/09/13-09:44:02	28	1,712.617	47.65	7	0	0	1	0	0	1	1	0	0	1	34
2013/09/13-09:45:21	28	1,712.617	47.65	0	0	1	0	0	0	0	1	0	0	1	9
2013/09/13-09:45:58	28	1,712.617	47.65	10	0	1	3	0	0	0	1	0	0	1	47
2013/09/13-09:47:03	28	1,712.617	47.65	8	0	0	3	0	0	0	1	1	0	0	29
2013/09/13-10:24:17	29	1,695.705	46.675	7	0	0	0	0	0	0	1	0	0	1	60
2013/09/13-10:25:36	29	1,695.705	46.675	11	0	1	0	0	0	0	1	0	0	1	51
2013/09/13-10:26:45	29	1,695.705	46.675	8	0	1	0	0	0	0	1	0	0	1	49
2013/09/13-10:27:53	29	1,695.705	46.675	5	0	0	1	1	0	1	1	0	0	1	32
2013/09/13-10:28:44	29	1,695.705	46.675	11	0	0	0	0	0	0	1	0	0	1	60
2013/09/13-10:37:26	29	1,695.705	46.675	8	0	0	1	0	0	0	1	0	0	1	60
2013/09/13-10:38:45	29	1,695.705	46.675	10	0	0	0	0	0	0	1	0	0	1	60
2013/09/13-10:40:04	29	1,695.705	46.675	10	0	0	1	0	0	0	1	0	0	1	60
2013/09/13-10:41:22	29	1,695.705	46.675	6	0	0	1	1	0	1	1	0	0	1	26
2013/09/13-10:42:41	29	1,695.705	46.675	7	0	1	1	0	0	0	1	0	0	1	30
2013/09/13-10:59:00	30	1,698.445	44.755	8	0	0	0	0	0	0	1	0	0	1	60
2013/09/13-11:00:19	30	1,698.445	44.755	7	0	1	0	0	0	0	1	0	0	1	53
2013/09/13-11:01:37	30	1,698.445	44.755	7	0	0	0	0	0	0	1	0	0	1	60
2013/09/13-11:02:56	30	1,698.445	44.755	12	0	1	0	0	0	0	1	0	0	1	55
2013/09/13-11:04:14	30	1,698.445	44.755	5	0	1	2	0	0	0	1	0	0	1	37
2013/09/13-11:22:33	30	1,698.445	44.755	1	0	0	0	0	0	1	1	0	0	1	9
2013/09/13-11:23:38	30	1,698.445	44.755	16	0	0	3	1	0	1	1	1	0	0	53
2013/09/13-11:24:50	30	1,698.445	44.755	9	0	0	2	0	0	0	1	0	0	1	60
2013/09/13-11:26:09	30	1,698.445	44.755	7	0	0	2	1	0	0	1	1	0	0	30
2013/09/13-11:26:58	30	1,698.445	44.755	10	0	0	1	0	0	0	1	0	0	1	60
2013/09/13-11:39:49	30	1,691.817	43.365	3	0	1	0	0	0	0	1	0	0	1	44
2013/09/13-11:41:08	30	1,691.817	43.365	9	0	1	3	0	0	0	1	0	0	1	57
2013/09/13-11:42:23	30	1,691.817	43.365	9	0	0	1	0	0	0	1	0	0	1	60
2013/09/13-11:43:42	30	1,691.817	43.365	3	0	0	0	0	0	1	1	0	0	1	17
2013/09/13-11:45:01	30	1,691.817	43.365	11	0	0	0	0	0	0	1	0	0	1	60
2013/09/13-12:01:39	30	1,691.817	43.365	10	0	0	1	0	0	0	1	0	0	1	60
2013/09/13-12:02:57	30	1,691.817	43.365	1	0	0	0	0	0	1	1	0	0	1	9
2013/09/13-12:04:16	30	1,691.817	43.365	8	0	0	3	0	0	1	1	0	0	1	32
2013/09/13-12:05:35	30	1,691.817	43.365	8	0	1	0	0	0	0	1	0	0	1	41
2013/09/13-12:06:53	30	1,691.817	43.365	5	0	0	0	0	0	1	1	0	0	1	22
2013/09/13-12:14:29	30	1,695.712	41.826	8	0	0	4	0	0	1	1	0	0	1	56
2013/09/13-12:15:44	30	1,695.712	41.826	7	0	0	4	0	0	0	1	1	0	0	60
2013/09/13-12:17:03	30	1,695.712	41.826	4	0	0	3	0	0	0	1	0	0	1	60
2013/09/13-12:18:21	30	1,695.712	41.826	10	0	0	4	1	0	1	1	0	0	1	39
2013/09/13-12:19:19	30	1,695.712	41.826	9	0	1	4	0	0	0	1	0	0	1	49
2013/09/13-14:40:02	29	1,704.366	41.525	8	0	0	2	0	0	0	1	0	0	1	60
2013/09/13-14:41:21	29	1,704.366	41.525	22	0	0	0	0	0	0	1	0	0	1	60
2013/09/13-14:42:40	29	1,704.366	41.525	4	0	1	1	0	0	0	1	0	0	1	40
2013/09/13-14:43:59	29	1,704.366	41.525	12	0	0	2	0	0	0	1	0	0	1	60
2013/09/13-14:45:18	29	1,704.366	41.525	1	0	0	0	0	0	1	1	0	0	1	16
2013/09/13-14:54:26	29	1,704.366	41.525	5	0	0	1	0	0	1	1	0	0	1	32
2013/09/13-14:55:45	29	1,704.366	41.525	5	0	0	1	0	0	0	1	0	0	1	60
2013/09/13-14:57:04	29	1,704.366	41.525	11	0	0	1	0	0	0	1	0	0	1	60
2013/09/13-14:58:23	29	1,704.366	41.525	5	0	0	2	0	0	0	1	0	0	1	60
2013/09/13-14:59:42	29	1,704.366	41.525	8	0	0	2	0	0	0	1	1	0	0	60
2013/09/13-15:18:37	29	1,704.366	41.525	5	0	1	1	0	0	0	1	0	0	1	46
2013/09/13-15:19:56	27	1,719.752	39.979	5	0	1	1	0	0	0	1	0	0	1	30
2013/09/13-15:21:15	27	1,719.752	39.979	4	0	0	2	0	0	1	1	0	0	1	27
2013/09/13-15:22:01	27	1,719.752	39.979	4	0	1	1	0	0	0	1	0	0	1	19
2013/09/13-15:23:09	27	1,719.752	39.979	6	0	0	1	0	0	0	1	0	0	1	60
2013/09/13-15:31:15	27	1,719.752	39.979	7	0	0	1	2	0	0	1	1	0	0	39
2013/09/13-15:32:12	27	1,719.752	39.979	9	0	0	1	0	0	0	1	1	0	0	27
2013/09/13-15:32:58	27	1,719.752	39.979	4	0	1	1	0	0	0	1	0	0	1	48
2013/09/13-15:34:05	27	1,719.752	39.979	1	0	1	0	0	0	0	1	0	0	1	17
2013/09/13-15:34:41	27	1,719.752	39.979	5	0	0	2	1	0	0	1	1	0	0	32
2013/09/13-15:55:56	27	1,719.752	39.979	3	0	1	3	0	0	0	1	0	0	1	33
2013/09/13-15:56:49	27	1,719.752	39.979	3	0	0	0	1	0	0	1	1	0	0	15
2013/09/13-15:57:23	27	1,724.964	38.734	5	0	0	4	0	0	0	1	1	0	0	60
2013/09/13-15:58:42	27	1,724.964	38.734	4	0	0	5	0	0	0	1	1	0	0	60
2013/09/13-16:00:01	27	1,724.964	38.734	8	0	1	0	0	0	0	1	0	0	1	41
2013/09/13-16:19:08	27	1,724.964	38.734	4	0	1	2	0	0	0	1	0	0	1	52
2013/09/13-16:20:19	27	1,724.964	38.734	11	0	1	0	0	0	0	1	0	0	1	49
2013/09/13-16:21:38	27	1,724.964	38.734	8	0	1	2	0	0	0	1	0	0	1	37
2013/09/13-16:22:34	27	1,724.964	38.734	2	0	1	0	0	0	0	1	0	0	1	7
2013/09/13-16:23:39	27	1,724.964	38.734	5	0	0	1	1	0	1	1	0	0	1	28
2013/09/13-16:41:51	28	1,722.394	37.951	4	0	0	0	0	0	0	1	1	0	0	18
2013/09/13-16:42:27	28	1,722.394	37.951	6	0	0	1	0	0	0	1	1	0	0	36
2013/09/13-16:43:22	28	1,722.394	37.951	5	0	1	2	0	0	0	1	0	0	1	36
2013/09/13-16:44:17	28	1,722.394	37.951	3	0	0	0	0	0	0	1	1	0	0	31
2013/09/13-16:45:06	28	1,722.394	37.951	4	0	0	2	0	0	0	1	1	0	0	36
2013/09/13-17:02:26	28	1,722.394	37.951	13	0	0	2	1	0	0	1	1	0	0	59
2013/09/13-17:03:44	28	1,722.394	37.951	21	0	0	1	1	0	0	1	1	0	0	60
2013/09/13-17:05:02	28	1,722.394	37.951	0	0	1	0	0	0	0	1	0	0	1	10
2013/09/13-17:06:21	28	1,722.394	37.951	8	0	0	2	0	0	0	1	1	0	0	60
2013/09/13-17:07:40	28	1,722.394	37.951	12	0	0	0	0	0	0	1	1	0	0	55
2013/09/13-17:58:19	28	1,743.263	37.106	11	0	1	0	0	0	0	1	0	0	1	58
2013/09/13-17:59:37	28	1,743.263	37.106	7	0	0	1	0	0	1	1	0	0	1	27
2013/09/13-18:00:55	28	1,743.263	37.106	4	0	1	0	0	0	0	1	0	0	1	21
2013/09/13-18:01:34	28	1,743.263	37.106	7	0	0	1	0	0	0	1	0	0	1	60
2013/09/13-18:02:53	28	1,743.263	37.106	15	0	1	1	0	0	0	1	0	0	1	45
2013/09/13-18:10:43	28	1,743.263	37.106	12	0	0	0	0	0	0	1	0	0	1	60
2013/09/13-18:12:02	28	1,743.263	37.106	1	0	1	0	0	0	0	1	0	0	1	19
2013/09/13-18:12:39	28	1,743.263	37.106	4	0	1	1	0	0	0	1	0	0	1	48
2013/09/13-18:13:46	28	1,743.263	37.106	10	0	0	3	1	0	0	1	1	0	0	47
2013/09/13-18:14:51	28	1,743.263	37.106	2	0	0	1	0	0	1	1	0	0	1	12
2013/09/13-18:30:57	28	1,735.566	36.514	1	0	0	0	0	0	0	1	1	0	0	6
2013/09/13-18:31:22	28	1,735.566	36.514	1	0	0	0	0	0	1	1	0	0	1	9
2013/09/13-18:31:50	28	1,735.566	36.514	2	0	0	0	0	0	0	1	1	0	0	6
2013/09/13-18:32:15	28	1,735.566	36.514	1	0	0	0	0	0	0	1	1	0	0	7
2013/09/13-18:32:41	28	1,735.566	36.514	15	0	0	0	0	0	0	1	0	0	1	60
2013/09/20-22:54:24	23	1,731.328	156.187	12	0	0	1	0	0	0	1	1	0	0	58
2013/09/20-22:55:42	23	1,731.328	156.187	6	0	0	11	1	0	0	1	1	0	0	60
2013/12/27-09:59:58	8	1,834.74	146.401	0	0	1	0	0	0	0	1	0	0	1	53
2013/12/27-10:01:10	8	1,834.74	146.401	5	0	0	2	0	0	0	1	0	0	1	60
2013/12/27-10:02:29	8	1,834.74	146.401	1	0	0	0	0	0	1	1	0	0	1	5
2013/12/27-10:03:10	8	1,834.74	146.401	7	0	1	0	1	0	0	1	0	0	1	37
2013/12/27-10:04:16	8	1,834.74	146.401	12	0	1	1	0	0	0	1	0	0	1	56
2013/12/27-10:16:55	8	1,834.74	146.401	7	0	0	0	0	0	1	1	0	0	1	24
2013/12/27-10:17:38	8	1,834.74	146.401	15	0	0	6	0	0	0	1	0	0	1	60
2013/12/27-10:18:58	8	1,834.74	146.401	9	0	0	0	0	0	0	1	1	0	0	60
2013/12/27-10:20:16	8	1,834.74	146.401	13	0	1	3	0	0	0	1	0	0	1	43
2013/12/27-10:21:18	8	1,834.74	146.401	8	0	1	1	0	0	0	1	0	0	1	40
2013/12/27-10:38:00	8	1,834.74	146.401	4	0	0	0	2	0	1	1	1	0	0	29
2013/12/27-10:38:47	8	1,834.74	146.401	2	0	1	0	0	0	0	1	0	0	1	13
2013/12/27-10:39:49	8	1,834.74	146.401	1	0	0	0	0	0	1	1	0	0	1	4
2013/12/27-10:40:42	8	1,834.74	146.401	8	0	0	0	1	0	0	1	1	0	0	41
2013/12/27-10:41:42	10	1,824.987	114.822	5	0	1	0	0	0	0	1	0	0	1	22
2013/12/27-17:37:07	8	1,838.852	114.181	4	0	0	0	0	0	0	1	1	0	0	60
2013/12/27-17:38:24	8	1,838.852	114.181	2	0	1	0	1	0	0	1	0	0	1	7
2013/12/27-17:39:04	8	1,838.852	114.181	9	0	0	4	0	0	0	1	0	0	1	60
2013/12/27-17:40:23	8	1,838.852	114.181	8	0	1	1	0	0	0	1	0	0	1	49
2013/12/27-17:41:30	8	1,838.852	114.181	1	0	1	0	0	0	0	1	0	0	1	3
2013/12/27-17:52:48	8	1,838.852	114.181	4	0	0	0	1	0	1	1	0	0	1	15
2013/12/27-17:53:22	8	1,838.852	114.181	0	0	1	0	0	0	0	1	1	0	0	4
2013/12/27-17:53:45	8	1,838.852	114.181	11	0	1	0	0	0	0	1	0	0	1	43
2013/12/27-17:55:04	8	1,838.852	114.181	7	0	0	0	1	0	0	1	1	0	0	44
2013/12/27-17:56:07	8	1,838.852	114.181	1	0	0	0	0	0	1	1	0	0	1	6
2013/12/27-18:08:41	29	1,689.029	99.705	0	0	1	0	0	0	0	1	0	0	1	4
2013/12/27-18:09:06	29	1,689.029	99.705	3	0	0	0	0	0	1	1	0	0	1	9
2013/12/27-18:09:53	29	1,689.029	99.705	10	0	1	2	0	0	0	1	0	0	1	37
2013/12/27-18:10:53	29	1,689.029	99.705	6	0	1	0	0	0	0	1	0	0	1	19
2013/12/27-18:11:55	29	1,689.029	99.705	9	0	0	1	0	0	0	1	0	0	1	60
2013/12/28-08:31:16	27	1,679.389	104.93	2	0	0	0	1	0	0	1	1	0	0	7
2013/12/28-08:31:42	27	1,679.389	104.93	5	0	0	3	0	0	0	1	0	0	1	60
2013/12/28-08:33:01	27	1,679.389	104.93	1	0	1	0	0	0	0	1	0	0	1	6
2013/12/28-08:33:26	27	1,679.389	104.93	6	0	1	0	1	0	0	1	0	0	1	28
2013/12/28-08:34:12	27	1,679.389	104.93	1	0	0	0	1	0	1	1	0	0	1	5
2013/12/28-08:50:26	27	1,679.389	104.93	11	0	0	0	1	0	1	1	0	0	1	40
2013/12/28-08:51:25	27	1,679.389	104.93	7	0	0	0	1	0	0	1	1	0	0	60
2013/12/28-08:52:44	27	1,679.389	104.93	15	0	0	2	1	0	0	1	1	0	0	60
2013/12/28-08:54:03	27	1,679.389	104.93	7	0	1	1	0	0	0	1	0	0	1	47
2013/12/28-08:55:22	27	1,679.389	104.93	17	0	0	0	2	0	0	1	1	0	0	60
2013/12/28-09:11:05	13	1,769.406	88.594	14	0	0	1	0	0	0	1	0	0	1	60
2013/12/28-09:12:24	13	1,769.406	88.594	11	0	1	0	0	0	0	1	0	0	1	59
2013/12/28-09:13:43	13	1,769.406	88.594	1	0	0	0	1	0	1	1	0	0	1	4
2013/12/28-09:14:24	13	1,769.406	88.594	11	0	0	1	1	0	0	1	1	0	0	60
2013/12/28-09:15:43	13	1,769.406	88.594	12	0	0	1	0	0	0	1	1	0	0	60
2013/12/28-14:24:24	15	1,756.958	85.544	1	0	1	0	0	0	0	1	0	0	1	4
2013/12/28-14:25:25	15	1,756.958	85.544	1	0	1	0	0	0	0	1	0	0	1	40
2013/12/28-14:26:27	15	1,756.958	85.544	1	0	1	0	0	0	0	1	0	0	1	4
2013/12/28-14:27:02	15	1,756.958	85.544	8	0	0	0	0	0	0	1	1	0	0	60
2013/12/28-14:28:21	15	1,756.958	85.544	1	0	1	0	0	0	0	1	0	0	1	6
2013/12/28-14:28:56	15	1,756.958	85.544	5	0	1	8	2	0	0	1	0	0	1	37
2013/12/28-14:29:52	15	1,756.958	85.544	7	0	1	3	0	0	0	1	0	0	1	37
2013/12/28-14:31:11	15	1,756.958	85.544	15	0	0	0	1	0	0	1	1	0	0	59
2013/12/28-14:32:29	15	1,756.958	85.544	0	0	1	0	0	0	0	1	0	0	1	3
2013/12/28-14:33:48	15	1,756.958	85.544	20	0	0	2	0	0	0	1	1	0	0	60
2013/12/28-14:51:59	16	1,761.444	74.614	2	0	1	0	0	0	0	1	0	0	1	12
2013/12/28-14:53:18	16	1,761.444	74.614	1	0	0	0	0	0	1	1	0	0	1	7
2013/12/28-14:54:37	16	1,761.444	74.614	1	0	0	0	1	0	1	1	0	0	1	4
2013/12/28-14:55:00	16	1,761.444	74.614	4	0	0	2	1	0	0	1	1	0	0	60
2013/12/28-14:56:19	16	1,761.444	74.614	1	0	0	0	1	0	1	1	0	0	1	6
2013/12/28-22:24:42	16	1,759.373	79.873	11	0	0	0	0	0	0	1	1	0	0	60
2013/12/28-22:26:01	16	1,759.373	79.873	1	0	0	0	0	0	1	1	0	0	1	3
2013/12/28-22:26:41	16	1,759.373	79.873	1	0	0	0	1	0	1	1	0	0	1	4
2013/12/28-22:27:28	16	1,759.373	79.873	3	0	1	0	0	0	0	1	0	0	1	10
2013/12/28-22:28:04	16	1,759.373	79.873	1	0	0	0	0	0	0	1	1	0	0	4
2013/12/28-22:33:54	16	1,759.373	79.873	7	0	0	0	1	0	1	1	0	0	1	51
2013/12/28-22:35:03	16	1,759.373	79.873	4	0	1	0	0	0	0	1	0	0	1	12
2013/12/28-22:35:47	16	1,759.373	79.873	2	0	1	0	0	0	0	1	0	0	1	7
2013/12/28-22:36:50	16	1,759.373	79.873	3	0	0	0	0	0	1	1	0	0	1	15
2013/12/28-22:37:47	16	1,759.373	79.873	1	0	1	0	0	0	0	1	0	0	1	21
2013/12/28-22:53:28	16	1,759.373	79.873	1	0	0	0	1	0	1	1	0	0	1	13
2013/12/28-22:54:00	16	1,759.373	79.873	3	0	1	0	0	0	0	1	0	0	1	15
2013/12/28-22:54:36	16	1,759.373	79.873	4	0	0	0	0	0	1	1	0	0	1	52
2013/12/28-22:55:47	16	1,759.373	79.873	14	0	0	5	0	0	0	1	1	0	0	60
2013/12/28-22:57:06	16	1,759.373	79.873	8	0	0	0	0	0	1	1	0	0	1	30
2013/12/29-03:12:19	16	1,761.374	74.435	1	0	0	0	0	0	0	1	1	0	0	6
2013/12/29-03:12:44	16	1,761.374	74.435	3	0	0	0	1	0	0	1	1	0	0	12
2013/12/29-03:13:15	16	1,761.374	74.435	7	0	1	3	1	0	0	1	0	0	1	59
2013/12/29-03:14:34	16	1,761.374	74.435	2	0	0	0	1	0	0	1	1	0	0	6
2013/12/29-03:14:59	16	1,761.374	74.435	12	0	0	0	1	0	0	1	1	0	0	59
2013/12/29-03:33:30	16	1,767.065	72.161	4	0	1	0	0	0	0	1	0	0	1	13
2013/12/29-03:34:03	16	1,767.065	72.161	2	0	0	0	2	0	1	1	1	0	0	19
2013/12/29-03:34:41	16	1,767.065	72.161	5	0	0	0	1	0	1	1	0	0	1	17
2013/12/29-03:35:57	16	1,767.065	72.161	2	0	0	0	0	0	1	1	0	0	1	9
2013/12/29-03:36:42	16	1,767.065	72.161	1	0	0	0	0	0	1	1	0	0	1	7
2013/12/29-03:42:44	16	1,767.065	72.161	1	0	1	0	0	0	0	1	0	0	1	3
2013/12/29-03:44:03	16	1,767.065	72.161	8	0	0	0	0	0	0	1	1	0	0	49
2013/12/29-03:45:11	16	1,767.065	72.161	1	0	1	0	0	0	0	1	0	0	1	3
2013/12/29-03:45:34	16	1,767.065	72.161	3	0	1	0	0	0	0	1	0	0	1	22
2013/12/29-03:46:27	16	1,767.065	72.161	4	0	0	0	0	0	1	1	0	0	1	19
2013/12/29-04:01:14	29	1,682.689	66.312	5	0	0	0	1	0	0	1	1	0	0	32
2013/12/29-04:02:04	29	1,682.689	66.312	12	0	0	14	0	0	0	1	0	0	1	60
2013/12/29-04:03:24	29	1,682.689	66.312	7	0	0	0	0	0	0	1	1	0	0	51
2013/12/29-04:04:34	29	1,682.689	66.312	2	0	0	0	1	0	1	1	0	0	1	14
2013/12/29-04:05:53	29	1,682.689	66.312	2	0	1	1	0	0	0	1	0	0	1	20
2013/12/29-04:26:41	29	1,682.689	66.312	5	0	0	0	2	0	0	1	1	0	0	20
2013/12/29-04:27:21	29	1,682.689	66.312	0	0	1	0	0	0	0	1	0	0	1	3
2013/12/29-04:27:46	29	1,682.689	66.312	2	0	0	0	0	0	1	1	0	0	1	11
2013/12/29-04:28:24	29	1,682.689	66.312	9	0	0	0	0	0	1	1	0	0	1	37
2013/12/29-04:29:20	29	1,682.689	66.312	0	0	1	0	0	0	0	1	0	0	1	4
2013/12/29-04:39:48	19	1,709.261	60.195	1	0	1	0	0	0	0	1	0	0	1	8
2013/12/29-04:40:41	19	1,709.261	60.195	3	0	0	1	0	0	1	1	0	0	1	17
2013/12/29-04:41:41	19	1,709.261	60.195	8	0	0	0	1	0	1	1	0	0	1	35
2013/12/29-04:42:36	19	1,709.261	60.195	3	0	0	0	0	0	1	1	0	0	1	30
2013/12/29-04:43:25	19	1,709.261	60.195	5	0	0	0	0	0	0	1	1	0	0	24
2013/12/29-04:59:41	19	1,709.261	60.195	1	0	1	0	0	0	0	1	0	0	1	6
2013/12/29-05:00:16	19	1,709.261	60.195	5	0	0	0	0	0	1	1	0	0	1	16
2013/12/29-05:01:11	19	1,709.261	60.195	0	0	1	0	0	0	0	1	0	0	1	7
2013/12/29-05:01:37	19	1,709.261	60.195	3	0	1	0	0	0	0	1	0	0	1	9
2013/12/29-05:02:09	19	1,709.261	60.195	3	0	0	0	2	0	1	1	0	0	1	12
2013/12/29-05:13:36	19	1,709.261	60.195	9	0	1	1	0	0	0	1	0	0	1	48
2013/12/29-05:14:43	19	1,709.261	60.195	1	0	0	0	0	0	1	1	0	0	1	5
2013/12/29-05:15:11	19	1,709.261	60.195	1	0	0	0	1	0	1	1	0	0	1	3
2013/12/29-05:15:33	19	1,709.261	60.195	1	0	1	0	0	0	0	1	0	0	1	10
2013/12/29-05:16:31	19	1,709.261	60.195	7	0	0	0	0	0	0	1	1	0	0	60
2013/12/29-05:26:10	27	1,691.37	53.594	8	0	0	0	1	0	1	1	0	0	1	28
2013/12/29-05:26:57	27	1,691.37	53.594	10	0	0	9	2	0	0	1	1	0	0	32
2013/12/29-05:27:49	27	1,691.37	53.594	1	0	1	0	0	0	0	1	0	0	1	6
2013/12/29-05:29:08	27	1,691.37	53.594	5	0	0	0	0	0	0	1	1	0	0	57
2013/12/29-05:30:24	27	1,691.37	53.594	1	0	1	0	0	0	0	1	0	0	1	8
2013/12/29-21:16:23	25	1,691.196	73.298	7	0	0	0	0	0	1	1	0	0	1	52
2013/12/29-21:17:34	25	1,691.196	73.298	3	0	0	2	1	0	0	1	1	0	0	10
2013/12/29-21:18:03	25	1,691.196	73.298	9	0	0	0	1	0	0	1	1	0	0	41
2013/12/29-21:19:03	25	1,691.196	73.298	12	0	0	0	1	0	1	1	0	0	1	54
2013/12/29-21:20:15	25	1,691.196	73.298	5	0	0	1	0	0	0	1	1	0	0	17
2013/12/29-21:31:59	25	1,691.196	73.298	1	0	1	0	0	0	0	1	0	0	1	8
2013/12/29-21:33:18	25	1,691.196	73.298	6	0	0	1	0	0	1	1	0	0	1	40
2013/12/29-21:34:36	25	1,691.196	73.298	3	0	1	0	0	0	0	1	0	0	1	20
2013/12/29-21:35:37	25	1,691.196	73.298	11	0	0	1	0	0	0	1	0	0	1	60
2013/12/29-21:36:56	25	1,691.196	73.298	7	0	0	2	0	0	0	1	0	0	1	60
2013/12/29-21:46:48	30	1,666.579	66.819	6	0	1	2	0	0	0	1	0	0	1	39
2013/12/29-21:48:05	30	1,666.579	66.819	3	0	1	2	0	0	0	1	0	0	1	27
2013/12/29-21:48:51	30	1,666.579	66.819	6	0	0	2	0	0	0	1	1	0	0	49
2013/12/29-21:49:59	30	1,666.579	66.819	5	0	1	1	0	0	0	1	0	0	1	56
2013/12/29-21:51:17	30	1,666.579	66.819	6	0	0	0	2	0	0	1	1	0	0	41
2013/12/30-00:27:13	32	1,669.074	64.936	6	0	0	0	0	0	0	1	0	0	1	60
2013/12/30-00:28:32	32	1,669.074	64.936	9	0	1	2	0	0	0	1	0	0	1	37
2013/12/30-00:29:51	32	1,669.074	64.936	4	0	0	1	0	0	1	1	0	0	1	28
2013/12/30-00:30:46	32	1,669.074	64.936	7	0	0	2	0	0	0	1	0	0	1	60
2013/12/30-00:32:05	32	1,669.074	64.936	10	0	0	3	0	0	0	1	0	0	1	60
2013/12/30-00:56:04	32	1,662.3	61.179	3	0	1	1	0	0	0	1	0	0	1	21
2013/12/30-00:57:15	32	1,662.3	61.179	11	0	0	0	0	0	0	1	0	0	1	60
2013/12/30-00:58:35	32	1,662.3	61.179	3	0	1	1	0	0	0	1	0	0	1	17
2013/12/30-00:59:43	32	1,662.3	61.179	3	0	1	0	0	0	0	1	0	0	1	51
2013/12/30-01:01:02	32	1,662.3	61.179	3	0	1	2	0	0	0	1	0	0	1	51
2013/12/30-01:13:35	32	1,662.3	61.179	1	0	1	0	0	0	0	1	0	0	1	11
2013/12/30-01:14:19	32	1,662.3	61.179	1	0	1	0	0	0	0	1	0	0	1	13
2013/12/30-01:15:09	32	1,662.3	61.179	9	0	0	0	0	0	1	1	0	0	1	56
2013/12/30-01:16:24	32	1,662.3	61.179	5	0	1	0	0	0	0	1	0	0	1	37
2013/12/30-01:17:43	32	1,662.3	61.179	9	0	0	0	0	0	0	1	0	0	1	60
2013/12/30-09:56:23	38	1,633.86	68.897	4	0	0	0	1	0	1	1	0	0	1	13
2013/12/30-09:56:59	38	1,633.86	68.897	2	0	0	2	0	0	0	1	1	0	0	50
2013/12/30-09:58:08	38	1,633.86	68.897	5	0	0	0	0	0	0	1	1	0	0	18
2013/12/30-09:58:45	38	1,633.86	68.897	4	0	1	0	0	0	0	1	0	0	1	16
2013/12/30-09:59:44	38	1,633.86	68.897	4	0	0	0	0	0	0	1	1	0	0	24
2013/12/30-10:27:15	38	1,640.045	65.031	5	0	0	2	0	0	1	1	0	0	1	21
2013/12/30-10:28:34	38	1,640.045	65.031	3	0	0	2	0	0	1	1	0	0	1	14
2013/12/30-10:29:50	38	1,640.045	65.031	3	0	0	0	0	0	1	1	0	0	1	17
2013/12/30-10:30:57	38	1,640.045	65.031	5	0	0	2	2	0	0	1	1	0	0	29
2013/12/30-10:31:45	38	1,640.045	65.031	2	0	0	0	0	0	1	1	0	0	1	16
2013/12/30-10:47:26	38	1,640.045	65.031	4	0	1	0	0	0	0	1	0	0	1	21
2013/12/30-10:48:31	38	1,640.045	65.031	2	0	1	0	0	0	0	1	0	0	1	26
2013/12/30-10:49:43	38	1,640.045	65.031	2	0	1	0	0	0	0	1	0	0	1	7
2013/12/30-10:50:35	38	1,640.045	65.031	7	0	0	2	0	0	0	1	1	0	0	31
2013/12/30-10:51:25	38	1,640.045	65.031	11	0	0	1	1	0	1	1	0	0	1	46
2013/12/30-14:53:44	42	1,604.544	64.377	5	0	0	0	0	0	0	1	0	0	1	60
2013/12/30-14:55:03	42	1,604.544	64.377	11	0	0	1	1	0	0	1	1	0	0	60
2013/12/30-14:56:57	42	1,616.104	63.229	9	0	0	2	1	0	1	1	0	0	1	55
2013/12/30-14:58:07	42	1,616.104	63.229	9	0	0	2	2	0	0	1	1	0	0	33
2013/12/30-14:59:00	42	1,616.104	63.229	4	0	0	1	0	0	0	1	1	0	0	23
2013/12/30-15:24:27	42	1,616.104	63.229	8	0	1	0	0	0	0	1	0	0	1	34
2013/12/30-15:25:21	42	1,616.104	63.229	4	0	1	0	0	0	0	1	0	0	1	16
2013/12/30-15:26:40	42	1,616.104	63.229	5	0	0	1	0	0	0	1	0	0	1	60
2013/12/30-15:27:58	42	1,616.104	63.229	2	0	0	0	0	0	1	1	0	0	1	18
2013/12/30-15:29:06	42	1,616.104	63.229	7	0	1	0	1	0	0	1	0	0	1	37
2013/12/30-15:43:48	40	1,626.866	58.762	6	0	1	1	0	0	0	1	0	0	1	46
2013/12/30-15:44:53	40	1,626.866	58.762	7	0	0	2	1	0	0	1	1	0	0	54
2013/12/30-15:46:06	40	1,626.866	58.762	13	0	0	1	1	0	0	1	1	0	0	60
2013/12/30-15:47:25	40	1,626.866	58.762	6	0	0	2	0	0	0	1	1	0	0	43
2013/12/30-15:48:27	40	1,626.866	58.762	1	0	0	0	0	0	0	1	1	0	0	20
2013/12/31-08:32:40	35	1,661.173	77.937	2	0	1	0	0	0	0	1	0	0	1	20
2013/12/31-08:33:38	35	1,661.173	77.937	1	0	1	0	0	0	0	1	0	0	1	15
2013/12/31-08:34:25	35	1,661.173	77.937	1	0	0	0	0	0	0	1	1	0	0	4
2013/12/31-08:34:48	35	1,661.173	77.937	4	0	1	0	0	0	0	1	0	0	1	23
2013/12/31-08:35:30	35	1,661.173	77.937	8	0	0	0	1	0	1	1	0	0	1	28
2013/12/31-08:53:51	27	1,683.964	72.746	9	0	1	7	1	0	0	1	0	0	1	51
2013/12/31-08:55:10	27	1,683.964	72.746	4	0	1	0	1	0	0	1	0	0	1	13
2013/12/31-08:55:57	27	1,683.964	72.746	2	0	1	0	0	0	0	1	0	0	1	8
2013/12/31-08:56:24	27	1,683.964	72.746	0	0	1	0	0	0	0	1	0	0	1	11
2013/12/31-08:56:59	27	1,683.964	72.746	4	0	1	0	0	0	0	1	0	0	1	18
2013/12/31-09:11:48	27	1,683.964	72.746	6	0	1	0	0	0	0	1	0	0	1	19
2013/12/31-09:13:07	27	1,683.964	72.746	11	0	0	2	0	0	0	1	0	0	1	60
2013/12/31-09:14:26	27	1,683.964	72.746	6	0	0	4	0	0	0	1	0	0	1	60
2013/12/31-09:15:45	27	1,683.964	72.746	1	0	1	0	0	0	0	1	0	0	1	17
2013/12/31-09:16:21	27	1,683.964	72.746	9	0	0	0	0	0	0	1	0	0	1	60
2013/12/31-11:48:26	25	1,701.14	69.812	6	0	1	0	0	0	0	1	0	0	1	27
2013/12/31-11:49:55	25	1,701.14	69.812	6	0	0	0	0	0	1	1	0	0	1	31
2013/12/31-11:50:42	25	1,701.14	69.812	0	0	0	0	0	0	0	1	1	0	0	3
2013/12/31-11:51:03	25	1,701.14	69.812	5	0	0	0	1	0	1	1	0	0	1	30
2013/12/31-11:51:52	25	1,701.14	69.812	7	0	1	0	0	0	0	1	0	0	1	26
2013/12/31-12:15:33	21	1,709.483	66.634	4	0	1	1	0	0	0	1	0	0	1	12
2013/12/31-12:16:11	21	1,709.483	66.634	1	0	0	0	0	0	1	1	0	0	1	6
2013/12/31-12:16:35	21	1,709.483	66.634	3	0	0	0	1	0	1	1	0	0	1	11
2013/12/31-12:17:05	21	1,709.483	66.634	2	0	1	0	1	0	0	1	0	0	1	5
2013/12/31-12:17:29	21	1,709.483	66.634	10	0	1	1	1	0	0	1	0	0	1	40
2013/12/31-12:25:09	21	1,709.483	66.634	10	0	1	0	1	0	0	1	0	0	1	40
2013/12/31-12:26:08	21	1,709.483	66.634	7	0	1	0	1	0	0	1	0	0	1	21
2013/12/31-12:26:49	21	1,709.483	66.634	7	0	0	0	2	0	0	1	1	0	0	24
2013/12/31-12:27:31	21	1,709.483	66.634	1	0	0	0	0	0	1	1	0	0	1	5
2013/12/31-12:28:25	21	1,709.483	66.634	5	0	1	1	0	0	0	1	0	0	1	28
2013/12/31-16:12:18	19	1,710.07	67.615	11	0	0	0	1	0	0	1	1	0	0	60
2013/12/31-16:13:37	19	1,710.07	67.615	7	0	1	2	1	0	0	1	1	0	0	43
2013/12/31-16:14:39	19	1,710.07	67.615	10	0	0	0	1	0	0	1	1	0	0	60
2013/12/31-16:15:58	19	1,710.07	67.615	7	0	1	0	0	0	0	1	0	0	1	32
2013/12/31-16:16:49	19	1,710.07	67.615	6	0	0	0	1	0	1	1	0	0	1	20
2013/12/31-16:31:49	19	1,710.07	67.615	3	0	0	0	0	0	0	1	1	0	0	17
2013/12/31-16:32:24	19	1,710.07	67.615	8	0	0	4	0	0	1	1	0	0	1	31
2013/12/31-16:33:13	19	1,710.07	67.615	2	0	1	0	0	0	0	1	0	0	1	9
2013/12/31-16:33:48	19	1,710.07	67.615	17	0	0	1	0	0	0	1	1	0	0	60
2013/12/31-16:35:07	19	1,710.07	67.615	8	0	0	0	1	0	0	1	1	0	0	34
2013/12/31-16:47:18	18	1,738.597	61.97	14	0	0	0	1	0	0	1	1	0	0	60
2013/12/31-16:48:37	18	1,738.597	61.97	1	0	0	0	1	0	1	1	1	0	0	6
2013/12/31-16:49:02	18	1,738.597	61.97	7	0	1	0	0	0	0	1	0	0	1	35
2013/12/31-16:49:56	18	1,738.597	61.97	1	0	1	0	0	0	0	1	0	0	1	16
2013/12/31-16:50:49	18	1,738.597	61.97	2	0	0	0	0	0	1	1	0	0	1	8
2013/12/31-20:04:33	16	1,747.027	64.416	2	0	1	0	0	0	0	1	0	0	1	16
2013/12/31-20:05:09	16	1,747.027	64.416	9	0	1	4	0	0	0	1	0	0	1	18
2013/12/31-20:05:46	16	1,747.027	64.416	1	0	0	0	1	0	1	1	0	0	1	3
2013/12/31-20:06:08	16	1,747.027	64.416	18	0	0	1	1	0	0	1	1	0	0	60
2013/12/31-20:07:27	16	1,747.027	64.416	12	0	0	0	0	0	0	1	1	0	0	60
2013/12/31-20:22:47	16	1,747.027	64.416	2	0	1	0	0	0	0	1	0	0	1	9
2013/12/31-20:24:06	16	1,747.027	64.416	1	0	0	0	2	0	1	1	0	0	1	4
2013/12/31-20:24:29	16	1,747.027	64.416	1	0	1	0	0	0	0	1	0	0	1	6
2013/12/31-20:24:56	16	1,747.027	64.416	4	0	1	0	0	0	0	1	0	0	1	18
2013/12/31-20:26:01	16	1,747.027	64.416	2	0	1	0	0	0	0	1	0	0	1	16
2013/12/31-20:41:51	17	1,732.754	59.093	2	0	1	0	0	0	0	1	0	0	1	12
2013/12/31-20:42:22	17	1,732.754	59.093	1	0	1	0	0	0	0	1	1	0	0	13
2013/12/31-20:42:54	17	1,732.754	59.093	10	0	1	1	1	0	0	1	0	0	1	38
2013/12/31-20:44:13	17	1,732.754	59.093	8	0	0	12	0	0	1	1	0	0	1	35
2013/12/31-20:45:32	17	1,732.754	59.093	16	0	0	0	0	0	0	1	1	0	0	60
2014/01/01-01:00:44	18	1,722.573	63.223	14	0	0	0	1	0	0	1	1	0	0	60
2014/01/01-01:02:03	18	1,722.573	63.223	12	0	0	21	2	0	0	1	1	0	0	49
2014/01/01-01:03:11	18	1,722.573	63.223	5	0	1	1	1	0	0	1	0	0	1	16
2014/01/01-01:03:47	18	1,722.573	63.223	2	0	0	0	0	0	0	1	1	0	0	13
2014/01/01-01:04:19	18	1,722.573	63.223	1	0	0	0	0	0	1	1	0	0	1	5
2014/01/01-01:25:30	19	1,713.65	60.568	2	0	0	0	2	0	0	1	1	0	0	11
2014/01/01-01:26:00	19	1,713.65	60.568	3	0	0	0	0	0	0	1	1	0	0	17
2014/01/01-01:26:35	19	1,713.65	60.568	7	0	1	0	2	0	0	1	0	0	1	20
2014/01/01-01:27:14	19	1,713.65	60.568	1	0	0	0	0	0	0	1	1	0	0	8
2014/01/01-01:27:40	19	1,713.65	60.568	15	0	0	1	1	0	0	1	1	0	0	60
2014/01/01-01:38:33	14	1,748.276	57.601	3	0	1	0	0	0	0	1	0	0	1	9
2014/01/01-01:39:52	14	1,748.276	57.601	10	0	0	17	1	0	0	1	1	0	0	60
2014/01/01-01:41:11	14	1,748.276	57.601	4	0	0	1	0	0	0	1	1	0	0	25
2014/01/01-01:41:55	14	1,748.276	57.601	9	0	0	0	1	0	0	1	1	0	0	60
2014/01/01-01:43:13	14	1,748.276	57.601	13	0	0	0	0	0	0	1	1	0	0	60
2014/01/01-05:09:42	10	1,755.525	61.187	2	0	1	0	1	0	0	1	0	0	1	13
2014/01/01-05:10:15	10	1,755.525	61.187	6	0	0	2	0	0	0	1	1	0	0	54
2014/01/01-05:11:28	10	1,755.525	61.187	3	0	1	0	1	0	0	1	0	0	1	14
2014/01/01-05:12:00	10	1,755.525	61.187	9	0	0	1	1	0	0	1	1	0	0	60
2014/01/01-05:13:19	10	1,755.525	61.187	15	0	0	2	1	0	0	1	1	0	0	60
2014/01/01-05:34:04	10	1,755.525	61.187	3	0	1	0	0	0	0	1	0	0	1	17
2014/01/01-05:34:58	10	1,755.525	61.187	0	0	0	0	0	0	0	1	1	0	0	9
2014/01/01-05:35:26	10	1,755.525	61.187	9	0	1	0	0	0	0	1	0	0	1	31
2014/01/01-05:36:15	9	1,758.532	57.325	3	0	0	0	0	0	1	1	0	0	1	25
2014/01/01-05:36:59	9	1,758.532	57.325	2	0	1	0	0	0	0	1	0	0	1	11
2014/01/01-05:44:57	9	1,758.532	57.325	1	0	0	0	0	0	0	1	1	0	0	4
2014/01/01-05:45:20	9	1,758.532	57.325	6	0	1	1	0	0	0	1	0	0	1	28
2014/01/01-05:46:19	9	1,758.532	57.325	9	0	1	2	1	0	0	1	0	0	1	45
2014/01/01-05:47:23	9	1,758.532	57.325	7	0	1	0	1	0	0	1	0	0	1	26
2014/01/01-05:48:07	9	1,758.532	57.325	4	0	1	0	0	0	0	1	0	0	1	5
2014/01/01-09:19:48	12	1,748.833	60.247	7	0	0	0	1	0	0	1	1	0	0	38
2014/01/01-09:20:45	12	1,748.833	60.247	2	0	0	0	2	0	0	1	1	0	0	6
2014/01/01-09:21:10	12	1,748.833	60.247	2	0	1	0	1	0	0	1	1	0	0	9
2014/01/01-09:21:38	12	1,748.833	60.247	7	0	0	4	1	0	1	1	0	0	1	19
2014/01/01-09:22:16	12	1,748.833	60.247	9	0	0	0	2	0	0	1	1	0	0	23
2014/01/01-09:31:11	11	1,756.405	58.769	4	0	0	0	1	0	0	1	1	0	0	17
2014/01/01-09:31:48	11	1,756.405	58.769	5	0	1	0	0	0	0	1	0	0	1	29
2014/01/01-09:32:35	11	1,756.405	58.769	3	0	1	9	1	0	0	1	0	0	1	24
2014/01/01-09:33:18	11	1,756.405	58.769	2	0	0	0	1	0	1	1	0	0	1	13
2014/01/01-09:33:51	11	1,756.405	58.769	12	0	0	1	1	0	0	1	1	0	0	60
2014/01/01-09:49:14	11	1,756.405	58.769	8	0	1	1	0	0	0	1	0	0	1	28
2014/01/01-09:50:01	11	1,756.405	58.769	8	0	1	0	0	0	0	1	0	0	1	35
2014/01/01-09:51:01	11	1,756.405	58.769	3	0	1	0	0	0	0	1	0	0	1	22
2014/01/01-09:51:42	11	1,756.405	58.769	3	0	1	0	0	0	0	1	0	0	1	15
2014/01/01-09:52:46	11	1,756.405	58.769	0	0	1	0	0	0	0	1	0	0	1	8
2014/01/01-13:27:49	12	1,747.802	61.412	1	0	0	0	1	0	1	1	0	0	1	6
2014/01/01-13:28:13	12	1,747.802	61.412	11	0	0	2	1	0	0	1	1	0	0	60
2014/01/01-13:29:32	12	1,747.802	61.412	13	0	0	0	1	0	0	1	1	0	0	60
2014/01/01-13:30:51	12	1,747.802	61.412	1	0	1	0	1	0	0	1	0	0	1	4
2014/01/01-13:31:20	12	1,747.802	61.412	16	0	1	5	1	0	0	1	0	0	1	43
2014/01/01-13:41:36	12	1,747.802	61.412	9	0	1	0	1	0	0	1	1	0	0	32
2014/01/01-13:42:27	12	1,747.802	61.412	5	0	0	0	1	0	0	1	1	0	0	34
2014/01/01-13:43:20	12	1,747.802	61.412	14	0	0	1	0	0	1	1	0	0	1	56
2014/01/01-13:44:39	12	1,747.802	61.412	0	0	1	0	0	0	0	1	0	0	1	30
2014/01/01-13:45:28	12	1,747.802	61.412	1	0	0	0	1	0	1	1	0	0	1	6
2014/01/01-14:04:30	13	1,740.091	56.951	4	0	1	0	0	0	0	1	0	0	1	38
2014/01/01-14:05:27	13	1,740.091	56.951	1	0	0	0	0	0	1	1	0	0	1	6
2014/01/01-14:05:54	13	1,740.091	56.951	11	0	0	0	2	0	0	1	1	0	0	60
2014/01/01-14:07:14	13	1,740.091	56.951	13	0	0	14	0	0	0	1	0	0	1	60
2014/01/01-14:08:33	13	1,740.091	56.951	7	0	1	0	1	0	0	1	0	0	1	24
2014/01/02-00:30:46	9	1,750.418	62.537	3	0	1	1	0	0	0	1	0	0	1	29
2014/01/02-00:31:34	9	1,750.418	62.537	7	0	0	0	1	0	0	1	1	0	0	27
2014/01/02-00:32:19	9	1,750.418	62.537	1	0	0	0	1	0	1	1	0	0	1	5
2014/01/02-00:32:54	9	1,750.418	62.537	5	0	0	0	0	0	1	1	0	0	1	16
2014/01/02-00:33:34	9	1,750.418	62.537	2	0	1	0	0	0	0	1	0	0	1	13
2014/01/02-00:47:04	9	1,750.418	62.537	1	0	0	0	0	0	0	1	1	0	0	10
2014/01/02-00:47:34	9	1,750.418	62.537	3	0	0	0	2	0	0	1	1	0	0	11
2014/01/02-00:48:04	9	1,750.418	62.537	2	0	0	0	0	0	0	1	1	0	0	8
2014/01/02-00:48:30	9	1,750.418	62.537	2	0	0	0	3	0	0	1	1	0	0	7
2014/01/02-00:48:57	9	1,750.418	62.537	3	0	0	0	0	0	0	1	1	0	0	8
2014/01/02-01:01:30	9	1,750.418	62.537	1	0	0	0	1	0	0	1	1	0	0	8
2014/01/02-01:01:56	15	1,724.561	59.121	4	0	0	0	1	0	0	1	1	0	0	17
2014/01/02-01:02:32	15	1,724.561	59.121	15	0	0	2	2	0	0	1	1	0	0	56
2014/01/02-01:03:47	15	1,724.561	59.121	3	0	1	0	2	0	0	1	0	0	1	12
2014/01/02-01:04:21	15	1,724.561	59.121	1	0	0	0	0	0	0	1	1	0	0	15
2014/01/02-04:44:25	15	1,727.939	63.343	8	0	0	4	1	0	0	1	1	0	0	31
2014/01/02-04:45:15	15	1,727.939	63.343	3	0	0	0	3	0	1	1	1	0	0	12
2014/01/02-04:45:46	15	1,727.939	63.343	4	0	0	0	1	0	0	1	1	0	0	11
2014/01/02-04:46:16	15	1,727.939	63.343	19	0	0	0	1	0	0	1	1	0	0	60
2014/01/02-04:47:35	15	1,727.939	63.343	4	0	0	0	1	0	0	1	1	0	0	16
2014/01/02-05:07:26	10	1,751.516	61.086	7	0	0	22	1	0	0	1	1	0	0	60
2014/01/02-05:08:45	10	1,751.516	61.086	1	0	0	0	1	0	1	1	0	0	1	5
2014/01/02-05:09:09	10	1,751.516	61.086	5	0	0	0	0	0	0	1	1	0	0	24
2014/01/02-05:09:52	10	1,751.516	61.086	17	0	0	0	0	0	0	1	1	0	0	60
2014/01/02-05:11:11	10	1,751.516	61.086	11	0	0	0	1	0	0	1	1	0	0	60
2014/01/02-05:25:33	10	1,751.516	61.086	3	0	0	0	0	0	0	1	1	0	0	60
2014/01/02-05:26:52	10	1,751.516	61.086	2	0	0	0	0	0	1	1	0	0	1	10
2014/01/02-05:27:22	10	1,751.516	61.086	10	0	0	0	0	0	1	1	0	0	1	47
2014/01/02-05:28:28	10	1,751.516	61.086	3	0	1	0	0	0	0	1	0	0	1	10
2014/01/02-05:28:57	10	1,751.516	61.086	2	0	0	0	0	0	1	1	0	0	1	13
2014/01/02-09:45:11	10	1,762.778	62.125	3	0	0	0	2	0	0	1	1	0	0	11
2014/01/02-09:45:42	10	1,762.778	62.125	7	0	0	3	1	0	0	1	1	0	0	38
2014/01/02-09:46:39	10	1,762.778	62.125	1	0	0	0	1	0	0	1	1	0	0	13
2014/01/02-09:47:10	10	1,762.778	62.125	4	0	0	0	2	0	0	1	1	0	0	17
2014/01/02-09:47:46	10	1,762.778	62.125	7	0	0	0	1	0	1	1	0	0	1	18
2014/01/02-10:02:37	8	1,763.701	60.63	1	0	0	0	3	0	1	1	1	0	0	3
2014/01/02-10:02:59	8	1,763.701	60.63	1	0	1	0	0	0	0	1	0	0	1	6
2014/01/02-10:03:45	8	1,763.701	60.63	8	0	0	1	1	0	0	1	1	0	0	38
2014/01/02-10:04:42	8	1,763.701	60.63	2	0	0	0	1	0	1	1	0	0	1	9
2014/01/02-10:05:10	8	1,763.701	60.63	0	0	1	0	0	0	0	1	0	0	1	12
2014/01/02-10:22:00	8	1,763.701	60.63	18	0	0	3	2	0	0	1	1	0	0	58
2014/01/02-10:23:17	8	1,763.701	60.63	4	0	1	0	0	0	0	1	0	0	1	30
2014/01/02-10:24:06	8	1,763.701	60.63	1	0	0	0	1	0	1	1	0	0	1	5
2014/01/02-10:24:32	8	1,763.701	60.63	5	0	1	3	0	0	0	1	0	0	1	39
2014/01/02-10:25:30	8	1,763.701	60.63	3	0	1	0	0	0	0	1	0	0	1	29
2014/01/02-14:42:02	8	1,779.616	63.531	5	0	0	2	1	0	1	1	1	0	0	28
2014/01/02-14:42:48	8	1,779.616	63.531	2	0	0	0	0	0	0	1	1	0	0	18
2014/01/02-14:43:25	8	1,779.616	63.531	1	0	1	0	0	0	0	1	0	0	1	4
2014/01/02-14:43:48	8	1,779.616	63.531	8	0	1	0	0	0	0	1	0	0	1	29
2014/01/02-14:44:36	8	1,779.616	63.531	1	0	0	0	1	0	1	1	0	0	1	4
2014/01/02-14:59:38	8	1,779.616	63.531	9	0	0	0	1	0	0	1	1	0	0	52
2014/01/02-15:00:50	8	1,779.616	63.531	3	0	0	0	2	0	0	1	1	0	0	8
2014/01/02-15:01:17	8	1,779.616	63.531	5	0	0	0	0	0	0	1	1	0	0	19
2014/01/02-15:01:55	8	1,779.616	63.531	5	0	0	1	1	0	0	1	1	0	0	18
2014/01/02-15:02:32	8	1,779.616	63.531	3	0	0	0	1	0	0	1	1	0	0	11
2014/01/02-15:16:33	9	1,760.91	60.184	1	0	1	0	2	0	0	1	0	0	1	3
2014/01/02-15:16:57	9	1,760.91	60.184	11	0	0	0	2	0	0	1	1	0	0	32
2014/01/02-15:17:48	9	1,760.91	60.184	1	0	1	0	0	0	0	1	0	0	1	4
2014/01/02-15:18:15	9	1,760.91	60.184	6	0	0	0	1	0	0	1	1	0	0	16
2014/01/02-15:18:50	9	1,760.91	60.184	4	0	0	0	2	0	0	1	1	0	0	11
2014/01/02-18:50:38	12	1,738.407	64.431	1	0	0	0	0	0	0	1	1	0	0	11
2014/01/02-18:51:08	12	1,738.407	64.431	0	0	0	0	0	0	0	1	1	0	0	6
2014/01/02-18:51:33	12	1,738.407	64.431	9	0	0	13	3	0	0	1	1	0	0	40
2014/01/02-18:52:32	12	1,738.407	64.431	8	0	0	0	0	0	0	1	0	0	1	60
2014/01/02-18:53:50	12	1,738.407	64.431	14	0	0	0	1	0	0	1	1	0	0	60
2014/01/02-22:25:27	10	1,758.474	61.771	15	0	0	0	0	0	0	1	1	0	0	60
2014/01/02-22:26:46	10	1,758.474	61.771	11	0	0	1	0	0	0	1	1	0	0	60
2014/01/02-22:28:05	10	1,758.474	61.771	11	0	1	0	0	0	0	1	0	0	1	51
2014/01/02-22:29:15	10	1,758.474	61.771	3	0	0	0	0	0	0	1	1	0	0	32
2014/01/02-22:30:05	10	1,758.474	61.771	10	0	0	15	0	0	0	1	1	0	0	60
2014/01/02-22:42:31	10	1,758.474	61.771	1	0	0	0	1	0	1	1	0	0	1	3
2014/01/02-22:43:19	10	1,758.474	61.771	2	0	0	0	1	0	0	1	1	0	0	18
2014/01/02-22:43:56	8	1,773.14	57.769	1	0	1	0	0	0	0	1	0	0	1	12
2014/01/02-22:45:15	8	1,773.14	57.769	6	0	1	0	0	0	0	1	0	0	1	30
2014/01/02-22:46:34	8	1,773.14	57.769	5	0	0	1	0	0	0	1	1	0	0	20
2014/01/03-03:00:21	8	1,766.408	63.287	4	0	1	0	0	0	0	1	0	0	1	15
2014/01/03-03:00:55	8	1,766.408	63.287	8	0	0	0	0	0	1	1	0	0	1	41
2014/01/03-03:01:55	8	1,766.408	63.287	10	0	0	0	2	0	0	1	1	0	0	46
2014/01/03-03:03:01	8	1,766.408	63.287	3	0	1	0	1	0	0	1	0	0	1	8
2014/01/03-03:03:29	8	1,766.408	63.287	14	0	1	10	1	0	0	1	0	0	1	51
2014/01/03-03:27:53	10	1,750.67	61.161	2	0	0	0	0	0	1	1	0	0	1	9
2014/01/03-03:28:21	10	1,750.67	61.161	13	0	0	3	0	0	0	1	1	0	0	60
2014/01/03-03:29:40	10	1,750.67	61.161	5	0	1	0	0	0	0	1	0	0	1	37
2014/01/03-03:30:46	10	1,750.67	61.161	5	0	1	0	0	0	0	1	0	0	1	17
2014/01/03-03:31:22	10	1,750.67	61.161	0	0	1	0	0	0	0	1	0	0	1	7
2014/01/03-03:39:16	10	1,750.67	61.161	10	0	0	1	1	0	1	1	1	0	0	47
2014/01/03-03:40:23	10	1,750.67	61.161	14	0	1	3	0	0	0	1	0	0	1	59
2014/01/03-03:41:41	10	1,750.67	61.161	1	0	1	0	1	0	0	1	0	0	1	4
2014/01/03-03:42:18	10	1,750.67	61.161	4	0	0	0	0	0	0	1	1	0	0	17
2014/01/03-03:42:54	10	1,750.67	61.161	6	0	0	0	1	0	0	1	1	0	0	13
2014/01/03-07:16:59	11	1,747.329	62.385	11	0	0	2	3	0	0	1	1	0	0	38
2014/01/03-07:17:56	11	1,747.329	62.385	14	0	0	2	0	0	0	1	1	0	0	60
2014/01/03-07:19:15	11	1,747.329	62.385	19	0	0	4	2	0	0	1	1	0	0	60
2014/01/03-07:20:34	11	1,747.329	62.385	2	0	0	0	2	0	0	1	1	0	0	6
2014/01/03-07:21:00	11	1,747.329	62.385	2	0	0	0	1	0	1	1	0	0	1	7
2014/01/03-07:40:30	11	1,748.601	60.25	5	0	0	0	0	0	1	1	0	0	1	23
2014/01/03-07:41:21	11	1,748.601	60.25	1	0	0	0	0	0	0	1	1	0	0	12
2014/01/03-07:41:52	11	1,748.601	60.25	2	0	0	0	0	0	1	1	0	0	1	8
2014/01/03-07:43:11	11	1,748.601	60.25	11	0	0	3	0	0	0	1	0	0	1	60
2014/01/03-07:44:30	11	1,748.601	60.25	4	0	1	0	0	0	0	1	0	0	1	11
2014/01/03-07:56:14	11	1,748.601	60.25	2	0	0	0	0	0	1	1	0	0	1	7
2014/01/03-07:57:09	11	1,748.601	60.25	9	0	1	0	0	0	0	1	0	0	1	36
2014/01/03-07:58:04	11	1,748.601	60.25	1	0	0	0	2	0	1	1	1	0	0	3
2014/01/03-07:58:27	15	1,721.985	56.113	1	0	0	0	2	0	0	1	1	0	0	5
2014/01/03-07:58:50	15	1,721.985	56.113	0	0	0	0	0	0	0	1	1	0	0	4
2014/01/04-10:21:19	14	1,734.489	59.052	5	0	1	0	0	0	0	1	0	0	1	25
2014/01/04-10:22:14	14	1,734.489	59.052	2	0	1	0	1	0	0	1	0	0	1	8
2014/01/04-10:22:59	14	1,734.489	59.052	2	0	1	0	0	0	0	1	0	0	1	12
2014/01/04-10:24:05	14	1,734.489	59.052	1	0	1	0	0	0	0	1	0	0	1	13
2014/01/04-10:25:23	14	1,734.489	59.052	1	0	0	0	0	0	1	1	0	0	1	6
2014/01/04-10:45:04	15	1,718.132	56.383	3	0	1	0	0	0	0	1	0	0	1	20
2014/01/04-10:45:58	15	1,718.132	56.383	12	0	1	0	0	0	0	1	0	0	1	55
2014/01/04-10:47:12	15	1,718.132	56.383	2	0	0	0	1	0	0	1	1	0	0	13
2014/01/04-10:47:44	15	1,718.132	56.383	5	0	0	2	0	0	1	1	0	0	1	39
2014/01/04-10:48:42	15	1,718.132	56.383	4	0	0	0	1	0	1	1	0	0	1	21
2014/01/04-11:04:46	15	1,718.132	56.383	5	0	0	0	0	0	1	1	0	0	1	22
2014/01/04-11:05:43	15	1,718.132	56.383	4	0	1	0	0	0	0	1	0	0	1	18
2014/01/04-11:06:41	15	1,718.132	56.383	2	0	0	0	3	0	1	1	1	0	0	10
2014/01/04-11:07:10	15	1,718.132	56.383	3	0	1	0	0	0	0	1	0	0	1	31
2014/01/04-11:08:21	15	1,718.132	56.383	3	0	0	0	0	0	1	1	0	0	1	9
2014/01/04-15:57:14	15	1,736.105	60.957	1	0	0	0	1	0	1	1	0	0	1	6
2014/01/04-15:57:38	15	1,736.105	60.957	19	0	0	0	0	0	0	1	1	0	0	60
2014/01/04-15:58:57	15	1,736.105	60.957	5	0	0	0	0	0	1	1	0	0	1	6
2014/01/04-15:59:28	15	1,736.105	60.957	12	0	0	17	0	0	0	1	1	0	0	60
2014/01/04-16:00:47	15	1,736.105	60.957	6	0	0	0	0	0	1	1	0	0	1	18
2014/01/04-16:03:48	15	1,736.105	60.957	3	0	0	0	1	0	0	1	1	0	0	13
2014/01/04-16:04:20	15	1,736.105	60.957	4	0	0	0	1	0	0	1	1	0	0	12
2014/01/04-16:04:51	15	1,736.105	60.957	9	0	0	1	0	0	1	1	0	0	1	38
2014/01/04-16:05:48	15	1,736.105	60.957	1	0	0	0	0	0	0	1	1	0	0	5
2014/01/04-16:06:11	15	1,736.105	60.957	1	0	0	0	0	0	0	1	1	0	0	3
2014/01/04-16:19:16	21	1,708.101	57.819	2	0	0	0	2	0	0	1	1	0	0	9
2014/01/04-16:19:44	21	1,708.101	57.819	1	0	0	0	0	0	1	1	0	0	1	5
2014/01/04-16:20:08	21	1,708.101	57.819	4	0	0	0	1	0	0	1	1	0	0	13
2014/01/04-16:20:40	21	1,708.101	57.819	6	0	0	2	0	0	0	1	1	0	0	60
2014/01/04-16:21:59	21	1,708.101	57.819	4	0	1	0	1	0	0	1	0	0	1	18
2014/01/04-17:43:34	20	1,705.799	57.286	14	0	0	0	2	0	0	1	1	0	0	60
2014/01/04-17:44:53	20	1,705.799	57.286	16	0	0	0	0	0	0	1	1	0	0	60
2014/01/04-17:46:13	20	1,705.799	57.286	6	0	1	0	0	0	0	1	0	0	1	35
2014/01/04-17:47:08	20	1,705.799	57.286	14	0	0	11	0	0	0	1	0	0	1	60
2014/01/04-17:48:27	20	1,705.799	57.286	2	0	1	0	0	0	0	1	0	0	1	12
2014/01/04-18:01:02	20	1,705.799	57.286	0	0	0	0	0	0	0	1	1	0	0	20
2014/01/04-18:01:41	20	1,705.799	57.286	4	0	0	0	0	0	1	1	0	0	1	16
2014/01/04-18:02:16	20	1,705.799	57.286	3	0	0	0	0	0	1	1	0	0	1	32
2014/01/04-18:03:07	20	1,705.799	57.286	0	0	1	0	0	0	0	1	0	0	1	3
2014/01/04-18:03:30	20	1,705.799	57.286	6	0	1	0	0	0	0	1	0	0	1	32
2014/01/04-18:24:10	18	1,714.381	52.689	18	0	0	0	0	0	0	1	0	0	1	60
2014/01/04-18:25:29	18	1,714.381	52.689	2	0	0	0	0	0	1	1	0	0	1	6
2014/01/04-18:26:37	18	1,714.381	52.689	12	0	0	2	0	0	1	1	0	0	1	45
2014/01/04-18:27:41	18	1,714.381	52.689	3	0	0	0	1	0	1	1	0	0	1	18
2014/01/04-18:29:00	18	1,714.381	52.689	17	0	0	0	0	0	1	1	0	0	1	55
2014/01/05-15:33:34	23	1,706.022	70.423	8	0	0	0	0	0	1	1	0	0	1	25
2014/01/05-15:34:54	23	1,706.022	70.423	14	0	0	0	0	0	0	1	0	0	1	60
2014/01/05-15:36:13	23	1,706.022	70.423	7	0	1	0	1	0	0	1	0	0	1	40
2014/01/05-15:37:12	23	1,706.022	70.423	11	0	0	1	0	0	0	1	0	0	1	60
2014/01/05-15:38:31	23	1,706.022	70.423	12	0	0	0	0	0	0	1	0	0	1	60
2014/01/05-15:44:10	23	1,706.022	70.423	4	0	1	0	1	0	0	1	0	0	1	18
2014/01/05-15:44:46	23	1,706.022	70.423	7	0	0	1	0	0	1	1	0	0	1	38
2014/01/05-15:45:43	23	1,706.022	70.423	16	0	0	1	1	0	0	1	1	0	0	56
2014/01/05-15:46:59	23	1,706.022	70.423	6	0	1	0	0	0	0	1	0	0	1	17
2014/01/05-15:47:34	23	1,706.022	70.423	7	0	0	2	1	0	0	1	1	0	0	35
2014/01/05-16:05:41	23	1,706.022	70.423	3	0	0	2	0	0	0	1	1	0	0	17
2014/01/05-16:06:17	29	1,672.72	65.263	5	0	1	0	1	0	0	1	0	0	1	23
2014/01/05-16:07:36	29	1,672.72	65.263	14	0	0	0	0	0	0	1	0	0	1	60
2014/01/05-16:08:55	29	1,672.72	65.263	9	0	0	0	0	0	0	1	1	0	0	39
2014/01/05-16:09:53	29	1,672.72	65.263	9	0	1	1	0	0	0	1	0	0	1	41
2014/01/05-20:35:35	33	1,657.013	66.171	14	0	0	1	2	0	0	1	1	0	0	53
2014/01/05-20:36:48	33	1,661.026	65.937	13	0	0	3	2	0	0	1	1	0	0	50
2014/01/05-20:37:57	33	1,661.026	65.937	10	0	0	3	2	0	0	1	1	0	0	48
2014/01/05-20:39:04	33	1,661.026	65.937	7	0	0	1	2	0	0	1	1	0	0	34
2014/01/05-20:39:53	33	1,661.026	65.937	12	0	0	1	1	0	1	1	0	0	1	42
2014/01/05-20:54:05	33	1,661.026	65.937	9	0	0	1	0	0	0	1	0	0	1	60
2014/01/05-20:55:24	33	1,661.026	65.937	11	0	1	0	1	0	0	1	0	0	1	48
2014/01/05-20:56:33	33	1,661.026	65.937	4	0	1	4	0	0	0	1	0	0	1	37
2014/01/05-20:57:29	33	1,661.026	65.937	3	0	0	0	0	0	0	1	1	0	0	13
2014/01/05-20:58:01	33	1,661.026	65.937	17	0	0	4	2	0	0	1	1	0	0	53
2014/01/05-21:18:13	25	1,686.744	61.206	6	0	1	1	1	0	0	1	0	0	1	51
2014/01/05-21:19:23	25	1,686.744	61.206	6	0	1	1	0	0	0	1	0	0	1	43
2014/01/05-21:20:38	25	1,686.744	61.206	9	0	0	2	1	0	1	1	0	0	1	44
2014/01/05-21:21:41	25	1,686.744	61.206	14	0	0	1	0	0	0	1	0	0	1	60
2014/01/05-21:22:59	25	1,686.744	61.206	6	0	1	2	0	0	0	1	0	0	1	36
