2013/09/02-21:42:16	38	1,500	352.012	1	0	1	0	0	0	0	1	0	0	1	12
2013/09/02-21:43:02	38	1,500	352.012	6	0	0	0	1	0	1	1	0	0	1	4
2013/09/02-21:43:25	38	1,500	352.012	9	0	0	6	0	0	1	1	0	0	1	58
2013/09/02-21:44:42	38	1,500	352.012	14	0	0	3	2	0	0	1	1	0	0	48
2013/09/02-21:45:48	38	1,500	352.012	14	0	0	22	1	0	0	1	1	0	0	36
2013/09/02-22:40:14	27	1,744.704	276.558	12	0	1	0	1	0	0	1	0	0	1	20
2013/09/02-22:40:55	27	1,744.704	276.558	0	0	1	0	0	0	0	1	0	0	1	3
2013/09/02-22:41:39	27	1,744.704	276.558	6	0	0	0	0	0	1	1	0	0	1	25
2013/09/02-22:42:50	27	1,744.704	276.558	28	0	0	15	0	0	1	1	0	0	1	56
2013/09/02-22:44:04	27	1,744.704	276.558	0	0	1	0	0	0	0	1	0	0	1	6
2013/09/02-22:50:58	27	1,744.704	276.558	0	0	0	0	0	0	0	1	1	0	0	27
2013/09/02-22:51:44	27	1,744.704	276.558	4	0	0	0	1	0	0	1	1	0	0	23
2013/09/02-22:52:27	27	1,744.704	276.558	1	0	1	0	0	0	0	1	0	0	1	6
2013/09/02-22:52:52	27	1,744.704	276.558	0	0	1	0	0	0	0	1	0	0	1	3
2013/09/02-22:53:14	27	1,744.704	276.558	4	0	0	0	2	0	0	1	1	0	0	12
2013/09/03-07:45:38	17	1,905.086	213.989	12	0	0	0	1	0	0	1	1	0	0	39
2013/09/03-07:46:36	17	1,905.086	213.989	15	0	1	1	0	0	0	1	0	0	1	37
2013/09/03-07:47:55	17	1,905.086	213.989	2	0	1	0	0	0	0	1	0	0	1	12
2013/09/03-07:48:28	17	1,905.086	213.989	5	0	0	0	0	0	1	1	0	0	1	4
2013/09/03-07:49:28	17	1,905.086	213.989	4	0	0	0	1	0	0	1	1	0	0	35
2013/09/03-08:27:55	23	1,779.791	176.006	22	0	0	6	1	0	0	1	1	0	0	60
2013/09/03-08:29:14	23	1,779.791	176.006	11	0	0	0	1	0	0	1	1	0	0	44
2013/09/03-08:30:17	23	1,779.791	176.006	5	0	0	0	1	0	0	1	1	0	0	25
2013/09/03-08:31:01	23	1,779.791	176.006	10	0	0	0	0	0	1	1	0	0	1	30
2013/09/03-08:32:10	23	1,779.791	176.006	33	0	0	0	0	0	0	1	1	0	0	60
2013/09/03-10:31:45	23	1,779.791	176.006	13	0	1	0	1	0	0	1	0	0	1	59
2013/09/03-10:33:03	23	1,779.791	176.006	13	0	0	0	2	0	0	1	1	0	0	60
2013/09/03-10:34:22	23	1,779.791	176.006	3	0	0	0	0	0	0	1	1	0	0	16
2013/09/03-10:34:56	23	1,779.791	176.006	17	0	0	5	0	0	0	1	1	0	0	60
2013/09/03-10:36:15	23	1,779.791	176.006	23	0	0	0	2	0	0	1	1	0	0	33
2013/09/03-17:06:28	3	2,256.402	142.393	23	0	0	0	1	0	0	1	1	0	0	60
2013/09/03-17:07:47	3	2,256.402	142.393	28	0	1	0	0	0	0	1	0	0	1	54
2013/09/03-17:09:00	3	2,256.402	142.393	16	0	0	2	0	0	0	1	0	0	1	60
2013/09/03-17:10:19	3	2,256.402	142.393	0	0	1	0	0	0	0	1	0	0	1	9
2013/09/03-17:10:53	3	2,256.402	142.393	16	0	0	13	0	0	1	1	0	0	1	55
2013/09/03-17:30:03	3	2,256.402	142.393	11	0	0	0	0	0	0	1	1	0	0	18
2013/09/03-17:30:40	4	2,255.198	121.687	16	0	0	0	1	0	0	1	1	0	0	60
2013/09/03-17:31:59	4	2,255.198	121.687	16	0	0	0	0	0	0	1	1	0	0	45
2013/09/03-17:33:02	4	2,255.198	121.687	5	0	1	3	0	0	0	1	0	0	1	32
2013/09/03-17:33:55	4	2,255.198	121.687	4	0	0	0	2	0	0	1	1	0	0	15
2013/09/03-17:51:24	4	2,255.198	121.687	3	0	1	0	1	0	0	1	0	0	1	11
2013/09/03-17:51:55	4	2,255.198	121.687	5	0	0	0	0	0	1	1	0	0	1	19
2013/09/03-17:53:14	4	2,255.198	121.687	23	0	0	11	2	0	0	1	1	0	0	47
2013/09/03-17:54:20	4	2,255.198	121.687	1	0	0	0	1	0	1	1	1	0	0	8
2013/09/03-17:54:47	4	2,255.198	121.687	2	0	0	0	1	0	0	1	1	0	0	11
2013/09/03-21:42:39	1	2,360.711	105.421	5	0	0	0	0	0	1	1	0	0	1	6
2013/09/03-21:43:50	1	2,360.711	105.421	20	0	0	8	1	0	0	1	1	0	0	60
2013/09/03-21:45:09	1	2,360.711	105.421	8	0	0	0	0	0	0	1	1	0	0	36
2013/09/03-21:46:03	1	2,360.711	105.421	7	0	0	2	2	0	0	1	1	0	0	42
2013/09/03-21:47:04	1	2,360.711	105.421	1	0	0	0	0	0	1	1	0	0	1	3
2013/09/03-22:13:25	1	2,306.24	96.366	16	0	1	0	1	0	0	1	0	0	1	52
2013/09/03-22:14:43	1	2,306.24	96.366	5	0	0	0	0	0	1	1	0	0	1	10
2013/09/03-22:16:02	1	2,306.24	96.366	1	0	1	0	0	0	0	1	0	0	1	4
2013/09/03-22:16:55	1	2,306.24	96.366	2	0	1	0	0	0	0	1	0	0	1	9
2013/09/03-22:17:37	1	2,306.24	96.366	3	0	0	2	0	0	0	1	1	0	0	60
2013/09/03-22:32:35	4	2,223.264	87.205	1	0	0	0	0	0	0	1	1	0	0	11
2013/09/03-22:33:05	4	2,223.264	87.205	4	0	1	0	0	0	0	1	0	0	1	18
2013/09/03-22:33:42	4	2,223.264	87.205	15	0	0	5	1	0	0	1	1	0	0	38
2013/09/03-22:34:39	4	2,223.264	87.205	20	0	0	0	2	0	0	1	1	0	0	25
2013/09/03-22:35:24	4	2,223.264	87.205	17	0	0	3	0	0	0	1	0	0	1	60
2013/09/04-17:20:56	2	2,276.147	84.186	16	0	0	0	0	0	0	1	1	0	0	60
2013/09/04-17:22:14	2	2,276.147	84.186	1	0	0	0	1	0	0	1	1	0	0	15
2013/09/04-17:22:48	2	2,276.147	84.186	22	0	0	4	0	0	0	1	1	0	0	60
2013/09/04-17:24:07	2	2,276.147	84.186	0	0	1	0	0	0	0	1	0	0	1	3
2013/09/04-17:24:41	2	2,276.147	84.186	7	0	0	0	1	0	1	1	0	0	1	6
2013/09/04-17:49:48	1	2,269.149	77.686	17	0	0	8	0	0	0	1	1	0	0	38
2013/09/04-17:50:45	1	2,269.149	77.686	1	0	1	0	0	0	0	1	0	0	1	7
2013/09/04-17:51:23	1	2,269.149	77.686	5	0	0	0	0	0	0	1	1	0	0	15
2013/09/04-17:51:57	1	2,269.149	77.686	5	0	1	1	1	0	0	1	0	0	1	18
2013/09/04-17:53:09	1	2,269.149	77.686	11	0	0	0	0	0	1	1	0	0	1	10
2013/09/04-18:06:25	1	2,269.149	77.686	1	0	0	0	0	0	1	1	0	0	1	14
2013/09/04-18:07:44	1	2,269.149	77.686	1	0	1	0	0	0	0	1	0	0	1	7
2013/09/04-18:08:38	1	2,269.149	77.686	2	0	1	1	0	0	0	1	0	0	1	38
2013/09/04-18:09:57	1	2,269.149	77.686	0	0	1	0	0	0	0	1	0	0	1	6
2013/09/04-18:10:48	1	2,269.149	77.686	3	0	0	4	1	0	0	1	1	0	0	9
2013/09/05-00:04:19	5	2,193.417	74.854	9	0	0	0	2	0	0	1	1	0	0	60
2013/09/05-00:05:38	5	2,206.726	73.627	5	0	1	0	0	0	0	1	0	0	1	19
2013/09/05-00:06:31	5	2,206.726	73.627	16	0	1	4	1	0	0	1	0	0	1	54
2013/09/05-00:07:44	5	2,206.726	73.627	2	0	0	0	1	0	0	1	1	0	0	20
2013/09/05-00:08:23	5	2,206.726	73.627	25	0	0	0	0	0	0	1	1	0	0	45
2013/09/05-00:34:05	5	2,206.726	73.627	1	0	1	0	0	0	0	1	0	0	1	15
2013/09/05-00:35:11	5	2,206.726	73.627	6	0	1	0	0	0	0	1	0	0	1	5
2013/09/05-00:35:42	5	2,206.726	73.627	1	0	0	0	0	0	1	1	0	0	1	12
2013/09/05-00:36:13	5	2,206.726	73.627	0	0	1	0	0	0	0	1	0	0	1	3
2013/09/05-00:36:36	5	2,206.726	73.627	1	0	0	0	0	0	0	1	1	0	0	4
2013/09/05-00:51:28	3	2,207.865	66.195	8	0	0	7	0	0	0	1	1	0	0	60
2013/09/05-00:52:47	3	2,207.865	66.195	0	0	1	0	0	0	0	1	0	0	1	5
2013/09/05-00:53:21	3	2,207.865	66.195	0	0	1	0	0	0	0	1	0	0	1	3
2013/09/05-00:54:06	3	2,207.865	66.195	22	0	1	0	0	0	0	1	0	0	1	29
2013/09/05-00:54:54	3	2,207.865	66.195	0	0	1	0	0	0	0	1	0	0	1	11
2013/09/05-08:11:38	4	2,192.114	68.223	29	0	0	4	0	0	0	1	1	0	0	60
2013/09/05-08:12:57	4	2,192.114	68.223	18	0	0	5	1	0	0	1	1	0	0	55
2013/09/05-08:14:10	4	2,192.114	68.223	3	0	0	0	0	0	1	1	0	0	1	19
2013/09/05-08:14:54	4	2,192.114	68.223	4	0	0	1	0	0	1	1	0	0	1	25
2013/09/05-08:15:53	4	2,192.114	68.223	10	0	1	1	1	0	0	1	0	0	1	35
2013/09/05-08:28:22	4	2,189.609	64.094	6	0	0	2	0	0	0	1	0	0	1	60
2013/09/05-08:29:41	4	2,189.609	64.094	8	0	1	4	1	0	0	1	0	0	1	33
2013/09/05-08:30:32	4	2,189.609	64.094	1	0	1	2	0	0	0	1	0	0	1	48
2013/09/05-10:28:48	4	2,189.609	64.094	4	0	0	4	0	0	0	1	1	0	0	60
2013/09/05-10:30:46	4	2,189.609	64.094	12	0	0	6	0	0	0	1	1	0	0	60
2013/09/05-10:56:11	4	2,189.609	64.094	21	0	0	3	0	0	0	1	0	0	1	60
2013/09/05-10:57:30	4	2,209.914	59.982	6	0	1	2	0	0	0	1	0	0	1	24
2013/09/05-10:58:49	4	2,209.914	59.982	27	0	0	3	0	0	0	1	0	0	1	60
2013/09/05-11:00:08	4	2,209.914	59.982	15	0	1	4	1	0	0	1	0	0	1	50
2013/09/05-11:01:16	4	2,209.914	59.982	13	0	0	4	0	0	0	1	1	0	0	60
2013/09/06-01:41:20	3	2,221.326	62.165	16	0	0	7	0	0	0	1	1	0	0	60
2013/09/06-01:42:39	3	2,221.326	62.165	0	0	1	0	0	0	0	1	0	0	1	10
2013/09/06-01:43:07	3	2,221.326	62.165	0	0	0	0	0	0	0	1	1	0	0	60
2013/09/06-01:44:26	3	2,221.326	62.165	0	0	0	0	0	0	0	1	1	0	0	60
2013/09/06-01:45:44	3	2,221.326	62.165	0	0	0	0	0	0	0	1	1	0	0	60
2013/09/06-02:00:14	3	2,221.326	62.165	9	0	0	1	0	0	1	1	0	0	1	40
2013/09/06-02:01:33	3	2,221.326	62.165	19	0	0	3	0	0	0	1	1	0	0	53
2013/09/06-02:02:44	3	2,221.326	62.165	3	0	0	0	0	0	0	1	0	0	1	60
2013/09/06-02:04:03	3	2,221.326	62.165	0	0	1	0	0	0	0	1	0	0	1	6
2013/09/06-23:43:52	5	2,157.369	64.771	35	0	0	6	0	0	0	1	1	0	0	60
2013/09/06-23:45:11	5	2,157.369	64.771	12	0	0	6	0	0	0	1	1	0	0	58
2013/09/06-23:46:28	5	2,157.369	64.771	2	0	1	1	0	0	0	1	0	0	1	47
2013/09/06-23:47:33	5	2,157.369	64.771	12	0	0	1	0	0	0	1	0	0	1	60
2013/09/06-23:48:52	5	2,157.369	64.771	11	0	0	3	1	0	0	1	1	0	0	24
2013/09/07-00:18:22	4	2,187.896	61.122	21	0	0	5	0	0	0	1	1	0	0	60
2013/09/07-00:19:41	4	2,187.896	61.122	1	0	0	0	0	0	1	1	0	0	1	5
2013/09/07-00:20:59	4	2,187.896	61.122	29	0	0	5	0	0	0	1	0	0	1	60
2013/09/07-00:22:18	4	2,187.896	61.122	0	0	0	0	0	0	0	1	0	0	1	60
2013/09/07-00:23:37	4	2,187.896	61.122	23	0	0	5	1	0	0	1	1	0	0	60
2013/09/07-00:40:47	4	2,187.896	61.122	0	0	0	1	0	0	0	1	0	0	1	60
2013/09/07-00:42:06	4	2,187.896	61.122	4	0	0	2	1	0	0	1	1	0	0	38
2013/09/07-00:43:03	4	2,187.896	61.122	14	0	0	4	2	0	0	1	1	0	0	60
2013/09/07-00:44:22	4	2,187.896	61.122	5	0	0	0	0	0	0	1	0	0	1	60
2013/09/07-00:45:41	4	2,187.896	61.122	1	0	1	1	0	0	0	1	0	0	1	40
2013/09/08-18:03:45	3	2,198.97	62.361	2	0	1	0	0	0	0	1	0	0	1	4
2013/09/08-18:24:47	3	2,198.97	62.361	5	0	0	1	0	0	0	1	1	0	0	27
2013/09/08-18:26:30	3	2,198.97	62.361	1	0	1	2	0	0	0	1	0	0	1	28
2013/09/08-18:29:43	3	2,198.97	62.361	4	0	0	1	0	0	1	1	0	0	1	28
2013/09/08-18:47:59	3	2,198.97	62.361	18	0	0	9	0	0	0	1	0	0	1	60
2013/09/08-19:36:33	3	2,194.591	59.229	20	0	0	4	0	0	1	1	0	0	1	59
2013/09/08-19:37:53	3	2,194.591	59.229	10	0	1	5	0	0	0	1	0	0	1	42
2013/09/08-19:59:37	3	2,194.591	59.229	21	0	0	4	0	0	0	1	0	0	1	60
2013/09/08-20:00:53	3	2,194.591	59.229	12	0	1	1	1	0	0	1	0	0	1	51
2013/09/08-20:02:11	3	2,194.591	59.229	11	0	1	1	0	0	0	1	0	0	1	32
2013/09/08-20:12:55	3	2,194.591	59.229	0	0	1	0	0	0	0	1	0	0	1	17
2013/09/08-20:14:14	3	2,194.591	59.229	9	0	0	5	0	0	1	1	0	0	1	47
2013/09/08-20:15:19	3	2,194.591	59.229	15	0	0	9	0	0	0	1	0	0	1	60
2013/09/08-20:16:38	3	2,194.591	59.229	18	0	0	7	0	0	1	1	0	0	1	50
2013/09/08-20:17:57	3	2,194.591	59.229	9	0	1	0	0	0	0	1	0	0	1	20
2013/09/09-21:37:26	5	2,164.542	60.947	0	0	0	0	0	0	0	1	1	0	0	8
2013/09/09-21:37:54	5	2,164.542	60.947	0	0	0	0	0	0	0	1	1	0	0	10
2013/09/09-22:01:34	5	2,164.542	60.947	2	0	0	1	0	0	0	1	1	0	0	20
2013/09/09-22:02:10	5	2,164.542	60.947	2	0	0	0	0	0	0	1	1	0	0	6
2013/09/09-22:04:10	5	2,164.542	60.947	3	0	0	1	0	0	0	1	1	0	0	37
2013/09/09-22:18:32	5	2,164.542	60.947	6	0	0	3	0	0	0	1	0	0	1	60
2013/09/09-22:19:52	5	2,164.542	60.947	8	0	0	1	1	0	0	1	1	0	0	33
2013/09/09-22:20:43	6	2,157.981	61.21	0	0	0	0	0	0	0	1	1	0	0	25
2013/09/09-22:21:27	6	2,157.981	61.21	13	0	0	1	1	0	0	1	1	0	0	40
2013/09/09-22:22:26	6	2,157.981	61.21	2	0	0	2	0	0	0	1	1	0	0	12
2013/09/09-22:36:27	6	2,157.981	61.21	10	0	0	1	0	0	1	1	0	0	1	20
2013/09/09-23:59:43	6	2,157.981	61.21	10	0	0	2	0	0	0	1	1	0	0	60
2013/09/10-00:01:07	6	2,157.981	61.21	20	0	0	6	0	0	0	1	1	0	0	60
2013/09/10-00:02:26	6	2,157.981	61.21	24	0	0	3	0	0	0	1	0	0	1	60
2013/09/10-00:03:44	6	2,157.981	61.21	14	0	1	6	0	0	0	1	0	0	1	40
2013/09/10-00:16:06	6	2,157.981	61.21	16	0	0	4	0	0	0	1	0	0	1	60
2013/09/10-00:17:22	6	2,157.981	61.21	17	0	0	6	0	0	0	1	0	0	1	60
2013/09/10-00:18:41	6	2,157.981	61.21	18	0	0	1	0	0	0	1	0	0	1	60
2013/09/10-00:19:59	6	2,157.981	61.21	0	0	1	0	0	0	0	1	0	0	1	21
2013/09/10-00:20:58	6	2,157.981	61.21	11	0	0	4	0	0	1	1	0	0	1	35
2013/09/10-00:49:54	8	2,127.75	57.856	6	0	1	1	0	0	0	1	0	0	1	19
2013/09/10-00:51:01	8	2,127.75	57.856	7	0	0	2	0	0	0	1	0	0	1	60
2013/09/10-00:52:19	8	2,127.75	57.856	19	0	0	3	1	0	0	1	1	0	0	60
2013/09/10-00:53:38	8	2,127.75	57.856	14	0	0	4	0	0	0	1	1	0	0	60
2013/09/10-00:54:57	8	2,127.75	57.856	3	0	0	0	0	0	1	1	0	0	1	9
2013/09/10-01:19:21	8	2,127.75	57.856	16	0	0	7	1	0	0	1	1	0	0	45
2013/09/10-01:20:25	8	2,127.75	57.856	6	0	0	2	0	0	1	1	0	0	1	14
2013/09/10-01:21:10	8	2,127.75	57.856	25	0	0	3	0	0	0	1	0	0	1	60
2013/09/10-01:22:29	9	2,126.351	53.846	13	0	0	6	0	0	0	1	1	0	0	60
2013/09/10-01:23:48	9	2,126.351	53.846	6	0	0	2	0	0	1	1	0	0	1	40
2013/09/11-00:53:56	10	2,126.344	60.986	8	0	1	2	0	0	0	1	0	0	1	26
2013/09/11-00:55:16	10	2,126.344	60.986	5	0	0	4	0	0	1	1	0	0	1	24
2013/09/11-00:56:34	10	2,126.344	60.986	15	0	0	5	0	0	1	1	0	0	1	32
2013/09/11-00:57:53	10	2,126.344	60.986	0	0	1	0	0	0	0	1	0	0	1	17
2013/09/11-00:59:12	10	2,126.344	60.986	9	0	1	3	0	0	0	1	0	0	1	40
2013/09/11-01:10:50	10	2,126.344	60.986	3	0	1	1	0	0	0	1	0	0	1	24
2013/09/11-01:11:37	10	2,126.344	60.986	3	0	0	0	0	0	0	1	0	0	1	60
2013/09/11-01:12:56	10	2,126.344	60.986	10	0	0	1	0	0	1	1	0	0	1	27
2013/09/11-01:13:42	10	2,126.344	60.986	2	0	0	1	1	0	0	1	1	0	0	47
2013/09/11-01:14:48	10	2,126.344	60.986	5	0	0	0	1	0	0	1	1	0	0	38
2013/09/11-01:37:28	10	2,111.445	55.775	10	0	0	4	0	0	0	1	1	0	0	60
2013/09/11-01:38:47	10	2,111.445	55.775	11	0	0	2	0	0	1	1	0	0	1	31
2013/09/11-01:40:06	10	2,111.445	55.775	17	0	0	2	0	0	0	1	0	0	1	60
2013/09/11-01:41:25	10	2,111.445	55.775	24	0	0	3	0	0	0	1	0	0	1	60
2013/09/11-01:42:44	10	2,111.445	55.775	10	0	0	4	0	0	1	1	0	0	1	28
2013/09/11-16:20:22	10	2,113.24	60.061	0	0	0	0	0	0	0	1	1	0	0	6
2013/09/11-16:20:47	10	2,113.24	60.061	0	0	0	0	0	0	0	1	0	0	1	60
2013/09/11-16:22:06	10	2,113.24	60.061	3	0	0	1	1	0	0	1	1	0	0	43
2013/09/11-16:24:02	10	2,113.24	60.061	0	0	0	0	0	0	0	1	0	0	1	60
2013/09/11-16:25:21	10	2,113.24	60.061	0	0	0	0	0	0	0	1	0	0	1	60
2013/09/11-16:36:05	11	2,094.143	60.178	15	0	0	5	0	0	0	1	1	0	0	60
2013/09/11-16:37:24	11	2,094.143	60.178	14	0	0	4	0	0	0	1	1	0	0	60
2013/09/11-16:38:42	11	2,094.143	60.178	8	0	0	3	0	0	0	1	0	0	1	60
2013/09/11-16:40:01	11	2,094.143	60.178	17	0	0	3	0	0	0	1	1	0	0	51
2013/09/11-16:41:11	11	2,094.143	60.178	7	0	0	2	0	0	1	1	0	0	1	20
2013/09/11-16:55:05	11	2,094.143	60.178	25	0	0	4	2	0	0	1	1	0	0	60
2013/09/11-16:56:24	11	2,094.143	60.178	26	0	0	5	0	0	0	1	1	0	0	60
2013/09/11-16:57:43	11	2,094.143	60.178	18	0	0	6	0	0	0	1	1	0	0	60
2013/09/11-16:59:02	11	2,094.143	60.178	8	0	1	0	0	0	0	1	0	0	1	23
2013/09/11-17:00:21	11	2,094.143	60.178	15	0	1	0	0	0	0	1	0	0	1	36
2013/09/11-17:13:59	12	2,068.451	57.637	26	0	0	3	0	0	0	1	1	0	0	58
2013/09/11-17:15:16	12	2,068.451	57.637	0	0	0	0	0	0	0	1	0	0	1	60
2013/09/11-17:16:35	12	2,068.451	57.637	29	0	0	3	1	0	0	1	1	0	0	60
2013/09/11-17:17:54	12	2,068.451	57.637	10	0	1	2	1	0	0	1	0	0	1	34
2013/09/11-17:18:47	12	2,068.451	57.637	20	0	0	8	2	0	0	1	1	0	0	47
2013/09/11-17:35:13	12	2,068.451	57.637	15	0	0	5	0	0	1	1	0	0	1	40
2013/09/11-17:36:12	12	2,068.451	57.637	5	0	0	1	0	0	1	1	0	0	1	12
2013/09/11-17:37:23	12	2,068.451	57.637	8	0	1	2	0	0	0	1	0	0	1	36
2013/09/11-17:38:17	12	2,068.451	57.637	2	0	0	1	0	0	1	1	0	0	1	15
2013/09/11-17:39:36	12	2,068.451	57.637	0	0	0	0	0	0	0	1	0	0	1	60
2013/09/11-17:58:01	10	2,101.755	53.399	17	0	1	2	1	0	0	1	0	0	1	60
2013/09/11-17:59:20	10	2,101.755	53.399	4	0	0	0	0	0	0	1	0	0	1	60
2013/09/11-18:00:39	10	2,101.755	53.399	12	0	0	3	1	0	1	1	0	0	1	53
2013/09/11-18:01:50	10	2,101.755	53.399	5	0	0	2	0	0	1	1	0	0	1	50
2013/09/11-18:03:09	10	2,101.755	53.399	0	0	0	0	0	0	0	1	0	0	1	60
2013/09/12-11:59:41	11	2,091.483	59.715	11	0	1	2	0	0	0	1	0	0	1	47
2013/09/12-12:01:00	11	2,091.483	59.715	9	0	0	4	0	0	1	1	0	0	1	39
2013/09/12-12:02:19	11	2,091.483	59.715	21	0	1	7	0	0	0	1	0	0	1	58
2013/09/12-12:03:37	11	2,091.483	59.715	14	0	0	3	0	0	0	1	0	0	1	60
2013/09/12-12:04:55	11	2,091.483	59.715	0	0	1	0	0	0	0	1	0	0	1	17
2013/09/12-12:11:18	11	2,082.816	56.88	20	0	0	2	0	0	1	1	0	0	1	39
2013/09/12-12:12:17	11	2,082.816	56.88	12	0	0	2	1	0	0	1	1	0	0	34
2013/09/12-12:13:09	11	2,082.816	56.88	19	0	0	5	1	0	0	1	1	0	0	60
2013/09/12-12:14:28	11	2,082.816	56.88	1	0	0	0	0	0	0	1	0	0	1	60
2013/09/12-12:15:47	11	2,082.816	56.88	0	0	1	0	0	0	0	1	0	0	1	31
2013/09/12-12:40:37	11	2,082.816	56.88	12	0	0	4	0	0	1	1	0	0	1	43
2013/09/12-12:41:56	11	2,082.816	56.88	21	0	0	5	0	0	0	1	1	0	0	60
2013/09/12-12:43:15	11	2,082.816	56.88	0	0	1	0	0	0	0	1	0	0	1	19
2013/09/12-12:44:20	11	2,082.816	56.88	20	0	0	7	0	0	0	1	0	0	1	60
2013/09/12-12:45:38	11	2,082.816	56.88	17	0	0	4	0	0	0	1	1	0	0	60
2013/09/14-06:15:53	3	2,114.194	80.943	29	0	1	8	0	0	0	1	0	0	1	57
2013/09/14-06:17:10	3	2,114.194	80.943	11	0	0	2	0	0	0	1	1	0	0	33
2013/09/14-06:18:02	3	2,114.194	80.943	8	0	0	1	2	0	0	1	1	0	0	24
2013/09/14-06:18:44	3	2,114.194	80.943	8	0	0	1	1	0	0	1	1	0	0	37
2013/09/14-06:19:39	3	2,114.194	80.943	3	0	0	0	1	0	1	1	0	0	1	11
2013/09/14-06:39:57	3	2,093.642	80.408	4	0	1	0	0	0	0	1	0	0	1	20
2013/09/14-06:41:16	3	2,093.642	80.408	11	0	0	2	0	0	0	1	1	0	0	59
2013/09/14-06:42:34	3	2,093.642	80.408	20	0	0	3	1	0	0	1	1	0	0	60
2013/09/14-06:43:53	3	2,093.642	80.408	5	0	0	1	0	0	0	1	0	0	1	60
2013/09/14-06:45:12	3	2,093.642	80.408	3	0	0	1	0	0	1	1	0	0	1	20
2013/09/14-07:02:11	6	2,030.258	76.737	7	0	0	5	0	0	0	1	1	0	0	60
2013/09/14-07:03:30	6	2,030.258	76.737	12	0	0	6	0	0	0	1	0	0	1	60
2013/09/14-07:04:49	6	2,030.258	76.737	13	0	0	3	0	0	0	1	0	0	1	60
2013/09/14-07:06:08	6	2,030.258	76.737	25	0	0	8	0	0	0	1	1	0	0	60
2013/09/14-07:07:27	6	2,030.258	76.737	14	0	0	1	0	0	1	1	0	0	1	46
2013/09/14-11:18:25	4	2,041.107	73.108	0	0	0	0	0	0	0	1	0	0	1	60
2013/09/14-11:19:44	4	2,041.107	73.108	0	0	0	0	0	0	0	1	1	0	0	30
2013/09/14-11:20:32	4	2,041.107	73.108	0	0	0	0	0	0	0	1	1	0	0	21
2013/09/14-11:21:12	4	2,041.107	73.108	0	0	0	1	0	0	0	1	0	0	1	60
2013/09/14-11:22:31	4	2,041.107	73.108	13	0	0	4	0	0	0	1	1	0	0	55
2013/09/14-11:42:07	6	2,022.952	72.25	13	0	0	0	1	0	0	1	0	0	1	60
2013/09/14-11:43:26	6	2,022.952	72.25	3	0	1	0	0	0	0	1	0	0	1	13
2013/09/14-11:44:38	6	2,022.952	72.25	0	0	1	0	0	0	0	1	0	0	1	47
2013/09/14-11:56:46	6	2,022.952	72.25	15	0	1	2	0	0	0	1	0	0	1	48
2013/09/14-11:57:56	6	2,022.952	72.25	6	0	0	1	0	0	1	1	0	0	1	27
2013/09/14-12:11:00	12	1,970.267	70.45	0	0	0	0	0	0	0	1	0	0	1	60
2013/09/14-12:12:19	12	1,970.267	70.45	10	0	0	3	0	0	0	1	0	0	1	60
2013/09/14-12:13:38	12	1,970.267	70.45	24	0	0	7	2	0	0	1	1	0	0	60
2013/09/14-12:14:57	12	1,970.267	70.45	1	0	0	0	0	0	1	1	0	0	1	5
2013/09/14-12:15:59	12	1,970.267	70.45	19	0	0	6	1	0	1	1	0	0	1	52
2013/09/14-15:27:01	11	1,947.148	71.502	8	0	0	3	0	0	0	1	1	0	0	60
2013/09/14-15:28:20	11	1,947.148	71.502	0	0	0	0	0	0	0	1	1	0	0	60
2013/09/14-15:29:39	11	1,947.148	71.502	0	0	1	0	0	0	0	1	0	0	1	32
2013/09/14-15:30:58	11	1,947.148	71.502	0	0	0	0	0	0	0	1	1	0	0	60
2013/09/14-15:32:16	11	1,947.148	71.502	0	0	0	1	0	0	0	1	1	0	0	23
2013/09/14-15:54:37	11	1,930.601	70.039	7	0	0	2	0	0	1	1	0	0	1	46
2013/09/14-15:55:56	11	1,930.601	70.039	4	0	0	1	0	0	0	1	0	0	1	60
2013/09/14-15:57:15	11	1,930.601	70.039	16	0	0	3	1	0	0	1	1	0	0	60
2013/09/14-15:58:33	11	1,930.601	70.039	0	0	1	0	0	0	0	1	0	0	1	23
2013/09/14-15:59:15	11	1,930.601	70.039	5	0	1	0	0	0	0	1	0	0	1	25
2013/09/14-16:17:44	11	1,930.601	70.039	26	0	0	4	1	0	0	1	1	0	0	60
2013/09/14-16:19:03	15	1,916.535	65.606	21	0	0	7	0	0	0	1	0	0	1	60
2013/09/14-16:20:22	15	1,916.535	65.606	21	0	0	3	1	0	0	1	1	0	0	60
2013/09/14-16:21:41	15	1,916.535	65.606	17	0	0	4	0	0	0	1	1	0	0	60
2013/09/14-16:23:00	15	1,916.535	65.606	13	0	0	1	0	0	1	1	0	0	1	38
2013/09/14-20:08:46	11	1,913.359	69.631	17	0	0	5	0	0	0	1	1	0	0	60
2013/09/14-20:10:05	11	1,913.359	69.631	18	0	0	9	0	0	0	1	0	0	1	60
2013/09/14-20:37:34	11	1,913.359	69.631	7	0	0	4	0	0	0	1	1	0	0	60
2013/09/14-20:38:57	11	1,913.359	69.631	9	0	1	1	0	0	0	1	0	0	1	21
2013/09/14-20:39:36	11	1,913.359	69.631	6	0	0	3	0	0	0	1	1	0	0	60
2013/09/14-20:53:11	11	1,913.359	69.631	16	0	0	4	0	0	0	1	1	0	0	60
2013/09/14-20:54:30	11	1,913.359	69.631	17	0	0	5	0	0	0	1	1	0	0	60
2013/09/14-20:55:48	11	1,913.359	69.631	17	0	0	2	1	0	0	1	1	0	0	59
2013/09/14-20:57:06	11	1,913.359	69.631	19	0	0	2	0	0	0	1	0	0	1	60
2013/09/14-20:58:25	11	1,913.359	69.631	3	0	0	3	0	0	0	1	0	0	1	60
2013/09/14-21:20:19	9	1,936.77	64.433	15	0	1	3	0	0	0	1	0	0	1	48
2013/09/14-21:21:37	9	1,936.77	64.433	20	0	0	2	0	0	0	1	0	0	1	60
2013/09/14-21:22:56	9	1,936.77	64.433	3	0	0	0	0	0	1	1	0	0	1	17
2013/09/14-21:24:15	9	1,936.77	64.433	1	0	0	1	0	0	1	1	0	0	1	20
2013/09/14-21:25:33	9	1,936.77	64.433	14	0	1	2	0	0	0	1	0	0	1	57
2013/09/15-00:20:50	12	1,893.594	65.807	13	0	0	2	1	0	0	1	1	0	0	45
2013/09/15-00:21:54	12	1,893.594	65.807	0	0	0	0	0	0	0	1	1	0	0	9
2013/09/15-00:22:22	12	1,893.594	65.807	0	0	0	0	0	0	0	1	1	0	0	6
2013/09/15-00:22:47	12	1,893.594	65.807	8	0	0	1	1	0	0	1	1	0	0	22
2013/09/15-00:23:27	12	1,893.594	65.807	0	0	0	0	0	0	0	1	1	0	0	31
2013/09/15-00:44:49	11	1,898.987	65.262	24	0	0	2	0	0	0	1	0	0	1	60
2013/09/15-00:46:08	11	1,898.987	65.262	0	0	0	0	0	0	0	1	0	0	1	60
2013/09/15-00:47:27	11	1,898.987	65.262	8	0	0	5	1	0	0	1	1	0	0	53
2013/09/15-08:45:42	11	1,898.987	65.262	3	0	0	1	0	0	1	1	0	0	1	55
2013/09/15-08:47:10	11	1,898.987	65.262	6	0	1	2	0	0	0	1	0	0	1	60
2013/09/15-09:05:58	11	1,898.987	65.262	3	0	0	0	0	0	1	1	0	0	1	12
2013/09/15-09:06:33	18	1,866.2	62.161	7	0	0	3	2	0	0	1	1	0	0	60
2013/09/15-09:07:52	18	1,866.2	62.161	14	0	1	1	1	0	0	1	0	0	1	55
2013/09/15-09:09:06	18	1,866.2	62.161	21	0	0	6	1	0	0	1	1	0	0	60
2013/09/15-09:10:25	18	1,866.2	62.161	4	0	0	1	1	0	0	1	1	0	0	42
2013/09/15-16:28:06	15	1,879.821	70.583	0	0	0	0	0	0	0	1	1	0	0	9
2013/09/15-16:28:34	15	1,879.821	70.583	0	0	0	0	0	0	0	1	1	0	0	6
2013/09/15-16:28:58	15	1,879.821	70.583	11	0	0	3	1	0	0	1	1	0	0	41
2013/09/15-16:29:58	15	1,879.821	70.583	0	0	0	0	0	0	0	1	1	0	0	9
2013/09/15-16:30:25	15	1,879.821	70.583	4	0	0	1	1	0	0	1	1	0	0	22
2013/09/15-16:39:34	15	1,879.821	70.583	19	0	0	5	0	0	0	1	1	0	0	60
2013/09/15-16:40:53	15	1,879.821	70.583	6	0	0	1	1	0	0	1	1	0	0	28
2013/09/15-16:41:40	15	1,879.821	70.583	4	0	0	2	0	0	0	1	1	0	0	40
2013/09/15-16:42:38	15	1,879.821	70.583	6	0	0	1	2	0	0	1	1	0	0	18
2013/09/15-16:43:15	15	1,879.821	70.583	24	0	0	5	0	0	0	1	0	0	1	60
2013/09/15-16:57:35	9	1,912.468	66.988	22	0	0	4	0	0	0	1	1	0	0	60
2013/09/15-16:58:54	9	1,912.468	66.988	14	0	1	4	0	0	0	1	0	0	1	46
2013/09/15-17:00:13	9	1,912.468	66.988	9	0	0	4	0	0	0	1	0	0	1	60
2013/09/15-17:01:32	9	1,912.468	66.988	20	0	0	2	1	0	0	1	1	0	0	60
2013/09/15-17:02:50	9	1,912.468	66.988	20	0	0	7	0	0	0	1	1	0	0	60
2013/09/15-17:04:30	9	1,912.468	66.988	5	0	0	1	0	0	0	1	0	0	1	60
2013/09/15-17:05:49	9	1,912.468	66.988	28	0	0	6	2	0	0	1	1	0	0	60
2013/09/15-17:07:08	9	1,912.468	66.988	7	0	0	4	0	0	1	1	0	0	1	37
2013/09/15-17:08:06	9	1,912.468	66.988	14	0	1	2	0	0	0	1	0	0	1	59
2013/09/15-17:09:25	9	1,912.468	66.988	11	0	0	4	0	0	0	1	0	0	1	60
2013/09/15-17:48:55	6	1,948.886	61.004	5	0	0	2	0	0	1	1	0	0	1	17
2013/09/15-17:50:14	6	1,948.886	61.004	17	0	0	5	0	0	0	1	1	0	0	60
2013/09/15-17:51:33	6	1,948.886	61.004	2	0	0	1	0	0	1	1	0	0	1	13
2013/09/15-17:52:52	6	1,948.886	61.004	8	0	0	0	0	0	1	1	0	0	1	50
2013/09/15-17:54:11	6	1,948.886	61.004	14	0	1	2	0	0	0	1	0	0	1	56
2013/09/15-18:14:44	6	1,948.886	61.004	17	0	0	1	1	0	0	1	1	0	0	60
2013/09/15-18:16:03	6	1,948.886	61.004	11	0	0	1	0	0	0	1	0	0	1	60
2013/09/15-18:17:22	6	1,948.886	61.004	7	0	1	1	0	0	0	1	0	0	1	29
2013/09/15-18:18:41	6	1,948.886	61.004	28	0	0	8	0	0	0	1	1	0	0	55
2013/09/15-18:19:55	6	1,948.886	61.004	17	0	0	3	0	0	0	1	1	0	0	51
2013/09/15-22:27:09	4	1,978.601	64.324	2	0	0	1	0	0	0	1	0	0	1	60
2013/09/15-22:28:28	4	1,978.601	64.324	6	0	0	1	1	0	1	1	0	0	1	25
2013/09/15-22:29:11	4	1,978.601	64.324	10	0	0	3	1	0	0	1	1	0	0	27
2013/09/15-22:29:57	4	1,978.601	64.324	14	0	0	2	0	0	0	1	1	0	0	48
2013/09/15-22:31:04	4	1,978.601	64.324	0	0	0	0	0	0	0	1	0	0	1	60
2013/09/15-22:54:09	5	1,964.365	63.476	12	0	0	5	1	0	0	1	1	0	0	39
2013/09/15-22:55:07	5	1,964.365	63.476	8	0	0	3	0	0	1	1	0	0	1	39
2013/09/15-22:56:05	5	1,964.365	63.476	12	0	0	2	0	0	0	1	1	0	0	35
2013/09/15-22:56:59	5	1,964.365	63.476	9	0	0	3	0	0	0	1	1	0	0	60
2013/09/15-22:58:17	5	1,964.365	63.476	26	0	0	9	2	0	0	1	1	0	0	60
2013/09/15-23:09:42	5	1,964.365	63.476	0	0	0	0	0	0	0	1	0	0	1	60
2013/09/15-23:11:01	5	1,964.365	63.476	0	0	0	1	0	0	0	1	1	0	0	60
2013/09/15-23:12:20	5	1,964.365	63.476	4	0	0	0	0	0	1	1	0	0	1	18
2013/09/15-23:12:56	5	1,964.365	63.476	14	0	0	2	1	0	0	1	1	0	0	60
2013/09/15-23:14:15	5	1,964.365	63.476	5	0	0	1	0	0	0	1	0	0	1	60
2013/09/15-23:22:04	5	1,964.365	63.476	3	0	0	1	0	0	1	1	0	0	1	16
2013/09/15-23:23:23	5	1,964.365	63.476	15	0	0	4	0	0	1	1	0	0	1	59
2013/09/15-23:24:41	5	1,964.365	63.476	2	0	1	0	0	0	0	1	0	0	1	23
2013/09/15-23:25:36	7	1,952.196	57.905	14	0	0	2	0	0	1	1	0	0	1	32
2013/09/15-23:26:55	7	1,952.196	57.905	11	0	1	1	0	0	0	1	0	0	1	51
2013/09/15-23:40:45	7	1,952.196	57.905	20	0	0	4	0	0	0	1	0	0	1	60
2013/09/15-23:42:04	7	1,952.196	57.905	10	0	1	0	0	0	0	1	0	0	1	58
2013/09/15-23:43:23	7	1,952.196	57.905	11	0	1	2	0	0	0	1	0	0	1	50
2013/09/15-23:44:41	7	1,952.196	57.905	5	0	0	0	0	0	1	1	0	0	1	16
2013/09/15-23:45:29	7	1,952.196	57.905	20	0	0	4	0	0	0	1	0	0	1	60
2013/09/16-00:06:54	7	1,952.196	57.905	30	0	0	8	0	0	0	1	0	0	1	60
2013/09/16-00:08:13	7	1,952.196	57.905	7	0	0	2	0	0	1	1	0	0	1	38
2013/09/16-00:09:27	7	1,952.196	57.905	2	0	0	1	0	0	1	1	0	0	1	19
2013/09/16-00:10:22	7	1,952.196	57.905	1	0	1	0	0	0	0	1	0	0	1	12
2013/09/16-00:11:41	11	1,917.401	53.122	3	0	1	1	0	0	0	1	0	0	1	30
2013/09/16-23:43:19	10	1,919.657	61.718	7	0	0	1	1	0	0	1	1	0	0	26
2013/09/16-23:44:05	10	1,919.657	61.718	19	0	1	0	0	0	0	1	0	0	1	48
2013/09/16-23:45:11	10	1,919.657	61.718	21	0	0	13	1	0	1	1	0	0	1	57
2013/09/16-23:46:30	10	1,919.657	61.718	7	0	0	2	0	0	1	1	0	0	1	26
2013/09/16-23:47:15	10	1,919.657	61.718	20	0	0	5	1	0	0	1	1	0	0	60
2013/09/17-00:15:00	8	1,937.779	58.712	0	0	1	0	0	0	0	1	0	0	1	6
2013/09/17-00:15:32	8	1,937.779	58.712	5	0	0	0	1	0	1	1	0	0	1	21
2013/09/17-00:16:12	8	1,937.779	58.712	4	0	1	0	0	0	0	1	0	0	1	16
2013/09/17-00:17:26	8	1,937.779	58.712	5	0	0	0	0	0	0	1	1	0	0	6
2013/09/17-00:17:51	8	1,937.779	58.712	6	0	0	0	1	0	0	1	1	0	0	17
2013/09/17-00:34:55	8	1,937.779	58.712	8	0	1	0	0	0	0	1	0	0	1	31
2013/09/17-00:35:52	8	1,937.779	58.712	10	0	0	4	0	0	0	1	1	0	0	60
2013/09/17-00:37:11	8	1,937.779	58.712	3	0	0	0	0	0	0	1	1	0	0	9
2013/09/17-00:37:39	8	1,937.779	58.712	0	0	1	0	0	0	0	1	0	0	1	9
2013/09/17-00:38:28	8	1,937.779	58.712	3	0	0	22	0	0	1	1	0	0	1	27
2013/09/17-20:46:53	7	1,955.417	61.118	2	0	0	1	1	0	0	1	1	0	0	6
2013/09/17-20:47:19	7	1,955.417	61.118	18	0	0	3	0	0	0	1	0	0	1	60
2013/09/17-20:48:37	7	1,955.417	61.118	8	0	0	0	0	0	0	1	1	0	0	9
2013/09/17-20:49:05	7	1,955.417	61.118	1	0	1	0	0	0	0	1	0	0	1	7
2013/09/17-20:49:31	7	1,955.417	61.118	21	0	0	11	0	0	0	1	1	0	0	60
2013/09/17-20:59:21	7	1,955.417	61.118	6	0	1	0	0	0	0	1	0	0	1	25
2013/09/17-21:00:29	7	1,955.417	61.118	1	0	1	0	0	0	0	1	0	0	1	17
2013/09/17-21:01:06	7	1,955.417	61.118	14	0	0	0	1	0	0	1	1	0	0	60
2013/09/17-21:02:25	7	1,955.417	61.118	2	0	1	0	1	0	0	1	0	0	1	18
2013/09/17-21:03:02	7	1,955.417	61.118	18	0	0	0	1	0	1	1	0	0	1	53
2013/09/17-21:18:03	7	1,955.417	61.118	1	0	1	0	0	0	0	1	0	0	1	5
2013/09/17-21:19:21	8	1,962.281	56.062	0	0	1	0	0	0	0	1	0	0	1	6
2013/09/17-21:20:11	8	1,962.281	56.062	9	0	0	0	0	0	1	1	0	0	1	12
2013/09/17-21:21:30	8	1,962.281	56.062	10	0	0	1	2	0	1	1	0	0	1	53
2013/09/17-21:22:43	8	1,962.281	56.062	17	0	0	6	1	0	0	1	1	0	0	60
2013/09/17-21:36:09	8	1,962.281	56.062	15	0	0	3	1	0	0	1	1	0	0	39
2013/09/17-21:37:07	8	1,962.281	56.062	0	0	1	0	0	0	0	1	0	0	1	7
2013/09/17-21:38:01	8	1,962.281	56.062	3	0	0	0	0	0	1	1	0	0	1	10
2013/09/17-21:38:46	8	1,962.281	56.062	11	0	0	0	0	0	1	1	0	0	1	31
2013/09/17-21:40:05	8	1,962.281	56.062	1	0	1	0	0	0	0	1	0	0	1	9
2013/09/17-21:50:42	8	1,962.281	56.062	15	0	0	18	0	0	1	1	0	0	1	33
2013/09/17-21:52:01	8	1,962.281	56.062	15	0	0	6	0	0	0	1	1	0	0	60
2013/09/17-21:53:20	8	1,962.281	56.062	5	0	0	0	0	0	1	1	0	0	1	5
2013/09/17-21:54:38	8	1,962.281	56.062	20	0	0	0	0	0	0	1	0	0	1	60
2013/09/17-21:55:57	8	1,962.281	56.062	8	0	0	1	0	0	0	1	1	0	0	34
2013/09/17-22:06:40	10	1,932.471	50.662	6	0	0	0	0	0	0	1	1	0	0	24
2013/09/17-22:07:23	10	1,932.471	50.662	9	0	0	2	2	0	0	1	1	0	0	60
2013/09/17-22:08:42	10	1,932.471	50.662	7	0	0	0	0	0	1	1	0	0	1	23
2013/09/17-22:10:00	10	1,932.471	50.662	34	0	0	6	1	0	0	1	1	0	0	60
2013/09/17-22:11:19	10	1,932.471	50.662	40	0	0	0	0	0	0	1	0	0	1	60
2013/09/18-12:23:45	6	1,951.794	61.259	11	0	0	3	0	0	0	1	1	0	0	41
2013/09/18-12:24:45	6	1,951.794	61.259	2	0	1	0	0	0	0	1	0	0	1	6
2013/09/18-12:25:45	6	1,951.794	61.259	10	0	1	0	0	0	0	1	0	0	1	9
2013/09/18-12:26:21	6	1,951.794	61.259	5	0	1	0	0	0	0	1	0	0	1	19
2013/09/18-12:27:10	6	1,951.794	61.259	14	0	0	0	0	0	0	1	0	0	1	60
2013/09/18-12:34:29	6	1,951.794	61.259	8	0	0	0	2	0	0	1	1	0	0	12
2013/09/18-12:35:00	6	1,951.794	61.259	3	0	1	0	0	0	0	1	0	0	1	15
2013/09/18-12:35:33	6	1,951.794	61.259	2	0	0	0	1	0	1	1	0	0	1	8
2013/09/18-12:36:50	6	1,951.794	61.259	9	0	0	0	1	0	0	1	1	0	0	35
2013/09/18-12:37:44	6	1,951.794	61.259	2	0	0	0	0	0	0	1	1	0	0	7
2013/09/18-12:53:47	6	1,951.794	61.259	10	0	0	2	0	0	1	1	0	0	1	42
2013/09/18-12:55:06	7	1,954.687	55.552	3	0	0	0	0	0	1	1	0	0	1	11
2013/09/18-12:55:52	7	1,954.687	55.552	15	0	0	0	0	0	0	1	0	0	1	60
2013/09/18-12:57:12	7	1,954.687	55.552	4	0	0	0	0	0	1	1	0	0	1	17
2013/09/18-12:58:15	7	1,954.687	55.552	2	0	0	0	2	0	0	1	1	0	0	8
2013/09/18-17:14:20	6	1,958.978	63.651	0	0	1	0	0	0	0	1	0	0	1	3
2013/09/18-17:14:52	6	1,958.978	63.651	0	0	1	0	0	0	0	1	0	0	1	3
2013/09/18-17:15:26	6	1,958.978	63.651	23	0	0	0	0	0	1	1	0	0	1	29
2013/09/18-17:16:13	6	1,958.978	63.651	12	0	0	5	0	0	1	1	0	0	1	40
2013/09/18-17:17:13	6	1,958.978	63.651	4	0	1	2	0	0	0	1	0	0	1	24
2013/09/18-17:37:56	8	1,934.38	60.224	3	0	1	0	1	0	0	1	0	0	1	22
2013/09/18-17:38:41	8	1,934.38	60.224	13	0	0	0	1	0	0	1	1	0	0	10
2013/09/18-17:39:10	8	1,934.38	60.224	0	0	1	0	0	0	0	1	0	0	1	6
2013/09/18-17:39:37	8	1,934.38	60.224	13	0	0	7	0	0	1	1	0	0	1	49
2013/09/18-17:40:56	8	1,934.38	60.224	3	0	0	0	2	0	0	1	1	0	0	12
2013/09/18-17:55:45	8	1,934.38	60.224	19	0	0	0	1	0	0	1	1	0	0	60
2013/09/18-17:57:04	8	1,934.38	60.224	8	0	0	1	1	0	0	1	1	0	0	32
2013/09/18-17:57:56	8	1,934.38	60.224	2	0	1	13	0	0	0	1	0	0	1	14
2013/09/18-17:59:15	8	1,934.38	60.224	5	0	1	0	0	0	0	1	0	0	1	7
2013/09/18-18:00:05	8	1,934.38	60.224	3	0	0	0	1	0	0	1	1	0	0	18
2013/09/19-18:01:42	5	1,940.662	83.934	5	0	0	1	0	0	0	1	1	0	0	47
2013/09/19-18:02:49	5	1,940.662	83.934	6	0	0	0	2	0	0	1	1	0	0	25
2013/09/19-18:03:33	5	1,940.662	83.934	15	0	0	0	1	0	0	1	1	0	0	44
2013/09/19-18:04:36	5	1,940.662	83.934	4	0	0	0	3	0	0	1	1	0	0	6
2013/09/19-18:05:01	5	1,940.662	83.934	5	0	0	7	0	0	0	1	1	0	0	22
2013/09/19-18:19:32	5	1,940.662	83.934	0	0	1	0	0	0	0	1	0	0	1	3
2013/09/19-18:20:51	5	1,940.662	83.934	7	0	0	5	0	0	1	1	0	0	1	15
2013/09/19-18:21:38	5	1,940.662	83.934	7	0	0	0	1	0	1	1	0	0	1	4
2013/09/19-18:22:58	5	1,940.662	83.934	5	0	0	1	2	0	0	1	1	0	0	12
2013/09/19-18:23:28	5	1,940.662	83.934	1	0	1	0	0	0	0	1	0	0	1	10
2013/09/19-18:38:52	8	1,897.004	75.855	0	0	1	0	0	0	0	1	0	0	1	3
2013/09/19-18:39:33	8	1,897.004	75.855	1	0	0	0	1	0	1	1	0	0	1	2
2013/09/19-18:39:56	8	1,897.004	75.855	1	0	1	0	0	0	0	1	0	0	1	2
2013/09/19-18:40:36	8	1,897.004	75.855	3	0	0	0	0	0	1	1	0	0	1	17
2013/09/19-18:41:16	8	1,897.004	75.855	4	0	0	1	0	0	0	1	1	0	0	24
2013/09/19-23:45:27	8	1,863.527	77.652	0	0	1	0	0	0	0	1	0	0	1	4
2013/09/19-23:45:54	8	1,863.527	77.652	11	0	0	0	1	0	0	1	1	0	0	45
2013/09/19-23:46:58	8	1,863.527	77.652	1	0	0	0	1	0	0	1	1	0	0	14
2013/09/19-23:47:31	8	1,863.527	77.652	7	0	1	3	0	0	0	1	0	0	1	60
2013/09/19-23:48:50	8	1,863.527	77.652	5	0	0	0	0	0	1	1	0	0	1	8
2013/09/19-23:56:55	8	1,863.527	77.652	5	0	0	0	1	0	0	1	1	0	0	34
2013/09/19-23:57:48	8	1,863.527	77.652	6	0	0	0	0	0	1	1	0	0	1	24
2013/09/19-23:59:06	8	1,863.527	77.652	0	0	1	0	0	0	0	1	0	0	1	6
2013/09/19-23:59:45	13	1,822.532	71.709	10	0	1	0	1	0	0	1	0	0	1	12
2013/09/20-00:01:03	13	1,822.532	71.709	0	0	1	0	0	0	0	1	0	0	1	9
2013/09/20-00:13:29	13	1,822.532	71.709	14	0	0	5	0	0	1	1	0	0	1	44
2013/09/20-00:14:36	13	1,822.532	71.709	1	0	1	0	0	0	0	1	0	0	1	12
2013/09/20-00:15:08	13	1,822.532	71.709	19	0	0	4	1	0	0	1	1	0	0	60
2013/09/20-00:16:27	13	1,822.532	71.709	0	0	1	0	0	0	0	1	0	0	1	3
2013/09/20-00:17:25	13	1,822.532	71.709	17	0	0	0	3	0	0	1	1	0	0	55
2013/09/20-04:26:55	17	1,801.478	75.375	1	0	1	0	0	0	0	1	0	0	1	30
2013/09/20-04:28:02	17	1,801.478	75.375	3	0	1	0	0	0	0	1	0	0	1	20
2013/09/20-04:28:52	17	1,801.478	75.375	17	0	0	3	1	0	0	1	1	0	0	60
2013/09/20-04:30:11	17	1,801.478	75.375	1	0	1	0	0	0	0	1	0	0	1	7
2013/09/20-04:30:36	17	1,801.478	75.375	6	0	1	0	1	0	0	1	0	0	1	30
2013/09/20-04:37:25	17	1,801.478	75.375	2	0	0	0	0	0	0	1	1	0	0	15
2013/09/20-04:37:59	17	1,801.478	75.375	6	0	0	2	0	0	0	1	1	0	0	60
2013/09/20-04:39:18	17	1,801.478	75.375	3	0	0	0	1	0	0	1	1	0	0	4
2013/09/20-04:39:40	17	1,801.478	75.375	4	0	0	0	0	0	0	1	1	0	0	19
2013/09/20-04:40:18	17	1,801.478	75.375	2	0	0	0	1	0	0	1	1	0	0	8
2013/09/20-04:59:55	14	1,814.332	69.614	6	0	0	0	2	0	0	1	1	0	0	24
2013/09/20-05:00:39	14	1,814.332	69.614	2	0	0	0	0	0	1	1	0	0	1	6
2013/09/20-05:01:36	14	1,814.332	69.614	3	0	0	0	0	0	1	1	0	0	1	8
2013/09/20-05:02:21	14	1,814.332	69.614	2	0	1	2	0	0	0	1	0	0	1	23
2013/09/20-05:03:40	14	1,814.332	69.614	0	0	1	0	0	0	0	1	0	0	1	11
2013/09/20-08:31:06	21	1,774.314	72.71	8	0	0	0	1	0	0	1	1	0	0	34
2013/09/20-08:31:59	21	1,774.314	72.71	4	0	0	0	2	0	0	1	1	0	0	14
2013/09/20-08:32:31	21	1,774.314	72.71	7	0	1	0	0	0	0	1	0	0	1	6
2013/09/20-08:33:06	21	1,774.314	72.71	4	0	1	0	0	0	0	1	0	0	1	14
2013/09/20-08:33:58	21	1,774.314	72.71	5	0	0	0	0	0	1	1	0	0	1	18
2013/09/20-09:05:27	22	1,773.6	68.634	12	0	0	0	1	0	0	1	1	0	0	60
2013/09/20-09:06:46	22	1,773.6	68.634	8	0	1	0	1	0	0	1	0	0	1	11
2013/09/20-09:07:16	22	1,773.6	68.634	0	0	1	0	0	0	0	1	0	0	1	4
2013/09/20-09:07:48	22	1,773.6	68.634	9	0	1	3	0	0	0	1	0	0	1	24
2013/09/20-09:08:37	22	1,773.6	68.634	19	0	0	0	0	0	0	1	0	0	1	60
2013/09/20-09:21:31	22	1,773.6	68.634	14	0	0	0	0	0	0	1	1	0	0	42
2013/09/20-09:22:32	22	1,773.6	68.634	1	0	1	0	0	0	0	1	0	0	1	4
2013/09/20-09:23:52	14	1,804.133	63.606	1	0	1	0	0	0	0	1	0	0	1	6
2013/09/20-09:24:48	14	1,804.133	63.606	0	0	1	0	0	0	0	1	0	0	1	3
2013/09/20-09:26:08	14	1,804.133	63.606	1	0	0	0	0	0	1	1	0	0	1	2
2013/09/20-12:43:37	15	1,789.649	68.353	1	0	1	0	0	0	0	1	0	0	1	10
2013/09/20-12:44:06	15	1,789.649	68.353	0	0	1	0	0	0	0	1	0	0	1	4
2013/09/20-12:44:29	15	1,789.649	68.353	5	0	0	0	0	0	0	1	1	0	0	52
2013/09/20-12:45:40	15	1,789.649	68.353	1	0	0	0	0	0	1	1	0	0	1	12
2013/09/20-12:46:11	15	1,789.649	68.353	4	0	0	0	1	0	0	1	1	0	0	13
2013/09/20-15:09:00	16	1,785.848	65.439	0	0	1	0	0	0	0	1	0	0	1	12
2013/09/20-15:09:51	16	1,785.848	65.439	9	0	0	0	1	0	0	1	1	0	0	60
2013/09/20-15:11:10	16	1,785.848	65.439	1	0	0	0	1	0	1	1	0	0	1	4
2013/09/20-15:11:42	16	1,785.848	65.439	19	0	0	0	1	0	0	1	1	0	0	60
2013/09/20-15:13:00	16	1,785.848	65.439	8	0	0	0	2	0	1	1	0	0	1	12
2013/09/20-15:24:45	14	1,789.901	61.781	14	0	0	13	0	0	0	1	1	0	0	47
2013/09/20-15:25:51	14	1,789.901	61.781	18	0	0	0	0	0	0	1	0	0	1	60
2013/09/20-15:27:10	14	1,789.901	61.781	3	0	1	0	0	0	0	1	0	0	1	15
2013/09/20-15:27:43	14	1,789.901	61.781	21	0	1	3	0	0	0	1	0	0	1	41
2013/09/20-15:29:02	14	1,789.901	61.781	17	0	0	0	1	0	1	1	0	0	1	26
2013/09/20-18:43:00	8	1,823.148	67.356	9	0	0	9	2	0	0	1	1	0	0	39
2013/09/20-18:43:58	8	1,823.148	67.356	8	0	0	1	2	0	0	1	1	0	0	26
2013/09/20-18:44:43	8	1,823.148	67.356	3	0	1	0	1	0	0	1	1	0	0	14
2013/09/20-18:45:16	8	1,823.148	67.356	0	0	1	0	0	0	0	1	0	0	1	17
2013/09/20-18:46:02	8	1,823.148	67.356	1	0	1	0	0	0	0	1	0	0	1	25
2013/09/20-19:06:03	8	1,823.148	67.356	13	0	0	2	0	0	0	1	1	0	0	60
2013/09/20-19:07:23	8	1,823.148	67.356	2	0	0	0	2	0	1	1	0	0	1	9
2013/09/20-19:07:51	8	1,823.148	67.356	3	0	0	0	2	0	0	1	1	0	0	9
2013/09/20-19:08:19	8	1,830.099	63.009	9	0	1	0	0	0	0	1	0	0	1	15
2013/09/20-19:09:29	8	1,830.099	63.009	4	0	0	0	0	0	1	1	0	0	1	20
2013/09/20-19:29:43	8	1,830.099	63.009	6	0	0	1	1	0	1	1	0	0	1	25
2013/09/20-19:30:29	8	1,830.099	63.009	5	0	0	0	2	0	0	1	1	0	0	24
2013/09/20-19:31:13	8	1,830.099	63.009	0	0	1	0	0	0	0	1	0	0	1	7
2013/09/20-19:31:45	8	1,830.099	63.009	2	0	0	0	0	0	1	1	0	0	1	1
2013/09/20-19:32:23	8	1,830.099	63.009	1	0	1	0	0	0	0	1	0	0	1	21
2013/09/20-21:48:07	11	1,789.939	65.25	16	0	1	2	0	0	0	1	0	0	1	59
2013/09/20-21:49:26	11	1,789.939	65.25	14	0	1	0	0	0	0	1	0	0	1	37
2013/09/20-21:50:44	11	1,789.939	65.25	0	0	1	0	0	0	0	1	0	0	1	8
2013/09/20-21:51:12	11	1,789.939	65.25	2	0	0	0	1	0	1	1	0	0	1	10
2013/09/20-21:51:42	11	1,789.939	65.25	3	0	1	1	0	0	0	1	0	0	1	27
2013/09/20-22:04:23	16	1,776.551	61.536	1	0	1	0	0	0	0	1	0	0	1	8
2013/09/20-22:04:50	16	1,776.551	61.536	1	0	0	0	0	0	0	1	1	0	0	6
2013/09/20-22:05:15	16	1,776.551	61.536	0	0	1	0	0	0	0	1	0	0	1	3
2013/09/20-22:06:31	16	1,776.551	61.536	7	0	0	12	0	0	1	1	0	0	1	25
2013/09/20-22:07:50	16	1,776.551	61.536	24	0	0	0	1	0	0	1	1	0	0	53
2013/09/20-22:25:03	16	1,776.551	61.536	0	0	1	0	0	0	0	1	0	0	1	3
2013/09/20-22:26:05	16	1,776.551	61.536	1	0	1	0	0	0	0	1	0	0	1	12
2013/09/20-22:27:25	16	1,776.551	61.536	2	0	0	0	0	0	0	1	1	0	0	10
2013/09/20-22:27:53	16	1,776.551	61.536	3	0	1	0	0	0	0	1	0	0	1	41
2013/09/20-22:28:54	16	1,776.551	61.536	1	0	1	0	0	0	0	1	0	0	1	14
2013/12/27-09:59:58	16	1,778.351	76.661	10	0	0	0	1	0	1	1	0	0	1	11
2013/12/27-10:01:10	16	1,778.351	76.661	9	0	1	1	0	0	0	1	0	0	1	44
2013/12/27-10:02:29	16	1,778.351	76.661	4	0	0	0	0	0	0	1	1	0	0	22
2013/12/27-10:03:10	16	1,778.351	76.661	10	0	0	0	1	0	0	1	1	0	0	47
2013/12/27-10:04:16	16	1,778.351	76.661	20	0	0	5	1	0	1	1	0	0	1	59
2013/12/27-10:22:44	16	1,778.351	76.661	20	0	0	0	1	0	0	1	1	0	0	60
2013/12/27-10:24:03	16	1,778.351	76.661	0	0	1	0	0	0	0	1	0	0	1	4
2013/12/27-10:24:25	16	1,778.351	76.661	0	0	1	0	0	0	0	1	0	0	1	13
2013/12/27-10:25:08	16	1,778.351	76.661	2	0	0	0	0	0	1	1	0	0	1	10
2013/12/27-10:26:26	16	1,778.351	76.661	24	0	0	6	0	0	0	1	0	0	1	60
2013/12/27-10:42:29	12	1,812.151	68.074	0	0	1	0	0	0	0	1	0	0	1	3
2013/12/27-10:43:04	12	1,812.151	68.074	3	0	0	0	0	0	1	1	0	0	1	10
2013/12/27-10:44:23	12	1,812.151	68.074	10	0	0	2	0	0	1	1	0	0	1	48
2013/12/27-10:45:41	12	1,812.151	68.074	4	0	0	0	1	0	0	1	1	0	0	18
2013/12/27-10:46:18	12	1,812.151	68.074	21	0	0	0	0	0	0	1	0	0	1	60
2013/12/28-07:25:44	9	1,803.14	97.353	1	0	1	0	0	0	0	1	0	0	1	6
2013/12/28-07:26:10	9	1,803.14	97.353	19	0	0	8	0	0	0	1	1	0	0	60
2013/12/28-07:27:29	9	1,803.14	97.353	6	0	0	2	0	0	1	1	0	0	1	34
2013/12/28-07:28:32	9	1,803.14	97.353	1	0	1	0	0	0	0	1	0	0	1	15
2013/12/28-07:29:51	9	1,803.14	97.353	1	0	1	0	0	0	0	1	0	0	1	9
2013/12/28-07:52:15	11	1,772.314	87.599	4	0	1	0	1	0	0	1	0	0	1	16
2013/12/28-07:53:06	11	1,772.314	87.599	6	0	0	0	1	0	1	1	0	0	1	4
2013/12/28-07:53:29	11	1,772.314	87.599	11	0	1	16	0	0	0	1	0	0	1	42
2013/12/28-07:54:30	11	1,772.314	87.599	14	0	0	1	0	0	0	1	1	0	0	50
2013/12/28-07:55:39	11	1,772.314	87.599	0	0	1	0	0	0	0	1	0	0	1	6
2013/12/28-08:07:50	11	1,772.314	87.599	7	0	0	10	0	0	1	1	0	0	1	24
2013/12/28-08:09:10	11	1,772.314	87.599	4	0	0	0	0	0	1	1	0	0	1	3
2013/12/28-08:10:29	11	1,772.314	87.599	5	0	0	0	1	0	0	1	1	0	0	22
2013/12/28-08:11:10	11	1,772.314	87.599	0	0	1	0	0	0	0	1	0	0	1	14
2013/12/28-08:11:50	11	1,772.314	87.599	1	0	0	0	0	0	0	1	1	0	0	4
2013/12/28-14:19:18	11	1,781.407	84.76	13	0	0	8	0	0	1	1	0	0	1	47
2013/12/28-14:20:26	11	1,781.407	84.76	14	0	0	0	0	0	0	1	1	0	0	60
2013/12/28-14:21:45	11	1,781.407	84.76	0	0	1	0	0	0	0	1	0	0	1	8
2013/12/28-14:22:12	11	1,781.407	84.76	3	0	1	0	0	0	0	1	0	0	1	15
2013/12/28-14:22:59	11	1,781.407	84.76	21	0	0	0	0	0	1	1	0	0	1	52
2013/12/28-14:28:56	11	1,781.407	84.76	11	0	0	13	1	0	0	1	1	0	0	37
2013/12/28-14:29:52	11	1,781.407	84.76	1	0	1	0	0	0	0	1	0	0	1	31
2013/12/28-14:31:11	11	1,781.407	84.76	19	0	0	0	1	0	1	1	0	0	1	59
2013/12/28-14:32:29	11	1,781.407	84.76	9	0	0	1	0	0	0	1	0	0	1	60
2013/12/28-14:33:48	11	1,781.407	84.76	3	0	1	1	0	0	0	1	0	0	1	17
2013/12/28-14:47:41	13	1,773.652	73.952	9	0	0	0	0	0	0	1	1	0	0	30
2013/12/28-14:48:30	13	1,773.652	73.952	2	0	1	0	0	0	0	1	0	0	1	13
2013/12/28-14:49:26	13	1,773.652	73.952	0	0	1	0	0	0	0	1	0	0	1	7
2013/12/28-14:49:52	13	1,773.652	73.952	19	0	0	0	2	0	0	1	1	0	0	32
2013/12/28-14:50:43	13	1,773.652	73.952	0	0	1	0	0	0	0	1	0	0	1	6
2013/12/28-19:37:31	14	1,771.315	78.264	7	0	1	0	0	0	0	1	0	0	1	27
2013/12/28-19:38:36	14	1,771.315	78.264	15	0	0	4	0	0	0	1	1	0	0	55
2013/12/28-19:39:51	14	1,771.315	78.264	27	0	0	0	1	0	0	1	1	0	0	60
2013/12/28-19:41:10	14	1,771.315	78.264	1	0	1	0	0	0	0	1	0	0	1	3
2013/12/28-19:41:38	14	1,771.315	78.264	19	0	0	2	1	0	0	1	1	0	0	60
2013/12/28-20:08:17	14	1,771.315	78.264	4	0	0	0	1	0	0	1	1	0	0	17
2013/12/28-20:08:53	7	1,811.804	71.54	1	0	1	0	0	0	0	1	0	0	1	7
2013/12/28-20:09:54	7	1,811.804	71.54	14	0	1	3	0	0	0	1	0	0	1	49
2013/12/28-20:11:02	7	1,811.804	71.54	16	0	0	1	0	0	0	1	0	0	1	60
2013/12/28-20:12:21	7	1,811.804	71.54	2	0	1	0	0	0	0	1	0	0	1	4
2013/12/28-20:28:53	7	1,811.804	71.54	8	0	1	1	0	0	0	1	0	0	1	34
2013/12/28-20:29:46	7	1,811.804	71.54	9	0	1	0	0	0	0	1	0	0	1	29
2013/12/28-20:30:34	7	1,811.804	71.54	1	0	1	0	0	0	0	1	0	0	1	6
2013/12/28-20:31:10	7	1,811.804	71.54	12	0	0	5	1	0	0	1	1	0	0	60
2013/12/28-20:32:29	7	1,811.804	71.54	1	0	1	0	0	0	0	1	0	0	1	7
2013/12/28-22:24:42	8	1,800.875	66.983	20	0	0	0	0	0	0	1	1	0	0	60
2013/12/28-22:26:01	8	1,800.875	66.983	7	0	1	0	0	0	0	1	0	0	1	21
2013/12/28-22:26:41	8	1,800.875	66.983	0	0	1	0	0	0	0	1	0	0	1	4
2013/12/28-22:27:28	8	1,800.875	66.983	12	0	0	0	1	0	1	1	0	0	1	16
2013/12/28-22:28:04	8	1,800.875	66.983	0	0	1	0	0	0	0	1	0	0	1	4
2013/12/28-22:47:20	8	1,800.875	66.983	3	0	1	0	1	0	0	1	0	0	1	27
2013/12/28-22:48:06	8	1,800.875	66.983	31	0	0	7	1	0	0	1	1	0	0	59
2013/12/28-22:49:24	8	1,800.875	66.983	7	0	1	0	0	0	0	1	0	0	1	4
2013/12/28-22:50:44	8	1,800.875	66.983	2	0	0	3	0	0	0	1	1	0	0	60
2013/12/28-22:52:03	8	1,800.875	66.983	4	0	0	0	0	0	1	1	0	0	1	22
2013/12/28-23:07:56	8	1,803.225	60.321	1	0	1	0	0	0	0	1	0	0	1	6
2013/12/28-23:08:38	8	1,803.225	60.321	19	0	0	0	1	0	0	1	1	0	0	60
2013/12/28-23:09:57	8	1,803.225	60.321	18	0	0	6	0	0	1	1	0	0	1	54
2013/12/28-23:11:10	8	1,803.225	60.321	27	0	0	22	0	0	0	1	1	0	0	60
2013/12/28-23:12:29	8	1,803.225	60.321	8	0	0	0	0	0	1	1	0	0	1	7
2013/12/29-04:07:03	7	1,814.13	68.332	5	0	1	0	0	0	0	1	0	0	1	6
2013/12/29-04:07:28	7	1,814.13	68.332	12	0	0	12	1	0	1	1	0	0	1	47
2013/12/29-04:08:35	7	1,814.13	68.332	1	0	1	0	0	0	0	1	0	0	1	9
2013/12/29-04:09:04	7	1,814.13	68.332	10	0	0	1	0	0	0	1	0	0	1	60
2013/12/29-04:10:23	7	1,814.13	68.332	18	0	0	0	0	0	0	1	1	0	0	54
2013/12/29-04:22:19	7	1,814.13	68.332	3	0	1	0	0	0	0	1	0	0	1	21
2013/12/29-04:23:38	7	1,814.13	68.332	7	0	0	0	1	0	1	1	0	0	1	9
2013/12/29-04:24:07	7	1,814.13	68.332	16	0	1	4	0	0	0	1	0	0	1	40
2013/12/29-04:25:06	7	1,814.13	68.332	1	0	1	0	0	0	0	1	0	0	1	9
2013/12/29-04:25:54	7	1,814.13	68.332	7	0	0	15	1	0	0	1	1	0	0	21
2013/12/29-04:39:48	2	1,835.75	61.387	10	0	0	0	1	0	0	1	1	0	0	33
2013/12/29-04:40:41	2	1,835.75	61.387	13	0	0	1	0	0	1	1	0	0	1	41
2013/12/29-04:41:41	2	1,835.75	61.387	4	0	1	0	0	0	0	1	0	0	1	22
2013/12/29-04:42:36	2	1,835.75	61.387	0	0	1	0	0	0	0	1	0	0	1	4
2013/12/29-04:43:25	2	1,835.75	61.387	0	0	1	0	0	0	0	1	0	0	1	3
2013/12/29-17:10:02	4	1,815.223	80.816	7	0	0	1	0	0	1	1	0	0	1	42
2013/12/29-17:11:04	4	1,815.223	80.816	1	0	0	0	0	0	0	1	1	0	0	23
2013/12/29-17:11:45	4	1,815.223	80.816	9	0	0	4	1	0	0	1	1	0	0	28
2013/12/29-17:12:32	4	1,815.223	80.816	8	0	0	2	1	0	0	1	1	0	0	33
2013/12/29-17:13:23	4	1,815.223	80.816	9	0	0	2	0	0	1	1	0	0	1	20
2013/12/29-17:31:17	4	1,815.223	80.816	21	0	0	5	0	0	0	1	1	0	0	60
2013/12/29-17:32:35	4	1,815.223	80.816	21	0	0	7	0	0	0	1	1	0	0	60
2013/12/29-17:33:54	4	1,815.223	80.816	18	0	1	2	0	0	0	1	0	0	1	49
2013/12/29-17:35:02	4	1,815.223	80.816	12	0	0	5	0	0	1	1	0	0	1	47
2013/12/29-17:36:08	4	1,815.223	80.816	24	0	0	4	0	0	0	1	1	0	0	60
2013/12/29-17:52:42	4	1,835.663	73.643	5	0	0	4	0	0	0	1	0	0	1	60
2013/12/29-17:54:01	4	1,835.663	73.643	0	0	0	0	0	0	0	1	0	0	1	60
2013/12/29-17:55:20	4	1,835.663	73.643	16	0	0	5	0	0	0	1	1	0	0	60
2013/12/29-17:56:39	4	1,835.663	73.643	16	0	0	4	1	0	0	1	1	0	0	60
2013/12/29-17:57:58	4	1,835.663	73.643	24	0	0	7	0	0	0	1	1	0	0	60
2013/12/29-23:10:25	2	1,850.187	74.601	17	0	0	5	0	0	0	1	1	0	0	51
2013/12/29-23:11:35	2	1,850.187	74.601	4	0	0	2	0	0	0	1	0	0	1	60
2013/12/29-23:12:54	2	1,850.187	74.601	21	0	0	8	0	0	0	1	1	0	0	60
2013/12/29-23:14:13	2	1,850.187	74.601	5	0	1	1	0	0	0	1	0	0	1	53
2013/12/29-23:15:25	2	1,850.187	74.601	15	0	0	3	0	0	0	1	0	0	1	60
2013/12/29-23:45:52	2	1,850.187	74.601	14	0	1	2	0	0	0	1	0	0	1	47
2013/12/29-23:47:07	2	1,850.187	74.601	2	0	0	0	1	0	1	1	0	0	1	7
2013/12/29-23:48:02	2	1,850.187	74.601	12	0	0	6	2	0	0	1	1	0	0	60
2013/12/29-23:49:21	2	1,850.187	74.601	2	0	1	1	0	0	0	1	0	0	1	11
2013/12/29-23:50:02	2	1,850.187	74.601	11	0	0	4	0	0	1	1	0	0	1	53
2013/12/30-00:03:56	2	1,856.578	66.327	6	0	1	2	0	0	0	1	0	0	1	33
2013/12/30-00:04:56	2	1,856.578	66.327	0	0	0	0	0	0	0	1	1	0	0	23
2013/12/30-00:05:37	2	1,856.578	66.327	24	0	0	7	1	0	0	1	1	0	0	58
2013/12/30-00:06:54	2	1,856.578	66.327	13	0	0	2	0	0	0	1	0	0	1	60
2013/12/30-00:08:13	2	1,856.578	66.327	17	0	0	3	1	0	1	1	0	0	1	46
2013/12/30-06:05:14	2	1,876.97	71.424	14	0	0	3	0	0	1	1	0	0	1	39
2013/12/30-06:06:13	2	1,876.97	71.424	17	0	1	3	0	0	0	1	0	0	1	49
2013/12/30-06:07:32	2	1,876.97	71.424	22	0	0	9	0	0	0	1	1	0	0	60
2013/12/30-06:08:51	2	1,876.97	71.424	18	0	0	7	1	0	0	1	1	0	0	59
2013/12/30-06:10:08	1	1,882.979	67.567	6	0	1	1	0	0	0	1	0	0	1	22
2013/12/30-06:40:09	1	1,882.979	67.567	27	0	0	4	1	0	0	1	1	0	0	60
2013/12/30-06:41:28	1	1,882.979	67.567	24	0	0	8	1	0	0	1	1	0	0	60
2013/12/30-06:42:47	1	1,882.979	67.567	20	0	0	10	0	0	0	1	1	0	0	60
2013/12/30-06:44:06	1	1,882.979	67.567	23	0	0	5	0	0	0	1	0	0	1	60
2013/12/30-06:45:25	1	1,882.979	67.567	10	0	1	0	0	0	0	1	0	0	1	39
2013/12/30-07:04:56	1	1,890.165	62.999	9	0	0	3	0	0	0	1	0	0	1	60
2013/12/30-07:06:15	1	1,890.165	62.999	10	0	0	2	1	0	1	1	0	0	1	57
2013/12/30-07:07:31	1	1,890.165	62.999	25	0	1	4	0	0	0	1	0	0	1	56
2013/12/30-07:08:51	1	1,890.165	62.999	14	0	0	5	0	0	1	1	0	0	1	38
2013/12/30-07:10:01	1	1,890.165	62.999	26	0	0	4	1	0	0	1	1	0	0	60
2013/12/30-10:58:29	2	1,893.056	66.378	6	0	0	3	0	0	1	1	0	0	1	58
2013/12/30-10:59:46	2	1,893.056	66.378	0	0	0	0	0	0	0	1	0	0	1	60
2013/12/30-11:01:05	2	1,893.056	66.378	7	0	0	1	0	0	0	1	0	0	1	60
2013/12/30-11:02:24	2	1,893.056	66.378	16	0	0	5	0	0	1	1	0	0	1	53
2013/12/30-11:03:43	2	1,893.056	66.378	13	0	0	4	0	0	0	1	1	0	0	60
2013/12/30-11:21:21	2	1,893.056	66.378	13	0	0	3	0	0	0	1	1	0	0	44
2013/12/30-11:22:24	2	1,893.056	66.378	12	0	0	3	0	0	1	1	0	0	1	35
2013/12/30-11:23:17	2	1,893.056	66.378	15	0	1	4	0	0	0	1	0	0	1	33
2013/12/30-11:24:09	2	1,893.056	66.378	17	0	0	7	0	0	0	1	0	0	1	60
2013/12/30-11:25:28	2	1,893.056	66.378	4	0	0	2	0	0	0	1	1	0	0	46
2013/12/30-11:45:55	4	1,851.24	62.761	1	0	0	1	0	0	0	1	0	0	1	60
2013/12/30-11:47:55	4	1,851.24	62.761	0	0	0	0	0	0	0	1	1	0	0	41
2013/12/30-11:48:52	4	1,851.24	62.761	11	0	0	4	1	0	1	1	0	0	1	39
2013/12/30-11:49:51	4	1,851.24	62.761	9	0	0	1	0	0	0	1	0	0	1	60
2013/12/30-11:51:10	4	1,851.24	62.761	0	0	0	2	0	0	0	1	0	0	1	60
2013/12/30-22:07:12	4	1,842.925	78.223	2	0	1	2	0	0	0	1	0	0	1	23
2013/12/30-22:08:07	4	1,842.925	78.223	4	0	0	1	1	0	0	1	1	0	0	17
2013/12/30-22:08:43	4	1,842.925	78.223	3	0	0	1	0	0	1	1	0	0	1	13
2013/12/30-22:10:02	4	1,842.925	78.223	13	0	1	1	0	0	0	1	0	0	1	49
2013/12/30-22:11:07	4	1,842.925	78.223	17	0	0	4	2	0	0	1	1	0	0	49
2013/12/31-08:36:23	3	1,857.232	85.487	3	0	0	0	1	0	0	1	1	0	0	16
2013/12/31-08:36:59	3	1,857.232	85.487	1	0	1	0	0	0	0	1	0	0	1	3
2013/12/31-08:37:24	3	1,857.232	85.487	21	0	0	1	0	0	0	1	1	0	0	60
2013/12/31-08:38:43	3	1,857.232	85.487	15	0	0	1	2	0	0	1	1	0	0	56
2013/12/31-08:39:57	3	1,857.232	85.487	8	0	0	0	1	0	0	1	1	0	0	7
2013/12/31-08:53:51	3	1,859.176	80.563	1	0	1	0	0	0	0	1	0	0	1	3
2013/12/31-08:55:10	3	1,859.176	80.563	6	0	1	0	0	0	0	1	0	0	1	28
2013/12/31-08:55:57	3	1,859.176	80.563	8	0	0	0	0	0	1	1	0	0	1	7
2013/12/31-08:56:24	3	1,859.176	80.563	2	0	0	0	1	0	0	1	1	0	0	16
2013/12/31-08:56:59	3	1,859.176	80.563	6	0	0	0	1	0	1	1	0	0	1	31
2013/12/31-09:11:48	3	1,859.176	80.563	7	0	1	4	0	0	0	1	0	0	1	30
2013/12/31-09:13:07	3	1,859.176	80.563	19	0	0	5	1	0	0	1	1	0	0	60
2013/12/31-09:14:26	3	1,859.176	80.563	2	0	1	0	0	0	0	1	0	0	1	36
2013/12/31-09:15:45	3	1,859.176	80.563	10	0	0	0	1	0	0	1	1	0	0	17
2013/12/31-09:16:21	3	1,859.176	80.563	8	0	1	0	0	0	0	1	0	0	1	28
2013/12/31-10:21:55	7	1,826.193	72.372	2	0	0	0	0	0	0	1	1	0	0	8
2013/12/31-10:22:22	7	1,826.193	72.372	2	0	0	0	2	0	0	1	1	0	0	8
2013/12/31-10:22:49	7	1,826.193	72.372	10	0	0	11	2	0	0	1	1	0	0	28
2013/12/31-10:23:36	7	1,826.193	72.372	0	0	0	0	0	0	0	1	1	0	0	15
2013/12/31-10:24:09	7	1,826.193	72.372	1	0	0	0	0	0	0	1	1	0	0	60
2013/12/31-10:35:07	7	1,830.326	71.23	18	0	0	5	1	0	1	1	0	0	1	54
2013/12/31-10:36:26	7	1,830.326	71.23	42	0	0	0	1	0	0	1	1	0	0	60
2013/12/31-10:37:45	7	1,830.326	71.23	12	0	0	1	1	0	0	1	1	0	0	39
2013/12/31-10:38:43	7	1,830.326	71.23	10	0	1	0	0	0	0	1	0	0	1	42
2013/12/31-10:39:44	7	1,830.326	71.23	8	0	1	0	0	0	0	1	0	0	1	33
2013/12/31-10:55:25	7	1,830.326	71.23	0	0	1	0	0	0	0	1	0	0	1	3
2013/12/31-10:56:28	7	1,830.326	71.23	2	0	0	0	1	0	1	1	0	0	1	10
2013/12/31-10:56:58	7	1,830.326	71.23	4	0	0	0	0	0	1	1	0	0	1	24
2013/12/31-10:57:51	7	1,830.326	71.23	2	0	0	0	1	0	1	1	0	0	1	9
2013/12/31-10:58:18	7	1,830.326	71.23	0	0	1	0	0	0	0	1	0	0	1	3
2013/12/31-14:20:00	14	1,779.589	71.004	3	0	1	0	0	0	0	1	0	0	1	14
2013/12/31-14:20:33	13	1,772.376	71.019	9	0	0	1	1	0	0	1	1	0	0	37
2013/12/31-14:21:29	13	1,772.376	71.019	7	0	0	2	2	0	0	1	1	0	0	16
2013/12/31-14:22:04	13	1,772.376	71.019	4	0	0	0	0	0	0	1	1	0	0	11
2013/12/31-14:22:34	13	1,772.376	71.019	7	0	0	0	1	0	1	1	0	0	1	5
2013/12/31-14:33:56	13	1,772.376	71.019	6	0	0	2	0	0	0	1	1	0	0	60
2013/12/31-14:35:15	13	1,772.376	71.019	0	0	1	0	0	0	0	1	0	0	1	3
2013/12/31-14:36:34	13	1,772.376	71.019	9	0	0	0	0	0	1	1	0	0	1	37
2013/12/31-14:37:33	13	1,772.376	71.019	23	0	0	19	0	0	0	1	1	0	0	60
2013/12/31-14:38:51	13	1,772.376	71.019	16	0	1	1	0	0	0	1	0	0	1	56
2013/12/31-15:06:59	13	1,766.784	65.753	2	0	0	0	0	0	1	1	0	0	1	9
2013/12/31-15:07:31	13	1,766.784	65.753	11	0	0	2	1	0	0	1	1	0	0	60
2013/12/31-15:08:50	13	1,766.784	65.753	7	0	0	0	0	0	1	1	0	0	1	29
2013/12/31-15:09:38	13	1,766.784	65.753	5	0	0	13	0	0	1	1	0	0	1	22
2013/12/31-15:10:57	13	1,766.784	65.753	16	0	0	3	1	0	0	1	1	0	0	43
2013/12/31-18:35:02	9	1,787.246	68.678	5	0	0	0	3	0	0	1	1	0	0	19
2013/12/31-18:35:40	9	1,787.246	68.678	14	0	0	0	1	0	0	1	1	0	0	60
2013/12/31-18:36:59	9	1,787.246	68.678	0	0	0	0	0	0	0	1	1	0	0	60
2013/12/31-18:38:18	9	1,787.246	68.678	32	0	0	0	2	0	0	1	1	0	0	56
2013/12/31-18:39:32	9	1,787.246	68.678	0	0	0	0	0	0	0	1	1	0	0	60
2013/12/31-18:48:29	9	1,787.246	68.678	9	0	1	4	1	0	0	1	0	0	1	27
2013/12/31-18:49:48	9	1,787.246	68.678	35	0	0	0	2	0	0	1	1	0	0	53
2013/12/31-18:50:59	9	1,787.246	68.678	23	0	0	10	0	0	0	1	1	0	0	60
2013/12/31-18:52:18	9	1,787.246	68.678	24	0	0	0	1	0	0	1	1	0	0	60
2013/12/31-18:53:37	9	1,787.246	68.678	5	0	0	0	0	0	1	1	0	0	1	34
2013/12/31-19:10:46	6	1,799.474	63.849	8	0	1	0	0	0	0	1	0	0	1	34
2013/12/31-19:12:05	6	1,799.474	63.849	0	0	1	0	0	0	0	1	0	0	1	6
2013/12/31-19:13:24	6	1,799.474	63.849	20	0	0	4	0	0	1	1	0	0	1	53
2013/12/31-19:14:43	6	1,799.474	63.849	1	0	0	0	0	0	0	1	1	0	0	4
2013/12/31-19:15:06	6	1,799.474	63.849	1	0	1	0	0	0	0	1	0	0	1	3
2013/12/31-22:39:13	13	1,764.425	67.742	12	0	0	0	0	0	1	1	0	0	1	42
2013/12/31-22:40:14	13	1,764.425	67.742	10	0	0	3	0	0	0	1	1	0	0	31
2013/12/31-22:41:04	13	1,764.425	67.742	12	0	0	14	1	0	0	1	1	0	0	41
2013/12/31-22:42:04	13	1,764.425	67.742	2	0	0	0	1	0	0	1	1	0	0	10
2013/12/31-22:42:33	13	1,764.425	67.742	15	0	0	0	2	0	0	1	1	0	0	60
2013/12/31-22:56:00	9	1,777.01	65.482	7	0	1	0	1	0	0	1	0	0	1	20
2013/12/31-22:56:40	9	1,777.01	65.482	4	0	0	0	1	0	0	1	1	0	0	26
2013/12/31-22:57:25	9	1,777.01	65.482	3	0	0	0	0	0	1	1	0	0	1	16
2013/12/31-22:58:00	9	1,777.01	65.482	11	0	0	0	1	0	1	1	0	0	1	13
2013/12/31-22:58:31	9	1,777.01	65.482	5	0	0	3	0	0	0	1	0	0	1	60
2013/12/31-23:15:31	9	1,777.01	65.482	2	0	0	0	1	0	0	1	1	0	0	22
2013/12/31-23:16:13	9	1,777.01	65.482	23	0	0	4	0	0	0	1	1	0	0	60
2013/12/31-23:17:32	9	1,777.01	65.482	16	0	0	0	1	0	0	1	1	0	0	14
2013/12/31-23:18:04	9	1,777.01	65.482	6	0	0	1	1	0	1	1	0	0	1	24
2013/12/31-23:18:47	9	1,777.01	65.482	3	0	0	0	0	0	0	1	1	0	0	11
2014/01/01-03:32:57	2	1,820.23	69.278	0	0	0	0	0	0	0	1	1	0	0	60
2014/01/01-03:34:16	2	1,820.23	69.278	7	0	1	1	0	0	0	1	0	0	1	21
2014/01/01-03:34:56	2	1,820.23	69.278	5	0	0	1	1	0	0	1	1	0	0	17
2014/01/01-03:35:32	2	1,820.23	69.278	5	0	0	0	2	0	0	1	1	0	0	6
2014/01/01-03:35:57	2	1,820.23	69.278	1	0	0	0	1	0	1	1	0	0	1	5
2014/01/01-03:49:32	2	1,820.23	69.278	2	0	1	0	0	0	0	1	0	0	1	8
2014/01/01-03:50:13	2	1,820.23	69.278	11	0	0	0	1	0	0	1	1	0	0	44
2014/01/01-03:51:15	2	1,820.23	69.278	0	0	0	0	0	0	0	1	1	0	0	60
2014/01/01-03:52:34	2	1,820.23	69.278	2	0	0	0	0	0	0	1	1	0	0	10
2014/01/01-03:53:03	2	1,820.23	69.278	6	0	0	0	0	0	0	1	1	0	0	11
2014/01/01-04:05:22	5	1,789.832	66.979	0	0	1	0	0	0	0	1	0	0	1	6
2014/01/01-04:05:51	5	1,789.832	66.979	7	0	1	2	0	0	0	1	0	0	1	28
2014/01/01-04:06:38	5	1,789.832	66.979	21	0	0	6	0	0	0	1	1	0	0	60
2014/01/01-04:07:57	5	1,789.832	66.979	12	0	0	3	1	0	0	1	1	0	0	44
2014/01/01-04:09:01	5	1,789.832	66.979	7	0	0	0	1	0	1	1	1	0	0	25
2014/01/01-07:35:09	8	1,774.145	71.63	16	0	0	2	0	0	0	1	1	0	0	60
2014/01/01-07:36:28	8	1,774.145	71.63	4	0	0	2	0	0	0	1	1	0	0	11
2014/01/01-07:36:58	8	1,774.145	71.63	2	0	0	0	0	0	0	1	1	0	0	9
2014/01/01-07:37:26	8	1,774.145	71.63	5	0	0	3	2	0	0	1	1	0	0	16
2014/01/01-07:38:01	8	1,774.145	71.63	0	0	1	0	0	0	0	1	1	0	0	3
2014/01/01-07:54:56	6	1,776.667	70.006	0	0	1	0	0	0	0	1	0	0	1	6
2014/01/01-07:56:06	6	1,776.667	70.006	1	0	0	0	0	0	1	1	0	0	1	8
2014/01/01-07:56:34	6	1,776.667	70.006	2	0	0	0	0	0	1	1	0	0	1	6
2014/01/01-07:57:02	6	1,776.667	70.006	5	0	1	1	0	0	0	1	0	0	1	18
2014/01/01-07:57:46	6	1,776.667	70.006	0	0	1	0	0	0	0	1	0	0	1	6
2014/01/01-08:10:12	6	1,776.667	70.006	11	0	0	0	2	0	0	1	1	0	0	14
2014/01/01-08:10:45	6	1,776.667	70.006	7	0	0	0	2	0	0	1	1	0	0	37
2014/01/01-08:11:41	6	1,776.667	70.006	0	0	0	0	0	0	0	1	1	0	0	35
2014/01/01-08:12:35	6	1,776.667	70.006	2	0	1	0	0	0	0	1	0	0	1	19
2014/01/01-08:13:13	6	1,776.667	70.006	3	0	0	0	0	0	0	1	1	0	0	8
2014/01/01-11:35:19	22	1,721.248	72.135	10	0	1	0	1	0	0	1	0	0	1	8
2014/01/01-11:35:46	22	1,721.248	72.135	21	0	0	9	0	0	1	1	0	0	1	57
2014/01/01-11:37:02	22	1,721.248	72.135	18	0	0	7	0	0	1	1	0	0	1	58
2014/01/01-11:38:19	22	1,721.248	72.135	6	0	0	0	0	0	0	1	1	0	0	24
2014/01/01-11:39:02	22	1,721.248	72.135	1	0	1	0	1	0	0	1	0	0	1	4
2014/01/01-12:05:09	21	1,709.775	69.235	1	0	1	0	0	0	0	1	0	0	1	6
2014/01/01-12:05:38	21	1,709.775	69.235	15	0	0	15	0	0	0	1	1	0	0	60
2014/01/01-12:06:57	21	1,709.775	69.235	9	0	0	0	0	0	0	1	0	0	1	60
2014/01/01-12:08:16	21	1,709.775	69.235	8	0	0	0	2	0	0	1	1	0	0	16
2014/01/01-12:08:50	21	1,709.775	69.235	9	0	1	0	1	0	0	1	0	0	1	36
2014/01/01-12:18:43	19	1,714.554	65.393	1	0	0	0	1	0	1	1	0	0	1	10
2014/01/01-12:19:21	19	1,714.554	65.393	10	0	0	2	0	0	1	1	0	0	1	24
2014/01/01-12:20:40	19	1,714.554	65.393	12	0	0	4	2	0	0	1	1	0	0	60
2014/01/01-12:21:59	19	1,714.554	65.393	8	0	0	10	0	0	1	1	0	0	1	31
2014/01/01-12:22:49	19	1,714.554	65.393	8	0	0	0	1	0	0	1	1	0	0	37
2014/01/01-22:13:26	19	1,724.832	69.042	3	0	0	0	1	0	0	1	1	0	0	16
2014/01/01-22:14:02	19	1,724.832	69.042	11	0	1	0	1	0	0	1	0	0	1	49
2014/01/01-22:15:09	19	1,724.832	69.042	10	0	0	0	0	0	1	1	0	0	1	32
2014/01/01-22:16:00	19	1,724.832	69.042	1	0	0	0	1	0	0	1	1	0	0	6
2014/01/01-22:16:25	19	1,724.832	69.042	4	0	1	0	0	0	0	1	0	0	1	7
2014/01/01-22:23:07	21	1,716.568	66.553	0	0	1	0	0	0	0	1	0	0	1	5
2014/01/01-22:23:33	21	1,716.568	66.553	13	0	0	0	0	0	1	1	0	0	1	19
2014/01/01-22:24:11	21	1,716.568	66.553	1	0	1	0	0	0	0	1	0	0	1	3
2014/01/01-22:24:44	21	1,716.568	66.553	0	0	1	0	0	0	0	1	0	0	1	3
2014/01/01-22:25:10	21	1,716.568	66.553	8	0	1	0	2	0	0	1	0	0	1	28
2014/01/01-22:35:17	21	1,716.568	66.553	2	0	1	0	0	0	0	1	0	0	1	17
2014/01/01-22:36:36	21	1,716.568	66.553	1	0	1	0	0	0	0	1	0	0	1	4
2014/01/01-22:37:55	21	1,716.568	66.553	16	0	0	1	0	0	0	1	1	0	0	60
2014/01/01-22:39:14	21	1,716.568	66.553	0	0	1	0	0	0	0	1	0	0	1	3
2014/01/01-22:40:00	21	1,716.568	66.553	9	0	0	0	0	0	1	1	0	0	1	18
2014/01/02-03:05:30	33	1,667.682	70.649	1	0	0	0	0	0	0	1	1	0	0	4
2014/01/02-03:05:53	33	1,667.682	70.649	1	0	0	0	0	0	1	1	0	0	1	3
2014/01/02-03:06:18	33	1,667.682	70.649	13	0	0	0	2	0	0	1	1	0	0	17
2014/01/02-03:06:54	33	1,667.682	70.649	8	0	0	3	0	0	0	1	1	0	0	60
2014/01/02-03:08:12	33	1,667.682	70.649	9	0	0	0	0	0	0	1	1	0	0	34
2014/01/02-03:25:20	36	1,662.772	68.346	2	0	0	0	0	0	0	1	1	0	0	27
2014/01/02-03:26:06	36	1,662.772	68.346	1	0	0	0	0	0	0	1	1	0	0	5
2014/01/02-03:26:30	36	1,662.772	68.346	3	0	0	0	0	0	0	1	1	0	0	7
2014/01/02-03:26:55	36	1,662.772	68.346	0	0	0	0	0	0	0	1	1	0	0	9
2014/01/02-03:27:23	36	1,662.772	68.346	5	0	0	3	1	0	0	1	1	0	0	16
2014/01/02-03:40:11	36	1,662.772	68.346	1	0	1	0	0	0	0	1	0	0	1	19
2014/01/02-03:41:30	36	1,662.772	68.346	9	0	0	2	0	0	0	1	1	0	0	29
2014/01/02-03:42:17	36	1,662.772	68.346	0	0	1	0	0	0	0	1	0	0	1	6
2014/01/02-03:42:54	36	1,662.772	68.346	0	0	0	0	0	0	0	1	1	0	0	50
2014/01/02-03:44:02	36	1,662.772	68.346	0	0	1	0	0	0	0	1	1	0	0	7
2014/01/02-08:12:39	34	1,663.162	70.744	4	0	0	0	1	0	0	1	1	0	0	14
2014/01/02-08:13:12	34	1,663.162	70.744	5	0	0	0	1	0	0	1	1	0	0	18
2014/01/02-08:13:48	30	1,670.045	70.005	6	0	0	2	0	0	0	1	1	0	0	45
2014/01/02-08:14:52	30	1,670.045	70.005	0	0	1	0	0	0	0	1	0	0	1	3
2014/01/02-08:15:14	30	1,670.045	70.005	10	0	0	0	1	0	0	1	1	0	0	15
2014/01/02-08:23:56	30	1,670.045	70.005	1	0	1	0	1	0	0	1	0	0	1	6
2014/01/02-08:24:21	30	1,670.045	70.005	25	0	0	4	0	0	0	1	1	0	0	58
2014/01/02-08:25:38	30	1,670.045	70.005	6	0	0	1	2	0	0	1	1	0	0	22
2014/01/02-08:26:19	30	1,670.045	70.005	12	0	0	0	2	0	0	1	1	0	0	17
2014/01/02-08:26:54	30	1,670.045	70.005	10	0	0	0	1	0	0	1	1	0	0	28
2014/01/02-08:37:34	30	1,670.045	70.005	0	0	1	0	0	0	0	1	0	0	1	8
2014/01/02-08:38:01	30	1,670.045	70.005	4	0	0	0	0	0	1	1	0	0	1	21
2014/01/02-08:38:41	30	1,670.045	70.005	22	0	0	0	2	0	0	1	1	0	0	43
2014/01/02-08:39:43	27	1,675.845	64.29	9	0	0	4	2	0	0	1	1	0	0	30
2014/01/02-08:40:32	27	1,675.845	64.29	2	0	0	0	2	0	1	1	0	0	1	12
2014/01/02-12:23:13	24	1,688.218	70.2	0	0	0	0	0	0	0	1	1	0	0	60
2014/01/02-12:24:32	24	1,688.218	70.2	0	0	1	0	0	0	0	1	0	0	1	6
2014/01/02-12:24:57	24	1,688.218	70.2	5	0	0	0	1	0	1	1	0	0	1	3
2014/01/02-12:25:20	24	1,688.218	70.2	3	0	0	0	1	0	0	1	1	0	0	13
2014/01/02-12:25:52	24	1,688.218	70.2	22	0	0	0	0	0	0	1	1	0	0	60
2014/01/02-12:33:03	24	1,688.218	70.2	8	0	0	1	2	0	0	1	1	0	0	40
2014/01/02-12:34:02	24	1,688.218	70.2	0	0	1	0	0	0	0	1	0	0	1	3
2014/01/02-12:34:45	24	1,688.218	70.2	11	0	1	0	0	0	0	1	0	0	1	46
2014/01/02-12:35:50	24	1,688.218	70.2	38	0	0	0	0	0	1	1	0	0	1	50
2014/01/02-12:36:59	24	1,688.218	70.2	1	0	1	0	0	0	0	1	0	0	1	3
2014/01/02-12:54:17	24	1,689.03	64.106	2	0	0	0	1	0	0	1	1	0	0	7
2014/01/02-12:54:43	24	1,689.03	64.106	10	0	0	0	0	0	1	1	0	0	1	14
2014/01/02-12:55:16	24	1,689.03	64.106	3	0	0	1	0	0	0	1	1	0	0	60
2014/01/02-12:56:35	24	1,689.03	64.106	1	0	1	0	0	0	0	1	0	0	1	7
2014/01/02-12:57:54	24	1,689.03	64.106	5	0	0	0	2	0	0	1	1	0	0	20
2014/01/02-17:12:47	18	1,707.65	69.45	1	0	1	0	2	0	0	1	0	0	1	3
2014/01/02-17:13:10	18	1,707.65	69.45	2	0	0	0	0	0	0	1	1	0	0	8
2014/01/02-17:13:37	18	1,707.65	69.45	1	0	0	0	0	0	0	1	1	0	0	3
2014/01/02-17:13:59	18	1,707.65	69.45	8	0	0	0	1	0	1	1	0	0	1	8
2014/01/02-17:14:26	18	1,707.65	69.45	0	0	0	0	0	0	0	1	1	0	0	12
2014/01/02-17:29:51	20	1,707.246	67.275	4	0	0	0	1	0	0	1	1	0	0	12
2014/01/02-17:30:22	20	1,707.246	67.275	14	0	0	5	0	0	1	1	0	0	1	51
2014/01/02-17:31:31	20	1,707.246	67.275	0	0	1	0	0	0	0	1	0	0	1	5
2014/01/02-17:31:56	20	1,707.246	67.275	6	0	0	0	2	0	0	1	1	0	0	20
2014/01/02-17:32:35	20	1,707.246	67.275	1	0	0	0	0	0	1	1	0	0	1	10
2014/01/02-17:46:32	21	1,697.745	63.964	18	0	0	0	1	0	0	1	1	0	0	50
2014/01/02-17:47:42	21	1,697.745	63.964	25	0	0	0	3	0	0	1	1	0	0	44
2014/01/02-17:48:44	21	1,697.745	63.964	24	0	0	15	0	0	0	1	0	0	1	60
2014/01/02-17:50:03	21	1,697.745	63.964	2	0	0	0	0	0	1	1	0	0	1	15
2014/01/02-17:50:37	21	1,697.745	63.964	0	0	1	0	0	0	0	1	0	0	1	3
2014/01/03-00:45:50	18	1,706.498	68.249	6	0	0	0	0	0	0	1	1	0	0	60
2014/01/03-00:47:10	18	1,706.498	68.249	4	0	0	0	2	0	0	1	1	0	0	12
2014/01/03-00:47:40	18	1,706.498	68.249	5	0	0	0	2	0	0	1	1	0	0	16
2014/01/03-00:48:15	18	1,706.498	68.249	8	0	0	0	1	0	0	1	1	0	0	35
2014/01/03-00:49:09	18	1,706.498	68.249	4	0	0	0	1	0	0	1	1	0	0	14
2014/01/03-01:00:24	18	1,706.498	68.249	2	0	1	0	0	0	0	1	0	0	1	18
2014/01/03-01:01:17	18	1,706.498	68.249	15	0	0	0	0	0	0	1	1	0	0	60
2014/01/03-01:02:36	18	1,706.498	68.249	8	0	0	1	0	0	0	1	1	0	0	19
2014/01/03-01:03:14	18	1,706.498	68.249	4	0	0	2	0	0	0	1	1	0	0	33
2014/01/03-01:04:06	18	1,706.498	68.249	0	0	1	0	0	0	0	1	0	0	1	6
2014/01/03-01:15:40	13	1,734.743	62.673	2	0	0	0	1	0	0	1	1	0	0	10
2014/01/03-01:16:09	13	1,734.743	62.673	5	0	0	0	0	0	1	1	0	0	1	10
2014/01/03-01:16:38	13	1,734.743	62.673	11	0	0	0	0	0	0	1	1	0	0	44
2014/01/03-01:17:41	13	1,734.743	62.673	10	0	1	0	0	0	0	1	0	0	1	39
2014/01/03-01:19:00	13	1,734.743	62.673	17	0	0	6	1	0	0	1	1	0	0	60
2014/01/03-05:40:12	9	1,762.641	68.49	5	0	0	0	0	0	0	1	1	0	0	16
2014/01/03-05:40:47	9	1,762.641	68.49	0	0	0	0	0	0	0	1	1	0	0	60
2014/01/03-05:42:06	9	1,762.641	68.49	0	0	0	0	0	0	0	1	1	0	0	60
2014/01/03-05:43:25	9	1,762.641	68.49	4	0	0	0	0	0	0	1	1	0	0	18
2014/01/03-05:44:02	9	1,762.641	68.49	9	0	0	0	1	0	1	1	0	0	1	4
2014/01/03-05:59:11	13	1,740.312	67.005	1	0	0	0	1	0	0	1	1	0	0	11
2014/01/03-05:59:40	13	1,740.312	67.005	0	0	0	0	0	0	0	1	1	0	0	60
2014/01/03-06:01:00	13	1,740.312	67.005	4	0	0	0	1	0	1	1	0	0	1	3
2014/01/03-06:01:28	13	1,740.312	67.005	2	0	0	0	2	0	0	1	1	0	0	11
2014/01/03-06:01:58	13	1,740.312	67.005	2	0	0	0	1	0	0	1	1	0	0	9
2014/01/03-06:15:07	14	1,731.316	65.146	27	0	0	0	0	0	0	1	1	0	0	60
2014/01/03-06:16:26	14	1,731.316	65.146	9	0	1	0	0	0	0	1	0	0	1	37
2014/01/03-06:17:22	14	1,731.316	65.146	12	0	0	4	0	0	0	1	0	0	1	60
2014/01/03-06:18:41	14	1,731.316	65.146	4	0	0	0	2	0	0	1	1	0	0	16
2014/01/03-06:19:17	14	1,731.316	65.146	6	0	0	2	2	0	0	1	1	0	0	18
2014/01/04-10:34:37	12	1,739.486	71.289	19	0	0	21	0	0	1	1	0	0	1	53
2014/01/04-10:35:50	12	1,739.486	71.289	9	0	0	0	0	0	1	1	0	0	1	26
2014/01/04-10:37:00	12	1,739.486	71.289	7	0	0	1	1	0	0	1	1	0	0	25
2014/01/04-10:37:44	12	1,739.486	71.289	22	0	0	0	2	0	0	1	1	0	0	36
2014/01/04-10:38:38	12	1,739.486	71.289	1	0	1	0	1	0	0	1	0	0	1	6
2014/01/04-10:49:29	11	1,760.221	66.645	1	0	1	0	0	0	0	1	0	0	1	6
2014/01/04-10:50:01	11	1,760.221	66.645	7	0	0	0	0	0	0	1	1	0	0	7
2014/01/04-10:50:26	11	1,760.221	66.645	12	0	0	3	0	0	1	1	0	0	1	47
2014/01/04-10:51:32	11	1,760.221	66.645	6	0	1	0	0	0	0	1	0	0	1	21
2014/01/04-10:52:51	11	1,760.221	66.645	1	0	1	0	0	0	0	1	0	0	1	10
2014/01/04-11:09:24	11	1,760.221	66.645	1	0	1	0	0	0	0	1	0	0	1	6
2014/01/04-11:10:09	11	1,760.221	66.645	1	0	1	0	0	0	0	1	0	0	1	6
2014/01/04-11:10:50	11	1,760.221	66.645	12	0	1	0	0	0	0	1	0	0	1	44
2014/01/04-11:11:53	11	1,760.221	66.645	21	0	1	5	0	0	0	1	0	0	1	56
2014/01/04-11:13:08	11	1,760.221	66.645	8	0	0	1	2	0	0	1	1	0	0	27
2014/01/04-16:40:12	11	1,758.596	71.969	7	0	0	0	0	0	0	1	1	0	0	15
2014/01/04-16:40:46	11	1,758.596	71.969	11	0	0	0	1	0	0	1	1	0	0	60
2014/01/04-16:42:05	11	1,758.596	71.969	0	0	1	0	0	0	0	1	0	0	1	9
2014/01/04-16:42:43	11	1,758.596	71.969	11	0	1	0	0	0	0	1	0	0	1	52
2014/01/04-16:43:54	11	1,758.596	71.969	11	0	0	3	2	0	0	1	1	0	0	44
2014/01/04-16:59:38	6	1,793.8	67.248	15	0	0	0	1	0	0	1	1	0	0	60
2014/01/04-17:00:58	6	1,793.8	67.248	8	0	1	0	0	0	0	1	0	0	1	4
2014/01/04-17:01:21	6	1,793.8	67.248	8	0	0	0	1	0	0	1	1	0	0	60
2014/01/04-17:02:40	6	1,793.8	67.248	7	0	0	1	0	0	1	1	0	0	1	20
2014/01/04-17:03:24	6	1,793.8	67.248	2	0	0	0	0	0	1	1	0	0	1	17
2014/01/04-17:24:32	6	1,793.8	67.248	0	0	1	0	0	0	0	1	0	0	1	3
2014/01/04-17:25:09	6	1,793.8	67.248	9	0	1	1	0	0	0	1	0	0	1	59
2014/01/04-17:26:27	6	1,793.8	67.248	10	0	1	2	0	0	0	1	0	0	1	44
2014/01/04-17:27:46	6	1,793.8	67.248	2	0	1	0	0	0	0	1	0	0	1	13
2014/01/04-17:28:26	6	1,793.8	67.248	9	0	0	0	0	0	0	1	1	0	0	42
2014/01/04-22:38:03	6	1,812.749	72.451	7	0	0	0	0	0	1	1	0	0	1	30
2014/01/04-22:38:53	6	1,812.749	72.451	5	0	0	2	0	0	1	1	0	0	1	23
2014/01/04-22:40:12	6	1,812.749	72.451	8	0	0	0	0	0	0	1	1	0	0	60
2014/01/04-22:41:31	6	1,812.749	72.451	3	0	1	0	0	0	0	1	0	0	1	6
2014/01/04-22:41:57	6	1,812.749	72.451	13	0	0	4	0	0	0	1	0	0	1	60
2014/01/04-23:14:56	6	1,815.421	67.596	7	0	1	15	0	0	0	1	0	0	1	37
2014/01/04-23:15:53	6	1,815.421	67.596	1	0	1	0	0	0	0	1	0	0	1	3
2014/01/04-23:16:19	6	1,815.421	67.596	10	0	1	0	0	0	0	1	0	0	1	42
2014/01/04-23:17:20	6	1,815.421	67.596	6	0	1	0	0	0	0	1	0	0	1	27
2014/01/04-23:18:16	6	1,815.421	67.596	26	0	0	0	1	0	0	1	1	0	0	39
2014/01/04-23:27:38	6	1,815.421	67.596	0	0	1	0	0	0	0	1	0	0	1	6
2014/01/04-23:28:57	6	1,815.421	67.596	1	0	1	0	1	0	0	1	0	0	1	4
2014/01/04-23:29:21	6	1,815.421	67.596	6	0	0	0	1	0	1	1	0	0	1	6
2014/01/04-23:30:06	6	1,815.421	67.596	1	0	1	0	0	0	0	1	0	0	1	3
2014/01/04-23:31:00	6	1,815.421	67.596	1	0	1	0	0	0	0	1	0	0	1	6
2014/01/05-13:23:32	10	1,780.577	68.375	0	0	0	0	0	0	0	1	1	0	0	8
2014/01/05-13:24:01	10	1,780.577	68.375	2	0	0	0	1	0	0	1	1	0	0	12
2014/01/05-13:24:32	10	1,780.577	68.375	2	0	0	0	1	0	0	1	1	0	0	10
2014/01/05-13:25:01	10	1,780.577	68.375	18	0	0	50	2	0	0	1	1	0	0	55
2014/01/05-13:26:14	10	1,780.577	68.375	3	0	0	1	1	0	0	1	1	0	0	7
2014/01/05-13:26:39	10	1,780.577	68.375	0	0	0	0	0	0	0	1	1	0	0	3
2014/01/05-13:27:02	10	1,780.577	68.375	2	0	0	0	1	0	0	1	1	0	0	9
2014/01/05-13:42:33	9	1,790.636	67.23	0	0	1	0	0	0	0	1	0	0	1	55
2014/01/05-13:43:47	9	1,790.636	67.23	0	0	0	0	0	0	0	1	1	0	0	60
2014/01/05-13:45:06	9	1,790.636	67.23	3	0	0	0	1	0	0	1	1	0	0	7
2014/01/05-13:45:31	9	1,790.636	67.23	2	0	0	2	1	0	0	1	1	0	0	3
2014/01/05-13:45:54	9	1,790.636	67.23	0	0	1	0	0	0	0	1	0	0	1	63
2014/01/05-13:47:16	9	1,790.636	67.23	12	0	0	0	1	0	0	1	1	0	0	38
2014/01/05-13:48:13	9	1,790.636	67.23	2	0	0	0	1	0	0	1	1	0	0	4
2014/01/05-13:56:20	9	1,790.636	67.23	2	0	0	1	0	0	1	1	0	0	1	35
2014/01/05-13:57:42	9	1,790.636	67.23	10	0	0	0	0	0	0	1	1	0	0	41
2014/01/05-13:58:42	9	1,790.636	67.23	0	0	1	0	0	0	0	1	0	0	1	2
2014/01/05-13:59:04	9	1,790.636	67.23	1	0	0	0	0	0	1	1	0	0	1	3
2014/01/05-13:59:50	9	1,790.636	67.23	1	0	0	0	2	0	0	1	1	0	0	4
2014/01/05-14:00:13	9	1,790.636	67.23	6	0	1	0	0	0	0	1	0	0	1	26
2014/01/05-14:01:51	9	1,790.636	67.23	3	0	1	0	0	0	0	1	0	0	1	3
2014/01/05-14:03:07	15	1,746.982	61.425	3	0	0	1	0	0	0	1	1	0	0	28
2014/01/05-14:03:54	15	1,746.982	61.425	2	0	0	4	1	0	0	1	1	0	0	30
2014/01/17-00:03:27	13	1,760.296	75.348	3	0	0	1	1	0	0	1	1	0	0	23
