2013/09/02-21:42:16	41	1,500	352.012	9	0	0	0	1	0	0	1	1	0	0	27
2013/09/02-21:43:02	41	1,500	352.012	1	0	0	0	1	0	0	1	1	0	0	4
2013/09/02-21:43:25	41	1,500	352.012	30	0	0	1	1	0	0	1	1	0	0	58
2013/09/02-21:44:42	41	1,500	352.012	17	0	1	5	0	0	0	1	0	0	1	48
2013/09/02-21:45:48	41	1,500	352.012	9	0	1	0	0	0	0	1	0	0	1	36
2013/09/02-22:35:50	41	1,500	352.012	3	0	1	0	1	0	0	1	0	0	1	7
2013/09/02-22:36:38	41	1,500	352.012	10	0	0	0	1	0	0	1	1	0	0	33
2013/09/02-22:37:28	41	1,500	352.012	18	0	0	8	2	0	1	1	0	0	1	30
2013/09/02-22:38:17	5	2,146.336	268.606	4	0	0	0	0	0	1	1	0	0	1	8
2013/09/02-22:39:37	5	2,146.336	268.606	1	0	1	0	0	0	0	1	0	0	1	3
2013/09/02-22:53:52	5	2,146.336	268.606	1	0	1	0	0	0	0	1	0	0	1	5
2013/09/02-22:54:30	5	2,146.336	268.606	3	0	1	0	1	0	0	1	0	0	1	12
2013/09/02-22:55:02	5	2,146.336	268.606	34	0	0	3	0	0	0	1	1	0	0	60
2013/09/02-22:56:21	5	2,146.336	268.606	1	0	1	0	1	0	0	1	0	0	1	4
2013/09/02-22:56:53	5	2,146.336	268.606	3	0	1	0	0	0	0	1	0	0	1	11
2013/09/03-15:19:38	56	1,380.38	220.631	32	0	0	2	0	0	0	1	0	0	1	60
2013/09/03-15:20:58	56	1,380.38	220.631	2	0	0	0	1	0	0	1	1	0	0	6
2013/09/03-15:21:22	56	1,380.38	220.631	1	0	0	0	1	0	0	1	1	0	0	11
2013/09/03-15:21:52	56	1,380.38	220.631	15	0	0	0	1	0	0	1	1	0	0	24
2013/09/03-15:22:35	56	1,380.38	220.631	11	0	0	0	0	0	0	1	1	0	0	34
2013/09/03-15:35:11	29	1,709.245	176.835	2	0	0	0	1	0	0	1	1	0	0	6
2013/09/03-15:35:36	29	1,709.245	176.835	31	0	0	5	1	0	0	1	1	0	0	53
2013/09/03-15:36:48	29	1,709.245	176.835	6	0	0	0	2	0	0	1	1	0	0	19
2013/09/03-15:37:27	29	1,709.245	176.835	14	0	0	0	2	0	1	1	0	0	1	19
2013/09/03-15:38:05	29	1,709.245	176.835	4	0	0	0	3	0	0	1	1	0	0	6
2013/09/03-15:50:45	29	1,709.245	176.835	9	0	0	0	1	0	0	1	1	0	0	20
2013/09/03-15:51:24	29	1,709.245	176.835	1	0	1	0	0	0	0	1	0	0	1	6
2013/09/03-15:51:49	29	1,709.245	176.835	15	0	0	4	0	0	1	1	0	0	1	28
2013/09/03-15:53:08	30	1,679.748	146.398	1	0	0	0	0	0	1	1	0	0	1	3
2013/09/03-15:54:06	30	1,679.748	146.398	7	0	1	0	1	0	0	1	0	0	1	10
2013/09/03-19:00:34	37	1,583.077	138.037	2	0	0	0	0	0	1	1	0	0	1	6
2013/09/03-19:01:03	37	1,583.077	138.037	21	0	0	6	1	0	1	1	0	0	1	38
2013/09/03-19:02:00	37	1,583.077	138.037	4	0	1	0	1	0	0	1	0	0	1	7
2013/09/03-19:02:27	37	1,583.077	138.037	14	0	0	1	1	0	0	1	1	0	0	42
2013/09/03-19:03:28	37	1,583.077	138.037	14	0	0	3	1	0	0	1	1	0	0	35
2013/09/03-19:24:22	36	1,595.88	120.421	11	0	0	0	1	0	0	1	1	0	0	37
2013/09/03-19:25:18	36	1,595.88	120.421	4	0	0	0	2	0	0	1	1	0	0	12
2013/09/03-19:25:49	36	1,595.88	120.421	10	0	0	0	3	0	0	1	1	0	0	18
2013/09/03-19:26:26	36	1,595.88	120.421	15	0	0	2	0	0	1	1	0	0	1	27
2013/09/03-19:27:45	36	1,595.88	120.421	8	0	0	0	2	0	1	1	0	0	1	12
2013/09/03-19:43:01	36	1,595.88	120.421	12	0	0	2	1	0	0	1	1	0	0	24
2013/09/03-19:58:54	36	1,595.88	120.421	13	0	0	0	2	0	0	1	1	0	0	18
2013/09/03-19:59:32	36	1,595.88	120.421	3	0	1	0	1	0	0	1	0	0	1	12
2013/09/03-20:00:03	36	1,595.88	120.421	13	0	0	1	0	0	1	1	0	0	1	36
2013/09/03-20:00:58	36	1,595.88	120.421	20	0	0	0	0	0	0	1	0	0	1	60
2013/09/03-22:47:58	29	1,722.353	103.11	17	0	0	2	0	0	0	1	1	0	0	60
2013/09/03-22:49:17	29	1,722.353	103.11	8	0	0	0	0	0	1	1	0	0	1	33
2013/09/03-22:50:36	29	1,722.353	103.11	1	0	1	0	1	0	0	1	0	0	1	4
2013/09/03-22:50:59	29	1,722.353	103.11	2	0	1	0	0	0	0	1	0	0	1	4
2013/09/03-22:51:33	29	1,722.353	103.11	7	0	0	2	1	0	1	1	0	0	1	11
2013/09/03-23:05:06	29	1,722.353	103.11	16	0	0	5	0	0	0	1	1	0	0	28
2013/09/03-23:05:52	29	1,722.353	103.11	3	0	0	0	0	0	1	1	0	0	1	11
2013/09/03-23:06:30	29	1,722.353	103.11	2	0	0	0	1	0	0	1	1	0	0	6
2013/09/03-23:06:54	29	1,722.353	103.11	31	0	0	0	1	0	1	1	0	0	1	47
2013/09/03-23:08:00	29	1,722.353	103.11	1	0	0	0	0	0	1	1	0	0	1	3
2013/09/03-23:28:19	26	1,757.166	87.503	20	0	0	3	2	0	0	1	1	0	0	60
2013/09/03-23:29:38	26	1,757.166	87.503	20	0	0	2	0	0	0	1	1	0	0	60
2013/09/03-23:30:57	26	1,757.166	87.503	27	0	0	0	1	0	1	1	0	0	1	42
2013/09/03-23:31:58	26	1,757.166	87.503	5	0	0	0	0	0	1	1	0	0	1	19
2013/09/03-23:33:17	26	1,757.166	87.503	2	0	0	0	0	0	1	1	0	0	1	6
2013/09/04-18:26:08	23	1,754.175	84.929	5	0	1	0	0	0	0	1	0	0	1	7
2013/09/04-18:27:27	23	1,754.175	84.929	6	0	0	0	1	0	1	1	0	0	1	43
2013/09/04-18:28:46	23	1,754.175	84.929	1	0	0	0	0	0	1	1	0	0	1	3
2013/09/04-18:29:32	23	1,754.175	84.929	17	0	0	3	0	0	1	1	0	0	1	40
2013/09/04-18:30:31	23	1,754.175	84.929	1	0	1	0	0	0	0	1	0	0	1	3
2013/09/04-18:31:15	23	1,754.175	84.929	10	0	0	0	1	0	0	1	1	0	0	36
2013/09/04-18:32:10	23	1,754.175	84.929	13	0	0	1	0	0	1	1	0	0	1	24
2013/09/04-18:33:29	23	1,754.175	84.929	30	0	0	0	1	0	1	1	0	0	1	51
2013/09/04-18:34:48	23	1,754.175	84.929	24	0	0	3	0	0	1	1	0	0	1	56
2013/09/04-18:36:07	23	1,754.175	84.929	15	0	0	0	0	0	1	1	0	0	1	19
2013/09/04-18:52:36	32	1,695.995	74.107	26	0	0	3	2	0	0	1	1	0	0	60
2013/09/04-18:53:55	32	1,695.995	74.107	2	0	1	0	0	0	0	1	0	0	1	8
2013/09/04-18:54:27	32	1,695.995	74.107	6	0	1	0	0	0	0	1	0	0	1	22
2013/09/04-18:55:08	32	1,695.995	74.107	45	0	0	0	0	0	0	1	1	0	0	60
2013/09/04-18:56:27	32	1,695.995	74.107	6	0	0	1	0	0	1	1	0	0	1	11
2013/09/05-01:10:31	31	1,697.451	74.086	8	0	0	0	1	0	1	1	0	0	1	25
2013/09/05-01:11:15	31	1,697.451	74.086	40	0	0	0	0	0	0	1	0	0	1	60
2013/09/05-01:12:34	31	1,697.451	74.086	9	0	1	0	1	0	0	1	0	0	1	25
2013/09/05-01:13:17	29	1,720.621	70.67	5	0	0	0	1	0	1	1	0	0	1	20
2013/09/05-01:14:36	29	1,720.621	70.67	12	0	0	1	0	0	1	1	0	0	1	28
2013/09/05-01:20:46	29	1,720.621	70.67	1	0	0	0	0	0	1	1	0	0	1	3
2013/09/05-01:22:04	29	1,720.621	70.67	9	0	1	1	1	0	0	1	0	0	1	22
2013/09/05-01:23:01	29	1,720.621	70.67	21	0	0	0	1	0	0	1	1	0	0	60
2013/09/05-01:24:20	29	1,720.621	70.67	7	0	0	0	0	0	1	1	0	0	1	18
2013/09/05-01:25:39	29	1,720.621	70.67	16	0	0	0	0	0	0	1	0	0	1	60
2013/09/05-01:36:43	29	1,720.621	70.67	8	0	0	0	1	0	0	1	1	0	0	23
2013/09/05-01:37:26	29	1,720.621	70.67	3	0	0	0	0	0	1	1	0	0	1	8
2013/09/05-01:38:45	29	1,720.621	70.67	28	0	0	0	3	0	0	1	1	0	0	44
2013/09/05-01:39:47	29	1,720.621	70.67	2	0	0	0	0	0	0	1	1	0	0	6
2013/09/05-01:40:12	29	1,720.621	70.67	34	0	0	4	0	0	0	1	1	0	0	60
2013/09/05-11:21:03	28	1,736.251	69.014	23	0	0	4	0	0	0	1	1	0	0	60
2013/09/05-11:22:22	28	1,736.251	69.014	17	0	0	1	0	0	1	1	0	0	1	39
2013/09/05-11:23:26	28	1,736.251	69.014	1	0	0	0	0	0	1	1	0	0	1	3
2013/09/05-11:24:41	28	1,736.251	69.014	9	0	0	1	0	0	1	1	0	0	1	19
2013/09/05-11:25:26	28	1,736.251	69.014	7	0	1	0	0	0	0	1	0	0	1	13
2013/09/05-11:26:28	28	1,736.251	69.014	33	0	0	5	1	0	0	1	1	0	0	60
2013/09/05-11:27:46	28	1,736.251	69.014	11	0	0	2	2	0	0	1	1	0	0	18
2013/09/05-11:28:24	28	1,736.251	69.014	13	0	0	1	1	0	1	1	0	0	1	26
2013/09/05-11:29:10	28	1,736.251	69.014	29	0	0	1	0	0	0	1	1	0	0	60
2013/09/05-11:30:28	28	1,736.251	69.014	12	0	0	2	1	0	1	1	0	0	1	20
2013/09/07-01:09:32	27	1,745.101	70.828	31	0	0	3	0	0	0	1	1	0	0	60
2013/09/07-01:10:51	27	1,745.101	70.828	9	0	1	1	0	0	0	1	0	0	1	23
2013/09/07-01:12:10	27	1,745.101	70.828	20	0	0	2	0	0	1	1	0	0	1	34
2013/09/07-01:13:02	27	1,745.101	70.828	25	0	0	2	0	0	0	1	0	0	1	81
2013/09/07-01:14:42	27	1,745.101	70.828	29	0	1	5	1	0	0	1	0	0	1	46
2013/09/07-09:26:51	27	1,745.101	70.828	28	0	0	4	2	0	0	1	1	0	0	60
2013/09/07-09:28:12	27	1,745.101	70.828	4	0	0	0	0	0	1	1	0	0	1	7
2013/09/07-09:29:30	27	1,745.101	70.828	14	0	0	5	0	0	1	1	0	0	1	29
2013/09/07-09:30:18	27	1,745.101	70.828	24	0	0	2	0	0	0	1	0	0	1	60
2013/09/07-09:31:37	27	1,745.101	70.828	5	0	0	0	0	0	1	1	0	0	1	16
2013/09/07-09:59:02	23	1,768.54	63.285	22	0	0	6	0	0	1	1	0	0	1	38
2013/09/07-10:00:22	23	1,768.54	63.285	27	0	0	2	0	0	0	1	0	0	1	60
2013/09/07-10:01:41	23	1,768.54	63.285	18	0	1	0	0	0	0	1	0	0	1	43
2013/09/07-10:03:00	23	1,768.54	63.285	29	0	0	2	1	0	0	1	1	0	0	60
2013/09/07-10:04:19	23	1,768.54	63.285	11	0	0	2	0	0	1	1	0	0	1	17
2013/09/08-14:45:27	24	1,770.651	62.514	2	0	0	0	0	0	0	1	1	0	0	7
2013/09/08-15:00:07	24	1,770.651	62.514	5	0	0	0	0	0	0	1	1	0	0	6
2013/09/08-15:00:33	24	1,770.651	62.514	12	0	0	0	1	0	0	1	1	0	0	20
2013/09/08-15:21:22	24	1,770.651	62.514	5	0	0	0	0	0	0	1	1	0	0	6
2013/09/08-15:21:42	24	1,770.651	62.514	21	0	0	3	1	0	0	1	1	0	0	31
2013/09/08-15:29:26	24	1,770.651	62.514	16	0	0	4	0	0	0	1	1	0	0	28
2013/09/08-15:32:35	24	1,770.651	62.514	8	0	0	3	0	0	1	1	0	0	1	18
2013/09/08-16:55:24	24	1,770.651	62.514	33	0	0	6	1	0	0	1	1	0	0	60
2013/09/08-16:56:40	24	1,770.651	62.514	11	0	0	1	0	0	1	1	0	0	1	17
2013/09/08-16:57:56	24	1,770.651	62.514	34	0	0	3	0	0	0	1	0	0	1	60
2013/09/08-17:37:47	24	1,770.651	62.514	1	0	0	0	0	0	1	1	0	0	1	4
2013/09/08-17:39:03	24	1,770.651	62.514	26	0	0	2	0	0	0	1	0	0	1	60
2013/09/08-17:40:22	24	1,770.651	62.514	31	0	0	4	1	0	0	1	1	0	0	60
2013/09/08-17:41:40	26	1,743.052	58.547	28	0	1	4	0	0	0	1	0	0	1	55
2013/09/08-17:42:55	26	1,743.052	58.547	4	0	0	0	1	0	1	1	0	0	1	6
2013/09/08-22:05:51	25	1,740.217	58.678	10	0	0	1	0	0	1	1	0	0	1	20
2013/09/08-22:06:53	25	1,740.217	58.678	31	0	0	3	0	0	1	1	0	0	1	58
2013/09/08-22:08:09	25	1,740.217	58.678	18	0	0	4	0	0	1	1	0	0	1	38
2013/09/08-22:09:06	25	1,740.217	58.678	16	0	1	2	0	0	0	1	0	0	1	42
2013/09/08-22:10:24	25	1,740.217	58.678	10	0	0	2	0	0	1	1	0	0	1	29
2013/09/08-22:24:46	25	1,740.217	58.678	21	0	0	4	0	0	1	1	0	0	1	39
2013/09/08-22:25:43	25	1,740.217	58.678	4	0	0	2	0	0	1	1	0	0	1	11
2013/09/08-22:26:55	25	1,740.217	58.678	20	0	0	2	0	0	1	1	0	0	1	46
2013/09/08-22:28:14	25	1,740.217	58.678	30	0	0	4	0	0	1	1	0	0	1	52
2013/09/08-22:29:25	25	1,740.217	58.678	36	0	0	4	0	0	0	1	1	0	0	60
2013/09/08-22:42:24	25	1,740.217	58.678	12	0	0	2	1	0	1	1	0	0	1	34
2013/09/08-22:43:16	25	1,740.217	58.678	13	0	1	1	0	0	0	1	0	0	1	27
2013/09/08-22:44:29	25	1,740.217	58.678	6	0	0	0	0	0	1	1	0	0	1	9
2013/09/08-22:45:48	25	1,740.217	58.678	10	0	1	1	0	0	0	1	0	0	1	19
2013/09/08-22:46:54	25	1,740.217	58.678	14	0	0	4	0	0	1	1	0	0	1	28
2013/09/10-08:43:54	28	1,719.238	59.954	33	0	0	4	2	0	0	1	1	0	0	60
2013/09/10-08:45:13	28	1,719.238	59.954	10	0	0	1	0	0	1	1	0	0	1	30
2013/09/10-08:46:32	28	1,719.238	59.954	23	0	0	2	0	0	0	1	0	0	1	60
2013/09/10-08:47:51	28	1,719.238	59.954	21	0	0	2	0	0	1	1	0	0	1	41
2013/09/10-08:49:10	28	1,719.238	59.954	27	0	0	2	0	0	0	1	0	0	1	60
2013/09/10-08:57:15	29	1,709.768	56.936	4	0	0	0	1	0	1	1	0	0	1	9
2013/09/10-08:58:34	29	1,709.768	56.936	30	0	0	4	1	0	0	1	1	0	0	51
2013/09/10-08:59:44	29	1,709.768	56.936	9	0	1	1	0	0	0	1	0	0	1	17
2013/09/10-09:01:03	29	1,709.768	56.936	6	0	0	1	1	0	1	1	0	0	1	15
2013/09/10-09:02:21	29	1,709.768	56.936	17	0	0	1	2	0	0	1	1	0	0	36
2013/09/10-17:54:43	29	1,709.768	56.936	27	0	0	1	2	0	0	1	1	0	0	58
2013/09/10-17:56:19	29	1,709.768	56.936	16	0	0	3	0	0	1	1	0	0	1	42
2013/09/10-17:57:20	29	1,709.768	56.936	17	0	0	1	0	0	1	1	0	0	1	39
2013/09/10-17:58:38	29	1,709.768	56.936	22	0	1	1	0	0	0	1	0	0	1	43
2013/09/10-17:59:54	29	1,709.768	56.936	16	0	0	2	1	0	0	1	1	0	0	27
2013/09/11-02:07:48	27	1,732.436	59.976	15	0	0	4	0	0	1	1	0	0	1	26
2013/09/11-02:08:44	27	1,732.436	59.976	3	0	0	0	0	0	1	1	0	0	1	5
2013/09/11-02:10:03	27	1,732.436	59.976	30	0	0	4	0	0	0	1	1	0	0	60
2013/09/11-02:11:22	27	1,732.436	59.976	29	0	0	3	0	0	0	1	0	0	1	60
2013/09/11-02:12:41	27	1,732.436	59.976	16	0	0	1	1	0	1	1	0	0	1	41
2013/09/11-07:18:25	27	1,732.436	59.976	29	0	0	1	0	0	0	1	0	0	1	60
2013/09/11-07:19:44	27	1,732.436	59.976	4	0	1	0	0	0	0	1	0	0	1	7
2013/09/11-08:11:41	27	1,732.436	59.976	17	0	0	1	1	0	1	1	0	0	1	33
2013/09/11-08:12:38	27	1,732.436	59.976	6	0	1	0	0	0	0	1	0	0	1	11
2013/09/11-08:13:56	27	1,732.436	59.976	24	0	0	1	0	0	0	1	0	0	1	60
2013/09/11-08:33:18	28	1,728.808	55.024	9	0	0	0	0	0	1	1	0	0	1	19
2013/09/11-08:34:29	28	1,728.808	55.024	2	0	0	0	0	0	1	1	0	0	1	4
2013/09/11-08:35:48	28	1,728.808	55.024	28	0	0	3	0	0	0	1	0	0	1	60
2013/09/11-08:42:11	28	1,728.808	55.024	18	0	0	3	0	0	1	1	0	0	1	40
2013/09/11-08:43:31	28	1,728.808	55.024	30	0	0	3	2	0	1	1	0	0	1	56
2013/09/11-18:11:29	30	1,711.882	59.394	18	0	0	4	0	0	1	1	0	0	1	37
2013/09/11-18:12:48	30	1,711.882	59.394	15	0	0	3	0	0	1	1	0	0	1	32
2013/09/11-18:14:03	30	1,711.882	59.394	6	0	0	0	2	0	1	1	1	0	0	16
2013/09/11-18:14:37	30	1,711.882	59.394	10	0	0	2	0	0	1	1	0	0	1	30
2013/09/11-18:15:56	30	1,711.882	59.394	13	0	0	1	0	0	1	1	0	0	1	33
2013/09/11-20:43:01	28	1,717.348	56.711	18	0	0	2	0	0	1	1	0	0	1	38
2013/09/11-20:44:20	28	1,717.348	56.711	25	0	0	2	1	0	0	1	1	0	0	38
2013/09/11-21:37:36	28	1,717.348	56.711	19	0	1	1	1	0	0	1	0	0	1	32
2013/09/11-21:50:45	28	1,717.348	56.711	11	0	0	0	0	0	1	1	0	0	1	22
2013/09/11-21:51:50	28	1,717.348	56.711	24	0	0	4	1	0	1	1	0	0	1	49
2013/09/11-22:12:59	28	1,717.348	56.711	15	0	0	2	0	0	1	1	0	0	1	34
2013/09/11-22:13:54	28	1,717.348	56.711	38	0	0	2	2	0	0	1	1	0	0	60
2013/09/11-22:15:12	28	1,717.348	56.711	29	0	0	1	0	0	0	1	0	0	1	60
2013/09/11-22:17:52	28	1,717.348	56.711	30	0	0	3	1	0	0	1	1	0	0	60
2013/09/11-22:19:12	28	1,717.348	56.711	31	0	0	3	1	0	0	1	1	0	0	60
2013/09/12-12:59:01	25	1,731.732	59.846	13	0	1	3	1	0	0	1	0	0	1	27
2013/09/12-12:59:47	25	1,731.732	59.846	25	0	0	1	1	0	0	1	1	0	0	49
2013/09/12-13:00:55	25	1,731.732	59.846	16	0	1	3	0	0	0	1	0	0	1	37
2013/09/12-13:01:50	25	1,731.732	59.846	13	0	0	2	0	0	1	1	0	0	1	33
2013/09/12-13:03:09	25	1,731.732	59.846	24	0	0	4	0	0	1	1	0	0	1	56
2013/09/13-12:14:29	25	1,755.234	62.535	4	0	0	0	0	0	1	1	0	0	1	8
2013/09/13-12:15:44	25	1,755.234	62.535	5	0	0	0	0	0	1	1	0	0	1	12
2013/09/13-12:17:03	25	1,755.234	62.535	35	0	0	4	0	0	0	1	1	0	0	60
2013/09/13-12:18:21	25	1,755.234	62.535	7	0	1	2	0	0	0	1	0	0	1	13
2013/09/13-12:19:19	25	1,755.234	62.535	5	0	0	0	0	0	1	1	0	0	1	8
2013/09/13-14:24:07	25	1,755.234	62.535	9	0	1	2	0	0	0	1	0	0	1	25
2013/09/13-14:24:59	25	1,755.234	62.535	19	0	0	2	0	0	1	1	0	0	1	44
2013/09/13-14:26:12	25	1,755.234	62.535	23	0	0	3	0	0	1	1	0	0	1	42
2013/09/13-14:27:26	25	1,755.234	62.535	14	0	0	1	1	0	0	1	1	0	0	36
2013/09/13-14:28:21	25	1,755.234	62.535	4	0	0	0	0	0	1	1	0	0	1	8
2013/09/13-14:46:43	28	1,705.681	58.705	12	0	0	1	0	0	0	1	1	0	0	21
2013/09/13-14:47:23	28	1,705.681	58.705	6	0	0	1	0	0	1	1	0	0	1	14
2013/09/13-14:47:56	28	1,705.681	58.705	15	0	0	1	0	0	0	1	1	0	0	35
2013/09/13-14:48:50	28	1,705.681	58.705	15	0	0	2	1	0	0	1	1	0	0	29
2013/09/13-14:49:38	28	1,705.681	58.705	6	0	0	0	0	0	1	1	0	0	1	11
2013/09/14-02:05:24	32	1,701.827	68.963	2	0	0	0	0	0	1	1	0	0	1	7
2013/09/14-02:06:13	32	1,701.827	68.963	28	0	0	3	0	0	0	1	1	0	0	60
2013/09/14-02:07:31	32	1,701.827	68.963	9	0	1	2	0	0	0	1	0	0	1	14
2013/09/14-02:08:43	32	1,701.827	68.963	23	0	0	1	0	0	1	1	0	0	1	44
2013/09/14-02:10:02	32	1,701.827	68.963	29	0	0	2	1	0	0	1	1	0	0	60
2013/09/14-02:44:29	32	1,688.014	66.516	27	0	1	0	0	0	0	1	0	0	1	53
2013/09/14-02:45:48	32	1,688.014	66.516	29	0	0	2	1	0	0	1	1	0	0	60
2013/09/14-02:47:06	32	1,688.014	66.516	18	0	0	1	0	0	1	1	0	0	1	31
2013/09/14-02:48:25	32	1,688.014	66.516	25	0	0	3	0	0	0	1	0	0	1	60
2013/09/14-02:49:44	32	1,688.014	66.516	30	0	0	2	1	0	0	1	1	0	0	60
2013/09/14-03:08:08	32	1,688.014	66.516	17	0	1	3	1	0	0	1	0	0	1	38
2013/09/14-03:09:05	32	1,688.014	66.516	7	0	0	0	0	0	1	1	0	0	1	14
2013/09/14-03:10:08	32	1,688.014	66.516	15	0	0	3	0	0	0	1	1	0	0	30
2013/09/14-03:10:57	32	1,688.014	66.516	22	0	0	3	1	0	1	1	0	0	1	49
2013/09/14-03:12:05	32	1,688.014	66.516	3	0	1	0	0	0	0	1	0	0	1	10
2013/09/14-04:22:41	30	1,725.273	62.157	18	0	0	3	0	0	1	1	0	0	1	25
2013/09/14-04:23:25	30	1,725.273	62.157	9	0	0	0	0	0	1	1	0	0	1	19
2013/09/14-04:24:43	30	1,725.273	62.157	5	0	0	0	0	0	1	1	0	0	1	11
2013/09/14-04:25:27	30	1,725.273	62.157	29	0	0	3	1	0	0	1	1	0	0	60
2013/09/14-04:26:46	30	1,725.273	62.157	14	0	1	0	0	0	0	1	0	0	1	32
2013/09/14-04:49:09	29	1,724.016	60.623	11	0	0	1	0	0	1	1	0	0	1	25
2013/09/14-04:50:28	29	1,724.016	60.623	30	0	0	3	0	0	0	1	1	0	0	60
2013/09/14-04:51:47	29	1,724.016	60.623	16	0	0	5	1	0	1	1	0	0	1	28
2013/09/14-04:52:33	29	1,724.016	60.623	6	0	1	0	0	0	0	1	0	0	1	20
2013/09/14-04:53:51	29	1,724.016	60.623	27	0	0	5	1	0	1	1	0	0	1	58
2013/09/14-05:11:07	29	1,724.016	60.623	25	0	0	3	0	0	1	1	0	0	1	50
2013/09/14-05:12:16	28	1,748.138	58.132	8	0	0	1	0	0	1	1	0	0	1	20
2013/09/14-05:13:35	28	1,748.138	58.132	28	0	0	3	2	0	0	1	1	0	0	40
2013/09/14-05:14:34	28	1,748.138	58.132	12	0	0	0	0	0	1	1	0	0	1	33
2013/09/14-05:15:53	28	1,748.138	58.132	2	0	1	0	0	0	0	1	0	0	1	10
2013/09/14-10:16:49	28	1,749.666	60.37	28	0	0	2	0	0	0	1	0	0	1	60
2013/09/14-10:18:08	28	1,749.666	60.37	16	0	0	4	0	0	0	1	1	0	0	44
2013/09/14-10:19:10	28	1,749.666	60.37	9	0	1	1	0	0	0	1	0	0	1	27
2013/09/14-10:20:16	28	1,749.666	60.37	15	0	1	1	0	0	0	1	0	0	1	40
2013/09/14-10:21:14	28	1,749.666	60.37	29	0	0	4	0	0	0	1	0	0	1	60
2013/09/14-10:51:40	27	1,758.235	59.228	24	0	0	2	0	0	1	1	0	0	1	53
2013/09/14-10:52:51	27	1,758.235	59.228	13	0	1	1	0	0	0	1	0	0	1	23
2013/09/14-10:53:33	27	1,758.235	59.228	23	0	0	2	1	0	0	1	0	0	1	60
2013/09/14-10:54:51	27	1,758.235	59.228	9	0	0	2	0	0	1	1	0	0	1	23
2013/09/14-10:55:51	27	1,758.235	59.228	15	0	0	2	1	0	1	1	0	0	1	22
2013/09/14-11:11:53	27	1,758.235	59.228	7	0	0	2	0	0	1	1	0	0	1	15
2013/09/14-11:13:12	27	1,758.235	59.228	9	0	0	1	0	0	1	1	0	0	1	23
2013/09/14-11:14:31	27	1,758.235	59.228	10	0	0	1	0	0	1	1	0	0	1	20
2013/09/14-11:15:50	27	1,758.235	59.228	5	0	0	1	0	0	1	1	0	0	1	12
2013/09/14-11:17:09	27	1,758.235	59.228	3	0	0	0	0	0	1	1	0	0	1	6
2013/09/14-13:17:36	28	1,749.643	59.113	11	0	0	2	0	0	1	1	0	0	1	20
2013/09/14-13:18:54	28	1,749.643	59.113	11	0	0	1	0	0	1	1	0	0	1	21
2013/09/14-13:24:27	28	1,749.643	59.113	14	0	0	3	0	0	1	1	0	0	1	27
2013/09/14-13:25:14	28	1,749.643	59.113	16	0	1	2	0	0	0	1	0	0	1	33
2013/09/14-13:26:16	28	1,749.643	59.113	23	0	0	2	0	0	0	1	1	0	0	45
2013/09/14-13:57:23	28	1,745.503	57.161	17	0	0	3	1	0	1	1	0	0	1	37
2013/09/14-13:58:18	28	1,745.503	57.161	7	0	1	0	0	0	0	1	0	0	1	12
2013/09/14-13:59:18	28	1,745.503	57.161	5	0	0	0	0	0	1	1	0	0	1	12
2013/09/14-14:00:10	28	1,745.503	57.161	6	0	0	1	0	0	1	1	0	0	1	11
2013/09/14-14:01:14	28	1,745.503	57.161	6	0	0	0	0	0	1	1	0	0	1	12
2013/09/14-14:12:32	28	1,745.503	57.161	21	0	1	0	1	0	0	1	0	0	1	40
2013/09/14-14:13:31	28	1,745.503	57.161	19	0	0	4	1	0	0	1	1	0	0	30
2013/09/14-14:14:20	28	1,745.503	57.161	24	0	0	4	1	0	0	1	1	0	0	43
2013/09/14-14:15:22	28	1,745.503	57.161	21	0	0	2	2	0	1	1	0	0	1	27
2013/09/14-14:16:08	28	1,745.503	57.161	30	0	0	7	1	0	0	1	1	0	0	60
2013/09/14-18:16:36	27	1,749.466	58.885	27	0	0	1	0	0	1	1	0	0	1	54
2013/09/14-18:17:49	27	1,749.466	58.885	24	0	0	1	1	0	0	1	1	0	0	47
2013/09/14-18:18:55	27	1,749.466	58.885	22	0	0	3	0	0	1	1	0	0	1	41
2013/09/14-18:20:04	27	1,749.466	58.885	11	0	0	1	0	0	1	1	0	0	1	20
2013/09/14-18:21:12	27	1,749.466	58.885	18	0	0	3	0	0	1	1	0	0	1	39
2013/09/14-18:29:12	28	1,732.851	56.845	19	0	0	4	2	0	1	1	0	0	1	29
2013/09/14-18:30:00	28	1,732.851	56.845	23	0	0	2	1	0	0	1	1	0	0	48
2013/09/14-18:31:06	28	1,732.851	56.845	29	0	0	1	2	0	0	1	1	0	0	60
2013/09/14-18:32:25	28	1,732.851	56.845	9	0	0	1	0	0	1	1	0	0	1	21
2013/09/14-18:33:26	28	1,732.851	56.845	22	0	0	4	0	0	1	1	0	0	1	44
2013/09/14-18:57:04	28	1,732.851	56.845	15	0	0	3	0	0	1	1	0	0	1	35
2013/09/14-18:58:06	28	1,732.851	56.845	5	0	0	1	0	0	1	1	0	0	1	16
2013/09/14-18:58:56	28	1,732.851	56.845	10	0	1	0	0	0	0	1	0	0	1	22
2013/09/14-18:59:58	28	1,732.851	56.845	9	0	0	2	1	0	1	1	0	0	1	17
2013/09/14-19:00:58	28	1,732.851	56.845	9	0	1	1	0	0	0	1	0	0	1	21
2013/09/14-22:14:08	29	1,725.86	58.06	16	0	0	2	2	0	1	1	0	0	1	30
2013/09/14-22:14:58	29	1,725.86	58.06	9	0	0	2	0	0	1	1	0	0	1	22
2013/09/14-22:15:57	29	1,725.86	58.06	12	0	0	0	0	0	1	1	0	0	1	23
2013/09/14-22:17:13	29	1,725.86	58.06	9	0	1	0	1	0	0	1	0	0	1	23
2013/09/14-22:17:55	29	1,725.86	58.06	5	0	0	1	0	0	1	1	0	0	1	12
2013/09/14-22:35:51	29	1,725.86	58.06	21	0	0	3	3	0	0	1	1	0	0	29
2013/09/14-22:36:39	29	1,725.86	58.06	15	0	0	1	1	0	0	1	1	0	0	23
2013/09/14-22:37:21	29	1,725.86	58.06	23	0	0	2	2	0	1	1	0	0	1	42
2013/09/14-22:38:22	29	1,725.86	58.06	13	0	0	2	0	0	1	1	0	0	1	26
2013/09/14-22:39:07	29	1,725.86	58.06	28	0	0	3	0	0	1	1	0	0	1	48
2013/09/14-23:01:18	32	1,713.377	54.204	16	0	0	2	0	0	1	1	0	0	1	38
2013/09/14-23:02:16	32	1,713.377	54.204	1	0	0	0	0	0	1	1	0	0	1	3
2013/09/14-23:02:47	32	1,713.377	54.204	9	0	0	0	0	0	1	1	0	0	1	19
2013/09/14-23:03:46	32	1,713.377	54.204	16	0	0	4	0	0	1	1	0	0	1	27
2013/09/14-23:05:04	32	1,713.377	54.204	5	0	1	0	0	0	0	1	0	0	1	14
2013/09/15-10:55:25	33	1,692.154	58.083	7	0	0	3	0	0	1	1	0	0	1	20
2013/09/15-10:56:45	33	1,692.154	58.083	1	0	0	0	0	0	1	1	0	0	1	3
2013/09/15-10:58:04	33	1,692.154	58.083	6	0	0	0	0	0	1	1	0	0	1	12
2013/09/15-10:59:07	33	1,692.154	58.083	17	0	0	2	0	0	1	1	0	0	1	52
2013/09/15-11:00:18	33	1,692.154	58.083	23	0	0	1	1	0	1	1	0	0	1	42
2013/09/15-11:23:09	33	1,680.786	56.244	14	0	0	2	0	0	1	1	0	0	1	34
2013/09/15-11:24:28	33	1,680.786	56.244	7	0	0	2	0	0	1	1	0	0	1	13
2013/09/15-11:25:18	33	1,680.786	56.244	19	0	0	0	1	0	1	1	0	0	1	33
2013/09/15-11:26:11	33	1,680.786	56.244	25	0	0	7	1	0	0	1	1	0	0	49
2013/09/15-11:27:19	33	1,680.786	56.244	5	0	0	0	0	0	1	1	0	0	1	9
2013/09/15-11:40:28	33	1,680.786	56.244	33	0	0	3	1	0	0	1	1	0	0	57
2013/09/15-11:41:44	33	1,680.786	56.244	32	0	0	3	2	0	1	1	0	0	1	56
2013/09/15-11:42:59	33	1,680.786	56.244	15	0	1	1	2	0	0	1	0	0	1	33
2013/09/15-11:43:51	33	1,680.786	56.244	18	0	0	2	0	0	1	1	0	0	1	33
2013/09/15-11:44:43	33	1,680.786	56.244	20	0	0	5	1	0	1	1	0	0	1	39
2013/09/15-18:32:53	34	1,668.054	60.137	8	0	0	1	0	0	1	1	0	0	1	17
2013/09/15-18:34:12	34	1,668.054	60.137	10	0	0	3	0	0	1	1	0	0	1	24
2013/09/15-18:35:31	34	1,668.054	60.137	19	0	0	0	1	0	1	1	0	0	1	42
2013/09/15-18:36:32	34	1,668.054	60.137	14	0	1	1	0	0	0	1	0	0	1	28
2013/09/15-18:37:19	34	1,668.054	60.137	10	0	1	2	0	0	0	1	0	0	1	19
2013/09/15-18:43:37	34	1,668.054	60.137	15	0	0	2	1	0	0	1	1	0	0	38
2013/09/15-18:44:34	34	1,668.054	60.137	34	0	0	1	1	0	0	1	0	0	1	60
2013/09/15-18:45:53	34	1,668.054	60.137	15	0	0	0	1	0	0	1	1	0	0	29
2013/09/15-18:46:41	34	1,668.054	60.137	34	0	0	5	2	0	1	1	0	0	1	58
2013/09/15-18:47:58	34	1,668.054	60.137	20	0	0	1	2	0	1	1	0	0	1	33
2013/09/15-19:12:13	32	1,704.431	55.283	33	0	0	4	0	0	0	1	1	0	0	60
2013/09/15-19:13:31	32	1,704.431	55.283	22	0	0	3	1	0	0	1	1	0	0	60
2013/09/15-19:14:50	32	1,704.431	55.283	12	0	0	5	0	0	1	1	0	0	1	27
2013/09/15-19:16:09	32	1,704.431	55.283	28	0	0	5	2	0	0	1	1	0	0	57
2013/09/15-19:17:25	32	1,704.431	55.283	10	0	1	1	0	0	0	1	0	0	1	20
2013/09/16-00:48:48	30	1,724.944	60.107	6	0	0	1	0	0	1	1	0	0	1	11
2013/09/16-00:49:44	30	1,724.944	60.107	26	0	0	4	0	0	0	1	1	0	0	60
2013/09/16-00:51:02	30	1,724.944	60.107	9	0	0	0	0	0	1	1	0	0	1	22
2013/09/16-00:52:11	30	1,724.944	60.107	5	0	0	0	0	0	1	1	0	0	1	9
2013/09/16-00:53:01	30	1,724.944	60.107	30	0	0	4	0	0	0	1	1	0	0	60
2013/09/16-01:05:16	32	1,720.361	57.084	11	0	0	0	0	0	1	1	0	0	1	19
2013/09/16-01:06:33	32	1,720.361	57.084	13	0	1	2	0	0	0	1	0	0	1	21
2013/09/16-01:07:33	32	1,720.361	57.084	5	0	0	0	1	0	1	1	0	0	1	10
2013/09/16-01:08:03	32	1,720.361	57.084	11	0	0	1	1	0	1	1	0	0	1	20
2013/09/16-01:08:43	32	1,720.361	57.084	19	0	1	4	0	0	0	1	0	0	1	38
2013/09/16-01:28:26	32	1,720.361	57.084	35	0	0	6	1	0	0	1	1	0	0	60
2013/09/16-01:29:45	32	1,720.361	57.084	19	0	0	1	0	0	1	1	0	0	1	35
2013/09/16-01:31:04	32	1,720.361	57.084	26	0	1	1	0	0	0	1	0	0	1	51
2013/09/16-01:32:23	32	1,720.361	57.084	5	0	0	0	0	0	1	1	0	0	1	8
2013/09/16-01:33:42	32	1,720.361	57.084	14	0	1	0	1	0	0	1	0	0	1	35
2013/09/17-06:58:10	33	1,694.64	59.778	12	0	0	0	1	0	0	1	1	0	0	38
2013/09/17-06:59:08	33	1,694.64	59.778	0	0	1	0	0	0	0	1	0	0	1	3
2013/09/17-07:00:27	33	1,694.64	59.778	11	0	0	0	2	0	1	1	0	0	1	19
2013/09/17-07:01:05	33	1,694.64	59.778	16	0	0	1	0	0	1	1	0	0	1	29
2013/09/17-07:02:24	33	1,694.64	59.778	15	0	0	0	0	0	1	1	0	0	1	51
2013/09/17-07:08:57	33	1,694.64	59.778	24	0	1	2	0	0	0	1	0	0	1	44
2013/09/17-07:10:00	33	1,694.64	59.778	1	0	0	0	0	0	1	1	0	0	1	3
2013/09/17-07:10:45	33	1,694.64	59.778	2	0	1	0	0	0	0	1	0	0	1	13
2013/09/17-07:11:35	33	1,694.64	59.778	2	0	0	0	0	0	1	1	0	0	1	6
2013/09/17-07:12:17	33	1,694.64	59.778	14	0	0	0	1	0	1	1	0	0	1	25
2013/09/17-07:22:43	33	1,694.64	59.778	2	0	0	0	0	0	0	1	1	0	0	6
2013/09/17-07:23:08	33	1,694.64	59.778	6	0	1	0	1	0	0	1	1	0	0	23
2013/09/17-07:23:50	32	1,716.693	54.182	1	0	1	0	0	0	0	1	0	0	1	4
2013/09/17-07:25:09	32	1,716.693	54.182	10	0	0	0	1	0	1	1	0	0	1	17
2013/09/17-07:25:47	32	1,716.693	54.182	8	0	1	3	0	0	0	1	0	0	1	27
2013/09/17-22:37:35	34	1,700.575	59.074	3	0	1	0	0	0	0	1	0	0	1	10
2013/09/17-22:38:15	34	1,700.575	59.074	1	0	0	0	0	0	1	1	0	0	1	3
2013/09/17-22:38:45	34	1,700.575	59.074	2	0	1	0	0	0	0	1	0	0	1	10
2013/09/17-22:39:15	34	1,700.575	59.074	17	0	0	0	0	0	1	1	0	0	1	33
2013/09/17-22:40:07	34	1,700.575	59.074	7	0	1	0	1	0	0	1	0	0	1	14
2013/09/17-22:50:21	34	1,700.575	59.074	9	0	0	0	1	0	0	1	1	0	0	21
2013/09/17-22:51:01	34	1,700.575	59.074	8	0	1	1	1	0	0	1	0	0	1	26
2013/09/17-22:51:45	34	1,700.575	59.074	8	0	1	0	1	0	0	1	1	0	0	34
2013/09/17-22:52:38	34	1,700.575	59.074	6	0	0	0	1	0	1	1	0	0	1	10
2013/09/17-22:53:09	34	1,700.575	59.074	1	0	0	0	0	0	1	1	0	0	1	6
2013/09/17-23:08:09	34	1,708.456	54.235	17	0	0	0	1	0	0	1	1	0	0	60
2013/09/17-23:09:28	34	1,708.456	54.235	25	0	0	3	1	0	0	1	1	0	0	56
2013/09/17-23:10:42	34	1,708.456	54.235	1	0	0	0	0	0	1	1	0	0	1	3
2013/09/17-23:11:21	34	1,708.456	54.235	8	0	0	0	0	0	1	1	0	0	1	16
2013/09/17-23:12:05	34	1,708.456	54.235	10	0	0	1	2	0	0	1	1	0	0	41
2013/09/18-13:20:53	33	1,722.72	59.35	23	0	0	1	0	0	0	1	1	0	0	60
2013/09/18-13:22:12	33	1,722.72	59.35	5	0	0	0	1	0	0	1	1	0	0	19
2013/09/18-13:22:50	33	1,722.72	59.35	1	0	1	0	0	0	0	1	0	0	1	3
2013/09/18-13:23:54	33	1,722.72	59.35	10	0	1	0	1	0	0	1	0	0	1	22
2013/09/18-13:24:35	33	1,722.72	59.35	16	0	0	0	1	0	0	1	1	0	0	26
2013/09/18-13:39:47	28	1,753.181	56.417	11	0	0	2	2	0	0	1	1	0	0	25
2013/09/18-13:40:32	28	1,753.181	56.417	16	0	0	0	0	0	1	1	0	0	1	51
2013/09/18-13:41:42	28	1,753.181	56.417	1	0	0	0	0	0	1	1	0	0	1	11
2013/09/18-13:43:01	28	1,753.181	56.417	5	0	1	0	0	0	0	1	0	0	1	9
2013/09/18-13:43:40	28	1,753.181	56.417	4	0	1	0	0	0	0	1	0	0	1	16
2013/09/18-13:54:09	28	1,753.181	56.417	11	0	0	0	0	0	0	1	0	0	1	60
2013/09/18-13:55:45	28	1,753.181	56.417	5	0	0	0	1	0	0	1	1	0	0	22
2013/09/18-13:56:26	28	1,753.181	56.417	3	0	1	0	0	0	0	1	0	0	1	7
2013/09/18-13:56:58	28	1,753.181	56.417	8	0	1	0	0	0	0	1	0	0	1	30
2013/09/18-13:57:47	28	1,753.181	56.417	8	0	1	0	1	0	0	1	0	0	1	24
2013/09/18-18:10:12	26	1,763.505	60.409	6	0	0	0	1	0	0	1	1	0	0	23
2013/09/18-18:10:54	26	1,763.505	60.409	4	0	0	0	0	0	1	1	0	0	1	6
2013/09/18-18:12:13	26	1,763.505	60.409	28	0	0	0	2	0	1	1	0	0	1	45
2013/09/18-18:13:17	26	1,763.505	60.409	14	0	0	0	0	0	1	1	0	0	1	48
2013/09/18-18:14:36	26	1,763.505	60.409	7	0	1	0	1	0	0	1	0	0	1	11
2013/09/18-18:28:45	26	1,763.505	60.409	10	0	0	0	1	0	0	1	1	0	0	26
2013/09/18-18:29:30	26	1,763.505	60.409	1	0	0	0	0	0	1	1	0	0	1	3
2013/09/18-18:29:52	26	1,763.505	60.409	13	0	0	2	1	0	0	1	1	0	0	41
2013/09/18-18:30:52	26	1,763.505	60.409	0	0	1	0	0	0	0	1	0	0	1	11
2013/09/18-18:32:11	26	1,763.505	60.409	1	0	1	0	0	0	0	1	0	0	1	6
2013/09/18-18:50:51	26	1,760.542	55.175	5	0	1	0	0	0	0	1	0	0	1	14
2013/09/18-18:51:25	26	1,760.542	55.175	7	0	0	1	0	0	1	1	0	0	1	11
2013/09/18-18:52:44	26	1,760.542	55.175	1	0	1	0	1	0	0	1	0	0	1	4
2013/09/18-18:53:07	26	1,760.542	55.175	12	0	0	0	1	0	1	1	0	0	1	16
2013/09/18-18:53:42	26	1,760.542	55.175	7	0	0	13	1	0	1	1	0	0	1	14
2013/09/19-08:31:20	27	1,755.859	58.027	3	0	0	1	0	0	0	1	1	0	0	10
2013/09/19-08:31:49	27	1,755.859	58.027	7	0	0	0	0	0	0	1	1	0	0	24
2013/09/19-08:32:31	27	1,755.859	58.027	6	0	0	0	1	0	0	1	1	0	0	11
2013/09/19-08:33:01	27	1,755.859	58.027	3	0	0	0	0	0	1	1	0	0	1	12
2013/09/19-08:33:32	27	1,755.859	58.027	17	0	0	0	0	0	1	1	0	0	1	26
2013/09/19-08:45:45	28	1,751.481	57.294	22	0	0	9	0	0	1	1	0	0	1	43
2013/09/19-08:46:47	28	1,751.481	57.294	4	0	0	0	0	0	1	1	0	0	1	7
2013/09/19-08:47:52	28	1,751.481	57.294	1	0	0	0	2	0	1	1	0	0	1	3
2013/09/19-08:48:14	28	1,751.481	57.294	2	0	0	0	0	0	0	1	1	0	0	60
2013/09/19-08:49:33	28	1,751.481	57.294	7	0	0	0	0	0	1	1	0	0	1	22
2013/09/19-08:57:09	28	1,751.481	57.294	3	0	0	0	2	0	0	1	1	0	0	6
2013/09/19-08:57:35	28	1,751.481	57.294	19	0	0	0	0	0	0	1	0	0	1	60
2013/09/19-08:58:54	28	1,751.481	57.294	2	0	0	0	2	0	1	1	0	0	1	6
2013/09/19-08:59:19	28	1,751.481	57.294	3	0	0	0	0	0	1	1	0	0	1	5
2013/09/19-09:00:38	28	1,751.481	57.294	13	0	0	0	3	0	0	1	1	0	0	23
2013/09/19-10:39:53	29	1,719.703	56.847	14	0	0	0	3	0	0	1	1	0	0	40
2013/09/19-10:40:52	29	1,719.703	56.847	5	0	1	0	1	0	0	1	0	0	1	19
2013/09/19-10:41:29	29	1,719.703	56.847	1	0	0	0	0	0	1	1	0	0	1	3
2013/09/19-10:42:01	29	1,719.703	56.847	7	0	0	0	0	0	1	1	0	0	1	21
2013/09/19-10:42:42	29	1,719.703	56.847	7	0	1	0	0	0	0	1	0	0	1	22
2013/09/19-11:00:37	29	1,719.703	56.847	1	0	1	0	0	0	0	1	0	0	1	4
2013/09/19-11:01:16	29	1,719.703	56.847	1	0	1	0	1	0	0	1	0	0	1	4
2013/09/19-11:01:42	29	1,719.703	56.847	2	0	0	0	0	0	1	1	0	0	1	6
2013/09/19-11:03:01	34	1,689.382	53.924	10	0	0	0	0	0	1	1	0	0	1	29
2013/09/19-11:03:49	34	1,689.382	53.924	12	0	0	0	0	0	1	1	0	0	1	26
2013/09/19-11:16:14	34	1,689.382	53.924	9	0	0	0	0	0	1	1	0	0	1	15
2013/09/19-11:16:50	34	1,689.382	53.924	2	0	0	0	0	0	1	1	0	0	1	6
2013/09/19-11:17:21	34	1,689.382	53.924	15	0	0	2	2	0	1	1	0	0	1	27
2013/09/19-11:18:07	34	1,689.382	53.924	11	0	0	0	0	0	1	1	0	0	1	38
2013/09/19-11:19:04	34	1,689.382	53.924	3	0	1	0	0	0	0	1	0	0	1	16
2013/09/19-16:16:51	35	1,690.691	57.997	21	0	0	0	1	0	1	1	0	0	1	51
2013/09/19-16:18:00	35	1,690.691	57.997	4	0	0	0	0	0	1	1	0	0	1	7
2013/09/19-16:18:28	35	1,690.691	57.997	1	0	0	0	0	0	0	1	1	0	0	7
2013/09/19-16:18:54	35	1,690.691	57.997	30	0	0	6	1	0	1	1	0	0	1	59
2013/09/19-16:20:12	35	1,690.691	57.997	26	0	0	2	1	0	0	1	1	0	0	60
2013/09/19-16:37:56	35	1,696.354	56.546	6	0	0	0	1	0	1	1	0	0	1	16
2013/09/19-16:38:33	35	1,696.354	56.546	1	0	0	0	0	0	1	1	0	0	1	3
2013/09/19-16:38:58	35	1,696.354	56.546	13	0	0	0	1	0	1	1	0	0	1	23
2013/09/19-16:40:17	35	1,696.354	56.546	2	0	0	0	1	0	1	1	0	0	1	6
2013/09/19-16:41:22	35	1,696.354	56.546	1	0	1	0	1	0	0	1	0	0	1	4
2013/09/19-16:49:21	35	1,696.354	56.546	1	0	1	0	0	0	0	1	0	0	1	2
2013/09/19-16:50:19	35	1,696.354	56.546	1	0	1	0	0	0	0	1	0	0	1	5
2013/09/19-16:51:24	35	1,696.354	56.546	1	0	0	0	0	0	1	1	0	0	1	3
2013/09/19-16:52:12	35	1,696.354	56.546	31	0	0	0	0	0	1	1	0	0	1	54
2013/09/19-16:53:26	35	1,696.354	56.546	6	0	0	1	0	0	1	1	0	0	1	20
2013/09/19-20:33:40	35	1,679.631	59.976	5	0	1	0	0	0	0	1	0	0	1	18
2013/09/19-20:34:17	35	1,679.631	59.976	12	0	0	0	1	0	0	1	1	0	0	41
2013/09/19-20:35:17	35	1,679.631	59.976	18	0	0	1	1	0	0	1	1	0	0	60
2013/09/19-20:36:36	35	1,679.631	59.976	11	0	0	0	2	0	0	1	1	0	0	13
2013/09/19-20:37:08	35	1,679.631	59.976	3	0	0	0	1	0	0	1	1	0	0	10
2013/09/19-20:48:00	35	1,679.631	59.976	3	0	1	0	0	0	0	1	0	0	1	9
2013/09/19-20:48:29	35	1,679.631	59.976	4	0	0	0	0	0	1	1	0	0	1	12
2013/09/19-20:49:17	35	1,679.631	59.976	3	0	1	0	0	0	0	1	0	0	1	7
2013/09/19-20:49:56	35	1,679.631	59.976	1	0	1	0	0	0	0	1	0	0	1	7
2013/09/19-20:50:23	35	1,679.631	59.976	4	0	0	0	0	0	1	1	0	0	1	7
2013/09/19-21:03:42	35	1,683.439	55.974	1	0	0	0	1	0	1	1	0	0	1	4
2013/09/19-21:04:23	35	1,683.439	55.974	4	0	0	0	2	0	0	1	1	0	0	13
2013/09/19-21:04:54	35	1,683.439	55.974	12	0	0	0	0	0	1	1	0	0	1	22
2013/09/19-21:05:52	35	1,683.439	55.974	12	0	0	0	2	0	1	1	1	0	0	26
2013/09/19-21:06:37	35	1,683.439	55.974	1	0	0	0	0	0	1	1	0	0	1	3
2013/09/20-01:56:14	31	1,703.363	60.241	1	0	0	0	1	0	1	1	0	0	1	3
2013/09/20-01:56:39	31	1,703.363	60.241	1	0	0	0	0	0	1	1	0	0	1	3
2013/09/20-01:57:13	31	1,703.363	60.241	9	0	0	0	1	0	0	1	1	0	0	10
2013/09/20-01:57:41	31	1,703.363	60.241	11	0	0	0	2	0	1	1	0	0	1	17
2013/09/20-01:58:19	31	1,703.363	60.241	2	0	0	0	1	0	1	1	0	0	1	16
2013/09/20-02:12:31	31	1,703.363	60.241	14	0	0	0	0	0	1	1	0	0	1	44
2013/09/20-02:13:34	31	1,703.363	60.241	17	0	0	1	1	0	0	1	1	0	0	60
2013/09/20-02:14:53	31	1,703.363	60.241	5	0	0	0	0	0	1	1	0	0	1	11
2013/09/20-02:15:27	31	1,703.363	60.241	16	0	0	0	1	0	0	1	1	0	0	39
2013/09/20-02:16:25	31	1,703.363	60.241	28	0	0	0	2	0	0	1	1	0	0	49
2013/09/20-02:32:00	31	1,697.13	56.86	6	0	0	1	0	0	1	1	0	0	1	20
2013/09/20-02:32:41	31	1,697.13	56.86	6	0	0	0	2	0	1	1	0	0	1	17
2013/09/20-02:33:18	31	1,697.13	56.86	6	0	0	0	2	0	0	1	1	0	0	22
2013/09/20-02:33:58	31	1,697.13	56.86	3	0	0	0	0	0	1	1	0	0	1	7
2013/09/20-02:35:17	31	1,697.13	56.86	7	0	0	1	0	0	1	1	0	0	1	16
2013/09/20-06:05:40	33	1,685.81	60.772	17	0	0	3	1	0	1	1	0	0	1	37
2013/09/20-06:06:36	33	1,685.81	60.772	28	0	0	7	1	0	0	1	1	0	0	60
2013/09/20-06:07:55	33	1,685.81	60.772	5	0	0	0	1	0	0	1	1	0	0	12
2013/09/20-06:08:26	33	1,685.81	60.772	1	0	0	0	2	0	0	1	1	0	0	3
2013/09/20-06:08:48	33	1,685.81	60.772	23	0	1	17	1	0	0	1	0	0	1	30
2013/09/20-06:24:39	32	1,698.559	58.838	10	0	1	1	1	0	0	1	0	0	1	50
2013/09/20-06:25:52	32	1,698.559	58.838	13	0	0	0	1	0	0	1	1	0	0	25
2013/09/20-06:26:35	32	1,698.559	58.838	3	0	1	0	0	0	0	1	0	0	1	15
2013/09/20-06:27:34	32	1,698.559	58.838	4	0	0	0	0	0	0	1	1	0	0	21
2013/09/20-06:28:14	32	1,698.559	58.838	15	0	0	1	1	0	0	1	1	0	0	35
2013/09/20-06:42:26	32	1,698.559	58.838	6	0	0	0	1	0	1	1	0	0	1	18
2013/09/20-06:43:10	32	1,698.559	58.838	2	0	1	0	0	0	0	1	0	0	1	27
2013/09/20-06:44:07	28	1,727.039	55.16	9	0	0	0	1	0	0	1	1	0	0	72
2013/09/20-06:46:04	28	1,727.039	55.16	1	0	0	0	0	0	1	1	0	0	1	2
2013/09/20-06:47:52	28	1,727.039	55.16	5	0	1	0	0	0	0	1	0	0	1	16
2013/09/20-10:22:11	24	1,731.398	60.156	1	0	0	0	0	0	0	1	1	0	0	3
2013/09/20-10:22:33	24	1,731.398	60.156	26	0	0	0	0	0	1	1	0	0	1	42
2013/09/20-10:23:34	24	1,731.398	60.156	18	0	0	0	0	0	1	1	0	0	1	42
2013/09/20-10:24:52	24	1,731.398	60.156	29	0	0	3	1	0	0	1	1	0	0	60
2013/09/20-10:26:11	24	1,731.398	60.156	1	0	0	0	1	0	0	1	1	0	0	3
2013/09/20-10:38:24	24	1,731.398	60.156	1	0	0	0	0	0	1	1	0	0	1	3
2013/09/20-10:38:54	24	1,731.398	60.156	17	0	0	3	2	0	0	1	1	0	0	40
2013/09/20-10:39:53	24	1,731.398	60.156	1	0	0	0	0	0	1	1	0	0	1	3
2013/09/20-10:40:26	24	1,731.398	60.156	6	0	1	0	1	0	0	1	1	0	0	21
2013/09/20-10:41:06	24	1,731.398	60.156	4	0	1	0	1	0	0	1	0	0	1	20
2013/09/20-10:54:17	28	1,718.058	56.257	4	0	0	0	0	0	0	1	0	0	1	66
2013/09/20-10:56:31	28	1,718.058	56.257	3	0	0	0	0	0	1	1	0	0	1	6
2013/09/20-10:57:08	28	1,718.058	56.257	4	0	0	0	2	0	1	1	0	0	1	11
2013/09/20-10:57:41	28	1,718.058	56.257	13	0	0	2	0	0	0	1	1	0	0	32
2013/09/20-10:58:32	28	1,718.058	56.257	2	0	0	0	0	0	1	1	0	0	1	4
2013/09/20-17:10:28	26	1,727.219	62.117	24	0	0	3	1	0	1	1	0	0	1	48
2013/09/20-17:11:35	26	1,727.219	62.117	8	0	0	0	0	0	0	1	1	0	0	26
2013/09/20-17:12:20	26	1,727.219	62.117	2	0	1	0	2	0	0	1	0	0	1	9
2013/09/20-17:12:48	26	1,727.219	62.117	41	0	0	11	1	0	0	1	1	0	0	60
2013/09/20-17:14:07	26	1,727.219	62.117	10	0	0	0	1	0	0	1	1	0	0	23
2013/09/20-17:28:00	26	1,727.219	62.117	4	0	1	0	0	0	0	1	0	0	1	13
2013/09/20-17:28:32	26	1,727.219	62.117	1	0	1	0	0	0	0	1	0	0	1	3
2013/09/20-17:29:14	26	1,727.219	62.117	5	0	1	0	0	0	0	1	0	0	1	9
2013/09/20-17:30:12	26	1,727.219	62.117	25	0	0	4	1	0	0	1	1	0	0	60
2013/09/20-17:31:31	26	1,727.219	62.117	2	0	0	0	1	0	0	1	1	0	0	7
2013/09/20-17:49:37	22	1,756.299	57.369	1	0	1	0	1	0	0	1	0	0	1	7
2013/09/20-17:50:04	22	1,756.299	57.369	5	0	0	0	0	0	1	1	0	0	1	15
2013/09/20-17:51:23	22	1,756.299	57.369	21	0	0	0	1	0	0	1	1	0	0	37
2013/09/20-17:52:19	22	1,756.299	57.369	5	0	0	0	0	0	1	1	0	0	1	11
2013/09/20-17:52:56	22	1,756.299	57.369	3	0	0	0	1	0	1	1	0	0	1	9
2013/09/20-22:54:24	20	1,760.438	63.985	19	0	0	3	2	0	1	1	0	0	1	58
2013/09/20-22:55:42	20	1,760.438	63.985	3	0	0	0	0	0	1	1	0	0	1	9
2013/12/27-10:57:02	21	1,757.388	75.77	19	0	0	1	1	0	1	1	0	0	1	55
2013/12/27-10:58:16	21	1,757.388	75.77	14	0	0	0	0	0	1	1	0	0	1	32
2013/12/27-10:59:17	21	1,757.388	75.77	2	0	0	0	1	0	1	1	0	0	1	6
2013/12/27-10:59:42	21	1,757.388	75.77	19	0	0	3	2	0	0	1	1	0	0	36
2013/12/27-11:00:37	21	1,757.388	75.77	10	0	0	0	1	0	1	1	0	0	1	20
2013/12/27-11:15:22	21	1,757.388	75.77	2	0	0	0	0	0	1	1	0	0	1	6
2013/12/27-11:16:16	21	1,757.388	75.77	11	0	1	0	0	0	0	1	0	0	1	20
2013/12/27-11:17:29	21	1,757.388	75.77	2	0	1	0	0	0	0	1	0	0	1	9
2013/12/27-11:17:58	21	1,757.388	75.77	1	0	0	0	0	0	1	1	0	0	1	3
2013/12/27-11:18:30	21	1,757.388	75.77	18	0	0	0	0	0	0	1	1	0	0	60
2013/12/27-11:29:52	30	1,694.599	67.176	25	0	0	0	1	0	1	1	0	0	1	52
2013/12/27-11:31:04	30	1,694.599	67.176	9	0	1	0	0	0	0	1	0	0	1	23
2013/12/27-11:31:59	30	1,694.599	67.176	16	0	0	9	0	0	0	1	1	0	0	34
2013/12/27-11:32:52	30	1,694.599	67.176	15	0	1	2	0	0	0	1	0	0	1	35
2013/12/27-11:34:11	30	1,694.599	67.176	14	0	0	11	1	0	0	1	1	0	0	60
2013/12/27-20:39:36	26	1,705.696	71.273	2	0	0	0	0	0	1	1	0	0	1	3
2013/12/27-20:40:01	26	1,705.696	71.273	1	0	0	0	0	0	1	1	0	0	1	3
2013/12/27-20:40:40	26	1,705.696	71.273	1	0	0	0	1	0	1	1	0	0	1	3
2013/12/27-20:41:22	26	1,705.696	71.273	11	0	0	0	1	0	0	1	1	0	0	36
2013/12/27-20:42:17	26	1,705.696	71.273	6	0	1	0	0	0	0	1	0	0	1	10
2013/12/27-20:49:26	26	1,705.696	71.273	6	0	0	2	0	0	0	1	1	0	0	11
2013/12/27-20:49:56	26	1,705.696	71.273	5	0	0	0	1	0	0	1	1	0	0	22
2013/12/27-20:50:37	26	1,705.696	71.273	10	0	0	6	0	0	1	1	0	0	1	19
2013/12/27-20:51:15	26	1,705.696	71.273	2	0	0	0	0	0	1	1	0	0	1	4
2013/12/27-20:51:52	26	1,705.696	71.273	11	0	0	0	1	0	1	1	0	0	1	36
2013/12/27-21:06:56	27	1,688.477	64.099	15	0	0	0	0	0	1	1	0	0	1	30
2013/12/27-21:07:54	27	1,688.477	64.099	8	0	1	1	0	0	0	1	0	0	1	28
2013/12/27-21:08:41	27	1,688.477	64.099	13	0	0	0	0	0	0	1	1	0	0	60
2013/12/27-21:10:00	27	1,688.477	64.099	16	0	1	0	1	0	0	1	0	0	1	32
2013/12/27-21:11:01	27	1,688.477	64.099	1	0	0	0	0	0	1	1	0	0	1	3
2013/12/28-06:50:07	24	1,685.975	75.631	7	0	0	1	0	0	1	1	0	0	1	13
2013/12/28-06:50:50	24	1,685.975	75.631	1	0	0	0	0	0	1	1	0	0	1	3
2013/12/28-06:51:22	24	1,685.975	75.631	4	0	0	0	1	0	1	1	0	0	1	7
2013/12/28-06:51:48	24	1,685.975	75.631	1	0	1	0	1	0	0	1	0	0	1	6
2013/12/28-06:52:13	24	1,685.975	75.631	3	0	0	0	2	0	0	1	1	0	0	12
2013/12/28-06:56:37	24	1,685.975	75.631	10	0	0	0	0	0	1	1	0	0	1	33
2013/12/28-06:57:29	24	1,685.975	75.631	34	0	0	0	1	0	1	1	0	0	1	59
2013/12/28-06:58:47	24	1,685.975	75.631	5	0	0	0	1	0	1	1	0	0	1	12
2013/12/28-06:59:19	24	1,685.975	75.631	12	0	0	3	1	0	0	1	1	0	0	38
2013/12/28-07:00:15	24	1,685.975	75.631	4	0	1	0	0	0	0	1	0	0	1	13
2013/12/28-07:09:10	24	1,685.975	75.631	15	0	0	1	3	0	0	1	1	0	0	34
2013/12/28-07:10:01	24	1,685.975	75.631	8	0	0	0	0	0	1	1	0	0	1	16
2013/12/28-07:10:35	30	1,668.637	67.331	6	0	0	0	2	0	0	1	1	0	0	18
2013/12/28-07:11:12	30	1,668.637	67.331	10	0	0	0	2	0	0	1	1	0	0	38
2013/12/28-07:12:09	30	1,668.637	67.331	12	0	0	0	0	0	1	1	0	0	1	37
2013/12/28-08:31:16	30	1,676.939	66.528	1	0	1	0	0	0	0	1	0	0	1	6
2013/12/28-08:31:42	30	1,676.939	66.528	18	0	1	1	0	0	0	1	0	0	1	42
2013/12/28-08:33:01	30	1,676.939	66.528	2	0	0	1	0	0	0	1	1	0	0	6
2013/12/28-08:33:26	30	1,676.939	66.528	8	0	1	0	0	0	0	1	0	0	1	12
2013/12/28-08:34:12	30	1,676.939	66.528	1	0	0	0	0	0	0	1	1	0	0	12
2013/12/28-08:56:47	30	1,676.939	66.528	4	0	0	0	2	0	0	1	1	0	0	8
2013/12/28-08:57:14	30	1,676.939	66.528	16	0	0	1	0	0	0	1	0	0	1	60
2013/12/28-08:58:33	30	1,676.939	66.528	20	0	0	5	0	0	0	1	1	0	0	60
2013/12/28-08:59:52	30	1,676.939	66.528	11	0	0	2	0	0	1	1	0	0	1	18
2013/12/28-09:00:54	30	1,676.939	66.528	2	0	1	0	0	0	0	1	0	0	1	9
2013/12/28-09:22:27	22	1,701.165	60.081	8	0	0	2	0	0	1	1	0	0	1	19
2013/12/28-09:23:46	22	1,701.165	60.081	2	0	1	0	1	0	0	1	0	0	1	9
2013/12/28-09:24:14	22	1,701.165	60.081	4	0	1	0	1	0	0	1	0	0	1	6
2013/12/28-09:24:39	22	1,701.165	60.081	9	0	0	1	1	0	1	1	0	0	1	29
2013/12/28-09:25:27	22	1,701.165	60.081	1	0	1	0	0	0	0	1	0	0	1	4
2013/12/28-15:06:07	22	1,702.598	64.018	6	0	1	0	0	0	0	1	0	0	1	12
2013/12/28-15:07:27	22	1,702.598	64.018	4	0	1	0	0	0	0	1	0	0	1	15
2013/12/28-15:08:04	22	1,702.598	64.018	6	0	0	2	0	0	1	1	0	0	1	19
2013/12/28-15:09:23	22	1,702.598	64.018	1	0	1	0	0	0	0	1	0	0	1	4
2013/12/28-15:10:12	22	1,702.598	64.018	18	0	0	0	1	0	0	1	1	0	0	36
2013/12/28-15:30:59	29	1,671.119	60.401	12	0	0	0	2	0	1	1	0	0	1	23
2013/12/28-15:31:41	29	1,671.119	60.401	10	0	0	1	0	0	1	1	0	0	1	14
2013/12/28-15:32:13	29	1,671.119	60.401	19	0	0	2	1	0	0	1	1	0	0	60
2013/12/28-15:33:32	29	1,671.119	60.401	1	0	0	0	0	0	1	1	0	0	1	3
2013/12/28-15:34:51	29	1,671.119	60.401	32	0	0	0	1	0	1	1	0	0	1	48
2013/12/28-15:50:29	29	1,671.119	60.401	6	0	1	0	1	0	0	1	0	0	1	19
2013/12/28-15:51:08	29	1,671.119	60.401	4	0	0	0	1	0	1	1	0	0	1	7
2013/12/28-15:52:26	29	1,671.119	60.401	9	0	1	0	0	0	0	1	0	0	1	36
2013/12/28-15:53:45	29	1,671.119	60.401	38	0	0	3	1	0	0	1	1	0	0	60
2013/12/28-15:55:04	27	1,673.764	55.561	6	0	1	0	1	0	0	1	0	0	1	30
2013/12/28-20:46:58	27	1,678.158	62.47	1	0	0	0	0	0	1	1	0	0	1	3
2013/12/28-20:47:33	27	1,678.158	62.47	3	0	0	1	0	0	1	1	0	0	1	7
2013/12/28-20:48:21	32	1,658.027	61.021	8	0	0	2	0	0	0	1	1	0	0	27
2013/12/28-20:49:07	32	1,658.027	61.021	4	0	1	0	0	0	0	1	0	0	1	25
2013/12/28-20:50:12	32	1,658.027	61.021	7	0	1	0	0	0	0	1	0	0	1	35
2013/12/28-20:58:55	32	1,658.027	61.021	1	0	0	0	0	0	1	1	0	0	1	3
2013/12/28-21:00:14	32	1,658.027	61.021	11	0	0	0	0	0	1	1	0	0	1	21
2013/12/28-21:00:54	32	1,658.027	61.021	2	0	0	0	0	0	1	1	0	0	1	6
2013/12/28-21:01:19	32	1,658.027	61.021	13	0	0	3	2	0	0	1	1	0	0	22
2013/12/28-21:02:00	32	1,658.027	61.021	6	0	0	0	0	0	1	1	0	0	1	11
2013/12/28-21:16:02	32	1,658.027	61.021	2	0	0	0	1	0	0	1	1	0	0	6
2013/12/28-21:16:27	32	1,658.027	61.021	1	0	0	0	0	0	1	1	0	0	1	3
2013/12/28-21:19:51	32	1,658.027	61.021	12	0	0	0	1	0	1	1	0	0	1	19
2013/12/28-21:37:06	32	1,658.027	61.021	25	0	0	0	1	0	1	1	0	0	1	35
2013/12/28-21:38:21	32	1,658.027	61.021	13	0	0	0	0	0	0	1	1	0	0	54
2013/12/28-23:18:50	29	1,677.081	56.875	1	0	1	0	0	0	0	1	0	0	1	10
2013/12/28-23:19:26	29	1,677.081	56.875	31	0	0	3	0	0	0	1	0	0	1	60
2013/12/28-23:20:45	29	1,677.081	56.875	4	0	0	0	0	0	1	1	0	0	1	8
2013/12/28-23:21:24	29	1,677.081	56.875	13	0	0	0	0	0	1	1	0	0	1	20
2013/12/28-23:22:02	29	1,677.081	56.875	18	0	0	3	1	0	0	1	1	0	0	49
2013/12/28-23:36:38	29	1,677.081	56.875	8	0	0	1	1	0	1	1	0	0	1	28
2013/12/28-23:37:26	29	1,675.571	53.804	8	0	0	0	0	0	1	1	0	0	1	25
2013/12/28-23:38:27	29	1,675.571	53.804	29	0	0	4	1	0	0	1	1	0	0	60
2013/12/28-23:39:46	29	1,675.571	53.804	2	0	0	0	1	0	0	1	1	0	0	10
2013/12/28-23:40:15	29	1,675.571	53.804	4	0	0	0	0	0	0	1	1	0	0	12
2013/12/28-23:55:15	29	1,675.571	53.804	6	0	0	0	1	0	0	1	1	0	0	23
2013/12/28-23:55:57	29	1,675.571	53.804	3	0	0	0	0	0	1	1	0	0	1	4
2013/12/28-23:56:50	29	1,675.571	53.804	12	0	0	0	0	0	1	1	0	0	1	24
2013/12/28-23:57:33	29	1,675.571	53.804	1	0	0	0	0	0	1	1	0	0	1	3
2013/12/28-23:58:35	29	1,675.571	53.804	1	0	1	0	1	0	0	1	0	0	1	4
2013/12/29-05:02:47	28	1,689.237	58.973	10	0	1	0	0	0	0	1	0	0	1	20
2013/12/29-05:04:05	28	1,689.237	58.973	5	0	0	0	0	0	1	1	0	0	1	16
2013/12/29-05:05:07	28	1,689.237	58.973	2	0	0	0	0	0	1	1	0	0	1	6
2013/12/29-05:05:59	28	1,689.237	58.973	1	0	0	0	0	0	1	1	0	0	1	3
2013/12/29-05:06:55	28	1,689.237	58.973	2	0	1	0	0	0	0	1	0	0	1	11
2013/12/29-05:07:56	28	1,689.237	58.973	14	0	0	1	0	0	0	1	0	0	1	60
2013/12/29-05:09:15	28	1,689.237	58.973	3	0	0	0	0	0	0	1	1	0	0	7
2013/12/29-05:09:42	28	1,689.237	58.973	1	0	1	0	0	0	0	1	0	0	1	9
2013/12/29-05:11:01	28	1,689.237	58.973	27	0	0	0	2	0	1	1	0	0	1	51
2013/12/29-05:12:11	28	1,689.237	58.973	2	0	1	0	0	0	0	1	0	0	1	3
2013/12/29-05:26:10	31	1,655.6	53.981	5	0	0	0	1	0	0	1	1	0	0	28
2013/12/29-05:26:57	31	1,655.6	53.981	10	0	1	0	0	0	0	1	0	0	1	32
2013/12/29-05:27:49	31	1,655.6	53.981	3	0	1	0	1	0	0	1	0	0	1	16
2013/12/29-05:29:08	31	1,655.6	53.981	2	0	0	0	0	0	1	1	0	0	1	7
2013/12/29-05:30:24	31	1,655.6	53.981	14	0	1	1	1	0	0	1	0	0	1	33
2013/12/29-21:07:31	32	1,655.479	71.481	18	0	0	0	0	0	1	1	0	0	1	40
2013/12/29-21:08:31	32	1,655.479	71.481	15	0	0	4	1	0	0	1	1	0	0	29
2013/12/29-21:09:19	32	1,655.479	71.481	25	0	0	4	0	0	0	1	1	0	0	51
2013/12/29-21:10:29	32	1,655.479	71.481	15	0	0	2	0	0	1	1	0	0	1	29
2013/12/29-21:11:17	32	1,655.479	71.481	4	0	0	0	0	0	1	1	0	0	1	6
2013/12/29-21:27:24	32	1,655.479	71.481	8	0	0	0	0	0	1	1	0	0	1	14
2013/12/29-21:27:57	32	1,655.479	71.481	12	0	0	0	0	0	1	1	0	0	1	24
2013/12/29-21:28:39	32	1,655.479	71.481	4	0	1	1	0	0	0	1	0	0	1	8
2013/12/29-21:29:26	32	1,655.479	71.481	23	0	0	2	0	0	1	1	0	0	1	51
2013/12/29-21:30:33	32	1,655.479	71.481	5	0	0	1	0	0	1	1	0	0	1	11
2013/12/29-21:46:48	40	1,622.319	64.784	24	0	0	6	0	0	1	1	0	0	1	58
2013/12/29-21:48:05	40	1,622.319	64.784	6	0	0	0	0	0	1	1	0	0	1	12
2013/12/29-21:48:51	40	1,622.319	64.784	13	0	1	1	0	0	0	1	0	0	1	27
2013/12/29-21:49:59	40	1,622.319	64.784	26	0	0	3	1	0	0	1	1	0	0	58
2013/12/29-21:51:17	40	1,622.319	64.784	6	0	1	0	0	0	0	1	0	0	1	11
2013/12/30-01:31:15	42	1,605.124	63.957	3	0	1	0	0	0	0	1	0	0	1	7
2013/12/30-01:32:03	42	1,605.124	63.957	13	0	0	2	1	0	1	1	0	0	1	23
2013/12/30-01:33:02	42	1,605.124	63.957	20	0	0	2	0	0	1	1	0	0	1	34
2013/12/30-01:33:55	44	1,596.591	61.607	12	0	0	0	0	0	1	1	0	0	1	32
2013/12/30-01:34:46	44	1,596.591	61.607	12	0	0	3	1	0	0	1	1	0	0	23
2013/12/30-01:58:25	44	1,596.591	61.607	12	0	1	1	0	0	0	1	0	0	1	34
2013/12/30-01:59:30	44	1,596.591	61.607	1	0	0	0	0	0	1	1	0	0	1	3
2013/12/30-02:00:49	44	1,596.591	61.607	7	0	0	1	0	0	1	1	0	0	1	15
2013/12/30-02:02:08	44	1,596.591	61.607	6	0	0	2	0	0	1	1	0	0	1	11
2013/12/30-02:03:27	44	1,596.591	61.607	8	0	1	1	1	0	0	1	0	0	1	16
2013/12/30-02:22:02	46	1,575.596	57.358	12	0	1	1	0	0	0	1	0	0	1	29
2013/12/30-02:23:21	46	1,575.596	57.358	13	0	0	0	0	0	1	1	0	0	1	31
2013/12/30-02:24:40	46	1,575.596	57.358	14	0	0	0	0	0	1	1	0	0	1	25
2013/12/30-02:25:59	46	1,575.596	57.358	31	0	0	6	1	0	0	1	1	0	0	60
2013/12/30-02:27:19	46	1,575.596	57.358	32	0	0	4	0	0	0	1	0	0	1	60
2013/12/30-09:04:26	44	1,580.473	63.963	9	0	0	1	0	0	0	1	1	0	0	18
2013/12/30-09:05:03	44	1,580.473	63.963	14	0	0	1	1	0	0	1	1	0	0	30
2013/12/30-09:05:52	44	1,580.473	63.963	27	0	0	3	0	0	0	1	0	0	1	60
2013/12/30-09:07:11	44	1,580.473	63.963	9	0	0	0	0	0	1	1	0	0	1	17
2013/12/30-09:07:46	44	1,580.473	63.963	4	0	0	0	0	0	1	1	0	0	1	10
2013/12/30-09:31:45	44	1,584.011	61.125	7	0	0	2	0	0	1	1	0	0	1	11
2013/12/30-09:32:40	44	1,584.011	61.125	15	0	0	3	0	0	1	1	0	0	1	26
2013/12/30-09:33:41	44	1,584.011	61.125	8	0	0	1	0	0	0	1	1	0	0	16
2013/12/30-09:34:15	44	1,584.011	61.125	23	0	0	4	1	0	1	1	0	0	1	50
2013/12/30-09:35:25	44	1,584.011	61.125	38	0	0	3	1	0	0	1	1	0	0	60
2013/12/30-09:51:05	44	1,584.011	61.125	14	0	1	2	0	0	0	1	0	0	1	37
2013/12/30-09:52:24	44	1,584.011	61.125	17	0	0	3	0	0	1	1	0	0	1	31
2013/12/30-09:53:14	44	1,584.011	61.125	12	0	1	1	1	0	0	1	0	0	1	25
2013/12/30-09:53:58	44	1,584.011	61.125	6	0	0	0	0	0	1	1	0	0	1	9
2013/12/30-09:55:16	44	1,584.011	61.125	16	0	0	2	1	0	1	1	0	0	1	27
2013/12/30-15:05:00	48	1,579.49	63.034	10	0	0	2	0	0	1	1	0	0	1	26
2013/12/30-15:05:47	48	1,579.49	63.034	1	0	0	0	0	0	1	1	0	0	1	3
2013/12/30-15:06:24	48	1,579.49	63.034	8	0	0	0	0	0	1	1	0	0	1	23
2013/12/30-15:07:06	48	1,579.49	63.034	15	0	0	0	1	0	1	1	0	0	1	37
2013/12/30-15:08:02	48	1,579.49	63.034	13	0	0	1	0	0	0	1	1	0	0	28
2013/12/30-15:30:09	48	1,579.49	63.034	8	0	0	0	0	0	1	1	0	0	1	19
2013/12/30-15:31:01	48	1,579.49	63.034	11	0	0	0	0	0	1	1	0	0	1	22
2013/12/30-15:32:19	48	1,579.49	63.034	12	0	0	1	1	0	1	1	0	0	1	23
2013/12/30-15:33:01	48	1,579.49	63.034	16	0	0	3	0	0	1	1	0	0	1	32
2013/12/30-15:33:53	48	1,579.49	63.034	3	0	0	0	0	0	1	1	0	0	1	6
2013/12/30-15:43:48	49	1,566.478	58.228	29	0	0	4	3	0	0	1	1	0	0	46
2013/12/30-15:44:53	49	1,566.478	58.228	32	0	1	4	1	0	0	1	0	0	1	54
2013/12/30-15:46:06	49	1,566.478	58.228	34	0	0	5	0	0	0	1	0	0	1	60
2013/12/30-15:47:25	49	1,566.478	58.228	21	0	0	3	1	0	1	1	0	0	1	43
2013/12/30-15:48:27	49	1,566.478	58.228	9	0	1	1	0	0	0	1	0	0	1	18
2013/12/30-17:06:48	46	1,586.779	55.452	25	0	0	1	0	0	1	1	0	0	1	57
2013/12/30-17:08:08	46	1,586.779	55.452	26	0	0	4	0	0	1	1	0	0	1	57
2013/12/30-17:09:24	46	1,586.779	55.452	4	0	0	0	0	0	1	1	0	0	1	6
2013/12/30-17:10:32	46	1,586.779	55.452	29	0	0	2	1	0	1	1	0	0	1	56
2013/12/30-17:11:47	46	1,586.779	55.452	6	0	0	0	1	0	1	1	0	0	1	13
2013/12/30-17:27:38	46	1,584.112	53.073	28	0	0	4	0	0	0	1	1	0	0	50
2013/12/30-17:28:47	46	1,584.112	53.073	8	0	0	2	0	0	1	1	0	0	1	20
2013/12/30-17:29:32	46	1,584.112	53.073	6	0	0	0	0	0	1	1	0	0	1	12
2013/12/30-17:30:09	46	1,584.112	53.073	1	0	0	0	0	0	1	1	0	0	1	3
2013/12/30-17:30:56	46	1,584.112	53.073	5	0	0	0	0	0	1	1	0	0	1	7
2013/12/30-17:48:35	46	1,584.112	53.073	6	0	1	1	0	0	0	1	0	0	1	17
2013/12/30-17:49:36	46	1,584.112	53.073	21	0	0	2	1	0	1	1	0	0	1	46
2013/12/30-17:50:41	46	1,584.112	53.073	29	0	0	2	1	0	0	1	1	0	0	60
2013/12/30-17:52:00	46	1,584.112	53.073	22	0	0	2	0	0	1	1	0	0	1	40
2013/12/30-17:53:20	46	1,584.112	53.073	14	0	0	2	0	0	1	1	0	0	1	34
2013/12/30-18:09:31	49	1,570.366	49.239	8	0	0	3	0	0	1	1	0	0	1	14
2013/12/30-18:10:21	49	1,570.366	49.239	14	0	0	4	1	0	1	1	0	0	1	30
2013/12/30-18:11:20	49	1,570.366	49.239	11	0	0	2	0	0	1	1	0	0	1	19
2013/12/30-18:12:14	49	1,570.366	49.239	32	0	0	5	2	0	0	1	1	0	0	60
2013/12/30-18:13:33	49	1,570.366	49.239	11	0	0	2	0	0	1	1	0	0	1	22
2013/12/30-18:38:37	49	1,570.366	49.239	3	0	1	0	0	0	0	1	0	0	1	6
2013/12/30-18:39:33	49	1,570.366	49.239	20	0	0	1	0	0	0	1	0	0	1	60
2013/12/30-18:40:52	54	1,549.805	46.971	19	0	0	3	0	0	0	1	1	0	0	36
2013/12/30-18:41:47	54	1,549.805	46.971	23	0	0	3	1	0	0	1	0	0	1	60
2013/12/30-18:43:06	54	1,549.805	46.971	1	0	0	0	0	0	1	1	0	0	1	6
2013/12/30-18:55:41	54	1,549.805	46.971	11	0	0	2	1	0	1	1	0	0	1	19
2013/12/30-18:56:19	54	1,549.805	46.971	7	0	0	1	1	0	0	1	1	0	0	19
2013/12/30-18:56:57	54	1,549.805	46.971	18	0	0	3	1	0	0	1	1	0	0	37
2013/12/30-18:57:53	54	1,549.805	46.971	13	0	0	3	1	0	1	1	0	0	1	23
2013/12/30-18:58:59	54	1,549.805	46.971	17	0	0	3	0	0	1	1	0	0	1	36
2013/12/31-16:07:56	52	1,555.271	75.09	27	0	0	2	1	0	0	1	1	0	0	60
2013/12/31-16:09:15	52	1,555.271	75.09	4	0	0	0	0	0	1	1	0	0	1	8
2013/12/31-16:09:53	52	1,555.271	75.09	4	0	1	0	0	0	0	1	0	0	1	16
2013/12/31-16:10:28	52	1,555.271	75.09	7	0	1	0	0	0	0	1	0	0	1	44
2013/12/31-16:11:31	48	1,575.955	71.956	6	0	0	0	0	0	1	1	0	0	1	22
2013/12/31-16:31:49	48	1,575.955	71.956	7	0	0	0	0	0	1	1	0	0	1	17
2013/12/31-16:32:24	48	1,575.955	71.956	7	0	0	1	0	0	1	1	0	0	1	11
2013/12/31-16:33:13	48	1,575.955	71.956	1	0	0	0	0	0	1	1	0	0	1	3
2013/12/31-16:33:48	48	1,575.955	71.956	13	0	0	1	0	0	1	1	0	0	1	42
2013/12/31-16:35:07	48	1,575.955	71.956	9	0	1	0	1	0	0	1	0	0	1	33
2013/12/31-16:43:38	48	1,575.955	71.956	3	0	1	0	1	0	0	1	0	0	1	7
2013/12/31-16:44:05	48	1,575.955	71.956	10	0	0	11	0	0	1	1	0	0	1	18
2013/12/31-16:44:49	48	1,575.955	71.956	2	0	1	0	0	0	0	1	0	0	1	9
2013/12/31-16:45:17	48	1,575.955	71.956	16	0	0	4	0	0	1	1	0	0	1	28
2013/12/31-16:46:22	48	1,575.955	71.956	4	0	0	0	0	0	1	1	0	0	1	7
2013/12/31-20:08:52	51	1,566.693	69.824	7	0	0	0	1	0	0	1	1	0	0	13
2013/12/31-20:09:23	51	1,566.693	69.824	3	0	1	0	0	0	0	1	0	0	1	12
2013/12/31-20:09:57	51	1,566.693	69.824	2	0	0	0	1	0	0	1	1	0	0	11
2013/12/31-20:10:27	51	1,566.693	69.824	3	0	1	0	0	0	0	1	0	0	1	15
2013/12/31-20:11:06	51	1,566.693	69.824	24	0	0	2	1	0	1	1	0	0	1	59
2013/12/31-20:17:36	51	1,566.693	69.824	34	0	0	0	0	0	1	1	0	0	1	53
2013/12/31-20:18:55	51	1,566.693	69.824	8	0	0	0	1	0	0	1	1	0	0	26
2013/12/31-20:19:39	51	1,566.693	69.824	17	0	0	1	0	0	1	1	0	0	1	37
2013/12/31-20:20:36	51	1,566.693	69.824	20	0	0	0	1	0	0	1	1	0	0	60
2013/12/31-20:21:55	51	1,566.693	69.824	8	0	0	0	2	0	0	1	1	0	0	27
2013/12/31-20:36:50	42	1,618.176	63.686	33	0	0	10	1	0	0	1	1	0	0	60
2013/12/31-20:38:09	42	1,618.176	63.686	29	0	0	0	1	0	0	1	1	0	0	60
2013/12/31-20:39:28	42	1,618.176	63.686	1	0	0	0	0	0	1	1	0	0	1	3
2013/12/31-20:40:47	42	1,618.176	63.686	3	0	0	0	0	0	1	1	0	0	1	9
2013/12/31-20:41:16	42	1,618.176	63.686	1	0	1	0	0	0	0	1	0	0	1	9
2014/01/01-00:03:49	38	1,626.916	65.198	5	0	1	0	0	0	0	1	0	0	1	20
2014/01/01-00:05:08	38	1,626.916	65.198	2	0	0	0	0	0	1	1	0	0	1	6
2014/01/01-00:06:21	38	1,626.916	65.198	25	0	0	2	1	0	0	1	1	0	0	40
2014/01/01-00:07:20	38	1,626.916	65.198	9	0	0	0	0	0	1	1	0	0	1	27
2014/01/01-00:08:38	38	1,626.916	65.198	11	0	0	2	2	0	0	1	1	0	0	27
2014/01/01-00:30:15	35	1,650.76	61.846	1	0	1	0	1	0	0	1	0	0	1	4
2014/01/01-00:30:38	35	1,650.76	61.846	9	0	0	0	0	0	1	1	0	0	1	27
2014/01/01-00:31:57	35	1,650.76	61.846	4	0	0	0	2	0	0	1	1	0	0	8
2014/01/01-00:32:24	35	1,650.76	61.846	22	0	0	2	0	0	1	1	0	0	1	54
2014/01/01-00:33:43	35	1,650.76	61.846	20	0	0	20	1	0	0	1	1	0	0	36
2014/01/01-00:54:07	35	1,650.76	61.846	4	0	1	0	1	0	0	1	0	0	1	10
2014/01/01-00:54:36	35	1,650.76	61.846	2	0	1	0	2	0	0	1	0	0	1	7
2014/01/01-00:55:02	35	1,650.76	61.846	8	0	0	0	1	0	0	1	1	0	0	24
2014/01/01-00:55:45	35	1,650.76	61.846	26	0	0	4	1	0	1	1	0	0	1	59
2014/01/01-00:57:05	35	1,650.76	61.846	13	0	0	0	0	0	1	1	0	0	1	26
2014/01/01-05:18:13	23	1,712.836	64.381	8	0	0	0	1	0	0	1	1	0	0	14
2014/01/01-05:18:45	23	1,712.836	64.381	10	0	0	0	2	0	0	1	1	0	0	37
2014/01/01-05:19:41	23	1,712.836	64.381	10	0	0	0	2	0	0	1	1	0	0	34
2014/01/01-05:20:34	23	1,712.836	64.381	16	0	0	1	3	0	0	1	1	0	0	47
2014/01/01-05:21:40	23	1,712.836	64.381	24	0	0	7	2	0	0	1	1	0	0	48
2014/01/01-05:34:04	23	1,712.836	64.381	12	0	1	0	2	0	0	1	0	0	1	36
2014/01/01-05:34:58	23	1,712.836	64.381	4	0	0	0	0	0	1	1	0	0	1	9
2014/01/01-05:35:26	23	1,712.836	64.381	1	0	0	0	0	0	1	1	0	0	1	3
2014/01/01-05:36:15	18	1,733.937	60.321	5	0	0	0	0	0	0	1	1	0	0	25
2014/01/01-05:36:59	18	1,733.937	60.321	7	0	1	0	0	0	0	1	0	0	1	12
2014/01/01-05:48:38	18	1,733.937	60.321	25	0	0	0	1	0	0	1	1	0	0	60
2014/01/01-05:49:57	18	1,733.937	60.321	4	0	0	2	1	0	0	1	1	0	0	11
2014/01/01-05:50:26	18	1,733.937	60.321	9	0	0	0	0	0	1	1	0	0	1	14
2014/01/01-05:50:59	18	1,733.937	60.321	21	0	0	6	1	0	0	1	1	0	0	60
2014/01/01-05:52:18	18	1,733.937	60.321	11	0	0	1	0	0	1	1	0	0	1	21
2014/01/01-09:11:43	8	1,761.078	62.004	10	0	0	1	0	0	1	1	0	0	1	20
2014/01/01-09:12:27	8	1,761.078	62.004	3	0	1	0	1	0	0	1	0	0	1	16
2014/01/01-09:13:01	8	1,761.078	62.004	9	0	0	0	0	0	0	1	1	0	0	15
2014/01/01-09:13:35	8	1,761.078	62.004	1	0	0	0	0	0	1	1	0	0	1	3
2014/01/01-09:14:36	8	1,761.078	62.004	7	0	0	0	1	0	1	1	0	0	1	15
2014/01/01-09:25:51	8	1,761.078	62.004	9	0	0	2	1	0	0	1	1	0	0	17
2014/01/01-09:26:27	8	1,761.078	62.004	4	0	0	0	2	0	1	1	1	0	0	6
2014/01/01-09:26:52	8	1,761.078	62.004	4	0	0	0	1	0	0	1	1	0	0	14
2014/01/01-09:27:24	8	1,761.078	62.004	4	0	0	0	3	0	0	1	1	0	0	14
2014/01/01-09:27:57	8	1,761.078	62.004	13	0	0	0	1	0	0	1	1	0	0	17
2014/01/01-09:41:42	15	1,743.953	59.067	5	0	0	1	2	0	0	1	1	0	0	15
2014/01/01-09:42:17	15	1,743.953	59.067	3	0	0	0	1	0	0	1	1	0	0	9
2014/01/01-09:42:45	15	1,743.953	59.067	6	0	0	0	1	0	0	1	1	0	0	12
2014/01/01-09:43:16	15	1,743.953	59.067	30	0	0	0	1	0	0	1	1	0	0	60
2014/01/01-09:44:35	15	1,743.953	59.067	3	0	1	0	0	0	0	1	0	0	1	6
2014/01/01-13:18:22	13	1,744.524	62.609	18	0	0	0	2	0	0	1	1	0	0	34
2014/01/01-13:19:15	13	1,744.524	62.609	5	0	1	0	0	0	0	1	0	0	1	10
2014/01/01-13:20:06	13	1,744.524	62.609	6	0	0	0	1	0	1	1	0	0	1	24
2014/01/01-13:20:49	13	1,744.524	62.609	1	0	1	0	0	0	0	1	0	0	1	6
2014/01/01-13:21:45	13	1,744.524	62.609	13	0	0	1	1	0	1	1	0	0	1	27
2014/01/01-13:37:21	18	1,724.805	59.778	22	0	1	7	1	0	0	1	0	0	1	43
2014/01/01-13:38:23	18	1,724.805	59.778	1	0	0	0	0	0	0	1	1	0	0	6
2014/01/01-13:38:47	18	1,724.805	59.778	15	0	0	0	2	0	0	1	1	0	0	25
2014/01/01-13:39:31	18	1,724.805	59.778	35	0	0	3	1	0	0	1	1	0	0	60
2014/01/01-13:40:50	18	1,724.805	59.778	9	0	0	0	1	0	1	1	0	0	1	21
2014/01/01-13:54:50	18	1,724.805	59.778	4	0	0	0	0	0	0	1	1	0	0	16
2014/01/01-13:55:25	18	1,724.805	59.778	29	0	0	2	0	0	0	1	1	0	0	60
2014/01/01-13:56:44	18	1,724.805	59.778	10	0	0	0	2	0	1	1	1	0	0	11
2014/01/01-13:57:13	18	1,724.805	59.778	12	0	0	0	2	0	1	1	0	0	1	27
2014/01/01-13:57:59	18	1,724.805	59.778	24	0	0	5	0	0	1	1	0	0	1	55
2014/01/01-23:45:16	16	1,736.346	62.82	1	0	0	0	1	0	0	1	1	0	0	6
2014/01/01-23:45:41	16	1,736.346	62.82	6	0	1	0	1	0	0	1	0	0	1	19
2014/01/01-23:46:35	16	1,736.346	62.82	33	0	0	0	0	0	0	1	1	0	0	60
2014/01/01-23:47:54	16	1,736.346	62.82	23	0	0	4	0	0	0	1	0	0	1	60
2014/01/01-23:49:13	16	1,736.346	62.82	19	0	0	0	0	0	0	1	0	0	1	60
2014/01/01-23:58:37	17	1,734.002	60.451	2	0	0	0	1	0	0	1	1	0	0	12
2014/01/01-23:59:09	17	1,734.002	60.451	6	0	1	0	0	0	0	1	0	0	1	26
2014/01/01-23:59:53	17	1,734.002	60.451	1	0	1	0	0	0	0	1	0	0	1	4
2014/01/02-00:00:18	17	1,734.002	60.451	9	0	1	0	0	0	0	1	0	0	1	17
2014/01/02-00:01:37	17	1,734.002	60.451	1	0	1	0	0	0	0	1	0	0	1	3
2014/01/02-00:17:55	17	1,734.002	60.451	31	0	0	4	0	0	1	1	0	0	1	60
2014/01/02-00:19:14	17	1,734.002	60.451	6	0	1	0	0	0	0	1	0	0	1	14
2014/01/02-00:20:00	17	1,734.002	60.451	4	0	1	0	0	0	0	1	0	0	1	13
2014/01/02-00:20:45	17	1,734.002	60.451	2	0	0	0	0	0	1	1	0	0	1	7
2014/01/02-00:21:46	17	1,734.002	60.451	11	0	0	0	1	0	0	1	1	0	0	19
2014/01/02-04:48:16	16	1,721.756	62.969	4	0	0	0	2	0	0	1	1	0	0	12
2014/01/02-04:48:47	16	1,721.756	62.969	12	0	0	0	1	0	0	1	1	0	0	24
2014/01/02-04:49:30	16	1,721.756	62.969	2	0	0	0	2	0	0	1	1	0	0	11
2014/01/02-04:50:00	16	1,721.756	62.969	24	0	0	13	1	0	0	1	1	0	0	40
2014/01/02-04:50:58	16	1,721.756	62.969	3	0	0	0	1	0	0	1	1	0	0	8
2014/01/02-05:02:27	16	1,721.756	62.969	7	0	0	0	0	0	0	1	1	0	0	25
2014/01/02-05:03:11	16	1,721.756	62.969	1	0	0	0	0	0	1	1	0	0	1	3
2014/01/02-05:03:51	16	1,721.756	62.969	1	0	0	0	0	0	1	1	0	0	1	5
2014/01/02-05:04:49	17	1,719.161	59.398	21	0	0	0	0	0	0	1	1	0	0	60
2014/01/02-05:06:08	17	1,719.161	59.398	28	0	0	11	1	0	1	1	0	0	1	53
2014/01/02-05:25:33	17	1,719.161	59.398	8	0	0	0	0	0	1	1	0	0	1	16
2014/01/02-05:26:52	17	1,719.161	59.398	3	0	1	0	0	0	0	1	0	0	1	9
2014/01/02-05:27:22	17	1,719.161	59.398	20	0	0	3	1	0	0	1	1	0	0	47
2014/01/02-05:28:28	17	1,719.161	59.398	2	0	0	0	2	0	1	1	0	0	1	10
2014/01/02-05:28:57	17	1,719.161	59.398	3	0	0	0	1	0	0	1	1	0	0	13
2014/01/02-09:41:24	15	1,732.166	61.17	5	0	1	0	1	0	0	1	0	0	1	16
2014/01/02-09:41:59	15	1,732.166	61.17	2	0	1	0	2	0	0	1	0	0	1	7
2014/01/02-09:42:25	15	1,732.166	61.17	30	0	0	2	0	0	0	1	0	0	1	60
2014/01/02-09:43:44	15	1,732.166	61.17	9	0	0	0	2	0	1	1	0	0	1	36
2014/01/02-09:44:38	15	1,732.166	61.17	1	0	0	0	0	0	0	1	1	0	0	7
2014/01/02-10:02:37	12	1,736.494	58.67	1	0	1	0	0	0	0	1	0	0	1	3
2014/01/02-10:02:59	12	1,736.494	58.67	10	0	0	4	0	0	1	1	0	0	1	27
2014/01/02-10:03:45	12	1,736.494	58.67	12	0	0	0	1	0	1	1	0	0	1	38
2014/01/02-10:04:42	12	1,736.494	58.67	1	0	0	0	0	0	1	1	0	0	1	3
2014/01/02-10:05:10	12	1,736.494	58.67	9	0	0	0	1	0	0	1	1	0	0	12
2014/01/02-10:22:00	12	1,736.494	58.67	6	0	0	1	0	0	1	1	0	0	1	19
2014/01/02-10:23:17	12	1,736.494	58.67	5	0	0	0	0	0	1	1	0	0	1	7
2014/01/02-10:24:06	12	1,736.494	58.67	2	0	0	0	1	0	0	1	1	0	0	7
2014/01/02-10:24:32	12	1,736.494	58.67	4	0	1	0	0	0	0	1	0	0	1	7
2014/01/02-10:25:30	12	1,736.494	58.67	16	0	0	0	2	0	0	1	1	0	0	29
2014/01/02-13:45:28	14	1,735.22	59.498	3	0	1	0	0	0	0	1	0	0	1	12
2014/01/02-13:46:47	14	1,735.22	59.498	3	0	0	0	0	0	0	1	1	0	0	8
2014/01/02-13:47:14	14	1,735.22	59.498	22	0	1	2	1	0	0	1	0	0	1	40
2014/01/02-13:48:13	14	1,735.22	59.498	12	0	1	0	1	0	0	1	0	0	1	21
2014/01/02-13:48:52	14	1,735.22	59.498	3	0	0	0	1	0	1	1	0	0	1	8
2014/01/02-14:18:56	13	1,741.96	57.046	20	0	0	0	1	0	1	1	0	0	1	29
2014/01/02-14:19:44	13	1,741.96	57.046	1	0	0	0	0	0	1	1	0	0	1	3
2014/01/02-14:20:30	13	1,741.96	57.046	10	0	0	0	0	0	1	1	0	0	1	36
2014/01/02-14:21:24	13	1,741.96	57.046	3	0	1	0	0	0	0	1	0	0	1	14
2014/01/02-14:21:58	13	1,741.96	57.046	12	0	0	0	0	0	0	1	1	0	0	26
2014/01/02-14:36:54	13	1,742.062	54.474	14	0	0	0	0	0	1	1	0	0	1	30
2014/01/02-14:38:13	13	1,742.062	54.474	7	0	0	1	0	0	1	1	0	0	1	13
2014/01/02-14:39:32	13	1,742.062	54.474	5	0	1	0	1	0	0	1	0	0	1	20
2014/01/02-14:40:11	13	1,742.062	54.474	2	0	1	0	0	0	0	1	0	0	1	10
2014/01/02-14:41:02	13	1,742.062	54.474	3	0	0	0	0	0	1	1	0	0	1	7
2014/01/02-18:55:16	13	1,731.206	59.101	11	0	0	0	0	0	0	1	1	0	0	34
2014/01/02-18:56:09	13	1,731.206	59.101	16	0	0	0	2	0	0	1	1	0	0	24
2014/01/02-18:56:52	13	1,731.206	59.101	2	0	0	0	0	0	0	1	1	0	0	7
2014/01/02-18:57:18	13	1,731.206	59.101	18	0	0	3	0	0	0	1	1	0	0	36
2014/01/02-18:58:13	13	1,731.206	59.101	8	0	1	0	1	0	0	1	0	0	1	21
2014/01/02-22:18:51	12	1,740.038	57.597	4	0	0	0	0	0	1	1	0	0	1	8
2014/01/02-22:20:12	12	1,740.038	57.597	8	0	0	1	1	0	1	1	0	0	1	30
2014/01/02-22:21:30	12	1,740.038	57.597	26	0	0	1	0	0	1	1	0	0	1	53
2014/01/02-22:22:43	12	1,740.038	57.597	20	0	0	0	1	0	0	1	1	0	0	60
2014/01/02-22:24:02	12	1,740.038	57.597	3	0	1	0	0	0	0	1	0	0	1	10
2014/01/02-22:39:15	12	1,740.038	57.597	21	0	0	2	1	0	0	1	1	0	0	40
2014/01/02-22:40:13	12	1,740.038	57.597	2	0	0	0	2	0	0	1	1	0	0	10
2014/01/02-22:40:43	12	1,740.038	57.597	7	0	0	0	0	0	1	1	0	0	1	10
2014/01/02-22:41:16	12	1,740.038	57.597	10	0	1	2	1	0	0	1	0	0	1	34
2014/01/02-22:42:04	12	1,740.038	57.597	2	0	0	0	2	0	1	1	0	0	1	10
2014/01/03-02:20:37	14	1,730.742	59.903	11	0	0	0	1	0	0	1	1	0	0	22
2014/01/03-02:21:19	14	1,730.742	59.903	3	0	0	0	1	0	1	1	0	0	1	9
2014/01/03-02:22:37	14	1,730.742	59.903	5	0	0	0	1	0	1	1	0	0	1	24
2014/01/03-02:23:21	14	1,730.742	59.903	26	0	0	2	0	0	0	1	1	0	0	60
2014/01/03-02:24:40	14	1,730.742	59.903	9	0	0	1	1	0	0	1	1	0	0	23
2014/01/03-02:39:34	14	1,730.742	59.903	13	0	1	4	0	0	0	1	0	0	1	39
2014/01/03-02:40:32	14	1,730.742	59.903	2	0	1	0	0	0	0	1	0	0	1	6
2014/01/03-02:41:04	14	1,730.742	59.903	14	0	0	1	0	0	0	1	1	0	0	60
2014/01/03-02:42:23	14	1,730.742	59.903	4	0	0	0	1	0	1	1	0	0	1	14
2014/01/03-02:42:56	14	1,730.742	59.903	5	0	0	0	0	0	1	1	0	0	1	6
2014/01/03-02:54:58	15	1,727.857	55.528	5	0	0	0	1	0	1	1	0	0	1	11
2014/01/03-02:56:10	15	1,727.857	55.528	22	0	0	0	0	0	1	1	0	0	1	42
2014/01/03-02:57:11	15	1,727.857	55.528	11	0	0	2	0	0	1	1	0	0	1	21
2014/01/03-02:58:13	15	1,727.857	55.528	9	0	1	0	0	0	0	1	0	0	1	38
2014/01/03-02:59:10	15	1,727.857	55.528	12	0	0	3	1	0	0	1	1	0	0	32
2014/01/03-07:21:39	14	1,733.014	59.833	4	0	0	0	0	0	0	1	1	0	0	6
2014/01/03-07:22:04	14	1,733.014	59.833	0	0	0	0	0	0	0	1	1	0	0	3
2014/01/03-07:22:26	14	1,733.014	59.833	9	0	0	0	0	0	1	1	0	0	1	18
2014/01/03-07:23:31	14	1,733.014	59.833	28	0	0	5	1	0	0	1	1	0	0	51
2014/01/03-07:24:41	14	1,733.014	59.833	8	0	1	1	1	0	0	1	0	0	1	25
2014/01/03-07:45:34	14	1,731.368	57.72	3	0	1	0	1	0	0	1	0	0	1	12
2014/01/03-07:46:06	14	1,731.368	57.72	29	0	0	7	0	0	0	1	1	0	0	60
2014/01/03-07:47:25	14	1,731.368	57.72	5	0	0	0	1	0	1	1	0	0	1	9
2014/01/03-07:48:09	14	1,731.368	57.72	28	0	0	4	0	0	1	1	0	0	1	54
2014/01/03-07:49:25	14	1,731.368	57.72	30	0	0	0	1	0	1	1	0	0	1	48
2014/01/03-07:56:14	14	1,731.368	57.72	18	0	0	19	0	0	1	1	0	0	1	36
2014/01/03-07:57:09	14	1,731.368	57.72	2	0	1	0	0	0	0	1	0	0	1	15
2014/01/03-07:58:04	14	1,731.368	57.72	1	0	1	0	1	0	0	1	1	0	0	3
2014/01/03-07:58:27	14	1,722.803	54.13	0	0	1	0	0	0	0	1	0	0	1	5
2014/01/03-07:58:50	14	1,722.803	54.13	3	0	1	0	0	0	0	1	0	0	1	4
2014/01/04-17:38:04	18	1,715.549	68.704	25	0	0	2	0	0	0	1	1	0	0	60
2014/01/04-17:39:23	18	1,715.549	68.704	5	0	1	0	0	0	0	1	0	0	1	11
2014/01/04-17:40:39	18	1,715.549	68.704	2	0	0	0	0	0	1	1	0	0	1	4
2014/01/04-17:41:58	18	1,715.549	68.704	2	0	0	0	0	0	1	1	0	0	1	10
2014/01/04-17:42:36	18	1,715.549	68.704	5	0	0	0	0	0	1	1	0	0	1	18
2014/01/04-17:49:30	18	1,715.549	68.704	16	0	0	4	1	0	0	1	1	0	0	41
2014/01/04-17:50:30	18	1,715.549	68.704	2	0	1	0	0	0	0	1	0	0	1	9
2014/01/04-17:51:49	18	1,715.549	68.704	8	0	0	12	0	0	1	1	0	0	1	18
2014/01/04-17:53:08	18	1,715.549	68.704	14	0	0	2	0	0	1	1	0	0	1	53
2014/01/04-17:54:21	18	1,715.549	68.704	25	0	1	0	1	0	0	1	0	0	1	46
2014/01/04-18:09:27	18	1,715.549	68.704	3	0	1	0	0	0	0	1	0	0	1	16
2014/01/04-18:10:01	18	1,715.549	68.704	11	0	0	0	1	0	0	1	1	0	0	48
2014/01/04-18:11:09	18	1,715.549	68.704	8	0	0	0	1	0	1	1	0	0	1	14
2014/01/04-18:11:51	18	1,715.549	68.704	21	0	0	4	1	0	1	1	0	0	1	44
2014/01/04-18:13:10	18	1,715.549	68.704	3	0	0	0	0	0	1	1	0	0	1	9
2014/01/04-22:03:17	31	1,671.206	65.842	17	0	0	0	1	0	0	1	1	0	0	31
2014/01/04-22:04:07	31	1,671.206	65.842	2	0	0	0	1	0	1	1	0	0	1	6
2014/01/04-22:04:33	31	1,671.206	65.842	1	0	0	0	1	0	0	1	1	0	0	3
2014/01/04-22:04:55	31	1,671.206	65.842	1	0	0	0	1	0	0	1	1	0	0	3
2014/01/04-22:05:17	31	1,671.206	65.842	2	0	0	0	2	0	0	1	1	0	0	6
2014/01/04-22:16:04	31	1,671.206	65.842	4	0	1	0	0	0	0	1	0	0	1	16
2014/01/04-22:16:42	31	1,671.206	65.842	21	0	0	2	1	0	1	1	0	0	1	56
2014/01/04-22:17:57	31	1,671.206	65.842	5	0	1	0	0	0	0	1	0	0	1	11
2014/01/04-22:18:45	31	1,671.206	65.842	10	0	0	8	1	0	0	1	1	0	0	25
2014/01/04-22:19:29	31	1,671.206	65.842	4	0	0	0	2	0	0	1	1	0	0	13
2014/01/04-22:33:24	30	1,672.455	60.811	18	0	0	0	0	0	0	1	1	0	0	60
2014/01/04-22:34:44	30	1,672.455	60.811	6	0	0	0	0	0	0	1	1	0	0	17
2014/01/04-22:35:20	30	1,672.455	60.811	8	0	0	0	1	0	1	1	0	0	1	14
2014/01/04-22:35:53	30	1,672.455	60.811	4	0	0	0	0	0	1	1	0	0	1	13
2014/01/04-22:36:29	30	1,672.455	60.811	26	0	0	4	1	0	0	1	1	0	0	55
2014/01/04-23:40:31	26	1,682.555	57.802	4	0	1	0	0	0	0	1	0	0	1	5
2014/01/05-09:11:55	28	1,673.682	60.548	18	0	0	6	1	0	1	1	0	0	1	44
2014/01/05-09:12:58	28	1,673.682	60.548	2	0	0	0	1	0	0	1	1	0	0	4
2014/01/05-09:13:20	28	1,673.682	60.548	3	0	0	0	0	0	0	1	1	0	0	20
2014/01/05-09:13:59	28	1,673.682	60.548	29	0	0	7	1	0	0	1	1	0	0	57
2014/01/05-09:15:15	28	1,673.682	60.548	1	0	0	0	2	0	0	1	1	0	0	4
2014/01/05-09:28:08	28	1,673.682	60.548	5	0	0	0	0	0	1	1	0	0	1	12
2014/01/05-09:29:27	28	1,673.682	60.548	5	0	0	0	1	0	0	1	1	0	0	16
2014/01/05-09:30:01	28	1,673.682	60.548	4	0	1	0	0	0	0	1	0	0	1	16
2014/01/05-09:30:36	28	1,673.682	60.548	7	0	0	0	2	0	1	1	0	0	1	7
2014/01/05-09:31:04	28	1,673.682	60.548	1	0	0	0	0	0	1	1	0	0	1	3
2014/01/05-09:43:34	31	1,662.621	56.325	14	0	0	0	0	0	1	1	0	0	1	55
2014/01/05-09:44:48	31	1,662.621	56.325	4	0	1	0	0	0	0	1	0	0	1	19
2014/01/05-09:45:26	31	1,662.621	56.325	7	0	1	0	0	0	0	1	0	0	1	26
2014/01/05-09:46:45	31	1,662.621	56.325	1	0	0	0	1	0	0	1	1	0	0	6
2014/01/05-09:47:10	31	1,662.621	56.325	8	0	1	0	1	0	0	1	0	0	1	14
2014/01/05-15:39:56	33	1,656.836	58.387	3	0	0	1	1	0	1	1	0	0	1	7
2014/01/05-15:40:28	33	1,656.836	58.387	21	0	0	2	0	0	0	1	1	0	0	50
2014/01/05-15:41:37	33	1,656.836	58.387	6	0	1	2	0	0	0	1	0	0	1	13
2014/01/05-15:42:18	33	1,656.836	58.387	3	0	0	0	0	0	1	1	0	0	1	8
2014/01/05-15:42:45	33	1,656.836	58.387	28	0	0	5	0	0	0	1	1	0	0	60
2014/01/05-15:51:16	33	1,656.836	58.387	7	0	0	0	0	0	1	1	0	0	1	11
2014/01/05-15:51:55	33	1,656.836	58.387	9	0	1	2	0	0	0	1	0	0	1	19
2014/01/05-15:53:03	33	1,656.836	58.387	6	0	0	1	0	0	1	1	0	0	1	11
2014/01/05-15:54:22	33	1,656.836	58.387	7	0	0	1	0	0	1	1	0	0	1	18
2014/01/05-15:55:41	33	1,656.836	58.387	16	0	0	0	0	0	1	1	0	0	1	32
2014/01/05-16:11:00	38	1,637.247	54.329	26	0	0	1	2	0	0	1	1	0	0	60
2014/01/05-16:12:19	38	1,637.247	54.329	32	0	0	6	1	0	1	1	0	0	1	52
2014/01/05-16:13:30	38	1,637.247	54.329	25	0	0	1	1	0	1	1	0	0	1	46
2014/01/05-16:14:49	38	1,637.247	54.329	37	0	0	4	1	0	0	1	1	0	0	60
2014/01/05-16:16:09	38	1,637.247	54.329	3	0	0	0	0	0	1	1	0	0	1	6
2014/01/05-21:38:29	36	1,640.858	57.781	1	0	0	0	0	0	1	1	0	0	1	3
2014/01/05-21:39:48	36	1,640.858	57.781	34	0	0	3	0	0	0	1	0	0	1	60
2014/01/05-21:41:07	36	1,640.858	57.781	18	0	0	3	1	0	1	1	0	0	1	28
2014/01/05-21:41:54	36	1,640.858	57.781	40	0	0	5	1	0	0	1	1	0	0	60
2014/01/05-21:43:13	36	1,640.858	57.781	15	0	0	3	1	0	1	1	0	0	1	38
2014/01/05-21:48:54	36	1,640.858	57.781	14	0	0	4	1	0	0	1	1	0	0	33
2014/01/05-21:49:47	36	1,640.858	57.781	3	0	0	0	0	0	1	1	0	0	1	4
2014/01/05-21:50:13	36	1,640.858	57.781	10	0	0	0	0	0	0	1	1	0	0	20
2014/01/05-21:50:52	36	1,640.858	57.781	7	0	0	1	0	0	1	1	0	0	1	13
2014/01/05-21:51:24	36	1,640.858	57.781	9	0	0	1	0	0	0	1	1	0	0	25
2014/01/05-22:06:32	38	1,632.933	54.344	3	0	0	0	0	0	1	1	0	0	1	6
2014/01/05-22:07:33	38	1,632.933	54.344	29	0	0	5	1	0	0	1	1	0	0	55
2014/01/05-22:08:47	38	1,632.933	54.344	8	0	0	1	0	0	1	1	0	0	1	14
2014/01/05-22:09:32	38	1,632.933	54.344	26	0	0	2	0	0	1	1	0	0	1	45
2014/01/05-22:10:36	38	1,632.933	54.344	18	0	1	1	0	0	0	1	0	0	1	44
