2013/12/26-07:32:26	60	1,500	350.155	9	0	0	7	1	0	0	1	1	0	0	32
2013/12/26-07:33:21	60	1,500	350.155	7	0	0	6	1	0	0	1	1	0	0	26
2013/12/26-07:34:06	60	1,500	350.155	2	0	0	0	1	0	0	1	1	0	0	11
2013/12/26-07:34:36	60	1,500	350.155	2	0	0	0	1	0	0	1	1	0	0	11
2013/12/26-07:35:05	60	1,500	350.155	6	0	0	0	1	0	0	1	1	0	0	19
2013/12/26-07:35:42	60	1,500	350.155	6	0	0	0	1	0	0	1	1	0	0	19
2013/12/26-07:36:20	60	1,500	350.155	7	0	0	3	1	0	0	1	1	0	0	31
2013/12/26-07:37:09	60	1,500	350.155	6	0	0	3	1	0	0	1	1	0	0	27
2013/12/26-07:37:55	60	1,500	350.155	3	0	0	0	1	0	0	1	1	0	0	13
2013/12/26-07:38:26	60	1,500	350.155	3	0	0	0	1	0	0	1	1	0	0	15
2013/12/26-07:38:59	60	1,500	350.155	5	0	0	0	1	0	0	1	1	0	0	26
2013/12/26-07:39:43	60	1,500	350.155	5	0	0	0	1	0	0	1	1	0	0	26
2013/12/26-07:40:27	60	1,500	350.155	2	0	0	3	1	0	0	1	1	0	0	22
2013/12/26-07:41:08	60	1,500	350.155	2	0	0	3	1	0	0	1	1	0	0	22
2013/12/26-07:41:48	60	1,500	350.155	1	0	0	0	1	0	0	1	1	0	0	4
2013/12/26-07:42:10	60	1,500	350.155	1	0	0	0	1	0	0	1	1	0	0	4
2013/12/26-07:49:56	60	1,500	350.155	9	0	0	6	1	0	1	1	0	1	0	30
2013/12/26-07:50:42	60	1,500	350.155	9	0	0	4	1	0	0	1	1	0	0	27
2013/12/26-07:51:27	60	1,500	350.155	9	0	0	0	1	0	1	1	0	1	0	16
2013/12/26-07:52:01	60	1,500	350.155	9	0	0	0	1	0	0	1	1	0	0	20
2013/12/26-07:52:39	60	1,500	350.155	5	0	0	0	1	0	0	1	1	0	0	18
2013/12/26-07:53:15	60	1,500	350.155	6	0	0	0	1	0	0	1	1	0	0	21
2013/12/26-07:53:55	60	1,500	350.155	8	0	0	0	1	0	0	1	1	0	0	33
2013/12/26-07:54:47	60	1,500	350.155	7	0	0	0	1	0	0	1	1	0	0	30
2013/12/26-07:55:35	60	1,500	350.155	3	0	0	0	1	0	0	1	1	0	0	12
2013/12/26-07:56:06	60	1,500	350.155	3	0	0	0	1	0	0	1	1	0	0	12
2013/12/26-07:56:36	60	1,500	350.155	5	0	0	0	1	0	0	1	1	0	0	26
2013/12/26-07:57:20	60	1,500	350.155	4	0	0	0	1	0	0	1	1	0	0	21
2013/12/26-07:58:00	60	1,500	350.155	2	0	0	3	1	0	0	1	1	0	0	22
2013/12/26-07:58:40	60	1,500	350.155	2	0	0	3	1	0	0	1	1	0	0	22
2013/12/26-07:59:20	60	1,500	350.155	4	0	0	0	1	0	0	1	1	0	0	14
2013/12/26-07:59:53	60	1,500	350.155	5	0	0	1	1	0	0	1	1	0	0	13
2013/12/26-08:01:30	60	1,500	350.155	11	0	0	8	1	0	0	1	1	0	0	45
2013/12/26-08:02:31	60	1,500	350.155	7	0	0	6	1	0	0	1	1	0	0	26
2013/12/26-08:03:16	60	1,500	350.155	5	0	0	0	1	0	0	1	1	0	0	13
2013/12/26-08:03:47	60	1,500	350.155	5	0	0	0	1	0	0	1	1	0	0	13
2013/12/26-08:04:18	60	1,500	350.155	5	0	0	0	1	0	0	1	1	0	0	18
2013/12/26-08:04:54	60	1,500	350.155	5	0	0	0	1	0	0	1	1	0	0	18
2013/12/26-08:05:30	60	1,500	350.155	7	0	0	0	1	0	0	1	1	0	0	30
2013/12/26-08:06:18	60	1,500	350.155	8	0	0	0	1	0	0	1	1	0	0	33
2013/12/26-08:07:09	60	1,500	350.155	5	0	0	0	1	0	0	1	1	0	0	16
2013/12/26-08:07:44	60	1,500	350.155	5	0	0	0	1	0	0	1	1	0	0	16
2013/12/26-08:08:18	60	1,500	350.155	4	0	0	0	1	0	0	1	1	0	0	21
2013/12/26-08:08:57	60	1,500	350.155	5	0	0	0	1	0	0	1	1	0	0	26
2013/12/26-08:09:42	60	1,500	350.155	2	0	0	3	1	0	0	1	1	0	0	22
2013/12/26-08:10:22	60	1,500	350.155	2	0	0	3	1	0	0	1	1	0	0	22
2013/12/26-08:11:03	60	1,500	350.155	8	0	0	3	0	0	1	1	0	0	1	22
2013/12/26-08:11:43	60	1,500	350.155	16	0	0	4	0	0	0	1	0	1	0	30
2013/12/26-08:14:41	60	1,500	350.155	9	0	0	5	0	0	1	1	0	0	1	27
2013/12/26-08:15:23	60	1,500	350.155	12	0	0	7	1	0	0	1	1	0	0	29
2013/12/26-08:16:11	60	1,500	350.155	8	0	0	1	0	0	0	1	1	0	0	20
2013/12/26-08:16:49	60	1,500	350.155	8	0	0	1	0	0	0	1	1	0	0	20
2013/12/26-08:17:28	60	1,500	350.155	6	0	0	0	1	0	0	1	1	0	0	14
2013/12/26-08:18:01	60	1,500	350.155	6	0	0	0	1	0	0	1	1	0	0	14
2013/12/26-08:18:34	60	1,500	350.155	1	0	0	0	0	0	0	1	1	0	0	4
2013/12/26-08:18:56	60	1,500	350.155	1	0	0	0	0	0	0	1	1	0	0	4
2013/12/26-08:19:18	60	1,500	350.155	8	0	0	0	1	0	0	1	1	0	0	29
2013/12/26-08:20:05	60	1,500	350.155	16	0	0	0	0	0	0	1	0	1	0	60
2013/12/26-08:21:23	60	1,500	350.155	0	0	0	0	0	0	0	1	1	0	0	3
2013/12/26-08:21:44	60	1,500	350.155	0	0	0	0	0	0	0	1	1	0	0	3
2013/12/26-08:22:05	60	1,500	350.155	0	0	0	0	0	0	0	1	1	0	0	3
2013/12/26-08:22:27	60	1,500	350.155	0	0	0	0	0	0	0	1	1	0	0	3
2013/12/26-08:22:48	60	1,500	350.155	1	0	0	0	1	0	0	1	1	0	0	3
2013/12/26-08:23:10	60	1,500	350.155	1	0	0	0	1	0	0	1	1	0	0	3
2013/12/26-14:49:43	12	1,818.09	350	1	0	0	0	0	0	1	1	0	0	1	6
2013/12/26-14:53:02	12	1,818.09	350	6	0	0	0	1	0	1	1	0	0	1	37
2013/12/26-14:53:57	12	1,818.09	350	6	0	0	0	1	0	1	1	0	0	1	13
2013/12/26-14:54:26	12	1,818.09	350	9	0	0	1	1	0	0	1	1	0	0	29
2013/12/26-14:55:09	12	1,818.09	350	3	0	0	1	0	0	1	1	0	0	1	13
2013/12/26-14:56:09	12	1,818.09	350	0	0	1	0	0	0	0	1	0	0	1	3
2013/12/26-14:56:39	12	1,818.09	350	3	0	0	0	1	0	1	1	1	0	0	9
2013/12/26-15:46:45	12	1,818.09	350	7	0	0	3	1	0	0	1	1	0	0	27
2013/12/26-15:47:26	12	1,818.09	350	12	0	0	0	1	0	0	1	1	0	0	32
2013/12/26-15:48:09	12	1,818.09	350	8	0	0	0	0	0	0	1	1	0	0	14
2013/12/26-15:48:35	12	1,818.09	350	4	0	0	0	1	0	0	1	1	0	0	15
2013/12/26-15:49:01	12	1,818.09	350	0	0	1	2	0	0	0	1	0	0	1	6
2013/12/26-15:49:27	12	1,818.09	350	1	0	0	0	0	0	0	1	1	0	0	3
2013/12/26-15:49:41	12	1,818.09	350	14	0	1	0	0	0	0	1	1	0	0	59
2013/12/26-15:58:06	3	2,129.085	259.016	0	0	1	0	0	0	0	1	0	0	1	4
2013/12/26-15:58:29	3	2,129.085	259.016	1	0	0	0	1	0	1	1	0	0	1	5
2013/12/26-15:59:08	3	2,129.085	259.016	2	0	1	0	0	0	0	1	0	0	1	8
2013/12/26-15:59:43	3	2,129.085	259.016	20	0	0	0	0	0	1	1	0	0	1	87
2013/12/26-16:01:28	3	2,129.085	259.016	9	0	0	1	0	0	1	1	0	0	1	25
2013/12/26-16:02:44	3	2,129.085	259.016	7	0	0	1	1	0	1	1	0	0	1	20
2013/12/26-16:03:29	3	2,129.085	259.016	5	0	0	0	0	0	0	1	1	0	0	23
2013/12/26-16:08:58	3	2,129.085	259.016	1	0	0	0	1	0	1	1	0	0	1	3
2013/12/26-16:09:20	3	2,129.085	259.016	1	0	1	1	0	0	0	1	0	0	1	6
2013/12/26-16:09:46	3	2,129.085	259.016	4	0	0	0	0	0	1	1	0	0	1	8
2013/12/26-16:10:22	3	2,129.085	259.016	2	0	1	0	0	0	0	1	0	0	1	23
2013/12/26-16:11:03	3	2,129.085	259.016	8	0	0	0	0	0	1	1	0	0	1	27
2013/12/26-16:11:49	3	2,129.085	259.016	19	0	1	0	0	0	0	1	0	0	1	37
2013/12/26-16:12:44	3	2,129.085	259.016	8	0	0	0	0	0	0	1	1	0	0	35
2013/12/26-22:01:25	95	1,005.6	203.548	1	0	1	0	0	0	0	1	0	0	1	11
2013/12/26-22:02:03	95	1,005.6	203.548	2	0	0	0	0	0	1	1	0	0	1	13
2013/12/26-22:02:44	95	1,005.6	203.548	8	0	1	0	0	0	0	1	0	0	1	44
2013/12/26-22:03:42	95	1,005.6	203.548	1	0	0	0	0	0	1	1	0	0	1	6
2013/12/26-22:04:01	95	1,005.6	203.548	5	0	0	1	1	0	1	1	0	0	1	14
2013/12/26-22:04:30	95	1,005.6	203.548	1	0	1	0	0	0	0	1	0	0	1	16
2013/12/26-22:05:02	95	1,005.6	203.548	5	0	0	0	0	0	0	1	1	0	0	14
2013/12/26-22:19:21	95	1,005.6	203.548	6	0	0	0	0	0	0	1	1	0	0	13
2013/12/26-22:19:53	95	1,005.6	203.548	2	0	1	2	0	0	0	1	0	0	1	7
2013/12/26-22:20:19	95	1,005.6	203.548	4	0	0	0	0	0	1	1	0	0	1	10
2013/12/26-22:21:21	95	1,005.6	203.548	14	0	1	0	0	0	0	1	0	0	1	58
2013/12/26-22:22:38	95	1,005.6	203.548	9	0	1	0	0	0	0	1	0	0	1	42
2013/12/26-22:23:39	95	1,005.6	203.548	13	0	0	3	1	0	1	1	0	0	1	47
2013/12/26-22:24:45	95	1,005.6	203.548	2	0	0	0	1	0	1	1	0	0	1	10
2013/12/26-22:40:22	12	1,837.3	169.38	9	0	0	0	0	0	0	1	1	0	0	31
2013/12/26-22:41:09	12	1,837.3	169.38	2	0	0	0	0	0	1	1	0	0	1	8
2013/12/26-22:42:08	12	1,837.3	169.38	3	0	1	0	0	0	0	1	0	0	1	5
2013/12/26-22:42:47	12	1,837.3	169.38	4	0	1	0	0	0	0	1	0	0	1	16
2013/12/26-22:43:23	12	1,837.3	169.38	5	0	0	2	0	0	1	1	0	0	1	28
2013/12/26-22:44:43	12	1,837.3	169.38	1	0	0	0	0	0	1	1	0	0	1	20
2013/12/26-22:48:19	12	1,837.3	169.38	0	0	1	0	0	0	0	1	0	0	1	3
2013/12/26-22:56:56	12	1,837.3	169.38	0	0	1	0	0	0	0	1	0	0	1	4
2013/12/26-22:57:19	12	1,837.3	169.38	2	0	0	1	0	0	0	1	1	0	0	16
2013/12/26-22:57:54	12	1,837.3	169.38	1	0	0	0	2	0	0	1	1	0	0	10
2013/12/26-22:58:23	12	1,837.3	169.38	1	0	0	0	1	0	1	1	0	0	1	3
2013/12/26-22:58:45	12	1,837.3	169.38	6	0	0	0	2	0	0	1	1	0	0	20
2013/12/26-22:59:23	12	1,837.3	169.38	8	0	0	0	1	0	0	1	1	0	0	25
2013/12/26-23:00:07	12	1,837.3	169.38	13	0	1	2	0	0	0	1	0	0	1	44
2013/12/26-23:29:12	12	1,837.3	169.38	5	0	0	2	0	0	1	1	0	0	1	19
2013/12/26-23:29:58	12	1,837.3	169.38	5	0	1	0	1	0	0	1	0	0	1	9
2013/12/26-23:30:26	12	1,837.3	169.38	1	0	1	1	0	0	0	1	1	0	0	6
2013/12/26-23:30:50	32	1,693.875	128.468	4	0	1	0	0	0	0	1	0	0	1	30
2013/12/26-23:31:39	32	1,693.875	128.468	3	0	1	0	0	0	0	1	0	0	1	4
2013/12/26-23:32:10	32	1,693.875	128.468	0	0	1	0	0	0	0	1	0	0	1	11
2013/12/26-23:32:39	32	1,693.875	128.468	15	0	1	2	0	0	0	1	0	0	1	68
2013/12/26-23:34:13	32	1,693.875	128.468	4	0	1	0	0	0	0	1	0	0	1	26
2013/12/26-23:34:59	32	1,693.875	128.468	4	0	1	0	1	0	0	1	0	0	1	20
2013/12/26-23:35:38	32	1,693.875	128.468	6	0	0	1	0	0	0	1	1	0	0	9
2013/12/26-23:36:06	32	1,693.875	128.468	11	0	0	2	2	0	0	1	1	0	0	37
2013/12/26-23:37:02	32	1,693.875	128.468	2	0	0	0	1	0	1	1	0	0	1	3
2013/12/26-23:37:24	32	1,693.875	128.468	3	0	0	0	1	0	0	1	1	0	0	13
2013/12/26-23:37:56	32	1,693.875	128.468	7	0	0	0	0	0	0	1	1	0	0	26
2013/12/26-23:48:57	32	1,693.875	128.468	1	0	0	7	0	0	0	1	1	0	0	82
2013/12/26-23:50:38	32	1,693.875	128.468	9	0	0	0	2	0	0	1	1	0	0	29
2013/12/26-23:51:26	32	1,693.875	128.468	3	0	0	0	0	0	0	1	1	0	0	14
2013/12/26-23:51:59	32	1,693.875	128.468	17	0	0	1	2	0	0	1	1	0	0	51
2013/12/26-23:53:09	32	1,693.875	128.468	1	0	1	1	0	0	0	1	0	0	1	25
2013/12/26-23:54:05	32	1,693.875	128.468	1	0	0	0	0	0	1	1	0	0	1	3
2013/12/26-23:54:31	32	1,693.875	128.468	1	0	1	0	0	0	0	1	0	0	1	7
2013/12/27-00:17:27	24	1,739.401	100.307	1	0	1	0	0	0	0	1	0	0	1	12
2013/12/27-00:18:26	24	1,739.401	100.307	1	0	0	0	0	0	0	1	1	0	0	60
2013/12/27-00:19:45	24	1,739.401	100.307	7	0	1	3	0	0	0	1	0	0	1	30
2013/12/27-00:20:37	24	1,739.401	100.307	20	0	0	0	0	0	1	1	0	0	1	82
2013/12/27-00:22:18	24	1,739.401	100.307	1	0	1	1	1	0	0	1	1	0	0	3
2013/12/27-00:22:40	24	1,739.401	100.307	3	0	1	0	1	0	0	1	0	0	1	5
2013/12/27-00:23:03	24	1,739.401	100.307	3	0	0	0	0	0	1	1	0	0	1	30
2013/12/27-00:31:07	24	1,739.401	100.307	11	0	0	0	0	0	0	1	1	0	0	37
2013/12/27-00:32:04	24	1,739.401	100.307	0	0	0	0	0	0	0	1	1	0	0	12
2013/12/27-00:32:35	24	1,739.401	100.307	1	0	1	0	0	0	0	1	0	0	1	3
2013/12/27-00:33:00	24	1,739.401	100.307	4	0	0	2	0	0	0	1	1	0	0	19
2013/12/27-00:33:38	24	1,739.401	100.307	10	0	0	0	1	0	0	1	1	0	0	36
2013/12/27-00:34:34	24	1,739.401	100.307	3	0	1	0	0	0	0	1	1	0	0	22
2013/12/27-00:35:15	24	1,739.401	100.307	2	0	1	0	0	0	0	1	0	0	1	9
2013/12/27-00:47:06	24	1,739.401	100.307	0	0	1	0	0	0	0	1	0	0	1	4
2013/12/27-00:47:29	24	1,739.401	100.307	19	0	1	1	1	0	0	1	0	0	1	80
2013/12/27-00:49:07	24	1,739.401	100.307	4	0	0	0	1	0	0	1	1	0	0	15
2013/12/27-00:49:41	24	1,739.401	100.307	19	0	0	0	1	0	0	1	1	0	0	37
2013/12/27-00:50:37	24	1,739.401	100.307	3	0	0	0	0	0	1	1	0	0	1	7
2013/12/27-00:51:07	24	1,739.401	100.307	14	0	1	0	0	0	0	1	0	0	1	50
2013/12/27-00:52:16	24	1,739.401	100.307	1	0	0	0	0	0	1	1	0	0	1	3
2013/12/27-01:08:14	34	1,679.071	81.397	7	0	0	9	0	0	1	1	0	0	1	35
2013/12/27-01:09:10	34	1,679.071	81.397	0	0	1	0	0	0	0	1	0	0	1	3
2013/12/27-01:09:36	34	1,679.071	81.397	9	0	1	2	0	0	0	1	0	0	1	39
2013/12/27-01:10:34	34	1,679.071	81.397	0	0	1	0	0	0	0	1	0	0	1	3
2013/12/27-01:11:02	34	1,679.071	81.397	2	0	1	0	0	0	0	1	0	0	1	22
2013/12/27-01:11:53	34	1,679.071	81.397	3	0	1	0	0	0	0	1	0	0	1	16
2013/12/27-01:12:31	34	1,679.071	81.397	3	0	1	1	0	0	0	1	0	0	1	6
2013/12/27-01:13:17	34	1,679.071	81.397	2	0	0	0	0	0	0	1	1	0	0	8
2013/12/27-01:13:44	34	1,679.071	81.397	2	0	0	0	0	0	1	1	0	0	1	13
2013/12/27-01:14:16	34	1,679.071	81.397	2	0	0	0	0	0	1	1	0	0	1	1
2013/12/27-01:14:51	34	1,679.071	81.397	9	0	1	2	0	0	0	1	0	0	1	65
2013/12/27-01:16:15	34	1,679.071	81.397	4	0	1	0	1	0	0	1	0	0	1	28
2013/12/27-01:17:02	34	1,679.071	81.397	0	0	1	0	0	0	0	1	0	0	1	3
2013/12/27-01:17:35	34	1,679.071	81.397	0	0	1	0	0	0	0	1	0	0	1	6
2013/12/27-01:32:14	34	1,679.071	81.397	11	0	1	1	1	0	0	1	0	0	1	43
2013/12/27-01:33:16	34	1,679.071	81.397	3	0	0	0	0	0	1	1	0	0	1	18
2013/12/27-01:33:53	34	1,679.071	81.397	1	0	1	0	0	0	0	1	0	0	1	4
2013/12/27-01:34:19	34	1,679.071	81.397	1	0	0	0	0	0	1	1	0	0	1	8
2013/12/27-01:35:09	34	1,679.071	81.397	0	0	0	6	0	0	0	1	1	0	0	71
2013/12/27-01:36:38	34	1,679.071	81.397	1	0	1	0	0	0	0	1	0	0	1	3
2013/12/27-01:37:03	34	1,679.071	81.397	2	0	1	0	0	0	0	1	0	0	1	7
2013/12/27-01:49:59	46	1,607.645	67.478	3	0	1	0	0	0	0	1	0	0	1	16
2013/12/27-01:50:41	46	1,607.645	67.478	11	0	0	0	1	0	1	1	0	0	1	25
2013/12/27-01:51:24	46	1,607.645	67.478	1	0	0	0	1	0	0	1	1	0	0	3
2013/12/27-01:51:46	46	1,607.645	67.478	5	0	0	1	0	0	0	1	1	0	0	29
2013/12/27-01:52:34	46	1,607.645	67.478	12	0	0	6	1	0	1	1	0	0	1	43
2013/12/27-01:53:50	46	1,607.645	67.478	4	0	1	2	0	0	0	1	0	0	1	13
2013/12/27-01:54:22	46	1,607.645	67.478	11	0	0	0	2	0	0	1	1	0	0	24
2013/12/27-02:17:22	41	1,620.843	62.564	10	0	0	1	0	0	1	1	0	0	1	27
2013/12/27-02:18:09	41	1,620.843	62.564	3	0	0	0	0	0	0	1	1	0	0	7
2013/12/27-02:18:35	41	1,620.843	62.564	0	0	1	0	0	0	0	1	0	0	1	8
2013/12/27-02:19:10	41	1,620.843	62.564	0	0	1	8	0	0	0	1	0	0	1	87
2013/12/27-02:20:57	41	1,620.843	62.564	8	0	1	1	1	0	0	1	0	0	1	19
2013/12/27-02:21:35	41	1,620.843	62.564	7	0	1	0	1	0	0	1	0	0	1	31
2013/12/27-02:22:25	41	1,620.843	62.564	1	0	1	0	0	0	0	1	0	0	1	6
2013/12/27-02:49:43	41	1,620.843	62.564	5	0	0	1	1	0	1	1	1	0	0	11
2013/12/27-02:50:13	41	1,620.843	62.564	4	0	0	0	0	0	1	1	0	0	1	14
2013/12/27-02:51:21	41	1,620.843	62.564	6	0	0	2	0	0	1	1	0	0	1	32
2013/12/27-02:52:12	41	1,620.843	62.564	2	0	0	0	2	0	1	1	1	0	0	11
2013/12/27-02:52:42	41	1,620.843	62.564	3	0	0	0	0	0	1	1	0	0	1	6
2013/12/27-02:53:21	41	1,620.843	62.564	2	0	1	0	0	0	0	1	0	0	1	10
2013/12/27-02:53:52	41	1,620.843	62.564	7	0	0	0	1	0	0	1	1	0	0	29
2013/12/27-02:58:57	39	1,628.412	55.506	0	0	1	0	0	0	0	1	0	0	1	4
2013/12/27-02:59:34	39	1,628.412	55.506	0	0	1	0	0	0	0	1	0	0	1	1
2013/12/27-03:00:01	39	1,628.412	55.506	3	0	1	0	0	0	0	1	0	0	1	8
2013/12/27-03:00:34	39	1,628.412	55.506	1	0	1	0	0	0	0	1	0	0	1	2
2013/12/27-03:01:07	39	1,628.412	55.506	3	0	0	0	2	0	1	1	0	0	1	6
2013/12/27-03:01:36	39	1,628.412	55.506	2	0	1	0	0	0	0	1	0	0	1	19
2013/12/27-07:14:29	39	1,628.412	55.506	1	0	1	0	0	0	0	1	0	0	1	6
2013/12/27-07:21:11	39	1,628.412	55.506	29	0	0	8	0	0	1	1	0	0	1	51
2013/12/27-07:22:21	39	1,628.412	55.506	2	0	0	0	0	0	1	1	0	0	1	16
2013/12/27-07:23:05	39	1,628.412	55.506	1	0	1	0	0	0	0	1	0	0	1	18
2013/12/27-07:23:42	39	1,628.412	55.506	1	0	0	0	1	0	1	1	0	0	1	3
2013/12/27-07:24:03	39	1,628.412	55.506	13	0	0	1	0	0	0	1	1	0	0	31
2013/12/27-07:24:53	39	1,628.412	55.506	12	0	0	0	1	0	0	1	1	0	0	51
2013/12/27-07:26:03	39	1,628.412	55.506	3	0	0	0	0	0	1	1	0	0	1	7
2013/12/27-07:41:46	39	1,628.412	55.506	7	0	1	0	1	0	0	1	0	0	1	28
2013/12/27-07:43:18	39	1,628.412	55.506	4	0	0	0	0	0	1	1	0	0	1	14
2013/12/27-07:43:51	39	1,628.412	55.506	1	0	1	1	0	0	0	1	0	0	1	7
2013/12/27-07:44:21	39	1,628.412	55.506	4	0	0	0	1	0	0	1	1	0	0	18
2013/12/27-07:44:58	39	1,628.412	55.506	10	0	0	1	0	0	0	1	1	0	0	59
2013/12/27-07:46:16	39	1,628.412	55.506	2	0	0	0	0	0	1	1	0	0	1	8
2013/12/27-07:47:13	39	1,628.412	55.506	2	0	0	0	0	0	1	1	0	0	1	6
2013/12/27-07:54:16	39	1,632.645	48.571	12	0	0	0	0	0	0	1	1	0	0	38
2013/12/27-07:55:12	39	1,632.645	48.571	6	0	1	0	0	0	0	1	0	0	1	18
2013/12/27-07:55:49	39	1,632.645	48.571	1	0	0	0	1	0	0	1	1	0	0	7
2013/12/27-07:56:17	39	1,632.645	48.571	3	0	0	0	0	0	1	1	0	0	1	8
2013/12/27-07:56:53	39	1,632.645	48.571	18	0	0	0	1	0	0	1	1	0	0	41
2013/12/27-07:57:53	39	1,632.645	48.571	2	0	0	0	0	0	1	1	0	0	1	4
2013/12/27-07:58:18	39	1,632.645	48.571	6	0	0	4	0	0	0	1	1	0	0	43
2013/12/27-08:10:22	39	1,632.645	48.571	7	0	1	0	0	0	0	1	0	0	1	86
2013/12/27-08:12:07	39	1,632.645	48.571	0	0	1	0	0	0	0	1	0	0	1	4
2013/12/27-08:12:30	39	1,632.645	48.571	2	0	0	0	0	0	1	1	0	0	1	10
2013/12/27-08:13:21	39	1,632.645	48.571	16	0	0	0	0	0	0	1	1	0	0	60
2013/12/27-08:14:40	39	1,632.645	48.571	1	0	0	0	1	0	1	1	0	0	1	6
2013/12/27-08:15:04	39	1,632.645	48.571	11	0	1	1	1	0	0	1	0	0	1	32
2013/12/27-08:15:55	39	1,632.645	48.571	8	0	0	0	1	0	0	1	1	0	0	32
2013/12/27-08:33:23	39	1,632.645	48.571	26	0	0	0	0	0	0	1	1	0	0	90
2013/12/27-08:35:12	39	1,632.645	48.571	1	0	0	0	1	0	0	1	1	0	0	10
2013/12/27-08:35:40	39	1,632.645	48.571	0	0	1	0	0	0	0	1	0	0	1	4
2013/12/27-08:36:35	34	1,654.51	44.025	13	0	0	1	0	0	0	1	1	0	0	45
2013/12/27-08:37:39	34	1,654.51	44.025	3	0	0	0	0	0	1	1	0	0	1	12
2013/12/27-08:38:15	34	1,654.51	44.025	15	0	0	9	0	0	1	1	0	0	1	66
2013/12/27-08:39:40	34	1,654.51	44.025	9	0	0	1	1	0	0	1	1	0	0	19
2013/12/27-08:53:23	34	1,654.51	44.025	3	0	1	0	0	0	0	1	0	0	1	11
2013/12/27-08:54:19	34	1,654.51	44.025	5	0	0	0	0	0	0	1	1	0	0	11
2013/12/27-08:54:49	34	1,654.51	44.025	2	0	1	0	0	0	0	1	0	0	1	6
2013/12/27-08:56:34	34	1,654.51	44.025	3	0	1	0	1	0	0	1	0	0	1	13
2013/12/27-08:57:06	34	1,654.51	44.025	2	0	1	0	0	0	0	1	0	0	1	17
2013/12/27-08:57:47	34	1,654.51	44.025	4	0	1	0	0	0	0	1	0	0	1	18
2013/12/27-08:58:37	34	1,654.51	44.025	2	0	1	0	0	0	0	1	0	0	1	11
2013/12/27-09:17:12	34	1,654.51	44.025	1	0	0	0	1	0	1	1	1	0	0	6
2013/12/27-09:17:37	34	1,654.51	44.025	8	0	0	0	2	0	0	1	1	0	0	19
2013/12/27-09:18:15	34	1,654.51	44.025	11	0	1	0	0	0	0	1	1	0	0	37
2013/12/27-09:19:11	34	1,654.51	44.025	0	0	1	1	0	0	0	1	0	0	1	4
2013/12/27-09:19:34	34	1,654.51	44.025	1	0	1	0	0	0	0	1	0	0	1	11
2013/12/27-09:20:04	34	1,654.51	44.025	4	0	0	0	1	0	0	1	1	0	0	19
2013/12/27-09:20:41	34	1,654.51	44.025	12	0	0	1	1	0	0	1	1	0	0	36
2013/12/27-09:32:01	33	1,672.288	40.361	1	0	0	1	0	0	0	1	1	0	0	3
2013/12/27-09:32:23	33	1,672.288	40.361	13	0	0	2	0	0	0	1	1	0	0	61
2013/12/27-09:33:43	33	1,672.288	40.361	3	0	1	0	0	0	0	1	0	0	1	12
2013/12/27-09:34:20	33	1,672.288	40.361	6	0	0	0	0	0	1	1	0	0	1	14
2013/12/27-09:34:58	33	1,672.288	40.361	1	0	1	0	0	0	0	1	0	0	1	6
2013/12/27-09:35:23	33	1,672.288	40.361	23	0	0	1	1	0	1	1	0	0	1	64
2013/12/27-09:36:46	33	1,672.288	40.361	0	0	1	0	0	0	0	1	0	0	1	5
2013/12/27-09:42:40	33	1,672.288	40.361	2	0	1	0	0	0	0	1	0	0	1	16
2013/12/27-09:43:26	33	1,672.288	40.361	3	0	1	0	0	0	0	1	0	0	1	20
2013/12/27-09:44:21	33	1,672.288	40.361	0	0	1	0	0	0	0	1	0	0	1	10
2013/12/27-09:45:03	33	1,672.288	40.361	6	0	0	0	0	0	1	1	0	0	1	15
2013/12/27-09:45:59	33	1,672.288	40.361	5	0	1	1	0	0	0	1	0	0	1	21
2013/12/27-09:46:37	33	1,672.288	40.361	1	0	0	0	0	0	0	1	0	0	1	60
2013/12/27-09:47:53	33	1,672.288	40.361	0	0	1	0	0	0	0	1	0	0	1	4
2013/12/27-11:54:33	34	1,660.717	40.843	12	0	0	0	1	0	0	1	1	0	0	60
2013/12/27-11:55:53	34	1,660.717	40.843	1	0	0	0	0	0	1	1	0	0	1	13
2013/12/27-11:56:29	34	1,660.717	40.843	3	0	1	0	0	0	0	1	0	0	1	7
2013/12/27-11:57:15	34	1,660.717	40.843	6	0	0	0	0	0	0	1	1	0	0	14
2013/12/27-11:57:48	34	1,660.717	40.843	1	0	0	0	1	0	1	1	0	0	1	6
2013/12/27-12:20:07	34	1,664.122	40.055	16	0	0	0	0	0	1	1	0	0	1	38
2013/12/27-12:21:26	34	1,664.122	40.055	3	0	0	0	0	0	1	1	0	0	1	12
2013/12/27-12:22:45	34	1,664.122	40.055	3	0	0	0	0	0	1	1	0	0	1	9
2013/12/27-12:24:04	34	1,664.122	40.055	4	0	0	0	1	0	0	1	1	0	0	17
2013/12/27-12:24:40	34	1,664.122	40.055	5	0	0	0	0	0	0	1	1	0	0	16
2013/12/27-12:38:23	36	1,666.095	39.352	1	0	0	0	0	0	1	1	0	0	1	3
2013/12/27-12:38:47	36	1,666.095	39.352	7	0	1	0	0	0	0	1	0	0	1	20
2013/12/27-12:40:06	36	1,666.095	39.352	5	0	1	0	1	0	0	1	0	0	1	17
2013/12/27-12:40:42	36	1,666.095	39.352	2	0	0	0	1	0	1	1	0	0	1	9
2013/12/27-12:42:01	36	1,666.095	39.352	1	0	0	0	0	0	1	1	0	0	1	3
2013/12/27-19:53:52	37	1,655.904	45.304	6	0	1	0	1	0	0	1	0	0	1	25
2013/12/27-19:54:38	37	1,655.904	45.304	2	0	0	0	1	0	1	1	1	0	0	9
2013/12/27-19:55:06	37	1,655.904	45.304	14	0	0	0	0	0	0	1	1	0	0	45
2013/12/27-19:56:10	37	1,655.904	45.304	8	0	0	0	1	0	1	1	0	0	1	9
2013/12/27-19:56:38	37	1,655.904	45.304	3	0	1	0	0	0	0	1	0	0	1	11
2013/12/27-20:07:40	36	1,657.627	44.171	7	0	0	2	0	0	1	1	0	0	1	50
2013/12/27-20:08:49	36	1,657.627	44.171	5	0	1	0	1	0	0	1	0	0	1	20
2013/12/27-20:09:28	36	1,657.627	44.171	8	0	0	0	0	0	0	1	1	0	0	24
2013/12/27-20:10:10	36	1,657.627	44.171	1	0	1	0	1	0	0	1	0	0	1	14
2013/12/27-20:11:00	36	1,657.627	44.171	3	0	0	0	0	0	1	1	0	0	1	8
2013/12/27-20:25:14	36	1,657.627	44.171	3	0	0	0	0	0	1	1	0	0	1	4
2013/12/27-20:25:49	36	1,657.627	44.171	2	0	1	0	0	0	0	1	0	0	1	8
2013/12/27-20:26:17	36	1,657.627	44.171	1	0	0	0	0	0	1	1	0	0	1	16
2013/12/27-20:27:35	36	1,657.627	44.171	1	0	1	0	0	0	0	1	0	0	1	6
2013/12/27-20:28:14	36	1,657.627	44.171	1	0	0	0	0	0	1	1	0	0	1	3
2013/12/27-20:39:36	39	1,648.127	41.952	2	0	0	0	1	0	0	1	1	0	0	6
2013/12/27-20:40:01	39	1,648.127	41.952	6	0	0	0	0	0	0	1	1	0	0	20
2013/12/27-20:40:40	39	1,648.127	41.952	7	0	0	0	0	0	0	1	1	0	0	23
2013/12/27-20:41:22	39	1,648.127	41.952	4	0	0	0	0	0	0	1	0	0	1	36
2013/12/27-20:42:17	39	1,648.127	41.952	4	0	0	0	2	0	0	1	1	0	0	10
2013/12/27-20:52:53	39	1,648.127	41.952	3	0	0	0	0	0	1	1	0	0	1	13
2013/12/27-20:54:12	39	1,648.127	41.952	7	0	1	0	1	0	0	1	0	0	1	28
2013/12/27-20:55:00	39	1,648.127	41.952	3	0	1	0	0	0	0	1	0	0	1	15
2013/12/27-20:55:33	39	1,648.127	41.952	2	0	0	0	2	0	0	1	1	0	0	7
2013/12/27-20:55:59	39	1,648.127	41.952	1	0	1	0	0	0	0	1	0	0	1	6
2013/12/27-21:06:56	36	1,662.361	40.093	13	0	0	1	0	0	0	1	1	0	0	39
2013/12/27-21:07:54	36	1,662.361	40.093	1	0	1	0	0	0	0	1	0	0	1	18
2013/12/27-21:08:41	36	1,662.361	40.093	1	0	0	0	0	0	1	1	0	0	1	3
2013/12/27-21:10:00	36	1,662.361	40.093	11	0	1	0	0	0	0	1	0	0	1	42
2013/12/27-21:11:01	36	1,662.361	40.093	1	0	0	0	0	0	1	1	0	0	1	3
2013/12/27-21:15:08	36	1,662.361	40.093	3	0	0	0	1	0	1	1	0	0	1	11
2013/12/27-21:15:38	36	1,662.361	40.093	1	0	1	0	0	0	0	1	0	0	1	3
2013/12/27-21:16:00	36	1,662.361	40.093	8	0	0	3	1	0	0	1	1	0	0	32
2013/12/27-21:16:51	36	1,662.361	40.093	2	0	0	0	0	0	0	1	1	0	0	11
2013/12/27-21:17:21	36	1,662.361	40.093	3	0	1	0	0	0	0	1	0	0	1	13
2013/12/27-21:36:36	36	1,666.59	38.447	15	0	0	0	1	0	0	1	1	0	0	28
2013/12/27-21:37:24	36	1,666.59	38.447	1	0	0	0	1	0	1	1	0	0	1	3
2013/12/27-21:37:45	36	1,666.59	38.447	13	0	0	0	0	0	0	1	1	0	0	28
2013/12/27-21:38:32	36	1,666.59	38.447	3	0	0	0	0	0	1	1	0	0	1	24
2013/12/27-21:39:14	36	1,666.59	38.447	1	0	0	0	0	0	1	1	0	0	1	3
2013/12/27-22:04:00	36	1,666.59	38.447	9	0	0	0	1	0	0	1	1	0	0	44
2013/12/27-22:05:02	36	1,666.59	38.447	3	0	1	0	0	0	0	1	0	0	1	13
2013/12/27-22:05:34	36	1,666.59	38.447	6	0	0	0	1	0	1	1	0	0	1	24
2013/12/27-22:06:17	36	1,666.59	38.447	1	0	0	0	0	0	1	1	0	0	1	3
2013/12/27-22:07:36	36	1,666.59	38.447	3	0	1	0	1	0	0	1	0	0	1	17
2013/12/27-22:15:56	32	1,676.007	36.958	3	0	0	0	0	0	1	1	0	0	1	10
2013/12/27-22:16:25	32	1,676.007	36.958	5	0	0	0	3	0	1	1	0	0	1	4
2013/12/27-22:16:48	32	1,676.007	36.958	5	0	1	0	1	0	0	1	0	0	1	26
2013/12/27-22:17:34	32	1,676.007	36.958	3	0	0	0	1	0	1	1	0	0	1	8
2013/12/27-22:18:00	32	1,676.007	36.958	1	0	0	0	1	0	1	1	0	0	1	3
2013/12/27-22:22:33	32	1,676.007	36.958	9	0	0	0	2	0	1	1	0	0	1	27
2013/12/27-22:23:20	32	1,676.007	36.958	4	0	0	0	0	0	0	1	1	0	0	23
2013/12/27-22:24:03	32	1,676.007	36.958	4	0	0	1	0	0	0	1	1	0	0	15
2013/12/27-22:24:37	32	1,676.007	36.958	2	0	0	0	1	0	1	1	0	0	1	9
2013/12/27-22:42:30	32	1,676.007	36.958	9	0	0	0	2	0	0	1	1	0	0	27
2013/12/27-23:06:03	32	1,676.007	36.958	2	0	0	0	1	0	0	1	1	0	0	10
2013/12/27-23:06:32	30	1,677.429	35.662	7	0	0	0	0	0	0	1	1	0	0	20
2013/12/27-23:07:11	30	1,677.429	35.662	2	0	0	0	0	0	1	1	0	0	1	8
2013/12/27-23:07:43	30	1,677.429	35.662	14	0	0	2	2	0	0	1	1	0	0	47
2013/12/27-23:08:49	30	1,677.429	35.662	4	0	0	1	1	0	0	1	1	0	0	21
2013/12/27-23:22:54	30	1,677.429	35.662	15	0	0	0	3	0	0	1	1	0	0	34
2013/12/27-23:23:50	30	1,677.429	35.662	2	0	1	0	0	0	0	1	0	0	1	9
2013/12/27-23:24:18	30	1,677.429	35.662	6	0	0	0	1	0	1	1	0	0	1	22
2013/12/27-23:24:59	30	1,677.429	35.662	1	0	0	0	0	0	1	1	0	0	1	3
2013/12/27-23:26:18	30	1,677.429	35.662	2	0	1	0	0	0	0	1	0	0	1	15
2013/12/27-23:42:08	27	1,685.483	34.732	3	0	0	0	0	0	1	1	0	0	1	8
2013/12/27-23:42:56	27	1,685.483	34.732	1	0	0	0	1	0	1	1	0	0	1	3
2013/12/27-23:43:18	27	1,685.483	34.732	18	0	1	0	2	0	0	1	0	0	1	59
2013/12/27-23:44:36	27	1,685.483	34.732	1	0	0	0	0	0	1	1	0	0	1	3
2013/12/27-23:45:55	27	1,685.483	34.732	2	0	1	0	0	0	0	1	0	0	1	7
2013/12/27-23:58:01	27	1,685.483	34.732	0	0	1	0	0	0	0	1	0	0	1	5
2013/12/27-23:58:30	27	1,685.483	34.732	1	0	0	0	0	0	1	1	0	0	1	7
2013/12/27-23:58:56	27	1,685.483	34.732	2	0	1	0	1	0	0	1	0	0	1	6
2013/12/27-23:59:23	27	1,685.483	34.732	3	0	1	0	0	0	0	1	0	0	1	9
2013/12/28-00:00:03	27	1,685.483	34.732	0	0	1	0	0	0	0	1	0	0	1	4
2013/12/28-00:16:54	33	1,664.744	33.759	2	0	0	0	1	0	1	1	0	0	1	7
2013/12/28-00:17:20	33	1,664.744	33.759	2	0	1	0	0	0	0	1	0	0	1	7
2013/12/28-00:17:48	33	1,664.744	33.759	1	0	0	0	0	0	1	1	0	0	1	3
2013/12/28-00:18:21	33	1,664.744	33.759	6	0	0	0	3	0	0	1	1	0	0	38
2013/12/28-00:19:18	33	1,664.744	33.759	1	0	0	0	0	0	1	1	0	0	1	5
2013/12/28-00:23:05	33	1,664.744	33.759	3	0	1	0	0	0	0	1	0	0	1	12
2013/12/28-00:23:36	33	1,664.744	33.759	4	0	0	0	1	0	0	1	1	0	0	14
2013/12/28-00:24:10	33	1,664.744	33.759	3	0	1	0	1	0	0	1	0	0	1	12
2013/12/28-00:24:45	33	1,664.744	33.759	1	0	0	0	0	0	1	1	0	0	1	10
2013/12/28-00:25:13	33	1,664.744	33.759	5	0	0	0	1	0	1	1	0	0	1	4
2013/12/28-00:36:18	33	1,664.744	33.759	1	0	0	0	0	0	1	1	0	0	1	3
2013/12/28-00:36:44	33	1,664.744	33.759	4	0	0	0	0	0	1	1	0	0	1	15
2013/12/28-00:37:18	33	1,664.744	33.759	6	0	1	0	1	0	0	1	0	0	1	19
2013/12/28-00:37:57	33	1,664.744	33.759	2	0	1	0	0	0	0	1	0	0	1	16
2013/12/28-00:38:32	36	1,654.822	32.687	8	0	1	0	2	0	0	1	0	0	1	44
2013/12/28-00:47:15	36	1,654.822	32.687	2	0	0	0	1	0	1	1	0	0	1	7
2013/12/28-00:47:42	36	1,654.822	32.687	14	0	0	0	1	0	1	1	0	0	1	29
2013/12/28-00:48:29	36	1,654.822	32.687	2	0	1	0	0	0	0	1	0	0	1	3
2013/12/28-00:49:26	36	1,654.822	32.687	16	0	1	0	0	0	0	1	0	0	1	41
2013/12/28-00:50:27	36	1,654.822	32.687	1	0	0	0	1	0	1	1	0	0	1	3
2013/12/28-01:02:28	36	1,654.822	32.687	7	0	0	0	0	0	1	1	0	0	1	24
2013/12/28-01:03:11	36	1,654.822	32.687	2	0	1	0	0	0	0	1	0	0	1	22
2013/12/28-01:03:55	36	1,654.822	32.687	1	0	1	0	1	0	0	1	0	0	1	6
2013/12/28-01:04:24	36	1,654.822	32.687	5	0	0	0	1	0	1	1	0	0	1	4
2013/12/28-01:04:54	36	1,654.822	32.687	9	0	0	0	1	0	0	1	1	0	0	37
2013/12/28-01:17:22	36	1,647.919	32.046	4	0	0	0	1	0	0	1	1	0	0	14
2013/12/28-01:17:55	36	1,647.919	32.046	2	0	0	0	0	0	0	1	1	0	0	6
2013/12/28-01:18:21	36	1,647.919	32.046	20	0	0	0	0	0	0	1	1	0	0	60
2013/12/28-01:19:40	36	1,647.919	32.046	1	0	0	0	0	0	0	1	1	0	0	6
2013/12/28-01:20:05	36	1,647.919	32.046	1	0	0	0	0	0	0	1	1	0	0	6
2013/12/28-01:45:37	35	1,650.286	32.376	1	0	1	0	0	0	0	1	0	0	1	17
2013/12/28-01:46:56	35	1,650.286	32.376	7	0	1	0	0	0	0	1	0	0	1	32
2013/12/28-01:47:47	35	1,650.286	32.376	12	0	0	2	1	0	1	1	0	0	1	55
2013/12/28-01:49:01	35	1,650.286	32.376	11	0	0	0	2	0	1	1	0	0	1	25
2013/12/28-01:49:45	35	1,650.286	32.376	7	0	0	0	0	0	0	1	1	0	0	24
2013/12/28-01:59:43	35	1,650.286	32.376	5	0	1	0	0	0	0	1	0	0	1	15
2013/12/28-02:00:21	35	1,650.286	32.376	7	0	0	0	0	0	0	1	1	0	0	14
2013/12/28-02:00:53	35	1,650.286	32.376	2	0	0	0	1	0	1	1	0	0	1	7
2013/12/28-02:01:24	35	1,650.286	32.376	7	0	1	0	0	0	0	1	0	0	1	27
2013/12/28-02:02:10	35	1,650.286	32.376	1	0	1	0	0	0	0	1	0	0	1	3
2013/12/28-02:14:49	35	1,650.286	32.376	3	0	1	0	0	0	0	1	0	0	1	9
2013/12/28-02:15:22	35	1,650.286	32.376	4	0	0	1	1	0	1	1	0	0	1	25
2013/12/28-02:16:27	37	1,648.964	31.578	1	0	1	0	0	0	0	1	0	0	1	7
2013/12/28-02:16:56	37	1,648.964	31.578	1	0	1	0	1	0	0	1	0	0	1	3
2013/12/28-02:17:21	37	1,648.964	31.578	5	0	0	1	0	0	0	1	1	0	0	21
2013/12/28-02:23:14	37	1,648.964	31.578	2	0	1	0	0	0	0	1	0	0	1	11
2013/12/28-02:23:44	37	1,648.964	31.578	10	0	0	0	0	0	1	1	0	0	1	29
2013/12/28-02:24:32	37	1,648.964	31.578	0	0	1	0	0	0	0	1	0	0	1	7
2013/12/28-02:24:58	37	1,648.964	31.578	1	0	0	0	1	0	1	1	0	0	1	4
2013/12/28-02:25:22	37	1,648.964	31.578	1	0	0	0	0	0	1	1	0	0	1	3
2013/12/28-02:35:53	37	1,648.964	31.578	5	0	1	0	0	0	0	1	0	0	1	20
2013/12/28-02:36:33	37	1,648.964	31.578	0	0	1	0	0	0	0	1	0	0	1	6
2013/12/28-02:36:58	37	1,648.964	31.578	26	0	0	0	0	0	0	1	1	0	0	60
2013/12/28-02:38:17	37	1,648.964	31.578	8	0	0	0	0	0	0	1	1	0	0	25
2013/12/28-02:39:01	37	1,648.964	31.578	1	0	0	0	0	0	1	1	0	0	1	6
2013/12/28-02:52:15	36	1,648	31.022	2	0	0	0	0	0	1	1	0	0	1	4
2013/12/28-02:53:04	36	1,648	31.022	1	0	0	0	1	0	0	1	1	0	0	3
2013/12/28-02:53:27	36	1,648	31.022	1	0	1	0	0	0	0	1	0	0	1	4
2013/12/28-02:54:46	36	1,648	31.022	2	0	0	0	0	0	1	1	0	0	1	8
2013/12/28-02:55:13	36	1,648	31.022	8	0	0	1	1	0	1	1	0	0	1	34
2013/12/28-03:06:39	36	1,648	31.022	1	0	0	0	0	0	1	1	0	0	1	3
2013/12/28-03:07:10	36	1,648	31.022	2	0	0	0	0	0	1	1	0	0	1	8
2013/12/28-03:07:42	36	1,648	31.022	3	0	1	0	1	0	0	1	0	0	1	10
2013/12/28-03:08:15	36	1,648	31.022	3	0	1	0	1	0	0	1	0	0	1	6
2013/12/28-03:08:40	36	1,648	31.022	4	0	0	0	0	0	0	1	1	0	0	15
2013/12/28-03:17:47	36	1,639.774	30.621	10	0	0	0	0	0	1	1	0	0	1	14
2013/12/28-03:18:20	36	1,639.774	30.621	2	0	0	0	1	0	0	1	1	0	0	7
2013/12/28-03:18:45	36	1,639.774	30.621	8	0	0	4	1	0	0	1	1	0	0	23
2013/12/28-03:19:28	36	1,639.774	30.621	2	0	0	0	1	0	0	1	1	0	0	20
2013/12/28-03:20:06	36	1,639.774	30.621	2	0	0	0	2	0	0	1	1	0	0	6
2013/12/28-03:32:33	36	1,639.774	30.621	1	0	0	0	1	0	1	1	0	0	1	3
2013/12/28-03:33:03	36	1,639.774	30.621	1	0	1	0	0	0	0	1	0	0	1	3
2013/12/28-03:34:22	36	1,639.774	30.621	3	0	0	0	0	0	1	1	0	0	1	13
2013/12/28-03:34:54	36	1,639.774	30.621	6	0	0	0	2	0	0	1	1	0	0	27
2013/12/28-03:35:41	36	1,639.774	30.621	1	0	1	0	0	0	0	1	0	0	1	13
2013/12/28-03:43:48	37	1,636.719	30.447	9	0	0	0	0	0	0	1	1	0	0	49
2013/12/28-03:44:56	37	1,636.719	30.447	1	0	0	0	1	0	0	1	1	0	0	7
2013/12/28-03:45:22	37	1,636.719	30.447	1	0	0	0	2	0	1	1	0	0	1	5
2013/12/28-03:45:46	37	1,636.719	30.447	3	0	1	0	0	0	0	1	0	0	1	13
2013/12/28-03:46:18	37	1,636.719	30.447	7	0	0	0	1	0	1	1	0	0	1	13
2013/12/28-04:05:38	37	1,636.719	30.447	2	0	1	0	0	0	0	1	0	0	1	9
2013/12/28-04:06:07	36	1,642.707	30.483	0	0	1	0	0	0	0	1	0	0	1	6
2013/12/28-04:06:33	36	1,642.707	30.483	8	0	0	0	0	0	1	1	0	0	1	23
2013/12/28-04:07:23	36	1,642.707	30.483	1	0	0	0	0	0	1	1	0	0	1	4
2013/12/28-04:07:49	36	1,642.707	30.483	5	0	0	0	0	0	1	1	0	0	1	13
2013/12/28-04:14:55	36	1,642.707	30.483	4	0	0	0	2	0	1	1	0	0	1	3
2013/12/28-04:15:24	36	1,642.707	30.483	2	0	1	0	0	0	0	1	0	0	1	7
2013/12/28-04:16:07	36	1,642.707	30.483	1	0	1	0	0	0	0	1	0	0	1	4
2013/12/28-04:16:42	36	1,642.707	30.483	3	0	0	0	0	0	0	1	1	0	0	12
2013/12/28-04:17:13	36	1,642.707	30.483	3	0	1	1	1	0	0	1	1	0	0	12
2013/12/28-04:21:34	36	1,642.707	30.483	3	0	1	0	0	0	0	1	0	0	1	10
2013/12/28-04:22:07	36	1,642.707	30.483	1	0	0	0	1	0	1	1	0	0	1	3
2013/12/28-04:22:29	36	1,642.707	30.483	19	0	0	3	1	0	0	1	1	0	0	60
2013/12/28-04:23:48	36	1,642.707	30.483	7	0	1	0	0	0	0	1	0	0	1	26
2013/12/28-04:25:07	36	1,642.707	30.483	1	0	1	0	0	0	0	1	0	0	1	6
2013/12/28-04:37:17	37	1,635.623	29.683	2	0	0	0	0	0	0	1	1	0	0	7
2013/12/28-04:37:44	37	1,635.623	29.683	9	0	0	0	2	0	0	1	1	0	0	15
2013/12/28-04:38:18	37	1,635.623	29.683	1	0	0	0	0	0	1	1	0	0	1	3
2013/12/28-04:38:41	37	1,635.623	29.683	3	0	0	0	1	0	0	1	1	0	0	10
2013/12/28-04:39:09	37	1,635.623	29.683	1	0	0	0	1	0	1	1	0	0	1	3
2013/12/28-04:53:43	37	1,635.623	29.683	0	0	1	0	0	0	0	1	0	0	1	16
2013/12/28-04:54:37	37	1,635.623	29.683	11	0	0	0	2	0	1	1	0	0	1	23
2013/12/28-04:55:19	37	1,635.623	29.683	6	0	0	0	1	0	0	1	1	0	0	20
2013/12/28-04:55:58	37	1,635.623	29.683	6	0	0	0	0	0	0	1	1	0	0	29
2013/12/28-04:56:46	37	1,635.623	29.683	6	0	1	0	0	0	0	1	0	0	1	32
2013/12/28-05:20:26	36	1,642.378	29.394	5	0	0	0	1	0	1	1	0	0	1	4
2013/12/28-05:20:58	36	1,642.378	29.394	5	0	1	0	2	0	0	1	0	0	1	16
2013/12/28-05:21:33	36	1,642.378	29.394	10	0	0	0	0	0	1	1	0	0	1	27
2013/12/28-05:22:21	36	1,642.378	29.394	15	0	0	0	1	0	0	1	1	0	0	60
2013/12/28-05:23:40	36	1,642.378	29.394	1	0	0	0	1	0	1	1	0	0	1	3
2013/12/28-05:27:31	36	1,642.378	29.394	1	0	0	0	1	0	1	1	0	0	1	3
2013/12/28-05:27:55	36	1,642.378	29.394	0	0	1	0	0	0	0	1	0	0	1	6
2013/12/28-05:28:36	36	1,642.378	29.394	5	0	0	2	1	0	0	1	1	0	0	20
2013/12/28-05:29:15	36	1,642.378	29.394	12	0	0	4	3	0	0	1	1	0	0	35
2013/12/28-05:30:09	36	1,642.378	29.394	4	0	0	0	1	0	0	1	1	0	0	33
2013/12/28-05:42:39	37	1,637.919	29.345	7	0	0	3	0	0	1	1	0	0	1	18
2013/12/28-05:43:18	37	1,637.919	29.345	0	0	1	0	0	0	0	1	0	0	1	3
2013/12/28-05:43:44	37	1,637.919	29.345	2	0	1	0	0	0	0	1	0	0	1	6
2013/12/28-05:44:14	37	1,637.919	29.345	6	0	0	0	1	0	1	1	0	0	1	16
2013/12/28-05:44:49	37	1,637.919	29.345	0	0	1	0	0	0	0	1	0	0	1	5
2013/12/28-06:04:54	37	1,637.919	29.345	1	0	0	0	0	0	1	1	0	0	1	3
2013/12/28-06:05:17	37	1,637.919	29.345	1	0	1	0	0	0	0	1	0	0	1	11
2013/12/28-06:06:25	37	1,637.919	29.345	16	0	0	0	0	0	1	1	0	0	1	56
2013/12/28-06:07:40	37	1,637.919	29.345	8	0	0	0	2	0	1	1	1	0	0	35
2013/12/28-06:08:34	37	1,637.919	29.345	1	0	1	0	1	0	0	1	0	0	1	3
2013/12/28-06:18:06	38	1,630.65	29.156	2	0	1	0	0	0	0	1	0	0	1	8
2013/12/28-06:19:25	38	1,630.65	29.156	7	0	0	0	1	0	1	1	0	0	1	19
2013/12/28-06:20:03	38	1,630.65	29.156	1	0	0	0	1	0	1	1	0	0	1	3
2013/12/28-06:20:38	38	1,630.65	29.156	1	0	1	0	0	0	0	1	0	0	1	6
2013/12/28-06:21:10	38	1,630.65	29.156	10	0	0	0	1	0	1	1	0	0	1	32
2013/12/28-06:32:14	38	1,630.65	29.156	0	0	1	0	0	0	0	1	0	0	1	4
2013/12/28-06:32:41	38	1,630.65	29.156	4	0	1	0	0	0	0	1	0	0	1	24
2013/12/28-06:33:25	38	1,630.65	29.156	3	0	1	0	0	0	0	1	0	0	1	12
2013/12/28-06:34:04	38	1,630.65	29.156	1	0	0	0	1	0	1	1	0	0	1	3
2013/12/28-06:34:40	38	1,630.65	29.156	12	0	0	0	1	0	0	1	1	0	0	60
2013/12/28-06:43:38	37	1,632.306	28.931	0	0	1	0	0	0	0	1	0	0	1	5
2013/12/28-06:44:17	37	1,632.306	28.931	1	0	1	0	0	0	0	1	0	0	1	9
2013/12/28-06:44:45	37	1,632.306	28.931	1	0	1	1	0	0	0	1	0	0	1	24
2013/12/28-06:45:40	37	1,632.306	28.931	2	0	0	0	0	0	1	1	0	0	1	8
2013/12/28-06:46:10	37	1,632.306	28.931	5	0	1	0	1	0	0	1	0	0	1	18
2013/12/28-06:56:37	37	1,632.306	28.931	1	0	0	0	1	0	1	1	0	0	1	3
2013/12/28-06:57:29	37	1,632.306	28.931	4	0	0	0	0	0	1	1	0	0	1	9
2013/12/28-06:58:47	37	1,632.306	28.931	3	0	0	0	0	0	0	1	1	0	0	12
2013/12/28-06:59:19	37	1,632.306	28.931	7	0	1	1	1	0	0	1	0	0	1	38
2013/12/28-07:00:15	37	1,632.306	28.931	13	0	0	0	2	0	0	1	1	0	0	50
2013/12/28-07:13:12	37	1,631.073	28.748	0	0	0	0	0	0	0	1	1	0	0	3
2013/12/28-07:13:35	37	1,631.073	28.748	4	0	0	0	0	0	1	1	0	0	1	14
2013/12/28-07:14:09	37	1,631.073	28.748	3	0	1	0	0	0	0	1	0	0	1	15
2013/12/28-07:14:43	37	1,631.073	28.748	0	0	1	0	0	0	0	1	0	0	1	4
2013/12/28-07:15:33	37	1,631.073	28.748	1	0	1	0	0	0	0	1	0	0	1	8
2013/12/28-09:32:01	37	1,629.494	32.965	2	0	0	0	0	0	1	1	0	0	1	16
2013/12/28-09:32:36	37	1,629.494	32.965	4	0	0	0	2	0	0	1	1	0	0	13
2013/12/28-09:33:08	37	1,629.494	32.965	3	0	1	0	0	0	0	1	0	0	1	15
2013/12/28-09:33:57	37	1,629.494	32.965	19	0	0	2	1	0	0	1	1	0	0	60
2013/12/28-09:35:16	37	1,629.494	32.965	17	0	0	0	0	0	0	1	0	0	1	60
2013/12/28-10:16:15	37	1,631.954	32.842	14	0	0	0	0	0	0	1	1	0	0	34
2013/12/28-10:17:07	37	1,631.954	32.842	5	0	0	0	2	0	0	1	1	0	0	16
2013/12/28-10:17:42	37	1,631.954	32.842	0	0	0	0	0	0	0	1	1	0	0	3
2013/12/28-10:18:04	37	1,631.954	32.842	4	0	0	0	0	0	0	1	1	0	0	12
2013/12/28-10:18:35	37	1,631.954	32.842	9	0	1	0	0	0	0	1	0	0	1	21
2013/12/28-10:33:43	37	1,631.954	32.842	0	0	1	0	0	0	0	1	0	0	1	5
2013/12/28-10:34:19	37	1,631.954	32.842	5	0	0	3	0	0	0	1	1	0	0	18
2013/12/28-10:34:56	37	1,631.954	32.842	0	0	1	0	0	0	0	1	0	0	1	6
2013/12/28-10:35:26	37	1,631.954	32.842	4	0	0	1	1	0	0	1	1	0	0	33
2013/12/28-10:36:18	37	1,631.954	32.842	25	0	0	0	0	0	0	1	0	0	1	60
2013/12/28-16:03:40	33	1,643.017	45.367	5	0	0	0	0	0	0	1	1	0	0	23
2013/12/28-16:04:23	33	1,643.017	45.367	8	0	0	0	1	0	1	1	0	0	1	25
2013/12/28-16:05:08	33	1,643.017	45.367	5	0	1	1	0	0	0	1	0	0	1	21
2013/12/28-16:05:53	33	1,643.017	45.367	0	0	1	0	0	0	0	1	0	0	1	6
2013/12/28-16:06:23	33	1,643.017	45.367	9	0	0	0	0	0	1	1	0	0	1	23
2013/12/28-16:30:31	34	1,645.954	44.13	1	0	0	0	0	0	1	1	0	0	1	3
2013/12/28-16:31:48	34	1,645.954	44.13	3	0	1	0	0	0	0	1	0	0	1	8
2013/12/28-16:32:42	34	1,645.954	44.13	3	0	1	0	0	0	0	1	0	0	1	9
2013/12/28-16:33:26	34	1,645.954	44.13	2	0	1	0	0	0	0	1	0	0	1	6
2013/12/28-16:33:56	34	1,645.954	44.13	9	0	1	0	0	0	0	1	0	0	1	28
2013/12/28-16:43:56	34	1,645.954	44.13	8	0	0	0	1	0	1	1	0	0	1	19
2013/12/28-16:45:15	34	1,645.954	44.13	1	0	0	0	0	0	1	1	0	0	1	3
2013/12/28-16:45:58	34	1,645.954	44.13	3	0	0	0	2	0	0	1	1	0	0	16
2013/12/28-16:46:33	34	1,645.954	44.13	2	0	0	0	2	0	0	1	1	0	0	7
2013/12/28-16:46:59	34	1,645.954	44.13	5	0	0	0	0	0	1	1	0	0	1	14
2013/12/28-21:54:42	37	1,629.828	52.773	2	0	0	0	0	0	1	1	0	0	1	11
2013/12/28-21:55:12	37	1,629.828	52.773	9	0	1	0	0	0	0	1	0	0	1	25
2013/12/28-21:55:55	37	1,629.828	52.773	1	0	1	0	0	0	0	1	0	0	1	7
2013/12/28-21:56:43	37	1,629.828	52.773	0	0	1	0	0	0	0	1	0	0	1	8
2013/12/29-00:09:46	38	1,621.756	53.575	8	0	0	0	2	0	0	1	1	0	0	25
2013/12/29-00:10:30	38	1,621.756	53.575	2	0	1	0	0	0	0	1	0	0	1	8
2013/12/29-00:11:43	38	1,621.756	53.575	7	0	0	0	0	0	1	1	0	0	1	25
2013/12/29-00:12:28	38	1,621.756	53.575	18	0	0	0	0	0	0	1	1	0	0	37
2013/12/29-00:13:23	38	1,621.756	53.575	2	0	0	0	0	0	1	1	0	0	1	7
2013/12/29-00:37:04	37	1,629.054	51.374	7	0	0	0	1	0	1	1	0	0	1	31
2013/12/29-00:37:54	37	1,629.054	51.374	2	0	1	0	1	0	0	1	0	0	1	4
2013/12/29-00:38:36	37	1,629.054	51.374	7	0	0	0	2	0	0	1	1	0	0	34
2013/12/29-00:39:29	37	1,629.054	51.374	0	0	0	0	0	0	0	1	1	0	0	5
2013/12/29-00:39:53	37	1,629.054	51.374	1	0	1	0	0	0	0	1	0	0	1	4
2013/12/29-00:57:21	35	1,640.07	49.463	4	0	0	0	1	0	0	1	1	0	0	13
2013/12/29-00:57:54	35	1,640.07	49.463	2	0	0	0	1	0	0	1	1	0	0	7
2013/12/29-00:58:19	35	1,640.07	49.463	6	0	0	0	1	0	0	1	1	0	0	23
2013/12/29-00:59:01	35	1,640.07	49.463	5	0	1	0	0	0	0	1	0	0	1	31
2013/12/29-00:59:51	35	1,640.07	49.463	10	0	0	0	1	0	0	1	1	0	0	20
2013/12/29-05:02:47	31	1,666.1	55.563	18	0	0	0	1	0	0	1	1	0	0	59
2013/12/29-05:04:05	31	1,666.1	55.563	1	0	1	0	0	0	0	1	0	0	1	11
2013/12/29-05:05:07	31	1,666.1	55.563	2	0	1	0	0	0	0	1	0	0	1	8
2013/12/29-05:05:59	31	1,666.1	55.563	5	0	0	0	0	0	0	1	1	0	0	37
2013/12/29-05:06:55	31	1,666.1	55.563	10	0	0	2	1	0	0	1	1	0	0	36
2013/12/29-05:22:30	30	1,683.251	53.137	2	0	1	0	1	0	0	1	0	0	1	7
2013/12/29-05:22:58	30	1,683.251	53.137	3	0	0	0	0	0	1	1	0	0	1	8
2013/12/29-05:23:43	30	1,683.251	53.137	13	0	0	1	0	0	0	1	1	0	0	45
2013/12/29-05:24:47	30	1,683.251	53.137	1	0	1	0	0	0	0	1	0	0	1	5
2013/12/29-05:25:28	30	1,683.251	53.137	4	0	0	0	0	0	1	1	0	0	1	16
2013/12/29-05:37:25	30	1,683.251	53.137	12	0	0	1	1	0	0	1	1	0	0	60
2013/12/29-05:38:44	30	1,683.251	53.137	4	0	0	0	1	0	0	1	1	0	0	32
2013/12/29-05:39:36	30	1,683.251	53.137	14	0	0	0	2	0	0	1	1	0	0	45
2013/12/29-05:40:40	30	1,683.251	53.137	2	0	1	0	0	0	0	1	0	0	1	11
2013/12/29-05:41:10	30	1,683.251	53.137	0	0	1	0	0	0	0	1	0	0	1	5
2013/12/29-09:37:01	26	1,691.222	56.865	12	0	0	2	0	0	0	1	1	0	0	50
2013/12/29-09:38:07	26	1,691.222	56.865	2	0	1	0	0	0	0	1	0	0	1	12
2013/12/29-09:39:17	26	1,691.222	56.865	8	0	0	2	1	0	1	1	0	0	1	34
2013/12/29-09:40:09	26	1,691.222	56.865	4	0	0	0	1	0	0	1	1	0	0	18
2013/12/29-09:40:45	26	1,691.222	56.865	1	0	1	1	0	0	0	1	0	0	1	15
2013/12/29-10:08:18	23	1,694.023	54.714	3	0	0	0	0	0	1	1	0	0	1	12
2013/12/29-10:09:00	23	1,694.023	54.714	3	0	0	1	0	0	0	1	1	0	0	23
2013/12/29-10:09:41	23	1,694.023	54.714	17	0	0	1	1	0	1	1	0	0	1	60
2013/12/29-10:11:00	23	1,694.023	54.714	4	0	0	0	1	0	0	1	1	0	0	28
2013/12/29-10:11:46	23	1,694.023	54.714	8	0	0	2	2	0	1	1	0	0	1	37
2013/12/29-10:24:39	20	1,714.539	52.561	5	0	0	1	0	0	0	1	1	0	0	49
2013/12/29-10:25:46	20	1,714.539	52.561	5	0	0	1	0	0	1	1	0	0	1	28
2013/12/29-10:27:05	20	1,714.539	52.561	7	0	0	3	0	0	1	1	0	0	1	28
2013/12/29-10:28:04	20	1,714.539	52.561	2	0	0	0	0	0	1	1	0	0	1	7
2013/12/29-10:28:45	20	1,714.539	52.561	2	0	1	0	0	0	0	1	0	0	1	23
2013/12/29-10:34:58	20	1,714.539	52.561	10	0	0	1	0	0	0	1	1	0	0	31
2013/12/29-10:35:48	20	1,714.539	52.561	4	0	0	1	0	0	1	1	0	0	1	26
2013/12/29-10:36:32	20	1,714.539	52.561	4	0	0	0	1	0	1	1	0	0	1	26
2013/12/29-10:37:27	20	1,714.539	52.561	2	0	0	1	0	0	1	1	0	0	1	9
2013/12/29-10:38:15	20	1,714.539	52.561	9	0	0	2	0	0	0	1	1	0	0	27
2013/12/29-10:52:35	20	1,714.539	52.561	8	0	1	1	2	0	0	1	0	0	1	23
2013/12/29-10:53:17	20	1,714.539	52.561	6	0	0	0	0	0	1	1	0	0	1	22
2013/12/29-10:54:16	20	1,714.539	52.561	9	0	1	0	1	0	0	1	0	0	1	27
2013/12/29-10:55:08	20	1,714.539	52.561	2	0	1	0	0	0	0	1	0	0	1	15
2013/12/29-10:56:27	27	1,687.092	48.225	11	0	0	0	1	0	0	1	1	0	0	60
2013/12/29-11:08:05	27	1,687.092	48.225	10	0	0	3	2	0	0	1	1	0	0	30
2013/12/29-11:08:54	27	1,687.092	48.225	11	0	0	0	1	0	0	1	1	0	0	45
2013/12/29-11:09:58	27	1,687.092	48.225	3	0	0	0	0	0	0	1	1	0	0	21
2013/12/29-11:10:37	27	1,687.092	48.225	8	0	0	0	0	0	0	1	1	0	0	45
2013/12/29-11:11:41	27	1,687.092	48.225	5	0	0	2	0	0	1	1	0	0	1	15
2013/12/29-11:25:47	27	1,687.092	48.225	11	0	0	2	2	0	0	1	1	0	0	35
2013/12/29-11:26:41	27	1,687.092	48.225	3	0	1	0	0	0	0	1	0	0	1	13
2013/12/29-11:27:17	27	1,687.092	48.225	6	0	0	2	0	0	0	1	0	0	1	60
2013/12/29-11:28:35	27	1,687.092	48.225	6	0	0	0	1	0	0	1	1	0	0	33
2013/12/29-11:29:27	27	1,687.092	48.225	17	0	0	4	0	0	0	1	1	0	0	60
2013/12/29-11:44:49	22	1,711.673	45.53	8	0	1	2	0	0	0	1	0	0	1	29
2013/12/29-11:45:38	22	1,711.673	45.53	6	0	1	3	0	0	0	1	0	0	1	26
2013/12/29-11:46:34	22	1,711.673	45.53	2	0	0	0	1	0	0	1	1	0	0	18
2013/12/29-11:47:10	22	1,711.673	45.53	6	0	1	1	0	0	0	1	0	0	1	28
2013/12/29-11:47:57	22	1,711.673	45.53	9	0	0	1	0	0	1	1	0	0	1	39
2013/12/29-12:07:24	22	1,711.673	45.53	3	0	1	1	0	0	0	1	0	0	1	15
2013/12/29-12:08:04	23	1,705.52	44.172	2	0	1	1	0	0	0	1	0	0	1	15
2013/12/29-12:08:45	23	1,705.52	44.172	0	0	1	0	0	0	0	1	0	0	1	6
2013/12/29-12:10:01	23	1,705.52	44.172	3	0	0	1	0	0	1	1	0	0	1	20
2013/12/29-12:10:40	23	1,705.52	44.172	2	0	0	0	1	0	1	1	0	0	1	9
2013/12/29-12:15:26	23	1,705.52	44.172	2	0	1	0	0	0	0	1	0	0	1	10
2013/12/29-12:16:12	23	1,705.52	44.172	5	0	0	0	0	0	1	1	0	0	1	26
2013/12/29-12:17:00	23	1,705.52	44.172	3	0	0	0	0	0	1	1	0	0	1	8
2013/12/29-12:17:52	23	1,705.52	44.172	11	0	0	0	0	0	0	1	1	0	0	41
2013/12/29-12:18:52	23	1,705.52	44.172	16	0	0	1	0	0	0	1	1	0	0	54
2013/12/29-12:37:32	23	1,705.52	44.172	5	0	0	0	0	0	1	1	0	0	1	17
2013/12/29-12:38:51	23	1,705.52	44.172	14	0	0	0	1	0	1	1	0	0	1	55
2013/12/29-12:40:05	23	1,705.52	44.172	7	0	1	0	1	0	0	1	0	0	1	24
2013/12/29-12:40:47	23	1,705.52	44.172	9	0	1	1	2	0	0	1	0	0	1	39
2013/12/29-12:41:46	23	1,705.52	44.172	16	0	0	1	1	0	1	1	0	0	1	47
2013/12/29-12:59:09	29	1,684.255	41.691	8	0	0	2	0	0	0	1	1	0	0	40
2013/12/29-13:00:08	29	1,684.255	41.691	5	0	0	2	0	0	1	1	0	0	1	21
2013/12/29-13:00:54	29	1,684.255	41.691	6	0	0	0	0	0	0	1	1	0	0	47
2013/12/29-13:02:01	29	1,684.255	41.691	13	0	0	1	0	0	0	1	1	0	0	46
2013/12/29-13:03:06	29	1,684.255	41.691	6	0	0	0	0	0	1	1	0	0	1	22
2013/12/29-14:54:19	25	1,693.736	44.342	4	0	0	0	0	0	1	1	0	0	1	12
2013/12/29-14:55:19	25	1,693.736	44.342	7	0	0	0	2	0	0	1	1	0	0	22
2013/12/29-14:56:00	25	1,693.736	44.342	6	0	1	0	1	0	0	1	0	0	1	28
2013/12/29-14:57:05	25	1,693.736	44.342	2	0	0	0	1	0	1	1	0	0	1	13
2013/12/29-14:58:01	25	1,693.736	44.342	5	0	0	1	1	0	0	1	1	0	0	24
2013/12/29-15:14:53	26	1,687.423	43.399	4	0	0	1	0	0	1	1	0	0	1	15
2013/12/29-15:16:12	26	1,687.423	43.399	9	0	0	2	1	0	0	1	1	0	0	25
2013/12/29-15:16:55	26	1,687.423	43.399	14	0	1	2	0	0	0	1	0	0	1	38
2013/12/29-15:18:14	26	1,687.423	43.399	3	0	0	1	1	0	1	1	0	0	1	9
2013/12/29-15:18:51	26	1,687.423	43.399	17	0	0	2	1	0	0	1	1	0	0	60
2013/12/29-16:27:13	26	1,687.423	43.399	11	0	0	4	1	0	0	1	1	0	0	34
2013/12/29-16:27:59	26	1,687.423	43.399	13	0	0	5	1	0	0	1	1	0	0	25
2013/12/29-16:28:36	26	1,687.423	43.399	9	0	0	6	0	0	1	1	0	0	1	33
2013/12/29-16:29:27	26	1,687.423	43.399	13	0	0	6	1	0	1	1	0	1	0	27
2013/12/29-17:05:11	26	1,687.423	43.399	6	0	0	2	1	0	1	1	0	0	1	14
2013/12/29-17:06:14	26	1,687.423	43.399	1	0	1	0	0	0	0	1	0	0	1	18
2013/12/29-17:07:02	26	1,687.423	43.399	2	0	1	1	0	0	0	1	0	0	1	19
2013/12/29-17:07:52	26	1,687.423	43.399	8	0	0	0	0	0	1	1	0	0	1	37
2013/12/29-17:08:48	28	1,679.702	40.7	10	0	1	1	0	0	0	1	0	0	1	29
2013/12/30-00:33:30	28	1,678.185	50.403	6	0	1	1	0	0	0	1	0	0	1	47
2013/12/30-00:34:50	28	1,678.185	50.403	18	0	0	1	0	0	0	1	0	0	1	60
2013/12/30-00:36:09	28	1,678.185	50.403	19	0	0	1	0	0	0	1	0	0	1	60
2013/12/30-00:37:28	28	1,678.185	50.403	7	0	1	4	0	0	0	1	0	0	1	22
2013/12/30-00:38:10	28	1,678.185	50.403	6	0	1	0	0	0	0	1	0	0	1	19
2013/12/30-00:45:09	28	1,678.185	50.403	5	0	0	2	1	0	0	1	1	0	0	23
2013/12/30-00:45:50	28	1,678.185	50.403	13	0	0	1	0	0	0	1	0	0	1	60
2013/12/30-00:47:09	25	1,677.809	47.963	5	0	1	0	0	0	0	1	0	0	1	17
2013/12/30-00:48:17	25	1,677.809	47.963	6	0	0	0	0	0	1	1	0	0	1	33
2013/12/30-00:49:36	25	1,677.809	47.963	9	0	0	1	1	0	1	1	0	0	1	38
2013/12/30-01:02:28	25	1,677.809	47.963	20	0	0	0	0	0	0	1	0	0	1	60
2013/12/30-01:03:47	25	1,677.809	47.963	19	0	0	1	0	0	0	1	0	0	1	60
2013/12/30-01:05:06	25	1,677.809	47.963	8	0	0	3	0	0	1	1	0	0	1	33
2013/12/30-01:06:25	25	1,677.809	47.963	8	0	0	0	1	0	0	1	1	0	0	34
2013/12/30-01:07:18	25	1,677.809	47.963	13	0	0	1	0	0	0	1	0	0	1	60
2013/12/30-08:20:19	34	1,663.652	58.011	8	0	0	1	2	0	0	1	1	0	0	38
2013/12/30-08:21:17	34	1,663.652	58.011	12	0	0	0	0	0	1	1	0	0	1	43
2013/12/30-08:22:18	34	1,663.652	58.011	6	0	0	0	1	0	0	1	1	0	0	28
2013/12/30-08:23:05	34	1,663.652	58.011	17	0	0	1	1	0	0	1	1	0	0	58
2013/12/30-08:24:22	34	1,663.652	58.011	2	0	0	0	1	0	0	1	1	0	0	16
2013/12/30-08:41:12	31	1,672.943	56.647	8	0	0	0	0	0	1	1	0	0	1	30
2013/12/30-08:42:08	31	1,672.943	56.647	8	0	0	1	2	0	0	1	1	0	0	27
2013/12/30-08:42:54	31	1,672.943	56.647	6	0	0	1	2	0	1	1	0	0	1	29
2013/12/30-08:43:42	31	1,672.943	56.647	6	0	0	0	1	0	1	1	0	0	1	30
2013/12/30-08:44:30	31	1,672.943	56.647	6	0	0	0	0	0	1	1	0	0	1	19
2013/12/30-08:55:26	34	1,665.049	54.8	13	0	0	2	0	0	0	1	1	0	0	43
2013/12/30-08:56:28	34	1,665.049	54.8	16	0	0	0	2	0	1	1	1	0	0	56
2013/12/30-08:57:43	34	1,665.049	54.8	7	0	1	1	0	0	0	1	0	0	1	20
2013/12/30-08:58:42	34	1,665.049	54.8	2	0	0	0	0	0	0	1	1	0	0	9
2013/12/30-08:59:10	34	1,665.049	54.8	3	0	1	0	0	0	0	1	0	0	1	15
2013/12/30-12:08:53	30	1,674.309	56.55	16	0	0	2	2	0	0	1	1	0	0	58
2013/12/30-12:10:10	30	1,674.309	56.55	9	0	1	2	0	0	0	1	0	0	1	31
2013/12/30-12:11:00	30	1,674.309	56.55	17	0	0	2	2	0	0	1	1	0	0	60
2013/12/30-12:12:19	30	1,674.309	56.55	5	0	0	0	1	0	1	1	0	0	1	18
2013/12/30-12:13:08	30	1,674.309	56.55	8	0	0	1	1	0	1	1	0	0	1	31
2013/12/30-12:32:57	26	1,683.671	54.551	6	0	0	0	0	0	1	1	0	0	1	57
2013/12/30-12:34:13	26	1,683.671	54.551	5	0	0	2	1	0	0	1	1	0	0	32
2013/12/30-12:35:04	26	1,683.671	54.551	14	0	0	0	1	0	0	1	1	0	0	60
2013/12/30-12:36:23	26	1,683.671	54.551	13	0	0	1	0	0	1	1	0	0	1	57
2013/12/30-12:37:40	26	1,683.671	54.551	4	0	1	0	0	0	0	1	0	0	1	14
2013/12/30-12:59:15	26	1,683.671	54.551	3	0	1	1	0	0	0	1	0	0	1	19
2013/12/30-13:00:34	26	1,683.671	54.551	12	0	1	0	0	0	0	1	0	0	1	56
2013/12/30-13:01:49	26	1,683.671	54.551	2	0	0	0	0	0	1	1	0	0	1	5
2013/12/30-13:03:00	26	1,683.671	54.551	3	0	0	1	0	0	1	1	0	0	1	10
2013/12/30-13:04:19	25	1,688.584	51.151	2	0	1	1	0	0	0	1	0	0	1	12
2013/12/30-16:08:57	27	1,683.643	55.102	11	0	1	2	0	0	0	1	0	0	1	50
2013/12/30-16:10:16	27	1,683.643	55.102	9	0	1	1	0	0	0	1	0	0	1	34
2013/12/30-16:11:09	27	1,683.643	55.102	10	0	0	0	0	0	1	1	0	0	1	38
2013/12/30-16:12:06	27	1,683.643	55.102	5	0	0	1	0	0	1	1	0	0	1	16
2013/12/30-16:13:25	27	1,683.643	55.102	7	0	0	0	0	0	1	1	0	0	1	30
2013/12/30-16:25:08	29	1,672.745	52.766	4	0	1	1	0	0	0	1	0	0	1	19
2013/12/30-16:26:27	29	1,672.745	52.766	5	0	1	1	0	0	0	1	0	0	1	24
2013/12/30-16:27:10	29	1,672.745	52.766	14	0	1	2	1	0	0	1	0	0	1	47
2013/12/30-16:28:29	29	1,672.745	52.766	2	0	0	1	0	0	1	1	0	0	1	16
2013/12/30-16:29:16	29	1,672.745	52.766	4	0	1	2	1	0	0	1	0	0	1	25
2013/12/30-16:42:58	29	1,672.745	52.766	6	0	0	0	0	0	1	1	0	0	1	37
2013/12/30-16:43:56	29	1,672.745	52.766	10	0	0	1	0	0	1	1	0	0	1	24
2013/12/30-16:45:14	29	1,672.745	52.766	4	0	1	2	0	0	0	1	0	0	1	29
2013/12/30-16:46:13	29	1,672.745	52.766	6	0	1	0	0	0	0	1	0	0	1	39
2013/12/30-16:47:32	29	1,672.745	52.766	7	0	1	0	0	0	0	1	0	0	1	32
2013/12/30-23:34:53	37	1,640.555	58.517	1	0	0	0	1	0	1	1	0	0	1	3
2013/12/30-23:35:07	37	1,640.555	58.517	6	0	0	1	1	0	0	1	1	0	0	24
2013/12/30-23:35:42	37	1,640.555	58.517	5	0	1	2	0	0	0	1	0	0	1	17
2013/12/30-23:36:10	37	1,640.555	58.517	22	0	0	0	0	0	0	1	1	0	0	86
2013/12/30-23:38:35	37	1,640.555	58.517	0	0	1	0	0	0	0	1	0	0	1	4
2013/12/30-23:38:52	37	1,640.555	58.517	4	0	0	0	2	0	0	1	1	0	0	18
2013/12/30-23:39:25	37	1,640.555	58.517	7	0	0	1	0	0	1	1	0	0	1	23
2013/12/30-23:44:26	37	1,640.555	58.517	8	0	1	3	0	0	0	1	0	0	1	35
2013/12/30-23:45:20	37	1,640.555	58.517	3	0	0	0	0	0	0	1	1	0	0	10
2013/12/30-23:45:49	37	1,640.555	58.517	1	0	0	0	0	0	0	1	1	0	0	15
2013/12/30-23:46:23	37	1,640.555	58.517	7	0	0	0	0	0	1	1	0	0	1	45
2013/12/30-23:47:41	37	1,640.555	58.517	2	0	0	0	0	0	1	1	0	0	1	8
2013/12/30-23:48:37	37	1,640.555	58.517	5	0	1	0	0	0	0	1	0	0	1	20
2013/12/30-23:49:16	30	1,670.452	53.677	3	0	0	1	0	0	1	1	0	0	1	6
2013/12/31-00:01:07	30	1,670.452	53.677	7	0	1	1	0	0	0	1	0	0	1	37
2013/12/31-00:02:56	30	1,670.452	53.677	1	0	1	0	0	0	0	1	0	0	1	6
2013/12/31-00:03:18	30	1,670.452	53.677	3	0	1	0	0	0	0	1	0	0	1	12
2013/12/31-00:03:53	30	1,670.452	53.677	0	0	1	0	0	0	0	1	0	0	1	3
2013/12/31-00:04:12	30	1,670.452	53.677	0	0	1	0	0	0	0	1	0	0	1	7
2013/12/31-00:05:55	30	1,670.452	53.677	1	0	1	0	0	0	0	1	1	0	0	7
2013/12/31-00:06:21	30	1,670.452	53.677	6	0	1	0	1	0	0	1	0	0	1	20
2013/12/31-00:13:43	30	1,670.452	53.677	0	0	1	0	0	0	0	1	0	0	1	4
2013/12/31-00:14:08	30	1,670.452	53.677	2	0	0	1	0	0	0	1	1	0	0	14
2013/12/31-00:14:41	30	1,670.452	53.677	2	0	0	0	0	0	1	1	0	0	1	8
2013/12/31-00:15:08	30	1,670.452	53.677	3	0	0	1	0	0	0	1	1	0	0	13
2013/12/31-00:15:39	30	1,670.452	53.677	2	0	0	0	0	0	1	1	0	0	1	9
2013/12/31-00:16:07	30	1,670.452	53.677	8	0	0	0	1	0	0	1	1	0	0	29
2013/12/31-00:16:54	30	1,670.452	53.677	3	0	0	0	0	0	1	1	0	0	1	18
2013/12/31-00:30:19	27	1,688.792	48.775	8	0	0	1	0	0	1	1	0	0	1	33
2013/12/31-00:31:13	27	1,688.792	48.775	13	0	0	0	1	0	0	1	1	0	0	37
2013/12/31-00:32:09	27	1,688.792	48.775	1	0	0	0	0	0	1	1	0	0	1	18
2013/12/31-00:32:46	27	1,688.792	48.775	17	0	0	8	0	0	0	1	1	0	0	78
2013/12/31-00:34:23	27	1,688.792	48.775	1	0	0	0	0	0	1	1	0	0	1	10
2013/12/31-00:35:02	27	1,688.792	48.775	1	0	1	1	0	0	0	1	0	0	1	6
2013/12/31-00:35:26	27	1,688.792	48.775	1	0	0	0	0	0	0	1	1	0	0	6
2013/12/31-00:48:04	27	1,688.792	48.775	4	0	0	0	0	0	1	1	0	0	1	8
2013/12/31-00:48:31	27	1,688.792	48.775	2	0	1	0	1	0	0	1	0	0	1	9
2013/12/31-00:48:59	27	1,688.792	48.775	7	0	0	3	0	0	1	1	0	0	1	18
2013/12/31-00:50:03	27	1,688.792	48.775	0	0	1	1	0	0	0	1	0	0	1	5
2013/12/31-00:50:28	27	1,688.792	48.775	2	0	1	0	0	0	0	1	0	0	1	9
2013/12/31-00:51:14	27	1,688.792	48.775	3	0	1	0	0	0	0	1	0	0	1	12
2013/12/31-00:51:48	27	1,688.792	48.775	3	0	1	0	0	0	0	1	0	0	1	15
2013/12/31-01:01:51	27	1,688.792	48.775	1	0	1	0	0	0	0	1	0	0	1	7
2013/12/31-01:02:19	27	1,688.792	48.775	0	0	1	0	0	0	0	1	0	0	1	4
2013/12/31-01:02:48	27	1,688.792	48.775	1	0	0	0	0	0	1	1	0	0	1	3
2013/12/31-01:03:15	27	1,688.792	48.775	1	0	0	0	0	0	0	1	1	0	0	9
2013/12/31-01:03:42	27	1,688.792	48.775	5	0	0	1	2	0	0	1	1	0	0	16
2013/12/31-01:04:17	27	1,688.792	48.775	22	0	0	7	0	0	1	1	0	0	1	48
2013/12/31-01:05:24	27	1,688.792	48.775	2	0	0	0	0	0	1	1	0	0	1	10
2013/12/31-01:16:15	25	1,701.042	43.734	5	0	0	0	2	0	0	1	1	0	0	4
2013/12/31-01:16:37	25	1,701.042	43.734	8	0	1	0	0	0	0	1	0	0	1	37
2013/12/31-01:17:45	25	1,701.042	43.734	8	0	1	0	1	0	0	1	0	0	1	30
2013/12/31-01:18:33	25	1,701.042	43.734	1	0	0	1	0	0	1	1	0	0	1	7
2013/12/31-01:19:10	25	1,701.042	43.734	1	0	0	0	0	0	0	1	1	0	0	3
2013/12/31-01:19:31	25	1,701.042	43.734	18	0	0	0	0	0	0	1	1	0	0	44
2013/12/31-01:20:34	25	1,701.042	43.734	16	0	1	1	0	0	0	1	0	0	1	43
2013/12/31-01:49:52	24	1,701.37	42.69	10	0	0	0	0	0	0	1	1	0	0	33
2013/12/31-01:50:44	24	1,701.37	42.69	4	0	0	3	0	0	1	1	0	0	1	44
2013/12/31-01:52:16	24	1,701.37	42.69	1	0	1	0	0	0	0	1	0	0	1	3
2013/12/31-01:52:44	24	1,701.37	42.69	1	0	1	0	0	0	0	1	0	0	1	4
2013/12/31-01:53:09	24	1,701.37	42.69	1	0	0	0	0	0	1	1	0	0	1	3
2013/12/31-01:53:33	24	1,701.37	42.69	4	0	1	0	0	0	0	1	0	0	1	8
2013/12/31-01:54:00	24	1,701.37	42.69	8	0	1	3	1	0	0	1	0	0	1	30
2013/12/31-02:07:54	24	1,701.37	42.69	2	0	0	0	1	0	0	1	1	0	0	11
2013/12/31-02:08:24	24	1,701.37	42.69	3	0	0	0	0	0	1	1	0	0	1	8
2013/12/31-02:08:51	24	1,701.37	42.69	12	0	0	0	0	0	0	1	1	0	0	49
2013/12/31-02:09:59	24	1,701.37	42.69	30	0	0	0	0	0	0	1	1	0	0	90
2013/12/31-02:11:48	24	1,701.37	42.69	2	0	0	1	1	0	1	1	0	0	1	6
2013/12/31-02:12:19	24	1,701.37	42.69	8	0	0	0	0	0	1	1	0	0	1	24
2013/12/31-02:13:02	24	1,701.37	42.69	1	0	0	0	0	0	0	1	1	0	0	3
2013/12/31-02:41:33	28	1,684.55	40.811	2	0	1	0	0	0	0	1	0	0	1	12
2013/12/31-02:42:33	28	1,684.55	40.811	1	0	0	0	0	0	1	1	0	0	1	3
2013/12/31-02:42:58	28	1,684.55	40.811	5	0	0	0	1	0	1	1	0	0	1	14
2013/12/31-02:43:31	28	1,684.55	40.811	13	0	0	0	0	0	1	1	0	0	1	56
2013/12/31-02:44:45	28	1,684.55	40.811	0	0	0	5	0	0	0	1	1	0	0	71
2013/12/31-02:46:14	28	1,684.55	40.811	3	0	1	3	0	0	0	1	0	0	1	24
2013/12/31-02:46:58	28	1,684.55	40.811	3	0	0	0	1	0	1	1	0	0	1	5
2013/12/31-03:00:45	28	1,684.55	40.811	9	0	0	0	0	0	1	1	0	0	1	37
2013/12/31-03:01:40	28	1,684.55	40.811	1	0	0	0	0	0	1	1	0	0	1	4
2013/12/31-03:02:37	28	1,684.55	40.811	3	0	1	0	0	0	0	1	0	0	1	22
2013/12/31-03:03:18	28	1,684.55	40.811	4	0	0	0	0	0	1	1	0	0	1	17
2013/12/31-03:03:53	28	1,684.55	40.811	2	0	1	0	0	0	0	1	0	0	1	13
2013/12/31-03:04:28	28	1,684.55	40.811	5	0	0	1	0	0	1	1	0	0	1	8
2013/12/31-03:04:55	28	1,684.55	40.811	9	0	1	2	0	0	0	1	0	0	1	29
2013/12/31-03:12:18	28	1,684.55	40.811	15	0	0	0	1	0	0	1	1	0	0	41
2013/12/31-03:13:17	28	1,684.68	38.347	4	0	0	0	0	0	1	1	0	0	1	6
2013/12/31-03:14:25	28	1,684.68	38.347	1	0	1	0	0	0	0	1	0	0	1	3
2013/12/31-03:14:50	28	1,684.68	38.347	9	0	0	4	0	0	1	1	0	0	1	48
2013/12/31-03:15:56	28	1,684.68	38.347	1	0	1	1	0	0	0	1	0	0	1	6
2013/12/31-03:16:33	28	1,684.68	38.347	11	0	0	4	2	0	0	1	1	0	0	36
2013/12/31-03:17:27	28	1,684.68	38.347	2	0	1	0	0	0	0	1	0	0	1	19
2013/12/31-03:30:26	28	1,684.68	38.347	12	0	0	0	1	0	1	1	0	0	1	54
2013/12/31-03:31:39	28	1,684.68	38.347	2	0	1	0	0	0	0	1	0	0	1	16
2013/12/31-03:32:14	28	1,684.68	38.347	5	0	1	1	0	0	0	1	0	0	1	17
2013/12/31-03:33:08	28	1,684.68	38.347	1	0	0	0	1	0	1	1	0	0	1	6
2013/12/31-03:33:33	28	1,684.68	38.347	0	0	1	0	0	0	0	1	0	0	1	4
2013/12/31-03:34:15	28	1,684.68	38.347	7	0	0	1	0	0	0	1	1	0	0	42
2013/12/31-03:35:16	28	1,684.68	38.347	1	0	0	0	0	0	1	1	0	0	1	3
2013/12/31-03:45:55	28	1,684.68	38.347	4	0	1	0	0	0	0	1	0	0	1	8
2013/12/31-03:46:21	28	1,684.68	38.347	12	0	0	6	0	0	1	1	0	0	1	43
2013/12/31-03:47:23	28	1,684.68	38.347	5	0	0	0	1	0	1	1	0	0	1	4
2013/12/31-03:47:46	28	1,684.68	38.347	11	0	0	6	1	0	0	1	1	0	0	40
2013/12/31-03:48:44	28	1,684.68	38.347	9	0	1	0	0	0	0	1	0	0	1	32
2013/12/31-03:49:35	28	1,684.68	38.347	17	0	1	1	0	0	0	1	0	0	1	25
2013/12/31-03:50:18	28	1,684.68	38.347	1	0	0	0	0	0	0	1	1	0	0	3
2013/12/31-04:11:21	34	1,660.031	36.103	0	0	1	0	0	0	0	1	0	0	1	4
2013/12/31-04:11:43	34	1,660.031	36.103	2	0	0	0	0	0	0	1	1	0	0	16
2013/12/31-04:12:18	34	1,660.031	36.103	1	0	0	0	0	0	1	1	0	0	1	7
2013/12/31-04:12:44	34	1,660.031	36.103	1	0	0	0	0	0	1	1	0	0	1	4
2013/12/31-04:13:33	34	1,660.031	36.103	5	0	0	0	0	0	1	1	0	0	1	22
2013/12/31-04:14:14	34	1,660.031	36.103	8	0	0	1	0	0	1	1	0	0	1	24
2013/12/31-04:14:56	34	1,660.031	36.103	7	0	0	0	0	0	1	1	0	0	1	20
2013/12/31-04:44:13	35	1,658.874	35.882	3	0	1	1	0	0	0	1	0	0	1	16
2013/12/31-04:45:32	35	1,658.874	35.882	7	0	0	0	0	0	1	1	0	0	1	17
2013/12/31-04:46:08	35	1,658.874	35.882	8	0	1	0	0	0	0	1	0	0	1	45
2013/12/31-04:47:16	35	1,658.874	35.882	2	0	0	0	0	0	1	1	0	0	1	8
2013/12/31-04:47:59	35	1,658.874	35.882	3	0	0	0	0	0	1	1	0	0	1	14
2013/12/31-04:49:17	35	1,658.874	35.882	14	0	0	18	0	0	1	1	0	0	1	59
2013/12/31-04:50:35	35	1,658.874	35.882	3	0	0	1	0	0	1	1	0	0	1	7
2013/12/31-04:51:07	35	1,658.874	35.882	2	0	1	0	0	0	0	1	0	0	1	12
2013/12/31-04:51:45	35	1,658.874	35.882	2	0	0	0	0	0	1	1	0	0	1	6
2013/12/31-04:52:26	35	1,658.874	35.882	1	0	1	0	0	0	0	1	0	0	1	6
2013/12/31-04:52:51	35	1,658.874	35.882	2	0	0	0	0	0	0	1	1	0	0	9
2013/12/31-04:53:19	35	1,658.874	35.882	4	0	0	0	0	0	0	1	1	0	0	13
2013/12/31-04:53:51	35	1,658.874	35.882	1	0	1	0	0	0	0	1	0	0	1	3
2013/12/31-04:54:42	35	1,658.874	35.882	4	0	0	1	1	0	1	1	0	0	1	22
2013/12/31-05:15:03	35	1,658.874	35.882	6	0	1	0	1	0	0	1	0	0	1	15
2013/12/31-05:15:38	35	1,658.874	35.882	1	0	1	1	0	0	0	1	0	0	1	11
2013/12/31-05:16:07	35	1,658.874	35.882	4	0	0	0	0	0	1	1	0	0	1	19
2013/12/31-05:16:46	36	1,654.095	34.069	1	0	0	0	1	0	1	1	0	0	1	3
2013/12/31-05:17:07	36	1,654.095	34.069	1	0	0	0	0	0	1	1	0	0	1	8
2013/12/31-05:17:34	36	1,654.095	34.069	21	0	0	0	1	0	1	1	0	0	1	78
2013/12/31-05:19:11	36	1,654.095	34.069	0	0	1	0	0	0	0	1	0	0	1	4
2013/12/31-05:23:47	36	1,654.095	34.069	7	0	0	7	0	0	1	1	0	0	1	38
2013/12/31-05:25:09	36	1,654.095	34.069	3	0	0	0	1	0	1	1	0	0	1	26
2013/12/31-05:25:54	36	1,654.095	34.069	13	0	0	0	0	0	1	1	0	0	1	23
2013/12/31-05:26:36	36	1,654.095	34.069	2	0	0	1	0	0	1	1	0	0	1	7
2013/12/31-05:27:04	36	1,654.095	34.069	0	0	1	0	0	0	0	1	0	0	1	3
2013/12/31-05:27:54	36	1,654.095	34.069	3	0	1	0	0	0	0	1	0	0	1	20
2013/12/31-05:28:32	36	1,654.095	34.069	3	0	1	0	0	0	0	1	0	0	1	17
2013/12/31-05:37:17	36	1,654.095	34.069	1	0	0	0	0	0	1	1	0	0	1	3
2013/12/31-05:38:00	36	1,654.095	34.069	6	0	0	0	1	0	0	1	1	0	0	21
2013/12/31-05:38:39	36	1,654.095	34.069	1	0	1	0	0	0	0	1	0	0	1	5
2013/12/31-05:39:10	36	1,654.095	34.069	2	0	1	0	1	0	0	1	0	0	1	5
2013/12/31-05:39:35	36	1,654.095	34.069	2	0	1	0	2	0	0	1	0	0	1	10
2013/12/31-05:40:04	36	1,654.095	34.069	1	0	0	0	0	0	0	1	1	0	0	7
2013/12/31-05:40:29	36	1,654.095	34.069	10	0	0	1	1	0	1	1	0	0	1	40
2013/12/31-06:09:05	37	1,650.194	32.547	6	0	0	1	0	0	1	1	0	0	1	22
2013/12/31-06:09:46	37	1,650.194	32.547	0	0	1	0	0	0	0	1	0	0	1	4
2013/12/31-06:10:09	37	1,650.194	32.547	0	0	1	0	0	0	0	1	0	0	1	6
2013/12/31-06:10:33	37	1,650.194	32.547	6	0	0	1	1	0	0	1	1	0	0	18
2013/12/31-06:11:10	37	1,650.194	32.547	1	0	1	0	0	0	0	1	0	0	1	7
2013/12/31-06:11:35	37	1,650.194	32.547	2	0	1	0	0	0	0	1	0	0	1	3
2013/12/31-06:11:57	37	1,650.194	32.547	9	0	0	0	1	0	1	1	0	0	1	36
2013/12/31-06:17:03	37	1,650.194	32.547	1	0	0	0	1	0	1	1	0	0	1	10
2013/12/31-06:17:32	37	1,650.194	32.547	1	0	1	0	0	0	0	1	0	0	1	4
2013/12/31-06:18:50	37	1,650.194	32.547	10	0	0	0	0	0	0	1	1	0	0	54
2013/12/31-06:20:03	37	1,650.194	32.547	2	0	0	1	0	0	1	1	0	0	1	7
2013/12/31-06:20:40	37	1,650.194	32.547	3	0	1	0	0	0	0	1	0	0	1	10
2013/12/31-06:21:09	37	1,650.194	32.547	3	0	1	2	0	0	0	1	0	0	1	16
2013/12/31-06:21:56	37	1,650.194	32.547	10	0	0	0	0	0	1	1	0	0	1	37
2013/12/31-06:28:11	37	1,650.194	32.547	7	0	1	0	0	0	0	1	0	0	1	37
2013/12/31-06:29:06	37	1,650.194	32.547	6	0	1	0	0	0	0	1	0	0	1	16
2013/12/31-06:29:40	37	1,650.194	32.547	1	0	0	0	0	0	1	1	0	0	1	3
2013/12/31-06:30:36	37	1,650.194	32.547	4	0	1	1	1	0	0	1	0	0	1	20
2013/12/31-06:31:18	37	1,650.194	32.547	1	0	1	0	1	0	0	1	0	0	1	5
2013/12/31-06:31:42	37	1,650.194	32.547	12	0	0	0	1	0	0	1	1	0	0	42
2013/12/31-06:32:44	37	1,650.194	32.547	2	0	0	0	0	0	1	1	0	0	1	4
2013/12/31-06:52:09	35	1,655.648	31.169	21	0	0	0	1	0	1	1	0	0	1	78
2013/12/31-06:53:46	35	1,655.648	31.169	5	0	0	1	0	0	1	1	0	0	1	18
2013/12/31-06:54:23	35	1,655.648	31.169	0	0	1	0	0	0	0	1	0	0	1	4
2013/12/31-06:54:46	35	1,655.648	31.169	4	0	1	0	1	0	0	1	0	0	1	8
2013/12/31-06:55:12	35	1,655.648	31.169	0	0	0	0	0	0	0	1	1	0	0	6
2013/12/31-06:55:37	35	1,655.648	31.169	6	0	0	1	1	0	0	1	1	0	0	24
2013/12/31-06:56:19	35	1,655.648	31.169	3	0	0	0	1	0	0	1	1	0	0	15
2013/12/31-07:02:11	35	1,655.648	31.169	3	0	1	0	0	0	0	1	0	0	1	30
2013/12/31-07:02:59	35	1,655.648	31.169	14	0	0	9	0	0	0	1	1	0	0	54
2013/12/31-07:04:12	35	1,655.648	31.169	7	0	0	0	0	0	0	1	1	0	0	17
2013/12/31-07:04:48	35	1,655.648	31.169	1	0	1	0	0	0	0	1	0	0	1	4
2013/12/31-07:05:17	35	1,655.648	31.169	1	0	0	1	0	0	1	1	0	0	1	3
2013/12/31-07:05:42	35	1,655.648	31.169	7	0	0	1	0	0	1	1	0	0	1	32
2013/12/31-07:07:31	35	1,655.648	31.169	4	0	0	0	0	0	1	1	0	0	1	9
2013/12/31-07:20:08	35	1,660.819	30.665	3	0	1	0	0	0	0	1	0	0	1	5
2013/12/31-07:20:38	35	1,660.819	30.665	4	0	1	0	0	0	0	1	0	0	1	19
2013/12/31-07:21:16	35	1,660.819	30.665	2	0	0	0	0	0	1	1	0	0	1	8
2013/12/31-07:21:57	35	1,660.819	30.665	1	0	0	0	2	0	0	1	1	0	0	8
2013/12/31-07:22:24	35	1,660.819	30.665	3	0	0	0	0	0	1	1	0	0	1	10
2013/12/31-07:24:02	35	1,660.819	30.665	3	0	1	0	0	0	0	1	0	0	1	16
2013/12/31-07:24:44	35	1,660.819	30.665	5	0	0	0	0	0	1	1	0	0	1	15
2013/12/31-07:41:20	35	1,660.819	30.665	8	0	1	0	1	0	0	1	0	0	1	19
2013/12/31-07:41:58	35	1,660.819	30.665	0	0	1	0	0	0	0	1	0	0	1	4
2013/12/31-07:42:21	35	1,660.819	30.665	23	0	0	0	0	0	1	1	0	0	1	87
2013/12/31-07:44:07	35	1,660.819	30.665	2	0	0	0	0	0	1	1	0	0	1	14
2013/12/31-07:44:40	35	1,660.819	30.665	12	0	0	0	1	0	0	1	1	0	0	47
2013/12/31-07:45:46	35	1,660.819	30.665	1	0	0	0	1	0	1	1	0	0	1	3
2013/12/31-07:46:07	35	1,660.819	30.665	8	0	0	1	1	0	0	1	1	0	0	22
2013/12/31-07:51:15	35	1,660.819	30.665	6	0	0	1	0	0	1	1	0	0	1	29
2013/12/31-07:52:25	35	1,660.819	30.665	2	0	0	0	1	0	1	1	0	0	1	18
2013/12/31-07:53:02	35	1,660.819	30.665	2	0	0	1	0	0	0	1	1	0	0	6
2013/12/31-07:53:27	35	1,660.819	30.665	9	0	0	0	1	0	0	1	1	0	0	25
2013/12/31-07:54:10	35	1,660.819	30.665	6	0	1	0	0	0	0	1	0	0	1	24
2013/12/31-07:54:53	35	1,660.819	30.665	2	0	1	0	0	0	0	1	0	0	1	8
2013/12/31-07:56:14	35	1,660.819	30.665	8	0	0	9	0	0	1	1	0	0	1	43
2013/12/31-08:08:05	34	1,661.984	29.559	5	0	1	0	0	0	0	1	0	0	1	31
2013/12/31-08:08:55	34	1,661.984	29.559	4	0	1	0	0	0	0	1	0	0	1	16
2013/12/31-08:09:43	34	1,661.984	29.559	5	0	0	0	2	0	1	1	0	0	1	18
2013/12/31-08:10:20	34	1,661.984	29.559	23	0	0	0	0	0	1	1	0	0	1	40
2013/12/31-08:11:18	34	1,661.984	29.559	7	0	0	1	0	0	0	1	1	0	0	25
2013/12/31-08:12:02	34	1,661.984	29.559	0	0	1	0	0	0	0	1	0	0	1	3
2013/12/31-08:12:36	34	1,661.984	29.559	3	0	0	0	1	0	1	1	0	0	1	15
2014/01/03-09:14:14	33	1,667.106	129.354	1	0	1	0	0	0	0	1	0	0	1	9
2014/01/03-09:14:43	33	1,667.106	129.354	2	0	1	0	0	0	0	1	0	0	1	4
2014/01/03-09:15:35	33	1,667.106	129.354	5	0	0	0	1	0	1	1	0	0	1	4
2014/01/03-09:15:58	33	1,667.106	129.354	7	0	1	0	0	0	0	1	0	0	1	15
2014/01/03-09:16:32	33	1,667.106	129.354	1	0	0	0	0	0	1	1	0	0	1	7
2014/01/03-13:43:49	33	1,667.106	129.354	0	0	0	0	0	0	0	1	0	1	0	1
2014/01/03-14:14:15	33	1,667.106	129.354	16	0	0	5	0	0	1	1	0	0	1	48
2014/01/03-14:15:48	33	1,667.106	129.354	1	0	0	0	0	0	1	1	0	0	1	3
2014/01/03-14:16:13	33	1,667.106	129.354	11	0	0	1	1	0	0	1	1	0	0	37
2014/01/03-14:17:14	33	1,667.106	129.354	2	0	0	8	0	0	1	1	0	0	1	43
2014/01/03-14:18:22	33	1,667.106	129.354	3	0	0	0	1	0	0	1	1	0	0	8
2014/01/03-14:18:55	33	1,667.106	129.354	4	0	0	0	0	0	1	1	0	0	1	10
2014/01/03-14:20:04	33	1,667.106	129.354	1	0	0	0	0	0	1	1	0	0	1	4
2014/01/03-14:59:43	52	1,547.705	102.731	11	0	0	4	1	0	1	1	0	0	1	34
2014/01/03-15:01:33	52	1,547.705	102.731	4	0	0	0	2	0	0	1	1	0	0	23
2014/01/03-15:02:21	52	1,547.705	102.731	8	0	0	11	0	0	1	1	0	0	1	25
2014/01/03-15:03:11	52	1,547.705	102.731	1	0	0	1	0	0	1	1	0	0	1	3
2014/01/03-15:03:47	52	1,547.705	102.731	7	0	0	8	0	0	1	1	0	0	1	39
2014/01/03-15:05:15	52	1,547.705	102.731	2	0	0	0	0	0	0	1	1	0	0	9
2014/01/03-15:05:49	52	1,547.705	102.731	9	0	0	0	1	0	0	1	1	0	0	19
2014/01/03-15:16:53	52	1,547.705	102.731	18	0	1	4	0	0	0	1	0	0	1	63
2014/01/03-15:18:27	52	1,547.705	102.731	2	0	0	0	0	0	1	1	0	0	1	8
2014/01/03-15:19:11	52	1,547.705	102.731	3	0	1	0	0	0	0	1	0	0	1	6
2014/01/03-15:19:46	52	1,547.705	102.731	5	0	0	0	0	0	1	1	0	0	1	17
2014/01/03-15:20:35	52	1,547.705	102.731	3	0	1	0	0	0	0	1	0	0	1	10
2014/01/03-15:21:09	52	1,547.705	102.731	1	0	1	0	0	0	0	1	0	0	1	11
2014/01/03-15:22:53	52	1,547.705	102.731	12	0	0	0	1	0	0	1	1	0	0	32
2014/01/03-15:23:50	52	1,547.705	102.731	1	0	0	0	0	0	1	1	0	0	1	3
2014/01/03-15:24:29	52	1,547.705	102.731	6	0	1	2	0	0	0	1	0	0	1	40
2014/01/04-11:22:39	26	1,679.157	88.256	4	0	1	0	0	0	0	1	0	0	1	19
2014/01/04-11:23:37	26	1,679.157	88.256	11	0	0	2	0	0	1	1	0	0	1	43
2014/01/04-11:24:57	26	1,679.157	88.256	3	0	0	0	0	0	1	1	0	0	1	19
2014/01/04-11:26:16	26	1,679.157	88.256	1	0	0	0	1	0	0	1	1	0	0	9
2014/01/04-11:26:44	26	1,679.157	88.256	8	0	0	0	0	0	0	1	1	0	0	46
2014/01/04-11:45:38	26	1,679.157	88.256	6	0	0	0	0	0	1	1	0	0	1	17
2014/01/04-11:46:57	26	1,679.157	88.256	4	0	0	0	0	0	1	1	0	0	1	18
2014/01/04-11:47:36	26	1,679.157	88.256	4	0	0	0	1	0	0	1	1	0	0	25
2014/01/04-11:48:20	26	1,679.157	88.256	7	0	0	0	0	0	1	1	0	0	1	28
2014/01/04-11:49:39	26	1,679.157	88.256	0	0	1	0	0	0	0	1	0	0	1	6
2014/01/04-12:04:42	37	1,651.589	76.335	1	0	1	0	0	0	0	1	0	0	1	6
2014/01/04-12:05:49	37	1,651.589	76.335	0	0	1	0	0	0	0	1	0	0	1	8
2014/01/04-12:06:47	37	1,651.589	76.335	1	0	0	0	0	0	1	1	0	0	1	9
2014/01/04-12:07:52	37	1,651.589	76.335	5	0	0	0	0	0	1	1	0	0	1	31
2014/01/04-12:08:42	37	1,651.589	76.335	5	0	0	0	1	0	0	1	1	0	0	16
2014/01/04-12:17:37	37	1,651.589	76.335	10	0	1	0	1	0	0	1	0	0	1	40
2014/01/04-12:18:37	37	1,651.589	76.335	1	0	0	0	0	0	1	1	0	0	1	3
2014/01/04-12:18:59	37	1,651.589	76.335	5	0	0	0	1	0	0	1	1	0	0	17
2014/01/04-12:19:35	37	1,651.589	76.335	9	0	0	0	1	0	0	1	1	0	0	23
2014/01/04-12:20:17	37	1,651.589	76.335	11	0	0	0	1	0	0	1	1	0	0	60
2014/01/04-12:40:31	28	1,676.187	67.484	7	0	0	1	1	0	1	1	0	0	1	24
2014/01/04-12:41:14	28	1,676.187	67.484	5	0	0	0	1	0	1	1	0	0	1	21
2014/01/04-12:41:55	28	1,676.187	67.484	1	0	1	0	0	0	0	1	0	0	1	3
2014/01/04-12:42:30	28	1,676.187	67.484	9	0	0	0	1	0	0	1	1	0	0	40
2014/01/04-12:43:28	28	1,676.187	67.484	1	0	0	0	0	0	1	1	0	0	1	3
2014/01/04-12:54:25	28	1,676.187	67.484	10	0	0	5	1	0	1	1	0	0	1	25
2014/01/04-12:55:10	28	1,676.187	67.484	4	0	1	0	1	0	0	1	0	0	1	15
2014/01/04-13:25:56	28	1,676.187	67.484	15	0	0	1	0	0	0	1	1	0	0	60
2014/01/04-13:27:26	28	1,676.187	67.484	1	0	0	0	0	0	0	1	1	0	0	3
2014/01/04-13:27:48	28	1,676.187	67.484	3	0	1	0	0	0	0	1	0	0	1	6
2014/01/04-17:32:42	29	1,668.997	67.508	3	0	1	0	0	0	0	1	0	0	1	16
2014/01/04-17:33:54	30	1,665.922	66.683	3	0	1	0	0	0	0	1	0	0	1	12
2014/01/04-17:35:13	30	1,665.922	66.683	2	0	0	0	0	0	1	1	0	0	1	10
2014/01/04-17:36:32	30	1,665.922	66.683	5	0	0	0	1	0	0	1	1	0	0	20
2014/01/04-17:37:10	30	1,665.922	66.683	6	0	0	0	0	0	0	1	1	0	0	28
2014/01/04-18:01:02	30	1,665.922	66.683	5	0	0	0	0	0	1	1	0	0	1	17
2014/01/04-18:01:41	30	1,665.922	66.683	1	0	0	0	0	0	1	1	0	0	1	3
2014/01/04-18:02:16	30	1,665.922	66.683	4	0	0	0	0	0	1	1	0	0	1	15
2014/01/04-18:03:07	30	1,665.922	66.683	1	0	0	0	2	0	1	1	0	0	1	3
2014/01/04-18:03:30	30	1,665.922	66.683	12	0	0	2	0	0	0	1	1	0	0	35
2014/01/04-18:19:05	25	1,686.239	60.526	4	0	0	0	0	0	0	1	1	0	0	18
2014/01/04-18:19:42	25	1,686.239	60.526	20	0	0	2	0	0	0	1	0	0	1	60
2014/01/04-18:21:01	25	1,686.239	60.526	3	0	1	0	0	0	0	1	0	0	1	16
2014/01/04-18:21:45	25	1,686.239	60.526	15	0	0	0	0	0	0	1	1	0	0	60
2014/01/04-18:23:04	25	1,686.239	60.526	0	0	1	0	0	0	0	1	0	0	1	3
2014/02/09-22:52:24	24	1,687.188	83.58	19	0	0	9	1	0	0	1	1	0	0	78
2014/02/09-23:05:55	24	1,687.188	83.58	15	0	1	0	0	0	0	1	0	0	1	68
2014/02/11-22:29:10	24	1,687.188	83.58	5	0	1	0	0	0	0	1	0	0	1	33
2014/02/11-22:51:32	24	1,687.188	83.58	2	0	0	1	0	0	1	1	0	0	1	11
2014/02/11-22:52:01	24	1,687.188	83.58	0	0	1	0	0	0	0	1	0	1	0	2
2014/02/11-22:52:45	24	1,687.188	83.58	1	0	1	2	0	0	0	1	0	0	1	24
2014/02/11-22:57:04	24	1,687.188	83.58	12	0	0	0	1	0	1	1	0	0	1	27
2014/02/11-22:58:19	24	1,687.188	83.58	1	0	0	0	1	0	1	1	0	0	1	4
2014/03/01-13:44:52	24	1,687.188	83.58	4	0	1	1	0	0	0	1	0	0	1	12
2015/03/14-01:18:52	24	1,687.188	83.58	2	0	0	1	0	0	0	1	1	0	0	11
2015/03/14-01:19:20	24	1,687.188	83.58	3	0	0	1	0	0	0	1	0	1	0	12
2015/03/14-01:19:43	24	1,687.188	83.58	7	0	1	0	0	0	0	1	0	0	1	26
2015/03/14-01:20:53	24	1,687.188	83.58	12	0	1	1	1	0	0	1	0	0	1	69
2015/03/14-01:22:22	24	1,687.188	83.58	5	0	0	1	0	0	1	1	0	0	1	19
2015/03/14-01:24:24	24	1,687.188	83.58	14	0	0	0	1	0	0	1	1	0	0	50
