2013/09/02-16:43:23	51	1,500	350.775	28	0	0	2	0	0	1	1	0	0	1	48
2013/09/02-16:44:43	51	1,500	350.775	1	0	1	0	0	0	0	1	0	0	1	12
2013/09/02-16:45:14	51	1,500	350.775	10	0	0	4	1	0	0	1	1	0	0	32
2013/09/02-16:46:05	51	1,500	350.775	1	0	1	0	0	0	0	1	0	0	1	5
2013/09/02-16:47:24	51	1,500	350.775	11	0	0	2	1	0	1	1	0	0	1	19
2013/09/02-16:53:26	51	1,500	350.775	11	0	0	0	2	0	0	1	1	0	0	6
2013/09/02-16:53:51	51	1,500	350.775	6	0	0	10	1	0	0	1	1	0	0	22
2013/09/02-16:54:32	51	1,500	350.775	24	0	0	2	1	0	0	1	1	0	0	50
2013/09/02-16:55:42	51	1,500	350.775	7	0	0	0	1	0	0	1	1	0	0	21
2013/09/02-16:56:22	51	1,500	350.775	5	0	0	0	1	0	0	1	1	0	0	14
2013/09/02-17:14:23	6	2,089.263	263.177	9	0	0	2	1	0	0	1	1	0	0	19
2013/09/02-17:15:02	6	2,089.263	263.177	1	0	0	0	0	0	1	1	0	0	1	6
2013/09/02-17:16:32	6	2,089.263	263.177	5	0	0	0	2	0	0	1	1	0	0	19
2013/09/02-17:17:09	6	2,089.263	263.177	7	0	0	0	0	0	1	1	0	0	1	11
2013/09/02-17:17:39	6	2,089.263	263.177	36	0	0	3	2	0	0	1	1	0	0	57
2013/09/02-19:15:22	10	1,927.289	234.778	3	0	0	0	0	0	0	1	1	0	0	9
2013/09/02-19:15:51	10	1,927.289	234.778	1	0	1	0	0	0	0	1	0	0	1	3
2013/09/02-19:16:19	10	1,927.289	234.778	16	0	0	0	1	0	0	1	1	0	0	60
2013/09/02-19:17:38	10	1,927.289	234.778	2	0	1	0	0	0	0	1	0	0	1	3
2013/09/02-19:18:32	6	2,015.954	195.801	5	0	1	0	1	0	0	1	0	0	1	16
2013/09/02-19:49:55	6	2,015.954	195.801	0	0	1	0	0	0	0	1	0	0	1	6
2013/09/02-19:53:20	6	2,015.954	195.801	2	0	1	1	0	0	0	1	0	0	1	5
2013/09/02-19:56:12	6	2,015.954	195.801	5	0	0	4	0	0	0	1	0	0	1	101
2013/09/02-20:01:04	6	2,015.954	195.801	3	0	0	0	0	0	0	1	0	0	1	73
2013/09/02-20:07:00	6	2,015.954	195.801	3	0	1	0	0	0	0	1	0	0	1	13
2013/09/02-20:37:39	8	1,992.868	161.532	16	0	0	0	2	0	0	1	1	0	0	29
2013/09/02-20:38:28	8	1,992.868	161.532	2	0	1	0	0	0	0	1	0	0	1	4
2013/09/02-20:39:47	8	1,992.868	161.532	15	0	0	4	1	0	0	1	1	0	0	34
2013/09/02-20:40:40	8	1,992.868	161.532	9	0	0	2	0	0	1	1	0	0	1	19
2013/09/02-20:41:49	8	1,992.868	161.532	6	0	1	5	1	0	0	1	0	0	1	19
2013/09/03-01:18:50	13	1,980.771	139.842	4	0	1	0	0	0	0	1	0	0	1	12
2013/09/03-01:19:24	13	1,980.771	139.842	1	0	0	0	0	0	1	1	0	0	1	7
2013/09/03-01:20:29	13	1,980.771	139.842	2	0	1	1	0	0	0	1	0	0	1	10
2013/09/03-01:21:17	13	1,980.771	139.842	1	0	1	0	0	0	0	1	0	0	1	3
2013/09/03-01:21:45	13	1,980.771	139.842	7	0	0	0	1	0	0	1	1	0	0	13
2013/09/03-07:11:18	11	2,049.101	124.112	14	0	0	8	2	0	0	1	1	0	0	30
2013/09/03-07:12:06	11	2,049.101	124.112	3	0	1	0	0	0	0	1	0	0	1	13
2013/09/03-07:12:42	11	2,049.101	124.112	6	0	1	0	0	0	0	1	0	0	1	15
2013/09/03-07:13:17	11	2,049.101	124.112	21	0	0	5	1	0	1	1	0	0	1	37
2013/09/03-07:14:13	11	2,049.101	124.112	10	0	0	0	1	0	0	1	1	0	0	31
2013/09/03-07:31:55	11	2,049.101	124.112	19	0	0	4	0	0	1	1	0	0	1	53
2013/09/03-07:33:07	11	2,049.101	124.112	6	0	0	2	1	0	0	1	1	0	0	60
2013/09/03-07:34:26	11	2,049.101	124.112	11	0	0	0	2	0	1	1	0	0	1	24
2013/09/03-07:35:09	11	2,049.101	124.112	2	0	0	0	0	0	1	1	0	0	1	7
2013/09/03-07:35:34	11	2,049.101	124.112	10	0	0	0	0	0	1	1	0	0	1	7
2013/09/03-16:23:11	11	2,068.222	106.836	8	0	0	0	1	0	0	1	1	0	0	16
2013/09/03-16:23:46	11	2,068.222	106.836	1	0	1	0	1	0	0	1	0	0	1	3
2013/09/03-16:24:09	11	2,068.222	106.836	1	0	0	0	1	0	0	1	1	0	0	15
2013/09/03-16:24:43	11	2,068.222	106.836	1	0	0	0	0	0	0	1	1	0	0	3
2013/09/03-16:25:05	11	2,068.222	106.836	1	0	0	0	0	0	0	1	1	0	0	7
2013/09/03-16:38:53	13	2,009.106	106.537	11	0	0	4	2	0	0	1	1	0	0	24
2013/09/03-16:39:36	13	2,009.106	106.537	11	0	0	0	2	0	0	1	1	0	0	10
2013/09/03-16:40:05	13	2,009.106	106.537	4	0	0	0	0	0	0	1	1	0	0	15
2013/09/03-16:40:39	13	2,009.106	106.537	10	0	0	2	1	0	0	1	1	0	0	19
2013/09/03-16:41:17	13	2,009.106	106.537	2	0	0	0	2	0	0	1	1	0	0	6
2013/09/03-16:51:16	13	2,009.106	106.537	6	0	0	10	2	0	0	1	1	0	0	29
2013/09/03-16:52:04	13	2,009.106	106.537	1	0	0	0	0	0	1	1	0	0	1	5
2013/09/03-16:52:27	13	2,009.106	106.537	10	0	0	6	1	0	0	1	1	0	0	44
2013/09/03-16:53:31	13	2,009.106	106.537	15	0	0	2	0	0	1	1	0	0	1	40
2013/09/03-16:54:49	13	2,009.106	106.537	6	0	0	0	0	0	0	1	1	0	0	22
2013/09/03-16:55:50	14	1,988.21	99.469	7	0	0	0	0	0	1	1	0	0	1	4
2013/09/03-16:56:37	14	1,988.21	99.469	2	0	1	0	0	0	0	1	0	0	1	8
2013/09/03-16:57:56	14	1,988.21	99.469	3	0	1	0	0	0	0	1	0	0	1	9
2013/09/03-16:58:32	14	1,988.21	99.469	2	0	1	0	0	0	0	1	0	0	1	6
2013/09/03-16:59:39	14	1,988.21	99.469	1	0	0	0	0	0	1	1	0	0	1	3
2013/09/03-17:22:40	14	1,988.21	99.469	3	0	0	0	2	0	0	1	1	0	0	24
2013/09/03-17:23:23	14	1,988.21	99.469	5	0	0	3	2	0	1	1	0	0	1	12
2013/09/03-17:23:54	14	1,988.21	99.469	15	0	0	0	2	0	0	1	1	0	0	35
2013/09/03-17:24:48	14	1,988.21	99.469	12	0	0	1	1	0	0	1	1	0	0	23
2013/09/03-17:25:30	14	1,988.21	99.469	4	0	1	0	1	0	0	1	0	0	1	14
2013/09/03-17:40:17	13	2,040.15	86.402	1	0	1	0	0	0	0	1	0	0	1	3
2013/09/03-17:40:51	13	2,040.15	86.402	0	0	1	0	0	0	0	1	0	0	1	5
2013/09/03-17:42:10	13	2,040.15	86.402	7	0	1	0	0	0	0	1	0	0	1	21
2013/09/03-17:43:14	13	2,040.15	86.402	0	0	1	0	0	0	0	1	0	0	1	6
2013/09/03-17:43:55	13	2,040.15	86.402	9	0	0	0	1	0	1	1	0	0	1	20
2013/09/03-21:47:37	13	2,012.761	83.963	5	0	1	0	0	0	0	1	0	0	1	22
2013/09/03-21:48:44	13	2,012.761	83.963	40	0	0	0	1	0	0	1	1	0	0	52
2013/09/03-21:49:54	13	2,012.761	83.963	6	0	0	0	0	0	1	1	0	0	1	17
2013/09/03-21:51:13	13	2,012.761	83.963	1	0	1	0	0	0	0	1	0	0	1	7
2013/09/03-21:51:39	13	2,012.761	83.963	1	0	1	0	0	0	0	1	0	0	1	3
2013/09/03-22:04:54	14	2,021.082	78.322	2	0	0	0	1	0	1	1	0	0	1	45
2013/09/03-22:06:02	14	2,021.082	78.322	5	0	1	0	0	0	0	1	0	0	1	13
2013/09/03-22:06:35	14	2,021.082	78.322	1	0	0	0	0	0	1	1	0	0	1	3
2013/09/03-22:07:48	14	2,021.082	78.322	5	0	1	0	0	0	0	1	0	0	1	12
2013/09/03-22:09:07	14	2,021.082	78.322	9	0	0	0	0	0	1	1	0	0	1	10
2013/09/03-22:24:13	14	2,021.082	78.322	3	0	1	0	0	0	0	1	0	0	1	7
2013/09/03-22:25:32	14	2,021.082	78.322	12	0	0	0	0	0	0	1	1	0	0	24
2013/09/03-22:26:14	14	2,021.082	78.322	9	0	1	0	0	0	0	1	0	0	1	6
2013/09/03-22:26:50	14	2,021.082	78.322	1	0	0	0	0	0	1	1	0	0	1	4
2013/09/03-22:27:27	14	2,021.082	78.322	1	0	1	0	0	0	0	1	0	0	1	3
2013/09/04-17:25:12	16	1,957.948	75.613	5	0	1	0	0	0	0	1	0	0	1	33
2013/09/04-17:26:05	16	1,957.948	75.613	4	0	1	0	0	0	0	1	0	0	1	14
2013/09/04-17:27:17	16	1,957.948	75.613	24	0	0	0	0	0	0	1	1	0	0	45
2013/09/04-17:28:21	16	1,957.948	75.613	11	0	0	2	0	0	1	1	0	0	1	31
2013/09/04-17:29:40	16	1,957.948	75.613	27	0	1	0	0	0	0	1	0	0	1	27
2013/09/04-17:49:48	16	2,001.78	71.409	2	0	0	1	0	0	1	1	0	0	1	7
2013/09/04-17:50:45	16	2,001.78	71.409	6	0	0	5	2	0	1	1	0	0	1	20
2013/09/04-17:51:23	16	2,001.78	71.409	3	0	1	0	0	0	0	1	0	0	1	15
2013/09/04-17:51:57	16	2,001.78	71.409	24	0	0	4	1	0	1	1	0	0	1	52
2013/09/04-17:53:09	16	2,001.78	71.409	26	0	0	0	0	0	1	1	0	0	1	36
2013/09/04-18:02:54	16	2,001.78	71.409	8	0	0	0	1	0	0	1	1	0	0	16
2013/09/04-18:03:29	16	2,001.78	71.409	1	0	1	0	0	0	0	1	0	0	1	7
2013/09/04-18:04:24	16	2,001.78	71.409	15	0	0	4	0	0	0	1	1	0	0	31
2013/09/04-18:05:14	16	2,001.78	71.409	0	0	1	0	0	0	0	1	0	0	1	6
2013/09/04-18:05:39	16	2,001.78	71.409	6	0	0	0	0	0	1	1	0	0	1	16
2013/09/05-00:13:28	15	2,061.214	71.691	5	0	0	4	0	0	1	1	0	0	1	12
2013/09/05-00:14:47	15	2,061.214	71.691	3	0	0	0	0	0	1	1	0	0	1	3
2013/09/05-00:15:26	15	2,061.214	71.691	5	0	1	0	0	0	0	1	0	0	1	19
2013/09/05-00:16:45	15	2,061.214	71.691	2	0	0	0	0	0	1	1	0	0	1	16
2013/09/05-00:18:04	15	2,061.214	71.691	3	0	1	0	0	0	0	1	0	0	1	7
2013/09/05-00:18:44	15	2,061.214	71.691	2	0	1	0	0	0	0	1	0	0	1	13
2013/09/05-00:19:33	15	2,061.214	71.691	4	0	1	1	0	0	0	1	0	0	1	12
2013/09/05-00:20:11	15	2,061.214	71.691	5	0	1	0	1	0	0	1	0	0	1	10
2013/09/05-00:21:30	15	2,061.214	71.691	2	0	0	0	1	0	0	1	1	0	0	9
2013/09/05-00:21:58	15	2,061.214	71.691	10	0	0	2	0	0	1	1	0	0	1	23
2013/09/05-00:37:05	15	2,061.214	71.691	1	0	1	0	0	0	0	1	0	0	1	11
2013/09/05-00:37:35	15	2,061.214	71.691	18	0	0	0	2	0	1	1	0	0	1	33
2013/09/05-00:38:27	16	2,053.617	63.577	7	0	0	0	1	0	0	1	1	0	0	22
2013/09/05-00:39:07	16	2,053.617	63.577	22	0	0	6	2	0	0	1	1	0	0	40
2013/09/05-00:40:06	16	2,053.617	63.577	5	0	0	0	0	0	1	1	0	0	1	9
2013/09/05-07:53:14	14	2,076.13	67.531	14	0	0	2	0	0	1	1	0	0	1	34
2013/09/05-07:54:08	14	2,076.13	67.531	20	0	0	6	0	0	1	1	0	0	1	47
2013/09/05-07:55:13	14	2,076.13	67.531	14	0	0	4	0	0	1	1	0	0	1	26
2013/09/05-07:56:32	14	2,076.13	67.531	24	0	0	4	0	0	1	1	0	0	1	52
2013/09/05-07:57:42	14	2,076.13	67.531	16	0	0	2	1	0	0	1	1	0	0	41
2013/09/05-10:32:35	11	2,103.847	63.656	9	0	0	2	0	0	1	1	0	0	1	22
2013/09/05-10:33:56	11	2,103.847	63.656	19	0	0	2	1	0	0	1	1	0	0	42
2013/09/05-10:34:56	11	2,103.847	63.656	23	0	0	4	0	0	0	1	0	0	1	60
2013/09/05-10:36:15	11	2,103.847	63.656	9	0	1	2	0	0	0	1	0	0	1	22
2013/09/05-10:37:37	11	2,103.847	63.656	7	0	0	1	0	0	1	1	0	0	1	13
2013/09/05-10:50:16	11	2,103.847	63.656	5	0	0	2	0	0	1	1	0	0	1	14
2013/09/05-10:51:01	11	2,103.847	63.656	8	0	0	2	0	0	1	1	0	0	1	20
2013/09/05-10:52:20	11	2,103.847	63.656	22	0	0	3	1	0	1	1	0	0	1	38
2013/09/05-10:53:39	11	2,103.847	63.656	28	0	1	2	1	0	0	1	0	0	1	49
2013/09/05-10:54:46	11	2,103.847	63.656	19	0	1	1	0	0	0	1	0	0	1	49
2013/09/05-21:51:15	14	2,074.261	57.863	6	0	0	0	2	0	0	1	1	0	0	18
2013/09/06-23:37:11	14	2,076.938	66.345	22	0	0	4	0	0	1	1	0	0	1	42
2013/09/06-23:38:32	14	2,076.938	66.345	4	0	0	0	0	0	1	1	0	0	1	9
2013/09/06-23:39:50	14	2,076.938	66.345	8	0	1	3	0	0	0	1	0	0	1	25
2013/09/06-23:41:09	14	2,076.938	66.345	8	0	0	1	0	0	1	1	0	0	1	15
2013/09/06-23:42:27	14	2,076.938	66.345	12	0	0	3	0	0	1	1	0	0	1	27
2013/09/07-00:07:47	14	2,076.938	66.345	10	0	0	2	0	0	1	1	0	0	1	22
2013/09/07-00:08:36	14	2,076.938	66.345	11	0	0	3	0	0	0	1	1	0	0	33
2013/09/07-00:09:28	14	2,076.938	66.345	20	0	0	2	2	0	0	1	1	0	0	31
2013/09/07-00:10:17	14	2,076.938	66.345	24	0	0	3	0	0	0	1	1	0	0	33
2013/09/07-00:11:09	14	2,076.938	66.345	10	0	0	0	0	0	0	1	1	0	0	17
2013/09/07-00:29:59	9	2,095.675	60.05	18	0	0	3	0	0	1	1	0	0	1	48
2013/09/07-00:31:05	9	2,095.675	60.05	19	0	0	3	0	0	1	1	0	0	1	43
2013/09/07-00:32:07	9	2,095.675	60.05	13	0	0	2	1	0	1	1	0	0	1	33
2013/09/07-00:32:59	9	2,095.675	60.05	10	0	0	2	1	0	1	1	0	0	1	22
2013/09/07-00:33:41	9	2,095.675	60.05	15	0	0	2	2	0	0	1	1	0	0	35
2013/09/08-17:58:00	10	2,121.894	62.841	12	0	1	2	0	0	0	1	0	0	1	22
2013/09/08-17:59:09	10	2,121.894	62.841	14	0	1	2	0	0	0	1	0	0	1	30
2013/09/08-17:59:58	10	2,121.894	62.841	10	0	0	2	0	0	1	1	0	0	1	20
2013/09/08-18:01:16	10	2,121.894	62.841	10	0	0	3	0	0	1	1	0	0	1	29
2013/09/08-18:02:35	10	2,121.894	62.841	15	0	1	2	0	0	0	1	0	0	1	37
2013/09/08-19:01:30	10	2,121.894	62.841	10	0	1	2	0	0	0	1	0	0	1	28
2013/09/08-19:02:17	10	2,121.894	62.841	9	0	0	2	0	0	1	1	0	0	1	19
2013/09/08-19:03:20	10	2,121.894	62.841	8	0	0	3	0	0	1	1	0	0	1	16
2013/09/08-19:07:41	10	2,121.894	62.841	14	0	1	2	1	0	0	1	0	0	1	29
2013/09/08-19:09:00	10	2,121.894	62.841	10	0	0	3	1	0	1	1	1	0	0	16
2013/09/08-20:03:37	11	2,096.86	57.248	14	0	0	2	2	0	1	1	0	0	1	33
2013/09/08-20:04:28	11	2,096.86	57.248	13	0	1	2	0	0	0	1	0	0	1	29
2013/09/08-20:05:38	11	2,096.86	57.248	6	0	0	2	0	0	0	1	1	0	0	19
2013/09/08-20:06:16	11	2,096.86	57.248	16	0	0	2	2	0	0	1	1	0	0	36
2013/09/08-20:07:10	11	2,096.86	57.248	22	0	0	4	0	0	1	1	0	0	1	42
2013/09/10-00:22:39	10	2,111.685	61.645	12	0	0	3	1	0	0	1	1	0	0	36
2013/09/10-00:23:35	10	2,111.685	61.645	10	0	0	1	0	0	1	1	0	0	1	21
2013/09/10-00:24:54	10	2,111.685	61.645	10	0	0	2	0	0	1	1	0	0	1	22
2013/09/10-00:26:12	10	2,111.685	61.645	22	0	0	3	1	0	1	1	0	0	1	34
2013/09/10-00:27:05	10	2,111.685	61.645	10	0	1	2	0	0	0	1	0	0	1	34
2013/09/10-00:56:22	11	2,110.662	58.561	22	0	0	4	2	0	1	1	0	0	1	44
2013/09/10-00:57:25	11	2,110.662	58.561	27	0	0	2	2	0	1	1	0	0	1	47
2013/09/10-00:58:30	11	2,110.662	58.561	22	0	0	2	1	0	0	1	1	0	0	42
2013/09/10-00:59:31	11	2,110.662	58.561	17	0	0	2	2	0	0	1	1	0	0	41
2013/09/10-01:00:31	11	2,110.662	58.561	16	0	0	2	1	0	0	1	1	0	0	33
2013/09/10-01:19:21	11	2,110.662	58.561	14	0	0	2	0	0	1	1	0	0	1	23
2013/09/10-01:20:25	11	2,110.662	58.561	12	0	0	2	0	0	0	1	1	0	0	26
2013/09/10-01:21:10	11	2,110.662	58.561	7	0	1	1	0	0	0	1	0	0	1	15
2013/09/10-01:22:29	10	2,124.803	54.492	13	0	0	3	0	0	1	1	0	0	1	28
2013/09/10-01:23:48	10	2,124.803	54.492	26	0	0	3	0	0	0	1	1	0	0	60
2013/09/11-01:00:37	8	2,130.325	60.727	12	0	0	2	0	0	1	1	0	0	1	27
2013/09/11-01:01:23	8	2,130.325	60.727	13	0	0	4	1	0	0	1	1	0	0	29
2013/09/11-01:02:11	8	2,130.325	60.727	11	0	1	2	1	0	0	1	0	0	1	37
2013/09/11-01:03:07	8	2,130.325	60.727	10	0	0	1	0	0	1	1	0	0	1	20
2013/09/11-01:04:06	8	2,130.325	60.727	13	0	0	1	1	0	1	1	0	0	1	25
2013/09/11-01:28:00	8	2,134.326	57.722	9	0	0	2	0	0	1	1	0	0	1	21
2013/09/11-01:28:48	8	2,134.326	57.722	10	0	1	2	0	0	0	1	0	0	1	17
2013/09/11-01:29:31	8	2,134.326	57.722	17	0	0	1	0	0	1	1	0	0	1	46
2013/09/11-01:30:50	8	2,134.326	57.722	18	0	1	3	0	0	0	1	0	0	1	29
2013/09/11-01:31:38	8	2,134.326	57.722	12	0	0	2	0	0	1	1	0	0	1	27
2013/09/11-01:43:38	8	2,134.326	57.722	16	0	0	4	1	0	1	1	0	0	1	32
2013/09/11-01:44:28	8	2,134.326	57.722	13	0	0	2	1	0	1	1	0	0	1	31
2013/09/11-01:45:47	8	2,134.326	57.722	6	0	1	1	0	0	0	1	0	0	1	14
2013/09/11-01:47:06	8	2,134.326	57.722	8	0	1	2	0	0	0	1	0	0	1	21
2013/09/11-01:48:25	8	2,134.326	57.722	11	0	0	3	0	0	0	1	1	0	0	22
2013/09/11-17:13:59	6	2,125.122	61.175	21	0	0	2	0	0	1	1	0	0	1	58
2013/09/11-17:15:16	6	2,125.122	61.175	17	0	0	3	0	0	1	1	0	0	1	28
2013/09/11-17:16:35	6	2,125.122	61.175	23	0	0	5	0	0	0	1	0	0	1	60
2013/09/11-17:17:54	6	2,125.122	61.175	18	0	1	2	1	0	0	1	0	0	1	32
2013/09/11-17:18:47	6	2,125.122	61.175	13	0	1	2	0	0	0	1	0	0	1	47
2013/09/11-17:25:23	6	2,125.122	61.175	9	0	0	2	0	0	1	1	0	0	1	21
2013/09/11-17:26:41	6	2,125.122	61.175	10	0	0	4	1	0	1	1	0	0	1	25
2013/09/11-17:27:25	6	2,125.122	61.175	16	0	0	2	1	0	1	1	0	0	1	32
2013/09/11-17:28:16	6	2,125.122	61.175	20	0	0	3	1	0	1	1	0	0	1	40
2013/09/11-17:29:15	6	2,125.122	61.175	17	0	0	2	1	0	1	1	0	0	1	28
2013/09/11-17:47:42	7	2,115.364	55.892	17	0	0	2	1	0	1	1	1	0	0	33
2013/09/11-17:48:34	7	2,115.364	55.892	9	0	0	3	0	0	1	1	0	0	1	18
2013/09/11-17:49:11	7	2,115.364	55.892	10	0	1	2	0	0	0	1	0	0	1	22
2013/09/11-17:50:05	7	2,115.364	55.892	21	0	0	2	0	0	0	1	1	0	0	42
2013/09/11-17:51:06	7	2,115.364	55.892	9	0	0	2	0	0	0	1	1	0	0	21
2013/09/12-12:06:21	7	2,121.735	60.574	21	0	1	2	0	0	0	1	0	0	1	50
2013/09/12-12:07:30	7	2,121.735	60.574	20	0	0	2	1	0	0	1	1	0	0	35
2013/09/12-12:08:23	7	2,121.735	60.574	9	0	0	1	0	0	1	1	0	0	1	15
2013/09/12-12:09:38	7	2,122.327	58.661	11	0	0	2	0	0	0	1	1	0	0	26
2013/09/12-12:10:22	7	2,122.327	58.661	11	0	0	3	0	0	1	1	0	0	1	25
2013/09/12-12:23:06	7	2,122.327	58.661	13	0	0	2	0	0	1	1	0	0	1	31
2013/09/12-12:23:56	7	2,122.327	58.661	9	0	0	2	0	0	1	1	0	0	1	28
2013/09/12-12:24:49	7	2,122.327	58.661	6	0	1	0	0	0	0	1	0	0	1	12
2013/09/12-12:26:08	7	2,122.327	58.661	24	0	0	2	0	0	0	1	0	0	1	60
2013/09/12-12:27:27	7	2,122.327	58.661	17	0	0	2	0	0	1	1	0	0	1	31
2013/09/12-12:47:04	7	2,122.327	58.661	14	0	0	3	0	0	1	1	0	0	1	31
2013/09/12-12:48:23	7	2,122.327	58.661	8	0	0	3	0	0	1	1	0	0	1	16
2013/09/12-12:48:58	7	2,122.327	58.661	12	0	0	2	1	0	0	1	1	0	0	28
2013/09/12-12:49:44	7	2,122.327	58.661	9	0	1	2	0	0	0	1	0	0	1	18
2013/09/12-12:51:03	7	2,115.442	53.684	8	0	0	0	0	0	1	1	0	0	1	16
2013/09/14-04:16:42	4	2,109.581	74.652	11	0	0	3	0	0	1	1	0	0	1	27
2013/09/14-04:17:54	4	2,109.581	74.652	15	0	0	3	0	0	1	1	0	0	1	26
2013/09/14-04:19:10	4	2,109.581	74.652	22	0	0	3	0	0	1	1	0	0	1	41
2013/09/14-04:20:28	4	2,109.581	74.652	17	0	0	2	1	0	1	1	0	0	1	28
2013/09/14-04:21:30	4	2,109.581	74.652	17	0	0	4	0	0	0	1	1	0	0	46
2013/09/14-04:39:40	7	2,025.615	71.841	12	0	1	2	0	0	0	1	0	0	1	27
2013/09/14-04:40:26	7	2,025.615	71.841	17	0	0	2	1	0	0	1	1	0	0	37
2013/09/14-04:41:22	7	2,025.615	71.841	9	0	0	1	0	0	0	1	1	0	0	16
2013/09/14-04:41:57	7	2,025.615	71.841	24	0	0	3	0	0	0	1	1	0	0	46
2013/09/14-04:43:02	7	2,025.615	71.841	7	0	0	2	0	0	1	1	0	0	1	18
2013/09/14-05:00:40	7	2,025.615	71.841	16	0	1	2	1	0	0	1	0	0	1	24
2013/09/14-05:01:37	7	2,025.615	71.841	15	0	0	3	1	0	0	1	1	0	0	33
2013/09/14-05:02:29	7	2,025.615	71.841	6	0	0	0	0	0	1	1	0	0	1	13
2013/09/14-05:03:29	7	2,025.615	71.841	13	0	0	4	2	0	0	1	1	0	0	35
2013/09/14-05:04:22	7	2,025.615	71.841	7	0	0	3	0	0	0	1	1	0	0	31
2013/09/14-10:28:41	5	2,029.235	71.112	11	0	0	2	0	0	0	1	1	0	0	27
2013/09/14-10:29:27	5	2,029.235	71.112	14	0	0	3	1	0	0	1	1	0	0	37
2013/09/14-10:30:23	5	2,029.235	71.112	7	0	0	1	1	0	1	1	0	0	1	14
2013/09/14-10:30:55	5	2,029.235	71.112	16	0	0	4	1	0	0	1	1	0	0	37
2013/09/14-10:31:51	5	2,029.235	71.112	5	0	0	3	0	0	0	1	1	0	0	24
2013/09/14-10:46:23	5	2,029.235	71.112	13	0	0	3	0	0	1	1	0	0	1	31
2013/09/14-10:47:14	5	2,029.235	71.112	13	0	0	3	0	0	1	1	0	0	1	25
2013/09/14-10:47:58	5	2,036.873	68.417	14	0	1	2	0	0	0	1	0	0	1	27
2013/09/14-10:49:17	5	2,036.873	68.417	19	0	1	2	1	0	0	1	0	0	1	38
2013/09/14-10:50:14	5	2,036.873	68.417	4	0	0	0	0	0	1	1	0	0	1	9
2013/09/14-11:07:10	5	2,036.873	68.417	20	0	0	2	1	0	0	1	1	0	0	41
2013/09/14-11:08:09	5	2,036.873	68.417	22	0	0	2	1	0	0	1	1	0	0	56
2013/09/14-11:09:24	5	2,036.873	68.417	17	0	0	3	1	0	0	1	1	0	0	40
2013/09/14-11:10:26	5	2,036.873	68.417	10	0	0	2	1	0	1	1	0	0	1	20
2013/09/14-11:11:05	5	2,036.873	68.417	10	0	0	2	0	0	1	1	0	0	1	22
2013/09/14-14:34:23	3	2,025.447	68.52	12	0	0	6	0	0	0	1	1	0	0	47
2013/09/14-14:35:29	3	2,025.447	68.52	8	0	0	2	0	0	1	1	0	0	1	20
2013/09/14-14:36:08	3	2,025.447	68.52	19	0	0	3	0	0	0	1	1	0	0	44
2013/09/14-14:37:11	3	2,025.447	68.52	17	0	0	4	2	0	0	1	1	0	0	37
2013/09/14-14:38:07	3	2,025.447	68.52	11	0	0	3	1	0	0	1	1	0	0	46
2013/09/14-14:55:40	3	2,025.447	68.52	15	0	0	3	0	0	1	1	0	0	1	34
2013/09/14-14:56:42	3	2,025.447	68.52	6	0	1	2	0	0	0	1	0	0	1	15
2013/09/14-14:57:37	3	2,025.447	68.52	14	0	0	2	1	0	1	1	0	0	1	28
2013/09/14-14:58:56	3	2,025.447	68.52	10	0	0	4	0	0	1	1	0	0	1	27
2013/09/14-15:00:01	3	2,025.447	68.52	23	0	0	3	1	0	0	1	1	0	0	49
2013/09/14-15:16:04	9	1,968.695	64.507	11	0	0	1	1	0	0	1	1	0	0	24
2013/09/14-15:16:47	9	1,968.695	64.507	11	0	0	2	0	0	1	1	0	0	1	32
2013/09/14-15:17:38	9	1,968.695	64.507	14	0	1	4	1	0	0	1	0	0	1	35
2013/09/14-15:18:32	9	1,968.695	64.507	2	0	0	0	0	0	1	1	0	0	1	3
2013/09/14-15:19:22	9	1,968.695	64.507	9	0	0	2	1	0	0	1	1	0	0	28
2013/09/14-18:11:02	9	1,960.454	65.739	7	0	1	3	0	0	0	1	0	0	1	21
2013/09/14-18:11:42	9	1,960.454	65.739	31	0	0	2	0	0	0	1	0	0	1	60
2013/09/14-18:13:00	9	1,960.454	65.739	7	0	0	2	0	0	1	1	0	0	1	24
2013/09/14-18:14:03	9	1,960.454	65.739	14	0	0	2	0	0	1	1	0	0	1	27
2013/09/14-18:15:22	9	1,960.454	65.739	20	0	1	2	1	0	0	1	0	0	1	50
2013/09/14-18:34:51	9	1,939.236	63.657	16	0	0	2	0	0	1	1	0	0	1	37
2013/09/14-18:35:47	9	1,939.236	63.657	5	0	0	2	0	0	1	1	0	0	1	12
2013/09/14-18:36:43	9	1,939.236	63.657	14	0	0	2	1	0	0	1	1	0	0	21
2013/09/14-18:37:23	9	1,939.236	63.657	24	0	0	2	2	0	0	1	1	0	0	41
2013/09/14-18:38:22	9	1,939.236	63.657	12	0	0	2	0	0	1	1	0	0	1	23
2013/09/14-18:57:04	9	1,939.236	63.657	12	0	0	2	0	0	1	1	0	0	1	24
2013/09/14-18:58:06	9	1,939.236	63.657	14	0	0	4	1	0	0	1	1	0	0	31
2013/09/14-18:58:56	9	1,939.236	63.657	18	0	0	6	2	0	1	1	0	0	1	44
2013/09/14-18:59:58	9	1,939.236	63.657	3	0	1	0	0	0	0	1	0	0	1	7
2013/09/14-19:00:58	9	1,939.236	63.657	10	0	0	3	1	0	0	1	1	0	0	21
2013/09/14-23:24:04	14	1,890.931	65.312	13	0	0	4	2	0	0	1	1	0	0	43
2013/09/14-23:25:05	14	1,890.931	65.312	11	0	1	1	1	0	0	1	0	0	1	24
2013/09/14-23:25:53	14	1,890.931	65.312	12	0	1	2	0	0	0	1	0	0	1	40
2013/09/14-23:27:03	13	1,885.37	64.266	10	0	0	2	0	0	1	1	0	0	1	19
2013/09/14-23:28:06	13	1,885.37	64.266	9	0	0	1	0	0	1	1	0	0	1	21
2013/09/14-23:49:30	13	1,885.37	64.266	11	0	0	3	0	0	0	1	1	0	0	28
2013/09/14-23:50:16	13	1,885.37	64.266	6	0	0	3	0	0	1	1	0	0	1	13
2013/09/14-23:51:13	13	1,885.37	64.266	6	0	0	1	0	0	1	1	0	0	1	9
2013/09/14-23:52:32	13	1,885.37	64.266	19	0	0	4	0	0	1	1	0	0	1	43
2013/09/14-23:53:34	13	1,885.37	64.266	7	0	0	2	0	0	1	1	0	0	1	14
2013/09/15-00:09:02	19	1,852.324	60.2	6	0	0	3	0	0	1	1	0	0	1	18
2013/09/15-00:10:10	19	1,852.324	60.2	18	0	0	4	2	0	1	1	0	0	1	40
2013/09/15-00:11:09	19	1,852.324	60.2	11	0	1	2	0	0	0	1	0	0	1	24
2013/09/15-00:12:28	19	1,852.324	60.2	9	0	1	2	0	0	0	1	0	0	1	21
2013/09/15-00:13:20	19	1,852.324	60.2	15	0	0	2	1	0	1	1	0	0	1	28
2013/09/15-18:27:28	21	1,829.332	71.069	14	0	0	4	0	0	1	1	0	0	1	25
2013/09/15-18:28:14	21	1,822.417	70.102	19	0	1	2	0	0	0	1	0	0	1	42
2013/09/15-18:29:30	21	1,822.417	70.102	22	0	0	2	1	0	0	1	1	0	0	60
2013/09/15-18:30:49	21	1,822.417	70.102	8	0	0	2	0	0	1	1	0	0	1	18
2013/09/15-18:31:41	21	1,822.417	70.102	22	0	0	4	0	0	1	1	0	0	1	46
2013/09/15-18:48:57	21	1,822.417	70.102	6	0	0	1	0	0	1	1	0	0	1	12
2013/09/15-18:49:55	21	1,822.417	70.102	10	0	1	0	0	0	0	1	0	0	1	16
2013/09/15-18:51:14	21	1,822.417	70.102	24	0	0	2	3	0	0	1	1	0	0	52
2013/09/15-18:52:25	21	1,822.417	70.102	19	0	0	2	0	0	0	1	1	0	0	60
2013/09/15-18:53:43	21	1,822.417	70.102	34	0	0	3	0	0	0	1	1	0	0	60
2013/09/15-19:12:13	20	1,814.366	63.439	20	0	0	2	1	0	1	1	0	0	1	46
2013/09/15-19:13:31	20	1,814.366	63.439	8	0	1	3	0	0	0	1	0	0	1	18
2013/09/15-19:14:50	20	1,814.366	63.439	31	0	0	3	1	0	0	1	1	0	0	60
2013/09/15-19:16:09	20	1,814.366	63.439	9	0	1	2	0	0	0	1	0	0	1	19
2013/09/15-19:17:25	20	1,814.366	63.439	36	0	0	3	1	0	0	1	1	0	0	60
2013/09/15-22:41:03	20	1,806.636	64.28	5	0	0	2	0	0	0	1	1	0	0	13
2013/09/15-22:41:34	20	1,806.636	64.28	7	0	0	2	0	0	0	1	1	0	0	19
2013/09/15-22:42:12	20	1,806.636	64.28	10	0	1	2	1	0	0	1	0	0	1	19
2013/09/15-22:42:50	20	1,806.636	64.28	9	0	0	2	1	0	0	1	1	0	0	16
2013/09/15-22:43:25	20	1,806.636	64.28	8	0	0	2	1	0	0	1	1	0	0	19
2013/09/15-22:54:09	20	1,796.402	62.976	13	0	1	2	1	0	0	1	0	0	1	39
2013/09/15-22:55:07	20	1,796.402	62.976	11	0	0	2	0	0	1	1	0	0	1	21
2013/09/15-22:56:05	20	1,796.402	62.976	21	0	1	2	1	0	0	1	0	0	1	35
2013/09/15-22:56:59	20	1,796.402	62.976	33	0	0	4	0	0	1	1	0	0	1	51
2013/09/15-22:58:17	20	1,796.402	62.976	7	0	1	2	0	0	0	1	0	0	1	20
2013/09/15-23:05:16	20	1,796.402	62.976	9	0	0	2	0	0	1	1	0	0	1	30
2013/09/15-23:06:05	20	1,796.402	62.976	5	0	0	2	0	0	1	1	0	0	1	12
2013/09/15-23:06:39	20	1,796.402	62.976	11	0	0	2	0	0	1	1	0	0	1	25
2013/09/15-23:07:51	20	1,796.402	62.976	11	0	1	2	0	0	0	1	0	0	1	22
2013/09/15-23:08:39	20	1,796.402	62.976	21	0	0	5	1	0	0	1	1	0	0	38
2013/09/16-00:31:20	26	1,756.737	60.168	23	0	0	4	2	0	0	1	1	0	0	52
2013/09/16-00:32:31	26	1,756.737	60.168	8	0	0	1	1	0	1	1	0	0	1	12
2013/09/16-00:33:14	26	1,756.737	60.168	8	0	0	2	0	0	1	1	0	0	1	17
2013/09/16-00:34:00	26	1,756.737	60.168	21	0	0	3	2	0	1	1	0	0	1	50
2013/09/16-00:35:09	26	1,756.737	60.168	11	0	1	3	0	0	0	1	0	0	1	28
2013/09/16-01:10:09	27	1,764.076	57.187	28	0	1	3	1	0	0	1	0	0	1	54
2013/09/16-01:11:22	27	1,764.076	57.187	28	0	0	3	1	0	0	1	1	0	0	60
2013/09/16-01:12:40	27	1,764.076	57.187	19	0	0	3	0	0	1	1	0	0	1	44
2013/09/16-01:13:43	27	1,764.076	57.187	19	0	0	3	1	0	1	1	0	0	1	33
2013/09/16-01:14:48	27	1,764.076	57.187	19	0	1	2	0	0	0	1	0	0	1	50
2013/09/16-01:35:07	27	1,764.076	57.187	7	0	0	3	0	0	1	1	0	0	1	22
2013/09/16-01:36:26	26	1,778.172	54.096	19	0	1	2	1	0	0	1	0	0	1	39
2013/09/16-01:37:45	26	1,778.172	54.096	9	0	1	3	0	0	0	1	0	0	1	22
2013/09/16-01:39:04	26	1,778.172	54.096	12	0	0	1	0	0	0	1	1	0	0	26
2013/09/16-01:39:49	26	1,778.172	54.096	18	0	1	2	0	0	0	1	0	0	1	45
2013/09/17-00:44:15	27	1,773.688	58.362	3	0	1	0	0	0	0	1	0	0	1	9
2013/09/17-00:44:44	27	1,770.679	57.965	9	0	0	0	1	0	0	1	1	0	0	6
2013/09/17-00:45:09	27	1,770.679	57.965	7	0	0	3	0	0	0	1	1	0	0	18
2013/09/17-00:45:46	27	1,770.679	57.965	4	0	1	0	0	0	0	1	0	0	1	8
2013/09/17-00:46:47	27	1,770.679	57.965	1	0	0	0	1	0	0	1	1	0	0	10
2013/09/17-07:17:41	27	1,770.679	57.965	1	0	1	0	0	0	0	1	0	0	1	6
2013/09/17-07:18:37	27	1,770.679	57.965	6	0	1	0	1	0	0	1	0	0	1	18
2013/09/17-07:19:14	27	1,770.679	57.965	9	0	0	2	0	0	1	1	0	0	1	20
2013/09/17-07:20:33	27	1,770.679	57.965	12	0	1	4	1	0	0	1	0	0	1	32
2013/09/17-07:21:24	27	1,770.679	57.965	7	0	1	0	1	0	0	1	0	0	1	21
2013/09/17-07:30:46	24	1,779.414	53.564	14	0	0	0	2	0	0	1	1	0	0	21
2013/09/17-07:31:26	24	1,779.414	53.564	17	0	0	0	1	0	0	1	1	0	0	60
2013/09/17-07:32:45	24	1,779.414	53.564	31	0	0	2	1	0	0	1	1	0	0	60
2013/09/17-07:34:04	24	1,779.414	53.564	3	0	1	0	0	0	0	1	0	0	1	4
2013/09/17-07:34:27	24	1,779.414	53.564	2	0	0	0	0	0	1	1	0	0	1	18
2013/09/17-22:28:36	23	1,784.363	57.493	27	0	0	5	0	0	0	1	1	0	0	52
2013/09/17-22:29:48	23	1,784.363	57.493	2	0	1	0	1	0	0	1	0	0	1	7
2013/09/17-22:31:06	23	1,784.363	57.493	10	0	0	2	2	0	0	1	1	0	0	20
2013/09/17-22:31:45	23	1,784.363	57.493	3	0	0	0	1	0	0	1	1	0	0	10
2013/09/17-22:32:14	23	1,784.363	57.493	2	0	0	0	0	0	1	1	0	0	1	20
2013/09/17-22:54:17	21	1,804.959	54.85	0	0	1	0	0	0	0	1	0	0	1	4
2013/09/17-22:55:36	21	1,804.959	54.85	3	0	0	5	2	0	1	1	0	0	1	10
2013/09/17-22:56:05	21	1,804.959	54.85	11	0	0	3	1	0	0	1	1	0	0	29
2013/09/17-22:56:52	21	1,804.959	54.85	8	0	0	0	2	0	0	1	1	0	0	31
2013/09/17-22:57:42	21	1,804.959	54.85	13	0	0	3	0	0	1	1	0	0	1	40
2013/09/17-23:17:31	22	1,804.717	52.497	5	0	0	0	1	0	1	1	0	0	1	3
2013/09/17-23:18:02	22	1,804.717	52.497	6	0	0	0	2	0	0	1	1	0	0	13
2013/09/17-23:18:33	22	1,804.717	52.497	7	0	0	0	2	0	0	1	1	0	0	24
2013/09/17-23:19:17	22	1,804.717	52.497	3	0	1	0	0	0	0	1	0	0	1	10
2013/09/17-23:20:23	22	1,804.717	52.497	1	0	0	0	1	0	1	1	0	0	1	14
2013/09/18-11:35:27	21	1,804.811	55.44	17	0	0	5	0	0	1	1	0	0	1	37
2013/09/18-11:36:22	21	1,804.811	55.44	0	0	0	0	0	0	0	1	1	0	0	30
2013/09/18-11:37:11	21	1,804.811	55.44	12	0	0	0	1	0	1	1	0	0	1	15
2013/09/18-11:37:45	21	1,804.811	55.44	10	0	1	0	0	0	0	1	0	0	1	21
2013/09/18-11:38:25	21	1,804.811	55.44	4	0	0	0	1	0	0	1	1	0	0	13
2013/09/18-11:44:45	25	1,788.745	54.852	16	0	1	4	1	0	0	1	0	0	1	39
2013/09/18-11:45:43	25	1,788.745	54.852	17	0	0	4	1	0	1	1	0	0	1	25
2013/09/18-11:46:26	25	1,788.745	54.852	1	0	0	0	1	0	1	1	0	0	1	7
2013/09/18-11:46:53	25	1,788.745	54.852	6	0	0	0	0	0	1	1	0	0	1	4
2013/09/18-11:47:51	25	1,788.745	54.852	11	0	0	0	1	0	0	1	1	0	0	38
2013/09/18-12:03:14	25	1,788.745	54.852	1	0	0	0	0	0	1	1	0	0	1	7
2013/09/18-12:04:34	25	1,788.745	54.852	3	0	0	0	0	0	1	1	0	0	1	9
2013/09/18-12:05:14	25	1,788.745	54.852	7	0	0	0	3	0	0	1	1	0	0	25
2013/09/18-12:05:59	25	1,788.745	54.852	1	0	0	0	0	0	1	1	0	0	1	3
2013/09/18-12:06:45	25	1,788.745	54.852	2	0	0	0	0	0	1	1	0	0	1	4
2013/09/18-13:07:04	26	1,771.607	52.522	6	0	1	0	0	0	0	1	0	0	1	22
2013/09/18-13:08:24	26	1,771.607	52.522	6	0	0	6	1	0	0	1	1	0	0	21
2013/09/18-13:09:04	26	1,771.607	52.522	17	0	0	0	1	0	0	1	1	0	0	56
2013/09/18-13:10:18	26	1,771.607	52.522	6	0	0	0	0	0	0	1	1	0	0	15
2013/09/18-13:10:52	26	1,771.607	52.522	11	0	0	3	1	0	0	1	1	0	0	24
2013/09/18-13:34:21	19	1,799.819	50.513	1	0	1	0	0	0	0	1	0	0	1	3
2013/09/18-13:35:33	19	1,799.819	50.513	34	0	0	3	0	0	0	1	1	0	0	60
2013/09/18-13:36:52	19	1,799.819	50.513	2	0	0	0	0	0	1	1	0	0	1	3
2013/09/18-13:38:11	19	1,799.819	50.513	3	0	0	0	0	0	1	1	0	0	1	9
2013/09/18-13:39:15	19	1,799.819	50.513	2	0	0	0	0	0	0	1	1	0	0	6
2013/09/18-13:54:09	19	1,799.819	50.513	1	0	0	0	0	0	1	1	0	0	1	2
2013/09/18-13:55:45	19	1,799.819	50.513	0	0	1	0	0	0	0	1	0	0	1	9
2013/09/18-13:56:26	19	1,799.819	50.513	5	0	1	0	1	0	0	1	0	0	1	12
2013/09/18-13:56:58	19	1,799.819	50.513	10	0	0	8	1	0	0	1	1	0	0	30
2013/09/18-13:57:47	19	1,799.819	50.513	7	0	0	0	2	0	0	1	1	0	0	24
2013/09/18-18:25:01	23	1,791.199	57.668	11	0	1	2	0	0	0	1	0	0	1	21
2013/09/18-18:25:50	23	1,791.199	57.668	12	0	0	0	0	0	0	1	1	0	0	43
2013/09/18-18:26:52	23	1,791.199	57.668	1	0	1	0	0	0	0	1	0	0	1	10
2013/09/18-18:27:21	23	1,791.199	57.668	13	0	0	0	3	0	0	1	1	0	0	20
2013/09/18-18:28:00	23	1,791.199	57.668	1	0	0	0	0	0	1	1	0	0	1	3
2013/09/18-18:41:44	23	1,791.199	57.668	16	0	0	2	1	0	1	1	0	0	1	33
2013/09/18-18:42:35	20	1,796.245	54.562	28	0	0	5	1	0	0	1	1	0	0	60
2013/09/18-18:43:54	20	1,796.245	54.562	9	0	0	0	2	0	1	1	0	0	1	32
2013/09/18-18:44:45	20	1,796.245	54.562	12	0	0	0	2	0	0	1	1	0	0	37
2013/09/18-18:45:41	20	1,796.245	54.562	2	0	1	0	0	0	0	1	0	0	1	8
2013/09/18-18:59:26	20	1,796.245	54.562	0	0	1	0	0	0	0	1	0	0	1	34
2013/09/18-19:00:20	20	1,796.245	54.562	7	0	0	0	2	0	0	1	1	0	0	27
2013/09/18-19:01:07	20	1,796.245	54.562	1	0	0	0	0	0	1	1	0	0	1	2
2013/09/18-19:01:39	20	1,796.245	54.562	3	0	0	1	0	0	1	1	0	0	1	8
2013/09/18-19:02:25	20	1,796.245	54.562	13	0	1	4	0	0	0	1	0	0	1	26
2013/09/19-10:39:53	21	1,800.739	62.771	0	0	1	0	0	0	0	1	0	0	1	9
2013/09/19-10:40:52	21	1,800.739	62.771	6	0	0	0	1	0	0	1	1	0	0	19
2013/09/19-10:41:29	21	1,800.739	62.771	9	0	0	0	2	0	0	1	1	0	0	13
2013/09/19-10:42:01	21	1,800.739	62.771	14	0	0	2	1	0	1	1	1	0	0	22
2013/09/19-10:42:42	21	1,800.739	62.771	9	0	0	5	1	0	0	1	1	0	0	22
2013/09/19-11:05:14	20	1,802.428	60.876	3	0	0	0	1	0	1	1	0	0	1	22
2013/09/19-11:05:55	20	1,802.428	60.876	1	0	0	0	0	0	1	1	0	0	1	3
2013/09/19-11:06:39	20	1,802.428	60.876	19	0	0	3	2	0	0	1	1	0	0	35
2013/09/19-11:07:34	20	1,802.428	60.876	1	0	0	0	0	0	1	1	0	0	1	3
2013/09/19-11:08:17	20	1,802.428	60.876	2	0	0	0	1	0	0	1	1	0	0	7
2013/09/19-11:19:45	20	1,802.428	60.876	10	0	1	0	1	0	0	1	0	0	1	38
2013/09/19-11:20:43	20	1,802.428	60.876	1	0	1	0	0	0	0	1	0	0	1	13
2013/09/19-11:21:15	20	1,802.428	60.876	8	0	0	2	0	0	0	1	1	0	0	29
2013/09/19-11:22:03	20	1,802.428	60.876	2	0	0	0	0	0	1	1	0	0	1	3
2013/09/19-11:22:45	20	1,802.428	60.876	8	0	0	3	0	0	1	1	0	0	1	36
2013/09/19-16:13:38	20	1,794.957	63.022	1	0	0	0	0	0	1	1	0	0	1	3
2013/09/19-16:14:03	20	1,794.957	63.022	11	0	1	8	0	0	0	1	0	0	1	42
2013/09/19-16:15:04	20	1,794.957	63.022	7	0	0	2	0	0	1	1	0	0	1	13
2013/09/19-16:15:42	20	1,794.957	63.022	9	0	0	0	2	0	1	1	1	0	0	16
2013/09/19-16:16:17	20	1,794.957	63.022	1	0	0	0	1	0	0	1	1	0	0	9
2013/09/19-16:32:16	22	1,783.584	60.801	1	0	0	0	0	0	1	1	0	0	1	7
2013/09/19-16:33:35	22	1,783.584	60.801	16	0	0	0	1	0	1	1	0	0	1	26
2013/09/19-16:34:54	22	1,783.584	60.801	8	0	0	0	1	0	0	1	1	0	0	35
2013/09/19-16:35:48	22	1,783.584	60.801	11	0	0	2	0	0	1	1	0	0	1	24
2013/09/19-16:36:31	22	1,783.584	60.801	6	0	0	0	0	0	1	1	0	0	1	13
2013/09/19-16:49:21	22	1,783.584	60.801	10	0	0	0	2	0	0	1	1	0	0	39
2013/09/19-16:50:19	22	1,783.584	60.801	2	0	0	0	0	0	1	1	0	0	1	8
2013/09/19-16:51:24	22	1,783.584	60.801	4	0	0	0	0	0	1	1	0	0	1	17
2013/09/19-16:52:12	22	1,783.584	60.801	3	0	0	0	1	0	1	1	0	0	1	2
2013/09/19-16:53:26	22	1,783.584	60.801	3	0	0	0	0	0	1	1	0	0	1	7
2013/09/19-20:24:50	24	1,768.963	62.503	9	0	0	0	0	0	0	1	1	0	0	16
2013/09/19-20:25:26	24	1,768.963	62.503	9	0	0	4	1	0	0	1	1	0	0	28
2013/09/19-20:26:12	24	1,768.963	62.503	8	0	1	0	1	0	0	1	0	0	1	28
2013/09/19-20:26:59	24	1,768.963	62.503	1	0	0	0	2	0	0	1	1	0	0	6
2013/09/19-20:27:24	24	1,768.963	62.503	20	0	0	2	1	0	0	1	1	0	0	42
2013/09/19-20:48:00	21	1,794.842	60.527	3	0	0	0	0	0	1	1	0	0	1	10
2013/09/19-20:48:29	21	1,794.842	60.527	15	0	0	0	1	0	0	1	1	0	0	28
2013/09/19-20:49:17	21	1,794.842	60.527	9	0	0	0	1	0	0	1	1	0	0	20
2013/09/19-20:49:56	21	1,794.842	60.527	2	0	0	0	0	0	1	1	0	0	1	8
2013/09/19-20:50:23	21	1,794.842	60.527	10	0	0	3	1	0	0	1	1	0	0	22
2013/09/19-21:08:03	15	1,817.997	57.537	5	0	0	0	2	0	0	1	1	0	0	24
2013/09/19-21:08:47	15	1,817.997	57.537	5	0	1	0	0	0	0	1	0	0	1	24
2013/09/19-21:09:33	15	1,817.997	57.537	2	0	1	0	0	0	0	1	0	0	1	8
2013/09/19-21:10:30	15	1,817.997	57.537	3	0	0	1	0	0	1	1	0	0	1	10
2013/09/19-21:11:07	15	1,817.997	57.537	1	0	0	0	0	0	1	1	0	0	1	3
2013/09/20-02:08:19	13	1,818.728	61.93	7	0	0	0	0	0	1	1	0	0	1	4
2013/09/20-02:09:24	13	1,818.728	61.93	3	0	0	0	2	0	0	1	1	0	0	10
2013/09/20-02:09:53	13	1,818.728	61.93	4	0	1	5	0	0	0	1	0	0	1	16
2013/09/20-02:10:28	13	1,818.728	61.93	0	0	1	0	0	0	0	1	0	0	1	7
2013/09/20-02:11:47	13	1,818.728	61.93	11	0	0	3	2	0	0	1	1	0	0	19
2013/09/20-02:21:41	13	1,818.728	61.93	6	0	0	0	0	0	1	1	0	0	1	3
2013/09/20-02:22:09	13	1,818.728	61.93	3	0	0	0	0	0	1	1	0	0	1	9
2013/09/20-02:22:56	13	1,818.728	61.93	4	0	1	0	0	0	0	1	0	0	1	17
2013/09/20-02:23:33	17	1,799.567	58.352	4	0	0	5	0	0	1	1	0	0	1	15
2013/09/20-02:24:07	17	1,799.567	58.352	8	0	0	2	1	0	1	1	0	0	1	32
2013/09/20-02:36:43	17	1,799.567	58.352	8	0	1	2	1	0	0	1	0	0	1	25
2013/09/20-02:38:02	17	1,799.567	58.352	1	0	0	0	0	0	1	1	0	0	1	5
2013/09/20-02:38:36	17	1,799.567	58.352	1	0	1	0	0	0	0	1	0	0	1	24
2013/09/20-02:39:27	17	1,799.567	58.352	6	0	1	2	0	0	0	1	0	0	1	25
2013/09/20-02:40:17	17	1,799.567	58.352	3	0	1	0	0	0	0	1	0	0	1	9
2013/09/20-05:58:44	19	1,782.431	62.032	10	0	0	2	1	0	1	1	0	0	1	23
2013/09/20-05:59:53	19	1,782.431	62.032	7	0	0	11	2	0	0	1	1	0	0	26
2013/09/20-06:00:38	19	1,782.431	62.032	21	0	0	0	1	0	0	1	1	0	0	36
2013/09/20-06:01:33	19	1,782.431	62.032	1	0	0	0	0	0	1	1	0	0	1	3
2013/09/20-06:02:08	19	1,782.431	62.032	0	0	0	0	0	0	0	1	1	0	0	4
2013/09/20-06:19:51	21	1,772.482	59.927	1	0	0	0	0	0	1	1	0	0	1	3
2013/09/20-06:20:47	21	1,772.482	59.927	3	0	1	0	0	0	0	1	0	0	1	8
2013/09/20-06:21:56	21	1,772.482	59.927	25	0	0	0	1	0	0	1	1	0	0	60
2013/09/20-06:23:15	21	1,772.482	59.927	7	0	1	0	0	0	0	1	0	0	1	14
2013/09/20-06:23:48	21	1,772.482	59.927	7	0	1	0	1	0	0	1	0	0	1	26
2013/09/20-06:38:02	21	1,772.482	59.927	3	0	1	0	0	0	0	1	0	0	1	11
2013/09/20-06:38:57	21	1,772.482	59.927	1	0	0	0	1	0	1	1	0	0	1	3
2013/09/20-06:39:25	21	1,772.482	59.927	6	0	0	3	1	0	1	1	0	0	1	50
2013/09/20-06:40:52	21	1,772.482	59.927	5	0	1	2	0	0	0	1	0	0	1	19
2013/09/20-06:41:35	21	1,772.482	59.927	6	0	0	0	0	0	0	1	1	0	0	26
2013/09/20-10:59:25	19	1,782.337	63.968	6	0	0	0	1	0	1	1	0	0	1	5
2013/09/20-10:59:52	19	1,782.337	63.968	0	0	1	0	0	0	0	1	0	0	1	6
2013/09/20-11:00:16	19	1,782.337	63.968	22	0	0	0	1	0	0	1	1	0	0	49
2013/09/20-11:01:24	19	1,782.337	63.968	20	0	0	4	2	0	0	1	1	0	0	45
2013/09/20-11:02:27	19	1,782.337	63.968	13	0	0	4	1	0	0	1	1	0	0	28
2013/09/20-11:24:58	19	1,783.309	61.895	3	0	0	0	1	0	1	1	0	0	1	21
2013/09/20-11:26:17	19	1,783.309	61.895	11	0	0	1	0	0	1	1	0	0	1	25
2013/09/20-11:27:36	19	1,783.309	61.895	10	0	0	2	1	0	1	1	0	0	1	22
2013/09/20-11:28:36	19	1,783.309	61.895	17	0	0	0	2	0	0	1	1	0	0	60
2013/09/20-11:29:55	19	1,783.309	61.895	19	0	1	7	1	0	0	1	0	0	1	41
2013/09/20-11:41:02	19	1,783.309	61.895	2	0	0	0	1	0	1	1	0	0	1	17
2013/09/20-11:41:38	19	1,783.309	61.895	5	0	0	4	1	0	1	1	0	0	1	25
2013/09/20-11:42:22	19	1,783.309	61.895	6	0	1	0	0	0	0	1	0	0	1	24
2013/09/20-11:43:06	19	1,783.309	61.895	3	0	1	2	0	0	0	1	0	0	1	16
2013/09/20-11:43:56	19	1,783.309	61.895	4	0	0	0	0	0	1	1	0	0	1	4
2013/09/20-17:06:41	19	1,773.102	63.415	1	0	1	0	0	0	0	1	0	0	1	3
2013/09/20-17:07:04	19	1,773.102	63.415	14	0	0	9	1	0	1	1	0	0	1	31
2013/09/20-17:07:54	19	1,773.102	63.415	16	0	0	0	2	0	0	1	1	0	0	26
2013/09/20-17:08:39	19	1,773.102	63.415	11	0	1	2	0	0	0	1	0	0	1	30
2013/09/20-17:09:33	21	1,769.601	61.325	2	0	1	0	0	0	0	1	0	0	1	11
2013/09/20-17:28:00	21	1,769.601	61.325	3	0	1	0	1	0	0	1	0	0	1	13
2013/09/20-17:28:32	21	1,769.601	61.325	4	0	0	0	0	0	1	1	0	0	1	22
2013/09/20-17:29:14	21	1,769.601	61.325	19	0	0	0	0	0	0	1	1	0	0	39
2013/09/20-17:30:12	21	1,769.601	61.325	12	0	1	0	0	0	0	1	0	0	1	34
2013/09/20-17:31:31	21	1,769.601	61.325	1	0	1	0	0	0	0	1	0	0	1	7
2013/09/20-17:49:37	20	1,771.106	57.744	2	0	0	0	0	0	0	1	1	0	0	7
2013/09/20-17:50:04	20	1,771.106	57.744	4	0	0	1	0	0	1	1	0	0	1	15
2013/09/20-17:51:23	20	1,771.106	57.744	2	0	1	0	0	0	0	1	0	0	1	5
2013/09/20-17:52:19	20	1,771.106	57.744	3	0	0	0	0	0	1	1	0	0	1	8
2013/09/20-17:52:56	20	1,771.106	57.744	6	0	0	5	1	0	0	1	1	0	0	17
2013/09/20-21:00:31	18	1,772.949	61.876	2	0	1	0	0	0	0	1	0	0	1	3
2013/09/20-21:00:53	18	1,772.949	61.876	2	0	1	0	0	0	0	1	0	0	1	7
2013/09/20-21:01:18	18	1,772.949	61.876	3	0	0	1	0	0	0	1	1	0	0	9
2013/09/20-21:01:46	18	1,772.949	61.876	0	0	0	0	0	0	0	1	1	0	0	3
2013/09/20-21:02:07	18	1,772.949	61.876	12	0	0	2	0	0	0	1	1	0	0	35
2013/09/20-21:12:57	18	1,772.949	61.876	15	0	0	10	1	0	0	1	1	0	0	39
2013/09/20-21:13:54	18	1,772.949	61.876	1	0	1	0	0	0	0	1	0	0	1	7
2013/09/20-21:15:13	18	1,772.949	61.876	3	0	0	0	0	0	1	1	0	0	1	3
2013/09/20-21:16:24	18	1,772.949	61.876	13	0	0	4	0	0	0	1	1	0	0	29
2013/09/20-21:17:12	18	1,772.949	61.876	17	0	0	4	2	0	0	1	1	0	0	47
2013/09/20-21:31:58	18	1,778.508	57.879	19	0	0	0	2	0	0	1	1	0	0	39
2013/09/20-21:32:56	18	1,778.508	57.879	22	0	0	6	2	0	0	1	1	0	0	39
2013/09/20-21:33:54	18	1,778.508	57.879	18	0	0	4	1	0	1	1	0	0	1	35
2013/09/20-21:35:13	18	1,778.508	57.879	10	0	0	4	1	0	0	1	1	0	0	50
2013/09/20-21:36:22	18	1,778.508	57.879	6	0	1	0	0	0	0	1	0	0	1	29
2013/12/27-09:56:56	13	1,801.094	71.218	5	0	0	0	0	0	0	1	1	0	0	15
2013/12/27-09:57:31	13	1,801.094	71.218	12	0	0	4	0	0	1	1	0	0	1	23
2013/12/27-09:58:13	13	1,801.094	71.218	2	0	0	0	0	0	1	1	0	0	1	20
2013/12/27-09:58:51	9	1,828.66	68.106	2	0	0	3	2	0	0	1	1	0	0	6
2013/12/27-09:59:16	9	1,828.66	68.106	12	0	0	0	0	0	1	1	0	0	1	16
2013/12/27-10:27:52	9	1,828.66	68.106	10	0	1	0	2	0	0	1	0	0	1	15
2013/12/27-10:28:26	9	1,828.66	68.106	13	0	0	2	0	0	1	1	0	0	1	29
2013/12/27-10:29:45	9	1,828.66	68.106	4	0	0	3	0	0	1	1	0	0	1	19
2013/12/27-10:30:23	9	1,828.66	68.106	19	0	0	4	0	0	0	1	1	0	0	45
2013/12/27-10:31:26	9	1,828.66	68.106	12	0	0	0	1	0	1	1	0	0	1	30
2013/12/27-10:47:44	6	1,855.516	62.639	5	0	0	7	1	0	0	1	1	0	0	16
2013/12/27-10:48:19	6	1,855.516	62.639	27	0	0	0	1	0	0	1	1	0	0	28
2013/12/27-10:49:06	6	1,855.516	62.639	2	0	0	0	1	0	1	1	1	0	0	11
2013/12/27-10:49:37	6	1,855.516	62.639	6	0	1	0	0	0	0	1	0	0	1	23
2013/12/27-10:50:24	6	1,855.516	62.639	8	0	1	0	0	0	0	1	1	0	0	15
2013/12/28-05:07:21	2	1,883.414	84.013	10	0	0	0	0	0	1	1	0	0	1	17
2013/12/28-05:08:40	2	1,883.414	84.013	3	0	1	0	0	0	0	1	0	0	1	9
2013/12/28-05:09:14	2	1,883.414	84.013	1	0	1	0	0	0	0	1	0	0	1	15
2013/12/28-05:09:47	2	1,883.414	84.013	13	0	0	3	1	0	1	1	0	0	1	32
2013/12/28-05:10:38	2	1,883.414	84.013	7	0	0	8	1	0	1	1	0	0	1	22
2013/12/28-05:24:09	2	1,883.414	84.013	21	0	0	4	0	0	1	1	0	0	1	35
2013/12/28-05:25:04	2	1,883.414	84.013	3	0	1	0	1	0	0	1	0	0	1	11
2013/12/28-05:25:45	2	1,883.414	84.013	13	0	0	10	1	0	1	1	0	0	1	23
2013/12/28-05:26:28	2	1,883.414	84.013	0	0	0	0	0	0	0	1	1	0	0	12
2013/12/28-05:26:59	2	1,883.414	84.013	6	0	0	0	0	0	1	1	0	0	1	7
2013/12/28-05:42:39	11	1,777.593	77.029	7	0	0	5	0	0	1	1	0	0	1	19
2013/12/28-05:43:18	11	1,777.593	77.029	3	0	1	0	1	0	0	1	0	0	1	7
2013/12/28-05:43:44	11	1,777.593	77.029	11	0	0	0	2	0	0	1	1	0	0	12
2013/12/28-05:44:14	11	1,777.593	77.029	6	0	0	0	0	0	0	1	1	0	0	16
2013/12/28-05:44:49	11	1,777.593	77.029	5	0	0	0	0	0	0	1	1	0	0	28
2013/12/28-07:41:13	7	1,807.139	73.54	8	0	0	0	0	0	1	1	0	0	1	5
2013/12/28-07:41:54	7	1,807.139	73.54	2	0	0	0	1	0	1	1	0	0	1	9
2013/12/28-07:43:13	7	1,807.139	73.54	6	0	0	0	1	0	0	1	1	0	0	20
2013/12/28-07:43:52	7	1,807.139	73.54	8	0	0	1	0	0	1	1	0	0	1	13
2013/12/28-07:44:38	7	1,807.139	73.54	6	0	1	0	0	0	0	1	0	0	1	11
2013/12/28-07:46:06	7	1,807.139	73.54	13	0	0	3	0	0	1	1	0	0	1	28
2013/12/28-07:46:53	7	1,807.139	73.54	9	0	0	2	0	0	1	1	0	0	1	22
2013/12/28-07:48:12	7	1,807.139	73.54	1	0	0	0	0	0	1	1	0	0	1	6
2013/12/28-07:49:31	13	1,759.315	66.46	13	0	1	0	0	0	0	1	0	0	1	19
2013/12/28-07:50:50	13	1,759.315	66.46	6	0	0	0	0	0	1	1	0	0	1	18
2013/12/28-08:04:50	13	1,759.315	66.46	4	0	0	0	0	0	1	1	0	0	1	13
2013/12/28-08:05:35	13	1,759.315	66.46	3	0	1	0	0	0	0	1	0	0	1	9
2013/12/28-08:06:03	13	1,759.315	66.46	8	0	0	6	0	0	0	1	1	0	0	25
2013/12/28-08:06:47	13	1,759.315	66.46	7	0	0	0	1	0	1	1	0	0	1	6
2013/12/28-08:07:12	13	1,759.315	66.46	4	0	1	1	0	0	0	1	0	0	1	11
2013/12/28-14:19:18	16	1,752.729	70.17	13	0	1	2	0	0	0	1	0	0	1	28
2013/12/28-14:20:26	16	1,752.729	70.17	3	0	0	1	0	0	1	1	0	0	1	10
2013/12/28-14:21:45	16	1,752.729	70.17	1	0	0	0	2	0	1	1	0	0	1	8
2013/12/28-14:22:12	16	1,752.729	70.17	3	0	1	0	0	0	0	1	0	0	1	9
2013/12/28-14:22:59	16	1,752.729	70.17	24	0	0	0	1	0	0	1	1	0	0	60
2013/12/28-14:35:13	16	1,752.729	70.17	2	0	0	0	0	0	1	1	0	0	1	7
2013/12/28-14:35:45	16	1,752.729	70.17	5	0	0	0	0	0	1	1	0	0	1	6
2013/12/28-14:36:36	20	1,731.104	64.421	3	0	1	0	0	0	0	1	0	0	1	16
2013/12/28-14:37:55	20	1,731.104	64.421	4	0	0	0	2	0	0	1	1	0	0	14
2013/12/28-14:38:28	20	1,731.104	64.421	1	0	0	0	0	0	1	1	0	0	1	6
2013/12/28-14:47:41	20	1,731.104	64.421	12	0	0	0	0	0	1	1	0	0	1	30
2013/12/28-14:48:30	20	1,731.104	64.421	9	0	0	0	2	0	0	1	1	0	0	36
2013/12/28-14:49:26	20	1,731.104	64.421	1	0	1	0	2	0	0	1	0	0	1	7
2013/12/28-14:49:52	20	1,731.104	64.421	16	0	1	0	0	0	0	1	0	0	1	23
2013/12/28-14:50:43	20	1,731.104	64.421	10	0	0	8	0	0	1	1	0	0	1	50
2013/12/28-15:22:23	20	1,739.599	59.259	25	0	0	5	0	0	0	1	1	0	0	57
2013/12/28-15:23:40	20	1,739.599	59.259	13	0	0	7	1	0	1	1	0	0	1	21
2013/12/28-15:24:20	20	1,739.599	59.259	21	0	0	0	2	0	1	1	1	0	0	23
2013/12/28-15:25:02	20	1,739.599	59.259	2	0	1	0	0	0	0	1	0	0	1	3
2013/12/28-15:25:23	20	1,739.599	59.259	8	0	1	2	0	0	0	1	0	0	1	23
2013/12/28-15:42:00	20	1,739.599	59.259	8	0	0	0	0	0	0	1	1	0	0	39
2013/12/28-15:42:58	20	1,739.599	59.259	1	0	0	0	1	0	0	1	1	0	0	3
2013/12/28-15:43:20	20	1,739.599	59.259	2	0	0	0	0	0	1	1	0	0	1	8
2013/12/28-15:44:19	20	1,739.599	59.259	3	0	0	0	0	0	0	1	1	0	0	9
2013/12/28-15:44:46	20	1,739.599	59.259	13	0	1	0	0	0	0	1	0	0	1	25
2013/12/28-16:00:20	18	1,758.362	54.405	2	0	0	0	3	0	0	1	1	0	0	7
2013/12/28-16:00:46	18	1,758.362	54.405	3	0	0	0	1	0	1	1	0	0	1	21
2013/12/28-16:01:26	18	1,758.362	54.405	16	0	0	2	1	0	0	1	1	0	0	37
2013/12/28-16:02:21	18	1,758.362	54.405	8	0	0	0	3	0	0	1	1	0	0	15
2013/12/28-16:02:55	18	1,758.362	54.405	1	0	1	0	0	0	0	1	0	0	1	6
2013/12/28-19:52:58	12	1,778.823	60.016	10	0	1	0	0	0	0	1	0	0	1	14
2013/12/28-19:53:31	12	1,778.823	60.016	1	0	0	0	0	0	0	1	1	0	0	60
2013/12/28-19:54:50	12	1,778.823	60.016	1	0	1	0	0	0	0	1	0	0	1	3
2013/12/28-19:56:09	12	1,778.823	60.016	7	0	1	0	0	0	0	1	0	0	1	16
2013/12/28-19:56:44	12	1,778.823	60.016	13	0	0	2	1	0	0	1	1	0	0	33
2013/12/28-20:08:17	12	1,778.823	60.016	1	0	1	0	0	0	0	1	0	0	1	15
2013/12/28-20:08:53	9	1,791.558	56.55	18	0	0	5	0	0	0	1	1	0	0	42
2013/12/28-20:09:54	9	1,791.558	56.55	7	0	1	2	0	0	0	1	0	0	1	15
2013/12/28-20:11:02	9	1,791.558	56.55	2	0	1	0	0	0	0	1	0	0	1	3
2013/12/28-20:12:21	9	1,791.558	56.55	19	0	0	0	1	0	1	1	0	0	1	20
2013/12/28-20:28:53	9	1,791.558	56.55	0	0	1	0	0	0	0	1	0	0	1	7
2013/12/28-20:29:46	9	1,791.558	56.55	5	0	1	0	0	0	0	1	0	0	1	14
2013/12/28-20:30:34	9	1,791.558	56.55	5	0	0	0	1	0	0	1	1	0	0	17
2013/12/28-20:31:10	9	1,791.558	56.55	2	0	1	0	0	0	0	1	0	0	1	6
2013/12/28-20:32:29	9	1,791.558	56.55	9	0	0	6	2	0	0	1	1	0	0	24
2013/12/28-22:10:09	10	1,789.562	53.815	24	0	0	7	0	0	0	1	1	0	0	53
2013/12/28-22:11:19	10	1,789.562	53.815	3	0	1	0	0	0	0	1	0	0	1	9
2013/12/28-22:12:00	10	1,789.562	53.815	22	0	0	3	2	0	0	1	1	0	0	48
2013/12/28-22:13:08	10	1,789.562	53.815	6	0	0	0	0	0	1	1	0	0	1	4
2013/12/28-22:13:55	10	1,789.562	53.815	6	0	1	0	0	0	0	1	0	0	1	16
2013/12/28-22:20:30	9	1,790.018	51.718	6	0	0	0	0	0	1	1	0	0	1	19
2013/12/28-22:21:11	9	1,790.018	51.718	6	0	1	4	0	0	0	1	0	0	1	11
2013/12/28-22:21:50	9	1,790.018	51.718	3	0	1	0	0	0	0	1	0	0	1	5
2013/12/28-22:22:17	9	1,790.018	51.718	8	0	0	0	0	0	1	1	0	0	1	15
2013/12/28-22:23:17	9	1,790.018	51.718	6	0	0	0	0	0	1	1	0	0	1	35
2013/12/28-22:33:54	9	1,790.018	51.718	0	0	1	0	0	0	0	1	0	0	1	8
2013/12/28-22:35:03	9	1,790.018	51.718	7	0	0	0	0	0	0	1	1	0	0	24
2013/12/28-22:35:47	9	1,790.018	51.718	27	0	0	0	1	0	1	1	0	0	1	45
2013/12/28-22:36:50	9	1,790.018	51.718	18	0	0	0	1	0	0	1	1	0	0	38
2013/12/28-22:37:47	9	1,790.018	51.718	13	0	0	2	0	0	1	1	0	0	1	21
2013/12/28-22:58:01	12	1,781.79	48.18	1	0	0	0	0	0	0	1	1	0	0	3
2013/12/28-22:58:24	12	1,781.79	48.18	5	0	0	0	0	0	1	1	0	0	1	13
2013/12/28-22:58:56	12	1,781.79	48.18	28	0	0	2	0	0	0	1	1	0	0	60
2013/12/28-23:00:14	12	1,781.79	48.18	2	0	1	0	0	0	0	1	0	0	1	11
2013/12/28-23:01:18	12	1,781.79	48.18	1	0	0	0	0	0	1	1	0	0	1	3
2013/12/29-03:57:24	10	1,782.169	56.311	15	0	1	2	1	0	0	1	0	0	1	41
2013/12/29-03:58:25	10	1,782.169	56.311	5	0	0	0	1	0	0	1	1	0	0	15
2013/12/29-03:58:59	10	1,782.169	56.311	5	0	1	0	0	0	0	1	0	0	1	17
2013/12/29-03:59:52	11	1,787.552	54.811	11	0	0	0	1	0	0	1	1	0	0	14
2013/12/29-04:00:26	11	1,787.552	54.811	10	0	0	3	1	0	0	1	1	0	0	22
2013/12/29-04:26:41	11	1,787.552	54.811	1	0	1	0	0	0	0	1	0	0	1	3
2013/12/29-04:27:21	11	1,787.552	54.811	2	0	0	0	1	0	0	1	1	0	0	6
2013/12/29-04:27:46	11	1,787.552	54.811	7	0	0	2	0	0	1	1	0	0	1	19
2013/12/29-04:28:24	11	1,787.552	54.811	17	0	0	0	1	0	0	1	1	0	0	37
2013/12/29-04:29:20	11	1,787.552	54.811	2	0	1	0	0	0	0	1	0	0	1	5
2013/12/29-04:44:16	7	1,808.726	51.736	17	0	0	0	1	0	0	1	1	0	0	60
2013/12/29-04:45:35	7	1,808.726	51.736	10	0	0	0	1	0	1	1	0	0	1	9
2013/12/29-04:46:13	7	1,808.726	51.736	1	0	0	0	0	0	1	1	0	0	1	3
2013/12/29-04:47:32	7	1,808.726	51.736	1	0	0	0	0	0	1	1	0	0	1	4
2013/12/29-04:47:57	7	1,808.726	51.736	5	0	1	0	1	0	0	1	0	0	1	16
2013/12/29-23:06:36	6	1,804.284	75.806	11	0	0	2	1	0	1	1	0	0	1	18
2013/12/29-23:07:27	6	1,804.284	75.806	7	0	1	3	0	0	0	1	0	0	1	14
2013/12/29-23:08:00	6	1,804.284	75.806	13	0	0	3	1	0	0	1	1	0	0	20
2013/12/29-23:08:39	6	1,804.284	75.806	12	0	1	2	0	0	0	1	0	0	1	26
2013/12/29-23:09:29	6	1,804.284	75.806	12	0	0	2	0	0	0	1	1	0	0	31
2013/12/29-23:45:52	6	1,807.713	70.222	13	0	0	2	0	0	1	1	0	0	1	25
2013/12/29-23:47:07	6	1,807.713	70.222	4	0	1	0	0	0	0	1	0	0	1	7
2013/12/29-23:48:02	6	1,807.713	70.222	20	0	1	3	0	0	0	1	0	0	1	45
2013/12/29-23:49:21	6	1,807.713	70.222	9	0	0	3	0	0	1	1	0	0	1	22
2013/12/29-23:50:02	6	1,807.713	70.222	9	0	0	2	0	0	1	1	0	0	1	17
2013/12/30-00:03:56	11	1,766.521	65.617	8	0	1	0	0	0	0	1	0	0	1	11
2013/12/30-00:04:56	11	1,766.521	65.617	8	0	0	2	1	0	1	1	0	0	1	23
2013/12/30-00:05:37	11	1,766.521	65.617	8	0	0	2	0	0	1	1	0	0	1	21
2013/12/30-00:06:54	11	1,766.521	65.617	4	0	0	0	1	0	1	1	0	0	1	10
2013/12/30-00:08:13	11	1,766.521	65.617	21	0	1	2	0	0	0	1	0	0	1	43
2013/12/30-06:17:31	15	1,754.124	70.561	11	0	1	2	0	0	0	1	0	0	1	27
2013/12/30-06:18:44	15	1,754.124	70.561	5	0	0	2	0	0	1	1	0	0	1	13
2013/12/30-06:20:03	15	1,754.124	70.561	15	0	1	3	1	0	0	1	0	0	1	40
2013/12/30-06:21:03	15	1,754.124	70.561	24	0	0	2	0	0	0	1	0	0	1	60
2013/12/30-06:22:22	15	1,754.124	70.561	7	0	0	2	0	0	1	1	0	0	1	14
2013/12/30-06:23:27	15	1,754.124	70.561	20	0	0	2	1	0	1	1	0	0	1	29
2013/12/30-06:24:15	15	1,754.124	70.561	24	0	1	2	1	0	0	1	0	0	1	48
2013/12/30-06:25:22	15	1,754.124	70.561	9	0	1	2	0	0	0	1	0	0	1	25
2013/12/30-06:26:07	15	1,754.124	70.561	8	0	1	1	1	0	0	1	0	0	1	11
2013/12/30-06:26:45	15	1,754.124	70.561	17	0	0	3	1	0	1	1	0	0	1	37
2013/12/30-06:46:51	15	1,754.124	70.561	23	0	0	3	1	0	1	1	0	0	1	50
2013/12/30-06:48:00	15	1,754.124	70.561	22	0	0	3	1	0	1	1	0	0	1	39
2013/12/30-06:48:58	15	1,754.124	70.561	13	0	0	2	0	0	1	1	0	0	1	30
2013/12/30-06:50:17	15	1,754.124	70.561	6	0	1	0	0	0	0	1	0	0	1	13
2013/12/30-06:51:37	15	1,754.124	70.561	11	0	0	1	0	0	1	1	0	0	1	25
2013/12/30-16:14:51	20	1,732.908	74.956	9	0	1	2	0	0	0	1	0	0	1	15
2013/12/30-16:15:49	20	1,732.908	74.956	17	0	0	2	1	0	0	1	1	0	0	40
2013/12/30-16:16:48	20	1,732.908	74.956	12	0	0	2	1	0	1	1	0	0	1	30
2013/12/30-16:17:37	20	1,732.908	74.956	7	0	0	2	0	0	1	1	0	0	1	17
2013/12/30-16:18:39	20	1,732.908	74.956	15	0	0	2	0	0	1	1	0	0	1	26
2013/12/30-16:25:08	23	1,710.857	69.539	30	0	0	4	2	0	0	1	1	0	0	60
2013/12/30-16:26:27	23	1,710.857	69.539	11	0	0	2	3	0	0	1	1	0	0	24
2013/12/30-16:27:10	23	1,710.857	69.539	37	0	0	5	1	0	0	1	1	0	0	60
2013/12/30-16:28:29	23	1,710.857	69.539	16	0	0	1	1	0	0	1	1	0	0	28
2013/12/30-16:29:16	23	1,710.857	69.539	15	0	0	2	2	0	0	1	1	0	0	38
2013/12/30-16:48:52	23	1,710.857	69.539	18	0	0	2	0	0	1	1	0	0	1	43
2013/12/30-16:49:54	23	1,710.857	69.539	22	0	0	6	2	0	1	1	0	0	1	44
2013/12/30-16:50:57	23	1,710.857	69.539	19	0	1	5	1	0	0	1	0	0	1	48
2013/12/30-16:52:04	23	1,710.857	69.539	23	0	0	3	1	0	0	1	1	0	0	51
2013/12/30-16:53:14	23	1,710.857	69.539	27	0	0	3	0	0	0	1	1	0	0	48
2013/12/30-22:07:12	13	1,783.279	70.241	16	0	0	2	0	0	1	1	0	0	1	36
2013/12/30-22:08:07	13	1,783.279	70.241	7	0	1	1	0	0	0	1	0	0	1	16
2013/12/30-22:08:43	13	1,783.279	70.241	5	0	1	0	0	0	0	1	0	0	1	12
2013/12/30-22:10:02	13	1,783.279	70.241	8	0	1	2	0	0	0	1	0	0	1	16
2013/12/30-22:11:07	13	1,783.279	70.241	11	0	1	3	0	0	0	1	0	0	1	18
2013/12/31-09:32:55	15	1,751.99	80.047	4	0	0	0	1	0	0	1	1	0	0	13
2013/12/31-09:33:28	15	1,751.99	80.047	14	0	0	0	1	0	0	1	1	0	0	8
2013/12/31-09:33:54	15	1,751.99	80.047	11	0	0	3	1	0	0	1	1	0	0	22
2013/12/31-09:34:36	15	1,751.99	80.047	7	0	0	7	1	0	0	1	1	0	0	18
2013/12/31-09:35:13	15	1,751.99	80.047	18	0	0	4	1	0	0	1	1	0	0	36
2013/12/31-09:47:43	15	1,751.99	80.047	3	0	0	0	2	0	0	1	1	0	0	7
2013/12/31-09:48:08	15	1,751.99	80.047	19	0	0	2	0	0	1	1	0	0	1	36
2013/12/31-09:49:27	15	1,751.99	80.047	25	0	0	4	1	0	0	1	1	0	0	60
2013/12/31-09:50:46	15	1,751.99	80.047	9	0	0	0	1	0	0	1	1	0	0	16
2013/12/31-09:51:21	15	1,751.99	80.047	10	0	0	0	1	0	1	1	0	0	1	12
2013/12/31-10:09:19	12	1,781.198	71.949	9	0	1	0	0	0	0	1	0	0	1	33
2013/12/31-10:10:11	12	1,781.198	71.949	11	0	0	5	1	0	1	1	1	0	0	30
2013/12/31-10:11:00	12	1,781.198	71.949	10	0	0	0	1	0	1	1	0	0	1	4
2013/12/31-10:11:28	12	1,781.198	71.949	0	0	0	0	0	0	0	1	1	0	0	8
2013/12/31-10:11:55	12	1,781.198	71.949	7	0	1	0	0	0	0	1	0	0	1	16
2013/12/31-13:26:12	13	1,779.081	72.725	9	0	0	4	0	0	0	1	1	0	0	32
2013/12/31-13:27:03	13	1,779.081	72.725	7	0	0	0	1	0	0	1	1	0	0	17
2013/12/31-13:27:38	13	1,779.081	72.725	14	0	0	0	1	0	0	1	1	0	0	51
2013/12/31-13:28:48	13	1,779.081	72.725	18	0	0	4	1	0	0	1	1	0	0	38
2013/12/31-13:29:45	13	1,779.081	72.725	2	0	1	0	0	0	0	1	0	0	1	7
2013/12/31-13:49:33	11	1,783.913	69.837	1	0	1	0	0	0	0	1	0	0	1	5
2013/12/31-13:49:57	11	1,783.913	69.837	4	0	0	0	0	0	1	1	0	0	1	19
2013/12/31-13:50:45	11	1,783.913	69.837	7	0	0	10	2	0	1	1	1	0	0	16
2013/12/31-13:51:20	11	1,783.913	69.837	8	0	0	0	2	0	0	1	1	0	0	20
2013/12/31-13:51:58	11	1,783.913	69.837	8	0	0	0	0	0	1	1	0	0	1	19
2013/12/31-14:06:03	11	1,783.913	69.837	8	0	0	9	0	0	1	1	0	0	1	27
2013/12/31-14:07:23	11	1,783.913	69.837	22	0	0	3	1	0	1	1	0	0	1	44
2013/12/31-14:08:26	11	1,783.913	69.837	8	0	0	0	1	0	0	1	1	0	0	24
2013/12/31-14:09:09	11	1,783.913	69.837	12	0	0	0	2	0	1	1	0	0	1	17
2013/12/31-14:09:45	11	1,783.913	69.837	18	0	0	0	0	0	0	1	1	0	0	42
2013/12/31-17:43:08	12	1,776.48	68.736	14	0	0	4	1	0	0	1	1	0	0	29
2013/12/31-17:43:56	12	1,776.48	68.736	1	0	1	0	0	0	0	1	0	0	1	9
2013/12/31-17:44:40	12	1,776.48	68.736	4	0	0	0	2	0	1	1	1	0	0	8
2013/12/31-17:45:07	12	1,776.48	68.736	1	0	0	0	0	0	1	1	0	0	1	3
2013/12/31-17:45:34	12	1,776.48	68.736	9	0	0	0	1	0	1	1	0	0	1	4
2013/12/31-18:07:43	17	1,741.63	65.881	26	0	0	2	0	0	1	1	0	0	1	53
2013/12/31-18:08:55	17	1,741.63	65.881	5	0	1	1	0	0	0	1	0	0	1	17
2013/12/31-18:09:47	17	1,741.63	65.881	7	0	1	8	0	0	0	1	0	0	1	21
2013/12/31-18:10:45	17	1,741.63	65.881	8	0	0	0	2	0	0	1	1	0	0	7
2013/12/31-18:11:11	17	1,741.63	65.881	5	0	1	0	0	0	0	1	0	0	1	11
2013/12/31-18:17:35	17	1,741.63	65.881	20	0	0	2	0	0	1	1	0	0	1	39
2013/12/31-18:18:33	17	1,741.63	65.881	2	0	0	0	1	0	0	1	1	0	0	6
2013/12/31-18:18:58	17	1,741.63	65.881	11	0	0	0	2	0	0	1	1	0	0	24
2013/12/31-18:19:42	17	1,741.63	65.881	9	0	0	0	2	0	0	1	1	0	0	8
2013/12/31-18:20:08	17	1,741.63	65.881	4	0	0	1	1	0	1	1	0	0	1	15
2013/12/31-22:35:40	16	1,726.609	67.949	10	0	0	0	3	0	0	1	1	0	0	13
2013/12/31-22:36:12	16	1,726.609	67.949	15	0	0	3	1	0	1	1	0	0	1	32
2013/12/31-22:37:02	16	1,726.609	67.949	1	0	0	0	0	0	1	1	0	0	1	3
2013/12/31-22:37:43	16	1,726.609	67.949	11	0	0	0	2	0	0	1	1	0	0	26
2013/12/31-22:38:28	16	1,726.609	67.949	6	0	0	4	1	0	0	1	1	0	0	19
2013/12/31-22:59:57	16	1,735.063	64.637	1	0	1	0	0	0	0	1	0	0	1	6
2013/12/31-23:00:21	16	1,735.063	64.637	1	0	0	0	0	0	1	1	0	0	1	4
2013/12/31-23:00:54	16	1,735.063	64.637	7	0	0	0	0	0	1	1	0	0	1	19
2013/12/31-23:01:32	16	1,735.063	64.637	15	0	0	0	0	0	0	1	1	0	0	24
2013/12/31-23:02:16	16	1,735.063	64.637	7	0	1	0	0	0	0	1	0	0	1	22
2013/12/31-23:15:31	16	1,735.063	64.637	7	0	1	0	0	0	0	1	0	0	1	22
2013/12/31-23:16:13	16	1,735.063	64.637	20	0	0	5	0	0	0	1	1	0	0	60
2013/12/31-23:17:32	16	1,735.063	64.637	14	0	0	0	1	0	1	1	0	0	1	14
2013/12/31-23:18:04	16	1,735.063	64.637	2	0	0	0	0	0	1	1	0	0	1	7
2013/12/31-23:18:47	16	1,735.063	64.637	2	0	1	0	0	0	0	1	0	0	1	10
2014/01/01-02:56:57	18	1,725.187	65.727	6	0	0	2	0	0	0	1	1	0	0	14
2014/01/01-02:57:30	18	1,725.187	65.727	3	0	0	0	0	0	0	1	1	0	0	9
2014/01/01-02:57:58	18	1,725.187	65.727	4	0	0	6	1	0	0	1	1	0	0	10
2014/01/01-02:58:27	18	1,725.187	65.727	5	0	0	0	1	0	0	1	1	0	0	19
2014/01/01-02:59:05	18	1,725.187	65.727	4	0	0	0	0	0	0	1	1	0	0	23
2014/01/01-03:11:16	18	1,725.187	65.727	30	0	0	3	0	0	1	1	0	0	1	55
2014/01/01-03:12:35	18	1,725.187	65.727	2	0	0	0	0	0	1	1	0	0	1	12
2014/01/01-03:13:07	18	1,725.187	65.727	9	0	0	0	0	0	1	1	0	0	1	16
2014/01/01-03:14:26	18	1,725.187	65.727	13	0	0	2	1	0	1	1	0	0	1	24
2014/01/01-03:15:36	18	1,725.187	65.727	11	0	0	0	1	0	0	1	1	0	0	38
2014/01/01-03:22:35	18	1,725.187	65.727	13	0	0	0	0	0	0	1	1	0	0	58
2014/01/01-03:23:51	18	1,725.187	65.727	6	0	0	0	3	0	0	1	1	0	0	18
2014/01/01-03:24:29	18	1,725.187	65.727	3	0	0	4	1	0	0	1	1	0	0	11
2014/01/01-03:24:59	18	1,725.187	65.727	15	0	0	2	1	0	1	1	0	0	1	32
2014/01/01-03:25:50	15	1,740.601	59.263	17	0	0	4	0	0	1	1	0	0	1	45
2014/01/01-06:49:59	18	1,734.369	64.883	15	0	0	2	1	0	0	1	1	0	0	38
2014/01/01-06:50:56	18	1,734.369	64.883	4	0	1	0	0	0	0	1	0	0	1	19
2014/01/01-06:51:34	18	1,734.369	64.883	11	0	0	4	1	0	0	1	1	0	0	27
2014/01/01-06:52:19	18	1,734.369	64.883	3	0	0	0	2	0	0	1	1	0	0	9
2014/01/01-06:52:48	18	1,734.369	64.883	0	0	1	0	0	0	0	1	0	0	1	10
2014/01/01-07:14:20	18	1,734.369	64.883	5	0	1	0	1	0	0	1	1	0	0	37
2014/01/01-07:15:16	18	1,734.369	64.883	6	0	0	7	1	0	0	1	1	0	0	19
2014/01/01-07:15:54	18	1,734.369	64.883	17	0	0	2	2	0	0	1	1	0	0	33
2014/01/01-07:16:46	18	1,734.369	64.883	2	0	0	0	2	0	0	1	1	0	0	10
2014/01/01-07:17:15	18	1,734.369	64.883	12	0	0	4	2	0	1	1	1	0	0	29
2014/01/01-07:29:44	9	1,769.899	60.072	20	0	0	2	0	0	0	1	1	0	0	51
2014/01/01-07:30:54	9	1,769.899	60.072	6	0	1	0	0	0	0	1	0	0	1	11
2014/01/01-07:31:31	9	1,769.899	60.072	6	0	1	0	0	0	0	1	0	0	1	22
2014/01/01-07:32:49	9	1,769.899	60.072	3	0	0	0	0	0	1	1	0	0	1	16
2014/01/01-07:34:08	9	1,769.899	60.072	6	0	0	0	2	0	0	1	1	0	0	21
2014/01/01-10:50:59	9	1,763.266	63.392	1	0	0	0	1	0	0	1	1	0	0	6
2014/01/01-10:51:25	9	1,763.266	63.392	8	0	0	2	1	0	0	1	1	0	0	16
2014/01/01-10:51:59	9	1,763.266	63.392	14	0	0	0	2	0	0	1	1	0	0	28
2014/01/01-10:52:46	9	1,763.266	63.392	7	0	0	0	1	0	0	1	1	0	0	20
2014/01/01-10:53:25	9	1,763.266	63.392	9	0	0	0	0	0	1	1	0	0	1	17
2014/01/01-11:09:55	9	1,776.096	61.308	15	0	0	4	1	0	0	1	1	0	0	45
2014/01/01-11:11:00	9	1,776.096	61.308	15	0	0	10	2	0	0	1	1	0	0	41
2014/01/01-11:12:00	9	1,776.096	61.308	3	0	1	0	0	0	0	1	0	0	1	22
2014/01/01-11:12:44	9	1,776.096	61.308	19	0	0	0	1	0	0	1	1	0	0	43
2014/01/01-11:13:46	9	1,776.096	61.308	28	0	0	4	1	0	0	1	1	0	0	60
2014/01/01-11:30:46	9	1,776.096	61.308	2	0	0	0	0	0	0	1	1	0	0	6
2014/01/01-11:31:11	9	1,776.096	61.308	11	0	0	0	1	0	1	1	0	0	1	15
2014/01/01-11:31:45	9	1,776.096	61.308	14	0	0	2	0	0	0	1	1	0	0	34
2014/01/01-11:32:38	9	1,776.096	61.308	9	0	0	5	0	0	0	1	1	0	0	42
2014/01/01-11:33:40	9	1,776.096	61.308	6	0	1	0	0	0	0	1	0	0	1	12
2014/01/01-15:03:54	4	1,800.241	62.751	5	0	1	0	0	0	0	1	0	0	1	7
2014/01/01-15:04:21	4	1,800.241	62.751	1	0	0	0	0	0	1	1	0	0	1	3
2014/01/01-15:04:47	4	1,800.241	62.751	16	0	0	0	0	0	0	1	1	0	0	47
2014/01/01-15:05:53	4	1,800.241	62.751	2	0	0	0	0	0	1	1	0	0	1	9
2014/01/01-15:06:30	4	1,800.241	62.751	7	0	0	9	1	0	0	1	1	0	0	17
2014/01/01-19:02:10	8	1,765.78	60.568	2	0	1	1	0	0	0	1	0	0	1	13
2014/01/01-19:02:40	8	1,765.78	60.568	2	0	0	1	1	0	1	1	0	0	1	8
2014/01/01-19:02:58	9	1,757.009	59.391	2	0	0	1	0	0	0	1	1	0	0	7
2014/01/01-23:37:22	7	1,765.78	65.461	10	0	0	0	1	0	1	1	0	0	1	8
2014/01/01-23:37:49	7	1,765.78	65.461	1	0	1	0	0	0	0	1	0	0	1	12
2014/01/01-23:38:23	7	1,765.78	65.461	4	0	1	0	0	0	0	1	0	0	1	20
2014/01/01-23:39:40	7	1,765.78	65.461	13	0	0	0	2	0	0	1	1	0	0	34
2014/01/01-23:40:33	7	1,765.78	65.461	13	0	0	4	2	0	0	1	1	0	0	26
2014/01/01-23:58:37	8	1,762.391	62.144	1	0	0	0	0	0	1	1	0	0	1	12
2014/01/01-23:59:09	8	1,762.391	62.144	4	0	1	0	0	0	0	1	0	0	1	12
2014/01/01-23:59:53	8	1,762.391	62.144	1	0	0	0	1	0	1	1	0	0	1	4
2014/01/02-00:00:18	8	1,762.391	62.144	3	0	0	0	0	0	1	1	0	0	1	17
2014/01/02-00:01:37	8	1,762.391	62.144	8	0	1	4	0	0	0	1	0	0	1	35
2014/01/02-00:17:55	8	1,762.391	62.144	15	0	0	1	0	0	1	1	0	0	1	29
2014/01/02-00:19:14	8	1,762.391	62.144	16	0	0	0	2	0	0	1	1	0	0	27
2014/01/02-00:20:00	8	1,762.391	62.144	7	0	0	0	0	0	0	1	1	0	0	26
2014/01/02-00:20:45	8	1,762.391	62.144	11	0	0	0	0	0	0	1	1	0	0	42
2014/01/02-00:21:46	8	1,762.391	62.144	14	0	1	0	0	0	0	1	0	0	1	19
2014/01/02-03:53:10	7	1,776.053	62.915	26	0	0	0	1	0	1	1	0	0	1	18
2014/01/02-03:53:47	8	1,773.953	62.686	5	0	0	0	1	0	0	1	1	0	0	16
2014/01/02-03:54:23	8	1,773.953	62.686	5	0	0	0	2	0	0	1	1	0	0	16
2014/01/02-03:54:57	8	1,773.953	62.686	3	0	0	0	0	0	0	1	1	0	0	16
2014/01/02-03:55:32	8	1,773.953	62.686	14	0	1	3	1	0	0	1	0	0	1	42
2014/01/02-04:11:29	8	1,773.953	62.686	10	0	1	2	0	0	0	1	0	0	1	18
2014/01/02-04:12:48	8	1,773.953	62.686	10	0	0	0	2	0	0	1	1	0	0	22
2014/01/02-04:13:29	8	1,773.953	62.686	18	0	1	4	0	0	0	1	0	0	1	36
2014/01/02-04:14:23	8	1,773.953	62.686	2	0	0	0	0	0	1	1	0	0	1	3
2014/01/02-04:14:55	8	1,773.953	62.686	1	0	1	0	0	0	0	1	0	0	1	3
2014/01/02-04:29:05	8	1,773.953	62.686	2	0	1	0	0	0	0	1	0	0	1	4
2014/01/02-04:30:24	8	1,773.953	62.686	3	0	0	0	0	0	1	1	0	0	1	3
2014/01/02-04:31:43	9	1,756.126	57.19	1	0	0	0	0	0	1	1	0	0	1	5
2014/01/02-04:32:07	9	1,756.126	57.19	3	0	1	0	1	0	0	1	0	0	1	9
2014/01/02-04:32:47	9	1,756.126	57.19	15	0	0	5	0	0	0	1	1	0	0	39
2014/01/02-09:41:24	9	1,763.525	63.262	5	0	0	2	2	0	0	1	1	0	0	16
2014/01/02-09:41:59	9	1,763.525	63.262	2	0	0	0	1	0	0	1	1	0	0	7
2014/01/02-09:42:25	9	1,763.525	63.262	29	0	0	4	1	0	0	1	1	0	0	60
2014/01/02-09:43:44	9	1,763.525	63.262	11	0	0	0	0	0	0	1	1	0	0	36
2014/01/02-09:44:38	9	1,763.525	63.262	1	0	0	0	0	0	1	1	0	0	1	7
2014/01/02-10:05:47	6	1,784.087	60.679	6	0	1	0	0	0	0	1	0	0	1	13
2014/01/02-10:06:19	6	1,784.087	60.679	18	0	0	7	1	0	0	1	1	0	0	45
2014/01/02-10:07:23	6	1,784.087	60.679	3	0	0	0	1	0	1	1	0	0	1	17
2014/01/02-10:07:59	6	1,784.087	60.679	8	0	0	0	0	0	1	1	0	0	1	7
2014/01/02-10:08:55	6	1,784.087	60.679	4	0	0	9	1	0	0	1	1	0	0	14
2014/01/02-10:22:00	6	1,784.087	60.679	3	0	1	0	0	0	0	1	0	0	1	9
2014/01/02-10:23:17	6	1,784.087	60.679	19	0	0	0	2	0	0	1	1	0	0	30
2014/01/02-10:24:06	6	1,784.087	60.679	1	0	1	0	0	0	0	1	0	0	1	7
2014/01/02-10:24:32	6	1,784.087	60.679	22	0	0	2	2	0	0	1	1	0	0	39
2014/01/02-10:25:30	6	1,784.087	60.679	10	0	0	0	0	0	1	1	0	0	1	12
2014/01/02-13:49:26	7	1,779.318	62.236	13	0	0	4	2	0	0	1	1	0	0	32
2014/01/02-13:50:17	7	1,779.318	62.236	3	0	1	0	0	0	0	1	0	0	1	10
2014/01/02-13:51:32	7	1,778.071	61.188	1	0	0	0	0	0	0	1	1	0	0	11
2014/01/02-13:52:02	7	1,778.071	61.188	15	0	0	0	1	0	0	1	1	0	0	29
2014/01/02-13:52:50	7	1,778.071	61.188	18	0	0	0	2	0	0	1	1	0	0	23
2014/01/02-14:18:56	7	1,778.071	61.188	8	0	1	0	0	0	0	1	0	0	1	17
2014/01/02-14:19:44	7	1,778.071	61.188	8	0	0	4	1	0	0	1	1	0	0	27
2014/01/02-14:20:30	7	1,778.071	61.188	10	0	0	0	2	0	0	1	1	0	0	36
2014/01/02-14:21:24	7	1,778.071	61.188	5	0	0	2	3	0	0	1	1	0	0	14
2014/01/02-14:21:58	7	1,778.071	61.188	11	0	1	0	0	0	0	1	0	0	1	8
2014/01/02-14:36:54	4	1,801.098	56.931	7	0	0	0	0	0	1	1	0	0	1	15
2014/01/02-14:38:13	4	1,801.098	56.931	5	0	0	2	0	0	1	1	0	0	1	12
2014/01/02-14:39:32	4	1,801.098	56.931	5	0	0	0	1	0	0	1	1	0	0	20
2014/01/02-14:40:11	4	1,801.098	56.931	14	0	0	10	3	0	0	1	1	0	0	32
2014/01/02-14:41:02	4	1,801.098	56.931	11	0	0	0	1	0	0	1	1	0	0	20
2014/01/02-17:55:06	3	1,807.967	60.901	7	0	0	0	0	0	1	1	0	0	1	11
2014/01/02-17:55:45	3	1,807.967	60.901	16	0	0	4	0	0	1	1	0	0	1	42
2014/01/02-17:56:47	3	1,807.967	60.901	11	0	0	0	1	0	0	1	1	0	0	44
2014/01/02-17:57:49	3	1,807.967	60.901	7	0	0	7	1	0	1	1	0	0	1	20
2014/01/02-17:58:28	3	1,807.967	60.901	3	0	1	0	0	0	0	1	0	0	1	16
2014/01/02-18:17:17	3	1,807.967	60.901	2	0	0	0	0	0	0	1	1	0	0	6
2014/01/02-18:17:42	3	1,807.967	60.901	3	0	1	0	0	0	0	1	0	0	1	13
2014/01/02-18:18:28	3	1,807.967	60.901	22	0	0	6	1	0	0	1	1	0	0	60
2014/01/02-18:19:47	3	1,807.967	60.901	12	0	0	0	0	0	0	1	1	0	0	26
2014/01/02-18:20:32	3	1,807.967	60.901	4	0	0	0	0	0	1	1	0	0	1	30
2014/01/02-18:41:28	3	1,808.968	56.299	17	0	0	0	0	0	0	1	1	0	0	42
2014/01/02-18:42:29	3	1,808.968	56.299	1	0	0	0	0	0	1	1	0	0	1	4
2014/01/02-18:44:30	3	1,808.968	56.299	2	0	0	2	0	0	0	1	1	0	0	6
2014/01/02-18:44:52	3	1,808.968	56.299	1	0	1	0	0	0	0	1	0	0	1	4
2014/01/02-18:45:55	3	1,808.968	56.299	5	0	1	0	0	0	0	1	0	0	1	16
2014/01/03-02:10:24	3	1,810.97	62.77	15	0	0	2	0	0	0	1	1	0	0	30
2014/01/03-02:11:14	3	1,810.97	62.77	27	0	1	4	2	0	0	1	0	0	1	52
2014/01/03-02:12:25	3	1,810.97	62.77	3	0	0	0	1	0	0	1	1	0	0	19
2014/01/03-02:13:03	3	1,810.97	62.77	14	0	0	0	1	0	0	1	1	0	0	32
2014/01/03-02:13:54	3	1,810.97	62.77	22	0	0	7	1	0	0	1	1	0	0	41
2014/01/03-02:39:34	3	1,810.97	62.77	13	0	0	4	2	0	0	1	1	0	0	39
2014/01/03-02:40:32	3	1,810.97	62.77	4	0	0	0	0	0	0	1	1	0	0	12
2014/01/03-02:41:04	3	1,810.97	62.77	12	0	0	2	0	0	1	1	0	0	1	25
2014/01/03-02:42:23	3	1,810.97	62.77	1	0	1	0	0	0	0	1	0	0	1	11
2014/01/03-02:42:56	3	1,810.97	62.77	8	0	0	0	0	0	1	1	0	0	1	11
2014/01/03-02:54:58	3	1,830.072	57.783	4	0	1	0	0	0	0	1	0	0	1	12
2014/01/03-02:56:10	3	1,830.072	57.783	3	0	0	0	0	0	1	1	0	0	1	3
2014/01/03-02:57:11	3	1,830.072	57.783	19	0	0	3	1	0	1	1	0	0	1	44
2014/01/03-02:58:13	3	1,830.072	57.783	14	0	0	1	0	0	0	1	1	0	0	38
2014/01/03-02:59:10	3	1,830.072	57.783	2	0	1	0	0	0	0	1	0	0	1	6
2014/01/03-06:25:01	3	1,819.453	61.526	9	0	0	0	2	0	0	1	1	0	0	32
2014/01/03-06:25:52	3	1,819.453	61.526	19	0	0	2	2	0	0	1	1	0	0	47
2014/01/03-06:26:58	3	1,819.453	61.526	8	0	0	7	1	0	0	1	1	0	0	22
2014/01/03-06:27:39	3	1,819.453	61.526	19	0	0	0	1	0	0	1	1	0	0	30
2014/01/03-06:28:28	3	1,819.453	61.526	12	0	0	3	1	0	0	1	1	0	0	25
2014/01/03-06:52:50	2	1,842.972	59.222	3	0	1	0	0	0	0	1	0	0	1	13
2014/01/03-06:53:38	2	1,842.972	59.222	9	0	1	0	1	0	0	1	0	0	1	12
2014/01/03-06:54:36	2	1,842.972	59.222	1	0	0	0	0	0	0	1	1	0	0	6
2014/01/03-06:55:00	2	1,842.972	59.222	1	0	1	0	0	0	0	1	0	0	1	7
2014/01/03-06:55:26	2	1,842.972	59.222	6	0	0	0	1	0	1	1	0	0	1	12
2014/01/03-07:06:46	2	1,842.972	59.222	1	0	0	0	0	0	1	1	0	0	1	8
2014/01/03-07:07:23	2	1,842.972	59.222	1	0	0	0	0	0	1	1	0	0	1	3
2014/01/03-07:08:42	2	1,842.972	59.222	11	0	0	0	1	0	1	1	0	0	1	18
2014/01/03-07:09:38	2	1,842.972	59.222	6	0	0	4	2	0	1	1	0	0	1	19
2014/01/03-07:10:16	2	1,842.972	59.222	4	0	0	0	1	0	1	1	0	0	1	9
2014/01/03-13:32:22	4	1,805.568	58.685	2	0	1	1	1	0	0	1	0	0	1	8
2014/01/03-13:32:51	4	1,805.568	58.685	2	0	1	1	1	0	0	1	0	0	1	8
2014/01/03-13:33:23	4	1,805.568	58.685	2	0	1	1	1	0	0	1	0	0	1	8
2014/01/03-13:33:55	4	1,805.568	58.685	2	0	1	1	0	0	0	1	0	0	1	8
2014/01/03-13:34:27	4	1,805.568	58.685	2	0	1	1	1	0	0	1	0	0	1	8
2014/01/03-13:35:11	4	1,805.568	58.685	3	0	1	2	0	0	0	1	0	0	1	11
2014/01/03-13:36:24	4	1,805.568	58.685	1	0	1	1	0	0	0	1	0	0	1	7
2014/01/03-13:38:59	4	1,805.568	58.685	2	0	1	1	0	0	0	1	0	0	1	7
2014/01/03-14:01:49	4	1,805.568	58.685	12	0	0	0	1	0	0	1	1	0	0	28
2014/01/03-14:02:44	4	1,805.568	58.685	9	0	0	0	0	0	0	1	1	0	0	20
2014/01/03-14:03:29	4	1,805.568	58.685	4	0	0	0	0	0	1	1	0	0	1	8
2014/01/03-14:04:06	4	1,805.568	58.685	11	0	0	0	0	0	0	1	1	0	0	22
2014/01/03-14:04:53	4	1,805.568	58.685	5	0	1	0	0	0	0	1	0	0	1	10
2014/01/03-15:44:12	13	1,738.065	55.591	25	0	0	2	1	0	1	1	0	0	1	58
2014/01/03-15:45:32	13	1,738.065	55.591	1	0	1	0	0	0	0	1	0	0	1	7
2014/01/03-15:46:57	13	1,738.065	55.591	1	0	0	0	0	0	1	1	0	0	1	4
2014/01/03-15:47:26	13	1,738.065	55.591	18	0	1	2	0	0	0	1	0	0	1	38
2014/01/03-15:48:51	13	1,738.065	55.591	2	0	0	0	0	0	1	1	0	0	1	6
2014/01/03-15:49:31	13	1,738.065	55.591	3	0	0	0	0	0	1	1	0	0	1	8
2014/01/04-10:25:55	13	1,738.065	55.591	1	0	0	0	0	0	1	1	0	0	1	6
2014/01/04-10:26:22	13	1,738.065	55.591	1	0	0	0	0	0	1	1	0	0	1	3
2014/01/04-10:26:51	13	1,738.065	55.591	0	0	1	0	0	0	0	1	0	0	1	7
2014/01/04-10:27:26	13	1,738.065	55.591	7	0	1	0	1	0	0	1	0	0	1	29
2014/01/04-10:28:13	13	1,738.065	55.591	9	0	0	2	0	0	1	1	0	0	1	29
2014/01/04-10:39:49	13	1,738.065	55.591	15	0	0	0	1	0	0	1	1	0	0	24
2014/01/04-10:40:32	13	1,736.278	51.239	11	0	0	3	0	0	1	1	0	0	1	29
2014/01/04-10:41:51	13	1,736.278	51.239	1	0	1	0	1	0	0	1	0	0	1	6
2014/01/04-10:43:10	13	1,736.278	51.239	2	0	0	0	1	0	0	1	1	0	0	9
2014/01/04-10:43:38	13	1,736.278	51.239	25	0	0	4	1	0	0	1	1	0	0	60
2014/01/04-11:04:46	13	1,736.278	51.239	1	0	1	0	0	0	0	1	0	0	1	6
2014/01/04-11:05:43	13	1,736.278	51.239	13	0	0	0	3	0	0	1	1	0	0	39
2014/01/04-11:06:41	13	1,736.278	51.239	0	0	1	0	0	0	0	1	0	0	1	8
2014/01/04-11:07:10	13	1,736.278	51.239	22	0	0	2	1	0	0	1	1	0	0	52
2014/01/04-11:08:21	13	1,736.278	51.239	3	0	0	0	0	0	1	1	0	0	1	10
2014/01/04-16:31:52	14	1,739.886	60.48	16	0	0	2	0	0	1	1	0	0	1	30
2014/01/04-16:32:41	14	1,739.886	60.48	1	0	0	0	0	0	1	1	0	0	1	3
2014/01/04-16:34:00	14	1,739.886	60.48	3	0	1	0	0	0	0	1	0	0	1	10
2014/01/04-16:34:29	14	1,739.886	60.48	2	0	0	0	0	0	1	1	0	0	1	13
2014/01/04-16:35:01	14	1,739.886	60.48	3	0	0	0	0	0	1	1	0	0	1	8
2014/01/04-16:54:41	13	1,744.104	57.609	2	0	0	0	1	0	1	1	0	0	1	19
2014/01/04-16:55:18	13	1,744.104	57.609	5	0	0	0	0	0	1	1	0	0	1	12
2014/01/04-16:56:37	13	1,744.104	57.609	4	0	1	0	0	0	0	1	0	0	1	13
2014/01/04-16:57:56	13	1,744.104	57.609	14	0	0	1	0	0	1	1	0	0	1	29
2014/01/04-16:58:56	13	1,744.104	57.609	2	0	0	0	0	0	1	1	0	0	1	6
2014/01/04-17:10:27	13	1,744.104	57.609	1	0	0	0	0	0	1	1	0	0	1	6
2014/01/04-17:10:56	13	1,744.104	57.609	1	0	0	0	0	0	1	1	0	0	1	4
2014/01/04-17:11:52	13	1,744.104	57.609	10	0	1	0	0	0	0	1	0	0	1	32
2014/01/04-17:12:43	13	1,744.104	57.609	3	0	0	0	0	0	1	1	0	0	1	4
2014/01/04-17:13:50	13	1,744.104	57.609	2	0	1	0	0	0	0	1	0	0	1	7
2014/01/05-16:30:08	20	1,711.016	78.754	8	0	0	2	0	0	1	1	0	0	1	20
2014/01/05-16:30:47	20	1,711.016	78.754	13	0	0	5	1	0	0	1	1	0	0	23
2014/01/05-16:31:29	20	1,711.016	78.754	21	0	0	5	1	0	0	1	1	0	0	39
2014/01/05-16:32:27	20	1,711.016	78.754	21	0	0	2	2	0	0	1	1	0	0	43
2014/01/05-16:33:29	20	1,711.016	78.754	13	0	0	4	0	0	0	1	1	0	0	60
2014/01/05-17:01:39	16	1,743.84	73.498	7	0	1	2	0	0	0	1	0	0	1	15
2014/01/05-17:02:58	16	1,743.84	73.498	21	0	0	2	0	0	1	1	0	0	1	33
2014/01/05-17:04:17	16	1,743.84	73.498	25	0	0	3	1	0	1	1	0	0	1	52
2014/01/05-17:05:29	16	1,743.84	73.498	12	0	0	2	1	0	0	1	1	0	0	40
2014/01/05-17:06:28	16	1,743.84	73.498	13	0	0	2	0	0	1	1	0	0	1	28
2014/01/05-17:18:11	16	1,743.84	73.498	21	0	0	4	1	0	1	1	0	0	1	48
2014/01/05-17:19:26	16	1,743.84	73.498	1	0	0	0	0	0	1	1	0	0	1	4
2014/01/05-17:20:28	16	1,743.84	73.498	8	0	0	2	0	0	1	1	0	0	1	13
2014/01/05-17:21:49	16	1,743.84	73.498	8	0	1	2	0	0	0	1	0	0	1	16
2014/01/05-17:23:10	16	1,743.84	73.498	12	0	0	2	1	0	0	1	1	0	0	26
2014/01/05-21:28:59	33	1,661.619	71.132	3	0	0	0	0	0	1	1	0	0	1	7
2014/01/05-21:29:57	33	1,661.619	71.132	15	0	0	2	0	0	0	1	1	0	0	29
2014/01/05-21:30:45	33	1,661.619	71.132	10	0	0	2	0	0	0	1	1	0	0	25
2014/01/05-21:31:29	33	1,661.619	71.132	21	0	0	3	1	0	0	1	1	0	0	39
2014/01/05-21:32:26	33	1,661.619	71.132	7	0	0	1	0	0	1	1	0	0	1	13
2014/01/05-21:58:08	29	1,673.18	66.884	22	0	0	3	1	0	1	1	0	0	1	39
2014/01/05-21:59:14	29	1,673.18	66.884	32	0	0	2	0	0	0	1	1	0	0	60
2014/01/05-22:00:33	29	1,673.18	66.884	17	0	0	3	0	0	1	1	0	0	1	27
2014/01/05-22:01:30	29	1,673.18	66.884	13	0	0	3	2	0	0	1	1	0	0	24
2014/01/05-22:02:13	29	1,673.18	66.884	23	0	0	5	1	0	1	1	0	0	1	47
2014/01/05-22:17:47	29	1,673.18	66.884	37	0	0	2	0	0	0	1	1	0	0	60
2014/01/05-22:19:06	29	1,673.18	66.884	8	0	0	2	0	0	1	1	0	0	1	16
2014/01/05-22:20:25	29	1,673.18	66.884	2	0	0	0	0	0	1	1	0	0	1	5
2014/01/05-22:21:44	29	1,673.18	66.884	14	0	1	4	0	0	0	1	0	0	1	34
2014/01/05-22:22:49	29	1,673.18	66.884	28	0	0	3	2	0	0	1	1	0	0	45
